100 0 13
745118 370463
687534 618566
538175 551946
720756 499737
536724 584602
489759 578108
532830 500351
325961 435950
775585 383108
576686 538789
715804 354520
499284 612150
548152 615688
797799 351388
693301 646311
628861 783353
823747 395038
735358 342898
759958 419178
662736 391928
352735 651314
747540 474396
562018 529418
598907 554844
623751 719013
406638 549478
531605 883792
804524 411608
613211 760047
592619 645449
706266 441002
750493 489431
591568 560270
604749 724876
771065 448577
521572 710732
456455 525692
686411 869486
291298 494439
470120 612187
604763 623558
747974 453535
478944 490979
496675 591177
586215 555529
372246 286165
815688 397813
559806 730234
727246 363636
320216 726308
748301 423636
670989 396301
754168 607660
730090 311881
596753 796118
709095 424309
753271 342849
575907 890228
338553 569827
575424 830625
823879 435279
519646 537035
747967 472315
743112 453550
542020 579835
641869 763487
750216 405900
513488 608896
631966 893535
793698 437766
704419 458370
778321 404571
440623 670906
688072 644433
517240 858609
530845 876006
592964 629413
344205 666413
675442 682441
270003 627091
243840 547103
707979 290959
463661 602073
731103 378983
361690 431793
555262 589949
717931 465844
516251 610807
763209 458357
325438 411229
736795 468046
683422 603237
670190 691153
722825 465254
774961 454834
521296 730488
780390 436424
676844 368848
638361 583151
674496 402403
466891 586151
467761 216160
520487 356160
349849 556360
347024 470984
229678 676336
214789 302676
381829 596076
478619 594999
431711 836989
367245 625688
388440 547776
274247 710129
