100 0 19
152904 618744
425994 658312
459007 388632
181092 273098
299123 611428
546051 603087
796538 334366
789671 230543
202661 255776
444638 330957
734025 374398
379938 527277
179806 602152
269291 608980
162151 595526
244257 605546
817947 301537
461133 620355
830318 339948
523559 578521
782808 285857
141417 340961
692459 387820
452696 609347
200168 139195
444931 608329
530791 181549
581509 626350
196521 562633
336707 379983
712309 304099
250757 687531
240513 649373
427396 461258
370585 497072
541013 345801
511743 688233
199575 638449
808409 324649
413427 609438
155601 652877
393653 531841
469484 378585
93869 288423
218113 541398
186349 189173
462063 671441
272646 538417
201855 647488
265341 623493
769793 330715
608967 321688
202883 584791
206788 622158
115851 584933
54318 41380
449736 324602
662568 380632
452461 299312
349793 648678
588580 635967
57225 128178
626583 409111
237124 692851
526077 687860
574934 653813
710637 177315
686290 148285
62829 186073
541015 325177
608350 355623
194017 335990
785515 283440
515244 328074
119128 226356
620899 562231
483311 436636
529083 275193
256087 615993
332468 647337
231514 204144
608205 617887
453236 703311
555368 363443
282121 514902
76642 581268
349851 546287
384253 703465
671347 262930
567055 577596
762159 259826
240647 327088
710624 207432
371520 662223
252011 296234
701587 367772
594296 670963
581937 323926
633412 90214
214751 209273
714516 886082
676559 646559
664709 575072
615067 606075
663706 304420
645298 198801
687864 116482
643021 188397
720378 571027
396090 651350
592571 712567
726536 523107
701515 519511
441424 701908
422038 745224
695518 513229
648738 264129
661575 391589
556344 224017
