100 0 12
604911 417843
326511 437160
272060 817080
565933 455250
661001 552050
358355 523134
292637 856797
408299 377470
397888 754684
636857 460721
379505 831836
566811 639613
704344 709295
392502 745949
638382 530723
597380 483111
583263 565629
572259 482677
568145 500526
631219 643091
568124 402153
530362 278367
579899 345991
503931 655607
637009 577585
639448 680998
549367 605100
577222 633806
347577 833118
657699 616958
716041 733626
616611 565603
289488 494360
432201 763089
494758 288921
405779 677451
338587 512062
692946 615004
483410 227742
622933 535862
634419 623847
576407 574287
582817 459085
502493 375668
740053 662054
487278 587523
390151 295473
361441 830260
483902 743267
509760 249602
604692 406368
586041 555713
324791 737221
572112 516407
477068 773786
712519 599009
563599 365913
539741 553438
533822 310379
378497 758785
388531 756596
599043 451352
633867 631459
578894 666174
590520 593124
533774 463271
583516 685354
665464 717157
360772 788274
671852 674988
401641 608942
616462 348981
730726 585047
401800 294561
776445 418995
461029 510050
351106 835121
664279 570845
371686 768000
311262 776332
450481 638143
543147 570998
705614 656157
664219 373652
547917 649215
352784 797742
570143 659086
608976 660161
607410 557740
659326 548748
585946 757016
494749 260946
397024 761759
294521 530978
657471 514436
356225 769546
579806 500193
618596 692227
528600 501360
696718 531170
657954 807521
259213 577200
228717 593791
183877 233888
693663 556075
162679 147471
728512 650415
307813 186481
635415 756707
98673 204545
520816 817291
499638 634307
