95
0 1 U -1
1 1 U 0
2 0 U 1
3 0 U 2
4 0 U 3
5 0 U 4
6 0 U 5
7 0 U 6
8 0 U 7
9 0 U 7
10 0 U -1
11 0 U 9
12 0 U 11
13 0 U 4
14 0 U 12
15 0 U -1
16 0 U 15
17 1 U 16
18 0 U 17
19 0 U 18
20 1 U 19
21 0 U 20
22 0 U 21
23 0 U 19
24 1 U 14
25 0 U 22
26 1 U 25
27 0 U 26
28 0 U 27
29 0 U 28
30 0 U -1
31 0 U 30
32 0 U 25
33 1 U 31
34 0 U 33
35 1 U 34
36 1 U 35
37 0 U 36
38 0 U 29
39 0 U 37
40 1 U 39
41 1 U 40
42 1 U 41
43 1 U 42
44 0 U -1
45 0 U 44
46 1 U 45
47 0 U 46
48 1 U 47
49 0 U 36
50 0 U 48
51 0 U 50
52 1 U 51
53 1 U 52
54 1 U 53
55 1 U 54
56 1 U 54
57 1 U -1
58 1 U 57
59 0 U 55
60 1 U 58
61 0 U 60
62 1 U 61
63 0 U 62
64 1 U 63
65 1 U 64
66 1 U 65
67 0 U 66
68 0 U 67
69 1 U 68
70 0 U -1
71 1 U 70
72 0 U 71
73 1 U 72
74 1 U 73
75 0 U 74
76 1 U 75
77 0 U 76
78 1 U 77
79 0 U 78
80 1 U 79
81 0 U -1
82 0 U 80
83 0 U 81
84 0 U 83
85 1 U 84
86 1 U 85
87 1 U 86
88 0 U 87
89 1 U 88
90 0 U 89
91 0 U 90
92 0 U 91
93 1 U 92
94 0 U 93
95
0 0 U -1
1 1 U 0
2 0 U 1
3 0 U 2
4 0 U 3
5 0 U 3
6 0 U 4
7 0 U 6
8 0 U 7
9 0 U -1
10 0 U 8
11 0 U 10
12 0 U 11
13 0 U 8
14 0 U 12
15 0 U -1
16 0 U 15
17 1 U 16
18 0 U 17
19 0 U 18
20 1 U 19
21 0 U 20
22 0 U 21
23 0 U 15
24 1 U 14
25 0 U 22
26 1 U 25
27 0 U 26
28 0 U 27
29 0 U 28
30 0 U -1
31 0 U 30
32 0 U 25
33 1 U 31
34 0 U 33
35 1 U 34
36 1 U 35
37 0 U 36
38 0 U 29
39 0 U 37
40 1 U 39
41 1 U 40
42 1 U 41
43 1 U 42
44 0 U -1
45 0 U 44
46 1 U 45
47 0 U 46
48 1 U 47
49 0 U 36
50 0 U 48
51 0 U 50
52 1 U 51
53 1 U 52
54 1 U 53
55 1 U 54
56 1 U 45
57 1 U -1
58 1 U 57
59 0 U 55
60 1 U 58
61 0 U 60
62 0 U 61
63 0 U 62
64 1 U 63
65 1 U 64
66 1 U 65
67 0 U 66
68 0 U 67
69 1 U 68
70 0 U -1
71 1 U 70
72 0 U 71
73 1 U 72
74 1 U 73
75 0 U 74
76 1 U 75
77 0 U 76
78 1 U 77
79 0 U 78
80 1 U 79
81 0 U -1
82 0 U 80
83 0 U 81
84 0 U 83
85 0 U 84
86 1 U 85
87 1 U 86
88 0 U 87
89 1 U 88
90 0 U 89
91 0 U 90
92 0 U 91
93 1 U 81
94 0 U 92
95
0 0 U -1
1 1 U 0
2 0 U 1
3 0 U 2
4 0 U 3
5 0 U -1
6 0 U 4
7 0 U 6
8 0 U 7
9 0 U 7
10 0 U 9
11 0 U 10
12 0 U 11
13 0 U 9
14 0 U 12
15 0 U -1
16 0 U 15
17 1 U 16
18 0 U 17
19 0 U 18
20 1 U 19
21 0 U 20
22 0 U 21
23 0 U 15
24 1 U 14
25 0 U 22
26 1 U 25
27 0 U 26
28 0 U 27
29 0 U 28
30 0 U -1
31 0 U 30
32 0 U 25
33 1 U 31
34 0 U 33
35 1 U 34
36 1 U 35
37 0 U 36
38 0 U 29
39 0 U 37
40 1 U 39
41 1 U 40
42 1 U 41
43 1 U 42
44 0 U -1
45 0 U 44
46 1 U 45
47 0 U 46
48 1 U 47
49 0 U 36
50 0 U 48
51 0 U 50
52 1 U 51
53 1 U 52
54 1 U 53
55 1 U 54
56 1 U 54
57 1 U -1
58 1 U 57
59 0 U 55
60 1 U 58
61 0 U 60
62 0 U 61
63 0 U 62
64 1 U 63
65 1 U 64
66 1 U 65
67 0 U 66
68 0 U 67
69 1 U 68
70 0 U -1
71 1 U 70
72 0 U 71
73 1 U 72
74 1 U 73
75 0 U 74
76 1 U 75
77 0 U 76
78 1 U 77
79 0 U 78
80 1 U 79
81 0 U -1
82 0 U 80
83 0 U 81
84 0 U 83
85 0 U 84
86 1 U 85
87 1 U 86
88 0 U 87
89 1 U 88
90 0 U 89
91 0 U 90
92 0 U 91
93 1 U 81
94 0 U 92
95
0 0 U -1
1 1 U 0
2 0 U 1
3 0 U 2
4 0 U 3
5 0 U 4
6 0 U 5
7 0 U 6
8 0 U 7
9 0 U 0
10 0 U -1
11 0 U 8
12 0 U 11
13 0 U 3
14 0 U 12
15 0 U -1
16 0 U 15
17 1 U 16
18 0 U 14
19 0 U 17
20 1 U 19
21 0 U 20
22 0 U 21
23 0 U 12
24 1 U 22
25 0 U 24
26 1 U 25
27 0 U 26
28 0 U 27
29 0 U 28
30 0 U -1
31 0 U 30
32 0 U 25
33 1 U 31
34 0 U 33
35 1 U 34
36 1 U 35
37 0 U 36
38 0 U 29
39 0 U 37
40 1 U 39
41 1 U 40
42 1 U 41
43 1 U 42
44 0 U -1
45 0 U 44
46 1 U 45
47 0 U 46
48 1 U 47
49 0 U 41
50 0 U 48
51 0 U 50
52 1 U 51
53 1 U 52
54 1 U 53
55 0 U 45
56 1 U 54
57 1 U -1
58 1 U 57
59 0 U 56
60 1 U 58
61 0 U 60
62 0 U 61
63 0 U 62
64 1 U 63
65 1 U 64
66 1 U 65
67 0 U 66
68 0 U 67
69 1 U 68
70 0 U -1
71 1 U 70
72 0 U 71
73 1 U 72
74 1 U 73
75 0 U 74
76 1 U 75
77 0 U 76
78 1 U 77
79 0 U 78
80 1 U 79
81 0 U -1
82 0 U 80
83 0 U 81
84 0 U 83
85 0 U 84
86 1 U 85
87 1 U 86
88 0 U 87
89 1 U 88
90 0 U 89
91 0 U 90
92 0 U 91
93 1 U 81
94 0 U 92
95
0 0 U -1
1 1 U 0
2 0 U 1
3 0 U 2
4 0 U 3
5 0 U 3
6 0 U 4
7 0 U 6
8 0 U 7
9 0 U 7
10 0 U 9
11 0 U 10
12 0 U 11
13 0 U -1
14 0 U 12
15 0 U -1
16 0 U 15
17 1 U 16
18 0 U 17
19 0 U 18
20 1 U 19
21 0 U 20
22 0 U 21
23 0 U 9
24 1 U 14
25 0 U 22
26 1 U 25
27 0 U 26
28 0 U 27
29 0 U 28
30 0 U -1
31 0 U 30
32 0 U 25
33 1 U 31
34 0 U 33
35 1 U 34
36 1 U 35
37 0 U 36
38 0 U 29
39 0 U 37
40 1 U 39
41 1 U 40
42 1 U 41
43 1 U 42
44 0 U -1
45 0 U 44
46 1 U 45
47 0 U 46
48 1 U 47
49 0 U 41
50 0 U 48
51 0 U 50
52 1 U 51
53 1 U 52
54 1 U 53
55 1 U 54
56 1 U 54
57 1 U -1
58 1 U 57
59 0 U 55
60 1 U 58
61 0 U 60
62 0 U 61
63 0 U 62
64 1 U 63
65 1 U 64
66 1 U 65
67 0 U 66
68 0 U 67
69 1 U 68
70 0 U -1
71 1 U 70
72 0 U 71
73 1 U 72
74 1 U 73
75 0 U 74
76 1 U 75
77 0 U 76
78 1 U 77
79 0 U 78
80 1 U 79
81 0 U -1
82 0 U 80
83 0 U 81
84 0 U 83
85 0 U 84
86 1 U 85
87 1 U 86
88 0 U 87
89 1 U 88
90 0 U 89
91 0 U 90
92 0 U 91
93 1 U 81
94 0 U 92
95
0 0 U -1
1 1 U 0
2 0 U 1
3 0 U 2
4 0 U 3
5 0 U 3
6 0 U 4
7 0 U 6
8 0 U 7
9 0 U -1
10 0 U 8
11 0 U 10
12 0 U 11
13 1 U 0
14 0 U 12
15 0 U -1
16 0 U 15
17 1 U 16
18 0 U 17
19 0 U 18
20 1 U 19
21 0 U 20
22 0 U 21
23 0 U 8
24 1 U 14
25 0 U 22
26 1 U 25
27 0 U 26
28 0 U 27
29 0 U 28
30 0 U -1
31 0 U 30
32 0 U 30
33 1 U 31
34 0 U 33
35 1 U 34
36 1 U 35
37 0 U 36
38 0 U 29
39 0 U 37
40 1 U 39
41 1 U 40
42 1 U 41
43 1 U 42
44 0 U -1
45 0 U 44
46 1 U 45
47 0 U 46
48 1 U 47
49 0 U 36
50 0 U 48
51 0 U 50
52 1 U 51
53 1 U 52
54 1 U 53
55 1 U 54
56 1 U 45
57 1 U -1
58 1 U 57
59 0 U 55
60 1 U 58
61 0 U 60
62 0 U 61
63 0 U 62
64 1 U 63
65 1 U 64
66 1 U 65
67 0 U 66
68 0 U 67
69 1 U 68
70 0 U -1
71 1 U 70
72 0 U 71
73 1 U 72
74 1 U 73
75 0 U 74
76 1 U 75
77 0 U 76
78 1 U 77
79 0 U 78
80 1 U 79
81 1 U -1
82 0 U 80
83 0 U 81
84 1 U 83
85 0 U 84
86 1 U 85
87 1 U 86
88 0 U 87
89 1 U 88
90 0 U 89
91 0 U 90
92 0 U 91
93 1 U -1
94 0 U 92
95
0 0 U -1
1 0 U 0
2 0 U 1
3 0 U 2
4 0 U 3
5 0 U 3
6 0 U 4
7 0 U 6
8 0 U 7
9 0 U 7
10 0 U 0
11 0 U 9
12 0 U 11
13 0 U -1
14 0 U 12
15 0 U 14
16 0 U -1
17 1 U 16
18 0 U 17
19 0 U 18
20 1 U 19
21 0 U 20
22 0 U 21
23 0 U 22
24 1 U 23
25 0 U 24
26 1 U 25
27 0 U 26
28 0 U 27
29 0 U 28
30 0 U -1
31 0 U 30
32 0 U 25
33 1 U 31
34 0 U 33
35 1 U 34
36 1 U 35
37 0 U 36
38 0 U 29
39 0 U 37
40 1 U 39
41 1 U 40
42 1 U 41
43 1 U 42
44 0 U -1
45 0 U 44
46 1 U 45
47 0 U 46
48 1 U 47
49 0 U 36
50 0 U 48
51 0 U 50
52 1 U 51
53 1 U 52
54 1 U 53
55 1 U 54
56 1 U 54
57 1 U -1
58 1 U 57
59 0 U 55
60 1 U 58
61 0 U 60
62 0 U 61
63 0 U 62
64 1 U 63
65 1 U 64
66 1 U 65
67 0 U 66
68 0 U 67
69 1 U 68
70 0 U -1
71 1 U 70
72 0 U 71
73 1 U 72
74 1 U 73
75 0 U 74
76 1 U 75
77 0 U 76
78 1 U 77
79 0 U 78
80 1 U 79
81 0 U -1
82 0 U 80
83 0 U 81
84 0 U 83
85 0 U 84
86 1 U 85
87 1 U 86
88 0 U 87
89 1 U 88
90 0 U 89
91 0 U 90
92 0 U 91
93 1 U 81
94 0 U 92
95
0 0 U -1
1 1 U 0
2 0 U 1
3 0 U 2
4 0 U 3
5 0 U 3
6 0 U 4
7 0 U 6
8 0 U 7
9 0 U 7
10 0 U -1
11 0 U 9
12 0 U 11
13 0 U 12
14 0 U 13
15 0 U -1
16 0 U 15
17 1 U 14
18 0 U 16
19 0 U 18
20 1 U 19
21 0 U 20
22 0 U 21
23 0 U 13
24 1 U 22
25 0 U 24
26 1 U 25
27 0 U 26
28 0 U 27
29 0 U 28
30 0 U -1
31 0 U 30
32 0 U 25
33 1 U 31
34 0 U 33
35 1 U 34
36 1 U 35
37 0 U 36
38 0 U 29
39 0 U 37
40 1 U 39
41 1 U 40
42 1 U 41
43 1 U 42
44 0 U -1
45 0 U 44
46 1 U 45
47 0 U 46
48 1 U 47
49 0 U 36
50 0 U 48
51 0 U 50
52 1 U 51
53 1 U 52
54 1 U 53
55 1 U 54
56 1 U 45
57 1 U -1
58 1 U 57
59 0 U 55
60 1 U 58
61 0 U 60
62 0 U 61
63 0 U 62
64 1 U 63
65 1 U 64
66 1 U 65
67 0 U 66
68 0 U 67
69 1 U 68
70 0 U -1
71 1 U 70
72 0 U 71
73 1 U 72
74 1 U 73
75 0 U 74
76 1 U 75
77 0 U 76
78 1 U 77
79 0 U 78
80 1 U 79
81 0 U -1
82 0 U 80
83 0 U 81
84 0 U 83
85 0 U 84
86 1 U 85
87 1 U 86
88 0 U 87
89 1 U 88
90 0 U 89
91 0 U 90
92 0 U 91
93 1 U 84
94 0 U 92
95
0 0 U -1
1 1 U 0
2 0 U 1
3 0 U 2
4 0 U 3
5 0 U 3
6 0 U 4
7 0 U 6
8 0 U 7
9 0 U 7
10 0 U -1
11 0 U 9
12 0 U 11
13 0 U 12
14 0 U 13
15 0 U -1
16 0 U 15
17 1 U 14
18 0 U 16
19 0 U 18
20 1 U 19
21 0 U 20
22 0 U 21
23 0 U 15
24 1 U 22
25 0 U 24
26 1 U 25
27 0 U 26
28 0 U 27
29 0 U 28
30 0 U -1
31 0 U 30
32 0 U 25
33 1 U 31
34 0 U 33
35 1 U 34
36 1 U 35
37 0 U 36
38 0 U 29
39 0 U 37
40 1 U 39
41 1 U 40
42 1 U 41
43 1 U 42
44 0 U -1
45 0 U 44
46 1 U 45
47 0 U 46
48 1 U 47
49 0 U 41
50 0 U 48
51 0 U 50
52 1 U 51
53 1 U 52
54 1 U 53
55 1 U 54
56 1 U 45
57 1 U -1
58 1 U 57
59 0 U 55
60 1 U 58
61 0 U 60
62 0 U 61
63 0 U 62
64 1 U 63
65 1 U 64
66 1 U 65
67 0 U 66
68 0 U 67
69 1 U 68
70 0 U -1
71 1 U 70
72 0 U 71
73 1 U 72
74 1 U 73
75 0 U 74
76 1 U 75
77 0 U 76
78 1 U 77
79 0 U 78
80 1 U 79
81 0 U -1
82 0 U 80
83 0 U 81
84 0 U 83
85 0 U 84
86 1 U 85
87 1 U 86
88 0 U 87
89 1 U 88
90 0 U 89
91 0 U 90
92 0 U 91
93 1 U 84
94 0 U 92
95
0 0 U -1
1 1 U 0
2 0 U 1
3 0 U 2
4 0 U 3
5 0 U -1
6 0 U 4
7 0 U 6
8 0 U 7
9 0 U 3
10 0 U 7
11 0 U 10
12 0 U 11
13 0 U 12
14 0 U 13
15 0 U -1
16 0 U 15
17 1 U 16
18 0 U 17
19 0 U 18
20 1 U 19
21 0 U 20
22 0 U 21
23 0 U 15
24 1 U 14
25 0 U 22
26 1 U 25
27 0 U 26
28 0 U 27
29 0 U 28
30 0 U -1
31 0 U 30
32 0 U 30
33 1 U 31
34 0 U 33
35 1 U 34
36 1 U 35
37 0 U 36
38 0 U 29
39 0 U 37
40 1 U 39
41 1 U 40
42 1 U 41
43 1 U 42
44 0 U -1
45 0 U 44
46 1 U 45
47 0 U 46
48 1 U 47
49 0 U 36
50 0 U 48
51 0 U 50
52 1 U 51
53 1 U 52
54 1 U 53
55 1 U 54
56 1 U 54
57 1 U -1
58 1 U 57
59 0 U 55
60 1 U 58
61 0 U 60
62 0 U 61
63 0 U 62
64 1 U 63
65 1 U 64
66 1 U 65
67 0 U 66
68 0 U 67
69 1 U 68
70 0 U -1
71 1 U 70
72 0 U 71
73 1 U 72
74 1 U 73
75 0 U 74
76 1 U 75
77 0 U 76
78 1 U 77
79 0 U 78
80 1 U 79
81 0 U -1
82 0 U 80
83 0 U 81
84 0 U 83
85 0 U 84
86 1 U 85
87 1 U 86
88 0 U 87
89 1 U 88
90 0 U 89
91 0 U 90
92 0 U 91
93 1 U 81
94 0 U 92
95
0 0 U -1
1 1 U 0
2 0 U 1
3 0 U 2
4 0 U 3
5 0 U -1
6 0 U 4
7 0 U 6
8 0 U 7
9 0 U 3
10 0 U 7
11 0 U 10
12 0 U 11
13 0 U 12
14 0 U 13
15 0 U -1
16 0 U 15
17 1 U 16
18 0 U 17
19 0 U 18
20 1 U 19
21 0 U 20
22 0 U 21
23 0 U 19
24 1 U 14
25 0 U 22
26 1 U 25
27 0 U 26
28 0 U 27
29 0 U 28
30 0 U -1
31 0 U 30
32 0 U 30
33 1 U 31
34 0 U 33
35 1 U 34
36 1 U 35
37 0 U 36
38 0 U 29
39 0 U 37
40 1 U 39
41 1 U 40
42 1 U 41
43 1 U 42
44 0 U -1
45 0 U 44
46 1 U 45
47 0 U 46
48 1 U 47
49 0 U 36
50 0 U 48
51 0 U 50
52 1 U 51
53 1 U 52
54 1 U 53
55 1 U 54
56 1 U 54
57 1 U -1
58 1 U 57
59 0 U 55
60 1 U 58
61 0 U 60
62 0 U 61
63 0 U 62
64 1 U 63
65 1 U 64
66 1 U 65
67 0 U 66
68 0 U 67
69 1 U 68
70 0 U -1
71 1 U 70
72 0 U 71
73 1 U 72
74 1 U 73
75 0 U 74
76 1 U 75
77 0 U 76
78 1 U 77
79 0 U 78
80 1 U 79
81 0 U -1
82 0 U 80
83 0 U 81
84 0 U 83
85 0 U 84
86 1 U 85
87 1 U 86
88 0 U 87
89 1 U 88
90 0 U 89
91 0 U 90
92 0 U 91
93 1 U 81
94 0 U 92
95
0 0 U -1
1 1 U 0
2 0 U 1
3 0 U 2
4 0 U 3
5 0 U 3
6 0 U 4
7 0 U 6
8 0 U 7
9 0 U -1
10 0 U 7
11 0 U 10
12 0 U 11
13 0 U 12
14 0 U 13
15 0 U -1
16 0 U 15
17 1 U 16
18 0 U 17
19 0 U 18
20 1 U 19
21 0 U 20
22 0 U 21
23 0 U 15
24 1 U 14
25 0 U 22
26 1 U 25
27 0 U 26
28 0 U 27
29 0 U 28
30 0 U -1
31 0 U 30
32 0 U 30
33 1 U 31
34 0 U 33
35 1 U 34
36 1 U 35
37 0 U 36
38 0 U 29
39 0 U 37
40 1 U 39
41 1 U 40
42 1 U 41
43 1 U 42
44 0 U -1
45 0 U 44
46 0 U 45
47 0 U 46
48 1 U 47
49 0 U 36
50 0 U 48
51 0 U 50
52 1 U 51
53 1 U 52
54 1 U 53
55 1 U 54
56 1 U 54
57 1 U -1
58 1 U 57
59 0 U 55
60 1 U 58
61 0 U 60
62 0 U 61
63 0 U 62
64 1 U 63
65 1 U 64
66 1 U 65
67 0 U 66
68 0 U 67
69 1 U 68
70 0 U -1
71 1 U 70
72 0 U 71
73 1 U 72
74 1 U 73
75 0 U 74
76 1 U 75
77 0 U 76
78 1 U 77
79 0 U 78
80 1 U 79
81 0 U -1
82 0 U 80
83 0 U 81
84 0 U 83
85 0 U 84
86 1 U 85
87 1 U 86
88 0 U 87
89 1 U 88
90 0 U 89
91 0 U 90
92 0 U 91
93 1 U 81
94 0 U 92
95
0 0 U -1
1 1 U 0
2 0 U 1
3 0 U 2
4 0 U 3
5 0 U 3
6 0 U 4
7 0 U 6
8 0 U 7
9 0 U 7
10 0 U -1
11 0 U 9
12 0 U 11
13 0 U 12
14 0 U 13
15 0 U -1
16 0 U 15
17 1 U 14
18 0 U 16
19 0 U 18
20 1 U 19
21 0 U 20
22 0 U 21
23 0 U 15
24 1 U 22
25 0 U 24
26 1 U 25
27 0 U 26
28 0 U 27
29 0 U 28
30 0 U -1
31 0 U 30
32 0 U 30
33 1 U 31
34 0 U 33
35 1 U 34
36 1 U 35
37 0 U 36
38 0 U 29
39 0 U 37
40 1 U 39
41 1 U 40
42 1 U 41
43 1 U 42
44 0 U -1
45 0 U 44
46 1 U 45
47 0 U 46
48 1 U 47
49 0 U 36
50 0 U 48
51 0 U 50
52 1 U 51
53 1 U 52
54 1 U 53
55 1 U 54
56 1 U 54
57 1 U -1
58 1 U 57
59 0 U 55
60 1 U 58
61 0 U 60
62 0 U 61
63 0 U 62
64 1 U 63
65 1 U 64
66 1 U 65
67 0 U 66
68 0 U 67
69 1 U 68
70 0 U -1
71 1 U 70
72 0 U 71
73 1 U 72
74 1 U 73
75 0 U 74
76 1 U 75
77 0 U 76
78 1 U 77
79 0 U 78
80 1 U 79
81 0 U -1
82 0 U 80
83 0 U 81
84 0 U 83
85 0 U 84
86 1 U 85
87 1 U 86
88 0 U 87
89 1 U 88
90 0 U 89
91 0 U 90
92 0 U 91
93 1 U 81
94 0 U 92
95
0 0 U -1
1 1 U 0
2 0 U 1
3 0 U 2
4 0 U 3
5 0 U 3
6 0 U 4
7 0 U 6
8 0 U 7
9 0 U -1
10 0 U 8
11 0 U 10
12 0 U 11
13 0 U 8
14 0 U 12
15 0 U -1
16 0 U 15
17 1 U 16
18 0 U 17
19 0 U 18
20 1 U 19
21 0 U 20
22 0 U 21
23 0 U 15
24 1 U 14
25 0 U 22
26 1 U 25
27 0 U 26
28 0 U 27
29 0 U 28
30 0 U -1
31 0 U 30
32 0 U 30
33 1 U 31
34 0 U 33
35 1 U 34
36 1 U 35
37 0 U 36
38 0 U 29
39 0 U 37
40 1 U 39
41 1 U 40
42 1 U 41
43 1 U 42
44 0 U -1
45 0 U 44
46 1 U 45
47 0 U 46
48 1 U 47
49 0 U 36
50 0 U 48
51 0 U 50
52 1 U 51
53 1 U 52
54 1 U 53
55 1 U 54
56 1 U 54
57 1 U -1
58 1 U 57
59 0 U 55
60 1 U 58
61 0 U 60
62 0 U 61
63 0 U 62
64 1 U 63
65 1 U 64
66 1 U 65
67 0 U 66
68 0 U 67
69 1 U 68
70 0 U -1
71 1 U 70
72 0 U 71
73 1 U 72
74 1 U 73
75 0 U 74
76 1 U 75
77 0 U 76
78 1 U 77
79 0 U 78
80 1 U 79
81 0 U -1
82 0 U 80
83 0 U 81
84 0 U 83
85 0 U 84
86 1 U 85
87 1 U 86
88 0 U 87
89 1 U 88
90 0 U 89
91 0 U 90
92 0 U 91
93 1 U 81
94 0 U 92
95
0 0 U -1
1 1 U 0
2 0 U 1
3 0 U 2
4 0 U 3
5 0 U 3
6 0 U 4
7 0 U 6
8 0 U 7
9 0 U 7
10 0 U -1
11 0 U 9
12 0 U 11
13 0 U 12
14 0 U 13
15 0 U -1
16 0 U 15
17 1 U 14
18 0 U 16
19 0 U 18
20 1 U 19
21 0 U 20
22 0 U 21
23 0 U 15
24 1 U 22
25 0 U 24
26 1 U 25
27 0 U 26
28 0 U 27
29 0 U 28
30 0 U -1
31 0 U 30
32 0 U 30
33 1 U 31
34 0 U 33
35 1 U 34
36 1 U 35
37 0 U 36
38 0 U 29
39 0 U 37
40 1 U 39
41 1 U 40
42 1 U 41
43 1 U 42
44 0 U -1
45 0 U 44
46 1 U 45
47 0 U 46
48 1 U 47
49 0 U 36
50 0 U 48
51 0 U 50
52 1 U 51
53 1 U 52
54 1 U 53
55 1 U 54
56 1 U 54
57 1 U -1
58 0 U 57
59 0 U 55
60 1 U 58
61 0 U 60
62 0 U 61
63 0 U 62
64 1 U 63
65 0 U 64
66 1 U 65
67 0 U 66
68 0 U 67
69 1 U 68
70 0 U -1
71 1 U 70
72 0 U 71
73 1 U 72
74 1 U 73
75 0 U 74
76 1 U 75
77 0 U 76
78 1 U 77
79 0 U 78
80 1 U 79
81 0 U -1
82 0 U 80
83 0 U 81
84 0 U 83
85 0 U 84
86 1 U 85
87 1 U 86
88 0 U 87
89 1 U 88
90 0 U 89
91 0 U 90
92 0 U 91
93 1 U 81
94 0 U 92
95
0 0 U -1
1 1 U 0
2 0 U 1
3 0 U 2
4 0 U 3
5 0 U 3
6 0 U 4
7 0 U 6
8 0 U 7
9 0 U -1
10 0 U 7
11 0 U 10
12 0 U 11
13 0 U 12
14 0 U 13
15 0 U -1
16 0 U 15
17 1 U 16
18 0 U 17
19 0 U 18
20 1 U 19
21 0 U 20
22 0 U 21
23 0 U 15
24 1 U 14
25 0 U 22
26 1 U 25
27 0 U 26
28 0 U 27
29 0 U 28
30 0 U -1
31 0 U 30
32 0 U 30
33 1 U 31
34 0 U 33
35 1 U 34
36 1 U 35
37 0 U 36
38 0 U 29
39 0 U 37
40 1 U 39
41 1 U 40
42 1 U 41
43 1 U 42
44 0 U -1
45 0 U 44
46 1 U 45
47 0 U 46
48 1 U 47
49 0 U 36
50 0 U 48
51 0 U 50
52 1 U 51
53 1 U 52
54 1 U 53
55 1 U 54
56 1 U 54
57 1 U -1
58 1 U 57
59 0 U 55
60 1 U 58
61 0 U 60
62 0 U 61
63 0 U 62
64 1 U 63
65 1 U 64
66 1 U 65
67 0 U 66
68 0 U 67
69 1 U 68
70 0 U -1
71 1 U 70
72 0 U 71
73 1 U 72
74 1 U 73
75 0 U 74
76 1 U 75
77 0 U 76
78 1 U 77
79 0 U 78
80 1 U 79
81 0 U -1
82 0 U 80
83 0 U 81
84 0 U 83
85 0 U 84
86 1 U 85
87 1 U 86
88 0 U 87
89 1 U 88
90 0 U 89
91 0 U 90
92 0 U 91
93 1 U 81
94 0 U 92
95
0 0 U -1
1 1 U 0
2 0 U 1
3 0 U 2
4 0 U 3
5 0 U 4
6 0 U 5
7 0 U 6
8 0 U 7
9 0 U 7
10 0 U -1
11 0 U 9
12 0 U 11
13 0 U 3
14 0 U 12
15 0 U -1
16 0 U 15
17 1 U 16
18 0 U 17
19 0 U 18
20 1 U 19
21 0 U 20
22 0 U 21
23 0 U 15
24 1 U 14
25 0 U 22
26 1 U 25
27 0 U 26
28 0 U 27
29 0 U 28
30 0 U -1
31 0 U 30
32 0 U 30
33 1 U 31
34 0 U 33
35 1 U 34
36 1 U 35
37 0 U 36
38 0 U 29
39 0 U 37
40 1 U 39
41 1 U 40
42 1 U 41
43 1 U 42
44 0 U -1
45 0 U 44
46 1 U 45
47 0 U 46
48 1 U 47
49 0 U 36
50 0 U 48
51 0 U 50
52 1 U 51
53 1 U 52
54 1 U 53
55 1 U 54
56 1 U 45
57 1 U -1
58 1 U 57
59 0 U 55
60 1 U 58
61 0 U 60
62 0 U 61
63 0 U 62
64 1 U 63
65 1 U 64
66 1 U 65
67 0 U 66
68 0 U 67
69 1 U 68
70 0 U -1
71 1 U 70
72 0 U 71
73 1 U 72
74 1 U 73
75 0 U 74
76 1 U 75
77 0 U 76
78 1 U 77
79 0 U 78
80 1 U 79
81 0 U -1
82 0 U 80
83 0 U 81
84 0 U 83
85 0 U 84
86 1 U 85
87 1 U 86
88 0 U 87
89 1 U 88
90 0 U 89
91 0 U 90
92 0 U 91
93 1 U 92
94 0 U 93
95
0 0 U -1
1 1 U 0
2 0 U 1
3 0 U 2
4 0 U 3
5 0 U 3
6 0 U 4
7 0 U 6
8 0 U 7
9 0 U 0
10 0 U -1
11 0 U 8
12 0 U 11
13 0 U 12
14 0 U 13
15 0 U -1
16 0 U 15
17 1 U 14
18 0 U 16
19 0 U 18
20 1 U 19
21 0 U 20
22 0 U 21
23 0 U 15
24 1 U 22
25 0 U 24
26 1 U 25
27 0 U 26
28 0 U 27
29 0 U 28
30 0 U -1
31 0 U 30
32 0 U 31
33 1 U 32
34 0 U 33
35 1 U 34
36 1 U 35
37 0 U 36
38 0 U 29
39 0 U 37
40 1 U 39
41 1 U 40
42 1 U 41
43 1 U -1
44 0 U 43
45 0 U 44
46 1 U 45
47 0 U 46
48 1 U 47
49 0 U 45
50 0 U 48
51 0 U 50
52 1 U 51
53 1 U 52
54 1 U 53
55 1 U -1
56 1 U -1
57 1 U 55
58 1 U 57
59 0 U 58
60 1 U 59
61 0 U 60
62 0 U 61
63 0 U 62
64 1 U 63
65 1 U 64
66 1 U 65
67 0 U 66
68 0 U 67
69 1 U -1
70 0 U 69
71 1 U 70
72 0 U 71
73 1 U 72
74 1 U 73
75 0 U 74
76 1 U 75
77 0 U 76
78 1 U 77
79 0 U 78
80 1 U -1
81 0 U 80
82 0 U 79
83 0 U 81
84 0 U 83
85 0 U 84
86 1 U 85
87 1 U 86
88 0 U 87
89 1 U 88
90 0 U 89
91 0 U 90
92 0 U 91
93 1 U 81
94 0 U 92
95
0 0 U -1
1 1 U 0
2 0 U 1
3 0 U 2
4 0 U 3
5 0 U 3
6 0 U 4
7 0 U 6
8 0 U 7
9 0 U 7
10 0 U 9
11 0 U 10
12 0 U 11
13 0 U 9
14 0 U 12
15 0 U -1
16 0 U 15
17 1 U 16
18 0 U 17
19 0 U 18
20 1 U 19
21 0 U 20
22 0 U 21
23 0 U 15
24 1 U 14
25 0 U 22
26 1 U 25
27 0 U 26
28 0 U 27
29 0 U 28
30 0 U -1
31 0 U 30
32 0 U 30
33 1 U 31
34 0 U 33
35 1 U 34
36 1 U 35
37 0 U 36
38 0 U 29
39 0 U 37
40 1 U 39
41 1 U 40
42 1 U 41
43 1 U 42
44 0 U -1
45 0 U 44
46 1 U 45
47 0 U 46
48 1 U 47
49 0 U 45
50 0 U 48
51 0 U 50
52 1 U 51
53 1 U 52
54 1 U 53
55 1 U 54
56 1 U 54
57 1 U -1
58 1 U 57
59 0 U 55
60 1 U 58
61 0 U 60
62 0 U 61
63 0 U 62
64 1 U 63
65 1 U 64
66 1 U 65
67 0 U 66
68 0 U 67
69 1 U 68
70 0 U -1
71 1 U 70
72 0 U 71
73 1 U 72
74 1 U 73
75 0 U 74
76 1 U 75
77 0 U 76
78 1 U 77
79 0 U 78
80 1 U 79
81 0 U -1
82 0 U 80
83 0 U 81
84 0 U 83
85 0 U 84
86 1 U 85
87 1 U 86
88 0 U 87
89 1 U 88
90 0 U 89
91 0 U 90
92 0 U 91
93 1 U 92
94 0 U 93
95
0 0 U -1
1 1 U 0
2 0 U 1
3 0 U 2
4 0 U 3
5 0 U 3
6 0 U 4
7 0 U 6
8 0 U 7
9 0 U -1
10 0 U 8
11 0 U 10
12 0 U 11
13 0 U 8
14 0 U 12
15 0 U -1
16 0 U 15
17 1 U 16
18 0 U 14
19 0 U 17
20 1 U 19
21 0 U 20
22 0 U 21
23 0 U 12
24 1 U 22
25 0 U 24
26 1 U 25
27 0 U 26
28 0 U 27
29 0 U 28
30 0 U -1
31 0 U 30
32 0 U 25
33 1 U 31
34 0 U 33
35 1 U 34
36 1 U 35
37 0 U 36
38 0 U 29
39 0 U 37
40 1 U 39
41 1 U 40
42 1 U 41
43 1 U 42
44 0 U -1
45 0 U 44
46 1 U 45
47 0 U 46
48 1 U 47
49 0 U 36
50 0 U 48
51 0 U 50
52 1 U 51
53 1 U 52
54 1 U 53
55 1 U 54
56 1 U 45
57 1 U -1
58 1 U 57
59 0 U 55
60 1 U 58
61 0 U 60
62 0 U 61
63 0 U 62
64 1 U 63
65 1 U 64
66 1 U 65
67 0 U 66
68 0 U 67
69 1 U 68
70 0 U -1
71 1 U 70
72 0 U 71
73 1 U 72
74 1 U 73
75 0 U 74
76 1 U 75
77 0 U 76
78 1 U 77
79 0 U 78
80 1 U 79
81 0 U -1
82 0 U 80
83 0 U 81
84 0 U 83
85 0 U 84
86 1 U 85
87 1 U 86
88 0 U 87
89 1 U 88
90 0 U 89
91 0 U 90
92 0 U 91
93 1 U 81
94 0 U 92
95
0 0 U -1
1 1 U 0
2 0 U 1
3 0 U 2
4 0 U 3
5 0 U 3
6 0 U 4
7 0 U 6
8 0 U 7
9 0 U 7
10 0 U 9
11 0 U 10
12 0 U 11
13 0 U -1
14 0 U 12
15 0 U -1
16 0 U 15
17 1 U 16
18 0 U 17
19 0 U 18
20 1 U 19
21 0 U 20
22 0 U 21
23 0 U 19
24 1 U 14
25 0 U 22
26 1 U 25
27 0 U 26
28 0 U 27
29 0 U 28
30 0 U -1
31 0 U 30
32 0 U 25
33 1 U 31
34 0 U 33
35 1 U 34
36 1 U 35
37 0 U 36
38 0 U 29
39 0 U 37
40 1 U 39
41 1 U 40
42 1 U 41
43 1 U 42
44 0 U -1
45 0 U 44
46 1 U 45
47 0 U 46
48 1 U 47
49 0 U 36
50 0 U 48
51 0 U 50
52 1 U 51
53 1 U 52
54 1 U 53
55 1 U 54
56 1 U 54
57 1 U -1
58 1 U 57
59 0 U 55
60 1 U 58
61 0 U 60
62 0 U 61
63 0 U 62
64 1 U 63
65 1 U 64
66 1 U 65
67 0 U 66
68 0 U 67
69 1 U 68
70 0 U -1
71 1 U 70
72 0 U 71
73 1 U 72
74 1 U 73
75 0 U 74
76 1 U 75
77 0 U 76
78 1 U 77
79 0 U 78
80 1 U 79
81 0 U -1
82 0 U 80
83 0 U 81
84 0 U 83
85 0 U 84
86 1 U 85
87 1 U 86
88 0 U 87
89 1 U 88
90 0 U 89
91 0 U 90
92 0 U 91
93 1 U 84
94 0 U 92
95
0 0 U -1
1 1 U 0
2 0 U 1
3 0 U 2
4 0 U 3
5 0 U -1
6 0 U 4
7 0 U 6
8 0 U 7
9 0 U 0
10 0 U 8
11 0 U 10
12 0 U 11
13 0 U 8
14 0 U 12
15 0 U -1
16 0 U 15
17 1 U 16
18 0 U 17
19 0 U 18
20 1 U 19
21 0 U 20
22 0 U 21
23 0 U 15
24 1 U 14
25 0 U 22
26 1 U 25
27 0 U 26
28 0 U 27
29 0 U 28
30 0 U -1
31 0 U 30
32 0 U 25
33 1 U 31
34 0 U 33
35 1 U 34
36 1 U 35
37 0 U 36
38 0 U 29
39 0 U 37
40 1 U 39
41 1 U 40
42 1 U 41
43 1 U 42
44 0 U -1
45 0 U 44
46 1 U 45
47 0 U 46
48 1 U 47
49 0 U 36
50 0 U 48
51 0 U 50
52 1 U 51
53 1 U 52
54 1 U 53
55 1 U 54
56 1 U 54
57 1 U -1
58 1 U 57
59 0 U 55
60 1 U 58
61 0 U 60
62 0 U 61
63 0 U 62
64 1 U 63
65 1 U 64
66 1 U 65
67 0 U 66
68 0 U 67
69 1 U 68
70 0 U -1
71 1 U 70
72 0 U 71
73 1 U 72
74 1 U 73
75 0 U 74
76 1 U 75
77 0 U 76
78 1 U 77
79 0 U 78
80 1 U 79
81 0 U -1
82 0 U 80
83 0 U 81
84 0 U 83
85 0 U 84
86 1 U 85
87 1 U 86
88 0 U 87
89 1 U 88
90 0 U 89
91 0 U 90
92 0 U 91
93 1 U 84
94 0 U 92
95
0 0 U -1
1 1 U 0
2 0 U 1
3 0 U 2
4 0 U 3
5 0 U 3
6 0 U 4
7 0 U 6
8 0 U 7
9 0 U -1
10 0 U 7
11 0 U 10
12 0 U 11
13 0 U 12
14 0 U 13
15 0 U -1
16 0 U 15
17 1 U 16
18 0 U 17
19 0 U 18
20 1 U 19
21 0 U 20
22 0 U 21
23 0 U 19
24 1 U 14
25 0 U 22
26 1 U 25
27 0 U 26
28 0 U 27
29 0 U 28
30 0 U -1
31 0 U 30
32 0 U 31
33 1 U 32
34 0 U 33
35 1 U 34
36 1 U 35
37 0 U 36
38 0 U 29
39 0 U 37
40 1 U 39
41 1 U 40
42 1 U 41
43 1 U -1
44 0 U 43
45 0 U 44
46 1 U 45
47 0 U 46
48 1 U 47
49 0 U 36
50 0 U 48
51 0 U 50
52 1 U 51
53 1 U 52
54 1 U 53
55 1 U -1
56 1 U 45
57 1 U 55
58 1 U 57
59 0 U 58
60 1 U 59
61 0 U 60
62 0 U 61
63 0 U 62
64 1 U 63
65 1 U 64
66 1 U 65
67 0 U 66
68 0 U 67
69 1 U -1
70 0 U 69
71 1 U 70
72 0 U 71
73 1 U 72
74 1 U 73
75 0 U 74
76 1 U 75
77 0 U 76
78 1 U 77
79 0 U 78
80 1 U -1
81 0 U 80
82 0 U 79
83 0 U 81
84 0 U 83
85 0 U 84
86 1 U 85
87 1 U 86
88 0 U 87
89 1 U 88
90 0 U 89
91 0 U 90
92 0 U 91
93 1 U 81
94 0 U 92
95
0 0 U -1
1 1 U 0
2 0 U 1
3 0 U 2
4 0 U 3
5 0 U 3
6 0 U 4
7 0 U 6
8 0 U 7
9 0 U 7
10 0 U -1
11 0 U 9
12 0 U 11
13 0 U 12
14 0 U 13
15 0 U -1
16 0 U 15
17 1 U 16
18 0 U 14
19 0 U 17
20 1 U 19
21 0 U 20
22 0 U 21
23 0 U 13
24 1 U 22
25 0 U 24
26 1 U 25
27 0 U 26
28 0 U 27
29 0 U 28
30 0 U -1
31 0 U 30
32 0 U 31
33 1 U 32
34 0 U 33
35 1 U 34
36 1 U 35
37 0 U 36
38 0 U 29
39 0 U 37
40 1 U 39
41 1 U 40
42 1 U 41
43 1 U -1
44 0 U 43
45 0 U 44
46 1 U 45
47 0 U 46
48 1 U 47
49 0 U 36
50 0 U 48
51 0 U 50
52 1 U 51
53 1 U 52
54 1 U 53
55 1 U -1
56 1 U -1
57 1 U 55
58 1 U 57
59 0 U 58
60 1 U 59
61 0 U 60
62 0 U 61
63 0 U 62
64 1 U 63
65 1 U 64
66 1 U 65
67 0 U 66
68 0 U 67
69 1 U -1
70 0 U 69
71 1 U 70
72 0 U 71
73 1 U 72
74 1 U 73
75 0 U 74
76 1 U 75
77 0 U 76
78 1 U 77
79 0 U 78
80 1 U -1
81 0 U 80
82 0 U 79
83 0 U 81
84 0 U 83
85 0 U 84
86 1 U 85
87 1 U 86
88 0 U 87
89 1 U 88
90 0 U 89
91 0 U 90
92 0 U 91
93 1 U 81
94 0 U 92
95
0 0 U -1
1 1 U 0
2 0 U 1
3 0 U 2
4 0 U 3
5 0 U 3
6 0 U 4
7 0 U 6
8 0 U 7
9 0 U 7
10 0 U 9
11 0 U 10
12 0 U 11
13 0 U -1
14 0 U 12
15 0 U -1
16 0 U 15
17 1 U 16
18 0 U 17
19 0 U 18
20 1 U 19
21 0 U 20
22 0 U 21
23 0 U 15
24 1 U 14
25 0 U 22
26 1 U 25
27 0 U 26
28 0 U 27
29 0 U 28
30 0 U -1
31 0 U 30
32 0 U 30
33 1 U 31
34 0 U 33
35 1 U 34
36 1 U 35
37 0 U 36
38 0 U 29
39 0 U 37
40 1 U 39
41 1 U 40
42 1 U 41
43 1 U 42
44 0 U -1
45 0 U 44
46 1 U 45
47 0 U 46
48 1 U 47
49 0 U 45
50 0 U 48
51 0 U 50
52 1 U 51
53 1 U 52
54 1 U 53
55 1 U 54
56 1 U 54
57 1 U -1
58 1 U 57
59 0 U 55
60 1 U 58
61 0 U 60
62 0 U 61
63 0 U 62
64 1 U 63
65 1 U 64
66 1 U 65
67 0 U 66
68 0 U 67
69 1 U 68
70 0 U -1
71 1 U 70
72 0 U 71
73 1 U 72
74 1 U 73
75 0 U 74
76 1 U 75
77 0 U 76
78 1 U 77
79 0 U 78
80 1 U 79
81 1 U -1
82 0 U 80
83 0 U 81
84 0 U 83
85 0 U 84
86 1 U 85
87 1 U 86
88 0 U 87
89 1 U 88
90 0 U 89
91 0 U 90
92 0 U 91
93 1 U 81
94 0 U 92
95
0 0 U -1
1 1 U 0
2 0 U 1
3 0 U 2
4 0 U 3
5 0 U 3
6 0 U 4
7 0 U 6
8 0 U 7
9 0 U 7
10 0 U -1
11 0 U 9
12 0 U 11
13 0 U 12
14 0 U 13
15 0 U -1
16 0 U 15
17 1 U 14
18 0 U 16
19 0 U 18
20 1 U 19
21 0 U 20
22 0 U 21
23 0 U 13
24 1 U 22
25 0 U 24
26 1 U 25
27 0 U 26
28 0 U 27
29 0 U 28
30 0 U -1
31 0 U 30
32 0 U 25
33 1 U 31
34 0 U 33
35 1 U 34
36 1 U 35
37 0 U 36
38 0 U 29
39 0 U 37
40 1 U 39
41 1 U 40
42 1 U 41
43 1 U 42
44 0 U -1
45 0 U 44
46 1 U 45
47 0 U 46
48 1 U 47
49 0 U 41
50 0 U 48
51 0 U 50
52 1 U 51
53 1 U 52
54 1 U 53
55 1 U 54
56 1 U 54
57 1 U -1
58 1 U 57
59 0 U 55
60 1 U 58
61 0 U 60
62 0 U 61
63 0 U 62
64 1 U 63
65 1 U 64
66 1 U 65
67 0 U 66
68 0 U 67
69 1 U 68
70 0 U -1
71 1 U 70
72 0 U 71
73 1 U 72
74 1 U 73
75 0 U 74
76 1 U 75
77 0 U 76
78 1 U 77
79 1 U 78
80 1 U 79
81 0 U -1
82 0 U 81
83 0 U 82
84 0 U 83
85 0 U 84
86 1 U 85
87 1 U 86
88 0 U 87
89 1 U 88
90 0 U 89
91 0 U 90
92 0 U 91
93 1 U 82
94 0 U 92
95
0 0 U -1
1 1 U 0
2 0 U 1
3 0 U 2
4 0 U 3
5 0 U 3
6 0 U 4
7 0 U 6
8 0 U 7
9 0 U 7
10 0 U 9
11 0 U 10
12 0 U 11
13 0 U 9
14 0 U 12
15 0 U -1
16 0 U 15
17 1 U 16
18 0 U 17
19 0 U 18
20 1 U 19
21 0 U 20
22 0 U 21
23 0 U 15
24 1 U 14
25 0 U 22
26 1 U 25
27 0 U 26
28 0 U 27
29 0 U 28
30 0 U -1
31 0 U 30
32 0 U 25
33 1 U 31
34 0 U 33
35 1 U 34
36 1 U 35
37 0 U 36
38 0 U 29
39 0 U 37
40 1 U 39
41 1 U 40
42 1 U 41
43 1 U 42
44 0 U -1
45 0 U 44
46 1 U 45
47 0 U 46
48 1 U 47
49 0 U 36
50 0 U 48
51 0 U 50
52 1 U 51
53 1 U 52
54 1 U 53
55 1 U 54
56 1 U 54
57 1 U -1
58 1 U 57
59 0 U 55
60 1 U 58
61 0 U 60
62 0 U 61
63 0 U 62
64 1 U 63
65 1 U 64
66 1 U 65
67 0 U 66
68 0 U 67
69 1 U 68
70 0 U -1
71 1 U 70
72 0 U 71
73 1 U 72
74 1 U 73
75 0 U 74
76 1 U 75
77 0 U 76
78 1 U 77
79 0 U 78
80 1 U 79
81 0 U -1
82 0 U 80
83 0 U 81
84 0 U 83
85 0 U 84
86 1 U 85
87 1 U 86
88 0 U 87
89 1 U 88
90 0 U 89
91 1 U 90
92 0 U 91
93 1 U 85
94 0 U 92
95
0 0 U -1
1 1 U 0
2 0 U 1
3 0 U 2
4 0 U 3
5 0 U -1
6 0 U 4
7 0 U 6
8 0 U 7
9 0 U 0
10 0 U 8
11 0 U 10
12 0 U 11
13 0 U 3
14 0 U 12
15 0 U -1
16 0 U 15
17 1 U 16
18 0 U 17
19 0 U 18
20 1 U 19
21 0 U 20
22 0 U 21
23 0 U 19
24 1 U 14
25 0 U 22
26 1 U 25
27 0 U 26
28 0 U 27
29 0 U 28
30 0 U -1
31 0 U 30
32 0 U 30
33 1 U 31
34 0 U 33
35 1 U 34
36 1 U 35
37 0 U 36
38 0 U 29
39 0 U 37
40 1 U 39
41 1 U 40
42 1 U 41
43 1 U 42
44 0 U -1
45 0 U 44
46 1 U 45
47 0 U 46
48 1 U 47
49 0 U 41
50 0 U 48
51 0 U 50
52 1 U 51
53 1 U 52
54 1 U 53
55 1 U 54
56 1 U 45
57 1 U -1
58 1 U 57
59 0 U 55
60 1 U 58
61 0 U 60
62 0 U 61
63 0 U 62
64 1 U 63
65 1 U 64
66 1 U 65
67 0 U 66
68 0 U 67
69 1 U 68
70 0 U -1
71 1 U 70
72 0 U 71
73 1 U 72
74 1 U 73
75 0 U 74
76 1 U 75
77 0 U 76
78 1 U 77
79 0 U 78
80 1 U 79
81 0 U -1
82 0 U 80
83 0 U 81
84 0 U 83
85 0 U 84
86 1 U 85
87 1 U 86
88 0 U 87
89 1 U 88
90 0 U 89
91 0 U 90
92 0 U 91
93 1 U 81
94 0 U 92
95
0 0 U -1
1 1 U 0
2 0 U 1
3 0 U 2
4 0 U 3
5 0 U -1
6 0 U 4
7 0 U 6
8 0 U 7
9 0 U 0
10 0 U 8
11 0 U 10
12 0 U 11
13 0 U 3
14 0 U 12
15 0 U -1
16 0 U 15
17 1 U 16
18 0 U 17
19 0 U 18
20 1 U 19
21 0 U 20
22 0 U 21
23 0 U 8
24 1 U 14
25 0 U 22
26 1 U 25
27 0 U 26
28 0 U 27
29 0 U 28
30 0 U -1
31 0 U 30
32 0 U 30
33 1 U 31
34 0 U 33
35 1 U 34
36 1 U 35
37 0 U 36
38 0 U 29
39 0 U 37
40 1 U 39
41 1 U 40
42 1 U 41
43 1 U 42
44 0 U -1
45 0 U 44
46 1 U 45
47 0 U 46
48 1 U 47
49 0 U 36
50 0 U 48
51 0 U 50
52 1 U 51
53 1 U 52
54 1 U 53
55 1 U 54
56 1 U 54
57 1 U -1
58 1 U 57
59 0 U 55
60 1 U 58
61 0 U 60
62 0 U 61
63 0 U 62
64 1 U 63
65 1 U 64
66 1 U 65
67 0 U 66
68 0 U 67
69 1 U 68
70 0 U -1
71 1 U 70
72 0 U 71
73 1 U 72
74 1 U 73
75 0 U 74
76 1 U 75
77 0 U 76
78 1 U 77
79 0 U 78
80 1 U 79
81 0 U -1
82 0 U 80
83 0 U 81
84 0 U 83
85 0 U 84
86 1 U 85
87 1 U 86
88 0 U 87
89 1 U 88
90 0 U 89
91 0 U 90
92 0 U 91
93 1 U 81
94 0 U 92
95
0 0 U -1
1 1 U 0
2 0 U 1
3 0 U 2
4 0 U 3
5 0 U 4
6 0 U 5
7 0 U 6
8 0 U 7
9 0 U 7
10 0 U -1
11 0 U 9
12 0 U 11
13 0 U 4
14 0 U 12
15 0 U -1
16 0 U 15
17 1 U 16
18 0 U 17
19 0 U 18
20 1 U 19
21 0 U 20
22 0 U 21
23 0 U 15
24 1 U 14
25 0 U 22
26 1 U 25
27 0 U 26
28 0 U 27
29 0 U 28
30 0 U -1
31 0 U 30
32 0 U 30
33 1 U 31
34 0 U 33
35 1 U 34
36 1 U 35
37 0 U 36
38 0 U 29
39 0 U 37
40 1 U 39
41 1 U 40
42 1 U 41
43 1 U 42
44 0 U -1
45 0 U 44
46 1 U 45
47 0 U 46
48 1 U 47
49 0 U 36
50 0 U 48
51 0 U 50
52 1 U 51
53 1 U 52
54 1 U 53
55 1 U 54
56 1 U 45
57 1 U -1
58 1 U 57
59 0 U 55
60 1 U 58
61 0 U 60
62 0 U 61
63 0 U 62
64 1 U 63
65 1 U 64
66 1 U 65
67 0 U 66
68 0 U 67
69 1 U 68
70 0 U -1
71 1 U 70
72 0 U 71
73 1 U 72
74 1 U 73
75 0 U 74
76 1 U 75
77 0 U 76
78 1 U 77
79 0 U 78
80 1 U 79
81 0 U -1
82 0 U 80
83 0 U 81
84 0 U 83
85 0 U 84
86 1 U 85
87 1 U 86
88 0 U 87
89 1 U 88
90 0 U 89
91 0 U 90
92 0 U 91
93 1 U 84
94 0 U 92
95
0 0 U -1
1 1 U 0
2 0 U 1
3 0 U 2
4 0 U 3
5 0 U -1
6 0 U 4
7 0 U 6
8 0 U 7
9 0 U 3
10 0 U 7
11 0 U 10
12 0 U 11
13 0 U 12
14 0 U 13
15 0 U -1
16 0 U 15
17 1 U 16
18 0 U 17
19 0 U 18
20 1 U 19
21 0 U 20
22 0 U 21
23 0 U 15
24 1 U 14
25 0 U 22
26 1 U 25
27 0 U 26
28 0 U 27
29 0 U 28
30 0 U -1
31 0 U 30
32 0 U 30
33 1 U 31
34 0 U 33
35 1 U 34
36 1 U 35
37 0 U 36
38 0 U 29
39 0 U 37
40 1 U 39
41 1 U 40
42 1 U 41
43 1 U 42
44 0 U -1
45 0 U 44
46 1 U 45
47 0 U 46
48 1 U 47
49 0 U 45
50 0 U 48
51 0 U 50
52 1 U 51
53 1 U 52
54 1 U 53
55 1 U 54
56 1 U 54
57 1 U -1
58 1 U 57
59 0 U 55
60 1 U 58
61 0 U 60
62 0 U 61
63 0 U 62
64 1 U 63
65 1 U 64
66 1 U 65
67 0 U 66
68 0 U 67
69 1 U 68
70 0 U -1
71 1 U 70
72 0 U 71
73 1 U 72
74 1 U 73
75 0 U 74
76 1 U 75
77 0 U 76
78 1 U 77
79 0 U 78
80 1 U 79
81 0 U -1
82 0 U 80
83 0 U 81
84 0 U 83
85 0 U 84
86 0 U 85
87 1 U 86
88 0 U 87
89 1 U 88
90 0 U 89
91 0 U 90
92 0 U 91
93 1 U 84
94 0 U 92
95
0 0 U -1
1 1 U 0
2 0 U 1
3 0 U 2
4 0 U 3
5 0 U 4
6 0 U 5
7 0 U 6
8 0 U 7
9 0 U 7
10 0 U -1
11 0 U 9
12 0 U 11
13 0 U 4
14 0 U 12
15 0 U -1
16 0 U 15
17 1 U 16
18 0 U 17
19 0 U 18
20 1 U 19
21 0 U 20
22 0 U 21
23 0 U 15
24 1 U 14
25 0 U 22
26 1 U 25
27 0 U 26
28 0 U 27
29 0 U 28
30 0 U -1
31 0 U 30
32 0 U 30
33 1 U 31
34 0 U 33
35 1 U 34
36 1 U 35
37 0 U 36
38 0 U 29
39 0 U 37
40 1 U 39
41 1 U 40
42 1 U 41
43 1 U 42
44 0 U -1
45 0 U 44
46 1 U 45
47 0 U 46
48 1 U 47
49 0 U 36
50 0 U 48
51 0 U 50
52 1 U 51
53 1 U 52
54 1 U 53
55 1 U 54
56 1 U 45
57 1 U -1
58 1 U 57
59 0 U 55
60 1 U 58
61 0 U 60
62 0 U 61
63 0 U 62
64 1 U 63
65 1 U 64
66 1 U 65
67 0 U 66
68 0 U 67
69 1 U 68
70 0 U -1
71 1 U 70
72 0 U 71
73 1 U 72
74 1 U 73
75 0 U 74
76 1 U 75
77 0 U 76
78 1 U 77
79 0 U 78
80 1 U 79
81 0 U -1
82 0 U 80
83 0 U 81
84 0 U 83
85 0 U 84
86 1 U 85
87 1 U 86
88 0 U 87
89 1 U 88
90 0 U 89
91 0 U 90
92 0 U 91
93 1 U 84
94 0 U 92
95
0 0 U -1
1 1 U 0
2 0 U 1
3 0 U 2
4 0 U 3
5 0 U 3
6 0 U 4
7 0 U 6
8 0 U 7
9 0 U 7
10 0 U 9
11 0 U 10
12 0 U 11
13 0 U 9
14 0 U 12
15 0 U -1
16 0 U 15
17 1 U 16
18 0 U 17
19 0 U 18
20 1 U 19
21 0 U 20
22 0 U 21
23 0 U 15
24 1 U 14
25 0 U 22
26 1 U 25
27 0 U 26
28 0 U 27
29 0 U 28
30 0 U -1
31 0 U 30
32 0 U 25
33 1 U 31
34 0 U 33
35 1 U 34
36 1 U 35
37 0 U 36
38 0 U 29
39 0 U 37
40 1 U 39
41 1 U 40
42 1 U 41
43 1 U 42
44 0 U -1
45 0 U 44
46 1 U 45
47 0 U 46
48 1 U 47
49 0 U 48
50 0 U 49
51 0 U 50
52 1 U 51
53 1 U 52
54 1 U 53
55 1 U 54
56 1 U 45
57 1 U -1
58 1 U 57
59 0 U 55
60 1 U 58
61 0 U 60
62 0 U 61
63 0 U 62
64 1 U 63
65 1 U 64
66 1 U 65
67 0 U 66
68 0 U 67
69 1 U 68
70 0 U -1
71 1 U 70
72 0 U 71
73 1 U 72
74 1 U 73
75 0 U 74
76 1 U 75
77 0 U 76
78 1 U 77
79 0 U 78
80 1 U 79
81 0 U -1
82 0 U 80
83 0 U 81
84 0 U 83
85 0 U 84
86 1 U 85
87 1 U 86
88 0 U 87
89 1 U 88
90 0 U 89
91 0 U 90
92 0 U 91
93 1 U 84
94 0 U 92
95
0 0 U -1
1 1 U 0
2 0 U 1
3 0 U 2
4 0 U 3
5 0 U 3
6 0 U 4
7 0 U 6
8 0 U 7
9 0 U 7
10 0 U 9
11 0 U 10
12 0 U 11
13 0 U 9
14 0 U 12
15 0 U -1
16 0 U 15
17 1 U 16
18 0 U 17
19 0 U 18
20 1 U 19
21 0 U 20
22 0 U 21
23 0 U 15
24 1 U 14
25 0 U 22
26 1 U 25
27 0 U 26
28 0 U 27
29 0 U 28
30 0 U -1
31 0 U 30
32 0 U 25
33 1 U 31
34 0 U 33
35 1 U 34
36 1 U 35
37 0 U 36
38 0 U 29
39 0 U 37
40 1 U 39
41 1 U 40
42 1 U 41
43 1 U 42
44 0 U -1
45 0 U 44
46 1 U 45
47 0 U 46
48 1 U 47
49 0 U 48
50 0 U 49
51 0 U 50
52 1 U 51
53 1 U 52
54 1 U 53
55 1 U 54
56 1 U 45
57 1 U -1
58 1 U 57
59 0 U 55
60 1 U 58
61 0 U 60
62 0 U 61
63 0 U 62
64 1 U 63
65 1 U 64
66 1 U 65
67 0 U 66
68 0 U 67
69 1 U 68
70 0 U -1
71 1 U 70
72 0 U 71
73 1 U 72
74 1 U 73
75 0 U 74
76 1 U 75
77 0 U 76
78 1 U 77
79 0 U 78
80 1 U 79
81 0 U -1
82 0 U 80
83 1 U 81
84 0 U 83
85 0 U 84
86 1 U 85
87 1 U 86
88 0 U 87
89 0 U 88
90 0 U 89
91 0 U 90
92 0 U 91
93 1 U 84
94 0 U 92
95
0 0 U -1
1 1 U 0
2 0 U 1
3 0 U 2
4 0 U 3
5 0 U -1
6 0 U 4
7 0 U 6
8 0 U 7
9 0 U 7
10 0 U 9
11 0 U 10
12 0 U 11
13 0 U 9
14 0 U 12
15 0 U -1
16 0 U 15
17 1 U 16
18 0 U 17
19 0 U 18
20 1 U 19
21 0 U 20
22 0 U 21
23 0 U 15
24 1 U 14
25 0 U 22
26 1 U 25
27 0 U 26
28 0 U 27
29 0 U 28
30 0 U -1
31 0 U 30
32 0 U 30
33 1 U 31
34 0 U 33
35 1 U 34
36 1 U 35
37 0 U 36
38 0 U 29
39 0 U 37
40 1 U 39
41 1 U 40
42 1 U 41
43 1 U 42
44 0 U -1
45 0 U 44
46 1 U 45
47 0 U 46
48 1 U 47
49 0 U 48
50 0 U 49
51 0 U 50
52 1 U 51
53 1 U 52
54 1 U 53
55 1 U 54
56 1 U 54
57 1 U -1
58 1 U 57
59 0 U 55
60 1 U 58
61 0 U 60
62 0 U 61
63 0 U 62
64 1 U 63
65 1 U 64
66 1 U 65
67 0 U 66
68 0 U 67
69 1 U 68
70 0 U -1
71 1 U 70
72 0 U 71
73 1 U 72
74 1 U 73
75 0 U 74
76 1 U 75
77 0 U 76
78 1 U 77
79 0 U 78
80 1 U 79
81 0 U -1
82 0 U 80
83 0 U 81
84 0 U 83
85 0 U 84
86 1 U 85
87 1 U 86
88 0 U 87
89 1 U 88
90 0 U 89
91 0 U 90
92 0 U 91
93 1 U 81
94 0 U 92
95
0 0 U -1
1 1 U 0
2 0 U 1
3 0 U 2
4 0 U 3
5 0 U 3
6 0 U 4
7 0 U 6
8 0 U 7
9 0 U 7
10 0 U -1
11 0 U 9
12 0 U 11
13 0 U 12
14 0 U 13
15 0 U -1
16 0 U 15
17 1 U 14
18 0 U 16
19 0 U 18
20 1 U 19
21 0 U 20
22 0 U 21
23 0 U 13
24 1 U 22
25 0 U 24
26 1 U 25
27 0 U 26
28 0 U 27
29 0 U 28
30 0 U -1
31 0 U 30
32 0 U 30
33 1 U 31
34 0 U 33
35 1 U 34
36 1 U 35
37 0 U 36
38 0 U 29
39 0 U 37
40 1 U 39
41 1 U 40
42 1 U 41
43 1 U 42
44 0 U -1
45 0 U 44
46 1 U 45
47 0 U 46
48 1 U 47
49 0 U 36
50 0 U 48
51 0 U 50
52 1 U 51
53 1 U 52
54 1 U 53
55 1 U 54
56 1 U 45
57 1 U -1
58 1 U 57
59 0 U 55
60 1 U 58
61 0 U 60
62 0 U 61
63 0 U 62
64 1 U 63
65 1 U 64
66 1 U 65
67 0 U 66
68 0 U 67
69 1 U 68
70 0 U -1
71 1 U 70
72 0 U 71
73 1 U 72
74 1 U 73
75 0 U 74
76 1 U 75
77 0 U 76
78 1 U 77
79 0 U 78
80 1 U 79
81 0 U -1
82 0 U 80
83 0 U 81
84 0 U 83
85 0 U 84
86 1 U 85
87 1 U 86
88 0 U 87
89 1 U 88
90 0 U 89
91 0 U 90
92 0 U 91
93 1 U 84
94 0 U 92
95
0 0 U -1
1 1 U 0
2 0 U 1
3 0 U 2
4 0 U 3
5 0 U 3
6 0 U 4
7 0 U 6
8 0 U 7
9 0 U -1
10 0 U 8
11 0 U 10
12 0 U 11
13 0 U 8
14 0 U 12
15 0 U -1
16 0 U 15
17 1 U 16
18 0 U 17
19 0 U 18
20 1 U 19
21 0 U 20
22 0 U 21
23 0 U 15
24 1 U 14
25 0 U 22
26 1 U 25
27 0 U 26
28 0 U 27
29 0 U 28
30 0 U -1
31 0 U 30
32 0 U 30
33 1 U 31
34 0 U 33
35 1 U 34
36 1 U 35
37 0 U 36
38 0 U 29
39 0 U 37
40 1 U 39
41 1 U 40
42 1 U 41
43 1 U 42
44 0 U -1
45 0 U 44
46 1 U 45
47 0 U 46
48 1 U 47
49 0 U 36
50 0 U 48
51 0 U 50
52 1 U 51
53 1 U 52
54 1 U 53
55 0 U 45
56 1 U 54
57 1 U -1
58 1 U 57
59 0 U 56
60 1 U 58
61 0 U 60
62 0 U 61
63 0 U 62
64 1 U 63
65 1 U 64
66 1 U 65
67 0 U 66
68 0 U 67
69 1 U 68
70 0 U -1
71 1 U 70
72 0 U 71
73 1 U 72
74 1 U 73
75 0 U 74
76 1 U 75
77 0 U 76
78 1 U 77
79 0 U 78
80 1 U 79
81 0 U -1
82 0 U 80
83 0 U 81
84 0 U 83
85 0 U 84
86 1 U 85
87 1 U 86
88 0 U 87
89 1 U 88
90 0 U 89
91 0 U 90
92 0 U 91
93 1 U 84
94 0 U 92
95
0 0 U -1
1 1 U 0
2 0 U 1
3 0 U 2
4 0 U 3
5 0 U 3
6 0 U 4
7 0 U 6
8 0 U 7
9 0 U -1
10 0 U 7
11 0 U 10
12 0 U 11
13 0 U 12
14 0 U 13
15 0 U -1
16 0 U 15
17 1 U 16
18 0 U 17
19 0 U 18
20 1 U 19
21 0 U 20
22 0 U 21
23 0 U 15
24 1 U 14
25 0 U 22
26 1 U 25
27 0 U 26
28 0 U 27
29 0 U 28
30 0 U -1
31 0 U 30
32 0 U 30
33 1 U 31
34 0 U 33
35 1 U 34
36 1 U 35
37 0 U 36
38 0 U 29
39 0 U 37
40 1 U 39
41 1 U 40
42 1 U 41
43 1 U 42
44 0 U -1
45 0 U 44
46 1 U 45
47 0 U 46
48 1 U 47
49 0 U 45
50 0 U 48
51 0 U 50
52 1 U 51
53 1 U 52
54 1 U 53
55 1 U 54
56 1 U 54
57 1 U -1
58 1 U 57
59 0 U 55
60 1 U 58
61 0 U 60
62 0 U 61
63 0 U 62
64 1 U 63
65 1 U 64
66 1 U 65
67 0 U 66
68 0 U 67
69 1 U 68
70 0 U -1
71 1 U 70
72 0 U 71
73 0 U 72
74 1 U 73
75 0 U 74
76 1 U 75
77 0 U 76
78 1 U 77
79 0 U 78
80 1 U -1
81 0 U 80
82 0 U 79
83 0 U 81
84 0 U 83
85 0 U 84
86 1 U 85
87 1 U 86
88 0 U 87
89 1 U 88
90 0 U 89
91 0 U 90
92 0 U 91
93 1 U 84
94 0 U 92
95
0 0 U -1
1 1 U 0
2 0 U 1
3 0 U 2
4 0 U 3
5 0 U 3
6 0 U 4
7 0 U 6
8 0 U 7
9 0 U 7
10 0 U -1
11 0 U 9
12 0 U 11
13 0 U 12
14 0 U 13
15 0 U -1
16 0 U 15
17 1 U 14
18 0 U 16
19 0 U 18
20 1 U 19
21 0 U 20
22 0 U 21
23 0 U 13
24 1 U 22
25 0 U 24
26 1 U 25
27 0 U 26
28 0 U 27
29 0 U 28
30 0 U -1
31 0 U 30
32 0 U 30
33 1 U 31
34 0 U 33
35 1 U 34
36 1 U 35
37 0 U 36
38 0 U 29
39 0 U 37
40 1 U 39
41 1 U 40
42 1 U 41
43 1 U 42
44 0 U -1
45 0 U 44
46 1 U 45
47 0 U 46
48 1 U 47
49 0 U 36
50 0 U 48
51 0 U 50
52 1 U 51
53 1 U 52
54 1 U 53
55 1 U 54
56 1 U 45
57 1 U -1
58 1 U 57
59 0 U 55
60 1 U 58
61 0 U 60
62 0 U 61
63 0 U 62
64 1 U 63
65 1 U 64
66 1 U 65
67 0 U 66
68 0 U 67
69 1 U 68
70 0 U -1
71 1 U 70
72 0 U 71
73 1 U 72
74 1 U 73
75 0 U 74
76 1 U 75
77 0 U 76
78 1 U 77
79 0 U 78
80 1 U 79
81 0 U -1
82 0 U 80
83 0 U 81
84 0 U 83
85 0 U 84
86 1 U 85
87 1 U 86
88 0 U 87
89 1 U 88
90 0 U 89
91 0 U 90
92 0 U 91
93 1 U 84
94 0 U 92
95
0 0 U -1
1 1 U 0
2 0 U 1
3 0 U 2
4 0 U 3
5 0 U 4
6 0 U 5
7 0 U 6
8 0 U 7
9 0 U -1
10 0 U 7
11 0 U 10
12 0 U 11
13 0 U 4
14 0 U 12
15 0 U -1
16 0 U 15
17 1 U 16
18 0 U 17
19 0 U 18
20 1 U 19
21 0 U 20
22 0 U 21
23 0 U 15
24 1 U 14
25 0 U 22
26 1 U 25
27 0 U 26
28 0 U 27
29 0 U 28
30 0 U -1
31 0 U 30
32 0 U 25
33 1 U 31
34 0 U 33
35 1 U 34
36 1 U 35
37 0 U 36
38 0 U 29
39 0 U 37
40 1 U 39
41 1 U 40
42 1 U 41
43 1 U 42
44 0 U -1
45 0 U 44
46 1 U 45
47 0 U 46
48 1 U 47
49 0 U 36
50 0 U 48
51 0 U 50
52 1 U 51
53 1 U 52
54 1 U 53
55 1 U 54
56 1 U 54
57 1 U -1
58 1 U 57
59 0 U 55
60 1 U 58
61 0 U 60
62 0 U 61
63 0 U 62
64 1 U 63
65 1 U 64
66 1 U 65
67 0 U 66
68 0 U 67
69 1 U 68
70 0 U -1
71 1 U 69
72 0 U 70
73 1 U 72
74 1 U 73
75 0 U 74
76 1 U 75
77 0 U 76
78 1 U 77
79 0 U 78
80 1 U 79
81 0 U 80
82 0 U 81
83 0 U -1
84 0 U 83
85 0 U 84
86 1 U 85
87 1 U 86
88 0 U 87
89 1 U 88
90 0 U 89
91 0 U 90
92 0 U 91
93 1 U -1
94 0 U 92
95
0 0 U -1
1 1 U 0
2 0 U 1
3 0 U 2
4 0 U 3
5 0 U 4
6 0 U 5
7 0 U 6
8 0 U 7
9 0 U -1
10 0 U 7
11 0 U 10
12 0 U 11
13 0 U 4
14 0 U 12
15 0 U -1
16 0 U 15
17 1 U 16
18 0 U 17
19 0 U 18
20 1 U 19
21 0 U 20
22 0 U 21
23 0 U 15
24 1 U 14
25 0 U 22
26 1 U 25
27 0 U 26
28 0 U 27
29 0 U 28
30 0 U -1
31 0 U 30
32 0 U 30
33 1 U 31
34 0 U 33
35 1 U 34
36 1 U 35
37 0 U 36
38 0 U 29
39 0 U 37
40 1 U 39
41 1 U 40
42 1 U 41
43 1 U 42
44 0 U -1
45 0 U 44
46 1 U 45
47 0 U 46
48 1 U 47
49 0 U 36
50 0 U 48
51 0 U 50
52 1 U 51
53 1 U 52
54 1 U 53
55 1 U 54
56 1 U 54
57 1 U -1
58 1 U 57
59 0 U 55
60 1 U 58
61 0 U 60
62 0 U 61
63 0 U 62
64 1 U 63
65 1 U 64
66 1 U 65
67 0 U 66
68 0 U 67
69 1 U 68
70 0 U -1
71 1 U 70
72 0 U 71
73 1 U 72
74 1 U 73
75 0 U 74
76 1 U 75
77 0 U 76
78 1 U 77
79 0 U 78
80 1 U 79
81 0 U -1
82 0 U 80
83 0 U 81
84 0 U 83
85 0 U 84
86 1 U 85
87 1 U 86
88 0 U 87
89 1 U 88
90 0 U 89
91 0 U 90
92 0 U 91
93 1 U 81
94 0 U 92
95
0 0 U -1
1 1 U 0
2 0 U 1
3 0 U 2
4 0 U 3
5 0 U 4
6 0 U 5
7 0 U 6
8 0 U 7
9 0 U -1
10 0 U 7
11 0 U 10
12 0 U 11
13 0 U 4
14 0 U 12
15 0 U -1
16 0 U 15
17 1 U 16
18 0 U 17
19 0 U 18
20 1 U 19
21 0 U 20
22 0 U 21
23 0 U 15
24 1 U 14
25 0 U 22
26 1 U 25
27 0 U 26
28 0 U 27
29 0 U 28
30 0 U -1
31 0 U 30
32 0 U 30
33 1 U 31
34 0 U 33
35 1 U 34
36 1 U 35
37 0 U 36
38 0 U 29
39 0 U 37
40 1 U 39
41 1 U 40
42 1 U 41
43 1 U 42
44 0 U -1
45 0 U 44
46 1 U 45
47 0 U 46
48 1 U 47
49 0 U 41
50 0 U 48
51 0 U 50
52 1 U 51
53 1 U 52
54 1 U 53
55 1 U 54
56 1 U 45
57 1 U -1
58 1 U 57
59 0 U 55
60 1 U 58
61 0 U 60
62 0 U 61
63 0 U 62
64 1 U 63
65 1 U 64
66 1 U 65
67 0 U 66
68 0 U 67
69 1 U 68
70 0 U -1
71 1 U 70
72 0 U 71
73 1 U 72
74 1 U 73
75 0 U 74
76 1 U 75
77 0 U 76
78 1 U 77
79 0 U 78
80 1 U 79
81 0 U -1
82 0 U 80
83 0 U 81
84 0 U 83
85 0 U 84
86 1 U 85
87 1 U 86
88 0 U 87
89 1 U 88
90 0 U 89
91 0 U 90
92 0 U 91
93 1 U 81
94 0 U 92
95
0 0 U -1
1 1 U 0
2 0 U 1
3 0 U 2
4 0 U 3
5 0 U 3
6 0 U 4
7 0 U 6
8 0 U 7
9 0 U -1
10 0 U 7
11 0 U 10
12 0 U 11
13 0 U 12
14 0 U 13
15 0 U -1
16 0 U 15
17 1 U 16
18 0 U 17
19 0 U 18
20 1 U 19
21 0 U 20
22 0 U 21
23 0 U 15
24 1 U 14
25 0 U 22
26 1 U 25
27 0 U 26
28 0 U 27
29 0 U 28
30 0 U -1
31 0 U 30
32 0 U 30
33 1 U 31
34 0 U 33
35 1 U 34
36 1 U 35
37 0 U 36
38 0 U 29
39 0 U 37
40 1 U 39
41 1 U 40
42 1 U 41
43 1 U 42
44 0 U -1
45 0 U 44
46 1 U 45
47 0 U 46
48 1 U 47
49 0 U 48
50 0 U 49
51 0 U 50
52 1 U 51
53 1 U 52
54 1 U 53
55 1 U 54
56 1 U 54
57 1 U -1
58 1 U 57
59 0 U 55
60 1 U 58
61 0 U 60
62 0 U 61
63 0 U 62
64 1 U 63
65 1 U 64
66 1 U 65
67 0 U 66
68 0 U 67
69 1 U 68
70 0 U -1
71 1 U 70
72 0 U 71
73 1 U 72
74 1 U 73
75 0 U 74
76 1 U 75
77 0 U 76
78 1 U 77
79 0 U 78
80 1 U 79
81 0 U -1
82 0 U 80
83 0 U 81
84 0 U 83
85 0 U 84
86 1 U 85
87 1 U 86
88 0 U 87
89 1 U 88
90 0 U 89
91 0 U 90
92 0 U 91
93 1 U 81
94 0 U 92
95
0 0 U -1
1 1 U 0
2 0 U 1
3 0 U 2
4 0 U 3
5 0 U 3
6 0 U 4
7 0 U 6
8 0 U 7
9 0 U -1
10 0 U 7
11 0 U 10
12 0 U 11
13 0 U 12
14 0 U 13
15 0 U -1
16 0 U 15
17 1 U 16
18 0 U 17
19 0 U 18
20 1 U 19
21 0 U 20
22 0 U 21
23 0 U 15
24 1 U 14
25 0 U 22
26 1 U 25
27 0 U 26
28 0 U 27
29 0 U 28
30 0 U -1
31 0 U 30
32 0 U 30
33 1 U 31
34 0 U 33
35 1 U 34
36 1 U 35
37 0 U 36
38 0 U 29
39 0 U 37
40 1 U 39
41 1 U 40
42 1 U 41
43 1 U 42
44 0 U -1
45 0 U 44
46 1 U 45
47 0 U 46
48 1 U 47
49 0 U 48
50 0 U 49
51 0 U 50
52 1 U 51
53 1 U 52
54 1 U 53
55 1 U 54
56 1 U 54
57 1 U -1
58 1 U 57
59 0 U 55
60 1 U 58
61 0 U 60
62 0 U 61
63 0 U 62
64 1 U 63
65 1 U 64
66 1 U 65
67 0 U 66
68 0 U 67
69 1 U 68
70 0 U -1
71 1 U 70
72 0 U 71
73 1 U 72
74 1 U 73
75 0 U 74
76 1 U 75
77 0 U 76
78 1 U 77
79 0 U 78
80 1 U 79
81 0 U -1
82 0 U 80
83 0 U 81
84 0 U 83
85 0 U 84
86 1 U 85
87 1 U 86
88 0 U 87
89 1 U 88
90 0 U 89
91 0 U 90
92 0 U 91
93 1 U 81
94 0 U 92
95
0 0 U -1
1 1 U 0
2 0 U 1
3 0 U 2
4 0 U 3
5 0 U 4
6 0 U 5
7 0 U 6
8 0 U 7
9 0 U 3
10 0 U -1
11 0 U 8
12 0 U 11
13 0 U 4
14 0 U 12
15 0 U -1
16 0 U 15
17 1 U 16
18 0 U 14
19 0 U 17
20 1 U 19
21 0 U 20
22 0 U 21
23 0 U 15
24 1 U 22
25 0 U 24
26 1 U 25
27 0 U 26
28 0 U 27
29 0 U 28
30 0 U -1
31 0 U 30
32 0 U 25
33 1 U 31
34 0 U 33
35 1 U 34
36 1 U 35
37 0 U 36
38 0 U 29
39 0 U 37
40 1 U 39
41 1 U 40
42 1 U 41
43 1 U 42
44 0 U -1
45 0 U 44
46 1 U 45
47 0 U 46
48 1 U 47
49 0 U 36
50 0 U 48
51 0 U 50
52 1 U 51
53 1 U 52
54 1 U 53
55 1 U 54
56 1 U 54
57 1 U -1
58 1 U 57
59 0 U 55
60 1 U 58
61 0 U 60
62 0 U 61
63 0 U 62
64 1 U 63
65 1 U 64
66 1 U 65
67 0 U 66
68 0 U 67
69 1 U 68
70 0 U -1
71 1 U 70
72 0 U 71
73 1 U 72
74 1 U 73
75 0 U 74
76 0 U 75
77 0 U 76
78 1 U 77
79 0 U 78
80 1 U 79
81 0 U -1
82 0 U 81
83 0 U 82
84 0 U 83
85 0 U 84
86 1 U 85
87 1 U 86
88 0 U 87
89 1 U 88
90 0 U 89
91 0 U 90
92 0 U 91
93 1 U 92
94 0 U 93
95
0 0 U -1
1 1 U 0
2 0 U 1
3 0 U 2
4 0 U 3
5 0 U 3
6 0 U 4
7 0 U 6
8 0 U 7
9 0 U -1
10 0 U 7
11 0 U 10
12 0 U 11
13 0 U 12
14 0 U 13
15 0 U -1
16 0 U 15
17 1 U 16
18 0 U 17
19 0 U 18
20 1 U 19
21 0 U 20
22 0 U 21
23 0 U 15
24 1 U 14
25 0 U 22
26 1 U 25
27 0 U 26
28 0 U 27
29 0 U 28
30 0 U -1
31 0 U 30
32 0 U 30
33 1 U 31
34 0 U 33
35 1 U 34
36 1 U 35
37 0 U 36
38 0 U 29
39 0 U 37
40 1 U 39
41 1 U 40
42 1 U 41
43 1 U 42
44 0 U -1
45 0 U 44
46 1 U 45
47 0 U 46
48 1 U 47
49 0 U 36
50 0 U 48
51 0 U 50
52 1 U 51
53 1 U 52
54 1 U 53
55 1 U 54
56 1 U 45
57 1 U -1
58 1 U 57
59 0 U 55
60 1 U 58
61 0 U 60
62 0 U 61
63 0 U 62
64 1 U 63
65 1 U 64
66 1 U 65
67 0 U 66
68 0 U 67
69 1 U 68
70 0 U -1
71 1 U 70
72 0 U 71
73 1 U 72
74 1 U 73
75 0 U 74
76 1 U 75
77 0 U 76
78 1 U 77
79 0 U 78
80 1 U 79
81 0 U -1
82 0 U 80
83 0 U 81
84 0 U 83
85 0 U 84
86 1 U 85
87 1 U 86
88 0 U 87
89 1 U 88
90 0 U 89
91 0 U 90
92 0 U 91
93 1 U 85
94 0 U 92
95
0 0 U -1
1 1 U 0
2 0 U 1
3 0 U 2
4 0 U 3
5 0 U 3
6 0 U 4
7 0 U 6
8 0 U 7
9 0 U 7
10 0 U -1
11 0 U 9
12 0 U 11
13 0 U 12
14 0 U 13
15 0 U -1
16 0 U 15
17 1 U 14
18 0 U 16
19 0 U 18
20 1 U 19
21 0 U 20
22 0 U 21
23 0 U 15
24 1 U 22
25 0 U 24
26 1 U 25
27 0 U 26
28 0 U 27
29 0 U 28
30 0 U -1
31 0 U 30
32 0 U 30
33 1 U 31
34 0 U 33
35 1 U 34
36 1 U 35
37 0 U 36
38 0 U 29
39 0 U 37
40 1 U 39
41 1 U 40
42 1 U 41
43 1 U 42
44 0 U -1
45 0 U 44
46 1 U 45
47 0 U 46
48 1 U 47
49 0 U 45
50 0 U 48
51 0 U 50
52 1 U 51
53 1 U 52
54 1 U 53
55 1 U 54
56 1 U 54
57 1 U -1
58 1 U 57
59 0 U 55
60 1 U 58
61 0 U 60
62 0 U 61
63 0 U 62
64 1 U 63
65 1 U 64
66 1 U 65
67 0 U 66
68 0 U 67
69 1 U 68
70 0 U -1
71 1 U 70
72 0 U 71
73 1 U 72
74 1 U 73
75 0 U 74
76 1 U 75
77 0 U 76
78 1 U 77
79 0 U 78
80 1 U 79
81 0 U -1
82 0 U 80
83 0 U 81
84 0 U 83
85 0 U 84
86 1 U 85
87 1 U 86
88 0 U 87
89 1 U 88
90 0 U 89
91 0 U 90
92 0 U 91
93 1 U 85
94 0 U 92
95
0 0 U -1
1 1 U 0
2 0 U 1
3 0 U 2
4 0 U 3
5 0 U 3
6 0 U 4
7 0 U 6
8 0 U 7
9 0 U 7
10 0 U -1
11 0 U 9
12 0 U 11
13 0 U 12
14 0 U 13
15 0 U -1
16 0 U 15
17 1 U 14
18 0 U 16
19 0 U 18
20 1 U 19
21 0 U 20
22 0 U 21
23 0 U 15
24 1 U 22
25 0 U 24
26 1 U 25
27 0 U 26
28 0 U 27
29 0 U 28
30 0 U -1
31 0 U 30
32 0 U 30
33 1 U 31
34 0 U 33
35 1 U 34
36 1 U 35
37 0 U 36
38 0 U 29
39 0 U 37
40 1 U 39
41 1 U 40
42 1 U 41
43 1 U 42
44 0 U -1
45 0 U 44
46 1 U 45
47 0 U 46
48 1 U 47
49 0 U 45
50 0 U 48
51 0 U 50
52 0 U 51
53 1 U 52
54 1 U 53
55 1 U -1
56 1 U -1
57 1 U 55
58 1 U 57
59 0 U 54
60 1 U 58
61 0 U 60
62 0 U 61
63 0 U 62
64 1 U 63
65 1 U 64
66 1 U 65
67 0 U 66
68 0 U 67
69 1 U -1
70 0 U 69
71 1 U 70
72 0 U 71
73 1 U 72
74 1 U 73
75 0 U 74
76 1 U 75
77 0 U 76
78 1 U 77
79 0 U 78
80 1 U -1
81 0 U 80
82 0 U 79
83 0 U 81
84 0 U 83
85 0 U 84
86 1 U 85
87 1 U 86
88 0 U 87
89 1 U 88
90 0 U 89
91 0 U 90
92 0 U 91
93 1 U 85
94 0 U 92
95
0 0 U -1
1 1 U 0
2 0 U 1
3 0 U 2
4 0 U 3
5 0 U 3
6 0 U 4
7 0 U 6
8 0 U 7
9 0 U -1
10 0 U 8
11 0 U 10
12 0 U 11
13 0 U 8
14 0 U 12
15 0 U -1
16 0 U 15
17 1 U 16
18 0 U 17
19 0 U 18
20 1 U 19
21 0 U 20
22 0 U 21
23 0 U 19
24 1 U 14
25 0 U 22
26 1 U 25
27 0 U 26
28 0 U 27
29 0 U 28
30 0 U -1
31 0 U 30
32 0 U 30
33 1 U 31
34 0 U 33
35 1 U 34
36 1 U 35
37 0 U 36
38 0 U 29
39 0 U 37
40 1 U 39
41 1 U 40
42 1 U 41
43 1 U 42
44 0 U -1
45 0 U 44
46 1 U 45
47 0 U 46
48 1 U 47
49 0 U 45
50 0 U 48
51 0 U 50
52 1 U 51
53 1 U 52
54 1 U 53
55 1 U 54
56 0 U -1
57 1 U 56
58 1 U 57
59 0 U 55
60 1 U 58
61 0 U 60
62 0 U 61
63 0 U 62
64 1 U 63
65 1 U 64
66 1 U 65
67 0 U 66
68 0 U -1
69 1 U 67
70 0 U -1
71 1 U 70
72 0 U 71
73 1 U 72
74 1 U 73
75 0 U 74
76 1 U 75
77 0 U 76
78 1 U 77
79 0 U 78
80 1 U 79
81 1 U -1
82 0 U 80
83 0 U 81
84 0 U 83
85 0 U 84
86 1 U 85
87 1 U 86
88 0 U 87
89 0 U 88
90 0 U 89
91 0 U 90
92 1 U 91
93 1 U 91
94 0 U 92
95
0 0 U -1
1 1 U 0
2 0 U 1
3 0 U 2
4 0 U 3
5 0 U 3
6 0 U 4
7 0 U 6
8 0 U 7
9 0 U -1
10 0 U 8
11 0 U 10
12 0 U 11
13 1 U 0
14 0 U 12
15 0 U -1
16 0 U 15
17 1 U 16
18 0 U 14
19 0 U 17
20 1 U 19
21 0 U 20
22 0 U 21
23 0 U 8
24 1 U 22
25 0 U 24
26 1 U 25
27 0 U 26
28 0 U 27
29 0 U 28
30 0 U -1
31 0 U 30
32 0 U 30
33 1 U 31
34 0 U 33
35 1 U 34
36 1 U 35
37 0 U 36
38 0 U 29
39 0 U 37
40 1 U 39
41 1 U 40
42 1 U 41
43 1 U 42
44 0 U -1
45 0 U 44
46 1 U 45
47 0 U 46
48 1 U 47
49 0 U 36
50 0 U 48
51 0 U 50
52 1 U 51
53 1 U 52
54 1 U 53
55 1 U 54
56 1 U 54
57 1 U -1
58 1 U 57
59 0 U 55
60 1 U 58
61 0 U 60
62 0 U 61
63 0 U 62
64 1 U 63
65 1 U 64
66 1 U 65
67 0 U 66
68 0 U 67
69 1 U 68
70 0 U -1
71 1 U 70
72 0 U 71
73 1 U 72
74 1 U 73
75 0 U 74
76 1 U 75
77 0 U 76
78 1 U 77
79 0 U 78
80 1 U 79
81 0 U -1
82 0 U 80
83 0 U 81
84 0 U 83
85 0 U 84
86 1 U 85
87 1 U 86
88 0 U 87
89 0 U 88
90 0 U 89
91 0 U 90
92 0 U 91
93 1 U 92
94 0 U 93
95
0 0 U -1
1 1 U 0
2 0 U 1
3 0 U 2
4 0 U 3
5 0 U 3
6 0 U 4
7 0 U 6
8 0 U 7
9 0 U 0
10 0 U 8
11 0 U 10
12 0 U 11
13 0 U 8
14 0 U 12
15 0 U -1
16 0 U 15
17 1 U 16
18 0 U 17
19 0 U 18
20 1 U 19
21 0 U 20
22 0 U 21
23 0 U 15
24 1 U 14
25 0 U 22
26 1 U 25
27 0 U 26
28 0 U 27
29 0 U 28
30 0 U -1
31 0 U 30
32 0 U 25
33 1 U 31
34 0 U 33
35 1 U 34
36 1 U 35
37 0 U 36
38 0 U 29
39 0 U 37
40 1 U 39
41 1 U 40
42 1 U 41
43 1 U 42
44 0 U -1
45 0 U 44
46 1 U 45
47 0 U 46
48 1 U 47
49 0 U 36
50 0 U 48
51 0 U 50
52 1 U 51
53 1 U 52
54 1 U 53
55 1 U 54
56 1 U 45
57 1 U -1
58 1 U 57
59 0 U 55
60 1 U 58
61 0 U 60
62 0 U 61
63 0 U 62
64 1 U 63
65 1 U 64
66 1 U 65
67 1 U 66
68 0 U 66
69 1 U -1
70 0 U 69
71 1 U 67
72 0 U 70
73 1 U 72
74 1 U 73
75 0 U 74
76 1 U 75
77 0 U 76
78 1 U 77
79 0 U 78
80 1 U 79
81 0 U -1
82 0 U 81
83 0 U 82
84 0 U 83
85 0 U 84
86 1 U 85
87 1 U 86
88 0 U 87
89 1 U 88
90 0 U 89
91 0 U 90
92 0 U 91
93 1 U 85
94 0 U 92
95
0 0 U -1
1 1 U 0
2 0 U 1
3 0 U 2
4 0 U 3
5 0 U 4
6 0 U 5
7 0 U 6
8 0 U 7
9 0 U 7
10 0 U -1
11 0 U 9
12 0 U 11
13 0 U 4
14 0 U 12
15 0 U -1
16 0 U 15
17 1 U 16
18 0 U 14
19 0 U 17
20 1 U 19
21 0 U 20
22 0 U 21
23 0 U 15
24 1 U 22
25 0 U 24
26 1 U 25
27 0 U 26
28 0 U 27
29 0 U 28
30 0 U -1
31 0 U 30
32 0 U 30
33 1 U 31
34 0 U 33
35 1 U 34
36 1 U 35
37 0 U 36
38 0 U 29
39 0 U 37
40 1 U 39
41 1 U 40
42 1 U 41
43 1 U 42
44 0 U -1
45 0 U 44
46 1 U 45
47 0 U 46
48 1 U 47
49 0 U 41
50 0 U 48
51 0 U 50
52 1 U 51
53 1 U 52
54 1 U 53
55 1 U 54
56 1 U 54
57 1 U -1
58 1 U 57
59 0 U 55
60 1 U 58
61 0 U 60
62 0 U 61
63 0 U 62
64 1 U 63
65 1 U 64
66 1 U 65
67 0 U 66
68 0 U 67
69 1 U 68
70 0 U -1
71 1 U 70
72 0 U 71
73 1 U 72
74 1 U 73
75 0 U 74
76 1 U 75
77 0 U 76
78 1 U 77
79 0 U 78
80 1 U 79
81 0 U -1
82 0 U 80
83 0 U 81
84 0 U 83
85 0 U 84
86 1 U 85
87 1 U 86
88 0 U 87
89 1 U 88
90 0 U 89
91 0 U 90
92 0 U 91
93 1 U 81
94 0 U 92
95
0 0 U -1
1 1 U 0
2 0 U 1
3 0 U 2
4 0 U 3
5 0 U 4
6 0 U 5
7 0 U 6
8 0 U 7
9 0 U 7
10 0 U -1
11 0 U 9
12 0 U 11
13 0 U 3
14 0 U 12
15 0 U -1
16 0 U 15
17 1 U 16
18 0 U 14
19 0 U 17
20 1 U 19
21 0 U 20
22 0 U 21
23 0 U 15
24 1 U 22
25 0 U 24
26 1 U 25
27 0 U 26
28 0 U 27
29 0 U 28
30 0 U -1
31 0 U 30
32 0 U 30
33 1 U 31
34 0 U 33
35 1 U 34
36 1 U 35
37 0 U 36
38 0 U 29
39 0 U 37
40 1 U 39
41 1 U 40
42 1 U 41
43 1 U 42
44 0 U -1
45 0 U 44
46 1 U 45
47 0 U 46
48 1 U 47
49 0 U 36
50 0 U 48
51 0 U 50
52 1 U 51
53 1 U 52
54 1 U 53
55 1 U 54
56 1 U 45
57 1 U -1
58 1 U 57
59 0 U 55
60 1 U 58
61 0 U 60
62 0 U 61
63 0 U 62
64 1 U 63
65 1 U 64
66 1 U 65
67 0 U 66
68 0 U 67
69 1 U 68
70 0 U -1
71 1 U 70
72 0 U 71
73 1 U 72
74 1 U 73
75 0 U 74
76 1 U 75
77 0 U 76
78 1 U 77
79 0 U 78
80 1 U 79
81 0 U -1
82 0 U 80
83 0 U 81
84 0 U 83
85 0 U 84
86 1 U 85
87 1 U 86
88 0 U 87
89 1 U 88
90 0 U 89
91 0 U 90
92 0 U 91
93 1 U 81
94 0 U 92
95
0 0 U -1
1 1 U 0
2 0 U 1
3 0 U 2
4 0 U 3
5 0 U -1
6 0 U 4
7 0 U 6
8 0 U 7
9 0 U 3
10 0 U 7
11 0 U 10
12 0 U 11
13 0 U 12
14 0 U 13
15 0 U -1
16 0 U 15
17 1 U 16
18 0 U 17
19 0 U 18
20 1 U 19
21 0 U 20
22 0 U 21
23 0 U 15
24 1 U 14
25 0 U 22
26 1 U 25
27 0 U 26
28 0 U 27
29 0 U 28
30 0 U -1
31 0 U 30
32 0 U 30
33 1 U 31
34 0 U 33
35 1 U 34
36 1 U 35
37 0 U 36
38 0 U 29
39 0 U 37
40 1 U 39
41 1 U 40
42 1 U 41
43 1 U 42
44 0 U -1
45 0 U 44
46 1 U 45
47 0 U 46
48 1 U 47
49 1 U 45
50 0 U 48
51 0 U 50
52 1 U 51
53 1 U 52
54 1 U 53
55 1 U 54
56 1 U 54
57 1 U -1
58 1 U 57
59 0 U 55
60 1 U 58
61 0 U 60
62 0 U 61
63 0 U 62
64 1 U 63
65 1 U 64
66 1 U 65
67 0 U 66
68 0 U 67
69 1 U 68
70 0 U -1
71 1 U 70
72 0 U 71
73 1 U 72
74 1 U 73
75 0 U 74
76 1 U 75
77 0 U 76
78 1 U 77
79 0 U 78
80 1 U 79
81 0 U -1
82 0 U 80
83 0 U 81
84 0 U 83
85 0 U 84
86 0 U 85
87 1 U 86
88 0 U 87
89 1 U 88
90 0 U 89
91 0 U 90
92 0 U 91
93 1 U 84
94 0 U 92
95
0 0 U -1
1 1 U 0
2 0 U 1
3 0 U 2
4 0 U 3
5 0 U -1
6 0 U 4
7 0 U 6
8 0 U 7
9 0 U 3
10 0 U 7
11 0 U 10
12 0 U 11
13 0 U 12
14 0 U 13
15 0 U -1
16 0 U 15
17 1 U 16
18 0 U 17
19 0 U 18
20 1 U 19
21 0 U 20
22 0 U 21
23 0 U 15
24 1 U 14
25 0 U 22
26 1 U 25
27 0 U 26
28 0 U 27
29 0 U 28
30 0 U -1
31 0 U 30
32 0 U 30
33 1 U 31
34 0 U 33
35 1 U 34
36 1 U 35
37 0 U 36
38 0 U 29
39 0 U 37
40 1 U 39
41 1 U 40
42 1 U 41
43 1 U 42
44 0 U -1
45 0 U 44
46 1 U 45
47 0 U 46
48 1 U 47
49 1 U 45
50 0 U 48
51 0 U 50
52 1 U 51
53 1 U 52
54 1 U 53
55 1 U 54
56 1 U 54
57 1 U -1
58 1 U 57
59 0 U 55
60 1 U 58
61 0 U 60
62 0 U 61
63 0 U 62
64 1 U 63
65 1 U 64
66 1 U 65
67 0 U 66
68 0 U 67
69 1 U 68
70 0 U -1
71 1 U 70
72 0 U 71
73 1 U 72
74 1 U 73
75 0 U 74
76 1 U 75
77 0 U 76
78 1 U 77
79 0 U 78
80 1 U 79
81 0 U -1
82 0 U 80
83 0 U 81
84 0 U 83
85 0 U 84
86 0 U 85
87 1 U 86
88 0 U 87
89 1 U 88
90 0 U 89
91 0 U 90
92 0 U 91
93 1 U 84
94 1 U 92
95
0 0 U -1
1 1 U 0
2 0 U 1
3 0 U 2
4 0 U 3
5 0 U -1
6 0 U 4
7 0 U 6
8 0 U 7
9 0 U 3
10 0 U 7
11 0 U 10
12 0 U 11
13 0 U 12
14 0 U 13
15 0 U -1
16 0 U 15
17 1 U 16
18 0 U 17
19 0 U 18
20 1 U 19
21 0 U 20
22 0 U 21
23 0 U 15
24 1 U 14
25 0 U 22
26 1 U 25
27 0 U 26
28 0 U 27
29 0 U 28
30 0 U -1
31 0 U 30
32 0 U 30
33 1 U 31
34 0 U 33
35 1 U 34
36 1 U 35
37 0 U 36
38 0 U 29
39 0 U 37
40 1 U 39
41 1 U 40
42 1 U 41
43 1 U 42
44 0 U -1
45 0 U 44
46 1 U 45
47 0 U 46
48 1 U 47
49 1 U 45
50 0 U 48
51 0 U 50
52 1 U 51
53 1 U 52
54 1 U 53
55 1 U 54
56 1 U 54
57 1 U -1
58 1 U 57
59 0 U 55
60 1 U 58
61 0 U 60
62 0 U 61
63 0 U 62
64 1 U 63
65 1 U 64
66 1 U 65
67 0 U 66
68 0 U 67
69 1 U 68
70 0 U -1
71 1 U 70
72 0 U 71
73 1 U 72
74 1 U 73
75 0 U 74
76 1 U 75
77 0 U 76
78 1 U 77
79 0 U 78
80 1 U 79
81 0 U -1
82 0 U 80
83 0 U 81
84 0 U 83
85 0 U 84
86 0 U 85
87 1 U 86
88 0 U 87
89 1 U 88
90 0 U 89
91 0 U 90
92 0 U 91
93 1 U 84
94 0 U 92
95
0 0 U -1
1 1 U 0
2 0 U 1
3 0 U 2
4 0 U 3
5 0 U -1
6 0 U 4
7 0 U 6
8 0 U 7
9 0 U 3
10 0 U 7
11 0 U 10
12 0 U 11
13 0 U 12
14 0 U 13
15 0 U -1
16 0 U 15
17 1 U 16
18 0 U 17
19 0 U 18
20 1 U 19
21 0 U 20
22 0 U 21
23 0 U 15
24 1 U 14
25 0 U 22
26 1 U 25
27 0 U 26
28 0 U 27
29 0 U 28
30 0 U -1
31 0 U 30
32 0 U 30
33 1 U 31
34 0 U 33
35 1 U 34
36 1 U 35
37 0 U 36
38 0 U 29
39 0 U 37
40 1 U 39
41 1 U 40
42 1 U 41
43 1 U 42
44 0 U -1
45 0 U 44
46 1 U 45
47 0 U 46
48 1 U 47
49 0 U 45
50 0 U 48
51 0 U 50
52 1 U 51
53 1 U 52
54 1 U 53
55 1 U 54
56 1 U 54
57 1 U -1
58 1 U 57
59 0 U 55
60 1 U 58
61 0 U 60
62 0 U 61
63 0 U 62
64 1 U 63
65 1 U 64
66 1 U 65
67 0 U 66
68 0 U 67
69 1 U 68
70 0 U -1
71 1 U 70
72 0 U 71
73 1 U 72
74 1 U 73
75 0 U 74
76 1 U 75
77 0 U 76
78 1 U 77
79 0 U 78
80 1 U 79
81 0 U -1
82 0 U 80
83 0 U 81
84 0 U 83
85 0 U 84
86 0 U 85
87 1 U 86
88 0 U 87
89 1 U 88
90 0 U 89
91 0 U 90
92 0 U 91
93 0 U 84
94 0 U 92
95
0 0 U -1
1 1 U 0
2 0 U 1
3 1 U 2
4 0 U 3
5 0 U -1
6 0 U 4
7 0 U 6
8 0 U 7
9 0 U 3
10 0 U 7
11 0 U 10
12 0 U 11
13 0 U 12
14 0 U 13
15 0 U -1
16 0 U 15
17 1 U 16
18 0 U 17
19 0 U 18
20 1 U 19
21 0 U 20
22 0 U 21
23 0 U 15
24 1 U 14
25 0 U 22
26 1 U 25
27 0 U 26
28 0 U 27
29 0 U 28
30 0 U -1
31 0 U 30
32 0 U 30
33 1 U 31
34 0 U 33
35 1 U 34
36 1 U 35
37 0 U 36
38 0 U 29
39 0 U 37
40 1 U 39
41 1 U 40
42 1 U 41
43 1 U 42
44 0 U -1
45 0 U 44
46 1 U 45
47 0 U 46
48 1 U 47
49 0 U 45
50 0 U 48
51 0 U 50
52 1 U 51
53 1 U 52
54 1 U 53
55 1 U 54
56 1 U 54
57 1 U -1
58 1 U 57
59 0 U 55
60 1 U 58
61 0 U 60
62 0 U 61
63 0 U 62
64 1 U 63
65 1 U 64
66 1 U 65
67 0 U 66
68 0 U 67
69 1 U 68
70 0 U -1
71 1 U 70
72 0 U 71
73 1 U 72
74 1 U 73
75 0 U 74
76 1 U 75
77 0 U 76
78 1 U 77
79 0 U 78
80 1 U 79
81 0 U -1
82 0 U 80
83 0 U 81
84 0 U 83
85 0 U 84
86 0 U 85
87 0 U 86
88 0 U 87
89 1 U 88
90 0 U 89
91 0 U 90
92 0 U 91
93 0 U 84
94 0 U 92
95
0 0 U -1
1 1 U 0
2 0 U 1
3 0 U 2
4 0 U 3
5 0 U -1
6 0 U 4
7 0 U 6
8 0 U 7
9 0 U 3
10 0 U 7
11 0 U 10
12 0 U 11
13 0 U 12
14 0 U 13
15 0 U -1
16 0 U 15
17 1 U 16
18 0 U 17
19 0 U 18
20 1 U 19
21 0 U 20
22 0 U 21
23 0 U 15
24 1 U 14
25 0 U 22
26 1 U 25
27 0 U 26
28 0 U 27
29 0 U 28
30 0 U -1
31 0 U 30
32 0 U 30
33 1 U 31
34 0 U 33
35 1 U 34
36 1 U 35
37 0 U 36
38 0 U 29
39 0 U 37
40 1 U 39
41 1 U 40
42 1 L 15
43 1 U 42
44 0 U -1
45 0 U 44
46 1 U 45
47 0 U 46
48 1 U 47
49 0 U 45
50 0 U 48
51 0 U 50
52 1 U 51
53 1 U 52
54 1 U 53
55 1 U 54
56 1 U 54
57 1 U -1
58 1 U 57
59 0 U 55
60 1 U 58
61 0 U 60
62 0 U 61
63 0 U 62
64 1 U 63
65 1 U 64
66 1 U 65
67 0 U 66
68 0 U 67
69 1 U 68
70 0 U -1
71 1 U 70
72 0 U 71
73 1 U 72
74 1 U 73
75 0 U 74
76 1 U 75
77 0 U 76
78 1 U 77
79 0 U 78
80 1 U 79
81 0 U -1
82 0 U 80
83 0 U 81
84 0 U 83
85 0 U 84
86 0 U 85
87 1 U 86
88 0 U 87
89 1 U 88
90 0 U 89
91 0 U 90
92 0 U 91
93 0 U 84
94 0 U 92
95
0 0 U -1
1 1 U 0
2 0 U 1
3 0 U 2
4 0 U 3
5 0 U -1
6 0 U 4
7 0 U 6
8 0 U 7
9 0 U 3
10 0 U 7
11 0 U 10
12 0 U 11
13 0 U 12
14 0 U 13
15 0 U -1
16 0 U 15
17 1 U 16
18 0 U 17
19 0 U 18
20 1 U 19
21 0 U 20
22 0 U 21
23 1 U 15
24 1 U 14
25 0 U 22
26 1 U 25
27 0 U 26
28 0 U 27
29 0 U 28
30 0 U -1
31 0 U 30
32 0 U 30
33 1 U 31
34 0 U 33
35 1 U 34
36 1 U 35
37 0 U 36
38 0 U 29
39 0 U 37
40 1 U 39
41 1 U 40
42 1 U 41
43 1 U 42
44 0 U -1
45 0 U 44
46 1 U 45
47 0 U 46
48 1 U 47
49 0 U 45
50 0 U 48
51 0 U 50
52 1 U 51
53 1 U 52
54 1 U 53
55 1 U 54
56 1 U 54
57 1 U -1
58 1 U 57
59 0 U 55
60 1 U 58
61 0 U 60
62 0 U 61
63 0 U 62
64 1 U 63
65 1 U 64
66 1 U 65
67 0 U 66
68 0 U 67
69 1 U 68
70 0 U -1
71 1 U 70
72 0 U 71
73 1 U 72
74 1 U 73
75 0 U 74
76 1 U 75
77 0 U 76
78 1 U 77
79 0 U 78
80 1 U 79
81 0 U -1
82 0 U 80
83 0 U 81
84 0 U 83
85 0 U 84
86 0 U 85
87 1 U 86
88 0 U 87
89 1 U 88
90 0 U 89
91 0 U 90
92 0 U 91
93 0 U 84
94 0 U 92
95
0 0 U -1
1 1 U 0
2 0 U 1
3 0 U 2
4 0 U 3
5 0 U -1
6 0 U 4
7 0 U 6
8 0 U 7
9 0 U 3
10 0 U 7
11 0 U 10
12 0 U 11
13 0 U 12
14 0 U 13
15 0 U -1
16 0 U 15
17 1 U 16
18 0 U 17
19 0 U 18
20 1 U 19
21 0 U 20
22 0 U 21
23 0 U 15
24 1 U 14
25 0 U 22
26 1 U 25
27 0 U 26
28 0 U 27
29 0 U 28
30 0 U -1
31 0 U 30
32 0 U 30
33 1 U 31
34 0 U 33
35 1 U 34
36 1 U 35
37 0 U 36
38 0 U 29
39 0 U 37
40 1 U 39
41 1 U 40
42 1 U 41
43 1 U 42
44 0 U -1
45 0 U 44
46 1 U 45
47 0 U 46
48 1 U 47
49 0 U 45
50 0 U 48
51 0 U 50
52 1 U 51
53 1 U 52
54 1 U 53
55 1 L 54
56 1 U 54
57 1 U -1
58 1 U 57
59 0 U 55
60 1 U 58
61 0 U 60
62 0 U 61
63 0 U 62
64 1 U 63
65 1 U 64
66 1 U 65
67 0 U 66
68 0 U 67
69 1 U 68
70 0 U -1
71 1 U 70
72 0 U 71
73 1 U 72
74 1 U 73
75 0 U 74
76 1 U 75
77 0 U 76
78 1 U 77
79 0 U 78
80 1 U 79
81 0 U -1
82 0 U 80
83 0 U 81
84 0 U 83
85 0 U 84
86 0 U 85
87 1 U 86
88 0 U 87
89 1 U 88
90 0 U 89
91 0 U 90
92 0 U 91
93 0 U 84
94 0 U 92
95
0 0 U -1
1 1 U 0
2 0 U 1
3 0 U 2
4 0 U 3
5 0 U -1
6 0 U 4
7 0 U 6
8 0 U 7
9 0 U 3
10 0 U 7
11 0 U 10
12 0 U 11
13 0 U 12
14 0 U 13
15 0 U -1
16 0 U 15
17 1 U 16
18 0 U 17
19 0 U 18
20 1 U 19
21 0 U 20
22 0 U 21
23 0 U 15
24 1 U 14
25 0 U 22
26 1 U 25
27 0 U 26
28 0 L 11
29 0 U 28
30 0 U -1
31 0 U 30
32 0 U 30
33 1 U 31
34 0 U 33
35 1 U 34
36 1 U 35
37 0 U 36
38 0 U 29
39 0 U 37
40 1 U 39
41 1 U 40
42 1 U 41
43 1 U 42
44 0 U -1
45 0 U 44
46 1 U 45
47 0 U 46
48 1 U 47
49 0 U 45
50 0 U 48
51 0 U 50
52 1 U 51
53 1 U 52
54 1 U 53
55 1 U 54
56 1 U 54
57 1 U -1
58 1 U 57
59 0 U 55
60 1 U 58
61 0 U 60
62 0 U 61
63 0 U 62
64 1 U 63
65 1 U 64
66 1 U 65
67 0 U 66
68 0 U 67
69 1 U 68
70 0 U -1
71 1 U 70
72 0 U 71
73 1 U 72
74 1 U 73
75 0 U 74
76 1 U 75
77 0 U 76
78 1 U 77
79 0 U 78
80 1 U 79
81 0 U -1
82 0 U 80
83 0 U 81
84 0 U 83
85 0 U 84
86 0 U 85
87 1 U 86
88 0 U 87
89 1 U 88
90 0 U 89
91 0 U 90
92 0 U 91
93 0 U 84
94 0 U 92
95
0 0 U -1
1 1 U 0
2 0 U 1
3 0 U 2
4 0 U 3
5 0 U -1
6 0 U 4
7 0 U 6
8 0 U 7
9 0 U 3
10 0 U 7
11 0 U 10
12 0 U 11
13 0 U 12
14 0 U 13
15 0 U -1
16 0 U 15
17 1 U 16
18 0 U 17
19 0 U 18
20 1 U 19
21 0 U 20
22 0 U 21
23 0 U 15
24 1 U 14
25 0 U 22
26 1 U 25
27 0 U 26
28 0 U 27
29 0 U 28
30 0 U -1
31 0 U 30
32 0 U 30
33 1 U 31
34 0 U 33
35 1 U 34
36 1 U 35
37 0 U 36
38 0 U 29
39 0 U 37
40 1 U 39
41 1 U 40
42 1 U 41
43 1 U 42
44 0 U -1
45 0 U 44
46 1 U 45
47 0 U 46
48 1 U 47
49 0 U 45
50 0 U 48
51 0 U 50
52 1 U 51
53 1 U 52
54 1 U 53
55 1 U 54
56 1 U 54
57 1 U -1
58 1 U 57
59 0 U 55
60 1 U 58
61 0 U 60
62 0 U 61
63 0 U 62
64 1 U 63
65 1 U 64
66 1 U 65
67 0 U 66
68 0 U 67
69 1 U 68
70 0 U -1
71 1 U 70
72 0 U 71
73 1 U 72
74 1 U 73
75 0 U 74
76 1 U 75
77 0 U 76
78 1 U 77
79 0 U 78
80 1 U 79
81 0 U -1
82 0 U 80
83 0 U 81
84 0 U 83
85 0 U 84
86 0 U 85
87 1 U 86
88 0 U 87
89 0 U 88
90 0 U 89
91 0 U 90
92 0 U 91
93 0 U 84
94 0 U 92
95
0 0 U -1
1 1 U 0
2 0 U 1
3 0 U 2
4 0 U 3
5 0 U -1
6 0 U 4
7 0 U 6
8 0 U 7
9 0 U 3
10 0 U 7
11 0 U 10
12 0 U 11
13 0 U 12
14 0 U 13
15 0 U -1
16 0 U 15
17 1 U 16
18 0 U 17
19 0 U 18
20 1 U 19
21 0 U 20
22 0 U 21
23 0 U 15
24 1 U 14
25 0 U 22
26 1 U 25
27 0 U 26
28 0 U 27
29 0 U 28
30 0 U -1
31 0 U 30
32 0 U 30
33 1 U 31
34 0 U 33
35 1 U 34
36 1 U 35
37 0 U 36
38 0 U 29
39 0 U 37
40 1 U 39
41 1 U 40
42 1 U 41
43 1 U 42
44 0 U -1
45 0 U 44
46 1 U 45
47 0 U 46
48 1 U 47
49 0 U 45
50 0 U 48
51 0 U 50
52 1 U 51
53 1 U 52
54 1 U 53
55 1 U 54
56 1 U 54
57 1 U -1
58 1 U 57
59 0 U 55
60 1 U 58
61 0 U 60
62 0 U 61
63 0 U 62
64 1 U 63
65 1 U 64
66 1 U 65
67 0 U 66
68 0 U 67
69 1 U 68
70 0 U -1
71 1 U 70
72 0 U 71
73 1 U 72
74 1 U 73
75 0 U 74
76 1 U 75
77 0 U 76
78 1 U 77
79 0 U 78
80 1 U 79
81 0 U -1
82 0 U 80
83 1 U 81
84 0 U 83
85 0 U 84
86 0 U 85
87 1 U 86
88 0 U 87
89 1 U 88
90 0 U 89
91 1 U 90
92 0 U 91
93 0 U 84
94 0 U 92
95
0 0 U -1
1 1 U 0
2 0 U 1
3 0 U 2
4 0 U 3
5 0 U -1
6 0 U 4
7 0 U 6
8 0 U 7
9 0 U 3
10 0 U 7
11 0 U 10
12 0 U 11
13 0 U 12
14 0 U 13
15 0 U -1
16 0 U 15
17 1 U 16
18 0 U 17
19 0 U 18
20 1 U 19
21 0 U 20
22 0 U 21
23 1 U 15
24 1 U 14
25 0 U 22
26 1 U 25
27 0 U 26
28 0 U 27
29 0 U 28
30 0 U -1
31 0 U 30
32 0 U 30
33 1 U 31
34 0 U 33
35 1 U 34
36 1 U 35
37 0 U 36
38 0 U 29
39 0 U 37
40 1 U 39
41 1 U 40
42 1 U 41
43 1 U 42
44 0 U -1
45 0 U 44
46 1 U 45
47 0 U 46
48 1 U 47
49 0 U 45
50 0 U 48
51 0 U 50
52 1 U 51
53 1 U 52
54 1 U 53
55 1 U 54
56 1 U 54
57 1 U -1
58 1 U 57
59 0 U 55
60 1 U 58
61 1 U 60
62 0 U 61
63 0 U 62
64 1 U 63
65 1 U 64
66 1 U 65
67 0 U 66
68 0 U 67
69 1 U 68
70 0 U -1
71 1 U 70
72 0 U 71
73 1 U 72
74 1 U 73
75 0 U 74
76 1 U 75
77 0 U 76
78 1 U 77
79 0 U 78
80 1 U 79
81 0 U -1
82 0 L 15
83 0 U 81
84 0 U 83
85 0 U 84
86 0 U 85
87 1 U 86
88 0 U 87
89 1 U 88
90 0 U 89
91 0 U 90
92 0 U 91
93 0 U 84
94 0 U 92
95
0 0 U -1
1 1 U 0
2 0 U 1
3 0 U 2
4 0 U 3
5 0 U -1
6 0 U 4
7 0 U 6
8 0 U 7
9 0 U 3
10 0 U 7
11 0 U 10
12 0 U 11
13 0 U 12
14 0 U 13
15 0 U -1
16 0 U 15
17 1 U 16
18 0 U 17
19 0 U 18
20 1 U 19
21 0 U 20
22 0 U 21
23 0 U 19
24 1 U 14
25 0 U 22
26 1 U 25
27 0 U 26
28 0 U 27
29 0 U 28
30 0 U -1
31 0 U 30
32 0 U 30
33 1 U 31
34 0 U 33
35 1 U 34
36 1 U 35
37 0 U 36
38 0 U 29
39 0 U 37
40 1 U 39
41 1 U 40
42 1 U 41
43 1 U 42
44 0 U -1
45 0 U 44
46 1 U 45
47 0 U 46
48 1 U 47
49 0 U 45
50 0 U 48
51 0 U 50
52 1 U 51
53 1 U 52
54 1 U 53
55 1 U 54
56 1 U 54
57 1 U -1
58 1 U 57
59 0 U 55
60 1 U 58
61 0 U 60
62 0 U 61
63 0 U 62
64 1 U 63
65 1 U 64
66 1 U 65
67 0 U 66
68 0 U 67
69 1 U 68
70 0 U -1
71 1 U 70
72 0 U 71
73 1 U 72
74 1 U 73
75 0 U 74
76 1 U 75
77 0 U 76
78 1 U 77
79 0 U 78
80 1 U 79
81 0 U -1
82 0 U 80
83 0 U 81
84 0 U 83
85 0 U 84
86 0 U 85
87 1 U 86
88 0 U 87
89 1 U 88
90 0 U 89
91 0 U 90
92 0 U 91
93 0 U 84
94 0 U 92
95
0 1 U -1
1 1 U 0
2 0 U 1
3 0 U 2
4 0 U 3
5 0 U -1
6 0 U 4
7 0 U 6
8 0 U 7
9 0 U 3
10 0 U 7
11 0 U 10
12 0 U 11
13 0 U 12
14 0 U 13
15 0 U -1
16 0 U 15
17 1 U 16
18 0 U 17
19 0 U 18
20 1 U 19
21 0 U 20
22 0 U 21
23 1 U 15
24 1 U 14
25 0 U 22
26 1 U 25
27 0 U 26
28 0 U 27
29 0 U 28
30 0 U -1
31 0 U 30
32 0 U 30
33 1 U 31
34 0 U 33
35 1 U 34
36 1 U 35
37 0 U 36
38 0 U 29
39 0 U 37
40 1 U 39
41 1 U 40
42 1 U 41
43 1 U 42
44 0 U -1
45 0 U 44
46 0 U 45
47 0 U 46
48 1 U 47
49 0 U 45
50 0 U 48
51 0 U 50
52 1 U 51
53 1 U 52
54 1 U 53
55 1 U 54
56 1 U 54
57 1 U -1
58 1 U 57
59 0 U 55
60 1 U 58
61 0 U 60
62 0 U 61
63 0 U 62
64 1 U 63
65 1 U 64
66 1 U 65
67 0 U 66
68 0 U 67
69 1 U 68
70 0 U -1
71 1 U 70
72 0 U 71
73 1 U 72
74 1 U 73
75 0 U 74
76 1 U 75
77 0 U 76
78 1 U 77
79 0 U 78
80 1 U 79
81 0 U -1
82 0 U 80
83 0 U 81
84 0 U 83
85 0 U 84
86 0 U 85
87 1 U 86
88 0 U 87
89 1 U 88
90 0 U 89
91 0 U 90
92 0 U 91
93 0 U 84
94 0 U 92
95
0 0 U -1
1 1 U 0
2 0 U 1
3 0 U 2
4 0 U 3
5 0 U -1
6 0 U 4
7 0 U 6
8 0 U 7
9 0 U 3
10 0 U 7
11 0 U 10
12 0 U 11
13 0 U 12
14 0 U 13
15 0 U -1
16 0 U 15
17 1 U 16
18 0 U 17
19 0 U 18
20 1 U 19
21 0 U 20
22 0 U 21
23 0 U 15
24 1 U 14
25 0 U 22
26 1 U 25
27 0 U 26
28 0 U 27
29 0 U 28
30 0 U -1
31 0 U 30
32 0 U 30
33 1 U 31
34 0 U 33
35 1 U 34
36 1 U 35
37 0 U 36
38 0 U 29
39 0 U 37
40 1 U 39
41 1 U 40
42 1 U 41
43 1 U 42
44 0 U -1
45 0 U 44
46 1 U 45
47 0 U 46
48 1 U 47
49 0 U 45
50 0 U 48
51 0 U 50
52 1 U 51
53 1 U 52
54 1 U 53
55 1 U 54
56 1 U 54
57 1 U -1
58 1 U 57
59 0 U 55
60 1 U 58
61 0 U 60
62 0 U 61
63 0 U 62
64 1 U 63
65 1 U 64
66 1 U 65
67 0 U 66
68 0 U 67
69 1 U 68
70 0 U -1
71 1 U 70
72 0 U 71
73 1 U 72
74 1 U 73
75 0 U 74
76 1 U 75
77 0 U 76
78 1 U 77
79 0 U 78
80 1 U 79
81 0 U -1
82 0 U 80
83 0 U 81
84 0 U 83
85 0 U 84
86 0 U 85
87 1 U 86
88 1 U 87
89 1 U 88
90 0 U 89
91 0 U 90
92 0 U 91
93 0 U 84
94 0 U 92
95
0 0 U -1
1 1 U 0
2 0 U 1
3 0 U 2
4 0 U 3
5 0 U -1
6 0 U 4
7 0 U 6
8 0 U 7
9 0 U 3
10 0 U 7
11 0 U 10
12 0 U 11
13 0 U 12
14 0 U 13
15 0 U -1
16 0 U 15
17 1 U 16
18 0 U 17
19 0 U 18
20 1 U 19
21 0 U 20
22 0 U 21
23 0 U 15
24 1 U 14
25 0 U 22
26 1 U 25
27 0 U 26
28 0 U 27
29 0 U 28
30 0 U -1
31 0 U 30
32 0 U 30
33 1 U 31
34 0 U 33
35 1 U 34
36 1 U 35
37 0 U 36
38 0 U 29
39 0 U 37
40 1 U 39
41 1 U 40
42 1 U 41
43 1 U 42
44 0 U -1
45 0 U 44
46 1 U 45
47 0 U 46
48 1 U 47
49 0 U 45
50 0 U 48
51 0 U 50
52 1 U 51
53 1 U 52
54 1 U 53
55 1 U 54
56 1 U 54
57 1 U -1
58 1 U 57
59 0 U 55
60 1 U 58
61 0 U 60
62 0 U 61
63 0 U 62
64 1 U 63
65 1 U 64
66 1 U 65
67 0 U 66
68 0 U 67
69 1 U 68
70 0 U -1
71 1 U 70
72 0 U 71
73 1 U 72
74 1 U 73
75 0 U 61
76 1 U 75
77 0 U 76
78 1 U 77
79 0 U 78
80 1 U 79
81 0 U -1
82 0 U 80
83 0 U 81
84 0 U 83
85 0 U 84
86 0 U 85
87 1 U 86
88 0 U 87
89 1 U 88
90 0 U 89
91 0 U 90
92 0 U 91
93 0 U 84
94 0 U 92
95
0 0 U -1
1 1 U 0
2 0 U 1
3 0 U 2
4 0 U 3
5 0 U -1
6 0 U 4
7 0 U 6
8 0 U 7
9 0 U 3
10 0 U 7
11 0 U 10
12 0 U 11
13 0 U 12
14 0 U 13
15 0 U -1
16 0 U 15
17 1 U 16
18 0 U 17
19 0 U 18
20 1 U 19
21 0 U 20
22 0 U 21
23 0 U 15
24 1 U 14
25 0 U 22
26 1 U 25
27 0 U 26
28 0 U 27
29 0 U 28
30 0 U -1
31 0 U 30
32 0 U 30
33 1 U 31
34 0 U 33
35 1 U 34
36 1 U 35
37 0 U 36
38 0 U 29
39 0 U 37
40 1 U 39
41 1 U 40
42 1 U 41
43 1 U 42
44 0 U -1
45 0 U 44
46 1 U 45
47 0 U 46
48 1 U 47
49 0 U 45
50 0 U 48
51 0 U 50
52 1 U 51
53 1 U 52
54 0 U 53
55 1 U 54
56 1 U 54
57 1 U -1
58 1 U 57
59 0 U 55
60 1 U 58
61 0 U 60
62 0 U 61
63 0 U 62
64 1 U 63
65 1 U 64
66 1 U 65
67 0 U 66
68 0 U 67
69 1 U 68
70 0 U -1
71 1 U 70
72 0 U 71
73 1 U 72
74 1 U 73
75 0 U 74
76 1 U 75
77 0 U 76
78 1 U 77
79 0 U 78
80 1 U 79
81 0 U -1
82 0 U 80
83 0 U 81
84 0 U 83
85 0 U 84
86 0 U 85
87 1 U 86
88 0 U 87
89 1 U 88
90 0 U 89
91 0 U 90
92 0 U 91
93 0 U 84
94 0 U 92
95
0 0 U -1
1 1 U 0
2 0 U 1
3 0 U 2
4 0 U 3
5 0 U -1
6 0 U 4
7 0 U 6
8 0 U 7
9 0 U 3
10 0 U 7
11 0 U 10
12 0 U 11
13 0 U 12
14 0 U 13
15 0 U -1
16 0 U 15
17 1 U 16
18 0 U 17
19 0 U 18
20 1 U 19
21 0 U 20
22 0 U 21
23 0 U 15
24 1 U 14
25 0 U 22
26 1 U 25
27 0 U 26
28 0 U 27
29 0 U 28
30 0 U -1
31 0 U 30
32 0 U 30
33 1 U 31
34 0 U 33
35 1 U 34
36 1 U 35
37 0 U 36
38 0 U 29
39 0 U 37
40 1 U 39
41 1 U 40
42 1 U 41
43 1 U 42
44 0 U -1
45 0 U 44
46 1 U 45
47 0 U 46
48 1 U 47
49 0 U 45
50 0 U 48
51 0 U 50
52 1 U 51
53 1 U 52
54 1 U 53
55 1 U 54
56 1 U 54
57 1 U -1
58 1 U 57
59 0 U 55
60 1 U 58
61 0 U 60
62 0 U 61
63 0 U 62
64 1 U 63
65 1 U 64
66 1 U 65
67 0 U 66
68 0 U 67
69 1 U 68
70 0 U -1
71 0 U 70
72 0 U 71
73 1 U 72
74 1 U 73
75 0 U 74
76 1 U 75
77 0 U 76
78 1 U 77
79 0 U 78
80 1 U 79
81 0 U -1
82 0 U 80
83 0 U 81
84 0 U 83
85 0 U 84
86 0 U 85
87 1 U 86
88 0 U 87
89 1 U 88
90 0 U 89
91 0 U 90
92 0 U 91
93 0 U 84
94 0 U 92
95
0 0 U -1
1 1 U 0
2 0 U 1
3 0 U 2
4 0 U 3
5 0 U -1
6 0 U 4
7 0 U 6
8 0 U 7
9 0 U 3
10 0 L 7
11 0 U 10
12 0 U 11
13 0 U 12
14 0 U 13
15 0 U -1
16 0 U 15
17 1 U 16
18 0 U 17
19 0 U 18
20 1 U 19
21 0 U 20
22 0 U 21
23 0 U 15
24 1 U 14
25 0 U 22
26 1 U 25
27 0 U 26
28 0 U 27
29 0 U 28
30 0 U -1
31 0 U 30
32 0 U 30
33 1 U 31
34 0 U 33
35 1 U 34
36 1 U 35
37 0 U 36
38 0 U 29
39 0 U 37
40 1 U 39
41 1 U 40
42 1 U 41
43 1 U 42
44 0 U -1
45 0 U 44
46 1 U 45
47 0 U 46
48 1 U 47
49 0 U 45
50 0 U 48
51 0 U 50
52 1 U 51
53 1 U 52
54 1 U 53
55 1 U 54
56 1 U 54
57 1 U -1
58 1 U 57
59 0 U 55
60 1 U 58
61 0 U 60
62 0 U 61
63 0 U 62
64 1 U 63
65 1 U 64
66 1 U 65
67 0 U 66
68 0 U 67
69 1 U 68
70 0 U -1
71 1 U 70
72 0 U 71
73 1 U 72
74 1 U 73
75 0 U 74
76 1 U 75
77 0 U 76
78 1 U 77
79 0 U 78
80 1 U 79
81 0 U -1
82 0 U 80
83 0 U 81
84 0 U 83
85 0 U 84
86 1 U 85
87 1 U 86
88 0 U 87
89 1 U 88
90 0 U 89
91 0 U 90
92 0 U 91
93 0 U 84
94 0 U 92
95
0 0 U -1
1 1 U 0
2 0 U 1
3 0 U 2
4 0 U 3
5 0 U -1
6 0 U 4
7 0 U 6
8 0 U 7
9 0 U 3
10 0 U 7
11 1 U 10
12 0 U 11
13 0 U 12
14 0 U 13
15 0 U -1
16 0 U 15
17 1 U 16
18 0 U 17
19 0 U 18
20 1 U 19
21 0 U 20
22 0 U 21
23 0 U 15
24 1 U 14
25 0 U 22
26 1 U 25
27 0 U 26
28 0 U 27
29 0 U 28
30 0 U -1
31 0 U 30
32 0 U 30
33 1 U 31
34 0 U 33
35 1 U 34
36 1 U 35
37 0 U 36
38 0 U 29
39 0 U 37
40 1 U 39
41 1 U 40
42 1 U 41
43 1 U 42
44 0 U -1
45 0 U 44
46 1 U 45
47 0 U 46
48 1 U 47
49 0 U 45
50 0 U 48
51 0 U 50
52 1 U 51
53 1 U 52
54 1 U 53
55 1 U 54
56 1 U 54
57 1 U -1
58 1 U 57
59 0 U 55
60 1 U 58
61 0 U 60
62 0 U 61
63 0 U 62
64 1 U 63
65 1 U 64
66 1 U 65
67 0 U 66
68 0 U 67
69 1 U 68
70 0 U -1
71 1 U 70
72 0 U 71
73 1 U 72
74 1 U 73
75 0 U 74
76 1 U 75
77 0 U 76
78 1 U 77
79 0 U 78
80 1 U 79
81 0 U -1
82 0 U 80
83 0 U 81
84 0 U 83
85 0 U 84
86 0 U 85
87 1 U 86
88 0 U 87
89 1 U 88
90 0 U 89
91 0 U 90
92 0 U 91
93 0 U 84
94 0 U 92
95
0 0 U -1
1 1 U 0
2 0 U 1
3 0 U 2
4 0 U 3
5 0 U -1
6 0 U 4
7 0 U 6
8 0 U 7
9 0 U 3
10 0 U 7
11 0 U 10
12 0 U 11
13 0 U 12
14 0 U 13
15 0 U -1
16 0 U 15
17 1 U 16
18 0 U 17
19 0 U 18
20 1 U 19
21 0 U 20
22 0 U 21
23 0 U 15
24 1 U 14
25 0 U 22
26 1 U 25
27 0 U 26
28 0 U 27
29 0 U 28
30 0 U -1
31 0 U 30
32 0 U 30
33 1 U 31
34 0 U 33
35 1 U 34
36 1 U 35
37 0 U 36
38 0 U 29
39 0 U 37
40 1 U 39
41 1 U 40
42 1 U 41
43 1 U 42
44 0 U -1
45 0 U 44
46 1 U 45
47 0 U 46
48 1 U 47
49 0 U 45
50 0 U 48
51 0 U 50
52 1 U 51
53 1 U 52
54 1 U 53
55 1 U 54
56 1 U 54
57 1 U -1
58 1 U 57
59 0 U 55
60 1 U 58
61 0 U 60
62 0 U 61
63 0 U 62
64 1 U 63
65 1 U 64
66 1 U 65
67 0 U 66
68 1 U 67
69 1 U 68
70 0 U -1
71 1 U 70
72 0 U 71
73 1 U 72
74 1 U 73
75 0 U 74
76 1 U 75
77 0 U 76
78 1 U 77
79 0 U 78
80 1 U 79
81 0 U -1
82 0 U 80
83 0 U 81
84 0 U 83
85 0 U 84
86 0 L 85
87 1 U 86
88 0 U 87
89 1 U 88
90 0 U 89
91 0 U 90
92 0 U 91
93 0 U 84
94 0 U 92
95
0 0 U -1
1 1 U 0
2 0 U 1
3 0 U 2
4 0 U 3
5 0 U -1
6 0 U 4
7 0 U 6
8 0 U 7
9 0 U 3
10 0 U 7
11 0 U 10
12 0 U 11
13 0 U 12
14 0 L 13
15 0 U -1
16 0 U 15
17 1 U 16
18 0 U 17
19 0 U 18
20 1 U 19
21 0 U 20
22 0 U 21
23 0 U 15
24 1 U 14
25 0 U 22
26 1 U 25
27 0 U 26
28 0 U 27
29 0 U 28
30 0 U -1
31 0 U 30
32 0 U 30
33 1 U 31
34 0 U 33
35 1 U 34
36 1 U 35
37 0 U 36
38 0 U 29
39 0 U 37
40 1 U 39
41 1 U 40
42 1 U 41
43 1 U 42
44 0 U -1
45 0 U 44
46 1 U 45
47 0 U 46
48 1 U 47
49 0 U 45
50 0 U 48
51 0 U 50
52 1 U 51
53 1 U 52
54 1 U 53
55 1 U 54
56 1 U 54
57 1 U -1
58 1 U 57
59 0 U 55
60 1 U 58
61 0 U 60
62 0 U 61
63 0 U 62
64 1 U 63
65 1 U 64
66 1 U 65
67 0 U 66
68 0 U 67
69 1 U 68
70 0 U -1
71 1 U 70
72 0 U 71
73 1 U 72
74 1 U 73
75 0 U 74
76 1 U 75
77 0 U 76
78 1 U 77
79 0 U 78
80 1 U 79
81 0 U -1
82 0 U 80
83 0 U 81
84 0 U 83
85 0 U 84
86 0 U 85
87 1 U 86
88 0 U 87
89 1 U 88
90 0 U 89
91 0 U 90
92 0 U 91
93 0 U 84
94 0 U 92
95
0 0 U -1
1 1 U 0
2 0 U 1
3 0 U 2
4 0 U 3
5 0 U -1
6 0 U 4
7 0 U 6
8 0 U 7
9 0 U 3
10 0 U 7
11 0 U 10
12 0 U 11
13 0 U 12
14 0 U 13
15 0 U -1
16 0 U 15
17 1 U 16
18 0 U 17
19 0 U 18
20 1 U 19
21 0 U 20
22 0 U 21
23 0 U 15
24 1 U 14
25 0 U 22
26 1 U 25
27 0 U 26
28 0 U 27
29 0 U 28
30 0 U -1
31 0 U 30
32 0 U 30
33 1 U 31
34 0 U 33
35 1 U 34
36 1 U 35
37 0 U 36
38 0 U 29
39 0 U 37
40 1 U 39
41 1 U 40
42 1 U 41
43 1 U 42
44 0 U -1
45 0 U 44
46 1 U 45
47 0 U 46
48 1 U 47
49 0 U 45
50 0 U 48
51 0 U 50
52 1 U 51
53 1 U 52
54 1 U 53
55 1 U 54
56 1 U 54
57 1 U -1
58 1 U 57
59 0 U 55
60 1 U 58
61 0 U 60
62 0 U 61
63 0 U 62
64 1 U 63
65 0 U 64
66 1 U 65
67 0 U 66
68 0 U 67
69 1 U 68
70 0 U -1
71 1 U 70
72 0 U 71
73 1 U 72
74 1 U 73
75 0 U 74
76 1 U 75
77 0 U 76
78 1 U 77
79 0 U 78
80 1 U 79
81 0 U -1
82 0 U 80
83 0 U 81
84 0 U 83
85 0 U 84
86 0 U 85
87 1 U 86
88 0 U 87
89 1 U 88
90 0 U 89
91 0 U 90
92 0 U 91
93 0 U 84
94 0 U 92
95
0 0 U -1
1 1 U 0
2 0 U 1
3 0 U 2
4 0 U 3
5 0 U -1
6 0 U 4
7 0 U 6
8 0 U 7
9 0 U 3
10 0 U 7
11 0 U 10
12 0 U 11
13 0 U 12
14 0 U 13
15 0 U -1
16 0 U 15
17 1 U 16
18 0 U 17
19 0 U 18
20 1 U 19
21 0 U 20
22 0 U 21
23 0 U 15
24 1 U 14
25 0 U 22
26 1 U 25
27 0 U 26
28 0 U 27
29 0 U 28
30 0 U -1
31 0 U 30
32 0 U 30
33 1 U 31
34 0 U 33
35 1 U 34
36 1 U 35
37 0 U 36
38 0 U 29
39 0 U 37
40 1 U 39
41 1 U 40
42 1 U 41
43 1 U 42
44 0 U -1
45 0 U 44
46 1 U 45
47 0 U 46
48 1 U 47
49 0 U 45
50 0 U 48
51 0 U 50
52 1 U 51
53 1 U 52
54 1 U 53
55 1 U 54
56 1 U 54
57 1 U -1
58 1 U 57
59 0 U 55
60 1 U 58
61 0 U 60
62 0 U 61
63 0 U 62
64 1 U 63
65 1 U 64
66 1 U 65
67 1 U 66
68 0 U 67
69 1 U 68
70 0 U -1
71 1 U 70
72 0 U 71
73 1 U 72
74 1 U 73
75 0 U 74
76 1 U 75
77 0 U 76
78 1 U 77
79 0 U 78
80 1 U 79
81 0 U -1
82 1 U 80
83 0 U 81
84 0 U 83
85 0 U 84
86 0 U 85
87 1 U 86
88 0 U 87
89 1 U 88
90 0 U 89
91 0 U 90
92 0 U 91
93 0 U 84
94 0 U 92
95
0 0 U -1
1 1 U 0
2 0 U 1
3 0 U 2
4 0 U 3
5 0 U -1
6 0 U 4
7 0 U 6
8 0 U 7
9 0 U 3
10 0 U 7
11 0 U 10
12 0 U 11
13 0 U 12
14 0 U 13
15 0 U -1
16 0 U 15
17 1 U 16
18 0 U 17
19 0 U 18
20 1 U 19
21 0 U 20
22 0 U 21
23 0 U 15
24 1 U 14
25 0 U 22
26 1 U 25
27 0 U 26
28 0 U 27
29 0 U 28
30 0 U -1
31 0 U 30
32 0 U 30
33 1 U 31
34 0 U 33
35 1 U 34
36 1 U 35
37 0 U 36
38 0 U 29
39 0 U 37
40 1 U 39
41 1 U 40
42 1 U 41
43 1 U 42
44 0 U -1
45 0 U 44
46 1 U 45
47 0 U 46
48 1 U 47
49 0 U 45
50 0 U 48
51 0 U 50
52 1 U 51
53 1 U 52
54 1 U 53
55 1 U 54
56 1 U 54
57 1 U -1
58 1 U 57
59 0 U 55
60 1 U 58
61 0 U 60
62 0 U 61
63 0 U 62
64 1 U 63
65 1 U 64
66 1 U 65
67 0 U 66
68 0 U 67
69 1 U 68
70 0 U -1
71 1 U 70
72 0 U 71
73 1 U 72
74 1 U 73
75 0 U 74
76 1 U 75
77 0 U 76
78 1 U 77
79 0 U 78
80 1 U 79
81 0 U -1
82 0 U 80
83 0 U 81
84 0 U 83
85 0 U 84
86 0 U 85
87 1 U 3
88 0 U 87
89 1 U 88
90 0 U 89
91 0 U 90
92 0 U 91
93 0 U 84
94 0 U 92
95
0 0 U -1
1 1 U 0
2 0 U 1
3 0 U 2
4 0 U 3
5 0 U -1
6 0 U 4
7 0 U 6
8 0 U 7
9 0 U 3
10 0 U 7
11 0 U 10
12 0 U 11
13 0 U 12
14 0 U 13
15 0 U -1
16 0 U 15
17 1 U 16
18 0 U 17
19 0 U 18
20 1 U 19
21 0 U 20
22 0 U 21
23 0 U 15
24 1 U 14
25 0 U 22
26 1 U 25
27 0 U 26
28 0 U 27
29 0 U 28
30 0 U 0
31 0 U 30
32 0 U 30
33 1 U 31
34 0 U 33
35 1 U 34
36 1 U 35
37 0 U 36
38 0 U 29
39 0 U 37
40 1 U 39
41 1 U 40
42 1 U 41
43 1 U 42
44 0 U -1
45 0 U 44
46 1 U 45
47 0 U 46
48 1 U 47
49 0 U 45
50 0 U 48
51 0 U 50
52 1 U 51
53 1 U 52
54 1 U 53
55 1 U 54
56 1 U 54
57 1 U -1
58 1 U 57
59 0 U 55
60 1 U 58
61 0 U 60
62 0 U 61
63 0 U 62
64 1 U 63
65 1 U 64
66 1 U 65
67 0 U 66
68 0 U 67
69 1 U 68
70 0 U -1
71 1 U 70
72 0 U 71
73 1 U 72
74 1 U 73
75 0 U 74
76 1 U 75
77 0 U 76
78 1 U 77
79 0 U 78
80 1 U 79
81 0 U -1
82 0 U 80
83 0 U 81
84 0 U 83
85 0 U 84
86 0 U 85
87 1 U 86
88 0 U 87
89 1 U 88
90 0 U 89
91 0 U 90
92 0 U 91
93 0 U 84
94 0 U 92
95
0 0 U -1
1 1 U 0
2 0 U 1
3 0 U 2
4 0 U 3
5 0 U -1
6 0 U 4
7 0 U 6
8 0 U 7
9 0 U 3
10 0 U 7
11 0 U 10
12 0 U 11
13 0 U 12
14 0 U 13
15 0 U -1
16 0 U 15
17 1 U 16
18 0 U 17
19 0 U 18
20 1 U 19
21 0 U 20
22 0 U 21
23 0 U 15
24 1 U 18
25 0 U 22
26 1 U 25
27 0 U 26
28 0 U 27
29 0 U 28
30 0 U -1
31 0 U 30
32 0 U 30
33 1 U 31
34 0 U 33
35 1 U 34
36 1 U 35
37 0 U 36
38 0 U 29
39 0 U 37
40 1 U 39
41 1 U 40
42 1 U 41
43 1 U 42
44 0 U -1
45 0 U 44
46 1 U 45
47 0 U 46
48 1 U 47
49 0 U 45
50 0 U 48
51 0 U 50
52 1 U 51
53 1 U 52
54 1 U 53
55 1 U 54
56 1 U 54
57 1 U -1
58 1 U 57
59 0 U 55
60 1 U 58
61 0 U 60
62 0 U 61
63 0 U 62
64 1 U 63
65 1 U 64
66 1 U 65
67 0 U 66
68 0 U 67
69 1 U 68
70 0 U -1
71 1 U 70
72 0 U 71
73 1 U 72
74 1 U 73
75 0 U 74
76 1 U 75
77 0 U 76
78 1 U 77
79 0 U 78
80 1 U 79
81 0 U -1
82 0 U 80
83 0 U 81
84 0 U 83
85 0 U 84
86 0 U 85
87 1 U 86
88 0 U 87
89 1 U 88
90 0 U 89
91 0 U 90
92 0 U 91
93 0 U 84
94 0 U 92
95
0 0 U -1
1 1 U 0
2 0 U 1
3 0 U 2
4 0 U 3
5 0 U -1
6 0 U 4
7 0 U 6
8 0 U 7
9 0 U 3
10 0 U 7
11 0 U 10
12 0 U 11
13 0 U 12
14 0 U 13
15 0 U -1
16 0 U 15
17 1 U 16
18 0 U 17
19 0 U 18
20 1 U 19
21 0 U 20
22 0 U 21
23 0 U 15
24 1 U 14
25 0 U 22
26 1 U 25
27 0 U 26
28 0 U 27
29 0 U 28
30 0 U -1
31 0 U 30
32 0 U 30
33 1 U 31
34 0 U 33
35 1 U 34
36 1 U 35
37 0 U 36
38 0 U 29
39 0 U 37
40 1 U 39
41 1 U 40
42 1 U 41
43 1 U 42
44 0 U -1
45 0 U 44
46 1 U 45
47 0 U 46
48 1 U 47
49 0 U 45
50 0 U 48
51 0 U 50
52 1 U 51
53 1 U 52
54 1 U 53
55 1 U 54
56 1 U 54
57 1 U -1
58 1 U 57
59 0 U 55
60 1 U 58
61 0 U 60
62 0 U 61
63 0 U 62
64 1 L 63
65 1 U 64
66 1 U 65
67 0 U 66
68 0 U 67
69 1 U 68
70 0 U -1
71 1 U 70
72 0 U 71
73 1 U 72
74 1 U 73
75 0 U 74
76 1 U 75
77 0 U 76
78 1 U 77
79 0 U 78
80 1 U 79
81 0 U -1
82 0 U 80
83 0 U 81
84 0 U 83
85 0 U 84
86 0 U 85
87 1 U 86
88 0 U 87
89 1 U 88
90 0 U 89
91 0 U 90
92 0 U 91
93 0 U 84
94 0 U 92
95
0 1 U -1
1 1 U 0
2 0 U 1
3 0 U 2
4 0 U 3
5 0 U -1
6 0 U 4
7 0 U 6
8 0 U 7
9 0 U 3
10 0 U 7
11 0 U 10
12 0 U 11
13 0 U 12
14 0 U 13
15 0 U -1
16 0 U 15
17 1 U 16
18 0 U 17
19 0 U 18
20 1 U 19
21 0 U 20
22 0 U 21
23 0 U 15
24 1 U 14
25 0 U 22
26 1 U 25
27 0 U 26
28 0 U 27
29 0 U 28
30 0 U -1
31 0 U 30
32 0 U 30
33 1 U 31
34 0 U 33
35 1 U 34
36 1 U 35
37 0 U 36
38 0 U 29
39 0 U 37
40 1 U 39
41 1 U 40
42 1 U 41
43 1 U 42
44 0 U -1
45 0 U 44
46 1 U 45
47 0 U 46
48 1 U 47
49 0 U 45
50 0 U 48
51 0 U 50
52 1 U 51
53 0 U 52
54 1 U 53
55 1 U 54
56 1 U 54
57 1 U -1
58 1 U 57
59 0 U 55
60 1 U 58
61 0 U 60
62 0 U 61
63 0 U 62
64 1 U 63
65 1 U 64
66 1 U 65
67 0 U 66
68 0 U 67
69 1 U 68
70 0 U -1
71 1 U 70
72 0 U 71
73 1 U 72
74 1 U 73
75 0 U 74
76 1 U 75
77 0 U 76
78 1 U 77
79 0 U 78
80 1 U 79
81 0 U -1
82 0 U 80
83 0 U 81
84 0 U 83
85 0 U 84
86 0 U 85
87 1 U 86
88 0 U 87
89 1 U 88
90 0 U 89
91 0 U 90
92 0 U 91
93 0 U 84
94 0 U 92
95
0 0 U -1
1 1 U 0
2 0 U 1
3 0 U 2
4 0 U 3
5 0 U -1
6 0 U 4
7 0 U 6
8 0 U 7
9 0 U 3
10 0 U 7
11 0 U 10
12 0 U 11
13 0 U 12
14 0 U 13
15 0 U -1
16 0 U 15
17 1 U 16
18 0 U 17
19 0 U 18
20 1 U 19
21 0 U 20
22 0 U 21
23 0 U 15
24 1 U 14
25 0 U 22
26 1 U 25
27 0 U 26
28 0 U 27
29 0 U 28
30 0 U -1
31 0 U 30
32 0 U 30
33 1 U 31
34 0 U 33
35 1 U 34
36 1 U 35
37 0 U 36
38 0 U 29
39 0 U 37
40 1 U 39
41 1 U 40
42 1 U 41
43 1 U 42
44 0 U -1
45 0 U 44
46 1 U 45
47 0 U 46
48 1 U 47
49 0 U 45
50 0 U 48
51 0 U 50
52 1 U 51
53 1 U 52
54 1 U 53
55 1 U 54
56 1 U 54
57 1 U -1
58 1 U 57
59 0 U 55
60 1 U 58
61 0 U 60
62 0 U 61
63 0 U 62
64 1 U 63
65 1 U 64
66 1 U 65
67 0 U 66
68 0 U 67
69 1 U 68
70 0 U -1
71 1 U 70
72 0 U 71
73 1 U 72
74 1 U 73
75 0 U 74
76 1 U 75
77 0 U 76
78 1 U 77
79 0 U 78
80 1 U 79
81 0 U -1
82 0 U 80
83 1 U 81
84 0 U 83
85 0 U 84
86 0 U 85
87 0 U 86
88 0 U 87
89 1 U 88
90 0 U 89
91 0 U 90
92 0 U 91
93 0 U 84
94 0 U 92
95
0 0 U -1
1 1 U 0
2 0 U 1
3 0 U 2
4 0 U 3
5 0 U -1
6 0 U 4
7 0 U 6
8 0 U 7
9 0 U 3
10 0 U 7
11 0 U 10
12 0 U 11
13 0 U 12
14 0 U 13
15 0 U -1
16 0 U 15
17 1 U 16
18 0 U 17
19 0 U 18
20 1 U 19
21 0 U 20
22 0 U 21
23 0 U 15
24 1 U 14
25 0 U 22
26 1 U 25
27 0 U 26
28 0 U 27
29 0 U 28
30 0 U -1
31 0 U 30
32 0 U 26
33 1 U 31
34 0 U 33
35 1 U 34
36 1 U 35
37 0 U 36
38 0 U 29
39 0 U 37
40 1 U 39
41 1 U 40
42 1 U 41
43 1 U 42
44 0 U -1
45 0 U 44
46 1 U 45
47 0 U 46
48 1 U 47
49 0 U 45
50 0 U 48
51 0 U 50
52 1 U 51
53 1 U 52
54 1 U 53
55 1 U 54
56 1 U 54
57 1 U -1
58 1 U 57
59 0 U 55
60 1 U 58
61 0 U 60
62 0 U 61
63 0 U 62
64 1 U 63
65 1 U 64
66 1 U 65
67 0 U 66
68 0 U 67
69 1 U 68
70 0 U -1
71 1 U 70
72 0 U 71
73 1 U 72
74 1 U 73
75 0 U 74
76 1 U 75
77 0 U 76
78 1 U 77
79 0 U 78
80 1 U 79
81 0 U -1
82 0 U 80
83 0 U 81
84 0 U 83
85 0 U 84
86 0 U 85
87 1 U 86
88 0 U 87
89 1 U 88
90 0 U 89
91 0 U 90
92 0 U 91
93 0 U 84
94 0 U 92
95
0 0 U -1
1 1 U 0
2 0 U 1
3 0 U 2
4 0 U 3
5 0 U -1
6 0 U 4
7 0 U 6
8 0 U 7
9 0 U 3
10 0 U 7
11 0 U 10
12 0 U 11
13 0 U 12
14 0 U 13
15 0 U -1
16 0 U 15
17 1 U 16
18 0 U 17
19 0 U 18
20 1 U 19
21 0 U 20
22 0 U 21
23 0 U 15
24 1 U 14
25 0 U 22
26 1 U 25
27 0 U 26
28 0 U 27
29 0 U 28
30 0 U -1
31 0 U 30
32 0 U 30
33 1 U 31
34 0 U 33
35 1 U 34
36 1 U 35
37 0 U 36
38 0 U 29
39 0 U 37
40 1 U 39
41 1 U 40
42 1 U 41
43 1 U 42
44 0 U -1
45 0 U 44
46 1 U 45
47 0 U 46
48 1 U 47
49 0 U 45
50 0 U 48
51 0 U 50
52 1 U 51
53 1 U 52
54 1 U 53
55 1 U 54
56 1 U 54
57 1 U -1
58 1 U 57
59 0 U 55
60 1 U 58
61 0 U 60
62 0 U 61
63 0 U 62
64 1 U 63
65 1 U 64
66 1 U 65
67 1 U 66
68 0 U 67
69 1 U 68
70 0 U -1
71 1 U 70
72 0 U 71
73 1 L 72
74 1 U 73
75 0 U 74
76 1 U 75
77 0 U 76
78 1 U 77
79 0 U 78
80 1 U 79
81 0 U -1
82 0 U 80
83 0 U 81
84 0 U 83
85 0 U 84
86 0 U 85
87 1 U 86
88 0 U 87
89 1 U 88
90 0 U 89
91 0 U 90
92 0 U 91
93 0 U 84
94 0 U 92
95
0 0 U -1
1 1 U 0
2 0 U 1
3 0 U 2
4 0 U 3
5 0 U -1
6 0 U 4
7 0 U 6
8 0 U 7
9 0 U 3
10 0 U 7
11 0 U 10
12 0 U 11
13 0 U 12
14 0 U 13
15 0 U -1
16 0 U 15
17 1 U 16
18 0 U 17
19 0 U 18
20 1 U 19
21 0 U 20
22 0 U 21
23 0 U 15
24 1 U 14
25 1 U 22
26 1 U 25
27 0 U 26
28 0 U 27
29 0 U 28
30 0 U -1
31 0 U 30
32 0 U 30
33 1 U 31
34 0 U 33
35 1 U 34
36 1 U 35
37 0 U 36
38 0 U 29
39 0 U 37
40 1 U 39
41 1 U 40
42 1 U 41
43 1 U 42
44 0 U -1
45 0 U 44
46 1 U 45
47 0 U 46
48 1 U 47
49 0 U 45
50 0 U 48
51 0 U 50
52 1 U 51
53 1 U 52
54 1 U 53
55 1 U 54
56 1 U 54
57 1 U -1
58 1 U 57
59 0 U 55
60 1 U 58
61 0 U 60
62 0 U 61
63 0 U 62
64 1 U 63
65 1 U 64
66 1 U 65
67 0 U 66
68 0 U 67
69 1 U 68
70 0 U -1
71 1 U 70
72 0 U 71
73 1 U 72
74 1 U 73
75 0 U 74
76 1 U 75
77 0 U 76
78 1 U 77
79 0 U 78
80 1 U 79
81 0 U -1
82 0 U 80
83 0 U 81
84 0 U 83
85 0 U 84
86 0 U 85
87 1 U 86
88 0 U 87
89 1 U 88
90 0 U 89
91 0 U 90
92 0 U 91
93 0 U 84
94 0 U 92
95
0 0 U -1
1 1 U 0
2 0 U 1
3 0 U 2
4 0 U 3
5 0 U -1
6 0 U 4
7 0 U 6
8 0 U 7
9 0 U 3
10 0 U 7
11 0 U 10
12 0 U 11
13 0 U 12
14 0 U 13
15 0 U -1
16 0 U 15
17 1 U 16
18 0 U 17
19 0 U 18
20 1 U 19
21 0 U 20
22 0 U 21
23 0 U 15
24 1 U 14
25 0 U 22
26 1 U 25
27 0 U 26
28 0 U 27
29 0 U 28
30 0 U -1
31 0 U 30
32 0 U 30
33 1 U 31
34 0 U 33
35 1 U 34
36 1 U 35
37 0 U 36
38 0 U 29
39 0 U 37
40 1 U 39
41 1 U 40
42 1 U 41
43 1 U 42
44 0 U -1
45 0 U 44
46 1 U 45
47 0 U 46
48 1 U 47
49 0 U 45
50 0 U 48
51 0 U 50
52 1 U 51
53 1 U 52
54 1 U 53
55 1 U 54
56 1 U 54
57 1 U -1
58 1 U 57
59 0 U 55
60 1 U 58
61 0 U 60
62 0 U 61
63 0 U 62
64 1 U 63
65 1 U 64
66 1 U 65
67 0 U 66
68 0 U 67
69 1 U 68
70 0 U -1
71 1 U 70
72 0 U 71
73 1 U 72
74 1 U 73
75 0 U 74
76 1 U 75
77 0 U 76
78 1 U 77
79 0 U 78
80 1 U 79
81 0 U -1
82 0 U 80
83 1 U 81
84 0 U 83
85 0 U 84
86 0 U 85
87 1 U 86
88 0 U 87
89 1 U 88
90 0 U 89
91 0 U 90
92 0 U 91
93 0 U 84
94 0 U 92
95
0 0 U -1
1 1 U 0
2 0 U 1
3 0 U 2
4 0 U 3
5 0 U -1
6 0 U 4
7 0 U 6
8 0 U 7
9 0 U 3
10 0 U 7
11 0 U 10
12 0 U 11
13 0 U 12
14 0 U 13
15 0 U -1
16 0 U 15
17 1 U 16
18 0 U 17
19 0 U 18
20 1 U 19
21 0 U 20
22 0 U 21
23 0 U 15
24 1 U 14
25 0 U 22
26 1 L 12
27 0 U 26
28 0 U 27
29 0 U 28
30 0 U -1
31 0 U 30
32 0 U 30
33 1 U 31
34 0 U 33
35 1 U 34
36 1 U 35
37 0 U 36
38 0 U 29
39 0 U 37
40 1 U 39
41 1 U 40
42 1 U 41
43 1 U 42
44 0 U -1
45 0 U 44
46 1 U 45
47 0 U 46
48 1 U 47
49 0 U 45
50 0 U 48
51 0 U 50
52 1 U 51
53 1 U 52
54 1 U 53
55 1 U 54
56 1 U 54
57 1 U -1
58 1 U 57
59 0 L 55
60 1 U 58
61 0 U 60
62 0 U 61
63 0 U 62
64 1 U 63
65 1 U 64
66 1 U 65
67 0 U 66
68 0 U 67
69 1 U 68
70 0 U -1
71 1 U 70
72 0 U 71
73 1 U 72
74 1 U 73
75 0 U 74
76 1 U 75
77 0 U 76
78 1 U 77
79 0 U 78
80 1 U 79
81 0 U -1
82 0 U 80
83 0 U 81
84 0 U 83
85 0 U 84
86 0 U 85
87 1 U 86
88 0 U 87
89 1 U 88
90 0 U 89
91 0 U 90
92 0 U 91
93 0 U 84
94 0 U 92
95
0 0 U -1
1 0 U 0
2 0 U 1
3 1 U 2
4 0 U 3
5 0 U -1
6 0 U 4
7 0 U 6
8 0 U 7
9 0 U 3
10 0 U 7
11 0 U 10
12 0 U 11
13 0 U 12
14 0 U 13
15 0 U -1
16 0 U 15
17 1 U 16
18 0 U 17
19 0 U 18
20 1 U 19
21 0 U 20
22 0 U 21
23 0 U 15
24 1 U 14
25 0 U 22
26 1 U 25
27 0 U 26
28 0 U 27
29 0 U 28
30 0 U -1
31 0 U 30
32 0 U 30
33 1 U 31
34 0 U 33
35 1 U 34
36 1 U 35
37 0 U 36
38 0 U 29
39 0 U 37
40 1 U 39
41 1 U 40
42 1 U 41
43 1 U 42
44 0 U -1
45 0 U 44
46 1 U 45
47 0 U 46
48 1 U 47
49 0 U 45
50 0 U 48
51 0 U 50
52 1 U 51
53 1 U 52
54 1 U 53
55 1 U 54
56 1 U 54
57 1 U -1
58 1 U 57
59 0 U 55
60 1 U 58
61 0 U 60
62 0 U 61
63 0 U 62
64 1 U 63
65 1 U 64
66 1 U 65
67 0 U 66
68 0 U 67
69 1 U 68
70 0 U -1
71 1 U 70
72 0 U 71
73 1 U 72
74 1 U 73
75 0 U 74
76 1 U 75
77 0 U 76
78 1 L 77
79 0 U 78
80 1 U 79
81 0 U -1
82 0 U 80
83 0 U 81
84 0 U 83
85 0 U 84
86 0 U 85
87 1 U 86
88 0 U 87
89 1 U 88
90 0 U 89
91 0 U 90
92 0 U 91
93 0 U 84
94 0 U 92
95
0 0 U -1
1 1 U 0
2 0 U 1
3 0 U 2
4 0 U 3
5 0 U -1
6 0 U 4
7 0 U 6
8 0 U 7
9 0 U 3
10 0 U 7
11 0 U 10
12 0 U 11
13 0 U 12
14 0 U 13
15 0 U -1
16 0 U 15
17 1 U 16
18 0 U 17
19 0 U 18
20 1 U 19
21 0 U 20
22 0 U 21
23 0 U 15
24 1 U 14
25 0 U 22
26 1 U 25
27 0 U 26
28 0 U 27
29 0 U 28
30 0 U -1
31 0 U 30
32 1 U 30
33 1 U 31
34 0 U 33
35 1 U 34
36 1 U 35
37 0 U 36
38 0 U 29
39 0 U 37
40 1 U 39
41 1 U 40
42 1 U 41
43 1 U 42
44 0 U -1
45 0 U 44
46 1 U 45
47 0 U 46
48 1 U 47
49 0 U 45
50 0 U 48
51 0 U 50
52 1 U 51
53 1 U 52
54 1 U 53
55 1 U 54
56 1 U 54
57 1 U -1
58 1 U 57
59 0 U 55
60 1 U 58
61 0 U 60
62 0 U 61
63 0 U 62
64 1 U 63
65 1 U 64
66 1 U 65
67 0 U 66
68 0 U 67
69 1 U 68
70 0 U -1
71 1 U 70
72 0 U 71
73 1 U 72
74 1 U 73
75 0 U 74
76 1 U 75
77 0 U 76
78 1 U 77
79 0 U 78
80 1 U 79
81 0 U -1
82 0 U 80
83 0 U 81
84 0 U 83
85 0 U 84
86 0 U 85
87 1 U 86
88 0 U 87
89 1 U 88
90 0 U 89
91 0 U 90
92 0 U 91
93 0 U 84
94 0 U 92
95
0 0 U -1
1 1 U 0
2 0 U 1
3 0 U 2
4 0 U 3
5 0 U -1
6 0 U 4
7 0 U 6
8 0 U 7
9 0 U 3
10 0 U 7
11 0 U 10
12 0 U 11
13 0 U 12
14 0 U 13
15 0 U -1
16 0 U 15
17 1 U 16
18 0 U 17
19 0 U 18
20 1 U 19
21 0 U 20
22 0 U 21
23 0 U 15
24 1 U 14
25 0 U 22
26 1 U 25
27 0 U 26
28 0 U 27
29 0 U 28
30 0 U -1
31 0 U 30
32 0 U 30
33 1 U 31
34 0 U 33
35 1 U 34
36 1 U 35
37 0 U 36
38 0 U 29
39 0 U 37
40 1 U 39
41 1 U 40
42 1 U 41
43 1 U 42
44 0 U -1
45 0 U 44
46 1 U 45
47 0 U 46
48 0 U 47
49 1 U 45
50 0 U 48
51 0 U 50
52 1 U 51
53 1 U 52
54 1 U 53
55 1 U 54
56 1 U 54
57 1 U -1
58 1 U 57
59 0 U 55
60 1 U 58
61 0 U 60
62 0 U 61
63 0 U 62
64 1 U 63
65 1 U 64
66 1 U 65
67 0 U 66
68 0 U 67
69 1 U 68
70 0 U -1
71 1 U 70
72 0 U 71
73 1 U 72
74 1 U 73
75 0 U 74
76 1 U 75
77 0 U 76
78 1 U 77
79 0 U 78
80 1 U 79
81 0 U -1
82 0 U 80
83 0 U 81
84 0 U 83
85 0 U 84
86 0 U 85
87 1 U 86
88 0 U 87
89 1 U 88
90 0 U 89
91 0 U 90
92 0 U 91
93 0 U 84
94 0 U 92
95
0 0 U -1
1 1 U 0
2 0 U 1
3 0 U 2
4 0 U 3
5 0 U -1
6 0 U 4
7 0 U 6
8 0 U 7
9 0 U 3
10 0 U 7
11 0 U 10
12 0 U 11
13 0 U 12
14 0 U 13
15 0 U -1
16 0 U 15
17 1 U 16
18 0 U 17
19 0 U 18
20 1 U 19
21 0 U 20
22 0 U 21
23 0 U 15
24 1 U 14
25 0 U 22
26 1 U 25
27 0 U 26
28 0 U 27
29 0 U 28
30 0 U -1
31 0 U 30
32 0 U 30
33 1 U 31
34 0 U 33
35 1 U 34
36 1 U 35
37 0 U 36
38 0 U 29
39 0 U 37
40 1 U 39
41 1 U 40
42 1 U 41
43 1 U 42
44 0 U -1
45 0 U 44
46 1 U 45
47 0 U 46
48 0 U 47
49 1 U 45
50 0 U 48
51 0 U 50
52 1 U 51
53 1 U 52
54 1 U 53
55 1 U 54
56 1 U 54
57 1 U -1
58 1 U 57
59 0 U 55
60 1 U 58
61 0 U 60
62 0 U 36
63 0 U 62
64 1 U 63
65 1 U 64
66 1 U 65
67 0 U 66
68 0 U 67
69 1 U 68
70 0 U -1
71 1 U 70
72 0 U 71
73 1 U 72
74 1 U 73
75 0 U 74
76 1 U 75
77 0 U 76
78 1 U 77
79 0 U 78
80 1 U 79
81 0 U -1
82 0 U 80
83 0 U 81
84 0 U 83
85 0 U 84
86 0 U 85
87 1 U 86
88 0 U 87
89 1 U 88
90 0 U 89
91 0 U 90
92 0 U 91
93 0 U 84
94 0 U 92
95
0 0 U -1
1 1 U 0
2 0 U 1
3 0 U 2
4 0 U 3
5 0 U -1
6 0 U 4
7 0 U 6
8 0 U 7
9 0 U 3
10 0 U 7
11 0 U 10
12 0 U 11
13 0 U 12
14 0 U 13
15 0 U -1
16 0 U 15
17 1 U 16
18 0 U 17
19 0 U 18
20 1 U 19
21 0 U 20
22 0 U 21
23 0 U 15
24 1 U 14
25 0 U 22
26 1 U 25
27 0 U 26
28 0 U 27
29 0 U 28
30 0 U -1
31 0 U 30
32 0 U 30
33 1 U 31
34 0 U 33
35 1 U 34
36 1 U 35
37 0 U 36
38 0 U 29
39 0 U 37
40 1 U 39
41 1 U 40
42 1 U 41
43 1 U 42
44 0 U -1
45 0 U 44
46 1 U 45
47 0 U 46
48 0 U 47
49 1 U 45
50 0 U 48
51 0 U 50
52 1 U 51
53 1 U 52
54 1 U 53
55 1 U 54
56 1 U 54
57 1 U -1
58 1 U 57
59 0 U 55
60 1 U 58
61 0 U 60
62 0 U 61
63 0 U 62
64 1 U 63
65 1 U 64
66 1 U 65
67 0 U 66
68 0 U 67
69 1 U 68
70 0 U -1
71 1 U 70
72 0 U 71
73 1 U 72
74 1 U 73
75 0 U 74
76 1 U 75
77 0 U 76
78 1 U 77
79 0 U 78
80 1 U 79
81 0 U -1
82 0 U 80
83 0 U 81
84 0 U 83
85 0 U 84
86 0 U 85
87 1 U 86
88 0 U 87
89 1 U 88
90 0 U 89
91 0 U 90
92 0 U 91
93 0 U 84
94 0 L 54
95
0 0 U -1
1 1 U 0
2 0 U 1
3 0 U 2
4 0 U 3
5 0 U -1
6 0 U 4
7 0 U 6
8 0 U 7
9 0 U 3
10 0 U 7
11 0 U 10
12 0 U 11
13 0 U 12
14 0 U 13
15 0 U -1
16 0 U 15
17 1 U 16
18 0 U 17
19 0 U 18
20 1 U 19
21 0 U 20
22 0 U 21
23 0 U 15
24 1 U 14
25 0 U 22
26 1 U 25
27 0 U 26
28 0 U 27
29 0 U 28
30 0 U -1
31 0 U 30
32 0 U 30
33 1 U 31
34 0 U 33
35 1 U 34
36 1 U 35
37 0 U 36
38 0 U 29
39 0 U 37
40 1 U 39
41 1 U 40
42 1 U 41
43 0 U 42
44 0 U -1
45 0 U 44
46 1 U 45
47 0 U 46
48 0 U 47
49 1 U 45
50 0 U 48
51 0 U 50
52 1 U 51
53 1 U 52
54 1 U 53
55 1 U 54
56 1 U 54
57 1 U -1
58 1 U 57
59 0 U 55
60 1 U 58
61 0 U 60
62 0 U 61
63 0 U 62
64 1 U 63
65 1 U 64
66 1 U 65
67 0 U 66
68 0 U 67
69 1 U 68
70 0 U -1
71 1 U 70
72 0 U 71
73 1 U 72
74 1 U 73
75 0 U 74
76 1 U 75
77 0 U 76
78 1 U 77
79 0 U 78
80 1 U 79
81 0 U -1
82 0 U 80
83 0 U 81
84 0 U 83
85 0 U 84
86 0 U 85
87 1 U 86
88 0 U 87
89 1 U 88
90 0 U 89
91 0 U 90
92 0 U 91
93 0 U 84
94 0 U 92
95
0 0 U -1
1 1 U 0
2 0 U 1
3 0 U 2
4 0 U 3
5 0 U -1
6 0 U 4
7 0 U 6
8 0 U 7
9 0 U 3
10 0 U 7
11 0 U 10
12 0 U 11
13 0 U 12
14 0 U 13
15 0 U -1
16 0 U 15
17 1 U 16
18 0 U 17
19 0 U 18
20 1 U 19
21 0 U 20
22 0 U 21
23 0 U 15
24 1 U 14
25 0 U 22
26 1 U 25
27 0 U 26
28 0 U 27
29 0 U 28
30 0 U -1
31 0 U 30
32 0 U 30
33 1 U 31
34 0 U 33
35 1 U 34
36 1 U 35
37 0 U 36
38 0 U 29
39 0 U 37
40 1 U 39
41 1 L 40
42 1 U 41
43 1 U 42
44 0 U -1
45 0 U 44
46 1 U 45
47 0 U 46
48 0 U 47
49 1 U 45
50 0 U 48
51 0 U 50
52 1 U 51
53 1 U 52
54 1 U 53
55 1 U 54
56 1 U 54
57 1 U -1
58 1 U 57
59 0 U 55
60 1 U 58
61 0 U 60
62 0 U 61
63 0 U 62
64 1 U 63
65 1 U 64
66 1 U 65
67 0 U 66
68 0 U 67
69 1 U 68
70 0 U -1
71 1 U 70
72 0 U 71
73 1 U 72
74 1 U 73
75 0 U 74
76 1 U 75
77 0 U 76
78 1 U 77
79 0 U 78
80 1 U 79
81 0 U -1
82 0 U 80
83 0 U 81
84 0 U 83
85 0 U 84
86 0 U 85
87 1 U 86
88 0 U 87
89 1 U 88
90 0 U 89
91 0 U 90
92 0 U 91
93 0 U 84
94 0 U 92
95
0 0 U -1
1 1 U 0
2 0 U 1
3 0 U 2
4 0 U 3
5 0 U -1
6 0 U 4
7 0 U 6
8 0 U 7
9 0 U 3
10 0 U 7
11 0 U 10
12 0 U 11
13 0 U 12
14 0 U 13
15 0 U -1
16 0 U 15
17 1 U 16
18 0 U 17
19 0 U 18
20 1 U 19
21 0 U 20
22 0 U 21
23 0 U 15
24 1 U 14
25 0 U 22
26 1 U 25
27 0 U 26
28 0 U 27
29 0 U 28
30 0 U -1
31 0 U 30
32 0 U 30
33 1 U 31
34 0 U 33
35 1 U 34
36 1 U 35
37 0 U 36
38 0 U 29
39 0 U 37
40 1 U 39
41 1 U 40
42 1 U 41
43 1 U 42
44 0 U -1
45 0 U 44
46 1 U 45
47 0 U 46
48 0 U 47
49 1 U 45
50 0 U 48
51 0 U 50
52 1 U 51
53 1 U 52
54 1 U 53
55 1 U 54
56 1 U 54
57 1 U -1
58 1 U 57
59 0 U 55
60 1 U 58
61 0 U 60
62 0 U 61
63 0 U 62
64 1 U 63
65 1 U 64
66 1 U 65
67 0 U 66
68 0 U 67
69 1 U 68
70 0 U -1
71 1 U 70
72 0 U 71
73 1 U 72
74 1 U 73
75 0 U 74
76 0 U 75
77 0 U 76
78 1 U 77
79 0 U 78
80 1 U 79
81 0 U -1
82 0 U 80
83 0 U 81
84 0 U 83
85 0 U 84
86 0 U 85
87 1 U 86
88 0 U 87
89 1 U 88
90 0 U 89
91 0 U 90
92 0 U 91
93 0 U 84
94 0 U 92
95
0 0 U -1
1 1 U 0
2 0 U 1
3 0 U 2
4 0 U 3
5 0 U -1
6 0 U 4
7 0 U 6
8 0 U 7
9 0 U 3
10 0 U 7
11 0 U 10
12 0 U 11
13 0 U 12
14 0 U 13
15 0 U -1
16 0 U 15
17 1 U 16
18 0 U 17
19 0 U 18
20 1 U 19
21 0 U 20
22 0 U 21
23 0 U 15
24 1 U 14
25 0 U 22
26 1 U 25
27 0 U 26
28 0 U 27
29 0 U 28
30 0 U -1
31 0 U 30
32 0 U 30
33 1 U 31
34 0 U 33
35 1 U 34
36 1 U 35
37 0 U 36
38 0 U 29
39 0 U 37
40 1 U 39
41 1 U 40
42 1 U 41
43 1 U 42
44 0 U -1
45 0 U 44
46 1 U 45
47 0 U 46
48 0 U 47
49 1 U 45
50 0 U 48
51 0 U 50
52 1 U 51
53 1 U 52
54 1 U 53
55 1 U 54
56 1 U 54
57 1 U -1
58 1 U 57
59 0 U 55
60 1 U 58
61 0 U 60
62 0 U 61
63 0 U 62
64 1 U 63
65 1 U 64
66 1 U 65
67 0 U 66
68 0 U 67
69 1 U 68
70 0 U -1
71 1 U 70
72 0 U 71
73 1 U 72
74 1 U 73
75 0 U 74
76 1 U 75
77 0 U 76
78 1 U 77
79 0 U 78
80 1 U 79
81 0 U -1
82 0 U 80
83 0 U 55
84 0 U 46
85 0 U 84
86 0 U 85
87 1 U 86
88 0 U 87
89 1 U 88
90 1 U 89
91 0 U 90
92 0 U 91
93 0 U 84
94 0 U 92
95
0 0 U -1
1 1 U 0
2 0 U 1
3 0 U 2
4 0 U 3
5 0 U -1
6 0 U 4
7 0 U 6
8 0 U 7
9 0 U 3
10 0 U 7
11 0 U 10
12 0 U 11
13 0 U 12
14 0 U 13
15 0 U -1
16 0 U 1
17 1 U 16
18 0 U 17
19 0 U 18
20 1 U 19
21 0 U 20
22 0 U 21
23 0 U 15
24 1 U 14
25 0 U 22
26 1 U 25
27 0 U 26
28 0 U 27
29 0 U 28
30 0 U -1
31 0 U 30
32 0 U 30
33 1 U 31
34 0 U 33
35 1 U 34
36 1 U 35
37 0 U 36
38 0 U 29
39 0 U 37
40 1 U 39
41 1 U 40
42 1 U 41
43 1 U 42
44 0 U -1
45 0 U 44
46 1 U 45
47 0 U 46
48 0 U 47
49 1 U 45
50 0 U 48
51 0 U 50
52 1 U 51
53 1 U 52
54 1 U 53
55 1 U 54
56 1 U 54
57 1 U -1
58 1 U 57
59 0 U 55
60 1 U 58
61 0 U 60
62 0 U 61
63 0 U 62
64 1 U 63
65 1 U 64
66 1 U 65
67 0 U 66
68 0 U 67
69 1 U 68
70 0 U -1
71 1 U 70
72 0 U 71
73 1 U 72
74 1 U 73
75 0 U 74
76 1 U 75
77 0 U 76
78 1 U 77
79 0 U 78
80 1 U 79
81 0 U -1
82 0 U 80
83 0 U 81
84 0 U 83
85 0 U 84
86 0 U 85
87 1 U 86
88 0 U 87
89 1 U 88
90 0 U 89
91 0 U 90
92 0 U 91
93 0 U 84
94 0 U 92
95
0 0 U -1
1 1 U 0
2 0 U 1
3 0 U 2
4 0 U 3
5 0 U -1
6 0 U 4
7 0 U 6
8 0 U 7
9 0 U 3
10 0 U 7
11 0 U 10
12 0 U 11
13 0 U 12
14 0 U 13
15 0 U -1
16 0 U 15
17 1 U 16
18 0 U 17
19 0 U 18
20 1 U 19
21 0 U 20
22 0 U 21
23 0 U 15
24 1 U 14
25 0 U 22
26 1 U 25
27 0 U 26
28 0 U 27
29 0 U 28
30 0 U -1
31 0 U 30
32 0 U 30
33 1 U 31
34 0 U 33
35 1 U 34
36 1 U 35
37 0 U 36
38 0 U 29
39 0 U 37
40 1 U 39
41 1 U 40
42 1 U 41
43 1 U 42
44 0 U -1
45 0 U 44
46 1 U 45
47 0 U 46
48 0 U 47
49 1 U 45
50 0 L 48
51 0 U 50
52 1 U 51
53 1 U 52
54 1 U 53
55 1 U 54
56 1 U 54
57 1 U -1
58 1 U 57
59 0 U 55
60 1 U 58
61 0 U 60
62 0 U 61
63 0 U 62
64 1 U 63
65 1 U 64
66 1 U 65
67 0 U 66
68 0 U 67
69 1 U 68
70 0 U -1
71 1 U 70
72 0 U 71
73 1 U 72
74 1 U 73
75 0 U 74
76 1 U 75
77 0 U 76
78 1 U 77
79 0 U 78
80 1 U 79
81 0 U -1
82 0 U 80
83 0 U 81
84 0 U 83
85 0 U 84
86 0 U 85
87 1 U 86
88 0 U 87
89 1 U 88
90 0 U 89
91 0 U 90
92 0 U 91
93 0 U 84
94 0 U 92
95
0 0 U -1
1 1 U 0
2 0 U 1
3 0 U 2
4 0 U 3
5 0 U -1
6 0 U 4
7 0 U 6
8 0 U 7
9 0 U 3
10 0 U 7
11 0 U 10
12 0 U 11
13 0 U 12
14 0 U 13
15 0 U -1
16 0 U 15
17 1 U 16
18 0 U 17
19 0 U 18
20 1 U 16
21 0 U 20
22 0 U 21
23 0 U 15
24 1 U 14
25 0 U 22
26 1 U 25
27 0 U 26
28 0 U 27
29 0 U 28
30 0 U -1
31 0 U 30
32 0 U 30
33 1 U 31
34 0 U 33
35 1 U 34
36 1 U 35
37 0 U 36
38 0 U 29
39 0 U 37
40 1 U 39
41 1 U 40
42 1 U 41
43 1 U 42
44 0 U -1
45 0 U 44
46 1 U 45
47 0 U 46
48 0 U 47
49 1 U 45
50 0 U 48
51 0 U 50
52 1 U 51
53 1 U 52
54 1 U 53
55 1 U 54
56 1 U 54
57 1 U -1
58 1 U 57
59 0 U 55
60 1 U 58
61 0 U 60
62 0 U 61
63 0 U 62
64 1 U 63
65 1 U 64
66 1 U 65
67 0 U 66
68 0 U 67
69 1 U 68
70 0 U -1
71 1 U 70
72 0 U 71
73 1 U 72
74 1 U 73
75 0 U 74
76 1 U 75
77 0 U 76
78 1 U 77
79 0 U 78
80 1 U 79
81 0 U -1
82 0 U 80
83 0 U 81
84 0 U 83
85 0 U 84
86 0 U 85
87 1 U 86
88 0 U 87
89 1 U 88
90 0 U 89
91 0 U 90
92 0 U 91
93 0 U 84
94 0 U 92
95
0 0 U -1
1 1 U 0
2 0 U 1
3 0 U 2
4 0 U 3
5 0 U -1
6 0 U 4
7 0 U 6
8 0 U 7
9 0 U 3
10 0 U 7
11 0 U 10
12 0 U 11
13 0 U 12
14 0 U 13
15 0 U -1
16 0 U 15
17 0 U 16
18 0 U 17
19 0 U 18
20 1 U 19
21 0 U 20
22 0 U 21
23 0 U 15
24 1 U 14
25 0 U 22
26 1 U 25
27 0 U 26
28 0 U 27
29 0 U 28
30 0 U -1
31 0 U 30
32 0 U 30
33 1 U 31
34 0 U 33
35 1 U 34
36 1 U 35
37 0 U 36
38 0 U 29
39 0 U 37
40 1 U 39
41 1 U 40
42 1 U 41
43 1 U 42
44 0 U -1
45 0 U 44
46 1 U 45
47 0 U 46
48 0 U 47
49 1 U 45
50 0 U 48
51 0 U 50
52 1 U 51
53 1 U 52
54 1 U 53
55 1 U 54
56 1 U 54
57 1 U -1
58 1 U 57
59 0 U 55
60 1 U 58
61 0 U 60
62 0 U 61
63 0 U 62
64 1 U 63
65 1 U 64
66 1 U 65
67 0 U 66
68 0 U 67
69 1 U 68
70 0 U -1
71 1 U 70
72 0 U 71
73 1 U 72
74 1 U 73
75 0 U 74
76 1 U 75
77 0 U 76
78 1 U 77
79 0 U 78
80 1 U 79
81 0 U -1
82 0 U 80
83 0 U 81
84 0 U 83
85 0 U 84
86 0 U 85
87 1 U 86
88 0 U 87
89 1 U 88
90 0 U 89
91 0 U 90
92 0 U 91
93 0 U 84
94 0 U 92
95
0 0 U -1
1 1 U 0
2 0 U 1
3 0 U 2
4 0 U 3
5 0 U -1
6 0 U 4
7 0 U 6
8 0 U 7
9 0 U 3
10 0 U 7
11 0 U 10
12 0 U 11
13 0 U 12
14 0 U 13
15 0 U -1
16 0 U 15
17 1 U 16
18 0 U 17
19 0 U 18
20 1 U 19
21 0 U 20
22 0 U 21
23 0 U 15
24 1 U 14
25 0 U 22
26 1 U 25
27 0 U 26
28 0 U 27
29 0 U 28
30 0 U -1
31 0 U 30
32 0 U 30
33 1 U 31
34 0 U 33
35 1 U 34
36 1 U 35
37 0 U 36
38 0 U 29
39 0 U 37
40 1 U 39
41 1 U 40
42 1 U 41
43 1 U 42
44 0 U -1
45 0 U 44
46 1 U 45
47 0 U 46
48 0 U 47
49 1 U 45
50 0 U 48
51 0 U 50
52 1 U 51
53 1 U 52
54 1 U 53
55 1 U 54
56 1 U 54
57 1 U -1
58 1 U 57
59 0 U 55
60 1 U 58
61 0 U 60
62 0 U 61
63 0 U 62
64 1 U 63
65 1 U 64
66 1 U 65
67 0 U 66
68 0 U 67
69 1 U 68
70 0 U -1
71 1 U 70
72 0 U 71
73 1 U 72
74 1 U 73
75 0 U 74
76 1 U 75
77 0 U 76
78 1 U 77
79 0 U 78
80 1 U 79
81 0 U -1
82 0 U 80
83 0 U 81
84 0 U 83
85 0 U 84
86 1 U 85
87 1 U 86
88 0 U 87
89 1 U 88
90 0 U 89
91 0 U 90
92 0 U 91
93 0 U 84
94 0 U 92
95
0 0 U -1
1 1 U 0
2 0 U 1
3 0 U 2
4 0 U 3
5 0 U -1
6 0 U 4
7 0 U 6
8 0 U 7
9 0 U 3
10 0 U 7
11 0 U 10
12 0 U 11
13 0 U 12
14 0 U 13
15 0 U -1
16 0 U 15
17 1 U 16
18 0 U 17
19 0 U 18
20 1 U 19
21 0 U 20
22 0 U 21
23 0 U 15
24 1 U 14
25 0 U 22
26 1 U 25
27 0 U 26
28 0 U 27
29 0 U 28
30 0 U -1
31 0 U 30
32 0 U 30
33 1 U 31
34 0 U 33
35 1 U 34
36 1 U 35
37 0 U 36
38 0 U 29
39 0 U 37
40 1 U 39
41 1 U 40
42 1 U 41
43 0 U 42
44 0 U -1
45 0 U 44
46 1 U 45
47 0 U 46
48 0 U 47
49 1 U 45
50 0 U 48
51 0 U 50
52 1 U 51
53 1 U 52
54 1 U 53
55 1 U 54
56 1 U 54
57 1 U -1
58 1 U 57
59 0 U 55
60 1 U 58
61 0 U 60
62 0 U 61
63 0 U 62
64 1 U 63
65 1 U 64
66 1 U 65
67 0 U 66
68 0 U 67
69 1 U 68
70 0 U -1
71 1 U 70
72 0 U 71
73 1 U 72
74 1 U 73
75 0 U 74
76 1 U 75
77 0 U 76
78 1 U 77
79 0 U 78
80 1 U 79
81 0 U -1
82 0 U 80
83 0 U 81
84 0 U 83
85 0 U 84
86 0 U 85
87 1 U 86
88 0 U 87
89 1 U 88
90 0 U 89
91 0 U 90
92 0 U 91
93 0 U 84
94 0 U 92
95
0 0 U -1
1 1 U 0
2 0 U 1
3 0 U 2
4 0 U 3
5 0 U -1
6 0 U 4
7 0 U 6
8 0 U 7
9 0 U 3
10 0 U 7
11 0 U 10
12 0 U 11
13 0 U 12
14 0 U 13
15 0 U -1
16 0 U 15
17 1 U 16
18 0 U 17
19 0 U 18
20 1 U 19
21 0 U 20
22 0 U 21
23 0 U 15
24 1 U 14
25 0 U 22
26 1 U 25
27 0 U 26
28 0 U 27
29 0 U 28
30 0 U -1
31 0 U 30
32 0 U 30
33 1 U 31
34 0 U 33
35 0 U 34
36 1 U 35
37 0 U 36
38 0 U 29
39 0 U 37
40 1 U 39
41 1 U 40
42 1 U 41
43 1 U 42
44 0 U -1
45 0 U 44
46 1 U 45
47 0 U 46
48 0 U 47
49 1 U 45
50 0 U 48
51 0 U 50
52 1 U 51
53 1 U 52
54 1 U 53
55 1 U 54
56 1 U 54
57 1 U -1
58 1 U 57
59 0 U 55
60 1 U 58
61 0 U 60
62 0 U 61
63 0 U 62
64 1 U 63
65 1 U 64
66 1 U 65
67 0 U 66
68 0 U 67
69 1 U 68
70 0 U -1
71 1 U 70
72 0 U 71
73 1 U 72
74 1 U 73
75 0 U 74
76 1 U 75
77 0 U 76
78 1 U 77
79 0 U 78
80 1 U 79
81 0 U -1
82 0 U 80
83 0 U 81
84 0 U 83
85 0 U 84
86 0 U 85
87 1 U 86
88 0 U 87
89 1 U 88
90 0 U 89
91 0 U 90
92 0 U 91
93 0 U 84
94 0 U 92
95
0 0 U -1
1 1 U 0
2 0 U 1
3 0 U 2
4 0 U 3
5 0 U -1
6 0 U 4
7 0 U 6
8 0 U 7
9 0 U 3
10 0 U 7
11 0 U 10
12 0 U 11
13 0 U 12
14 1 U 13
15 0 U -1
16 0 U 15
17 1 U 16
18 0 U 17
19 0 U 18
20 1 U 19
21 0 U 20
22 0 U 21
23 0 U 15
24 1 U 14
25 0 U 22
26 1 U 25
27 0 U 26
28 0 U 27
29 0 U 28
30 0 U -1
31 0 U 30
32 0 U 30
33 1 U 31
34 0 U 33
35 1 U 34
36 1 U 35
37 0 U 36
38 0 U 29
39 0 U 37
40 1 U 39
41 1 U 40
42 1 U 41
43 1 U 42
44 0 U -1
45 0 U 44
46 1 U 45
47 0 U 46
48 0 U 47
49 1 U 45
50 0 U 48
51 0 U 50
52 1 U 51
53 1 U 52
54 1 U 53
55 1 U 54
56 1 U 54
57 1 U -1
58 1 U 57
59 0 U 55
60 1 U 58
61 0 U 60
62 0 U 61
63 0 U 62
64 1 U 63
65 1 U 64
66 1 U 65
67 0 U 66
68 0 U 67
69 1 U 68
70 0 U -1
71 1 U 70
72 0 U 71
73 1 U 72
74 1 U 73
75 0 U 74
76 1 U 75
77 0 U 76
78 1 U 77
79 0 U 78
80 1 U 79
81 0 U -1
82 0 U 80
83 0 U 81
84 0 U 83
85 0 U 84
86 0 U 85
87 1 U 86
88 0 U 87
89 1 U 88
90 0 U 89
91 0 U 90
92 0 U 91
93 0 U 84
94 0 U 92
95
0 0 U -1
1 1 U 0
2 0 U 1
3 0 U 2
4 0 U 3
5 0 U -1
6 0 U 4
7 0 U 6
8 0 U 7
9 0 U 3
10 0 U 7
11 0 U 10
12 0 U 11
13 0 U 12
14 0 U 13
15 0 U -1
16 0 U 15
17 1 U 16
18 0 U 17
19 0 U 18
20 1 U 19
21 0 U 20
22 0 U 21
23 0 U 15
24 1 U 14
25 0 U 22
26 1 U 25
27 0 U 26
28 0 U 27
29 0 L 28
30 0 U -1
31 0 U 30
32 0 U 30
33 1 U 31
34 0 U 33
35 1 U 34
36 1 U 35
37 0 U 36
38 0 U 29
39 0 U 37
40 1 U 39
41 1 U 40
42 1 U 41
43 1 U 42
44 0 U -1
45 0 U 44
46 1 U 45
47 0 U 46
48 0 U 47
49 1 U 45
50 0 U 48
51 0 U 50
52 1 U 51
53 1 U 52
54 1 U 53
55 1 U 54
56 1 U 54
57 1 U -1
58 1 U 57
59 0 U 55
60 1 U 58
61 0 U 60
62 0 U 61
63 0 U 62
64 1 U 63
65 1 U 64
66 1 U 65
67 0 U 66
68 0 U 67
69 1 U 68
70 0 U -1
71 1 U 70
72 0 U 71
73 1 U 72
74 1 U 73
75 0 U 74
76 1 U 75
77 0 U 76
78 1 U 77
79 0 U 78
80 1 U 79
81 0 U -1
82 0 U 80
83 0 U 81
84 0 U 83
85 0 U 84
86 0 U 85
87 1 U 86
88 0 U 87
89 1 U 88
90 0 U 89
91 0 U 90
92 0 U 91
93 0 U 84
94 0 U 92
