98
0 0 U -1
1 1 U 0
2 0 U 1
3 0 U 2
4 0 U 3
5 0 U 4
6 1 U 4
7 0 U 0
8 1 U 5
9 1 U 8
10 0 U 9
11 0 U 10
12 1 U 11
13 1 U -1
14 0 U 13
15 1 U 14
16 1 U 12
17 1 U 15
18 0 U 16
19 0 U 15
20 0 U 18
21 0 U 5
22 1 U 20
23 0 U 19
24 1 U 23
25 0 U 24
26 1 U 25
27 1 U 26
28 0 U 13
29 1 U 27
30 1 U 29
31 1 U 27
32 1 U 30
33 1 U 16
34 1 U 32
35 1 U 34
36 1 U -1
37 1 U 36
38 1 U 37
39 0 U 38
40 0 U 39
41 0 U 40
42 1 U 41
43 1 U 42
44 1 U 43
45 1 U 44
46 1 U 45
47 1 U 46
48 0 U -1
49 1 U 47
50 0 U 48
51 0 U 42
52 1 U 50
53 0 U 52
54 1 U 53
55 0 U 54
56 0 U 55
57 0 U 56
58 0 U 57
59 0 U 58
60 0 U 59
61 0 U 49
62 0 U 60
63 1 U 62
64 0 U 63
65 0 U 64
66 0 U -1
67 0 U 66
68 1 U 67
69 0 U 68
70 0 U 69
71 1 U 70
72 0 U 71
73 0 U 72
74 0 U 73
75 1 U 74
76 1 U 75
77 0 U 76
78 1 U -1
79 1 U 78
80 1 U 79
81 1 U 80
82 0 U 81
83 0 U 69
84 1 U 82
85 0 U 84
86 0 U 85
87 1 U 86
88 1 U 86
89 0 U 87
90 1 U 89
91 0 U 90
92 1 U 91
93 1 U 91
94 0 U 92
95 1 U 94
96 1 U 95
97 0 U 95
98
0 0 U -1
1 1 U 0
2 0 U 1
3 0 U 2
4 0 U 3
5 0 U 4
6 1 U 4
7 0 U 5
8 1 U 5
9 1 U 8
10 0 U 9
11 0 U 10
12 1 U 11
13 1 U 12
14 0 U 13
15 1 U 14
16 1 U 15
17 0 U 16
18 0 U -1
19 1 U 18
20 0 U 19
21 0 U 20
22 1 U 20
23 0 U 22
24 1 U 23
25 0 U 24
26 1 U 25
27 1 U 26
28 0 U 27
29 1 U 27
30 1 U 29
31 1 U 30
32 1 U 31
33 1 U 31
34 1 U 32
35 1 U -1
36 1 U -1
37 1 U 36
38 1 U 37
39 1 U 38
40 0 U 39
41 0 U 40
42 1 U 41
43 1 U 42
44 1 U 43
45 1 U 44
46 1 U 45
47 1 U 46
48 0 U -1
49 1 U 47
50 0 U 48
51 0 U 48
52 1 U 50
53 0 U 52
54 1 U 53
55 0 U 54
56 0 U 55
57 0 U 56
58 0 U 57
59 0 U 58
60 0 U 59
61 0 U 59
62 0 U 60
63 1 U 62
64 0 U 63
65 0 U 64
66 0 U -1
67 0 U 66
68 1 U 65
69 0 U 67
70 0 U 69
71 1 U 70
72 0 U 71
73 0 U 72
74 0 U 73
75 1 U 74
76 1 U 75
77 0 U 76
78 1 U 77
79 1 U 78
80 1 U -1
81 1 U 80
82 0 U 81
83 0 U 81
84 1 U 82
85 0 U 84
86 0 U 85
87 0 U 86
88 0 U 87
89 0 U 88
90 1 U 89
91 0 U 90
92 1 U 91
93 1 U 91
94 0 U 92
95 1 U 94
96 1 U 95
97 0 U 95
98
0 0 U -1
1 1 U 0
2 0 U 1
3 0 U 2
4 0 U 3
5 0 U 4
6 1 U 4
7 0 U 0
8 1 U 5
9 1 U 8
10 0 U 9
11 0 U 10
12 1 U 11
13 1 U 12
14 0 U 13
15 1 U 14
16 1 U 15
17 0 U -1
18 0 U 17
19 1 U 18
20 0 U 19
21 0 U 20
22 1 U 21
23 0 U 22
24 1 U 16
25 0 U 23
26 1 U 25
27 1 U 26
28 0 U -1
29 1 U 27
30 1 U 29
31 1 U 21
32 1 U 30
33 1 U 30
34 1 U -1
35 1 U 34
36 1 U 35
37 1 U 36
38 1 U 35
39 0 U 37
40 0 U 39
41 0 U 32
42 1 U 40
43 1 U 42
44 1 U 43
45 1 U 44
46 1 U 45
47 1 U 46
48 0 U -1
49 1 U 48
50 0 U 49
51 0 U 49
52 1 U 50
53 0 U 52
54 1 U 53
55 0 U 54
56 0 U 55
57 0 U 56
58 0 U 57
59 0 U 58
60 0 U 59
61 0 U 52
62 0 U 60
63 1 U 62
64 0 U -1
65 0 U 63
66 0 U 64
67 0 U 66
68 1 U 67
69 0 U 68
70 0 U 69
71 1 U 70
72 0 U 71
73 0 U 72
74 0 U 73
75 1 U 71
76 1 U 74
77 0 U 76
78 1 U -1
79 1 U 78
80 1 U 79
81 1 U 80
82 0 U 81
83 0 U 79
84 1 U 82
85 0 U 84
86 0 U 85
87 0 U 86
88 0 U 87
89 0 U 88
90 1 U 89
91 0 U 81
92 1 U 90
93 1 U 90
94 0 U 92
95 1 U 94
96 1 U 95
97 0 U 95
98
0 0 U -1
1 1 U 0
2 0 U 1
3 0 U 2
4 0 U 3
5 0 U 4
6 1 U 4
7 0 U 0
8 1 U 5
9 1 U 8
10 0 U 9
11 0 U 10
12 1 U 11
13 1 U 12
14 0 U 13
15 1 U 14
16 1 U 15
17 0 U -1
18 0 U 17
19 1 U 18
20 0 U 19
21 0 U 20
22 1 U 20
23 0 U 22
24 1 U 16
25 0 U 23
26 1 U 25
27 1 U 26
28 0 U 13
29 1 U 27
30 1 U 29
31 1 U 27
32 1 U 30
33 1 U 15
34 1 U 32
35 1 U -1
36 1 U 35
37 1 U 36
38 1 U 37
39 0 U 38
40 0 U 39
41 0 U 40
42 1 U 41
43 1 U 42
44 1 U 43
45 1 U 44
46 1 U 45
47 1 U 46
48 0 U -1
49 1 U 47
50 0 U 48
51 0 U 42
52 1 U 50
53 0 U 52
54 1 U 53
55 0 U 54
56 0 U 55
57 0 U 56
58 0 U 57
59 0 U 58
60 0 U 59
61 0 U 59
62 0 U 60
63 1 U 62
64 0 U 63
65 0 U 64
66 0 U -1
67 0 U 66
68 1 U 67
69 0 U 68
70 0 U 69
71 1 U 70
72 0 U 71
73 0 U 72
74 0 U 73
75 1 U 74
76 1 U 75
77 0 U 76
78 1 U -1
79 1 U 78
80 1 U 79
81 1 U 80
82 0 U 71
83 0 U 69
84 1 U 81
85 0 U 84
86 0 U 85
87 0 U 86
88 0 U 87
89 0 U 88
90 1 U 89
91 0 U 90
92 1 U 91
93 1 U 91
94 0 U 92
95 1 U 94
96 1 U 95
97 0 U 80
98
0 0 U -1
1 1 U 0
2 0 U 1
3 0 U 2
4 0 U 3
5 0 U 4
6 1 U 4
7 0 U 0
8 1 U 5
9 1 U 8
10 0 U 9
11 1 U 10
12 1 U 11
13 1 U 12
14 0 U 13
15 1 U 14
16 1 U -1
17 0 U 15
18 0 U 16
19 1 U 18
20 0 U 19
21 0 U 5
22 1 U 10
23 0 U 20
24 1 U 23
25 0 U 24
26 1 U 25
27 1 U 26
28 0 U 14
29 1 U 27
30 1 U 29
31 1 U 30
32 1 U 31
33 1 U -1
34 1 U -1
35 1 U 30
36 1 U 32
37 1 U 34
38 1 U 36
39 0 U 37
40 0 U 39
41 0 U 40
42 1 U 41
43 1 U 42
44 1 U 38
45 1 U 43
46 1 U 45
47 1 U 46
48 0 U -1
49 1 U 48
50 0 U 49
51 0 U 49
52 1 U 50
53 0 U 42
54 1 U 52
55 0 U 54
56 0 U 55
57 0 U 56
58 0 U 57
59 0 U 58
60 0 U 59
61 0 U 59
62 0 U 60
63 1 U 62
64 0 U 63
65 0 U 64
66 0 U -1
67 0 U 66
68 1 U 65
69 0 U 67
70 0 U 69
71 1 U 70
72 0 U 71
73 0 U 72
74 0 U 73
75 1 U 74
76 1 U 75
77 0 U 76
78 1 U 77
79 1 U -1
80 1 U 79
81 1 U 80
82 0 U 81
83 0 U 69
84 1 U 82
85 0 U 84
86 0 U 85
87 0 U 86
88 0 U 87
89 0 U 88
90 1 U 89
91 0 U 90
92 1 U 91
93 1 U 91
94 0 U 92
95 1 U 94
96 1 U 95
97 0 U 95
98
0 0 U -1
1 1 U 0
2 0 U 1
3 0 U 2
4 0 U 3
5 0 U 4
6 1 U 4
7 0 U 5
8 1 U 5
9 1 U 8
10 0 U 9
11 0 U -1
12 1 U 10
13 1 U 12
14 0 U 11
15 1 U 14
16 1 U 13
17 0 U 16
18 1 U 15
19 0 U 15
20 0 U 17
21 0 U 9
22 1 U 20
23 0 U 19
24 1 U 23
25 0 U 24
26 1 U 25
27 1 U 26
28 0 U 11
29 1 U 27
30 1 U 29
31 1 U 14
32 1 U 30
33 1 U -1
34 1 U 32
35 1 U 34
36 1 U 34
37 1 U -1
38 1 U 37
39 1 U 38
40 0 U 39
41 0 U 40
42 1 U 41
43 1 U 42
44 1 U 43
45 1 U 44
46 1 U 45
47 1 U 46
48 0 U -1
49 1 U 47
50 0 U 48
51 0 U 48
52 1 U 50
53 0 U 42
54 1 U 52
55 0 U 54
56 0 U 55
57 0 U 56
58 0 U 57
59 0 U 58
60 0 U 59
61 0 U 59
62 0 U 60
63 1 U 62
64 0 U 63
65 0 U 49
66 1 U -1
67 0 U 64
68 0 U -1
69 1 U 66
70 0 U 69
71 1 U 70
72 1 U 71
73 0 U 72
74 0 U 73
75 1 U 71
76 1 U 74
77 0 U 67
78 1 U 76
79 1 U 78
80 1 U 79
81 1 U -1
82 0 U 81
83 0 U 81
84 1 U 82
85 0 U 84
86 0 U 85
87 0 U 86
88 0 U 87
89 0 U 88
90 1 U 89
91 0 U 90
92 1 U 91
93 1 U 92
94 0 U 93
95 1 U 94
96 1 U 95
97 0 U 95
98
0 0 U -1
1 1 U 0
2 0 U 1
3 0 U 2
4 0 U 3
5 0 U 4
6 1 U 4
7 0 U 2
8 1 U 5
9 1 U 8
10 0 U 9
11 0 U 10
12 1 U 11
13 1 U 12
14 0 U 13
15 1 U 14
16 1 U 15
17 0 U -1
18 0 U 17
19 1 U 18
20 0 U 19
21 0 U 9
22 1 U 5
23 0 U 20
24 1 U 23
25 0 U 24
26 1 U 25
27 1 U 26
28 0 U 10
29 1 U 27
30 1 U 29
31 1 U 13
32 1 U 30
33 1 U 30
34 1 U 32
35 1 U -1
36 1 U 35
37 1 U 36
38 1 U 27
39 0 U 37
40 0 U 39
41 0 U 40
42 1 U 41
43 1 U 42
44 1 U 43
45 1 U 44
46 1 U 45
47 1 U 46
48 0 U -1
49 1 U 48
50 0 U 47
51 0 U 39
52 1 U 49
53 0 U 42
54 1 U 52
55 0 U 54
56 0 U 55
57 0 U 56
58 0 U 57
59 0 U 58
60 0 U 59
61 0 U -1
62 0 U 60
63 1 U 62
64 0 U 63
65 0 U 64
66 0 U -1
67 0 U 66
68 1 U 67
69 0 U 68
70 0 U 69
71 1 U 70
72 0 U 71
73 0 U 72
74 0 U 73
75 1 U 71
76 1 U 74
77 0 U 76
78 1 U -1
79 1 U 78
80 1 U 79
81 1 U 80
82 0 U 73
83 0 U 69
84 1 U 81
85 0 U 84
86 0 U 85
87 0 U 86
88 0 U 87
89 0 U 88
90 1 U 89
91 0 U 90
92 1 U 91
93 1 U 91
94 0 U 92
95 1 U 94
96 1 U 95
97 0 U -1
98
0 0 U -1
1 1 U 0
2 0 U 1
3 0 U 2
4 0 U 3
5 0 U 4
6 1 U 4
7 0 U 5
8 1 U 7
9 1 U 8
10 0 U 9
11 0 U 10
12 1 U 11
13 1 U 12
14 0 U 13
15 1 U 14
16 1 U 15
17 0 U -1
18 0 U 17
19 1 U 18
20 0 U 19
21 0 U 9
22 1 U 20
23 0 U 22
24 1 U 23
25 0 U 24
26 1 U 25
27 1 U 26
28 0 U 13
29 1 U 27
30 1 U 29
31 1 U 30
32 1 U 31
33 1 U 31
34 1 U -1
35 1 U 30
36 1 U 32
37 1 U 34
38 1 U 36
39 0 U 37
40 0 U 39
41 0 U 40
42 1 U 41
43 1 U 42
44 1 U 38
45 1 U 43
46 1 U 45
47 1 U 46
48 0 U -1
49 1 U 48
50 0 U 49
51 0 U 42
52 1 U 50
53 0 U 52
54 1 U 53
55 0 U 54
56 0 U 55
57 0 U 56
58 0 U 57
59 0 U 58
60 0 U 59
61 0 U 49
62 0 U 60
63 1 U 62
64 0 U 63
65 0 U -1
66 0 U 65
67 0 U 66
68 1 U 67
69 0 U 68
70 0 U 69
71 1 U 70
72 0 U 71
73 0 U 72
74 0 U 73
75 1 U 74
76 1 U -1
77 0 U 75
78 1 U 76
79 1 U 78
80 1 U 79
81 1 U 80
82 0 U 71
83 0 U 73
84 1 U 81
85 0 U 84
86 0 U 85
87 0 U 86
88 0 U 87
89 0 U 88
90 1 U 89
91 0 U 74
92 1 U 90
93 1 U 90
94 0 U 92
95 1 U 94
96 1 U 95
97 0 U 79
98
0 0 U -1
1 1 U 0
2 0 U 1
3 0 U 2
4 0 U 3
5 0 U 4
6 1 U 4
7 0 U 0
8 1 U 2
9 1 U 5
10 0 U 9
11 0 U 10
12 1 U 11
13 1 U 12
14 0 U 13
15 1 U 14
16 1 U 15
17 0 U 16
18 0 U -1
19 1 U 18
20 0 U 17
21 0 U 9
22 1 U 19
23 0 U 22
24 1 U 23
25 0 U 24
26 1 U 25
27 1 U 26
28 0 U 26
29 1 U 27
30 1 U 29
31 1 U 19
32 1 U 30
33 1 U -1
34 1 U 32
35 1 U 34
36 1 U 34
37 1 U -1
38 1 U 37
39 0 U 38
40 0 U 39
41 0 U 40
42 1 U 41
43 1 U 42
44 1 U 43
45 1 U 44
46 1 U 45
47 1 U 46
48 0 U -1
49 1 U 48
50 0 U 49
51 0 U 40
52 1 U 47
53 0 U 42
54 1 U 50
55 0 U 54
56 0 U 55
57 0 U 56
58 0 U 57
59 0 U 58
60 0 U 59
61 0 U 59
62 0 U 52
63 1 U 60
64 0 U 63
65 0 U 64
66 0 U -1
67 0 U 65
68 1 U 66
69 0 U 68
70 0 U 69
71 1 U 70
72 0 U 60
73 0 U 71
74 0 U 73
75 1 U 74
76 1 U 75
77 0 U 76
78 1 U 77
79 1 U 78
80 1 U -1
81 1 U 80
82 0 U 73
83 0 U 69
84 1 U 81
85 0 U 79
86 0 U 84
87 0 U 86
88 0 U 87
89 0 U 88
90 1 U 89
91 0 U 74
92 1 U 90
93 1 U 92
94 0 U 93
95 1 U 94
96 1 U 95
97 0 U -1
98
0 0 U -1
1 1 U 0
2 0 U 1
3 0 U 2
4 0 U 3
5 0 U 4
6 1 U 5
7 0 U 5
8 1 U 6
9 1 U 8
10 0 U 9
11 0 U 10
12 1 U 11
13 1 U 12
14 0 U 13
15 1 U 14
16 1 U 15
17 0 U -1
18 0 U 17
19 1 U 18
20 0 U 19
21 0 U 4
22 1 U 6
23 0 U 20
24 1 U 23
25 0 U 24
26 1 U -1
27 1 U 26
28 0 U 25
29 1 U 28
30 1 U 29
31 1 U 28
32 1 U 30
33 1 U 26
34 1 U 32
35 1 U 27
36 1 U 34
37 1 U 36
38 1 U 37
39 0 U 35
40 0 U 39
41 0 U 40
42 1 U 41
43 1 U 42
44 1 U 43
45 1 U 44
46 1 U 45
47 1 U 46
48 0 U -1
49 1 U 47
50 0 U 49
51 0 U 42
52 1 U 48
53 0 U 52
54 1 U 53
55 0 U 54
56 0 U 55
57 0 U 56
58 0 U 57
59 0 U 58
60 0 U 59
61 0 U 52
62 0 U 60
63 1 U 62
64 0 U 63
65 0 U 64
66 0 U -1
67 0 U 66
68 1 U 65
69 0 U 67
70 0 U 69
71 1 U 70
72 0 U 71
73 0 U 72
74 0 U 73
75 1 U 74
76 1 U 75
77 0 U 76
78 1 U 77
79 1 U -1
80 1 U 79
81 1 U 80
82 0 U 81
83 0 U 81
84 1 U 82
85 0 U 84
86 0 U 85
87 0 U 86
88 0 U 87
89 0 U 88
90 1 U 89
91 0 U 90
92 1 U 91
93 1 U 91
94 0 U 92
95 1 U 94
96 1 U 95
97 0 U 95
98
0 0 U -1
1 1 U 0
2 0 U 1
3 0 U 2
4 0 U 3
5 0 U 4
6 1 U 0
7 0 U 5
8 1 U 5
9 1 U 8
10 0 U 9
11 0 U 10
12 1 U 11
13 1 U 12
14 0 U 13
15 1 U 14
16 1 U 15
17 0 U -1
18 0 U 17
19 1 U 18
20 0 U 19
21 0 U 20
22 1 U 20
23 0 U 22
24 1 U 23
25 0 U 24
26 1 U 25
27 1 U 26
28 0 U 26
29 1 U 27
30 1 U 29
31 1 U 14
32 1 U 30
33 1 U 30
34 1 U -1
35 1 U 32
36 1 U 27
37 1 U 34
38 1 U 35
39 0 U 37
40 0 U 38
41 0 U 39
42 1 U 41
43 1 U 42
44 1 U 43
45 1 U 44
46 1 U 45
47 1 U 46
48 0 U -1
49 1 U 48
50 0 U 49
51 0 U 39
52 1 U 50
53 0 U 52
54 1 U 53
55 0 U 54
56 0 U 55
57 0 U 56
58 0 U 57
59 0 U 58
60 0 U 59
61 0 U 59
62 0 U 47
63 1 U 60
64 0 U 63
65 0 U -1
66 0 U 65
67 0 U 66
68 1 U 67
69 0 U 68
70 0 U 69
71 1 U 70
72 0 U 60
73 0 U 71
74 0 U 73
75 1 U 74
76 1 U 75
77 0 U 76
78 1 U -1
79 1 U 77
80 1 U 78
81 1 U 80
82 0 U 74
83 0 U 80
84 1 U 81
85 0 U 84
86 0 U 85
87 0 U 86
88 0 U 87
89 0 U 88
90 1 U 89
91 0 U 90
92 1 U 91
93 1 U 91
94 0 U 92
95 1 U 94
96 1 U 95
97 0 U 95
98
0 0 U -1
1 1 U 0
2 0 U 1
3 0 U 2
4 0 U 3
5 0 U 4
6 1 U 4
7 0 U 0
8 1 U 5
9 1 U 8
10 0 U 9
11 0 U 10
12 1 U 11
13 1 U 12
14 0 U 13
15 1 U 14
16 1 U 15
17 0 U -1
18 0 U 17
19 1 U 18
20 0 U 19
21 0 U 5
22 1 U 20
23 0 U 22
24 1 U 23
25 0 U 24
26 1 U 25
27 1 U 26
28 0 U 26
29 1 U 27
30 1 U 29
31 1 U 14
32 1 U 30
33 1 U 30
34 1 U -1
35 1 U 32
36 1 U 27
37 1 U 34
38 1 U 37
39 0 U 38
40 0 U 35
41 0 U 39
42 1 U 41
43 1 U 42
44 1 U 43
45 1 U 44
46 1 U 45
47 1 U -1
48 0 U 47
49 1 U 46
50 1 U 48
51 0 U 39
52 1 U 49
53 0 U 42
54 0 U 48
55 0 U 54
56 0 U 55
57 0 U 56
58 0 U 57
59 0 U 58
60 0 U 59
61 0 U 60
62 0 U 61
63 1 U 62
64 0 U 63
65 0 U 64
66 0 U -1
67 0 U 66
68 1 U 67
69 0 U 68
70 0 U 69
71 1 U 70
72 0 U 62
73 0 U 71
74 0 U 73
75 1 U 74
76 1 U 75
77 0 U 76
78 1 U -1
79 1 U 77
80 1 U 78
81 1 U 80
82 0 U 73
83 0 U 80
84 1 U 81
85 0 U 84
86 0 U 85
87 1 U 86
88 1 U 86
89 0 U 87
90 1 U 89
91 0 U 74
92 1 U 90
93 1 U 92
94 0 U 93
95 1 U 94
96 1 U 95
97 0 U 85
98
0 0 U -1
1 1 U 0
2 0 U 1
3 0 U 2
4 0 U 3
5 0 U 4
6 1 U 4
7 0 U 5
8 1 U 5
9 1 U 8
10 0 U 9
11 0 U 10
12 1 U 11
13 1 U 12
14 0 U 13
15 1 U 14
16 1 U 15
17 0 U 16
18 0 U -1
19 1 U 18
20 0 U 19
21 0 U 20
22 1 U 20
23 0 U 22
24 1 U 23
25 0 U 24
26 1 U 25
27 1 U 26
28 0 U 27
29 1 U 28
30 1 U 29
31 1 U 30
32 1 U 31
33 1 U 31
34 1 U -1
35 1 U 34
36 1 U 34
37 1 U 36
38 1 U 37
39 0 U 38
40 0 U 32
41 0 U 39
42 1 U 40
43 1 U 41
44 1 U 43
45 1 U 44
46 1 U 45
47 1 U 46
48 0 U -1
49 1 U 47
50 0 U 48
51 0 U 48
52 1 U 50
53 0 U 52
54 1 U 53
55 0 U 54
56 0 U 55
57 0 U 56
58 0 U 57
59 0 U 58
60 0 U 59
61 0 U 59
62 0 U 60
63 1 U 62
64 0 U 63
65 0 U 64
66 0 U -1
67 0 U 66
68 1 U 65
69 0 U 67
70 0 U 69
71 1 U 70
72 0 U 71
73 0 U 72
74 0 U 73
75 1 U 74
76 1 U 75
77 0 U 76
78 1 U 77
79 1 U -1
80 1 U 79
81 1 U 80
82 0 U 81
83 0 U 81
84 1 U 82
85 0 U 84
86 0 U 85
87 0 U 86
88 0 U 87
89 0 U 88
90 1 U 89
91 0 U 90
92 1 U 91
93 1 U 91
94 0 U 92
95 1 U 94
96 1 U 95
97 0 U 95
98
0 0 U -1
1 1 U 0
2 0 U 1
3 0 U 2
4 0 U 3
5 0 U 4
6 1 U 2
7 0 U 5
8 1 U 7
9 1 U 8
10 0 U 9
11 0 U 10
12 1 U 11
13 1 U 12
14 0 U 13
15 1 U 14
16 1 U 15
17 0 U -1
18 0 U 17
19 0 U 18
20 1 U 18
21 0 U 13
22 1 U 7
23 0 U 20
24 1 U 23
25 0 U 24
26 1 U 25
27 1 U 26
28 0 U 17
29 1 U 27
30 1 U 29
31 1 U 27
32 1 U 30
33 1 U 30
34 1 U 32
35 1 U 34
36 1 U 34
37 1 U -1
38 1 U 37
39 0 U 38
40 0 U 39
41 0 U 40
42 1 U 41
43 1 U 42
44 1 U 43
45 1 U 44
46 1 U 45
47 1 U 46
48 0 U 47
49 1 U -1
50 0 U 49
51 0 U 40
52 1 U -1
53 0 U 50
54 1 U 53
55 0 U 54
56 0 U 55
57 0 U 52
58 0 U 56
59 0 U 58
60 0 U 59
61 0 U 60
62 0 U 61
63 1 U 62
64 0 U 57
65 0 U 63
66 0 U 65
67 0 U 66
68 1 U 67
69 0 U 64
70 0 U 69
71 1 U 70
72 0 U 71
73 0 U 72
74 0 U 73
75 1 U 74
76 1 U 75
77 0 U 76
78 1 U 77
79 1 U -1
80 1 U 79
81 1 U 80
82 0 U 74
83 0 U 69
84 1 U 81
85 0 U 84
86 0 U 85
87 0 U 86
88 0 U 87
89 0 U 88
90 1 U 89
91 0 U 90
92 1 U 91
93 1 U 91
94 0 U 92
95 1 U 94
96 1 U 95
97 0 U 85
98
0 0 U -1
1 1 U 0
2 0 U 1
3 0 U 2
4 0 U 3
5 0 U 4
6 1 U 0
7 0 U 5
8 1 U 7
9 1 U 8
10 0 U 9
11 0 U 10
12 1 U 11
13 1 U 12
14 0 U 13
15 1 U 14
16 1 U 15
17 0 U -1
18 0 U 17
19 1 U 18
20 0 U 19
21 0 U 13
22 1 U 7
23 0 U 20
24 1 U 16
25 0 U 23
26 1 U 25
27 1 U 26
28 0 U 27
29 1 U 28
30 1 U 29
31 1 U 28
32 1 U 30
33 1 U 30
34 1 U 32
35 1 U 27
36 1 U 34
37 1 U -1
38 0 U 37
39 0 U 38
40 0 U 39
41 0 U 40
42 1 U 41
43 1 U 37
44 1 U 42
45 1 U 44
46 1 U 36
47 1 U 45
48 0 U 47
49 1 U 48
50 0 U -1
51 0 U -1
52 1 U 50
53 0 U 52
54 1 U 53
55 0 U 54
56 0 U 55
57 0 U 56
58 0 U 57
59 0 U 58
60 0 U 59
61 1 U 47
62 0 U 60
63 1 U 62
64 0 U 63
65 0 U 64
66 0 U 65
67 0 U -1
68 1 U 67
69 0 U 68
70 0 U 69
71 1 U 70
72 0 U 71
73 0 U 72
74 0 U 73
75 1 U 74
76 1 U 75
77 0 U 76
78 1 U 77
79 1 U 78
80 1 U 79
81 1 U -1
82 0 U 81
83 0 U 81
84 1 U 82
85 0 U 84
86 0 U 85
87 0 U 86
88 0 U 87
89 0 U 88
90 1 U 89
91 0 U 80
92 1 U 90
93 1 U 92
94 0 U 93
95 1 U 94
96 1 U 95
97 0 U 95
98
0 0 U -1
1 1 U 0
2 0 U 1
3 0 U 2
4 0 U 3
5 0 U 4
6 1 U 0
7 0 U 2
8 1 U 5
9 1 U 8
10 0 U 9
11 0 U 10
12 1 U 11
13 1 U 12
14 0 U -1
15 1 U 13
16 1 U 15
17 0 U 16
18 0 U 14
19 1 U 18
20 0 U 19
21 0 U 4
22 1 U 5
23 0 U 20
24 1 U 17
25 0 U 23
26 1 U 25
27 1 U 26
28 0 U 26
29 1 U 27
30 1 U 29
31 1 U 13
32 1 U 30
33 1 U 30
34 1 U 32
35 1 U -1
36 1 U 27
37 1 U -1
38 1 U 37
39 0 U 38
40 0 U 39
41 0 U 40
42 1 U 41
43 1 U 42
44 1 U 43
45 1 U 44
46 1 U 45
47 1 U 46
48 0 U -1
49 1 U 47
50 0 U 48
51 0 U 39
52 1 U 50
53 0 U 42
54 1 U 52
55 0 U 54
56 0 U 55
57 0 U 56
58 0 U 57
59 0 U 58
60 0 U 59
61 0 U 48
62 0 U 60
63 1 U 62
64 0 U 63
65 0 U 64
66 0 U -1
67 0 U 66
68 1 U 65
69 0 U 67
70 0 U 69
71 1 U 70
72 0 U 71
73 0 U 72
74 0 U 73
75 1 U 71
76 1 U 74
77 0 U 76
78 1 U 77
79 1 U 78
80 1 U -1
81 1 U 80
82 0 U 81
83 0 U 69
84 1 U 82
85 0 U 84
86 0 U 85
87 0 U 86
88 0 U 87
89 0 U 88
90 1 U 89
91 0 U 73
92 1 U 90
93 1 U 90
94 0 U 92
95 1 U 94
96 1 U 95
97 0 U 95
98
0 0 U -1
1 1 U 0
2 0 U 1
3 0 U 2
4 0 U 3
5 0 U 4
6 1 U 0
7 0 U 4
8 1 U 5
9 1 U 8
10 0 U 9
11 0 U 10
12 1 U 11
13 1 U 12
14 0 U 13
15 1 U 14
16 1 U 15
17 0 U -1
18 0 U 17
19 1 U 18
20 0 U 19
21 0 U 5
22 1 U 20
23 0 U 22
24 1 U 23
25 0 U 24
26 1 U 25
27 1 U 26
28 0 U 12
29 1 U 27
30 1 U 29
31 1 U 14
32 1 U 30
33 0 U 30
34 1 U -1
35 1 U 27
36 1 U 20
37 1 U 34
38 1 U 32
39 0 U 37
40 0 U 38
41 0 U 39
42 1 U 41
43 1 U 42
44 1 U 43
45 1 U 44
46 1 U 45
47 1 U 46
48 0 U -1
49 1 U 48
50 0 U 49
51 0 U 41
52 1 U 50
53 0 U 42
54 1 U 52
55 0 U 54
56 0 U 55
57 0 U -1
58 0 U 56
59 0 U 58
60 0 U 59
61 0 U 49
62 0 U 60
63 0 U 57
64 0 U 63
65 0 U 62
66 0 U 64
67 0 U 65
68 1 U 67
69 0 U 66
70 0 U 68
71 1 U 69
72 0 U 57
73 0 U 71
74 0 U 73
75 1 U 74
76 1 U 75
77 0 U 76
78 1 U -1
79 1 U 78
80 1 U 79
81 1 U 80
82 0 U 74
83 0 U 75
84 1 U 81
85 0 U 84
86 0 U 85
87 0 U 86
88 0 U 87
89 0 U 88
90 1 U 89
91 0 U 90
92 1 U 91
93 1 U 91
94 0 U 92
95 1 U 94
96 1 U 95
97 0 U 95
98
0 0 U -1
1 1 U 0
2 0 U 1
3 0 U 2
4 0 U 3
5 0 U 4
6 1 U 4
7 0 U 2
8 1 U 5
9 1 U 8
10 0 U 9
11 0 U 10
12 1 U 11
13 1 U 12
14 0 U 13
15 1 U 14
16 1 U 15
17 0 U -1
18 1 U 17
19 0 U 17
20 0 U 19
21 0 U 5
22 1 U 20
23 0 U 22
24 1 U 23
25 0 U 24
26 1 U 25
27 1 U 26
28 0 U 10
29 1 U 27
30 1 U 29
31 1 U 13
32 1 U 30
33 1 U 24
34 1 U 32
35 1 U 20
36 1 U 27
37 1 U -1
38 1 U 37
39 0 U 38
40 0 U 39
41 0 U 40
42 1 U 41
43 1 U 42
44 1 U 43
45 1 U 44
46 1 U 45
47 1 U 46
48 0 U -1
49 1 U 47
50 0 U 49
51 0 U 39
52 1 U 48
53 0 U 42
54 1 U 52
55 0 U 54
56 0 U 55
57 0 U 56
58 0 U 57
59 0 U 58
60 0 U 59
61 0 U 60
62 0 U 61
63 1 U 62
64 0 U 63
65 0 U 64
66 0 U -1
67 0 U 66
68 1 U 65
69 0 U 67
70 0 U 69
71 1 U 70
72 0 U 71
73 0 U 72
74 0 U 73
75 1 U 71
76 1 U 68
77 0 U 74
78 1 U 77
79 1 U 78
80 1 U 79
81 1 U -1
82 0 U 73
83 0 U 81
84 1 U 83
85 0 U 84
86 0 U 85
87 0 U 86
88 0 U 87
89 0 U 88
90 1 U 89
91 0 U 90
92 1 U 91
93 1 U 92
94 0 U 93
95 1 U 94
96 1 U 95
97 0 U 95
98
0 0 U -1
1 1 U 0
2 0 U 1
3 0 U 2
4 0 U 3
5 0 U 4
6 1 U 4
7 0 U 5
8 1 U 5
9 1 U 8
10 0 U 9
11 0 U 10
12 1 U 11
13 1 U 12
14 0 U 13
15 1 U 14
16 1 U 15
17 0 U 16
18 0 U -1
19 1 U 18
20 0 U 19
21 0 U 13
22 1 U 20
23 0 U 22
24 1 U 23
25 0 U 24
26 1 U 25
27 1 U 26
28 0 U 27
29 1 U 28
30 1 U 29
31 1 U 28
32 1 U 30
33 1 U 30
34 1 U 32
35 1 U 20
36 1 U -1
37 1 U 36
38 1 U 37
39 0 U -1
40 0 U 39
41 0 U 38
42 1 U 41
43 1 U 40
44 1 U 42
45 1 U 44
46 1 U 45
47 1 U 46
48 0 U 47
49 1 U 43
50 0 U 48
51 0 U 40
52 1 U 50
53 0 U 49
54 1 U 52
55 0 U 53
56 0 U 55
57 0 U 56
58 0 U 57
59 0 U 58
60 0 U 59
61 0 U 59
62 0 U 54
63 1 U 60
64 0 U 63
65 0 U 64
66 0 U -1
67 0 U 66
68 1 U 65
69 0 U 67
70 0 U 69
71 1 U 70
72 0 U 71
73 0 U 72
74 0 U 73
75 1 U 74
76 1 U 75
77 0 U 76
78 1 U 77
79 1 U -1
80 1 U 79
81 0 U 80
82 0 U 71
83 0 U 69
84 1 U 81
85 0 U 84
86 0 U 85
87 0 U 86
88 0 U 87
89 0 U 88
90 1 U 89
91 0 U 90
92 1 U 91
93 1 U 91
94 0 U 92
95 1 U 94
96 1 U 95
97 0 U 95
98
0 0 U -1
1 1 U 0
2 0 U 1
3 0 U 2
4 0 U 3
5 0 U 4
6 1 U 4
7 0 U 5
8 1 U 5
9 1 U 8
10 0 U 9
11 0 U 10
12 1 U 11
13 1 U 12
14 0 U 13
15 1 U 14
16 1 U 15
17 0 U 16
18 0 U -1
19 0 U 18
20 1 U 18
21 0 U 20
22 1 U 20
23 0 U 22
24 1 U 23
25 0 U 24
26 1 U 25
27 1 U 26
28 0 U 27
29 1 U 27
30 1 U 29
31 1 U 30
32 1 U 31
33 1 U 31
34 1 U 32
35 1 U -1
36 1 U -1
37 1 U 36
38 1 U 37
39 0 U 38
40 0 U 39
41 0 U 40
42 1 U 41
43 1 U 42
44 1 U 43
45 1 U 44
46 1 U 45
47 1 U 46
48 0 U -1
49 1 U 47
50 0 U 48
51 0 U 48
52 1 U 50
53 0 U 52
54 1 U 53
55 0 U 54
56 0 U 55
57 0 U 56
58 0 U 57
59 0 U 58
60 0 U 59
61 0 U 59
62 0 U 60
63 1 U 62
64 0 U 63
65 0 U 64
66 0 U -1
67 0 U 66
68 1 U 65
69 0 U 67
70 0 U 69
71 1 U 70
72 0 U 71
73 0 U 72
74 0 U 73
75 1 U 74
76 1 U 75
77 0 U 76
78 1 U 77
79 1 U -1
80 1 U 79
81 1 U 80
82 0 U 81
83 0 U 81
84 1 U 82
85 0 U 84
86 0 U 85
87 0 U 86
88 0 U 87
89 0 U 88
90 1 U 89
91 0 U 90
92 1 U 91
93 1 U 91
94 0 U 92
95 1 U 94
96 1 U 95
97 0 U 95
98
0 0 U -1
1 1 U 0
2 0 U 1
3 0 U 2
4 0 U 3
5 0 U 4
6 1 U 5
7 0 U 5
8 1 U 6
9 1 U 8
10 0 U 9
11 0 U 10
12 1 U 11
13 1 U 12
14 0 U 13
15 1 U 14
16 1 U 15
17 0 U -1
18 1 U 17
19 0 U 17
20 0 U 19
21 0 U 9
22 1 U 6
23 0 U 20
24 1 U 23
25 0 U 24
26 1 U 25
27 1 U 26
28 0 U 10
29 1 U 27
30 1 U 29
31 1 U 13
32 1 U 30
33 1 U 30
34 1 U 32
35 1 U 34
36 1 U 34
37 1 U -1
38 1 U 36
39 0 U 37
40 0 U 39
41 0 U 40
42 1 U 41
43 1 U 42
44 1 U 38
45 1 U 43
46 1 U 45
47 1 U 46
48 0 U 47
49 1 U 48
50 0 U -1
51 0 U 39
52 1 U 50
53 0 U 52
54 1 U 53
55 0 U 54
56 0 U 55
57 0 U 56
58 0 U 57
59 0 U 58
60 0 U 59
61 0 U 59
62 0 U 60
63 1 U 62
64 0 U 63
65 0 U 64
66 0 U 65
67 0 U -1
68 1 U 67
69 0 U 68
70 0 U 69
71 1 U 70
72 0 U 71
73 0 U 72
74 0 U 73
75 1 U 71
76 1 U 74
77 0 U 76
78 1 U 77
79 1 U 78
80 1 U 79
81 1 U -1
82 0 U 81
83 0 U 81
84 1 U 80
85 0 U 82
86 0 U 85
87 1 U 86
88 1 U 86
89 0 U 87
90 1 U 89
91 0 U 90
92 1 U 91
93 1 U 91
94 0 U 92
95 1 U 94
96 1 U 95
97 0 U 95
98
0 0 U -1
1 1 U 0
2 0 U 1
3 0 U 2
4 0 U 3
5 0 U 4
6 1 U 4
7 0 U 0
8 1 U 5
9 1 U 8
10 0 U 9
11 0 U 10
12 1 U 11
13 1 U 12
14 0 U 13
15 1 U 14
16 1 U 15
17 0 U 16
18 0 U -1
19 1 U 18
20 0 U 19
21 1 U 13
22 1 U 5
23 0 U 20
24 1 U 23
25 0 U 24
26 1 U 25
27 1 U 26
28 0 U 9
29 1 U 27
30 1 U 29
31 1 U 14
32 0 U 30
33 1 U 18
34 1 U 32
35 1 U 30
36 1 U 34
37 1 U -1
38 1 U 36
39 0 U 37
40 0 U 39
41 0 U 40
42 1 U 41
43 1 U 42
44 1 U 43
45 1 U 44
46 1 U 45
47 0 U 46
48 0 U 47
49 1 U -1
50 0 U 49
51 0 U 40
52 1 U 50
53 0 U 42
54 1 U 52
55 0 U 54
56 0 U 55
57 0 U 56
58 0 U 57
59 0 U 58
60 0 U 59
61 0 U 59
62 1 U 60
63 0 U 62
64 0 U -1
65 0 U 63
66 0 U 64
67 0 U 66
68 1 U 67
69 0 U 68
70 0 U 69
71 1 U 70
72 0 U 60
73 0 U 71
74 0 U 73
75 1 U 62
76 1 U 74
77 0 U 76
78 1 U 77
79 1 U 78
80 1 U -1
81 1 U 80
82 0 U 81
83 0 U 81
84 1 U 82
85 0 U 84
86 0 U 85
87 0 U 86
88 0 U 87
89 0 U 88
90 1 U 89
91 0 U 90
92 1 U 91
93 1 U 91
94 0 U 92
95 1 U 94
96 1 U 95
97 0 U 95
98
0 0 U -1
1 1 U 0
2 0 U 1
3 0 U 2
4 0 U 3
5 0 U 4
6 1 U 0
7 0 U 5
8 1 U 5
9 1 U 8
10 0 U 9
11 0 U 10
12 1 U 11
13 1 U 12
14 0 U 13
15 1 U 14
16 1 U 15
17 0 U -1
18 0 U 17
19 1 U 18
20 0 U 16
21 0 U 4
22 1 U 19
23 0 U 22
24 1 U 23
25 0 U 24
26 1 U 25
27 1 U 26
28 0 U 10
29 1 U 27
30 1 U 29
31 1 U 19
32 1 U 30
33 1 U -1
34 1 U 32
35 1 U 27
36 1 U -1
37 1 U 36
38 1 U 37
39 0 U 38
40 0 U 39
41 0 U 40
42 1 U 41
43 1 U 42
44 1 U 43
45 1 U 44
46 1 U 45
47 1 U 46
48 0 U -1
49 1 U 47
50 0 U 48
51 0 U 48
52 1 U 50
53 0 U 52
54 1 U 53
55 0 U 54
56 0 U 55
57 0 U 56
58 0 U 57
59 0 U 58
60 0 U 59
61 0 U 49
62 0 U 60
63 1 U 62
64 0 U 63
65 0 U 64
66 0 U -1
67 0 U 66
68 1 U 67
69 0 U 68
70 0 U 69
71 1 U 70
72 0 U 71
73 0 U 72
74 0 U 73
75 1 U 74
76 1 U 75
77 0 U 76
78 1 U -1
79 1 U 78
80 1 U 79
81 1 U 80
82 0 U 71
83 0 U 73
84 1 U 81
85 0 U 84
86 0 U 85
87 0 U 86
88 0 U 87
89 0 U 88
90 1 U 89
91 0 U 90
92 1 U 91
93 1 U 91
94 0 U 92
95 1 U 94
96 1 U 95
97 0 U 79
98
0 0 U -1
1 1 U 0
2 0 U 1
3 0 U 2
4 0 U 3
5 0 U 4
6 1 U 4
7 0 U 5
8 1 U 5
9 1 U 8
10 0 U 9
11 0 U 10
12 1 U 11
13 1 U 12
14 0 U 13
15 1 U 14
16 1 U 15
17 0 U -1
18 0 U 17
19 1 U 18
20 0 U 19
21 0 U 13
22 1 U 20
23 0 U 22
24 1 U 23
25 0 U 24
26 1 U 25
27 1 U 26
28 0 U 12
29 1 U 27
30 1 U 29
31 1 U 16
32 1 U 30
33 1 U -1
34 1 U -1
35 1 U 27
36 1 U 34
37 1 U 36
38 1 U 32
39 0 U 37
40 0 U 38
41 0 U 39
42 1 U 41
43 1 U 42
44 1 U 40
45 1 U 43
46 1 U 45
47 1 U 46
48 0 U -1
49 1 U 48
50 0 U 49
51 0 U 49
52 1 U 50
53 0 U 52
54 1 U 53
55 0 U 54
56 0 U 55
57 0 U 56
58 0 U 57
59 0 U -1
60 0 U 58
61 0 U 52
62 0 U 59
63 1 U 62
64 0 U 60
65 0 U 64
66 0 U 65
67 0 U 63
68 1 U 67
69 0 U 68
70 0 U 69
71 1 U 70
72 0 U 71
73 0 U 72
74 0 U 73
75 1 U 74
76 1 U -1
77 0 U 76
78 1 U 77
79 1 U 78
80 1 U 79
81 1 U 80
82 0 U 71
83 0 U 69
84 1 U 81
85 0 U 84
86 1 U 85
87 1 U 85
88 0 U 87
89 0 U 88
90 1 U 89
91 0 U 90
92 1 U 91
93 1 U 91
94 0 U 92
95 1 U 94
96 1 U 95
97 0 U 95
98
0 0 U -1
1 1 U 0
2 0 U 1
3 0 U 2
4 0 U 3
5 0 U 4
6 1 U 4
7 0 U 5
8 1 U 5
9 1 U 8
10 0 U 9
11 0 U 10
12 1 U 11
13 1 U 12
14 0 U 13
15 1 U 14
16 1 U 15
17 0 U 16
18 0 U -1
19 1 U 18
20 0 U 19
21 0 U 13
22 1 U 20
23 0 U 22
24 1 U 23
25 0 U 24
26 1 U 25
27 1 U 26
28 0 U 10
29 1 U 27
30 1 U 29
31 1 U 20
32 1 U 30
33 1 U 30
34 1 U 32
35 1 U 27
36 1 U -1
37 1 U 36
38 1 U 34
39 0 U 37
40 0 U 39
41 0 U 40
42 1 U 41
43 1 U 42
44 1 U 43
45 1 U 44
46 1 U 45
47 1 U 46
48 0 U 47
49 1 U -1
50 0 U 49
51 0 U 49
52 1 U 50
53 0 U 42
54 1 U 52
55 0 U 54
56 0 U 55
57 0 U 56
58 0 U 57
59 0 U 58
60 0 U 59
61 0 U 60
62 0 U 61
63 1 U 62
64 0 U 63
65 0 U 64
66 0 U 65
67 0 U -1
68 1 U 67
69 1 U 68
70 0 U 69
71 1 U 70
72 0 U 71
73 0 U 72
74 0 U 73
75 1 U 74
76 1 U 75
77 0 U 76
78 1 U 77
79 1 U 78
80 1 U -1
81 1 U 80
82 0 U 71
83 0 U 69
84 1 U 81
85 0 U 84
86 0 U 85
87 0 U 86
88 0 U 87
89 0 U 88
90 1 U 89
91 0 U 90
92 1 U 91
93 1 U 91
94 0 U 92
95 1 U 79
96 1 U 94
97 0 U 94
98
0 0 U -1
1 1 U 0
2 0 U 1
3 0 U 2
4 0 U 3
5 1 U 4
6 1 U 4
7 0 U 2
8 1 U 5
9 1 U 8
10 0 U 9
11 0 U 10
12 1 U 11
13 1 U 12
14 0 U 13
15 1 U 14
16 1 U 15
17 0 U -1
18 0 U 17
19 1 U 18
20 0 U 19
21 0 U 9
22 1 U 20
23 0 U 22
24 1 U 23
25 0 U 24
26 1 U 25
27 1 U 26
28 0 U 10
29 1 U 27
30 1 U 29
31 1 U 14
32 1 U 30
33 1 U -1
34 1 U -1
35 1 U 27
36 1 U 32
37 1 U 34
38 1 U 36
39 0 U 37
40 0 U 39
41 0 U 40
42 1 U 41
43 1 U 42
44 1 U 38
45 1 U 43
46 1 U 45
47 1 U -1
48 0 U 46
49 1 U 47
50 0 U 49
51 0 U 41
52 1 U 50
53 0 U 42
54 1 U 52
55 0 U 54
56 0 U 55
57 0 U 56
58 0 U 57
59 0 U 58
60 0 U 59
61 0 U 59
62 0 U 60
63 1 U 62
64 0 U 63
65 0 U 64
66 0 U -1
67 0 U 66
68 1 U 67
69 0 U 68
70 0 U 69
71 1 U 70
72 0 U 69
73 0 U 71
74 0 U 73
75 1 U 74
76 1 U 75
77 0 U 76
78 1 U 77
79 1 U -1
80 1 U 79
81 1 U 80
82 0 U 81
83 0 U 81
84 1 U 82
85 0 U 84
86 0 U 85
87 0 U 86
88 0 U 87
89 0 U 88
90 1 U 89
91 0 U 74
92 1 U 90
93 1 U 90
94 0 U 92
95 1 U 94
96 1 U 95
97 0 U 85
98
0 0 U -1
1 1 U 0
2 0 U 1
3 0 U 2
4 0 U 3
5 0 U 4
6 1 U 2
7 0 U 5
8 1 U 7
9 1 U 8
10 0 U 9
11 0 U 10
12 1 U 11
13 1 U 12
14 0 U 13
15 1 U 14
16 1 U 15
17 0 U -1
18 0 U 17
19 1 U 18
20 0 U 19
21 0 U 13
22 1 U 7
23 0 U 20
24 1 U 23
25 0 U 24
26 1 U 25
27 1 U 26
28 0 U 10
29 1 U 27
30 1 U 29
31 1 U 27
32 1 U 30
33 1 U 30
34 1 U 32
35 1 U 34
36 1 U 35
37 1 U -1
38 1 U 37
39 0 U 38
40 0 U 39
41 0 U 40
42 1 U 41
43 1 U 42
44 1 U 43
45 1 U 44
46 1 U 45
47 1 U 46
48 0 U 47
49 1 U -1
50 0 U 49
51 0 U 39
52 1 U 50
53 0 U 52
54 1 U 53
55 0 U 54
56 0 U 55
57 0 U 56
58 0 U 57
59 0 U 58
60 0 U 59
61 0 U 59
62 0 U 60
63 1 U 62
64 0 U 63
65 0 U 64
66 0 U -1
67 0 U 65
68 1 U 66
69 0 U 68
70 0 U 69
71 1 U 70
72 0 U 71
73 0 U 72
74 0 U 73
75 1 U 74
76 1 U 75
77 0 U 76
78 1 U 77
79 1 U 78
80 1 U -1
81 1 U 80
82 0 U 71
83 0 U 73
84 1 U 81
85 0 U 84
86 0 U 85
87 0 U 86
88 0 U 87
89 0 U 88
90 1 U 89
91 0 U 90
92 1 U 91
93 1 U 92
94 0 U 93
95 1 U 94
96 1 U 95
97 0 U 80
98
0 0 U -1
1 1 U 0
2 0 U 1
3 0 U 2
4 0 U 3
5 0 U 4
6 1 U 4
7 0 U 5
8 0 U 5
9 1 U 8
10 0 U 9
11 0 U 10
12 1 U 11
13 1 U 12
14 0 U 13
15 0 U 14
16 1 U -1
17 0 U 15
18 0 U 16
19 1 U 18
20 0 U 17
21 0 U 19
22 1 U 14
23 0 U 21
24 1 U 23
25 0 U 24
26 1 U 25
27 1 U 26
28 0 U 10
29 1 U 27
30 1 U 29
31 1 U 30
32 1 U 31
33 1 U 15
34 1 U -1
35 1 U 32
36 1 U 19
37 1 U 34
38 1 U 37
39 0 U 38
40 0 U 39
41 0 U 40
42 1 U 35
43 1 U 41
44 1 U 43
45 1 U 44
46 1 U 42
47 1 U 45
48 0 U -1
49 1 U 47
50 0 U 48
51 0 U 40
52 1 U 50
53 0 U 41
54 0 U 52
55 0 U 54
56 0 U 55
57 0 U 56
58 0 U 57
59 0 U 58
60 0 U 59
61 0 U 52
62 0 U 60
63 1 U 62
64 0 U 63
65 0 U 49
66 0 U 64
67 0 U -1
68 1 U 67
69 1 U 68
70 0 U 69
71 1 U 70
72 0 U 71
73 0 U 72
74 0 U 73
75 1 U 74
76 1 U 75
77 0 U 76
78 1 U 77
79 1 U 78
80 1 U -1
81 1 U 80
82 0 U 81
83 0 U 81
84 1 U 82
85 0 U 79
86 0 U 84
87 0 U 86
88 0 U 87
89 0 U 88
90 1 U 89
91 0 U 90
92 1 U 91
93 1 U 91
94 0 U 92
95 1 U 94
96 1 U 95
97 0 U 84
98
0 0 U -1
1 1 U 0
2 0 U 1
3 0 U 2
4 0 U -1
5 0 U 3
6 1 U -1
7 1 U 2
8 1 U 4
9 1 U 5
10 0 U 9
11 0 U 10
12 1 U 11
13 1 U 12
14 0 U 13
15 1 U 14
16 1 U 15
17 0 U 16
18 0 U 17
19 1 U 18
20 0 U 19
21 0 U 9
22 1 U 3
23 0 U 20
24 1 U 8
25 0 U 24
26 1 U 25
27 1 U 26
28 0 U 13
29 1 U 4
30 1 U 27
31 1 U 10
32 1 U 30
33 1 U 30
34 1 U 32
35 1 U 16
36 1 U 34
37 1 U 36
38 1 U 34
39 1 U 37
40 1 U 37
41 0 U -1
42 1 U 39
43 1 U -1
44 1 U 41
45 1 U 44
46 1 U 45
47 1 U 46
48 0 U 47
49 1 U 43
50 0 U 48
51 0 U 47
52 1 U 50
53 0 U -1
54 1 U 52
55 0 U 54
56 0 U 55
57 0 U 56
58 0 U 49
59 0 U 57
60 0 U 59
61 0 U 49
62 0 U 60
63 1 U 58
64 0 U 63
65 0 U 64
66 0 U 65
67 0 U 66
68 1 U 67
69 0 U 68
70 0 U 69
71 1 U 70
72 0 U 59
73 0 U 71
74 0 U -1
75 1 U -1
76 1 U 73
77 0 U 74
78 1 U 76
79 1 U 77
80 1 U 79
81 1 U 80
82 0 U 81
83 0 U 81
84 1 U 82
85 0 U 84
86 0 U 85
87 1 U 86
88 1 U 86
89 0 U 87
90 1 U 89
91 0 U 90
92 1 U 91
93 1 U 92
94 0 U 93
95 1 U 94
96 1 U 95
97 0 U 85
98
0 0 U -1
1 1 U 0
2 0 U 1
3 0 U 2
4 0 U 3
5 0 U 4
6 1 U 0
7 0 U 5
8 1 U 5
9 1 U 8
10 0 U 9
11 0 U 10
12 1 U 11
13 1 U 12
14 0 U 13
15 1 U 14
16 1 U 15
17 0 U 16
18 0 U -1
19 1 U 18
20 0 U 19
21 0 U 4
22 1 U 20
23 0 U 22
24 1 U 23
25 0 U 24
26 1 U 25
27 1 U 26
28 0 U 12
29 1 U 27
30 1 U 29
31 1 U 27
32 1 U 30
33 1 U 30
34 1 U 32
35 1 U 20
36 1 U -1
37 1 U 36
38 1 U 34
39 0 U 37
40 0 U 39
41 0 U 40
42 1 U 41
43 1 U 42
44 1 U 43
45 1 U 44
46 1 U 45
47 1 U 46
48 0 U 47
49 1 U -1
50 0 U 49
51 0 U 50
52 1 U 51
53 0 U 52
54 1 U 53
55 0 U 54
56 0 U 55
57 0 U 56
58 0 U 57
59 0 U 58
60 0 U 59
61 0 U 50
62 0 U 60
63 1 U 62
64 0 U 63
65 0 U 64
66 0 U -1
67 0 U 66
68 1 U 65
69 0 U 67
70 0 U 69
71 1 U 70
72 0 U 71
73 0 U 72
74 0 U 73
75 1 U 74
76 1 U 75
77 0 U 76
78 1 U 77
79 1 U -1
80 1 U 79
81 1 U 80
82 0 U 71
83 0 U 69
84 1 U 81
85 0 U 84
86 0 U 85
87 0 U 86
88 0 U 87
89 0 U 88
90 1 U 89
91 0 U 90
92 1 U 91
93 1 U 91
94 0 U 92
95 1 U 94
96 1 U 95
97 0 U 95
98
0 0 U -1
1 1 U 0
2 0 U 1
3 0 U 2
4 1 U 3
5 0 U 4
6 1 U 2
7 0 U 5
8 1 U 5
9 1 U 8
10 0 U 9
11 0 U 10
12 1 U 11
13 1 U 12
14 0 U 13
15 1 U 14
16 1 U -1
17 0 U 15
18 0 U 16
19 1 U 18
20 0 U 19
21 0 U 4
22 1 U 20
23 0 U 22
24 1 U 17
25 0 U 23
26 1 U 25
27 1 U 26
28 0 U 10
29 1 U 27
30 1 U 29
31 1 U 27
32 1 U 30
33 1 U 30
34 1 U -1
35 1 U 34
36 1 U 34
37 1 U 36
38 1 U 32
39 0 U 37
40 0 U 38
41 0 U 39
42 1 U 41
43 1 U 42
44 1 U 43
45 1 U 44
46 1 U 45
47 1 U 46
48 0 U -1
49 1 U 48
50 0 U 49
51 0 U 49
52 1 U 50
53 0 U 52
54 1 U 53
55 0 U 54
56 0 U 55
57 0 U 56
58 0 U 57
59 0 U 58
60 0 U 59
61 0 U 47
62 0 U 60
63 1 U 62
64 0 U 63
65 0 U -1
66 0 U 65
67 0 U 66
68 1 U 67
69 0 U 68
70 0 U 69
71 1 U 70
72 1 U 69
73 0 U 71
74 0 U 73
75 1 U 74
76 1 U 75
77 0 U 76
78 1 U 77
79 1 U -1
80 1 U 79
81 0 U 80
82 0 U 81
83 0 U 73
84 1 U 82
85 0 U 84
86 0 U 85
87 0 U 86
88 0 U 87
89 0 U 88
90 1 U 89
91 0 U 74
92 1 U 90
93 1 U 80
94 0 U 92
95 1 U 94
96 1 U 95
97 0 U 95
98
0 0 U -1
1 1 U 0
2 0 U 1
3 0 U 2
4 0 U 3
5 0 U 4
6 1 U 4
7 0 U 5
8 1 U 7
9 1 U 8
10 0 U 9
11 0 U 10
12 1 U 11
13 1 U 12
14 0 U 13
15 1 U 14
16 1 U 15
17 0 U -1
18 0 U 17
19 1 U 18
20 0 U 19
21 0 U 20
22 1 U 7
23 0 U 21
24 1 U 16
25 0 U 23
26 1 U 25
27 1 U 26
28 0 U 10
29 1 U 27
30 1 U 29
31 1 U 27
32 1 U 30
33 1 U 15
34 1 U 32
35 1 U 34
36 1 U 34
37 1 U -1
38 1 U 37
39 0 U 38
40 0 U 39
41 0 U 40
42 1 U 41
43 1 U 42
44 1 U 43
45 1 U 44
46 1 U 45
47 1 U 46
48 0 U 47
49 1 U -1
50 0 U 49
51 0 U 49
52 1 U 50
53 0 U -1
54 1 U 52
55 0 U 54
56 0 U 53
57 0 U 56
58 0 U 55
59 0 U 57
60 0 U 58
61 0 U -1
62 0 U 60
63 1 U 62
64 0 U 63
65 0 U 64
66 0 U 65
67 0 U 66
68 1 U 67
69 0 U 68
70 0 U 59
71 1 U 70
72 0 U 71
73 0 U 72
74 0 U 73
75 1 U 74
76 1 U 75
77 0 U 69
78 1 U 76
79 1 U 78
80 1 U 79
81 1 U -1
82 0 U 71
83 0 U 81
84 1 U 83
85 0 U 84
86 0 U 85
87 0 U 86
88 0 U 87
89 0 U 88
90 1 U 89
91 0 U 90
92 1 U 91
93 1 U 92
94 0 U 93
95 1 U 94
96 1 U 95
97 0 U 95
98
0 0 U -1
1 1 U 0
2 0 U 1
3 0 U 2
4 0 U 3
5 0 U 4
6 1 U 5
7 0 U 5
8 1 U 6
9 1 U 8
10 0 U 9
11 0 U 10
12 1 U 11
13 1 U 12
14 0 U 13
15 1 U 14
16 1 U 15
17 0 U -1
18 0 U 17
19 1 U 18
20 0 U 19
21 0 U 4
22 1 U 6
23 0 U 20
24 1 U 23
25 0 U 24
26 1 U 25
27 1 U 26
28 0 U 10
29 1 U 27
30 1 U 29
31 1 U 13
32 1 U 30
33 1 U 14
34 1 U 32
35 1 U 27
36 1 U 34
37 1 U -1
38 1 U 37
39 0 U 38
40 0 U 39
41 0 U 40
42 1 U 41
43 1 U 42
44 1 U 43
45 1 U 44
46 1 U 45
47 1 U 46
48 0 U 47
49 1 U -1
50 0 U 49
51 0 U 49
52 1 U 50
53 0 U 42
54 1 U 52
55 0 U 54
56 0 U 55
57 0 U 56
58 0 U 57
59 0 U 58
60 0 U 59
61 0 U 48
62 0 U 60
63 1 U 62
64 0 U 63
65 0 U 64
66 0 U 65
67 0 U -1
68 1 U 67
69 0 U 68
70 0 U 69
71 1 U 70
72 0 U 69
73 0 U 71
74 0 U 73
75 1 U 74
76 1 U 75
77 0 U 66
78 1 U 76
79 1 U 78
80 1 U 79
81 1 U 80
82 0 U 74
83 0 U 73
84 1 U -1
85 0 U 84
86 0 U 85
87 0 U 86
88 0 U 87
89 0 U 88
90 1 U 89
91 0 U 90
92 1 U 91
93 1 U 92
94 0 U 93
95 1 U 94
96 1 U 95
97 0 U 87
98
0 0 U -1
1 1 U 0
2 0 U 1
3 1 U 2
4 0 U 3
5 0 U 4
6 1 U 4
7 0 U 0
8 1 U 2
9 1 U 5
10 0 U 9
11 0 U 10
12 1 U 11
13 1 U 12
14 0 U 13
15 1 U 14
16 1 U 15
17 0 U 16
18 1 U -1
19 0 U -1
20 0 U 19
21 0 U 9
22 1 U 20
23 0 U 22
24 1 U 23
25 0 U 24
26 1 U 25
27 1 U 26
28 0 U 13
29 1 U 27
30 1 U 29
31 1 U 27
32 1 U 30
33 1 U 30
34 1 U 32
35 1 U 34
36 1 U 34
37 1 U -1
38 0 U 26
39 0 U 37
40 0 U 39
41 0 U 40
42 1 U 41
43 1 U 42
44 1 U 43
45 1 U 44
46 1 U 45
47 1 U 46
48 0 U 47
49 1 U -1
50 0 U 49
51 0 U 50
52 1 U 51
53 0 U 42
54 1 U 52
55 0 U 54
56 0 U 55
57 0 U 56
58 0 U 57
59 0 U 58
60 1 U 59
61 0 U 49
62 0 U 60
63 1 U 62
64 0 U 63
65 0 U 64
66 0 U -1
67 0 U 66
68 1 U 67
69 0 U 68
70 0 U 69
71 1 U 70
72 0 U 62
73 0 U 71
74 0 U 73
75 0 U 73
76 1 U 74
77 0 U 65
78 1 U 76
79 1 U 78
80 1 U 79
81 1 U -1
82 0 U 81
83 0 U 74
84 1 U 82
85 0 U 84
86 0 U 85
87 0 U 86
88 0 U 87
89 0 U 88
90 1 U 89
91 0 U 90
92 1 U 91
93 0 U 92
94 0 U 93
95 1 U 94
96 1 U 95
97 0 U 81
98
0 0 U -1
1 1 U 0
2 0 U 1
3 0 U 2
4 0 U 3
5 0 U 4
6 1 U 4
7 0 U 5
8 1 U 5
9 1 U 8
10 0 U 9
11 0 U 10
12 1 U 11
13 1 U 12
14 0 U 13
15 1 U 14
16 1 U 15
17 0 U 16
18 0 U -1
19 1 U 18
20 0 U 19
21 0 U 13
22 1 U 20
23 0 U 22
24 1 U 23
25 0 U 24
26 1 U 25
27 1 U 26
28 0 U 14
29 1 U 27
30 1 U 29
31 1 U 20
32 1 U 30
33 1 U 30
34 1 U 32
35 1 U 27
36 1 U 34
37 1 U -1
38 0 U 37
39 0 U 38
40 0 U 39
41 0 U 40
42 1 U 41
43 1 U 37
44 1 U 42
45 1 U 44
46 1 U 45
47 1 U 46
48 0 U 47
49 1 U -1
50 0 U 49
51 0 U 49
52 1 U 50
53 0 U 52
54 1 U 53
55 0 U 54
56 0 U 55
57 0 U 56
58 0 U 57
59 0 U 58
60 0 U 59
61 0 U 60
62 0 U 61
63 1 U 62
64 0 U 63
65 0 U 64
66 0 U -1
67 0 U 66
68 1 U 67
69 0 U 68
70 0 U 69
71 1 U 70
72 0 U 71
73 0 U 72
74 0 U 73
75 1 U 65
76 1 U 74
77 0 U 76
78 1 U 77
79 1 U 78
80 1 U -1
81 1 U 80
82 0 U 71
83 0 U 81
84 1 U 83
85 0 U 84
86 0 U 85
87 0 U 86
88 0 U 87
89 0 U 88
90 1 U 89
91 0 U 90
92 1 U 91
93 1 U 91
94 0 U 92
95 1 U 94
96 1 U 95
97 0 U -1
98
0 0 U -1
1 1 U 0
2 0 U 1
3 0 U 2
4 0 U 3
5 0 U 4
6 1 U 5
7 0 U 5
8 1 U 6
9 1 U 8
10 0 U 9
11 0 U 10
12 1 U 11
13 1 U 12
14 0 U 13
15 1 U 14
16 1 U -1
17 0 U 15
18 0 U 17
19 1 U 16
20 0 U 19
21 0 U 4
22 1 U 6
23 0 U 20
24 1 U 23
25 0 U 24
26 1 U 25
27 1 U 26
28 0 U 9
29 1 U 27
30 1 U 29
31 1 U 13
32 1 U 30
33 1 U 30
34 1 U 32
35 1 U 34
36 1 U 27
37 1 U -1
38 1 U 37
39 0 U 38
40 0 U 39
41 0 U 40
42 1 U 41
43 1 U 42
44 1 U 43
45 1 U 44
46 1 U 45
47 1 U 46
48 0 U 47
49 1 U -1
50 0 U 49
51 0 U 49
52 1 U 50
53 0 U 42
54 1 U 52
55 0 U 54
56 0 U 55
57 0 U 56
58 0 U -1
59 0 U 57
60 0 U 59
61 0 U 52
62 0 U 58
63 1 U 60
64 0 U 62
65 0 U 64
66 0 U 63
67 0 U 66
68 1 U 67
69 0 U 65
70 0 U 69
71 1 U 70
72 0 U 69
73 0 U 71
74 0 U 73
75 1 U 68
76 1 U 74
77 0 U 76
78 1 U 77
79 1 U 78
80 1 U 79
81 1 U 80
82 0 U -1
83 0 U 62
84 1 U 82
85 0 U 84
86 0 U 85
87 0 U 86
88 0 U 87
89 0 U 88
90 1 U 89
91 0 U -1
92 1 U 90
93 1 U 92
94 0 U 93
95 1 U 94
96 1 U 95
97 0 U 95
98
0 0 U -1
1 1 U 0
2 0 U 1
3 0 U 2
4 0 U 3
5 0 U 4
6 1 U 0
7 0 U 5
8 1 U 5
9 1 U 8
10 0 U 9
11 0 U 10
12 1 U 11
13 1 U 12
14 0 U 13
15 1 U 14
16 1 U 15
17 0 U 16
18 0 U -1
19 1 U 18
20 0 U 19
21 0 U 9
22 1 U 4
23 0 U 20
24 1 U 23
25 0 U 24
26 1 U 25
27 1 U 26
28 0 U 13
29 1 U 27
30 1 U 29
31 1 U 27
32 1 U 30
33 0 U 30
34 1 U 32
35 1 U 34
36 0 U 34
37 1 U -1
38 1 U 37
39 0 U 38
40 0 U 39
41 0 U 40
42 1 U -1
43 0 U 41
44 1 U 43
45 1 U 44
46 1 U 45
47 1 U 46
48 0 U 47
49 1 U 42
50 0 U 48
51 0 U 39
52 0 U 49
53 0 U 41
54 1 U 52
55 0 U 54
56 0 U 55
57 0 U 56
58 0 U 57
59 0 U 58
60 0 U 59
61 0 U 59
62 0 U 60
63 1 U 62
64 0 U 63
65 0 U 64
66 0 U -1
67 0 U 66
68 1 U 67
69 0 U 68
70 0 U 69
71 1 U 70
72 0 U 69
73 0 U 71
74 0 U 73
75 1 U 74
76 1 U 75
77 0 U 76
78 1 U 77
79 1 U 78
80 1 U -1
81 1 U 80
82 1 U 73
83 0 U 74
84 1 U 81
85 0 U 84
86 0 U 85
87 0 U 86
88 0 U 87
89 0 U 88
90 1 U 89
91 0 U 90
92 1 U 91
93 1 U 91
94 0 U 92
95 1 U 94
96 1 U 95
97 0 U -1
98
0 0 U -1
1 1 U 0
2 0 U 1
3 0 U 2
4 0 U 3
5 0 U 4
6 1 U 4
7 0 U 5
8 1 U 5
9 1 U 8
10 0 U 9
11 0 U 10
12 1 U 11
13 1 U 12
14 0 U 13
15 1 U 14
16 1 U 15
17 0 U 16
18 0 U -1
19 1 U 18
20 0 U 19
21 0 U 20
22 1 U 21
23 0 U 22
24 1 U 23
25 0 U 24
26 1 U 25
27 1 U 26
28 1 U 15
29 1 U 27
30 1 U 29
31 1 U 20
32 1 U 30
33 1 U 21
34 1 U 32
35 1 U 27
36 1 U -1
37 1 U 36
38 1 U 37
39 0 U 38
40 0 U 39
41 0 U 40
42 1 U 41
43 1 U 42
44 1 U 43
45 1 U 44
46 1 U 45
47 1 U 46
48 0 U -1
49 1 U 47
50 0 U 48
51 0 U 41
52 1 U 50
53 0 U 52
54 1 U 53
55 0 U 54
56 0 U 55
57 0 U 56
58 0 U 57
59 0 U 58
60 0 U 59
61 0 U 48
62 0 U 49
63 1 U 60
64 0 U 63
65 0 U 64
66 0 U -1
67 0 U 65
68 1 U 66
69 0 U 68
70 0 U 69
71 1 U 70
72 0 U 71
73 0 U 72
74 0 U 73
75 0 U 69
76 1 U 74
77 0 U 76
78 1 U 77
79 1 U 78
80 1 U 79
81 1 U -1
82 0 U 71
83 0 U 74
84 1 U 81
85 0 U 80
86 0 U 84
87 0 U 86
88 0 U 87
89 0 U 88
90 1 U 89
91 0 U 90
92 1 U 91
93 1 U 92
94 0 U 93
95 1 U 94
96 0 U 95
97 0 U 95
98
0 0 U -1
1 1 U 0
2 0 U 1
3 0 U 2
4 0 U 3
5 0 U 4
6 1 U 4
7 0 U 2
8 1 U 5
9 1 U 8
10 0 U 9
11 0 U 10
12 1 U 11
13 1 U 12
14 0 U 13
15 1 U 14
16 1 U -1
17 0 U 15
18 0 U 17
19 1 U 16
20 0 U 19
21 0 U 9
22 1 U 5
23 0 U 20
24 1 U 23
25 0 U 24
26 1 U 25
27 1 U 26
28 0 U 12
29 1 U 27
30 1 U 29
31 1 U 13
32 1 U 30
33 1 U 30
34 1 U 32
35 1 U -1
36 1 U -1
37 1 U 36
38 1 U 27
39 0 U 37
40 0 U 39
41 0 U 40
42 1 U 41
43 1 U 42
44 1 U 43
45 1 U 44
46 1 U 45
47 1 U 46
48 0 U -1
49 1 U 47
50 0 U 48
51 0 U 48
52 1 U 50
53 0 U 42
54 1 U 52
55 0 U 54
56 0 U 55
57 0 U 56
58 0 U 57
59 0 U 58
60 0 U 59
61 0 U 59
62 0 U 60
63 1 U 62
64 0 U 63
65 0 U 64
66 0 U -1
67 0 U 66
68 1 U 65
69 0 U 67
70 0 U 69
71 1 U 70
72 0 U 69
73 0 U 71
74 0 U 73
75 1 U 74
76 1 U 75
77 0 U 76
78 1 U 77
79 1 U 78
80 1 U -1
81 1 U 80
82 0 U 74
83 0 U 73
84 1 U 81
85 0 U 84
86 0 U 85
87 0 U 86
88 0 U 87
89 0 U 88
90 1 U 89
91 0 U 90
92 1 U 91
93 1 U 91
94 0 U 92
95 1 U 94
96 1 U 95
97 0 U 86
98
0 0 U -1
1 1 U 0
2 0 U 1
3 0 U 2
4 0 U 3
5 0 U 4
6 1 U 2
7 0 U 0
8 1 U 5
9 1 U 8
10 0 U 9
11 0 U 10
12 1 U 11
13 1 U 12
14 0 U 13
15 1 U 14
16 1 U 15
17 0 U 16
18 0 U -1
19 1 U 18
20 0 U 19
21 0 U 13
22 0 U 20
23 0 U 22
24 1 U 23
25 0 U 24
26 1 U 25
27 1 U 26
28 0 U 12
29 1 U 27
30 1 U 29
31 1 U 20
32 1 U -1
33 1 U -1
34 1 U 30
35 1 U 34
36 1 U 27
37 1 U 32
38 1 U 35
39 0 U 37
40 0 U 38
41 0 U 39
42 1 U 41
43 1 U 42
44 1 U 43
45 1 U 44
46 1 U 45
47 1 U 46
48 0 U -1
49 1 U 47
50 0 U 49
51 0 U 39
52 1 U 48
53 0 U 42
54 1 U 52
55 0 U 54
56 0 U 55
57 0 U 56
58 0 U 57
59 0 U 58
60 0 U 59
61 0 U 60
62 0 U 61
63 1 U 62
64 0 U 63
65 0 U 64
66 0 U -1
67 0 U 65
68 1 U 67
69 0 U 66
70 0 U 69
71 1 U 70
72 0 U 71
73 0 U 72
74 0 U 73
75 1 U 74
76 1 U 75
77 0 U 76
78 1 U 77
79 1 U 78
80 1 U 79
81 1 U -1
82 0 U 71
83 0 U 74
84 1 U 81
85 0 U 84
86 0 U 85
87 0 U 86
88 0 U 87
89 0 U 88
90 1 U 89
91 0 U 90
92 1 U 91
93 1 U 92
94 0 U 93
95 1 U 94
96 1 U 95
97 0 U 95
98
0 0 U -1
1 1 U 0
2 0 U 1
3 0 U 2
4 0 U 3
5 0 U 4
6 1 U 4
7 0 U 5
8 1 U 7
9 1 U 8
10 0 U 9
11 0 U 10
12 1 U 11
13 1 U 12
14 0 U 13
15 1 U -1
16 1 U 15
17 0 U 16
18 0 U 17
19 1 U 18
20 0 U 19
21 0 U 7
22 1 U 20
23 0 U 22
24 1 U 23
25 0 U 24
26 1 U 25
27 1 U 26
28 0 U 20
29 1 U 27
30 1 U -1
31 1 U 30
32 1 U 31
33 1 U 26
34 1 U 32
35 1 U 34
36 1 U 35
37 1 U 36
38 1 U 37
39 0 U 38
40 0 U 39
41 0 U -1
42 1 U 40
43 1 U 41
44 1 U 43
45 1 U 44
46 1 U 45
47 1 U 46
48 0 U 47
49 1 U 48
50 0 U 49
51 0 U 39
52 1 U 50
53 0 U 41
54 1 U 52
55 0 U -1
56 0 U 55
57 0 U 56
58 0 U 57
59 0 U 58
60 0 U 59
61 0 U 59
62 0 U 60
63 1 U 62
64 0 U 63
65 0 U 64
66 0 U 65
67 0 U -1
68 1 U 67
69 0 U 66
70 0 U 68
71 1 U 70
72 0 U 71
73 0 U 72
74 0 U 73
75 1 U 74
76 1 U 75
77 0 U 76
78 1 U 77
79 1 U 78
80 1 U 79
81 1 U -1
82 0 U 71
83 0 U 74
84 1 U 81
85 0 U 84
86 0 U 85
87 0 U 86
88 0 U 87
89 0 U 88
90 1 U 89
91 0 U 90
92 1 U 91
93 1 U 91
94 0 U 92
95 1 U 94
96 1 U 95
97 0 U 84
98
0 0 U -1
1 1 U 0
2 0 U 1
3 0 U 2
4 0 U 3
5 1 U 4
6 1 U 0
7 0 U 4
8 1 U 5
9 1 U 8
10 0 U 9
11 0 U 10
12 1 U 11
13 1 U 12
14 0 U 13
15 1 U 14
16 1 U 15
17 0 U 16
18 0 U -1
19 1 U 18
20 0 U 19
21 0 U 13
22 1 U 5
23 0 U 20
24 1 U 23
25 0 U 24
26 1 U 25
27 1 U 26
28 0 U 12
29 1 U 27
30 1 U 29
31 1 U 30
32 1 U 31
33 1 U 31
34 1 U 32
35 1 U 34
36 1 U 35
37 1 U -1
38 1 U 37
39 1 U 38
40 0 U 39
41 0 U 40
42 1 U 41
43 1 U 42
44 1 U 43
45 1 U 44
46 1 U 45
47 1 U 46
48 0 U 47
49 1 U -1
50 0 U 49
51 0 U 49
52 1 U 50
53 0 U 42
54 1 U 52
55 0 U 54
56 0 U 55
57 0 U 56
58 1 U 57
59 0 U 58
60 0 U 59
61 0 U 59
62 0 U 60
63 1 U 62
64 0 U 63
65 0 U 64
66 0 U -1
67 1 U 66
68 1 U 65
69 1 U 67
70 0 U 69
71 1 U 70
72 0 U 66
73 0 U 71
74 0 U 73
75 1 U 74
76 1 U 75
77 0 U -1
78 1 U 77
79 1 U 78
80 1 U 79
81 1 U 80
82 0 U 74
83 0 U 73
84 1 U 81
85 0 U 84
86 0 U 85
87 0 U 86
88 0 U 87
89 0 U 88
90 1 U 89
91 0 U 90
92 1 U 91
93 1 U 91
94 0 U 92
95 1 U 94
96 1 U 95
97 0 U 95
98
0 0 U -1
1 1 U 0
2 0 U 1
3 0 U 2
4 0 U 3
5 0 U 4
6 1 U 4
7 0 U 0
8 1 U 5
9 1 U 8
10 0 U 9
11 0 U 10
12 1 U 11
13 1 U 12
14 0 U 13
15 1 U 14
16 1 U 15
17 0 U 16
18 0 U 17
19 1 U -1
20 0 U 19
21 0 U 9
22 1 U 5
23 0 U 18
24 1 U 20
25 0 U 23
26 1 U 24
27 1 U 26
28 0 U 10
29 1 U 27
30 1 U 29
31 1 U 13
32 1 U 30
33 1 U 17
34 1 U 32
35 1 U 34
36 1 U 34
37 1 U 36
38 1 U 37
39 0 U 38
40 0 U 39
41 0 U -1
42 1 U 41
43 1 U 42
44 1 U 43
45 1 U 44
46 1 U 45
47 1 U 46
48 0 U 47
49 1 U 48
50 0 U 49
51 0 U 49
52 1 U 50
53 0 U 42
54 1 U 52
55 0 U 54
56 0 U 55
57 0 U 56
58 0 U -1
59 0 U 58
60 0 U 59
61 0 U 59
62 0 U 60
63 1 U 62
64 0 U 63
65 0 U 57
66 0 U 64
67 0 U 66
68 1 U 67
69 0 U -1
70 0 U 68
71 1 U 69
72 0 U 71
73 0 U 70
74 0 U 72
75 1 U 73
76 1 U 75
77 0 U 76
78 1 U 74
79 1 U 77
80 1 U 79
81 1 U 80
82 0 U 71
83 0 U 68
84 1 U 81
85 0 U 78
86 1 U 85
87 1 U 85
88 0 U 87
89 0 U 88
90 1 U 89
91 0 U 90
92 1 U 91
93 1 U 91
94 0 U 92
95 1 U 94
96 1 U 95
97 0 U 95
98
0 0 U -1
1 1 U 0
2 0 U 1
3 0 U 2
4 0 U 3
5 0 U 4
6 1 U 4
7 0 U 0
8 1 U 5
9 1 U 8
10 0 U 9
11 0 U 10
12 1 U 11
13 1 U 12
14 0 U 13
15 1 U 14
16 1 U 15
17 0 U -1
18 1 U 17
19 0 U 17
20 0 U 19
21 0 U 5
22 1 U 20
23 0 U 22
24 1 U 23
25 0 U 24
26 1 U 25
27 1 U 26
28 0 U 10
29 1 U 27
30 1 U 29
31 1 U 14
32 1 U 30
33 1 U 30
34 1 U 32
35 1 U -1
36 1 U -1
37 1 U 36
38 1 U 27
39 0 U 37
40 0 U 39
41 0 U 40
42 1 U 41
43 1 U 42
44 1 U 43
45 1 U 44
46 1 U 45
47 1 U 46
48 0 U -1
49 1 U 47
50 0 U 48
51 0 U 39
52 1 U 50
53 0 U 52
54 1 U -1
55 0 U 53
56 0 U 55
57 0 U 56
58 0 U 57
59 0 U 58
60 0 U 59
61 0 U -1
62 0 U 60
63 1 U 62
64 0 U 63
65 0 U 64
66 0 U 65
67 0 U 54
68 1 U 67
69 0 U 68
70 0 U 69
71 1 U 70
72 0 U 62
73 0 U 71
74 0 U 73
75 1 U 74
76 1 U 75
77 0 U 76
78 1 U -1
79 1 U 78
80 1 U 79
81 1 U 80
82 0 U 73
83 0 U 80
84 1 U 81
85 0 U 84
86 0 U 85
87 0 U 86
88 0 U 87
89 0 U 88
90 1 U 89
91 0 U 90
92 1 U 91
93 1 U 91
94 0 U 92
95 1 U 94
96 1 U 95
97 0 U 79
98
0 0 U -1
1 1 U 0
2 0 U 1
3 0 U 2
4 0 U 3
5 0 U 4
6 1 U 4
7 0 U 0
8 1 U 5
9 1 U 8
10 0 U 9
11 0 U 10
12 1 U 11
13 1 U 12
14 0 U 13
15 1 U 14
16 1 U 15
17 0 U 16
18 0 U 17
19 1 U -1
20 0 U 18
21 0 U 2
22 1 U 19
23 0 U 20
24 1 U 22
25 0 U 24
26 1 U 25
27 1 U 26
28 0 U 10
29 1 U 5
30 1 U 27
31 1 U 13
32 1 U 30
33 1 U 30
34 1 U 32
35 1 U 14
36 1 U 34
37 1 U 36
38 1 U 37
39 0 U 38
40 0 U 39
41 0 U -1
42 1 U 41
43 1 U 42
44 1 U 43
45 1 U 44
46 1 U 45
47 1 U 46
48 0 U 47
49 1 U 48
50 0 U 49
51 0 U 49
52 1 U 50
53 0 U 42
54 1 U 52
55 0 U 54
56 0 U 55
57 0 U 56
58 0 U -1
59 0 U 58
60 0 U 59
61 0 U 59
62 0 U 60
63 1 U 62
64 0 U 63
65 0 U 57
66 0 U 64
67 0 U 66
68 1 U 67
69 0 U 68
70 0 U 69
71 1 U 70
72 0 U 69
73 0 U 71
74 0 U 73
75 1 U -1
76 1 U 75
77 0 U 76
78 1 U 77
79 1 U 78
80 1 U 79
81 1 U 80
82 0 U 81
83 0 U 81
84 1 U 82
85 0 U 84
86 0 U 85
87 0 U 86
88 0 U 87
89 0 U 88
90 1 U 89
91 0 U -1
92 1 U 90
93 1 U 90
94 0 U 92
95 1 U 94
96 1 U 95
97 0 U 95
98
0 0 U -1
1 1 U 0
2 0 U 1
3 0 U 2
4 0 U 3
5 0 U 4
6 1 U 5
7 0 U 5
8 1 U 6
9 1 U 8
10 0 U 9
11 0 U 10
12 0 U 11
13 1 U 12
14 0 U 13
15 1 U 14
16 1 U -1
17 0 U 15
18 0 U 16
19 1 U 18
20 0 U 19
21 0 U 13
22 0 U 4
23 1 U 20
24 1 U 23
25 0 U 24
26 1 U 25
27 1 U 26
28 1 U 20
29 1 U 27
30 1 U 29
31 1 U 14
32 1 U 30
33 1 U 30
34 0 U -1
35 1 U 32
36 1 U 27
37 1 U 34
38 1 U 37
39 0 U 38
40 0 U 39
41 0 U 40
42 1 U 41
43 1 U 42
44 1 U 43
45 1 U 44
46 1 U 45
47 1 U -1
48 0 U 47
49 1 U 46
50 0 U 48
51 0 U 39
52 1 U 50
53 0 U -1
54 1 U 52
55 0 U 53
56 0 U 54
57 0 U 56
58 0 U 57
59 0 U 58
60 0 U 59
61 0 U 48
62 0 U 60
63 1 U 62
64 0 U 63
65 0 U 55
66 0 U 65
67 0 U 64
68 1 U 66
69 0 U 68
70 0 U 69
71 1 U 70
72 1 U 69
73 1 U 71
74 0 U 73
75 1 U 74
76 1 U -1
77 0 U 75
78 1 U 76
79 1 U 78
80 1 U 79
81 1 U 80
82 0 U 74
83 0 U 66
84 1 U 81
85 0 U 84
86 0 U 85
87 0 U 86
88 0 U 87
89 0 U 88
90 1 U 89
91 0 U 90
92 1 U 91
93 1 U 91
94 0 U 92
95 1 U 94
96 1 U 95
97 0 U 95
98
0 0 U -1
1 1 U 0
2 0 U 1
3 0 U 2
4 0 U 3
5 0 U 4
6 1 U 2
7 0 U 0
8 1 U 5
9 1 U 8
10 0 U 9
11 0 U 10
12 1 U 11
13 1 U 12
14 0 U 13
15 1 U 14
16 1 U 15
17 0 U -1
18 0 U 17
19 1 U 18
20 0 U 19
21 0 U 4
22 1 U 5
23 0 U 20
24 1 U 16
25 0 U 23
26 1 U 25
27 1 U 26
28 0 U 9
29 1 U 27
30 1 U 29
31 1 U 27
32 1 U 30
33 1 U 14
34 0 U 32
35 1 U 17
36 1 U 34
37 1 U -1
38 1 U 37
39 0 U 38
40 0 U 39
41 0 U 40
42 1 U 41
43 1 U 42
44 1 U 43
45 1 U 44
46 1 U 45
47 1 U 46
48 0 U 47
49 1 U -1
50 0 U 49
51 0 U 49
52 1 U 50
53 0 U 42
54 1 U 52
55 0 U 54
56 0 U 55
57 0 U 56
58 0 U 57
59 0 U 58
60 0 U 59
61 0 U 59
62 0 U 60
63 1 U 62
64 0 U 63
65 0 U 64
66 0 U 65
67 0 U -1
68 1 U 67
69 0 U 68
70 0 U 69
71 1 U 70
72 0 U 62
73 0 U 71
74 0 U 73
75 1 U 74
76 1 U 75
77 0 U 76
78 1 U 77
79 1 U 78
80 1 U 79
81 1 U -1
82 0 U 80
83 1 U 71
84 1 U 81
85 0 U 84
86 0 U 85
87 0 U 86
88 0 U 87
89 0 U 88
90 1 U 89
91 0 U 90
92 1 U 91
93 1 U 91
94 0 U 92
95 1 U 94
96 1 U 95
97 0 U 79
98
0 0 U -1
1 1 U 0
2 0 U 1
3 0 U 2
4 0 U 3
5 0 U 4
6 1 U 4
7 0 U 0
8 1 U 5
9 1 U 8
10 0 U 9
11 0 U 10
12 1 U 11
13 1 U 12
14 0 U 13
15 1 U 14
16 1 U 15
17 0 U -1
18 1 U 17
19 0 U 17
20 0 U 19
21 0 U 5
22 1 U 20
23 0 U 22
24 1 U 23
25 0 U 24
26 1 U 25
27 1 U 26
28 0 U 12
29 1 U 27
30 1 U 29
31 0 U 26
32 1 U 30
33 1 U -1
34 1 U -1
35 1 U 27
36 1 U 20
37 1 U 34
38 1 U 37
39 0 U 32
40 0 U 38
41 0 U -1
42 1 U 41
43 1 U 40
44 1 U 42
45 1 U 43
46 1 U 45
47 1 U 46
48 0 U 47
49 0 U 44
50 0 U 48
51 0 U 38
52 1 U 50
53 0 U 40
54 0 U 44
55 0 U 49
56 0 U 52
57 0 U 55
58 0 U 57
59 0 U 58
60 0 U 59
61 0 U 48
62 0 U 60
63 1 U 62
64 0 U 63
65 0 U 56
66 1 U -1
67 0 U 64
68 0 U -1
69 0 U 66
70 0 U 69
71 1 U 70
72 0 U 71
73 0 U 72
74 0 U 73
75 1 U 74
76 1 U 75
77 0 U 67
78 1 U 76
79 1 U 78
80 1 U -1
81 1 U 80
82 0 U 71
83 0 U 69
84 1 U 81
85 0 U 79
86 1 U 84
87 1 U 84
88 0 U 87
89 0 U 88
90 1 U 89
91 0 U 90
92 1 U 91
93 1 U 73
94 0 U 92
95 1 U 94
96 1 U 95
97 0 U 95
98
0 0 U -1
1 1 U 0
2 0 U -1
3 0 U 2
4 0 U 1
5 0 U 4
6 1 U 5
7 0 U 4
8 1 U 2
9 1 U 3
10 0 U 6
11 0 U 10
12 1 U 11
13 1 U 12
14 1 U 13
15 1 U 9
16 1 U 14
17 0 U 16
18 0 U 17
19 1 U 18
20 0 U 19
21 1 U 9
22 1 U 21
23 0 U 22
24 1 U 23
25 0 U 24
26 1 U 25
27 1 U 26
28 0 U 21
29 1 U 27
30 1 U 29
31 1 U 27
32 1 U 30
33 1 U -1
34 1 U -1
35 1 U 32
36 1 U 35
37 0 U 34
38 1 U 36
39 0 U 37
40 0 U 38
41 0 U 39
42 1 U 41
43 1 U 42
44 1 U 43
45 1 U 44
46 1 U 45
47 0 U -1
48 0 U 47
49 1 U 46
50 0 U 49
51 0 U 47
52 1 U 50
53 0 U 42
54 1 U 48
55 0 U 54
56 0 U 55
57 0 U 56
58 0 U 57
59 0 U 58
60 0 U 59
61 0 U 49
62 0 U 60
63 1 U 62
64 0 U 63
65 0 U 64
66 0 U -1
67 0 U 66
68 1 U 67
69 0 U -1
70 0 U 68
71 1 U 70
72 0 U 68
73 0 U 71
74 0 U 73
75 1 U 74
76 1 U 75
77 0 U 76
78 1 U 77
79 1 U 78
80 1 U 69
81 1 U 79
82 1 U 69
83 0 U 73
84 1 U 82
85 0 U 84
86 0 U 85
87 0 U 86
88 0 U 87
89 0 U 88
90 1 U 89
91 0 U 90
92 1 U 91
93 1 U 91
94 0 U 92
95 1 U 94
96 1 U 95
97 0 U 85
98
0 0 U -1
1 1 U 0
2 0 U 1
3 0 U -1
4 0 U 3
5 0 U 2
6 1 U -1
7 0 U 5
8 0 U 2
9 1 U 7
10 0 U 9
11 0 U 10
12 1 U 11
13 1 U 4
14 0 U 13
15 1 U 12
16 1 U 15
17 0 U 14
18 0 U 17
19 1 U 16
20 0 U 19
21 0 U 17
22 1 U 20
23 0 U 22
24 1 U 23
25 0 U 18
26 1 U 25
27 1 U 26
28 0 U 26
29 0 U 27
30 1 U 29
31 1 U 20
32 1 U 30
33 1 U 4
34 1 U 32
35 1 U 14
36 1 U 13
37 1 U -1
38 1 U -1
39 0 U 38
40 0 U 37
41 0 U 39
42 1 U 40
43 1 U 41
44 1 U 42
45 1 U 44
46 1 U 45
47 1 U 46
48 0 U 47
49 1 U 43
50 0 U 48
51 0 U 47
52 1 U 50
53 0 U 41
54 1 U 49
55 0 U 52
56 0 U 55
57 0 U 56
58 0 U 54
59 0 U 58
60 0 U 59
61 0 U 59
62 0 U 60
63 1 U 62
64 0 U 63
65 0 U 64
66 0 U -1
67 1 U -1
68 1 U 66
69 1 U -1
70 0 U 68
71 1 U 69
72 0 U 70
73 0 U 72
74 0 U 73
75 1 U 71
76 1 U 74
77 0 U 76
78 1 U 77
79 1 U 78
80 1 U 79
81 1 U 80
82 0 U 71
83 0 U 73
84 1 U 81
85 0 U 84
86 0 U 85
87 0 U 75
88 0 U 87
89 0 U 88
90 1 U 89
91 0 U 86
92 1 U 90
93 1 U 90
94 1 U 92
95 1 U 94
96 1 U 95
97 0 U 69
98
0 0 U -1
1 1 U 0
2 0 U 1
3 0 U -1
4 0 U 2
5 0 U 3
6 1 U 3
7 0 U -1
8 1 U 5
9 1 U 4
10 0 U 8
11 0 U 9
12 1 U 10
13 1 U 11
14 0 U 12
15 1 U 14
16 1 U 13
17 0 U 15
18 0 U 16
19 1 U 18
20 0 U 19
21 1 U 12
22 1 U 5
23 0 U 17
24 1 U 20
25 0 U 24
26 1 U 25
27 1 U 26
28 0 U 8
29 1 U 23
30 1 U 29
31 1 U 14
32 1 U 30
33 1 U 30
34 1 U 32
35 1 U 23
36 1 U -1
37 1 U 36
38 1 U 34
39 0 U 37
40 0 U 39
41 0 U 40
42 0 U 41
43 1 U 41
44 1 U 42
45 1 U 44
46 1 U 45
47 1 U 46
48 0 U -1
49 1 U 47
50 0 U 49
51 0 U -1
52 1 U 48
53 0 U 52
54 1 U 53
55 0 U 54
56 0 U 55
57 0 U 56
58 0 U 57
59 0 U 58
60 0 U 59
61 0 U 59
62 0 U 60
63 1 U 62
64 0 U 63
65 0 U 64
66 0 U -1
67 0 U 66
68 1 U 65
69 0 U 67
70 0 U 69
71 1 U 70
72 0 U 71
73 0 U 72
74 0 U 73
75 1 U 74
76 1 U 75
77 0 U 76
78 1 U 77
79 1 U -1
80 1 U 79
81 1 U 80
82 0 U 71
83 0 U 69
84 1 U 81
85 0 U 84
86 0 U 85
87 0 U 86
88 0 U 87
89 0 U 88
90 1 U 89
91 0 U 74
92 1 U 90
93 1 U 90
94 0 U 92
95 1 U 94
96 1 U 95
97 0 U 80
98
0 0 U -1
1 1 U 0
2 0 U 1
3 0 U 2
4 0 U 3
5 0 U 4
6 1 U 4
7 0 U 0
8 1 U 5
9 1 U 8
10 0 U 9
11 0 U 10
12 1 U 11
13 1 U 12
14 0 U 13
15 1 U 14
16 1 U 15
17 0 U -1
18 0 U 17
19 1 U 18
20 0 U 19
21 0 U 5
22 1 U 20
23 0 U 22
24 1 U 23
25 0 U 24
26 1 U 25
27 1 U 26
28 0 U 26
29 1 U 27
30 1 U 29
31 1 L 6
32 1 U 30
33 1 U 30
34 1 U -1
35 1 U 32
36 1 U 27
37 1 U 34
38 1 U 37
39 0 U 38
40 0 U 35
41 0 U 39
42 1 U 41
43 1 U 42
44 1 U 43
45 1 U 44
46 1 U 45
47 1 U -1
48 0 U 47
49 1 U 46
50 1 U 48
51 0 U 39
52 1 U 49
53 0 U 42
54 0 U 48
55 0 U 54
56 0 U 55
57 0 U 56
58 0 U 57
59 0 U 58
60 0 U 59
61 0 U 60
62 0 U 61
63 1 U 62
64 0 U 63
65 0 U 64
66 0 U -1
67 0 U 66
68 1 U 67
69 0 U 68
70 0 U 69
71 1 U 70
72 0 U 62
73 0 U 71
74 0 U 73
75 1 U 74
76 1 U 75
77 0 U 76
78 1 U -1
79 1 U 77
80 1 U 78
81 1 U 80
82 0 U 73
83 0 U 80
84 1 U 81
85 0 U 84
86 0 U 85
87 1 U 86
88 1 U 86
89 0 U 87
90 1 U 89
91 0 U 74
92 1 U 90
93 1 U 92
94 0 U 93
95 1 U 94
96 1 U 95
97 0 U 85
98
0 0 U -1
1 1 U 0
2 0 U 1
3 0 U 2
4 0 U 3
5 0 U 4
6 1 U 4
7 0 U 0
8 1 U 5
9 1 U 8
10 0 U 9
11 0 U 10
12 1 U 11
13 1 U 12
14 0 U 13
15 1 U 14
16 1 U 15
17 0 U 16
18 0 U -1
19 1 U 18
20 0 U 19
21 1 U 13
22 1 U 5
23 0 U 20
24 1 U 23
25 0 U 24
26 1 U 25
27 1 U 26
28 0 U 9
29 1 U 27
30 1 U 29
31 1 U 14
32 0 U 30
33 1 U 18
34 1 U 32
35 1 U 30
36 1 L 26
37 1 U -1
38 1 U 36
39 0 U 37
40 0 U 39
41 0 U 40
42 1 U 41
43 1 U 42
44 1 U 43
45 1 U 44
46 1 U 45
47 0 U 46
48 0 U 47
49 1 U -1
50 0 U 49
51 0 U 40
52 1 U 50
53 0 U 42
54 1 U 52
55 0 U 54
56 0 U 55
57 0 U 56
58 0 U 57
59 0 U 58
60 0 U 59
61 0 U 59
62 1 U 60
63 0 U 62
64 0 U -1
65 0 U 63
66 0 U 64
67 0 U 66
68 1 U 67
69 0 U 68
70 0 U 69
71 1 U 70
72 0 U 60
73 0 U 71
74 0 U 73
75 1 U 62
76 1 U 74
77 0 U 76
78 1 U 77
79 1 U 78
80 1 U -1
81 1 U 80
82 0 U 81
83 0 U 81
84 1 U 82
85 0 U 84
86 0 U 85
87 0 U 86
88 0 U 87
89 0 U 88
90 1 U 89
91 0 U 90
92 1 U 91
93 1 U 91
94 0 U 92
95 1 U 94
96 1 U 95
97 0 U 95
98
0 0 U -1
1 1 U 0
2 0 U 1
3 0 U 2
4 0 U 3
5 0 U 4
6 1 U 4
7 0 U 0
8 1 U 5
9 1 U 8
10 0 U 9
11 0 U 10
12 1 U 11
13 1 U 12
14 0 U 13
15 1 U 14
16 1 U 15
17 0 U 16
18 0 U -1
19 1 U 18
20 0 U 19
21 1 U 13
22 1 U 5
23 0 U 20
24 1 U 23
25 0 U 24
26 1 U 25
27 1 U 26
28 0 U 9
29 1 U 27
30 1 U 29
31 1 U 14
32 0 U 30
33 1 U 18
34 1 U 32
35 1 U 30
36 1 L 26
37 1 U -1
38 1 U 36
39 0 U 37
40 0 U 39
41 0 U 40
42 1 U 41
43 1 U 42
44 1 U 43
45 1 U 44
46 1 U 45
47 0 U 46
48 0 U 47
49 1 U -1
50 0 U 49
51 0 U 40
52 1 U 50
53 0 U 42
54 1 U 52
55 0 U 54
56 0 U 55
57 0 U 56
58 0 U 57
59 0 U 58
60 0 U 59
61 0 U 59
62 1 U 60
63 0 U 62
64 0 U -1
65 0 U 63
66 0 U 64
67 0 U 66
68 1 U 67
69 0 U 68
70 0 U 69
71 1 U 70
72 1 U 60
73 0 U 71
74 0 U 73
75 1 U 62
76 1 U 74
77 0 U 76
78 1 U 77
79 1 U 78
80 1 U -1
81 1 U 80
82 0 U 81
83 0 U 81
84 1 U 82
85 0 U 84
86 0 U 85
87 0 U 86
88 0 U 87
89 0 U 88
90 1 U 89
91 0 U 90
92 1 U 91
93 1 U 91
94 0 U 92
95 1 U 94
96 1 U 95
97 0 U 95
98
0 0 U -1
1 1 U 0
2 0 U 1
3 0 U 2
4 0 U 3
5 0 U 4
6 1 U 4
7 0 U 0
8 1 U 5
9 1 U 8
10 0 U 9
11 0 U 10
12 1 U 11
13 1 U 12
14 0 U 13
15 1 U 14
16 1 U 15
17 0 U 16
18 0 U -1
19 1 U 18
20 0 U 19
21 1 U 13
22 1 U 5
23 0 U 20
24 1 U 23
25 0 U 24
26 1 U 25
27 1 U 26
28 0 U 9
29 1 U 27
30 1 U 29
31 0 U 14
32 0 U 30
33 1 U 18
34 1 U 32
35 1 U 30
36 1 L 26
37 1 U -1
38 1 U 36
39 0 U 37
40 0 U 39
41 0 U 40
42 1 U 41
43 1 U 42
44 1 U 43
45 1 U 44
46 1 U 45
47 0 U 46
48 0 U 47
49 1 U -1
50 0 U 49
51 0 U 40
52 1 U 50
53 0 U 42
54 1 U 52
55 0 U 54
56 0 U 55
57 0 U 56
58 0 U 57
59 0 U 58
60 0 U 59
61 0 U 59
62 1 U 60
63 0 U 62
64 0 U -1
65 0 U 63
66 0 U 64
67 0 U 66
68 1 U 67
69 0 U 68
70 0 U 69
71 1 U 70
72 0 U 60
73 0 U 71
74 0 U 73
75 1 U 62
76 1 U 74
77 0 U 76
78 1 U 77
79 1 U 78
80 1 U -1
81 1 U 80
82 0 U 81
83 0 U 81
84 1 U 82
85 0 U 84
86 0 U 85
87 0 U 86
88 0 U 87
89 0 U 88
90 1 U 89
91 0 U 90
92 1 U 91
93 1 U 91
94 0 U 92
95 1 U 94
96 1 U 95
97 0 U 95
98
0 0 U -1
1 1 U 0
2 0 U 1
3 0 U 2
4 0 U 3
5 0 U 4
6 1 U 4
7 0 U 0
8 1 U 5
9 1 U 8
10 0 U 9
11 0 U 10
12 1 U 11
13 1 U 12
14 0 U 13
15 1 U 14
16 1 U 15
17 0 U -1
18 0 U 17
19 1 U 18
20 0 U 19
21 0 U 5
22 1 U 20
23 0 U 22
24 1 U 23
25 0 U 24
26 1 U 25
27 1 U 26
28 0 U 26
29 1 U 27
30 1 U 29
31 1 U 14
32 1 U 30
33 1 U 30
34 1 U -1
35 1 U 32
36 1 U 27
37 1 U 34
38 1 U 37
39 0 U 38
40 0 U 35
41 0 U 39
42 1 U 41
43 1 U 42
44 1 U 43
45 1 U 44
46 1 U 45
47 1 U -1
48 0 U 47
49 1 U 46
50 1 U 48
51 0 U 39
52 1 U 49
53 0 U 42
54 0 U 48
55 0 U 54
56 0 U 55
57 0 U 56
58 0 U 57
59 0 U 58
60 0 U 59
61 0 U 60
62 0 U 61
63 1 U 62
64 0 U 63
65 0 U 64
66 0 U -1
67 0 U 66
68 1 U 67
69 0 U 68
70 0 U 69
71 1 U 70
72 0 U 62
73 0 U 71
74 0 U 73
75 1 U 74
76 1 U 75
77 0 U 76
78 1 U -1
79 1 U 77
80 1 U 78
81 1 U 80
82 0 U 73
83 0 U 80
84 1 U 81
85 0 U 84
86 0 U 85
87 1 U 86
88 1 U -1
89 0 U 87
90 1 U 89
91 0 U 74
92 1 U 90
93 1 U 92
94 0 U 93
95 1 U 94
96 1 U 95
97 0 U 85
98
0 0 U -1
1 1 U 0
2 0 U 1
3 0 U 2
4 0 U 3
5 0 U 4
6 1 U 4
7 0 U 0
8 1 U 5
9 1 U 8
10 0 U 9
11 0 U 10
12 1 U 11
13 1 U 12
14 0 U 13
15 1 U 14
16 1 U 15
17 0 U 16
18 0 U -1
19 1 U 18
20 0 U 19
21 1 U 13
22 1 U 5
23 0 U 20
24 1 U 23
25 0 U 24
26 1 U 25
27 1 U 26
28 0 U 9
29 1 U 27
30 1 U 29
31 1 U 14
32 0 U 30
33 1 U 18
34 1 U 32
35 1 U 30
36 1 L 26
37 1 U -1
38 1 U 36
39 0 U 37
40 0 U 39
41 0 U 40
42 1 U 41
43 1 U 42
44 1 U 43
45 1 U 44
46 1 U 45
47 0 U 46
48 0 U 47
49 1 U -1
50 0 U 49
51 0 U 40
52 1 U 50
53 0 U 42
54 1 U 52
55 0 U 54
56 0 U 55
57 0 U 56
58 0 U 57
59 0 U 58
60 0 U 59
61 0 U 59
62 1 U 60
63 0 U 62
64 0 U -1
65 0 U 63
66 0 U 64
67 0 U 66
68 1 U 67
69 0 U 68
70 0 U 69
71 1 U 70
72 0 U 60
73 0 U 71
74 0 U 73
75 1 U 62
76 1 U 74
77 0 U 76
78 1 U 77
79 1 U 78
80 1 U -1
81 1 U 80
82 0 U 81
83 0 U 81
84 1 U 82
85 0 U 84
86 0 U 85
87 0 U 86
88 0 U 87
89 0 U 88
90 1 U 89
91 0 U 90
92 1 U 91
93 1 U 91
94 0 U 92
95 1 U 94
96 1 U 95
97 1 U 95
98
0 0 U -1
1 1 U 0
2 0 U 1
3 0 U 2
4 0 U 3
5 0 U 4
6 1 U 4
7 0 U 0
8 1 U 5
9 1 U 8
10 0 U 9
11 0 U 10
12 1 U 11
13 1 U 12
14 0 U 13
15 1 U 14
16 1 U 15
17 0 U 16
18 0 U -1
19 1 U 18
20 0 U 19
21 1 U 13
22 1 U 5
23 0 U 20
24 1 U 23
25 0 U 24
26 1 U 25
27 1 U 26
28 0 U 9
29 1 U 27
30 1 U 29
31 1 U 14
32 0 U 30
33 0 U 18
34 1 U 32
35 1 U 30
36 1 L 26
37 1 U -1
38 1 U 36
39 0 U 37
40 0 U 39
41 0 U 40
42 1 U 41
43 1 U 42
44 1 U 43
45 1 U 44
46 1 U 45
47 0 U 46
48 0 U 47
49 1 U -1
50 0 U 49
51 0 U 40
52 1 U 50
53 0 U 42
54 1 U 52
55 0 U 54
56 0 U 55
57 0 U 56
58 0 U 57
59 0 U 58
60 0 U 59
61 0 U 59
62 1 U 60
63 0 U 62
64 0 U -1
65 0 U 63
66 0 U 64
67 0 U 66
68 1 U 67
69 0 U 68
70 0 U 69
71 1 U 70
72 0 U 60
73 0 U 71
74 0 U 73
75 1 U 62
76 1 U 74
77 0 U 76
78 1 U 77
79 1 U 78
80 1 U -1
81 1 U 80
82 0 U 81
83 0 U 81
84 1 U 82
85 0 U 84
86 0 U 85
87 0 U 86
88 0 U 87
89 0 U 88
90 1 U 89
91 0 U 90
92 1 U 91
93 1 U 91
94 0 U 92
95 1 U 94
96 1 U 95
97 0 U 95
98
0 0 U -1
1 1 U 0
2 0 U 1
3 0 U 2
4 0 U 3
5 0 U 4
6 1 U 4
7 0 U 0
8 1 U 2
9 1 U 5
10 0 U 9
11 0 U 10
12 1 U 11
13 1 U 12
14 0 U 13
15 1 U 14
16 1 U 15
17 0 U 16
18 0 U -1
19 1 U 18
20 0 U 17
21 0 U 9
22 1 U 19
23 0 U 22
24 1 U 23
25 0 U 24
26 1 U 25
27 1 U 26
28 0 U 26
29 1 U 27
30 1 U 29
31 1 U 19
32 1 U 30
33 1 U -1
34 1 U 32
35 1 U 34
36 1 U 34
37 1 U -1
38 1 U 37
39 0 U 38
40 0 U 39
41 0 U 40
42 1 U 41
43 1 U 42
44 1 U 43
45 1 U 44
46 1 U 45
47 1 U 46
48 0 U -1
49 1 U 48
50 0 U 49
51 0 U 40
52 1 U 47
53 0 U 42
54 1 U 50
55 0 U 54
56 0 U 55
57 0 U 56
58 0 U 57
59 0 U 58
60 0 U 59
61 0 U 59
62 0 U 52
63 1 U 60
64 0 U 63
65 0 U 64
66 0 U -1
67 0 U 65
68 1 U 66
69 0 U 68
70 0 U 69
71 1 U 70
72 0 U 60
73 0 U 71
74 0 U 73
75 1 U 74
76 1 U 75
77 0 U 76
78 1 U 77
79 1 U 78
80 1 U -1
81 1 U 80
82 0 U 73
83 0 U 69
84 1 U 81
85 0 U 79
86 0 U 84
87 0 U 86
88 0 U 87
89 0 U 88
90 1 U 89
91 0 U 74
92 1 U 90
93 1 U 92
94 0 U 93
95 1 U 94
96 0 U 95
97 0 U -1
98
0 0 U -1
1 1 U 0
2 0 U 1
3 0 U 2
4 0 U 3
5 0 U 4
6 1 U 4
7 0 U 0
8 1 U 2
9 1 U 5
10 0 U 9
11 0 U 10
12 1 U 11
13 1 U 12
14 0 U 13
15 1 U 14
16 1 U 15
17 0 U 16
18 0 U -1
19 1 U 18
20 0 U 17
21 0 U 9
22 1 U 19
23 0 U 22
24 1 U 23
25 0 U 24
26 1 U 25
27 1 U 26
28 0 U 26
29 1 U 27
30 1 U 29
31 1 U 19
32 1 U 30
33 1 U -1
34 1 U 32
35 1 U 34
36 1 U 34
37 1 U -1
38 1 U 37
39 0 U 38
40 0 U 39
41 0 U 40
42 1 U 41
43 1 U 42
44 1 U 43
45 1 U 44
46 1 U 45
47 1 U 46
48 0 U -1
49 1 U 48
50 0 U 49
51 1 U 40
52 1 U 47
53 0 U 42
54 1 U 50
55 0 U 54
56 0 U 55
57 0 U 56
58 0 U 57
59 0 U 58
60 0 U 59
61 0 U 59
62 0 U 52
63 1 U 60
64 0 U 63
65 0 U 64
66 0 U -1
67 0 U 65
68 1 U 66
69 0 U 68
70 0 U 69
71 1 U 70
72 0 U 60
73 0 U 71
74 0 U 73
75 1 U 74
76 1 U 75
77 0 U 76
78 1 U 77
79 1 U 78
80 1 U -1
81 1 U 80
82 0 U 73
83 0 U 69
84 1 U 81
85 0 U 79
86 0 U 84
87 0 U 86
88 0 U 87
89 0 U 88
90 1 U 89
91 0 U 74
92 1 U 90
93 1 U 92
94 0 U 93
95 1 U 94
96 0 U 95
97 0 U -1
98
0 0 U -1
1 1 U 0
2 0 U 1
3 0 U 2
4 0 U 3
5 0 U 4
6 1 U 4
7 0 U 0
8 1 U 5
9 1 U 8
10 0 U 9
11 0 U 10
12 1 U 11
13 1 U 12
14 0 U 13
15 1 U 14
16 1 U 15
17 0 U -1
18 0 U 17
19 1 U 18
20 0 U 19
21 0 U 5
22 1 U 20
23 0 U 22
24 1 U 23
25 0 U 24
26 1 U 25
27 1 U 26
28 0 U 26
29 1 U 27
30 1 U 29
31 1 U 14
32 1 U 30
33 1 U 30
34 1 U -1
35 1 U 32
36 1 U 27
37 1 U 34
38 1 U 37
39 0 U 38
40 0 U 35
41 0 U 39
42 1 U 41
43 1 U 42
44 1 U 43
45 1 U 44
46 1 U 45
47 1 U -1
48 0 U 47
49 1 U 46
50 1 U 48
51 0 U 39
52 1 U 49
53 0 U 42
54 0 U 48
55 0 U 54
56 0 U 55
57 0 U 56
58 0 U 57
59 0 U 58
60 0 U 59
61 0 U 60
62 0 U 61
63 1 U 62
64 0 U 63
65 0 U 64
66 1 U -1
67 0 U 66
68 1 U 67
69 0 U 68
70 0 U 69
71 1 U 70
72 0 U 62
73 0 U 71
74 0 U 73
75 1 U 74
76 1 U 75
77 0 U 76
78 1 U -1
79 1 U 77
80 1 U 78
81 1 U 80
82 0 U 73
83 0 U 80
84 1 U 81
85 0 U 84
86 0 U 85
87 1 U 86
88 1 U 86
89 0 U 87
90 1 U 89
91 0 U 74
92 1 U 90
93 1 U 92
94 0 U 93
95 1 U 94
96 1 U 95
97 0 U 85
98
0 0 U -1
1 1 U 0
2 0 U 1
3 0 U 2
4 0 U 3
5 0 U 4
6 1 U 4
7 0 U 0
8 1 U 5
9 1 U 8
10 0 U 9
11 0 U 10
12 1 U 11
13 1 U 12
14 0 U 13
15 1 U 14
16 1 U 15
17 0 U -1
18 0 U 17
19 1 U 18
20 0 U 19
21 0 U 5
22 1 U 20
23 0 U 22
24 1 U 23
25 0 U 24
26 1 U 25
27 1 U 26
28 0 U 26
29 1 U 27
30 1 U 29
31 1 U 14
32 1 U 30
33 1 U 30
34 1 U -1
35 1 U 32
36 0 U 27
37 1 U 34
38 1 U 37
39 0 U 38
40 0 U 35
41 0 U 39
42 1 U 41
43 1 U 42
44 1 U 43
45 1 U 44
46 1 U 45
47 1 U -1
48 0 U 47
49 1 U 46
50 1 U 48
51 0 U 39
52 1 U 49
53 0 U 42
54 0 U 48
55 0 U 54
56 0 U 55
57 0 U 56
58 0 U 57
59 0 U 58
60 0 U 59
61 0 U 60
62 0 U 61
63 1 U 62
64 0 U 63
65 0 U 64
66 1 U -1
67 0 U 66
68 1 U 67
69 0 U 68
70 0 U 69
71 1 U 70
72 0 U 62
73 0 U 71
74 0 U 73
75 1 U 74
76 1 U 75
77 0 U 76
78 1 U -1
79 1 U 77
80 1 U 78
81 1 U 80
82 0 U 73
83 0 U 80
84 1 U 81
85 0 U 84
86 0 U 85
87 1 U 86
88 1 U 86
89 0 U 87
90 1 U 89
91 0 U 74
92 1 U 90
93 1 U 92
94 0 U 93
95 1 U 94
96 1 U 95
97 0 U 85
98
0 0 U -1
1 1 U 0
2 0 U 1
3 0 U 2
4 0 U 3
5 0 U 4
6 1 U 4
7 0 U 0
8 1 U 5
9 1 U 8
10 0 U 9
11 0 U 10
12 1 U 11
13 1 U 12
14 0 U 13
15 1 U 14
16 1 U 15
17 0 U -1
18 0 U 17
19 1 U 18
20 0 U 19
21 0 U 5
22 1 U 20
23 0 U 22
24 1 U 23
25 0 U 24
26 1 U 25
27 1 U 26
28 0 U 26
29 1 U 27
30 1 U 29
31 1 U 14
32 1 U 30
33 1 U 30
34 1 U -1
35 1 U 32
36 1 U 27
37 1 U 34
38 1 U 37
39 0 U 38
40 0 U 35
41 0 U 39
42 1 U 41
43 1 U 42
44 1 U 43
45 1 U 44
46 1 U 45
47 1 U -1
48 0 U 47
49 1 U 46
50 1 U 48
51 0 U 39
52 1 U 49
53 0 U 42
54 0 U 48
55 0 U 54
56 0 U 55
57 0 U 56
58 0 U 57
59 0 U 58
60 0 U 59
61 0 U 60
62 0 U 61
63 1 U 62
64 0 L 61
65 0 U 64
66 0 U -1
67 0 U 66
68 1 U 67
69 0 U 68
70 0 U 69
71 1 U 70
72 0 U 62
73 0 U 71
74 0 U 73
75 1 U 74
76 1 U 75
77 0 U 76
78 1 U -1
79 1 U 77
80 1 U 78
81 1 U 80
82 0 U 73
83 0 U 80
84 1 U 81
85 0 U 84
86 0 U 85
87 1 U 86
88 1 U 86
89 0 U 87
90 1 U 89
91 0 U 74
92 1 U 90
93 1 U 92
94 0 U 93
95 1 U 94
96 1 U 95
97 0 U 85
98
0 0 U -1
1 1 U 0
2 0 U 1
3 0 U 2
4 0 U 3
5 0 U 4
6 1 U 4
7 0 U 0
8 1 U 5
9 1 U 8
10 0 U 9
11 0 U 10
12 1 U 11
13 1 U 12
14 0 U 13
15 1 U 14
16 1 U 15
17 0 U -1
18 0 U 17
19 1 U 18
20 0 U 19
21 0 U 5
22 1 U 20
23 0 U 22
24 1 U 23
25 0 U 24
26 1 U 25
27 1 U 26
28 0 U 26
29 1 U 27
30 1 U 29
31 1 U 14
32 1 U 30
33 1 U 30
34 1 U -1
35 1 U 32
36 1 U 27
37 1 U 34
38 1 U 37
39 0 U 38
40 0 U 35
41 0 U 39
42 1 U 41
43 1 U 42
44 1 U 43
45 1 U 44
46 1 U 45
47 1 U -1
48 0 U 47
49 1 U 46
50 1 U 48
51 0 U 39
52 1 U 49
53 0 U 42
54 0 U 48
55 0 U 54
56 0 U 55
57 0 U 56
58 0 U 57
59 0 U 58
60 0 U 59
61 0 U 60
62 0 L 61
63 1 U 62
64 0 U 63
65 0 U 64
66 0 U -1
67 0 U 66
68 1 U 67
69 0 U 68
70 0 U 69
71 1 U 70
72 0 U 62
73 0 U 71
74 0 U 73
75 1 U 74
76 1 U 75
77 0 U 76
78 1 U -1
79 1 U 77
80 1 U 78
81 1 U 80
82 0 U 73
83 0 U 80
84 1 U 81
85 0 U 84
86 0 U 85
87 1 U 86
88 1 U 86
89 0 U 87
90 1 U 89
91 0 U 74
92 1 U 90
93 1 U 92
94 0 U 93
95 1 U 94
96 1 U 95
97 0 U 85
98
0 0 L -1
1 1 U 0
2 0 U 1
3 0 U 2
4 0 U 3
5 0 U 4
6 1 U 4
7 0 U 0
8 1 U 2
9 1 U 5
10 0 U 9
11 0 U 10
12 1 U 11
13 1 U 12
14 0 U 13
15 1 U 14
16 1 U 15
17 0 U 16
18 0 U -1
19 1 U 18
20 0 U 17
21 0 U 9
22 1 U 19
23 0 U 22
24 1 U 23
25 0 U 24
26 1 U 25
27 1 U 26
28 0 U 26
29 1 U 27
30 1 U 29
31 1 U 19
32 1 U 30
33 1 U -1
34 1 U 32
35 1 U 34
36 1 U 34
37 1 U -1
38 1 U 37
39 0 U 38
40 0 U 39
41 0 U 40
42 1 U 41
43 1 U 42
44 1 U 43
45 1 U 44
46 1 U 45
47 1 U 46
48 0 U -1
49 1 U 48
50 0 U 49
51 0 U 40
52 1 U 47
53 0 U 42
54 1 U 50
55 0 U 54
56 0 U 55
57 0 U 56
58 0 U 57
59 0 U 58
60 0 U 59
61 0 U 59
62 0 U 52
63 1 U 60
64 0 U 63
65 0 U 64
66 0 U -1
67 0 U 65
68 1 U 66
69 0 U 68
70 0 U 69
71 1 U 70
72 0 U 60
73 0 U 71
74 0 U 73
75 1 U 74
76 1 U 75
77 0 U 76
78 1 U 77
79 1 U 78
80 1 U -1
81 1 U 80
82 0 U 73
83 0 U 69
84 1 U 81
85 0 U 79
86 0 U 84
87 0 U 86
88 0 U 87
89 0 U 88
90 1 U 89
91 0 U 74
92 1 U 90
93 1 U 92
94 0 U 93
95 1 U 94
96 1 U 95
97 0 U -1
98
0 0 L -1
1 1 U 0
2 0 U 1
3 0 U 2
4 0 U 3
5 0 U 4
6 1 U 4
7 0 U 0
8 1 U 2
9 1 U 5
10 0 U 9
11 0 U 10
12 1 U 11
13 1 U 12
14 0 U 13
15 1 U 14
16 1 U 15
17 0 U 16
18 0 U -1
19 1 U 18
20 0 U 17
21 0 U 9
22 1 U 19
23 0 U 22
24 1 U 23
25 0 U 24
26 1 U 25
27 1 U 26
28 0 U 26
29 1 U 27
30 1 U 29
31 1 U 19
32 1 U 30
33 1 U -1
34 1 U 32
35 1 U 34
36 1 U 34
37 1 U -1
38 1 U 37
39 0 U 38
40 0 U 39
41 0 U 40
42 1 U 41
43 1 U 42
44 1 U 43
45 1 U 44
46 1 U 45
47 1 U 46
48 0 U -1
49 1 U 48
50 0 U 49
51 0 U 40
52 1 U 47
53 0 U 42
54 1 U 50
55 0 U 54
56 0 U 55
57 0 U 56
58 0 U 57
59 0 U 58
60 0 U 59
61 0 U 59
62 0 U 52
63 1 U 60
64 0 U 63
65 0 U 64
66 0 U -1
67 0 U 65
68 1 U 66
69 0 U 68
70 0 U 69
71 1 U 70
72 0 U 60
73 0 U 71
74 0 U 73
75 1 U 74
76 1 U 75
77 0 U 76
78 1 U 77
79 1 U 78
80 1 U -1
81 1 U 80
82 0 U 73
83 0 U 69
84 1 U 81
85 0 L 79
86 0 U 84
87 0 U 86
88 0 U 87
89 0 U 88
90 1 U 89
91 0 U 74
92 1 U 90
93 1 U 92
94 0 U 93
95 1 U 94
96 1 U 95
97 0 U -1
98
0 0 L -1
1 1 U 0
2 0 U 1
3 0 U 2
4 0 U 3
5 0 U 4
6 1 U 4
7 0 U 0
8 1 U 2
9 1 U 5
10 0 U 9
11 0 U 10
12 1 U 11
13 1 U 12
14 0 U 13
15 1 U 14
16 1 U 15
17 0 U 16
18 0 U -1
19 1 U 18
20 0 U 17
21 0 U 9
22 1 U 19
23 0 U 22
24 1 U 23
25 0 U 24
26 1 U 25
27 1 U 26
28 0 U 26
29 1 U 27
30 1 U 29
31 1 U 19
32 1 U 30
33 1 U -1
34 1 U 32
35 1 U 34
36 1 U 34
37 1 U -1
38 1 U 37
39 0 U 38
40 0 U 39
41 0 U 40
42 1 U 41
43 1 U 42
44 1 U 43
45 1 U 44
46 1 U 45
47 1 U 46
48 0 U -1
49 1 U 48
50 0 U 49
51 0 U 40
52 1 U 47
53 0 U 42
54 1 U 50
55 0 U 54
56 0 U 55
57 0 U 56
58 0 U 57
59 0 U 58
60 0 U 59
61 0 U 59
62 0 U 52
63 1 U 60
64 0 U 63
65 0 U 64
66 0 U -1
67 0 U 65
68 1 U 66
69 0 U 68
70 0 U 69
71 1 U 70
72 0 U 60
73 0 U 71
74 1 U 73
75 1 U 74
76 1 U 75
77 0 U 76
78 1 U 77
79 1 U 78
80 1 U -1
81 1 U 80
82 0 U 73
83 0 U 69
84 1 U 81
85 0 U 79
86 0 U 84
87 0 U 86
88 0 U 87
89 0 U 88
90 1 U 89
91 0 U 74
92 1 U 90
93 1 U 92
94 0 U 93
95 1 U 94
96 1 U 95
97 0 U -1
98
0 0 L -1
1 1 U 0
2 0 U 1
3 0 U 2
4 0 U 3
5 0 U 4
6 1 U 4
7 0 U 0
8 1 U 2
9 1 U 5
10 0 U 9
11 0 U 10
12 1 U 11
13 1 U 12
14 0 U 13
15 1 U 14
16 1 U 15
17 0 U 16
18 0 U -1
19 1 U 18
20 0 U 17
21 0 U 9
22 1 U 19
23 0 U 22
24 1 U 23
25 0 U 24
26 1 U 25
27 1 U 26
28 0 U 26
29 1 U 27
30 1 U 29
31 1 U 19
32 1 U 30
33 1 U -1
34 1 U 32
35 1 U 34
36 1 U 34
37 1 U -1
38 1 U 37
39 0 U 38
40 0 U 39
41 0 U 40
42 1 U 41
43 1 U 42
44 1 U 43
45 1 U 44
46 1 U 45
47 1 U 46
48 0 U -1
49 1 U 48
50 0 U 49
51 0 U 40
52 1 U 47
53 0 U 42
54 1 U 50
55 0 U 54
56 0 U 55
57 0 U 56
58 0 U 57
59 0 U 58
60 0 U 59
61 0 U 59
62 0 U 52
63 1 U 60
64 0 U 63
65 0 U 64
66 0 U -1
67 0 U 65
68 1 U 66
69 0 U 68
70 0 U 69
71 1 U 70
72 0 U 60
73 0 U 71
74 0 U 73
75 1 U 74
76 1 U 75
77 0 U 76
78 1 U 77
79 1 U 78
80 1 U -1
81 1 U 80
82 0 U 73
83 1 U 69
84 1 U 81
85 0 U 79
86 0 U 84
87 0 U 86
88 0 U 87
89 0 U 88
90 1 U 89
91 0 U 74
92 1 U 90
93 1 U 92
94 0 U 93
95 1 U 94
96 1 U 95
97 0 U -1
98
0 0 L -1
1 1 U 0
2 0 U 1
3 0 U 2
4 0 U 3
5 0 U 4
6 1 U 4
7 0 U 0
8 1 U 2
9 1 U 5
10 0 U 9
11 0 U 10
12 1 U 11
13 1 U 12
14 0 U 13
15 1 U 14
16 1 U 15
17 0 U 16
18 0 U -1
19 1 U 18
20 0 U 17
21 0 U 9
22 1 U 19
23 0 U 22
24 1 U 23
25 0 U 24
26 1 U 25
27 1 U 26
28 0 U 26
29 1 U 27
30 1 U 29
31 1 U 19
32 1 U 30
33 1 U -1
34 1 U 32
35 1 U 34
36 1 U 34
37 1 U -1
38 1 U 37
39 0 U 38
40 0 U 39
41 0 U 40
42 1 U 41
43 1 U 42
44 1 U 43
45 1 U 44
46 1 U 45
47 1 U 46
48 0 U -1
49 1 U 48
50 0 U 49
51 0 U 40
52 1 U 47
53 0 U 42
54 1 U 50
55 0 U 54
56 0 U 55
57 0 U 56
58 0 U 57
59 0 U 58
60 0 U 59
61 0 U 59
62 0 U 52
63 1 U 60
64 0 U 63
65 0 U 64
66 0 U -1
67 0 U 65
68 1 U 66
69 0 U 68
70 0 U 69
71 0 U 70
72 0 U 60
73 0 U 71
74 0 U 73
75 1 U 74
76 1 U 75
77 0 U 76
78 1 U 77
79 1 U 78
80 1 U -1
81 1 U 80
82 0 U 73
83 0 U 69
84 1 U 81
85 0 U 79
86 0 U 84
87 0 U 86
88 0 U 87
89 0 U 88
90 1 U 89
91 0 U 74
92 1 U 90
93 1 U 92
94 0 U 93
95 1 U 94
96 1 U 95
97 0 U -1
98
0 0 U -1
1 1 U 0
2 0 U 1
3 0 U 2
4 0 U 3
5 0 U 4
6 1 U 4
7 0 U 0
8 1 U 5
9 1 U 8
10 0 U 9
11 0 U 10
12 1 U 11
13 1 U 12
14 0 U 13
15 1 U 14
16 1 U 15
17 0 U -1
18 0 U 17
19 1 U 18
20 0 U 19
21 0 U 5
22 1 U 20
23 0 U 22
24 1 U 23
25 0 U 24
26 1 U 25
27 1 U 26
28 0 U 26
29 1 U 27
30 1 U 29
31 1 U 14
32 1 U 30
33 1 U 30
34 1 U -1
35 1 U 32
36 1 U 27
37 1 U 34
38 1 U 37
39 0 U 38
40 0 U 35
41 0 U 39
42 1 U 41
43 1 U 42
44 1 U 43
45 1 U 44
46 1 U 45
47 1 U -1
48 0 U 47
49 1 U 46
50 1 U 48
51 0 U 39
52 1 U 49
53 1 U 42
54 0 U 48
55 0 U 54
56 0 U 55
57 0 U 56
58 0 U 57
59 0 U 58
60 0 U 59
61 0 U 60
62 0 U 61
63 1 U 62
64 0 U 63
65 0 U 64
66 0 U -1
67 0 U 66
68 1 U 67
69 0 U 68
70 0 U 69
71 1 U 70
72 0 U 62
73 0 U 71
74 0 U 73
75 1 U 74
76 1 U 75
77 0 U 76
78 1 U -1
79 1 U 77
80 1 U 78
81 1 U 80
82 0 U 73
83 0 U 80
84 1 U 81
85 0 U 84
86 0 U 85
87 1 U 86
88 1 U 86
89 0 U 87
90 1 U 89
91 0 U 74
92 1 U 90
93 1 U 92
94 0 U 93
95 1 U 94
96 1 U 95
97 0 U 85
98
0 0 L -1
1 1 U 0
2 0 U 1
3 0 U 2
4 0 U 3
5 0 U 4
6 1 U 4
7 0 U 0
8 1 U 2
9 1 U 5
10 0 U 9
11 0 U 10
12 1 U 11
13 1 U 12
14 0 U 13
15 1 U 14
16 1 U 15
17 0 U 16
18 0 U -1
19 1 U 18
20 0 U 17
21 0 U 9
22 1 U 19
23 0 U 22
24 1 U 23
25 0 U 24
26 1 U 25
27 1 U 26
28 0 U 26
29 1 U 27
30 1 U 29
31 1 U 19
32 1 U 30
33 1 U -1
34 1 U 32
35 1 U 34
36 1 U 34
37 1 U -1
38 1 U 37
39 0 U 38
40 0 U 39
41 0 U 40
42 1 U 41
43 1 U 42
44 1 U 43
45 1 U 44
46 1 U 45
47 1 U 46
48 0 U -1
49 1 U 48
50 0 U 49
51 0 U 40
52 1 U 47
53 0 U 42
54 1 U 50
55 0 U 54
56 0 U 55
57 0 U 56
58 0 U 57
59 0 U 58
60 0 U 59
61 0 U 59
62 0 U 52
63 1 U 60
64 0 U 63
65 0 U 64
66 0 U -1
67 0 U 65
68 1 U 66
69 0 U 68
70 0 U 69
71 1 U 70
72 0 U 60
73 0 U 71
74 0 U 73
75 1 U 74
76 1 U 75
77 0 U 76
78 1 U 77
79 1 U 78
80 1 U -1
81 1 U 80
82 0 U 73
83 0 U 69
84 1 U 81
85 0 U 79
86 0 U 84
87 0 U 86
88 0 U 87
89 0 U 88
90 1 U 89
91 0 U 74
92 0 U 90
93 1 U 92
94 0 U 93
95 1 U 94
96 1 U 95
97 0 U -1
98
0 0 U -1
1 1 U 0
2 0 U 1
3 0 U 2
4 0 U 3
5 0 U 4
6 1 U 4
7 0 U 0
8 1 U 5
9 1 U 8
10 0 U 9
11 0 U 10
12 1 U 11
13 1 U 12
14 0 U 13
15 1 U 14
16 1 U 15
17 0 U -1
18 0 U 17
19 1 U 18
20 0 U 19
21 0 U 5
22 1 U 20
23 0 U 22
24 1 U 23
25 0 U 24
26 1 U 25
27 1 U 26
28 0 U 26
29 1 U 27
30 1 U 29
31 1 U 14
32 1 U 30
33 1 U 30
34 1 U -1
35 1 U 32
36 1 U 27
37 1 U 34
38 1 U 37
39 0 U 38
40 0 U 35
41 0 U 39
42 1 U 41
43 1 U 42
44 1 U 43
45 1 U 44
46 1 U 45
47 1 U -1
48 0 U 47
49 1 U 46
50 1 U 48
51 0 U 39
52 1 U 49
53 1 U 42
54 0 U 48
55 0 U 54
56 0 U 55
57 0 U 56
58 0 U 57
59 0 U 58
60 0 U 59
61 0 U 60
62 0 U 61
63 1 U 62
64 0 U 63
65 0 U 64
66 0 U -1
67 0 U 66
68 1 U 67
69 0 U 68
70 0 U 69
71 1 U 70
72 0 U 62
73 0 U 71
74 0 U 73
75 1 U 74
76 1 U 75
77 0 U 76
78 1 U -1
79 1 U 77
80 1 U 78
81 1 U 80
82 0 U 73
83 0 U 80
84 1 U 81
85 0 U 84
86 0 U 85
87 1 U 86
88 1 U 86
89 0 U 87
90 1 U 89
91 0 U 74
92 1 U 90
93 1 U 92
94 0 U 93
95 1 U 94
96 1 U 95
97 0 U 85
98
0 0 U -1
1 1 U 0
2 0 U 1
3 0 U 2
4 0 U 3
5 0 U 4
6 1 U 4
7 0 U 0
8 1 U 5
9 1 U 8
10 0 U 9
11 0 U 10
12 1 U 11
13 1 U 12
14 0 U 13
15 1 U 14
16 1 U 15
17 0 U -1
18 0 U 17
19 1 U 18
20 0 U 19
21 0 U 5
22 1 U 20
23 0 U 22
24 1 U 23
25 0 U 24
26 1 U 25
27 1 U 26
28 0 U 26
29 1 U 27
30 1 U 29
31 1 U 14
32 1 U 30
33 1 U 30
34 1 U -1
35 1 U 32
36 1 U 27
37 1 U 34
38 1 U 37
39 0 U 38
40 0 U 35
41 0 U 39
42 1 U 41
43 1 U 42
44 1 U 43
45 1 U 44
46 1 U 45
47 1 U -1
48 0 U 47
49 1 U 46
50 1 U 48
51 0 U 39
52 1 U 49
53 0 U 42
54 0 U 48
55 0 U 54
56 0 U 55
57 0 U 56
58 0 U 57
59 0 U 58
60 0 U 59
61 0 U 60
62 0 U 61
63 1 U 62
64 0 U 63
65 0 U 64
66 0 U -1
67 0 U 66
68 1 U 67
69 0 U 68
70 0 U 69
71 1 U 70
72 0 U 62
73 0 U 71
74 0 U 73
75 1 U 74
76 1 U 75
77 0 U 76
78 1 U -1
79 1 U 77
80 1 U 78
81 1 U 80
82 0 U 73
83 0 U 80
84 1 U 81
85 0 U 84
86 0 U 85
87 0 U 86
88 1 U 86
89 0 U 87
90 1 U 89
91 0 U 74
92 1 U 90
93 1 U 92
94 0 U 93
95 1 U 94
96 1 U 95
97 0 U 85
98
0 0 U -1
1 1 U 0
2 0 U 1
3 0 U 2
4 0 U 3
5 0 U 4
6 1 U 4
7 0 U 0
8 1 U 5
9 1 U 8
10 0 U 9
11 0 U 10
12 1 U 11
13 1 U 12
14 0 U 13
15 1 U 14
16 1 U 15
17 0 U -1
18 0 U 17
19 0 U 18
20 0 U 19
21 0 U 5
22 1 U 20
23 0 U 22
24 1 U 23
25 0 U 24
26 1 U 25
27 1 U 26
28 0 U 26
29 1 U 27
30 1 U 29
31 1 U 14
32 1 U 30
33 1 U 30
34 1 U -1
35 1 U 32
36 1 U 27
37 1 U 34
38 1 U 37
39 0 U 38
40 0 U 35
41 0 U 39
42 1 U 41
43 1 U 42
44 1 U 43
45 1 U 44
46 1 U 45
47 1 U -1
48 0 U 47
49 1 U 46
50 1 U 48
51 0 U 39
52 1 U 49
53 0 U 42
54 0 U 48
55 0 U 54
56 0 U 55
57 0 U 56
58 0 U 57
59 0 U 58
60 0 U 59
61 0 U 60
62 0 U 61
63 1 U 62
64 0 U 63
65 0 U 64
66 0 U -1
67 0 U 66
68 1 U 67
69 0 U 68
70 0 U 69
71 1 U 70
72 0 U 62
73 0 U 71
74 0 U 73
75 1 U 74
76 1 U 75
77 0 U 76
78 1 U -1
79 1 U 77
80 1 U 78
81 1 U 80
82 0 U 73
83 0 U 80
84 1 U 81
85 0 U 84
86 0 U 85
87 1 U 86
88 1 U 86
89 0 U 87
90 1 U 89
91 0 U 74
92 1 U 90
93 1 U 92
94 0 U 93
95 1 U 94
96 1 U 95
97 0 U 85
98
0 0 L -1
1 1 L -1
2 0 U 1
3 0 U 2
4 0 U 3
5 0 U 4
6 1 U 4
7 0 U 0
8 1 U 2
9 1 U 5
10 0 U 9
11 0 U 10
12 1 U 11
13 1 U 12
14 0 U 13
15 1 U 14
16 1 U 15
17 0 U 16
18 0 U -1
19 1 U 18
20 0 U 17
21 0 U 9
22 1 U 19
23 0 U 22
24 1 U 23
25 0 U 24
26 1 U 25
27 1 U 26
28 0 U 26
29 1 U 27
30 1 U 29
31 1 U 19
32 1 U 30
33 1 U -1
34 1 U 32
35 1 U 34
36 1 U 34
37 1 U -1
38 1 U 37
39 0 U 38
40 0 U 39
41 0 U 40
42 1 U 41
43 1 U 42
44 1 U 43
45 1 U 44
46 1 U 45
47 1 U 46
48 0 U -1
49 1 U 48
50 0 U 49
51 0 U 40
52 1 U 47
53 0 U 42
54 1 U 50
55 0 U 54
56 0 U 55
57 0 U 56
58 0 U 57
59 0 U 58
60 0 U 59
61 0 U 59
62 0 U 52
63 1 U 60
64 0 U 63
65 0 U 64
66 0 U -1
67 0 U 65
68 1 U 66
69 0 U 68
70 0 U 69
71 1 U 70
72 0 U 60
73 0 U 71
74 0 U 73
75 1 U 74
76 1 U 75
77 0 U 76
78 1 U 77
79 1 U 78
80 1 U -1
81 1 U 80
82 0 U 73
83 0 U 69
84 1 U 81
85 0 U 79
86 0 U 84
87 0 U 86
88 0 U 87
89 0 U 88
90 1 U 89
91 0 U 74
92 1 U 90
93 1 U 92
94 0 U 93
95 1 U 94
96 1 U 95
97 0 U -1
98
0 0 U -1
1 1 U 0
2 0 U 1
3 0 U 2
4 0 U 3
5 0 U 4
6 1 U 4
7 0 U 0
8 1 U 5
9 1 U 8
10 0 U 9
11 0 U 10
12 1 U 11
13 1 U 12
14 0 U 13
15 1 U 14
16 1 U 15
17 0 U 16
18 0 U -1
19 1 U 18
20 0 U 19
21 1 U 13
22 1 U 5
23 0 U 20
24 1 U 23
25 0 U 24
26 1 U 25
27 1 U 26
28 0 U 9
29 1 U 27
30 1 U 29
31 1 U 14
32 0 U 30
33 1 U 18
34 1 U 32
35 0 U 30
36 1 L 26
37 1 U -1
38 1 U 36
39 0 U 37
40 0 U 39
41 0 U 40
42 1 U 41
43 1 U 42
44 1 U 43
45 1 U 44
46 1 U 45
47 0 U 46
48 0 U 47
49 1 U -1
50 0 U 49
51 0 U 40
52 1 U 50
53 0 U 42
54 1 U 52
55 0 U 54
56 0 U 55
57 0 U 56
58 0 U 57
59 0 U 58
60 0 U 59
61 0 U 59
62 1 U 60
63 0 U 62
64 0 U -1
65 0 U 63
66 0 U 64
67 0 U 66
68 1 U 67
69 0 U 68
70 0 U 69
71 1 U 70
72 0 U 60
73 0 U 71
74 0 U 73
75 1 U 62
76 1 U 74
77 0 U 76
78 1 U 77
79 1 U 78
80 1 U -1
81 1 U 80
82 0 U 81
83 0 U 81
84 1 U 82
85 0 U 84
86 0 U 85
87 0 U 86
88 0 U 87
89 0 U 88
90 1 U 89
91 0 U 90
92 1 U 91
93 1 U 91
94 0 U 92
95 1 U 94
96 1 U 95
97 0 U 95
98
0 0 L -1
1 1 U 0
2 0 U 1
3 0 U 2
4 0 U 3
5 0 U 4
6 1 U 4
7 0 U 0
8 1 U 2
9 1 U 5
10 0 U 9
11 0 U 10
12 1 U 11
13 1 U 12
14 0 U 13
15 1 L -1
16 1 U 15
17 0 U 16
18 0 U -1
19 1 U 18
20 0 U 17
21 0 U 9
22 1 U 19
23 0 U 22
24 1 U 23
25 0 U 24
26 1 U 25
27 1 U 26
28 0 U 26
29 1 U 27
30 1 U 29
31 1 U 19
32 1 U 30
33 1 U -1
34 1 U 32
35 1 U 34
36 1 U 34
37 1 U -1
38 1 U 37
39 0 U 38
40 0 U 39
41 0 U 40
42 1 U 41
43 1 U 42
44 1 U 43
45 1 U 44
46 1 U 45
47 1 U 46
48 0 U -1
49 1 U 48
50 0 U 49
51 0 U 40
52 1 U 47
53 0 U 42
54 1 U 50
55 0 U 54
56 0 U 55
57 0 U 56
58 0 U 57
59 0 U 58
60 0 U 59
61 0 U 59
62 0 U 52
63 1 U 60
64 0 U 63
65 0 U 64
66 0 U -1
67 0 U 65
68 1 U 66
69 0 U 68
70 0 U 69
71 1 U 70
72 0 U 60
73 0 U 71
74 0 U 73
75 1 U 74
76 1 U 75
77 0 U 76
78 1 U 77
79 1 U 78
80 1 U -1
81 1 U 80
82 0 U 73
83 0 U 69
84 1 U 81
85 0 U 79
86 0 U 84
87 0 U 86
88 0 U 87
89 0 U 88
90 1 U 89
91 0 U 74
92 1 U 90
93 1 U 92
94 0 U 93
95 1 U 94
96 1 U 95
97 0 U -1
98
0 0 L -1
1 1 U 0
2 0 U 1
3 0 U 2
4 0 U 3
5 0 U 4
6 1 U 4
7 0 U 0
8 1 U 2
9 1 U 5
10 0 U 9
11 0 U 10
12 1 U 11
13 1 U 12
14 0 U 13
15 1 U 14
16 1 U 15
17 0 U 16
18 0 U -1
19 1 U 18
20 0 U 17
21 0 U 9
22 1 U 19
23 0 U 22
24 1 U 23
25 0 U 24
26 1 U 25
27 1 U 26
28 0 U 26
29 1 U 27
30 1 U 29
31 1 U 19
32 1 U 30
33 1 U -1
34 1 U 32
35 1 U 34
36 1 U 34
37 1 U -1
38 1 U 37
39 0 U 38
40 0 U 39
41 0 U 40
42 1 U 41
43 1 U 42
44 1 U 43
45 1 U 44
46 1 U 45
47 1 U 46
48 0 U -1
49 1 U 48
50 0 U 49
51 0 U 40
52 1 U 47
53 0 U 42
54 1 U 50
55 0 U 54
56 0 U 55
57 0 U 56
58 0 U 57
59 0 U 58
60 0 U 59
61 0 U 59
62 0 U 52
63 1 U 60
64 0 U 63
65 0 U 64
66 0 U -1
67 0 U 65
68 1 U 66
69 0 U 68
70 0 U 69
71 1 U 70
72 0 U 60
73 0 U 71
74 0 U 73
75 1 U 74
76 1 U 75
77 0 U 76
78 1 U 77
79 1 U 78
80 1 U -1
81 0 U 80
82 0 U 73
83 0 U 69
84 1 U 81
85 0 U 79
86 0 U 84
87 0 U 86
88 0 U 87
89 0 U 88
90 1 U 89
91 0 U 74
92 1 U 90
93 1 U 92
94 0 U 93
95 1 U 94
96 1 U 95
97 0 U -1
98
0 0 L -1
1 1 U 0
2 0 U 1
3 0 U 2
4 0 U 3
5 1 U 4
6 1 U 4
7 0 U 0
8 1 U 2
9 1 U 5
10 0 U 9
11 0 U 10
12 1 U 11
13 1 U 12
14 0 U 13
15 1 U 14
16 1 U 15
17 0 U 16
18 0 U -1
19 1 U 18
20 0 U 17
21 0 U 9
22 1 U 19
23 0 U 22
24 1 U 23
25 0 U 24
26 1 U 25
27 1 U 26
28 0 U 26
29 1 U 27
30 1 U 29
31 1 U 19
32 1 U 30
33 1 U -1
34 1 U 32
35 1 U 34
36 1 U 34
37 1 U -1
38 1 U 37
39 0 U 38
40 0 U 39
41 0 U 40
42 1 U 41
43 1 U 42
44 1 U 43
45 1 U 44
46 1 U 45
47 1 U 46
48 0 U -1
49 1 U 48
50 0 U 49
51 0 U 40
52 1 U 47
53 0 U 42
54 1 U 50
55 0 U 54
56 0 U 55
57 0 U 56
58 0 U 57
59 0 U 58
60 0 U 59
61 0 U 59
62 0 U 52
63 1 U 60
64 0 U 63
65 0 U 64
66 0 U -1
67 0 U 65
68 1 U 66
69 0 U 68
70 0 U 69
71 1 U 70
72 0 U 60
73 0 U 71
74 0 U 73
75 1 U 74
76 1 U 75
77 0 U 76
78 1 U 77
79 1 U 78
80 1 U -1
81 0 U 80
82 0 U 73
83 0 U 69
84 1 U 81
85 0 U 79
86 0 U 84
87 0 U 86
88 0 U 87
89 0 U 88
90 1 U 89
91 0 U 74
92 1 U 90
93 1 U 92
94 0 U 93
95 1 U 94
96 1 U 95
97 0 U -1
98
0 0 U -1
1 1 U 0
2 0 U 1
3 0 U 2
4 0 U 3
5 0 U 4
6 1 U 4
7 0 U 0
8 1 U 5
9 1 U 8
10 0 U 9
11 0 U 10
12 1 U 11
13 1 U 12
14 0 U 13
15 1 U 14
16 1 U 15
17 0 U 16
18 0 U -1
19 1 U 18
20 0 U 19
21 1 U 13
22 1 U 5
23 0 U 20
24 1 U 23
25 0 U 24
26 1 U 25
27 1 U 26
28 0 U 9
29 1 U 27
30 1 U 29
31 1 U 14
32 0 U 30
33 1 U 18
34 1 U 32
35 1 U 30
36 1 L 26
37 1 U -1
38 1 U 36
39 0 U 37
40 0 U 39
41 0 U 40
42 1 U 41
43 1 U 42
44 1 U 43
45 1 U 44
46 1 U 45
47 0 U 46
48 0 U 47
49 1 U -1
50 0 U 49
51 0 U 40
52 1 U 50
53 0 U 42
54 1 U 52
55 0 U 54
56 0 U 55
57 0 U 56
58 0 U 57
59 0 U 58
60 0 U 59
61 0 U 59
62 1 U 60
63 0 U 62
64 0 U -1
65 0 U 63
66 0 U 64
67 0 U 66
68 1 U 67
69 0 U 68
70 0 U 69
71 1 U 70
72 0 U 60
73 0 U 71
74 1 U 73
75 1 U 62
76 1 U 74
77 0 U 76
78 1 U 77
79 1 U 78
80 1 U -1
81 1 U 80
82 0 U 81
83 0 U 81
84 1 U 82
85 0 U 84
86 0 U 85
87 0 U 86
88 0 U 87
89 0 U 88
90 1 U 89
91 0 U 90
92 1 U 91
93 1 U 91
94 0 U 92
95 1 U 94
96 1 U 95
97 0 U 95
98
0 0 U -1
1 1 U 0
2 0 U 1
3 0 U 2
4 0 U 3
5 0 U 4
6 1 U 4
7 0 U 0
8 1 U 5
9 1 U 8
10 0 U 9
11 0 U 10
12 1 U 11
13 1 U 12
14 0 U 13
15 1 U 14
16 1 U 15
17 0 U 16
18 0 U -1
19 1 U 18
20 0 U 19
21 1 U 13
22 1 U 5
23 0 U 20
24 1 U 23
25 0 U 24
26 1 U 25
27 1 U 26
28 0 U 9
29 1 U 27
30 1 U 29
31 1 U 14
32 0 U 30
33 1 U 18
34 1 U 32
35 1 U 30
36 1 L 26
37 1 U -1
38 1 U 36
39 0 U 37
40 0 U 39
41 0 U 40
42 1 U 41
43 1 U 42
44 1 U 43
45 1 U 44
46 1 U 45
47 0 U 46
48 0 U 47
49 1 U -1
50 0 U 49
51 0 U 40
52 1 U 50
53 0 U 42
54 1 U 52
55 0 U 54
56 0 U 55
57 0 U 56
58 0 U 57
59 0 U 58
60 0 U 59
61 0 U 59
62 1 U 60
63 0 U 62
64 0 U -1
65 0 U 63
66 0 U 64
67 0 U 66
68 1 U 67
69 0 U 68
70 0 U 69
71 1 U 70
72 0 U 60
73 0 U 71
74 0 U 73
75 1 U 62
76 1 U 74
77 0 U 32
78 1 U 77
79 1 U 78
80 1 U -1
81 1 U 80
82 0 U 81
83 0 U 81
84 1 U 82
85 0 U 84
86 0 U 85
87 0 U 86
88 0 U 87
89 0 U 88
90 1 U 89
91 0 U 90
92 1 U 91
93 1 U 91
94 0 U 92
95 1 U 94
96 1 U 95
97 0 U 95
98
0 0 U -1
1 1 U 0
2 0 U 1
3 0 U 2
4 0 U 3
5 0 U 4
6 1 U 4
7 0 U 0
8 1 U 5
9 1 U 8
10 0 U 9
11 0 U 10
12 1 U 11
13 1 U 12
14 0 U 13
15 1 U 14
16 1 U 15
17 0 U 16
18 0 U -1
19 1 U 18
20 0 U 19
21 1 U 13
22 1 U 5
23 0 U 20
24 1 U 23
25 0 U 24
26 1 U 25
27 1 U 26
28 0 U 9
29 1 U 27
30 1 U 29
31 1 U 14
32 0 U 30
33 1 U 18
34 1 U 32
35 1 U 30
36 1 L 26
37 1 U -1
38 1 U 36
39 0 U 37
40 0 U 39
41 0 U 40
42 1 U 41
43 1 U 42
44 1 U 43
45 1 U 44
46 1 U 45
47 0 U 46
48 0 U 47
49 1 U -1
50 0 U 49
51 0 U 40
52 1 U 50
53 0 U 42
54 1 U 52
55 0 U 54
56 0 U 55
57 0 U 56
58 0 U 57
59 0 U 58
60 0 U 59
61 0 U 59
62 1 U 60
63 0 U 62
64 0 U -1
65 0 U 63
66 0 U 64
67 0 U 66
68 1 U 67
69 0 U 68
70 0 U 69
71 1 U 70
72 0 U 60
73 0 U 71
74 0 U 73
75 1 U 62
76 1 U 74
77 0 U 76
78 1 U 77
79 1 U 78
80 1 U -1
81 1 U 80
82 0 U 81
83 1 U 81
84 1 U 82
85 0 U 84
86 0 U 85
87 0 U 86
88 0 U 87
89 0 U 88
90 1 U 89
91 0 U 90
92 1 U 91
93 1 U 91
94 0 U 92
95 1 U 94
96 1 U 95
97 0 U 95
98
0 0 L -1
1 1 U 0
2 0 U 1
3 0 U 2
4 0 U 3
5 0 U 4
6 1 U 4
7 0 U 0
8 1 U 5
9 1 U 8
10 0 U 9
11 0 U 10
12 1 U 11
13 1 U 12
14 0 U 13
15 1 U 14
16 1 U 15
17 0 U -1
18 0 U 17
19 1 U 18
20 0 U 19
21 0 U 5
22 1 U 20
23 0 U 22
24 1 U 23
25 0 U 24
26 1 U 25
27 1 U 26
28 0 U 26
29 1 U 27
30 1 U 29
31 1 U 14
32 1 U 30
33 1 U 30
34 1 U -1
35 1 U 32
36 1 U 27
37 1 U 34
38 1 U 37
39 0 U 38
40 0 U 35
41 0 U 39
42 1 U 41
43 1 U 42
44 1 U 43
45 1 U 44
46 1 U 45
47 1 U -1
48 0 U 47
49 1 U 46
50 1 U 48
51 0 U 39
52 1 U 49
53 0 U 42
54 0 U 48
55 0 U 54
56 0 U 55
57 0 U 56
58 0 U 57
59 0 U 58
60 0 U 59
61 0 U 60
62 0 U 61
63 1 U 62
64 0 U 63
65 0 U 64
66 0 U -1
67 0 U 66
68 1 U 67
69 0 U 68
70 0 U 69
71 1 U 70
72 0 U 62
73 0 U 71
74 0 U 73
75 1 U 74
76 1 U 75
77 0 U 76
78 1 U -1
79 1 U 77
80 1 U 78
81 1 U 80
82 0 U 73
83 0 U 80
84 1 U 81
85 0 U 84
86 0 U 85
87 1 U 86
88 1 U 86
89 0 U 87
90 1 U 89
91 0 U 74
92 1 U 90
93 1 U 92
94 0 U 93
95 1 U 94
96 1 U 95
97 0 U 85
98
0 0 L -1
1 1 U 0
2 0 U 1
3 0 U 2
4 0 U 3
5 0 U 4
6 1 U 4
7 0 U 0
8 0 U 2
9 1 U 5
10 0 U 9
11 0 U 10
12 1 U 11
13 1 U 12
14 0 U 13
15 1 U 14
16 1 U 15
17 0 U 16
18 0 U -1
19 1 U 18
20 0 U 17
21 0 U 9
22 1 U 19
23 0 U 22
24 1 U 23
25 0 U 24
26 1 U 25
27 1 U 26
28 0 U 26
29 1 U 27
30 1 U 29
31 1 U 19
32 1 U 30
33 1 U -1
34 1 U 32
35 1 U 34
36 1 U 34
37 1 U -1
38 1 U 37
39 0 U 38
40 0 U 39
41 0 U 40
42 1 U 41
43 1 U 42
44 1 U 43
45 1 U 44
46 1 U 45
47 1 U 46
48 0 U -1
49 1 U 48
50 0 U 49
51 0 U 40
52 1 U 47
53 0 U 42
54 1 U 50
55 0 U 54
56 0 U 55
57 0 U 56
58 0 U 57
59 0 U 58
60 0 U 59
61 0 U 59
62 0 U 52
63 1 U 60
64 0 U 63
65 0 U 64
66 0 U -1
67 0 U 65
68 1 U 66
69 0 U 68
70 0 U 69
71 1 U 70
72 0 U 60
73 0 U 71
74 0 U 73
75 1 U 74
76 1 U 75
77 0 U 76
78 1 U 77
79 1 U 78
80 1 U -1
81 1 U 80
82 0 U 73
83 0 U 69
84 1 U 81
85 0 U 79
86 0 U 84
87 0 U 86
88 0 U 87
89 0 U 88
90 1 U 89
91 0 U 74
92 1 U 90
93 1 U 92
94 0 U 93
95 1 U 94
96 1 U 95
97 0 U -1
98
0 0 U -1
1 1 U 0
2 0 U 1
3 0 U 2
4 0 U 3
5 0 U 4
6 1 U 4
7 0 U 0
8 1 U 5
9 1 U 8
10 0 U 9
11 0 U 10
12 1 U 11
13 1 U 12
14 0 U 13
15 1 U 14
16 1 U 15
17 0 U 16
18 0 U -1
19 1 U 18
20 0 U 19
21 1 U 13
22 1 U 5
23 0 U 20
24 1 U 23
25 0 U 24
26 1 U 25
27 1 U 26
28 0 U 9
29 1 U 27
30 1 U 29
31 1 U 14
32 0 U 30
33 1 U 18
34 1 U 32
35 1 U 30
36 1 L 26
37 1 U -1
38 1 U 36
39 0 U 37
40 0 U 39
41 0 U 40
42 1 U 41
43 1 U 42
44 1 U 43
45 1 U 44
46 1 U 45
47 0 U 46
48 0 U 47
49 1 U -1
50 0 U 49
51 0 U 40
52 1 U 50
53 0 U 42
54 1 U 52
55 0 U 54
56 0 U 55
57 0 U 56
58 0 U 57
59 0 U 58
60 0 U 59
61 0 U 59
62 1 U 60
63 0 U 62
64 0 U -1
65 0 U 63
66 0 U 64
67 0 U 66
68 1 U 67
69 0 U 68
70 0 U 69
71 1 U 70
72 0 U 60
73 0 U 71
74 1 U 73
75 1 U 62
76 1 U 74
77 0 U 76
78 1 U 77
79 1 U 78
80 1 U -1
81 1 U 80
82 0 U 81
83 0 U 81
84 1 U 82
85 0 U 84
86 0 U 85
87 0 U 86
88 0 U 87
89 0 U 88
90 1 U 89
91 0 U 90
92 1 U 91
93 1 U 91
94 0 U 92
95 1 U 94
96 1 U 95
97 0 U 95
98
0 0 U -1
1 1 U 0
2 0 U 1
3 0 U 2
4 0 U 3
5 0 U 4
6 1 U 4
7 0 U 0
8 1 U 5
9 1 U 8
10 0 U 9
11 0 U 10
12 1 U 11
13 1 U 12
14 0 U 13
15 1 U 14
16 1 U 15
17 0 U 16
18 0 U -1
19 1 U 18
20 0 U 19
21 1 U 13
22 1 U 5
23 0 U 20
24 1 U 23
25 0 U 24
26 1 U 25
27 1 U 26
28 0 U 9
29 1 U 27
30 1 U 29
31 1 U 14
32 0 U 30
33 1 U 18
34 1 U 32
35 1 U 30
36 1 L 26
37 1 U -1
38 1 U 36
39 0 U 37
40 0 U 39
41 0 U 40
42 1 U 41
43 1 U 42
44 1 U 43
45 1 U 44
46 1 U 45
47 0 U 46
48 0 U 47
49 1 U -1
50 0 U 49
51 0 U 40
52 1 U 50
53 0 U 42
54 1 U 52
55 0 U 54
56 0 U 55
57 0 U 56
58 0 U 57
59 0 U 58
60 0 U 59
61 0 U 59
62 1 U 60
63 0 U 62
64 0 U -1
65 0 U 63
66 0 U 64
67 0 U 66
68 1 U 67
69 0 U 68
70 0 U 69
71 1 U 70
72 0 U 60
73 0 U 71
74 0 U 73
75 1 U 62
76 1 U 74
77 0 U 76
78 1 U 77
79 1 U 78
80 1 U -1
81 1 U 80
82 0 U 81
83 0 U 81
84 1 U 82
85 0 U 84
86 0 U 85
87 0 U 86
88 0 U 87
89 0 U 88
90 1 U 71
91 0 U 90
92 1 U 91
93 1 U 91
94 0 U 92
95 1 U 94
96 1 U 95
97 0 U 95
98
0 0 U -1
1 1 U 0
2 0 U 1
3 0 U 2
4 0 U 3
5 0 U 4
6 1 U 4
7 0 U 0
8 1 U 5
9 1 U 8
10 0 U 9
11 0 U 10
12 1 U 11
13 1 U 12
14 0 U 13
15 1 U 14
16 1 U 15
17 0 U 16
18 0 U -1
19 1 U 18
20 0 U 19
21 1 U 13
22 1 U 5
23 0 U 20
24 1 U 23
25 0 U 24
26 1 U 25
27 1 U 26
28 0 U 9
29 1 U 27
30 1 U 29
31 1 U 16
32 0 U 30
33 1 U 18
34 1 U 32
35 1 U 30
36 1 L 26
37 1 U -1
38 1 U 36
39 0 U 37
40 0 U 39
41 0 U 40
42 1 U 41
43 1 U 42
44 1 U 43
45 1 U 44
46 1 U 45
47 0 U 46
48 0 U 47
49 1 U -1
50 0 U 49
51 0 U 40
52 1 U 50
53 0 U 42
54 1 U 52
55 0 U 54
56 0 U 55
57 0 U 56
58 0 U 57
59 0 U 58
60 0 U 59
61 0 U 59
62 1 U 60
63 0 U 62
64 0 U -1
65 0 U 63
66 0 U 64
67 0 U 66
68 1 U 67
69 0 U 68
70 0 U 69
71 1 U 70
72 0 U 60
73 0 U 71
74 0 U 73
75 1 U 62
76 1 U 74
77 0 U 76
78 1 U 77
79 1 U 78
80 1 U -1
81 1 U 80
82 0 U 81
83 0 U 81
84 1 U 82
85 0 U 84
86 0 U 85
87 0 U 86
88 0 U 87
89 0 U 88
90 1 U 89
91 0 U 90
92 1 U 91
93 1 U 91
94 0 U 92
95 1 U 94
96 1 U 95
97 0 U 95
98
0 0 U -1
1 1 U 0
2 0 U 1
3 0 U 2
4 0 U 3
5 0 U 4
6 1 U 4
7 0 U 0
8 1 U 5
9 1 U 8
10 0 U 9
11 0 U 10
12 1 U 11
13 1 U 12
14 0 U 13
15 1 U 14
16 1 U 15
17 0 U -1
18 0 U 17
19 0 U 18
20 0 U 19
21 0 U 5
22 1 U 20
23 0 U 22
24 1 U 23
25 0 U 24
26 1 U 25
27 1 U 26
28 0 U 26
29 1 U 27
30 1 U 29
31 1 U 14
32 1 U 30
33 1 U 30
34 1 U -1
35 1 U 32
36 1 U 27
37 1 U 34
38 1 U 37
39 0 U 38
40 0 U 35
41 0 U 39
42 1 U 41
43 1 U 42
44 1 U 43
45 1 U 44
46 1 U 45
47 1 U -1
48 0 U 47
49 1 U 46
50 1 U 48
51 0 U 39
52 1 U 49
53 0 U 42
54 0 U 48
55 0 U 54
56 0 U 55
57 0 U 56
58 0 U 57
59 0 U 58
60 0 U 59
61 0 U 60
62 0 U 61
63 1 U 62
64 0 U 63
65 0 U 64
66 0 U -1
67 0 U 66
68 1 U 67
69 0 U 68
70 0 U 69
71 1 U 70
72 0 U 62
73 0 U 71
74 0 U 73
75 1 U 74
76 1 U 75
77 0 U 76
78 1 U -1
79 1 U 77
80 1 U 78
81 1 U 80
82 0 U 73
83 0 U 80
84 1 U 81
85 0 U 84
86 0 U 85
87 1 U 86
88 1 U 86
89 0 U 87
90 1 U 89
91 0 U 74
92 1 U 90
93 1 U 92
94 0 U 93
95 1 U 94
96 1 U 95
97 0 U 85
98
0 0 U -1
1 1 U 0
2 0 U 1
3 0 U 2
4 0 U 3
5 0 U 4
6 1 U 4
7 0 U 0
8 1 U 5
9 1 U 8
10 0 U 9
11 0 U 10
12 1 U 11
13 1 U 12
14 0 U 13
15 1 U 14
16 1 U 15
17 0 U 16
18 0 U -1
19 1 U 18
20 0 U 19
21 1 U 13
22 1 U 5
23 0 U 20
24 1 U 23
25 0 U 24
26 1 U 25
27 1 U 26
28 0 U 9
29 1 U 27
30 1 U 29
31 1 U 14
32 0 U 30
33 1 U 18
34 0 U 32
35 1 U 30
36 1 L 26
37 1 U -1
38 1 U 36
39 0 U 37
40 0 U 39
41 0 U 40
42 1 U 41
43 1 U 42
44 1 U 43
45 1 U 44
46 1 U 45
47 0 U 46
48 0 U 47
49 1 U -1
50 0 U 49
51 0 U 40
52 1 U 50
53 0 U 42
54 1 U 52
55 0 U 54
56 0 U 55
57 0 U 56
58 0 U 57
59 0 U 58
60 0 U 59
61 0 U 59
62 1 U 60
63 0 U 62
64 0 U -1
65 0 U 63
66 0 U 64
67 0 U 66
68 1 U 67
69 0 U 68
70 0 U 69
71 1 U 70
72 0 U 60
73 0 U 71
74 0 U 73
75 1 U 62
76 1 U 74
77 0 U 76
78 1 U 77
79 1 U 78
80 1 U -1
81 1 U 80
82 0 U 81
83 0 U 81
84 1 U 82
85 0 U 84
86 0 U 85
87 0 U 86
88 0 U 87
89 0 U 88
90 1 U 89
91 0 U 90
92 1 U 91
93 1 U 91
94 0 U 92
95 1 U 94
96 1 U 95
97 0 U 95
98
0 0 U -1
1 1 U 0
2 0 U 1
3 0 U 2
4 0 U 3
5 0 U 4
6 1 U 4
7 1 U 0
8 1 U 5
9 1 U 8
10 0 U 9
11 0 U 10
12 1 U 11
13 1 U 12
14 0 U 13
15 1 U 14
16 1 U 15
17 0 U -1
18 0 U 17
19 1 U 18
20 0 U 19
21 0 U 5
22 1 U 20
23 0 U 22
24 1 U 23
25 0 U 24
26 1 U 25
27 1 U 26
28 0 U 26
29 1 U 27
30 1 U 29
31 1 U 14
32 1 U 30
33 1 U 30
34 1 U -1
35 1 U 32
36 1 U 27
37 1 U 34
38 1 U 37
39 0 U 38
40 0 U 35
41 0 U 39
42 1 U 41
43 1 U 42
44 1 U 43
45 1 U 44
46 1 U 45
47 1 U -1
48 0 U 47
49 1 U 46
50 1 U 48
51 0 U 39
52 1 U 49
53 0 U 42
54 0 U 48
55 0 U 54
56 0 U 55
57 0 U 56
58 0 U 57
59 0 U 58
60 0 U 59
61 0 U 60
62 0 U 61
63 1 U 62
64 0 U 63
65 0 U 64
66 0 U -1
67 0 U 66
68 1 U 67
69 0 U 68
70 0 U 69
71 1 U 70
72 0 U 62
73 0 U 71
74 0 U 73
75 1 U 74
76 1 U 75
77 0 U 76
78 1 U -1
79 1 U 77
80 1 U 78
81 1 U 80
82 0 U 73
83 0 U 80
84 1 U 81
85 0 U 84
86 0 U 85
87 1 U 86
88 1 U 86
89 0 U 87
90 1 U 89
91 0 U 74
92 1 U 90
93 1 U 92
94 0 U 93
95 1 U 94
96 1 U 95
97 0 U 85
98
0 0 L -1
1 1 U 0
2 0 U 1
3 0 U 2
4 0 U 3
5 0 U 4
6 1 U 4
7 0 U 0
8 0 U 2
9 1 U 5
10 0 U 9
11 0 U 10
12 1 U 11
13 1 U 12
14 0 U 13
15 1 U 14
16 1 U 15
17 0 U 16
18 0 U -1
19 1 U 18
20 0 U 17
21 0 U 9
22 1 U 19
23 0 U 22
24 1 U 23
25 0 U 24
26 1 U 25
27 1 U 26
28 0 U 26
29 1 U 27
30 1 U 29
31 1 U 19
32 1 U 30
33 1 U -1
34 1 U 32
35 1 U 34
36 1 U 34
37 1 U -1
38 1 U 37
39 0 U 38
40 0 U 39
41 0 U 40
42 1 U 41
43 1 U 42
44 1 U 43
45 1 U 44
46 1 U 45
47 1 U 46
48 0 U -1
49 1 U 48
50 0 U 49
51 0 U 40
52 1 U 47
53 0 U 42
54 1 U 50
55 0 U 54
56 0 U 55
57 0 U 56
58 0 U 57
59 0 U 58
60 0 U 59
61 0 U 59
62 0 U 52
63 1 U 60
64 0 U 63
65 0 U 64
66 0 U -1
67 0 U 65
68 1 U 66
69 0 U 68
70 0 U 69
71 1 U 70
72 0 U 60
73 0 U 71
74 0 U 73
75 1 U 74
76 1 U 75
77 0 U 76
78 1 U 77
79 1 U 78
80 1 U -1
81 1 U 80
82 0 U 73
83 0 U 69
84 1 U 81
85 0 U 79
86 0 U 84
87 0 U 86
88 0 U 87
89 0 U 88
90 1 U 89
91 0 U 74
92 1 U 90
93 1 U 92
94 0 U 93
95 1 U 94
96 1 U 95
97 0 U -1
98
0 0 L -1
1 1 U 0
2 0 U 1
3 0 U 2
4 0 U 3
5 0 U 4
6 1 U 4
7 0 U 0
8 0 U 2
9 1 U 5
10 0 U 9
11 0 U 10
12 1 U 11
13 1 U 12
14 0 U 13
15 1 U 14
16 1 U 15
17 0 U 16
18 0 U -1
19 1 U 18
20 0 U 17
21 0 U 9
22 1 U 19
23 0 U 22
24 1 U 23
25 0 U 24
26 1 U 25
27 1 U 26
28 0 U 24
29 1 U 27
30 1 U 29
31 1 U 19
32 1 U 30
33 1 U -1
34 1 U 32
35 1 U 34
36 1 U 34
37 1 U -1
38 1 U 37
39 0 U 38
40 0 U 39
41 0 U 40
42 1 U 41
43 1 U 42
44 1 U 43
45 1 U 44
46 1 U 45
47 1 U 46
48 0 U -1
49 1 U 48
50 0 U 49
51 0 U 40
52 1 U 47
53 0 U 42
54 1 U 50
55 0 U 54
56 0 U 55
57 0 U 56
58 0 U 57
59 0 U 58
60 0 U 59
61 0 U 59
62 0 U 52
63 1 U 60
64 0 U 63
65 0 U 64
66 0 U -1
67 0 U 65
68 1 U 66
69 0 U 68
70 0 U 69
71 1 U 70
72 0 U 60
73 0 U 71
74 0 U 73
75 1 U 74
76 1 U 75
77 0 U 76
78 1 U 77
79 1 U 78
80 1 U -1
81 1 U 80
82 0 U 73
83 0 U 69
84 1 U 81
85 0 U 79
86 0 U 84
87 0 U 86
88 0 U 87
89 0 U 88
90 1 U 89
91 0 U 74
92 1 U 90
93 1 U 92
94 0 U 93
95 1 U 94
96 1 U 95
97 0 U -1
98
0 0 U -1
1 1 U 0
2 0 U 1
3 0 U 2
4 0 U 3
5 0 L -1
6 1 U 4
7 0 U 0
8 1 U 5
9 1 U 8
10 0 U 9
11 0 U 10
12 1 U 11
13 1 U 12
14 0 U 13
15 1 U 14
16 1 U 15
17 0 U -1
18 0 U 17
19 1 U 18
20 0 U 19
21 0 U 5
22 1 U 20
23 0 U 22
24 1 U 23
25 0 U 24
26 1 U 25
27 1 U 26
28 0 U 26
29 1 U 27
30 1 U 29
31 1 U 14
32 1 U 30
33 1 U 30
34 1 U -1
35 1 U 32
36 1 U 27
37 1 U 34
38 1 U 37
39 0 U 38
40 0 U 35
41 0 U 39
42 1 U 41
43 1 U 42
44 1 U 43
45 1 U 44
46 1 U 45
47 1 U -1
48 0 U 47
49 1 U 46
50 1 U 48
51 0 U 39
52 1 U 49
53 0 U 42
54 0 U 48
55 0 U 54
56 0 U 55
57 0 U 56
58 0 U 57
59 0 U 58
60 0 U 59
61 0 U 60
62 0 U 61
63 1 U 62
64 0 U 63
65 0 U 64
66 0 U -1
67 0 U 66
68 1 U 67
69 0 U 68
70 0 U 69
71 1 U 70
72 0 U 62
73 0 U 71
74 0 U 73
75 1 U 74
76 1 U 75
77 0 U 76
78 1 U -1
79 1 U 77
80 1 U 78
81 1 U 80
82 0 U 73
83 0 U 80
84 1 U 81
85 0 U 84
86 0 U 85
87 1 U 86
88 1 U 86
89 0 U 87
90 1 U 89
91 0 U 74
92 1 U 90
93 1 U 92
94 0 U 93
95 1 U 94
96 1 U 95
97 0 U 85
98
0 0 U -1
1 1 U 0
2 0 U 1
3 0 U 2
4 0 U 3
5 0 U 4
6 1 U 4
7 0 U 0
8 1 U 5
9 1 U 8
10 0 U 9
11 0 U 10
12 1 U 11
13 1 U 12
14 0 U 13
15 1 U 14
16 1 U 15
17 0 U -1
18 0 U 17
19 1 U 18
20 0 U 19
21 0 U 5
22 1 U 20
23 0 U 22
24 1 U 23
25 0 U 24
26 1 U 25
27 1 U 26
28 0 U 26
29 1 U 27
30 1 U 29
31 1 U 14
32 1 U 30
33 1 U 30
34 1 U -1
35 1 U 32
36 1 U 27
37 1 U 34
38 1 U 37
39 0 U 38
40 0 U 35
41 0 U 39
42 1 U 41
43 1 U 42
44 1 U 43
45 1 U 44
46 1 U 45
47 1 U -1
48 0 U 47
49 1 U 46
50 1 U 48
51 0 U 39
52 1 U 49
53 0 U 42
54 0 U 48
55 0 U 54
56 0 U 55
57 0 U 56
58 0 U 57
59 0 U 58
60 0 U 59
61 0 U 60
62 0 U 61
63 1 U 62
64 0 U 63
65 0 U 64
66 0 U -1
67 0 U 66
68 1 U 67
69 0 U 68
70 1 U 69
71 1 U 70
72 0 U 62
73 0 U 71
74 0 U 73
75 1 U 74
76 1 U 75
77 0 U 76
78 1 U -1
79 1 U 77
80 1 U 78
81 1 U 80
82 0 U 73
83 0 U 80
84 1 U 81
85 0 U 84
86 0 U 85
87 1 U 86
88 1 U 86
89 0 U 87
90 1 U 89
91 0 U 74
92 1 U 90
93 1 U 92
94 0 U 93
95 1 U 94
96 1 U 95
97 0 U 85
98
0 0 U -1
1 1 U 0
2 0 U 1
3 0 U 2
4 0 U 3
5 0 U 4
6 1 U 4
7 0 U 0
8 1 U 5
9 1 U 8
10 0 U 9
11 0 U 10
12 1 U 11
13 1 U 12
14 0 U 13
15 1 U 14
16 1 U 15
17 0 U 16
18 0 U -1
19 1 U 18
20 0 U 19
21 1 U 13
22 1 U 5
23 0 U 20
24 1 U 23
25 0 U 24
26 1 U 25
27 1 U 26
28 0 U 9
29 1 U 27
30 1 U 29
31 1 U 14
32 0 U 30
33 1 U 18
34 1 U 32
35 1 U 30
36 1 L 26
37 1 U -1
38 1 U 36
39 0 U 37
40 0 U 39
41 0 U 40
42 1 U 41
43 1 U 42
44 1 U 43
45 1 U 44
46 1 U 45
47 0 U 46
48 0 U 47
49 1 U -1
50 0 U 49
51 0 U 40
52 1 U 50
53 0 U 42
54 1 U 52
55 0 U 54
56 0 U 55
57 0 U 56
58 0 U 57
59 0 U 58
60 0 U 59
61 0 U 59
62 1 U 60
63 0 U 62
64 0 U -1
65 0 U 63
66 0 U 64
67 0 U 66
68 1 U 67
69 0 U 68
70 0 U 69
71 1 U 70
72 0 U 60
73 0 U 71
74 0 U 73
75 1 U 62
76 1 U 74
77 0 U 76
78 1 U 77
79 1 U 78
80 1 U -1
81 0 U 80
82 0 U 81
83 0 U 81
84 1 U 82
85 0 U 84
86 0 U 85
87 0 U 86
88 0 U 87
89 0 U 88
90 1 U 89
91 0 U 90
92 1 U 91
93 1 U 91
94 0 U 92
95 1 U 94
96 1 U 95
97 0 U 95
98
0 0 U -1
1 1 U 0
2 0 U 1
3 0 U 2
4 0 U 3
5 0 U 4
6 1 U 4
7 0 U 0
8 1 U 5
9 1 U 8
10 0 U 9
11 0 U 10
12 1 U 11
13 1 U 12
14 0 U 13
15 1 U 14
16 1 U 15
17 0 U 16
18 0 U -1
19 1 U 18
20 0 U 19
21 1 U 13
22 1 U 5
23 0 U 20
24 1 U 23
25 0 U 24
26 1 U 25
27 1 U 26
28 0 U 9
29 1 U 27
30 1 U 29
31 1 U 14
32 0 U 11
33 1 U 18
34 1 U 32
35 1 U 30
36 1 L 26
37 1 U -1
38 1 U 36
39 0 U 37
40 0 U 39
41 0 U 40
42 1 U 41
43 1 U 42
44 1 U 43
45 1 U 44
46 1 U 45
47 0 U 46
48 0 U 47
49 1 U -1
50 0 U 49
51 0 U 40
52 1 U 50
53 0 U 42
54 1 U 52
55 0 U 54
56 0 U 55
57 0 U 56
58 0 U 57
59 0 U 58
60 0 U 59
61 0 U 59
62 1 U 60
63 0 U 62
64 0 U -1
65 0 U 63
66 0 U 64
67 0 U 66
68 1 U 67
69 0 U 68
70 0 U 69
71 1 U 70
72 0 U 60
73 0 U 71
74 0 U 73
75 1 U 62
76 1 U 74
77 0 U 76
78 1 U 77
79 1 U 78
80 1 U -1
81 1 U 80
82 0 U 81
83 0 U 81
84 1 U 82
85 0 U 84
86 0 U 85
87 0 U 86
88 0 U 87
89 0 U 88
90 1 U 89
91 0 U 90
92 1 U 91
93 1 U 91
94 0 U 92
95 1 U 94
96 1 U 95
97 0 U 95
98
0 0 L -1
1 1 U 0
2 0 U 1
3 0 U 2
4 0 U 3
5 0 U 4
6 1 U 4
7 0 U 0
8 1 U 2
9 1 U 5
10 0 U 9
11 0 U 10
12 1 U 11
13 1 U 12
14 0 U 13
15 1 U 14
16 1 U 15
17 0 U 16
18 0 U -1
19 1 U 18
20 0 U 17
21 0 U 9
22 1 U 19
23 0 U 22
24 1 U 23
25 0 U 24
26 1 U 25
27 1 U 26
28 0 U 26
29 1 U 27
30 1 U 29
31 1 U 19
32 1 U 30
33 1 U -1
34 1 U 32
35 1 U 34
36 1 U 34
37 1 U -1
38 1 U 37
39 0 U 38
40 0 U 39
41 0 U 40
42 1 U 41
43 1 U 42
44 1 U 43
45 1 U 44
46 1 U 45
47 1 U 46
48 0 U -1
49 1 U 48
50 0 U 49
51 0 U 40
52 1 U 47
53 0 U 42
54 1 U 50
55 0 U 54
56 0 U 55
57 0 U 56
58 0 U 57
59 0 U 58
60 0 U 59
61 0 U 59
62 0 U 52
63 1 U 60
64 0 U 63
65 0 U 64
66 0 U -1
67 0 U 65
68 1 U 66
69 0 U 68
70 0 U 69
71 1 U 70
72 0 U 60
73 0 U 71
74 0 U 73
75 1 U 74
76 1 U 75
77 0 U 76
78 1 U 77
79 1 U 78
80 1 U -1
81 1 U 80
82 0 U 73
83 0 U 69
84 1 U 81
85 0 U 79
86 0 U 84
87 0 U 86
88 0 U 87
89 0 U 88
90 1 U 89
91 0 U 74
92 1 U 73
93 1 U 92
94 0 U 93
95 1 U 94
96 1 U 95
97 0 U -1
98
0 0 L -1
1 1 U 0
2 0 U 1
3 0 U 2
4 0 U 3
5 0 U 4
6 1 U 4
7 0 U 0
8 1 U 2
9 1 U 5
10 0 U 9
11 0 U 10
12 1 U 11
13 1 U 12
14 0 U 13
15 1 U 14
16 1 U 15
17 0 U 16
18 0 U -1
19 1 U 18
20 0 U 17
21 0 U 9
22 1 U 19
23 0 U 22
24 1 U 23
25 0 U 24
26 1 U 25
27 1 U 26
28 0 U 26
29 1 U 27
30 1 U 29
31 1 U 19
32 1 U 30
33 1 U -1
34 1 U 32
35 1 U 34
36 1 U 34
37 1 U -1
38 1 U 37
39 0 U 38
40 0 U 39
41 0 U 40
42 1 U 41
43 1 U 42
44 1 U 43
45 1 U 44
46 1 U 45
47 1 U 46
48 0 U -1
49 1 U 48
50 0 U 49
51 0 U 40
52 1 U 47
53 0 U 42
54 1 U 50
55 0 U 54
56 0 U 55
57 0 U 56
58 0 U 57
59 0 U 58
60 0 U 59
61 0 U 59
62 0 U 52
63 1 U 60
64 0 U 63
65 0 U 64
66 0 U -1
67 0 U 65
68 1 U 66
69 0 U 68
70 0 U 69
71 1 U 70
72 0 U 60
73 0 U 71
74 0 U 73
75 1 U 74
76 1 U 75
77 0 U 76
78 1 U 77
79 1 U 78
80 1 U -1
81 1 U 80
82 0 U 73
83 0 U 69
84 1 U 81
85 0 U 79
86 0 U 84
87 0 U 86
88 0 U 87
89 0 U 88
90 1 U 89
91 0 U 74
92 0 U 73
93 1 U 92
94 0 U 93
95 1 U 94
96 1 U 95
97 0 U -1
98
0 0 L -1
1 1 U 0
2 0 U 1
3 0 U 2
4 0 U 3
5 0 U 4
6 1 U 4
7 0 U 0
8 1 U 2
9 1 U 5
10 0 U 9
11 0 U 10
12 1 U 11
13 1 U 12
14 0 U 13
15 1 U 14
16 1 U 15
17 0 U 16
18 0 U -1
19 1 U 18
20 0 U 17
21 0 U 9
22 1 U 19
23 0 U 22
24 1 U 23
25 0 U 24
26 1 U 25
27 1 U 26
28 0 U 26
29 1 U 27
30 1 U 29
31 1 U 19
32 1 U 30
33 1 U -1
34 1 U 32
35 1 U 34
36 1 U 34
37 1 U -1
38 1 U 37
39 0 U 38
40 0 U 39
41 0 U 40
42 1 U 41
43 1 U 42
44 1 U 43
45 1 U 44
46 1 U 45
47 1 U 46
48 0 U -1
49 1 U 48
50 0 U 49
51 0 U 40
52 1 U 47
53 0 U 42
54 1 U 50
55 0 U 54
56 0 U 55
57 0 U 56
58 0 U 57
59 0 U 58
60 0 U 59
61 0 U 59
62 0 U 52
63 1 U 60
64 0 U 63
65 0 U 64
66 0 U -1
67 0 U 65
68 1 U 66
69 0 U 68
70 0 U 69
71 1 U 70
72 0 U 60
73 0 U 71
74 0 U 73
75 1 U 74
76 1 U 75
77 0 U 76
78 1 U 77
79 1 U 78
80 1 U -1
81 0 U 80
82 0 U 73
83 0 U 69
84 1 U 81
85 0 U 79
86 0 U 84
87 0 U 86
88 0 U 87
89 0 U 88
90 1 U 89
91 0 U 74
92 0 U 73
93 1 U 92
94 0 U 93
95 1 U 94
96 1 U 95
97 0 U -1
98
0 0 L -1
1 1 U 0
2 0 U 1
3 0 U 2
4 0 U 3
5 0 U 4
6 1 U 4
7 0 U 0
8 1 U 2
9 1 U 5
10 0 U 9
11 0 U 10
12 1 U 11
13 1 U 12
14 0 U 13
15 1 U 14
16 1 U 15
17 0 U 16
18 0 U -1
19 1 U 18
20 0 U 17
21 0 U 9
22 1 L 8
23 0 U 22
24 1 U 23
25 0 U 24
26 1 U 25
27 1 U 26
28 0 U 26
29 1 U 27
30 1 U 29
31 1 U 19
32 1 U 30
33 1 U -1
34 1 U 32
35 1 U 34
36 1 U 34
37 1 U -1
38 1 U 37
39 0 U 38
40 0 U 39
41 0 U 40
42 1 U 41
43 1 U 42
44 1 U 43
45 1 U 44
46 1 U 45
47 1 U 46
48 0 U -1
49 1 U 48
50 0 U 49
51 0 U 40
52 1 U 47
53 0 U 42
54 1 U 50
55 0 U 54
56 0 U 55
57 0 U 56
58 0 U 57
59 0 U 58
60 0 U 59
61 0 U 59
62 0 U 52
63 1 U 60
64 0 U 63
65 0 U 64
66 0 U -1
67 0 U 65
68 1 U 66
69 0 U 68
70 0 U 69
71 1 U 70
72 0 U 60
73 0 U 71
74 0 U 73
75 1 U 74
76 1 U 75
77 0 U 76
78 1 U 77
79 1 U 78
80 1 U -1
81 1 U 80
82 0 U 73
83 0 U 69
84 1 U 81
85 0 U 79
86 0 U 84
87 0 U 86
88 0 U 87
89 0 U 88
90 1 U 89
91 0 U 74
92 1 U 90
93 1 U 92
94 0 U 93
95 1 U 94
96 1 U 95
97 0 U -1
98
0 0 U -1
1 1 U 0
2 0 U 1
3 0 U 2
4 0 U 3
5 0 U 4
6 1 U 4
7 0 U 0
8 1 U 5
9 1 U 8
10 0 U 9
11 0 U 10
12 1 U 11
13 1 U 12
14 0 U 13
15 1 U 14
16 1 U 15
17 0 U -1
18 0 U 17
19 1 U 18
20 0 U 19
21 0 U 5
22 1 U 20
23 0 U 22
24 1 U 23
25 0 U 24
26 1 U 25
27 1 U 26
28 0 U 13
29 1 U 27
30 1 U 29
31 1 U 14
32 1 U 30
33 1 U 30
34 1 U -1
35 1 U 32
36 1 U 27
37 1 U 34
38 1 U 37
39 0 U 38
40 0 U 35
41 0 U 39
42 1 U 41
43 1 U 42
44 1 U 43
45 1 U 44
46 1 U 45
47 1 U -1
48 0 U 47
49 1 U 46
50 1 U 48
51 0 U 39
52 1 U 49
53 0 U 42
54 0 U 48
55 0 U 54
56 0 U 55
57 0 U 56
58 0 U 57
59 0 U 58
60 0 U 59
61 0 U 60
62 0 U 61
63 1 U 62
64 0 U 63
65 0 U 64
66 0 U -1
67 0 U 66
68 1 U 67
69 0 U 68
70 0 U 69
71 1 U 70
72 0 U 62
73 0 U 71
74 0 U 73
75 1 U 74
76 1 U 75
77 0 U 76
78 1 U -1
79 1 U 77
80 1 U 78
81 1 U 80
82 0 U 73
83 0 U 80
84 1 U 81
85 0 U 84
86 0 U 85
87 1 U 86
88 1 U 86
89 0 U 87
90 1 U 89
91 0 U 74
92 1 U 90
93 1 U 92
94 0 U 93
95 1 U 94
96 1 U 95
97 0 U 85
98
0 0 U -1
1 1 U 0
2 0 U 1
3 0 U 2
4 0 U 3
5 0 U 4
6 1 U 4
7 0 U 0
8 1 U 5
9 1 U 8
10 0 U 9
11 0 U 10
12 1 U 11
13 1 U 12
14 0 U 13
15 1 U 14
16 1 U 15
17 0 U -1
18 0 U 17
19 1 U 18
20 0 U 19
21 0 U 5
22 1 U 20
23 0 U 22
24 1 U 23
25 0 U 24
26 1 U 25
27 1 U 26
28 0 U 13
29 1 U 27
30 1 U 29
31 1 U 14
32 1 U 30
33 1 U 30
34 1 U -1
35 1 U 32
36 1 U 27
37 1 U 34
38 1 U 37
39 1 U 38
40 0 U 35
41 0 U 39
42 1 U 41
43 1 U 42
44 1 U 43
45 1 U 44
46 1 U 45
47 1 U -1
48 0 U 47
49 1 U 46
50 1 U 48
51 0 U 39
52 1 U 49
53 0 U 42
54 0 U 48
55 0 U 54
56 0 U 55
57 0 U 56
58 0 U 57
59 0 U 58
60 0 U 59
61 0 U 60
62 0 U 61
63 1 U 62
64 0 U 63
65 0 U 64
66 0 U -1
67 0 U 66
68 1 U 67
69 0 U 68
70 0 U 69
71 1 U 70
72 0 U 62
73 0 U 71
74 0 U 73
75 1 U 74
76 1 U 75
77 0 U 76
78 1 U -1
79 1 U 77
80 1 U 78
81 1 U 80
82 0 U 73
83 0 U 80
84 1 U 81
85 0 U 84
86 0 U 85
87 1 U 86
88 1 U 86
89 0 U 87
90 1 U 89
91 0 U 74
92 1 U 90
93 1 U 92
94 0 U 93
95 1 U 94
96 1 U 95
97 0 U 85
98
0 0 U -1
1 1 U 0
2 0 U 1
3 0 U 2
4 0 U 3
5 0 U 4
6 1 U 4
7 0 U 0
8 1 U 5
9 1 U 8
10 0 U 9
11 0 U 10
12 1 U 11
13 1 U 12
14 0 U 13
15 1 U 14
16 1 U 15
17 0 U 16
18 0 U -1
19 1 U 18
20 0 U 19
21 1 U 13
22 1 U 5
23 0 U 20
24 1 U 23
25 0 U 24
26 1 U 25
27 1 U 26
28 0 U 9
29 1 U 27
30 1 U 29
31 1 U 14
32 0 U 30
33 1 U 18
34 1 U 32
35 1 U 30
36 1 L 26
37 1 U -1
38 1 U 36
39 0 U 37
40 0 U 39
41 0 U 40
42 1 U 41
43 1 U 42
44 1 U 43
45 1 U 44
46 1 U 45
47 0 U 46
48 0 U 47
49 1 U -1
50 0 U 49
51 1 U 40
52 1 U 50
53 0 U 42
54 1 U 52
55 0 U 54
56 0 U 55
57 0 U 56
58 0 U 57
59 0 U 58
60 0 U 59
61 0 U 59
62 1 U 60
63 0 U 62
64 0 U -1
65 0 U 63
66 0 U 64
67 0 U 66
68 1 U 67
69 0 U 68
70 0 U 69
71 1 U 70
72 0 U 60
73 0 U 71
74 0 U 73
75 1 U 62
76 1 U 74
77 0 U 76
78 1 U 77
79 1 U 78
80 1 U -1
81 1 U 80
82 0 U 81
83 0 U 81
84 1 U 82
85 0 U 84
86 0 U 85
87 0 U 86
88 0 U 87
89 0 U 88
90 1 U 89
91 0 U 90
92 1 U 91
93 1 U 91
94 0 U 92
95 1 U 94
96 1 U 95
97 0 U 95
