58
0 0 U -1
1 1 U 0
2 0 U 1
3 0 U 2
4 1 U 2
5 0 U 4
6 1 U 5
7 1 U 6
8 0 U 7
9 1 U 8
10 1 U 9
11 0 U -1
12 0 U -1
13 0 U 11
14 0 U 13
15 0 U 14
16 1 U 10
17 1 U 15
18 0 U 17
19 0 U 18
20 1 U 19
21 0 U 20
22 1 U 21
23 0 U 22
24 0 U -1
25 1 U 15
26 1 U 24
27 0 U 26
28 0 U 27
29 0 U 28
30 1 U 29
31 1 U 30
32 0 U 31
33 0 U 32
34 0 U 33
35 1 U -1
36 1 U 35
37 0 U 34
38 1 U 36
39 1 U 38
40 1 U 39
41 1 U 40
42 0 U 41
43 0 U 42
44 0 U 43
45 0 U -1
46 1 U -1
47 0 U 36
48 1 U 45
49 0 U 48
50 1 U 49
51 0 U 50
52 1 U 51
53 0 U 48
54 1 U 52
55 1 U 54
56 1 U 55
57 1 U 56
58
0 0 U -1
1 1 U 0
2 0 U 1
3 1 U 2
4 0 U 3
5 0 U 4
6 1 U 5
7 1 U 6
8 0 U 7
9 1 U 8
10 1 U 9
11 1 U -1
12 1 U 10
13 0 U 11
14 0 U 13
15 0 U 14
16 1 U 15
17 1 U 16
18 0 U 17
19 0 U 18
20 1 U 19
21 0 U 12
22 1 U 20
23 0 U 22
24 0 U -1
25 1 U 13
26 1 U 24
27 0 U 26
28 0 U 27
29 0 U 28
30 1 U 29
31 1 U 30
32 0 U 31
33 0 U 32
34 0 U 33
35 1 U -1
36 1 U 35
37 0 U 34
38 1 U 36
39 1 U 38
40 1 U 39
41 1 U 40
42 0 U 41
43 0 U 42
44 0 U 43
45 0 U -1
46 1 U -1
47 0 U 36
48 1 U 45
49 0 U 48
50 1 U 49
51 0 U 50
52 1 U 51
53 0 U 51
54 1 U 52
55 1 U 54
56 1 U 55
57 1 U 56
58
0 0 U -1
1 1 U 0
2 0 U 1
3 1 U 2
4 0 U 3
5 0 U 4
6 1 U 5
7 1 U 6
8 0 U 7
9 1 U 8
10 1 U 9
11 1 U -1
12 1 U 10
13 0 U 11
14 0 U 13
15 0 U 14
16 1 U 15
17 1 U 16
18 0 U 17
19 0 U 18
20 1 U 19
21 0 U 12
22 1 U 20
23 0 U 22
24 0 U -1
25 1 U 13
26 1 U 24
27 0 U 26
28 0 U 27
29 0 U 28
30 1 U 29
31 1 U 30
32 0 U 31
33 0 U 32
34 0 U 33
35 1 U -1
36 1 U 35
37 0 U 34
38 1 U 36
39 1 U 38
40 1 U 39
41 1 U 40
42 0 U 41
43 0 U 42
44 0 U 43
45 0 U -1
46 1 U 40
47 0 U 36
48 1 U 45
49 0 U 48
50 1 U 49
51 0 U 50
52 1 U 51
53 0 U 51
54 1 U 52
55 1 U 54
56 1 U 55
57 1 U 56
58
0 0 U -1
1 1 U 0
2 0 U 1
3 1 U 2
4 0 U 3
5 0 U 4
6 1 U 5
7 1 U 6
8 0 U 7
9 1 U 8
10 1 U 9
11 1 U -1
12 1 U 10
13 0 U 11
14 0 U 13
15 0 U 14
16 1 U 15
17 1 U 16
18 0 U 17
19 0 U 18
20 1 U 19
21 0 U 12
22 0 U 20
23 0 U -1
24 0 U 22
25 1 U 16
26 1 U 24
27 0 U 23
28 0 U 27
29 0 U 28
30 1 U 29
31 1 U 30
32 0 U 31
33 0 U 32
34 0 U 33
35 1 U -1
36 1 U 35
37 0 U 34
38 1 U 36
39 1 U 38
40 1 U 39
41 1 U 40
42 0 U 41
43 0 U 42
44 0 U 43
45 0 U -1
46 1 U -1
47 0 U 36
48 1 U 45
49 0 U 48
50 1 U 49
51 1 U 50
52 1 U 51
53 0 U 48
54 1 U 52
55 1 U 54
56 1 U 55
57 1 U 56
58
0 0 U -1
1 1 U 0
2 0 U 1
3 1 U 2
4 0 U 3
5 0 U 4
6 1 U 5
7 1 U 6
8 0 U 7
9 1 U 8
10 1 U 9
11 0 U -1
12 0 U -1
13 0 U 11
14 0 U 10
15 0 U 13
16 1 U 15
17 1 U 16
18 0 U 17
19 0 U -1
20 1 U 18
21 0 U 19
22 1 U 20
23 0 U 22
24 0 U 23
25 1 U 21
26 1 U 24
27 0 U 25
28 0 U 27
29 0 U 28
30 1 U 29
31 1 U 30
32 0 U 31
33 0 U 32
34 0 U 33
35 1 U -1
36 1 U 35
37 0 U 34
38 1 U 36
39 1 U 38
40 1 U 39
41 1 U -1
42 0 U 40
43 0 U 42
44 0 U 41
45 0 U 43
46 1 U -1
47 0 U 36
48 1 U 44
49 0 U 48
50 1 U 49
51 0 U 50
52 1 U 51
53 0 U 45
54 1 U 52
55 1 U 54
56 1 U 55
57 1 U 56
58
0 0 U -1
1 1 U 0
2 0 U 1
3 1 U 2
4 0 U 3
5 0 U 4
6 1 U 5
7 1 U 6
8 0 U 7
9 1 U 8
10 1 U 9
11 0 U -1
12 0 U -1
13 0 U 11
14 0 U 10
15 0 U 13
16 1 U 15
17 1 U -1
18 0 U 16
19 0 U 18
20 1 U 19
21 0 U 17
22 1 U 20
23 0 U 21
24 0 U 22
25 1 U 24
26 1 U 25
27 0 U 26
28 0 U 23
29 0 U 28
30 1 U 29
31 1 U 30
32 0 U 31
33 0 U 32
34 0 U 33
35 1 U -1
36 1 U 35
37 0 U 34
38 1 U 36
39 1 U 38
40 1 U 39
41 1 U 40
42 0 U 41
43 0 U 42
44 0 U 43
45 0 U -1
46 1 U 40
47 0 U -1
48 1 U 45
49 0 U 48
50 1 U 49
51 0 U 50
52 1 U 51
53 0 U 48
54 1 U 52
55 1 U 54
56 1 U 55
57 1 U 56
58
0 0 U -1
1 1 U 0
2 0 U 1
3 1 U 2
4 0 U 3
5 0 U 4
6 1 U 5
7 1 U 6
8 0 U 7
9 1 U 8
10 1 U 9
11 0 U -1
12 0 U -1
13 0 U 11
14 0 U 10
15 0 U 13
16 1 U 15
17 1 U 16
18 0 U 17
19 0 U 18
20 1 U 19
21 0 U 20
22 1 U 21
23 0 U 22
24 0 U -1
25 1 U 16
26 1 U 24
27 0 U 26
28 0 U 27
29 0 U 28
30 1 U 29
31 1 U 30
32 0 U 31
33 0 U 32
34 0 U 33
35 1 U -1
36 1 U 35
37 0 U 34
38 1 U 36
39 1 U 38
40 1 U 39
41 1 U 40
42 0 U 41
43 0 U 42
44 0 U 43
45 0 U -1
46 1 U 40
47 0 U -1
48 1 U 45
49 0 U 48
50 1 U 49
51 0 U 50
52 1 U 51
53 0 U 48
54 1 U 52
55 1 U 54
56 1 U 55
57 1 U 56
58
0 0 U -1
1 1 U 0
2 0 U 1
3 1 U 2
4 0 U 3
5 0 U 4
6 1 U 5
7 1 U 6
8 0 U 7
9 1 U 8
10 1 U 9
11 1 U -1
12 1 U 10
13 0 U 11
14 0 U 13
15 0 U 14
16 1 U 12
17 1 U 15
18 0 U 17
19 0 U 18
20 1 U 19
21 0 U 20
22 1 U 21
23 0 U 22
24 0 U 23
25 1 U -1
26 1 U -1
27 0 U 25
28 0 U 27
29 0 U 28
30 1 U 29
31 1 U 30
32 0 U 31
33 0 U 32
34 0 U 33
35 1 U 26
36 1 U 34
37 0 U 35
38 1 U 37
39 1 U 38
40 1 U 36
41 1 U 39
42 0 U 41
43 0 U 42
44 0 U 43
45 0 U -1
46 1 U 44
47 0 U -1
48 1 U 45
49 0 U 48
50 1 U 49
51 0 U 50
52 1 U 51
53 0 U 52
54 1 U 53
55 1 U 54
56 1 U 55
57 1 U 56
58
0 0 U -1
1 1 U 0
2 1 U -1
3 1 U 1
4 0 U 3
5 0 U 4
6 1 U 5
7 0 U -1
8 0 U 6
9 1 U 8
10 1 U 9
11 0 U 7
12 0 U 7
13 0 U 11
14 0 U 10
15 0 U 13
16 1 U 15
17 1 U 16
18 0 U 17
19 0 U 18
20 1 U 19
21 0 U -1
22 1 U 21
23 0 U 22
24 0 U 23
25 1 U 24
26 1 U 25
27 0 U 26
28 0 U 27
29 0 U 28
30 1 U 29
31 1 U -1
32 0 U 31
33 0 U 32
34 0 U 33
35 1 U 34
36 1 U 35
37 0 U -1
38 1 U 36
39 1 U 37
40 1 U 39
41 1 U 40
42 0 U 41
43 0 U 42
44 0 U 38
45 0 U 43
46 1 U 40
47 0 U 43
48 1 U -1
49 0 U 48
50 1 U 45
51 0 U 49
52 1 U 51
53 0 U 48
54 1 U 52
55 1 U 54
56 1 U 55
57 1 U 56
58
0 0 U -1
1 1 U 0
2 0 U 1
3 1 U 2
4 0 U 3
5 0 U 4
6 1 U 5
7 1 U 6
8 0 U 7
9 1 U 8
10 1 U 9
11 0 U -1
12 0 U -1
13 0 U 11
14 0 U 10
15 0 U 13
16 1 U 15
17 1 U 16
18 0 U 17
19 0 U 18
20 1 U 19
21 0 U 20
22 1 U 21
23 0 U 22
24 0 U 23
25 1 U -1
26 1 U 25
27 0 U -1
28 0 U 26
29 0 U 28
30 1 U 29
31 1 U 27
32 0 U 31
33 0 U 30
34 0 U 33
35 1 U 34
36 1 U 35
37 0 U 36
38 1 U 32
39 1 U 38
40 1 U 37
41 1 U 39
42 0 U 41
43 0 U 42
44 0 U 43
45 0 U -1
46 1 U 44
47 0 U -1
48 1 U 45
49 0 U 48
50 1 U 49
51 0 U 50
52 1 U 51
53 0 U 52
54 1 U 53
55 1 U 54
56 1 U 55
57 1 U 56
58
0 0 U -1
1 1 U 0
2 0 U 1
3 1 U 2
4 0 U 3
5 0 U 4
6 1 U 5
7 1 U 6
8 0 U 7
9 1 U 8
10 1 U 9
11 1 U -1
12 1 U 10
13 0 U 11
14 0 U 13
15 0 U 14
16 1 U 15
17 1 U 16
18 0 U 17
19 0 U 18
20 1 U 19
21 0 U 12
22 1 U 20
23 0 U 22
24 0 U -1
25 1 U 13
26 1 U 24
27 0 U 26
28 0 U 27
29 0 U 28
30 1 U 29
31 1 U 30
32 0 U 31
33 0 U 32
34 0 U 33
35 1 U -1
36 1 U 34
37 0 U 35
38 1 U 37
39 1 U 38
40 1 U 39
41 1 U 40
42 0 U 41
43 0 U 42
44 0 U 43
45 0 U -1
46 1 U -1
47 0 U 35
48 1 U 45
49 0 U 48
50 1 U 49
51 0 U 50
52 1 U 51
53 0 U 51
54 1 U 52
55 1 U 54
56 1 U 55
57 1 U 56
58
0 0 U -1
1 1 U 0
2 0 U 1
3 1 U 2
4 0 U 3
5 0 U 4
6 1 U 5
7 1 U 6
8 0 U 7
9 1 U 8
10 1 U 9
11 1 U -1
12 1 U 10
13 0 U -1
14 0 U 11
15 0 U 14
16 1 U 15
17 1 U 16
18 0 U 17
19 0 U 13
20 1 U 18
21 0 U 19
22 1 U 21
23 0 U 20
24 0 U 22
25 1 U 24
26 1 U 23
27 0 U 26
28 0 U 25
29 0 U 27
30 1 U 28
31 1 U 29
32 0 U 30
33 0 U 32
34 0 U 33
35 1 U -1
36 1 U 35
37 0 U 34
38 1 U 36
39 1 U 38
40 1 U 39
41 1 U 40
42 1 U 41
43 0 U 42
44 0 U 43
45 0 U -1
46 1 U 40
47 0 U 36
48 1 U 45
49 0 U 48
50 1 U 49
51 0 U 50
52 1 U 51
53 0 U -1
54 1 U 52
55 1 U 54
56 1 U 55
57 1 U 56
58
0 0 U -1
1 1 U 0
2 0 U 1
3 1 U 2
4 0 U 3
5 0 U 4
6 1 U 5
7 1 U 6
8 0 U 7
9 1 U 8
10 1 U 9
11 1 U -1
12 1 U 10
13 0 U 11
14 0 U 13
15 0 U 14
16 1 U 12
17 1 U 15
18 0 U 17
19 0 U 18
20 1 U 19
21 0 U 20
22 1 U 21
23 0 U 22
24 0 U 23
25 1 U -1
26 1 U 25
27 0 U 26
28 0 U 27
29 0 U 28
30 1 U 29
31 1 U 30
32 0 U 31
33 0 U 32
34 0 U 33
35 1 U -1
36 1 U 34
37 0 U 35
38 1 U 37
39 1 U 38
40 1 U 39
41 1 U 40
42 0 U 41
43 0 U 42
44 0 U 43
45 0 U -1
46 1 U -1
47 0 U 37
48 1 U 45
49 0 U 48
50 1 U 49
51 0 U 50
52 1 U 51
53 0 U 44
54 1 U 52
55 1 U 54
56 1 U 55
57 1 U 56
58
0 0 U -1
1 1 U 0
2 0 U 1
3 1 U 2
4 0 U 3
5 0 U 4
6 1 U 5
7 1 U 6
8 0 U 7
9 1 U 8
10 1 U 9
11 1 U -1
12 1 U 10
13 0 U 11
14 0 U 13
15 0 U 14
16 1 U 12
17 1 U 15
18 0 U 17
19 0 U 18
20 1 U 19
21 0 U 20
22 1 U 21
23 0 U 22
24 0 U 23
25 1 U -1
26 1 U 25
27 0 U 26
28 0 U 27
29 0 U 28
30 1 U 29
31 1 U 30
32 0 U 31
33 0 U 32
34 0 U 33
35 1 U -1
36 1 U 34
37 0 U 35
38 1 U 37
39 1 U 38
40 1 U 39
41 1 U 40
42 0 U 41
43 0 U 42
44 0 U 43
45 0 U -1
46 1 U -1
47 0 U 44
48 1 U 45
49 0 U 48
50 1 U 49
51 0 U 50
52 1 U 51
53 0 U 51
54 1 U 52
55 1 U 54
56 1 U 55
57 1 U 56
58
0 0 U -1
1 1 U 0
2 0 U 1
3 1 U 2
4 0 U 3
5 0 U 4
6 1 U 5
7 1 U 6
8 0 U 7
9 1 U 8
10 1 U 9
11 1 U -1
12 1 U 10
13 0 U 11
14 0 U 13
15 0 U 14
16 1 U 12
17 1 U 15
18 0 U 17
19 0 U 18
20 1 U 19
21 0 U 20
22 1 U 21
23 0 U 22
24 0 U 23
25 1 U -1
26 1 U 25
27 0 U 26
28 0 U 27
29 0 U 28
30 1 U 29
31 1 U 30
32 0 U 31
33 0 U 32
34 0 U 33
35 1 U -1
36 1 U 34
37 0 U 35
38 1 U 37
39 1 U 38
40 1 U 39
41 1 U 40
42 0 U 41
43 0 U 42
44 0 U 43
45 0 U -1
46 1 U 40
47 0 U -1
48 1 U 45
49 0 U 48
50 1 U 49
51 0 U 50
52 1 U 51
53 0 U 44
54 1 U 52
55 1 U 54
56 1 U 55
57 1 U 56
58
0 0 U -1
1 1 U 0
2 0 U 1
3 1 U 2
4 0 U 3
5 0 U 4
6 1 U 5
7 1 U 6
8 0 U 7
9 1 U 8
10 1 U 9
11 1 U -1
12 1 U 10
13 0 U 11
14 0 U 13
15 0 U 14
16 1 U 12
17 1 U 15
18 0 U 17
19 0 U 18
20 1 U 19
21 0 U 20
22 1 U 21
23 0 U 22
24 0 U 23
25 1 U -1
26 1 U 25
27 0 U 26
28 0 U 27
29 0 U 28
30 1 U 29
31 1 U 30
32 0 U 31
33 0 U 32
34 0 U 33
35 1 U -1
36 1 U 34
37 0 U 35
38 1 U 37
39 1 U 38
40 1 U 39
41 1 U 40
42 0 U 41
43 0 U 42
44 0 U 43
45 0 U -1
46 1 U 40
47 0 U -1
48 1 U 45
49 0 U 48
50 1 U 49
51 0 U 50
52 1 U 51
53 0 U 44
54 1 U 52
55 1 U 54
56 1 U 55
57 1 U 56
58
0 0 U -1
1 1 U 0
2 0 U 1
3 1 U 2
4 0 U 3
5 0 U 4
6 1 U 5
7 1 U 6
8 0 U 7
9 1 U 8
10 1 U 9
11 1 U -1
12 1 U 10
13 0 U 11
14 0 U 13
15 0 U 14
16 1 U 12
17 1 U 15
18 0 U 17
19 0 U 18
20 1 U 19
21 0 U 20
22 1 U 21
23 0 U 22
24 0 U 23
25 1 U -1
26 1 U 25
27 0 U 26
28 0 U 27
29 0 U 28
30 1 U 29
31 1 U 30
32 0 U 31
33 0 U 32
34 0 U 33
35 1 U -1
36 1 U 34
37 0 U 35
38 1 U 37
39 1 U 38
40 1 U 39
41 1 U 40
42 0 U 41
43 0 U 42
44 0 U 43
45 0 U -1
46 1 U -1
47 0 U 45
48 1 U 47
49 0 U 48
50 1 U 49
51 0 U 50
52 1 U 51
53 0 U 44
54 1 U 52
55 1 U 54
56 1 U 55
57 1 U 56
58
0 0 U -1
1 1 U 0
2 0 U 1
3 1 U 2
4 0 U 3
5 0 U 4
6 1 U 5
7 1 U 6
8 0 U 7
9 1 U 8
10 1 U 9
11 1 U -1
12 1 U 10
13 0 U 11
14 0 U 13
15 0 U 14
16 1 U 12
17 1 U 15
18 0 U 17
19 0 U 18
20 1 U 19
21 0 U 20
22 1 U 21
23 0 U 22
24 0 U 23
25 1 U -1
26 1 U 25
27 0 U 26
28 0 U 27
29 0 U 28
30 1 U 29
31 1 U 30
32 0 U 31
33 0 U 32
34 0 U 33
35 1 U -1
36 1 U 34
37 0 U 35
38 1 U 37
39 1 U 38
40 1 U 39
41 1 U 40
42 0 U 41
43 0 U 42
44 0 U 43
45 0 U -1
46 1 U -1
47 0 U 37
48 1 U 45
49 0 U 48
50 1 U 49
51 0 U 50
52 1 U 51
53 0 U 44
54 1 U 52
55 1 U 54
56 1 U 55
57 1 U 56
58
0 0 U -1
1 1 U 0
2 0 U 1
3 1 U 2
4 0 U 3
5 0 U 4
6 1 U 5
7 1 U 6
8 0 U 7
9 1 U 8
10 1 U 9
11 1 U -1
12 1 U 10
13 0 U 11
14 0 U 13
15 0 U 14
16 1 U 12
17 1 U 15
18 0 U 17
19 0 U 18
20 1 U 19
21 0 U 20
22 1 U 21
23 0 U 22
24 0 U 23
25 1 U -1
26 1 U 25
27 0 U 26
28 0 U 27
29 0 U 28
30 1 U 29
31 1 U 30
32 0 U -1
33 0 U 31
34 0 U 33
35 1 U 34
36 1 U 32
37 0 U 36
38 1 U 35
39 1 U 37
40 1 U 39
41 1 U 40
42 0 U 41
43 0 U 42
44 0 U 43
45 0 U -1
46 1 U -1
47 0 U 45
48 1 U 47
49 0 U 48
50 1 U 49
51 0 U 50
52 1 U 51
53 0 U 44
54 1 U 52
55 1 U 54
56 1 U 55
57 1 U 56
58
0 0 U -1
1 1 U 0
2 0 U 1
3 1 U 2
4 0 U 3
5 0 U 4
6 1 U 5
7 1 U 6
8 0 U 7
9 1 U 8
10 1 U 9
11 1 U -1
12 1 U 10
13 0 U 11
14 0 U 13
15 0 U 14
16 1 U 12
17 1 U 15
18 0 U -1
19 0 U 17
20 1 U 19
21 0 U 20
22 1 U 21
23 0 U 22
24 0 U 23
25 1 U 15
26 1 U 24
27 0 U 18
28 0 U 27
29 0 U 28
30 1 U 29
31 1 U 30
32 0 U 31
33 0 U 32
34 0 U 33
35 1 U 34
36 1 U -1
37 0 U 36
38 1 U 37
39 1 U 38
40 1 U 39
41 1 U 40
42 0 U 41
43 0 U 42
44 0 U 43
45 0 U -1
46 1 U 40
47 0 U -1
48 1 U 44
49 0 U 45
50 1 U 49
51 0 U 50
52 1 U 51
53 0 U 45
54 1 U 52
55 1 U 54
56 1 U 55
57 1 U 56
58
0 0 U -1
1 1 U 0
2 0 U 1
3 1 U 2
4 0 U 3
5 0 U 4
6 1 U 5
7 1 U 6
8 0 U 7
9 1 U 8
10 1 U 9
11 1 U -1
12 1 U 10
13 0 U 11
14 0 U 13
15 0 U 14
16 1 U 12
17 1 U 15
18 0 U 17
19 0 U 18
20 1 U 19
21 0 U 20
22 1 U 21
23 0 U 22
24 0 U 23
25 1 U -1
26 1 U 25
27 0 U 26
28 0 U 27
29 0 U 28
30 1 U 29
31 1 U 30
32 0 U 31
33 0 U 32
34 0 U 33
35 1 U -1
36 1 U 34
37 0 U 35
38 1 U 37
39 1 U 38
40 1 U 39
41 1 U 40
42 0 U 41
43 0 U 42
44 0 U 43
45 0 U -1
46 1 U -1
47 0 U 45
48 1 U 47
49 0 U 48
50 1 U 49
51 0 U 50
52 1 U 51
53 0 U 51
54 1 U 52
55 1 U 54
56 1 U 55
57 1 U 56
58
0 0 U -1
1 1 U 0
2 0 U 1
3 1 U 2
4 0 U 3
5 0 U 4
6 1 U 5
7 1 U 6
8 0 U 7
9 1 U 8
10 1 U 9
11 1 U -1
12 1 U 10
13 0 U 11
14 0 U 13
15 0 U 14
16 1 U 12
17 1 U 15
18 0 U 17
19 0 U 18
20 1 U 19
21 0 U 20
22 1 U 21
23 0 U 22
24 0 U 23
25 1 U -1
26 1 U 25
27 0 U 26
28 0 U 27
29 0 U 28
30 1 U 29
31 1 U 30
32 0 U 31
33 0 U 32
34 0 U 33
35 1 U -1
36 1 U 34
37 0 U 35
38 1 U 37
39 1 U 38
40 1 U 39
41 1 U 40
42 0 U 41
43 0 U 42
44 0 U 43
45 0 U -1
46 1 U -1
47 0 U 44
48 1 U 45
49 0 U 48
50 1 U 49
51 0 U 50
52 1 U 51
53 0 U 51
54 1 U 52
55 1 U 54
56 1 U 55
57 1 U 56
58
0 0 U -1
1 1 U 0
2 0 U 1
3 1 U 2
4 0 U -1
5 0 U 4
6 1 U 5
7 1 U 3
8 0 U 6
9 1 U 8
10 1 U 7
11 0 U 9
12 0 U 9
13 0 U 10
14 0 U 11
15 0 U 14
16 1 U 13
17 1 U 16
18 0 U 17
19 0 U 18
20 1 U 15
21 0 U 19
22 1 U 20
23 0 U 22
24 0 U -1
25 1 U 23
26 1 U 24
27 0 U 26
28 0 U 27
29 0 U 28
30 1 U -1
31 1 U 29
32 0 U 30
33 0 U 32
34 0 U 31
35 1 U 33
36 1 U 34
37 0 U 36
38 1 U 37
39 1 U 35
40 1 U 38
41 1 U 39
42 0 U 41
43 0 U 42
44 0 U 43
45 0 U -1
46 1 U -1
47 0 U 39
48 1 U 45
49 0 U 48
50 1 U 49
51 0 U 50
52 1 U 51
53 0 U 48
54 1 U 52
55 1 U 54
56 1 U 55
57 1 U 56
58
0 0 U -1
1 1 U 0
2 0 U 1
3 1 U 2
4 0 U 3
5 0 U 4
6 1 U 5
7 1 U 6
8 0 U 7
9 1 U 8
10 1 U 9
11 1 U -1
12 1 U 10
13 0 U 11
14 0 U 13
15 0 U 14
16 1 U 12
17 1 U 15
18 0 U 17
19 0 U 18
20 1 U 19
21 0 U 20
22 1 U 21
23 0 U 22
24 0 U 23
25 1 U -1
26 1 U 25
27 0 U 26
28 0 U 27
29 0 U 28
30 1 U 29
31 1 U 30
32 0 U 31
33 0 U 32
34 0 U 33
35 1 U -1
36 1 U 34
37 0 U -1
38 1 U 35
39 1 U 38
40 1 U 39
41 1 U 37
42 0 U 40
43 0 U 42
44 0 U 43
45 0 U 41
46 1 U 41
47 0 U 44
48 1 U 47
49 0 U 48
50 1 U 45
51 0 U 50
52 1 U 51
53 0 U -1
54 1 U 52
55 1 U 54
56 1 U 55
57 1 U 56
58
0 0 U -1
1 1 U 0
2 0 U 1
3 1 U 2
4 0 U 3
5 0 U 4
6 1 U 5
7 1 U 6
8 0 U 7
9 1 U 8
10 1 U 9
11 1 U -1
12 1 U 10
13 0 U 11
14 0 U 13
15 0 U 14
16 1 U 12
17 1 U 15
18 0 U 17
19 0 U 18
20 1 U 19
21 0 U 20
22 1 U 21
23 0 U 22
24 0 U 23
25 1 U -1
26 1 U 25
27 0 U 26
28 0 U -1
29 0 U 27
30 1 U 29
31 1 U 30
32 0 U 31
33 0 U 32
34 0 U 33
35 1 U 34
36 1 U 28
37 0 U 35
38 1 U 36
39 1 U 38
40 1 U 39
41 1 U 40
42 0 U 41
43 0 U 42
44 0 U 43
45 0 U -1
46 1 U 44
47 0 U -1
48 1 U 45
49 0 U 48
50 1 U 49
51 0 U 50
52 1 U 51
53 0 U 48
54 1 U 52
55 1 U 54
56 1 U 55
57 1 U 56
58
0 0 U -1
1 1 U 0
2 0 U 1
3 1 U 2
4 0 U 3
5 0 U 4
6 1 U 5
7 1 U 6
8 0 U 7
9 1 U 8
10 1 U 9
11 1 U -1
12 1 U 10
13 0 U 11
14 0 U 13
15 0 U 14
16 1 U 12
17 1 U 15
18 0 U 17
19 0 U 18
20 1 U 19
21 0 U 20
22 1 U 21
23 0 U 22
24 0 U 23
25 1 U -1
26 1 U 25
27 0 U 26
28 0 U 27
29 0 U 28
30 1 U 29
31 1 U 30
32 0 U 31
33 0 U 32
34 0 U 33
35 1 U -1
36 1 U 35
37 0 U 36
38 1 U 34
39 1 U 37
40 1 U 39
41 1 U 40
42 0 U 41
43 0 U 42
44 0 U 43
45 0 U -1
46 0 U -1
47 0 U 44
48 1 U 45
49 0 U 48
50 1 U 49
51 0 U 50
52 1 U 51
53 1 U 48
54 1 U 52
55 1 U 54
56 1 U 55
57 0 U 56
58
0 0 U -1
1 1 U 0
2 0 U 1
3 0 U 2
4 1 U 2
5 0 U 4
6 1 U 5
7 1 U 6
8 0 U 7
9 1 U 8
10 1 U 9
11 1 U -1
12 1 U 10
13 0 U 11
14 0 U 13
15 0 U 14
16 1 U 12
17 1 U 15
18 0 U 17
19 0 U 18
20 1 U 19
21 0 U 20
22 1 U 21
23 0 U 22
24 0 U 23
25 1 U -1
26 1 U 25
27 0 U 26
28 0 U 27
29 0 U 28
30 1 U 29
31 1 U 30
32 0 U 31
33 1 U 32
34 0 U 33
35 1 U -1
36 1 U 35
37 0 U 34
38 1 U 36
39 1 U 38
40 1 U 39
41 1 U 40
42 0 U 41
43 0 U 42
44 0 U 43
45 0 U -1
46 1 U -1
47 0 U 36
48 1 U 45
49 0 U 48
50 1 U 49
51 0 U 50
52 1 U 51
53 0 U 48
54 1 U 52
55 0 U 54
56 1 U 55
57 1 U 56
58
0 0 U -1
1 1 U 0
2 0 U 1
3 1 U 2
4 0 U 3
5 0 U 4
6 1 U 5
7 1 U 6
8 0 U 7
9 1 U 8
10 1 U 9
11 1 U -1
12 1 U 10
13 0 U 11
14 0 U 13
15 0 U 14
16 1 U 12
17 1 U 15
18 0 U 17
19 0 U 18
20 1 U 19
21 0 U 20
22 1 U 21
23 0 U 22
24 0 U 23
25 1 U -1
26 1 U 25
27 0 U 26
28 0 U 27
29 0 U 28
30 1 U 29
31 1 U 30
32 0 U -1
33 0 U 32
34 0 U 31
35 1 U 34
36 1 U 35
37 0 U 36
38 1 U 33
39 1 U 38
40 1 U 39
41 1 U 40
42 0 U 41
43 0 U 42
44 0 U 43
45 0 U -1
46 1 U 44
47 0 U 45
48 1 U 47
49 0 U 48
50 1 U 49
51 0 U 50
52 1 U 51
53 0 U -1
54 1 U 52
55 1 U 54
56 1 U 55
57 1 U 56
58
0 0 U -1
1 1 U 0
2 0 U 1
3 1 U 2
4 0 U 3
5 0 U 4
6 1 U 5
7 1 U 6
8 0 U 7
9 1 U 8
10 1 U 9
11 1 U -1
12 1 U 11
13 0 U 12
14 0 U 13
15 0 U 10
16 1 U 14
17 1 U 16
18 0 U 17
19 0 U 18
20 1 U 19
21 0 U 20
22 1 U 21
23 0 U 22
24 0 U 23
25 1 U -1
26 1 U 25
27 0 U 26
28 0 U 27
29 0 U 28
30 1 U 29
31 1 U 30
32 0 U 31
33 0 U 32
34 0 U 33
35 1 U -1
36 1 U 34
37 0 U 35
38 1 U 37
39 1 U 38
40 1 U 39
41 1 U 40
42 0 U 41
43 0 U -1
44 0 U 43
45 0 U 44
46 1 U 42
47 0 U 40
48 1 U 46
49 0 U 45
50 1 U 48
51 0 U 49
52 1 U 51
53 0 U 42
54 1 U 50
55 1 U 52
56 1 U 55
57 1 U 56
58
0 0 U -1
1 1 U 0
2 0 U 1
3 1 U 2
4 0 U 3
5 0 U 4
6 1 U 5
7 1 U 6
8 0 U 7
9 1 U 8
10 1 U 9
11 1 U -1
12 1 U 10
13 0 U 11
14 0 U 13
15 0 U 14
16 1 U 15
17 1 U 16
18 0 U 17
19 0 U 18
20 0 U 19
21 0 U 12
22 1 U 20
23 0 U -1
24 0 U 22
25 1 U 16
26 1 U 23
27 0 U 26
28 0 U 27
29 0 U 28
30 1 U 29
31 1 U 30
32 0 U 19
33 0 U 31
34 0 U 33
35 1 U 34
36 1 U -1
37 0 U 36
38 1 U 37
39 1 U 38
40 1 U 39
41 1 U 40
42 0 U 41
43 0 U 42
44 0 U 43
45 0 U -1
46 1 U -1
47 0 U 40
48 1 U 45
49 0 U 48
50 1 U 49
51 0 U 50
52 1 U 51
53 0 U 51
54 1 U 44
55 1 U 52
56 1 U 55
57 1 U 56
58
0 0 U -1
1 1 U 0
2 0 U 1
3 0 U 2
4 1 U 2
5 0 U 4
6 1 U 5
7 1 U 6
8 0 U 7
9 1 U 8
10 1 U 9
11 0 U -1
12 0 U -1
13 0 U 11
14 0 U 10
15 0 U 13
16 0 U 15
17 1 U 15
18 0 U 16
19 0 U 18
20 1 U 19
21 0 U 20
22 1 U 21
23 0 U 22
24 0 U 23
25 1 U -1
26 1 U 25
27 0 U 26
28 0 U 27
29 0 U 28
30 1 U 29
31 1 U 30
32 0 U 31
33 0 U 32
34 0 U 33
35 1 U -1
36 1 U 35
37 0 U 34
38 1 U 36
39 1 U 38
40 1 U 39
41 1 U 40
42 0 U 41
43 0 U 42
44 0 U 43
45 0 U -1
46 1 U -1
47 0 U 40
48 1 U 45
49 0 U 48
50 1 U 49
51 0 U 50
52 1 U 51
53 0 U 52
54 1 U 53
55 1 U 54
56 1 U 55
57 1 U 56
58
0 0 U -1
1 1 U 0
2 0 U 1
3 1 U 2
4 0 U 3
5 0 U 4
6 1 U 5
7 1 U 6
8 0 U 7
9 1 U 8
10 1 U 9
11 1 U -1
12 1 U 10
13 0 U 11
14 0 U 13
15 0 U 14
16 1 U 15
17 1 U 16
18 0 U 17
19 0 U 12
20 1 U 18
21 0 U 20
22 1 U 21
23 0 U 22
24 0 U 23
25 1 U -1
26 1 U 25
27 0 U 26
28 0 U 27
29 0 U 28
30 1 U 29
31 1 U 30
32 0 U 31
33 0 U -1
34 0 U 32
35 1 U 33
36 1 U 34
37 0 U 36
38 1 U 35
39 1 U 38
40 1 U 39
41 1 U 40
42 0 U 41
43 0 U 42
44 0 U 43
45 0 U -1
46 1 U 40
47 0 U 35
48 1 U 45
49 0 U 48
50 1 U 49
51 0 U 50
52 1 U 51
53 0 U -1
54 1 U 52
55 1 U 54
56 1 U 55
57 1 U 56
58
0 0 U -1
1 1 U 0
2 0 U 1
3 1 U 2
4 0 U 3
5 0 U 4
6 1 U 5
7 1 U 6
8 0 U 7
9 1 U 8
10 1 U 9
11 1 U -1
12 1 U 10
13 0 U 11
14 0 U 13
15 0 U 14
16 1 U 12
17 1 U 15
18 0 U 17
19 0 U 18
20 1 U 19
21 0 U 20
22 1 U 21
23 0 U 22
24 0 U 23
25 1 U -1
26 1 U 25
27 0 U 26
28 0 U 27
29 0 U 28
30 1 U 29
31 1 U 30
32 0 U 31
33 0 U 32
34 0 U 33
35 1 U -1
36 1 U 34
37 0 U 35
38 1 U 37
39 1 U 38
40 1 U 39
41 1 U 40
42 0 U 41
43 0 U 42
44 0 U 43
45 0 U -1
46 1 U -1
47 0 U 44
48 1 U 45
49 0 U 48
50 1 U 49
51 0 U 50
52 1 U 51
53 0 U 52
54 1 U 53
55 1 U 54
56 1 U 55
57 1 U 56
58
0 0 U -1
1 1 U 0
2 0 U 1
3 1 U 2
4 0 U 3
5 0 U 4
6 1 U 5
7 1 U 6
8 0 U 7
9 1 U 8
10 1 U 9
11 1 U -1
12 1 U 10
13 0 U 11
14 0 U 13
15 0 U 14
16 1 U 15
17 1 U 16
18 0 U 17
19 0 U 12
20 1 U 18
21 0 U 20
22 1 U 21
23 0 U 22
24 0 U 23
25 1 U -1
26 1 U 25
27 0 U 26
28 0 U 27
29 0 U 28
30 1 U 29
31 1 U 30
32 0 U 31
33 0 U 32
34 0 U 33
35 1 U -1
36 1 U 34
37 0 U 35
38 1 U 37
39 1 U 38
40 1 U 39
41 1 U 40
42 0 U 41
43 0 U 42
44 0 U 43
45 0 U -1
46 1 U -1
47 0 U 37
48 1 U 45
49 0 U 48
50 1 U 49
51 0 U 50
52 1 U 51
53 0 U 52
54 1 U 53
55 1 U 54
56 1 U 55
57 1 U 56
58
0 0 U -1
1 1 U 0
2 0 U 1
3 1 U 2
4 0 U 3
5 0 U 4
6 1 U 5
7 1 U 6
8 0 U 7
9 1 U 8
10 1 U 9
11 1 U -1
12 1 U 10
13 0 U 11
14 0 U 13
15 0 U 14
16 1 U 12
17 1 U 15
18 0 U 17
19 0 U 18
20 1 U 19
21 0 U 20
22 1 U 21
23 0 U 22
24 0 U 23
25 1 U -1
26 1 U 25
27 0 U 26
28 0 U 27
29 0 U 28
30 1 U 29
31 1 U 30
32 0 U 31
33 0 U 32
34 0 U 33
35 1 U -1
36 1 U 34
37 0 U 35
38 1 U 37
39 1 U 38
40 1 U 39
41 1 U 40
42 0 U 41
43 0 U 42
44 0 U 43
45 0 U -1
46 1 U -1
47 0 U 44
48 1 U 45
49 0 U 48
50 1 U 49
51 0 U 50
52 1 U 51
53 0 U 52
54 1 U 53
55 1 U 54
56 1 U 55
57 1 U 56
58
0 0 U -1
1 1 U 0
2 0 U 1
3 1 U 2
4 0 U 3
5 0 U 4
6 1 U 5
7 1 U 6
8 0 U 7
9 1 U 8
10 1 U 9
11 1 U -1
12 1 U 10
13 0 U 11
14 0 U 13
15 0 U 14
16 1 U 15
17 1 U 16
18 0 U 17
19 0 U 12
20 1 U 18
21 0 U 20
22 1 U 21
23 0 U 22
24 0 U 23
25 1 U -1
26 1 U 25
27 0 U 26
28 0 U 27
29 0 U 28
30 1 U 29
31 1 U 30
32 0 U 31
33 0 U 32
34 0 U 33
35 1 U -1
36 1 U 34
37 0 U 35
38 1 U 37
39 1 U 38
40 1 U 39
41 1 U 40
42 0 U 41
43 0 U 42
44 0 U 43
45 0 U -1
46 1 U -1
47 0 U 44
48 1 U 45
49 0 U 48
50 1 U 49
51 0 U 50
52 1 U 51
53 0 U 52
54 1 U 53
55 1 U 54
56 1 U 55
57 1 U 56
58
0 0 U -1
1 1 U 0
2 0 U 1
3 1 U 2
4 0 U 3
5 0 U 4
6 1 U 5
7 1 U 6
8 0 U 7
9 1 U 8
10 1 U 9
11 1 U -1
12 1 U 10
13 0 U 11
14 0 U 13
15 0 U 14
16 1 U 12
17 1 U 15
18 0 U 17
19 0 U 18
20 1 U 19
21 0 U 20
22 1 U 21
23 0 U 22
24 0 U 23
25 1 U -1
26 1 U 25
27 0 U 26
28 0 U 27
29 0 U 28
30 1 U 29
31 1 U 30
32 0 U 31
33 0 U 32
34 0 U 33
35 1 U -1
36 1 U 34
37 0 U 35
38 1 U 37
39 1 U 38
40 1 U 39
41 1 U 40
42 0 U 41
43 0 U 42
44 0 U 43
45 0 U -1
46 1 U -1
47 0 U 44
48 1 U 45
49 0 U 48
50 1 U 49
51 0 U 50
52 1 U 51
53 0 U 52
54 1 U 53
55 1 U 54
56 1 U 55
57 1 U 56
58
0 0 U -1
1 1 U 0
2 0 U 1
3 1 U 2
4 0 U 3
5 0 U 4
6 1 U 5
7 1 U 6
8 0 U -1
9 1 U 7
10 1 U 9
11 1 U 8
12 1 U 10
13 0 U 12
14 0 U 11
15 0 U 14
16 1 U 15
17 1 U 16
18 0 U 17
19 0 U 18
20 1 U 19
21 0 U 13
22 1 U 20
23 0 U 22
24 0 U 23
25 1 U -1
26 1 U 25
27 0 U 26
28 0 U 27
29 0 U 28
30 1 U 29
31 1 U 30
32 0 U 31
33 0 U 32
34 0 U 33
35 1 U -1
36 1 U 34
37 0 U 35
38 1 U 37
39 1 U 38
40 1 U 39
41 1 U 40
42 0 U 41
43 0 U 42
44 0 U 43
45 0 U -1
46 1 U -1
47 0 U 44
48 1 U 45
49 0 U 48
50 1 U 49
51 0 U 50
52 1 U 51
53 0 U 52
54 1 U 53
55 1 U 54
56 1 U 55
57 1 U 56
58
0 0 U -1
1 1 U 0
2 0 U 1
3 1 U 2
4 0 U 3
5 0 U 4
6 1 U 5
7 1 U 6
8 0 U 7
9 1 U 8
10 1 U 9
11 1 U -1
12 1 U 10
13 0 U 11
14 0 U 13
15 0 U 14
16 1 U 15
17 1 U 16
18 0 U 17
19 0 U 12
20 1 U 18
21 0 U 20
22 1 U 21
23 0 U 22
24 0 U 23
25 1 U -1
26 1 U 25
27 0 U 26
28 0 U 27
29 0 U 28
30 1 U 29
31 1 U 30
32 1 U 31
33 0 U 32
34 0 U 33
35 1 U -1
36 1 U 34
37 0 U 35
38 1 U 37
39 1 U 38
40 1 U 39
41 0 U 40
42 0 U 41
43 0 U 42
44 0 U 43
45 0 U -1
46 0 U -1
47 0 U 44
48 1 U 45
49 0 U 48
50 1 U 49
51 0 U 50
52 1 U 51
53 1 U 52
54 1 U 53
55 1 U 54
56 1 U 55
57 1 U 56
58
0 0 U -1
1 1 U 0
2 0 U 1
3 0 U 2
4 1 U 2
5 0 U 4
6 1 U 5
7 1 U 6
8 0 U 7
9 1 U 8
10 1 U 9
11 1 U -1
12 1 U 10
13 0 U 11
14 0 U 13
15 0 U 14
16 1 U 12
17 1 U 15
18 0 U 17
19 0 U 18
20 1 U 19
21 0 U 20
22 1 U 21
23 0 U 22
24 0 U 23
25 1 U -1
26 1 U 25
27 0 U 26
28 0 U 27
29 0 U 28
30 1 U 29
31 1 U 30
32 0 U 31
33 0 U 32
34 0 U 33
35 1 U -1
36 1 U 34
37 0 U 35
38 1 U 37
39 1 U 38
40 1 U 39
41 1 U 40
42 0 U 41
43 0 U 42
44 0 U 43
45 0 U -1
46 1 U 44
47 0 U -1
48 1 U 45
49 0 U 48
50 1 U 49
51 0 U 50
52 1 U 51
53 0 U 48
54 1 U 52
55 1 U 54
56 1 U 55
57 1 U 56
58
0 0 U -1
1 1 U 0
2 0 U 1
3 0 U 2
4 1 U 2
5 0 U 4
6 1 U 5
7 1 U 6
8 0 U 7
9 1 U 8
10 1 U 9
11 1 U -1
12 1 U 10
13 0 U 11
14 0 U 13
15 0 U 14
16 1 U 12
17 1 U 15
18 0 U 17
19 0 U 18
20 1 U 19
21 0 U 20
22 1 U 21
23 0 U 22
24 0 U 23
25 1 U -1
26 1 U 25
27 0 U 26
28 0 U 27
29 0 U 28
30 1 U 29
31 1 U 30
32 0 U 31
33 0 U 32
34 0 U 33
35 1 U -1
36 1 U 34
37 0 U 35
38 1 U 37
39 1 U 38
40 1 U 39
41 1 U 40
42 0 U 41
43 0 U 42
44 0 U 43
45 0 U -1
46 1 U 44
47 0 U -1
48 1 U 45
49 0 U 48
50 1 U 49
51 0 U 50
52 1 U 51
53 0 U 52
54 1 U 53
55 1 U 54
56 1 U 55
57 1 U 56
58
0 0 U -1
1 1 U 0
2 0 U 1
3 1 U 2
4 0 U 3
5 0 U -1
6 1 U 4
7 1 U 6
8 0 U 7
9 1 U 8
10 1 U 9
11 1 U 10
12 1 U 5
13 0 U 12
14 0 U 13
15 0 U 14
16 1 U 15
17 1 U 16
18 0 U 17
19 0 U 18
20 1 U 19
21 0 U 11
22 1 U 20
23 0 U 22
24 0 U 23
25 1 U -1
26 1 U 25
27 0 U 26
28 0 U 27
29 0 U 28
30 1 U 29
31 1 U 30
32 0 U 31
33 0 U 32
34 0 U 33
35 1 U -1
36 1 U 34
37 0 U 35
38 1 U 37
39 1 U 38
40 1 U 39
41 1 U 40
42 0 U 41
43 0 U 42
44 0 U 43
45 0 U -1
46 1 U 44
47 0 U 40
48 1 U 45
49 0 U 48
50 1 U 49
51 0 U 50
52 1 U 51
53 0 U -1
54 1 U 52
55 1 U 54
56 1 U 55
57 1 U 56
58
0 0 U -1
1 1 U 0
2 0 U 1
3 1 U 2
4 0 U 3
5 0 U 4
6 1 U 5
7 1 U 6
8 0 U 7
9 1 U 8
10 1 U 9
11 1 U -1
12 1 U 10
13 0 U 11
14 0 U 13
15 0 U 14
16 1 U 12
17 1 U 15
18 0 U 17
19 0 U 18
20 1 U 19
21 0 U 20
22 1 U 21
23 0 U 22
24 0 U 23
25 1 U -1
26 1 U 25
27 0 U 26
28 0 U 27
29 0 U 28
30 1 U 29
31 1 U 30
32 0 U 31
33 0 U 32
34 0 U 33
35 1 U -1
36 1 U 34
37 0 U 35
38 1 U 37
39 1 U 38
40 1 U 39
41 1 U 40
42 0 U 41
43 0 U 42
44 0 U 43
45 0 U -1
46 1 U 44
47 0 U 45
48 1 U 47
49 0 U 48
50 1 U 49
51 0 U 50
52 1 U 51
53 0 U -1
54 1 U 52
55 1 U 54
56 1 U 55
57 1 U 56
58
0 0 U -1
1 1 U 0
2 0 U 1
3 1 U 2
4 0 U 3
5 0 U 4
6 1 U 5
7 1 U 6
8 0 U 7
9 1 U 8
10 1 U 9
11 0 U -1
12 0 U -1
13 0 U 11
14 0 U 13
15 0 U 14
16 1 U 10
17 1 U 15
18 0 U 17
19 0 U 18
20 1 U 19
21 0 U 16
22 1 U 20
23 0 U 22
24 0 U 23
25 1 U -1
26 1 U 25
27 0 U 26
28 0 U 27
29 0 U 28
30 1 U 29
31 1 U 30
32 0 U 31
33 0 U 32
34 0 U 33
35 1 U -1
36 1 U 34
37 0 U 35
38 1 U 37
39 1 U 38
40 1 U 39
41 1 U 40
42 0 U 41
43 0 U 42
44 0 U 43
45 0 U -1
46 1 U 44
47 0 U 45
48 1 U 47
49 0 U 48
50 1 U 49
51 0 U 50
52 1 U 51
53 0 U -1
54 1 U 52
55 1 U 54
56 1 U 55
57 1 U 56
58
0 0 U -1
1 1 U 0
2 0 U 1
3 1 U 2
4 0 U 3
5 0 U 4
6 1 U 5
7 1 U 6
8 0 U 7
9 1 U 8
10 1 U 9
11 1 U -1
12 1 U 10
13 0 U 11
14 0 U 13
15 0 U 14
16 1 U 12
17 1 U 15
18 0 U 17
19 0 U 18
20 1 U 19
21 0 U 20
22 1 U 21
23 0 U 22
24 0 U 23
25 1 U -1
26 1 U 25
27 0 U 26
28 0 U 27
29 0 U 28
30 1 U 29
31 1 U 30
32 0 U 31
33 0 U 32
34 0 U 33
35 1 U -1
36 1 U 34
37 0 U 35
38 1 U 37
39 1 U 38
40 1 U 39
41 1 U 40
42 0 U 41
43 0 U 42
44 0 U 43
45 0 U -1
46 1 U 44
47 0 U -1
48 1 U 45
49 0 U 48
50 1 U 49
51 0 U 50
52 1 U 51
53 0 U 52
54 1 U 53
55 1 U 54
56 1 U 55
57 1 U 56
58
0 0 U -1
1 1 U 0
2 0 U 1
3 1 U 2
4 0 U 3
5 0 U 4
6 0 U 5
7 1 U 6
8 0 U 7
9 1 U 8
10 1 U 9
11 0 U -1
12 0 U -1
13 0 U 11
14 1 U 5
15 0 U 13
16 1 U 15
17 1 U 16
18 1 U 17
19 0 U 18
20 1 U 19
21 0 U 20
22 1 U 21
23 0 U 22
24 0 U -1
25 1 U 17
26 1 U 24
27 0 U 26
28 0 U 27
29 0 U 28
30 1 U 29
31 1 U 30
32 0 U 31
33 0 U 32
34 0 U 33
35 1 U -1
36 1 U 35
37 1 U 34
38 1 U 36
39 1 U 38
40 1 U 39
41 0 U 31
42 0 U 40
43 0 U 42
44 0 U 43
45 0 U 44
46 1 U -1
47 0 U -1
48 1 U 46
49 0 U 48
50 1 U 49
51 0 U 50
52 1 U 51
53 0 U 48
54 1 U 52
55 1 U 54
56 1 U 55
57 1 U 56
58
0 0 U -1
1 1 U 0
2 0 U 1
3 1 U 2
4 0 U 3
5 0 U 4
6 1 U 5
7 1 U 6
8 0 U 7
9 1 U 8
10 0 U 9
11 1 U -1
12 1 U 11
13 0 U 12
14 0 U 10
15 0 U 13
16 1 U 15
17 1 U 16
18 1 U 17
19 0 U 18
20 1 U 19
21 0 U 20
22 1 U 21
23 0 U 22
24 0 U -1
25 1 U 17
26 1 U 24
27 0 U 26
28 0 U 27
29 0 U 28
30 1 U 29
31 1 U 30
32 0 U 31
33 0 U 32
34 0 U 33
35 0 U -1
36 1 U 34
37 0 U 35
38 1 U 37
39 1 U 38
40 1 U 39
41 1 U 40
42 0 U 41
43 0 U 42
44 0 U 43
45 0 U -1
46 1 U 40
47 0 U 37
48 1 U 45
49 0 U 48
50 1 U 49
51 0 U 50
52 1 U 51
53 0 U 48
54 1 U 52
55 1 U 54
56 1 U 55
57 1 U 56
58
0 0 U -1
1 1 U 0
2 0 U 1
3 0 U 2
4 0 U 3
5 0 U 4
6 1 U 5
7 1 U 6
8 0 U 7
9 1 U 8
10 1 U 9
11 1 U -1
12 1 U 10
13 0 U 11
14 0 U 13
15 0 U 14
16 1 U 15
17 1 U 16
18 0 U 17
19 0 U 18
20 1 U 19
21 0 U 20
22 1 U 21
23 0 U 22
24 0 U -1
25 1 U 16
26 1 U 24
27 1 U 26
28 0 U 27
29 0 U 28
30 1 U 29
31 1 U 30
32 0 U 31
33 0 U 32
34 0 U 33
35 1 U -1
36 1 U 35
37 0 U 36
38 1 U 37
39 1 U 38
40 1 U 34
41 1 U 39
42 0 U 41
43 0 U 42
44 0 U 43
45 0 U -1
46 1 U -1
47 0 U 37
48 1 U 45
49 0 U 48
50 1 U 49
51 0 U 50
52 1 U 51
53 0 U 52
54 1 U 53
55 1 U 54
56 1 U 55
57 1 U 56
58
0 0 U -1
1 1 U 0
2 0 U 1
3 1 U 2
4 0 U 3
5 0 U 4
6 1 U 5
7 1 U 6
8 0 U 7
9 1 U 8
10 1 U 9
11 1 U -1
12 1 U 11
13 0 U 12
14 0 U 10
15 0 U 13
16 1 U 15
17 1 U 16
18 0 U 17
19 0 U 18
20 1 U 19
21 0 U 20
22 1 U 21
23 0 U 22
24 0 U -1
25 1 U 16
26 1 U 23
27 0 U 24
28 0 U 27
29 0 U 28
30 1 U 29
31 1 U 30
32 0 U -1
33 0 U 31
34 0 U 33
35 1 U 34
36 1 U 35
37 0 U 32
38 1 U 37
39 1 U 38
40 1 U 39
41 1 U 40
42 0 U 41
43 0 U 42
44 0 U 43
45 0 U -1
46 1 U 37
47 0 U -1
48 1 U 45
49 0 U 48
50 1 U 44
51 0 U 49
52 1 U 51
53 0 U 48
54 1 U 52
55 1 U 54
56 1 U 55
57 1 U 56
58
0 0 U -1
1 1 U 0
2 0 U 1
3 0 U 2
4 1 U 2
5 0 U 4
6 1 U 5
7 1 U 6
8 0 U 7
9 1 U 8
10 1 U 9
11 0 U -1
12 0 U -1
13 0 U 11
14 0 U 10
15 0 U 13
16 1 U 15
17 1 U 16
18 0 U 17
19 0 U 18
20 1 U 19
21 0 U 20
22 1 U 21
23 0 U 22
24 0 U 23
25 1 U -1
26 1 U -1
27 0 U 25
28 0 U 26
29 0 U 28
30 1 U 27
31 1 U 30
32 0 U 31
33 0 U 32
34 0 U 33
35 1 U 34
36 1 U 35
37 0 U 36
38 1 U 29
39 1 U 38
40 1 U 39
41 1 U 40
42 0 U 41
43 0 U 42
44 0 U 43
45 0 U -1
46 1 U 40
47 0 U -1
48 1 U 45
49 0 U 48
50 1 U 49
51 0 U 50
52 1 U 51
53 0 U 44
54 1 U 52
55 1 U 54
56 1 U 55
57 1 U 56
58
0 0 U -1
1 1 U 0
2 1 U -1
3 1 U 1
4 0 U 3
5 0 U 4
6 1 U 5
7 0 U -1
8 0 U 6
9 1 U 8
10 1 U 9
11 0 U 7
12 0 U 7
13 0 U 11
14 0 U 10
15 0 U 13
16 1 U 15
17 1 U 16
18 0 U 17
19 0 U 18
20 1 U 19
21 0 U -1
22 1 U 21
23 0 U 22
24 0 U 23
25 1 U 24
26 1 U 25
27 0 U 26
28 0 U 27
29 0 U 28
30 1 U 29
31 1 U -1
32 0 U 31
33 1 U 32
34 0 U 33
35 1 U 34
36 1 U 35
37 0 U -1
38 1 U 36
39 1 U 37
40 1 U 39
41 1 U 40
42 0 U 41
43 0 U 42
44 0 U 38
45 0 U 43
46 1 U 40
47 0 U 43
48 1 U -1
49 0 U 48
50 1 U 45
51 0 U 49
52 1 U 51
53 0 U 48
54 1 U 52
55 1 U 54
56 1 U 55
57 1 U 56
58
0 0 U -1
1 1 U 0
2 0 U 1
3 0 U 2
4 0 U 3
5 0 U 4
6 1 U 5
7 1 U 6
8 0 U 7
9 1 U 8
10 1 U 9
11 0 U -1
12 1 U 10
13 0 U 11
14 0 U 13
15 0 U 14
16 1 U 15
17 1 U 16
18 0 U 17
19 0 U 18
20 1 U 19
21 0 U 20
22 1 U 21
23 0 U 22
24 0 U -1
25 1 U 16
26 1 U 24
27 1 U 26
28 0 U 27
29 0 U 28
30 1 U 29
31 1 U 30
32 0 U 31
33 0 U 32
34 0 U 33
35 1 U -1
36 1 U 35
37 0 U 36
38 1 U 37
39 1 U 38
40 1 U 34
41 1 U 39
42 0 U 41
43 0 U 42
44 0 U 43
45 0 U -1
46 1 U -1
47 0 U 37
48 1 U 45
49 0 U 48
50 1 U 49
51 0 U 50
52 1 U 51
53 0 U 52
54 1 U 53
55 1 U 54
56 1 U 55
57 1 U 56
58
0 0 U -1
1 1 U 0
2 0 U 1
3 0 U 2
4 1 U 2
5 0 U 4
6 1 U 5
7 1 U 6
8 0 U 7
9 1 U 8
10 1 U 9
11 0 U -1
12 0 U -1
13 0 U 11
14 0 U 13
15 0 U 14
16 1 U 10
17 1 U 15
18 0 U 17
19 0 U 18
20 1 U 19
21 0 U 20
22 1 U 21
23 0 U 22
24 0 U -1
25 1 U 15
26 1 U 24
27 0 U 26
28 0 U 27
29 0 U 28
30 1 U 29
31 1 U 30
32 1 U 31
33 0 U 32
34 0 U 33
35 1 U -1
36 1 U 35
37 0 U 34
38 1 U 36
39 1 U 38
40 1 U 39
41 1 U 40
42 0 U 41
43 0 U 42
44 0 U 43
45 0 U -1
46 1 U -1
47 0 U 36
48 1 U 45
49 0 U 48
50 1 U 49
51 0 U 50
52 1 U 51
53 0 U 48
54 1 U 52
55 1 U 54
56 1 U 55
57 1 U 56
58
0 0 U -1
1 1 U 0
2 0 U 1
3 0 U 2
4 1 U 2
5 0 U 4
6 1 U 5
7 1 U 6
8 0 U 7
9 1 U 8
10 0 U 9
11 0 U -1
12 0 U -1
13 0 U 11
14 0 U 13
15 0 U 14
16 1 U 10
17 1 U 15
18 0 U 17
19 0 U 18
20 1 U 19
21 0 U 20
22 1 U 21
23 0 U 22
24 0 U -1
25 1 U 15
26 1 U 24
27 0 U 26
28 0 U 27
29 0 U 28
30 1 U 29
31 1 U 30
32 0 U 31
33 0 U 32
34 0 U 33
35 1 U -1
36 1 U 35
37 0 U 34
38 1 U 36
39 1 U 38
40 1 U 39
41 1 U 40
42 0 U 41
43 0 U 42
44 0 U 43
45 0 U -1
46 1 U -1
47 0 U 36
48 1 U 45
49 0 U 48
50 1 U 49
51 0 U 50
52 1 U 51
53 0 U 48
54 1 U 52
55 1 U 54
56 1 U 55
57 1 U 56
58
0 0 U -1
1 1 U 0
2 0 U 1
3 0 U 2
4 1 U 2
5 0 U 4
6 1 U 5
7 1 U 6
8 0 U 7
9 1 U 8
10 1 U 9
11 0 U -1
12 0 U -1
13 0 U 11
14 1 U 13
15 0 U 14
16 1 U 10
17 1 U 15
18 0 U 17
19 0 U 18
20 1 U 19
21 0 U 20
22 1 U 21
23 0 U 22
24 0 U -1
25 1 U 15
26 1 U 24
27 0 U 26
28 0 U 27
29 0 U 28
30 1 U 29
31 1 U 30
32 0 U 31
33 0 U 32
34 0 U 33
35 1 U -1
36 1 U 35
37 0 U 34
38 1 U 36
39 1 U 38
40 1 U 39
41 1 U 40
42 0 U 41
43 0 U 42
44 0 U 43
45 0 U -1
46 1 U -1
47 0 U 36
48 1 U 45
49 0 U 48
50 1 U 49
51 0 U 50
52 1 U 51
53 0 U 48
54 1 U 52
55 1 U 54
56 1 U 55
57 1 U 56
58
0 0 U -1
1 1 U 0
2 0 U 1
3 0 U 2
4 1 U 2
5 0 U 4
6 1 U 5
7 1 U 6
8 0 U 7
9 1 U 8
10 1 U 9
11 0 U -1
12 0 U -1
13 0 U 11
14 0 U 13
15 0 U 14
16 1 U 10
17 1 U 15
18 1 U 17
19 0 U 18
20 1 U 19
21 0 U 20
22 1 U 21
23 0 U 22
24 0 U -1
25 1 U 15
26 1 U 24
27 0 U 26
28 0 U 27
29 0 U 28
30 1 U 29
31 1 U 30
32 0 U 31
33 0 U 32
34 0 U 33
35 1 U -1
36 1 U 35
37 0 U 34
38 1 U 36
39 1 U 38
40 1 U 39
41 1 U 40
42 0 U 41
43 0 U 42
44 0 U 43
45 0 U -1
46 1 U -1
47 0 U 36
48 1 U 45
49 0 U 48
50 1 U 49
51 0 U 50
52 1 U 51
53 0 U 48
54 1 U 52
55 1 U 54
56 1 U 55
57 1 U 56
58
0 0 U -1
1 1 U 0
2 0 U 1
3 0 U 2
4 0 U 3
5 0 U 4
6 1 U 5
7 1 U 6
8 0 U 7
9 1 U 8
10 1 U 9
11 1 U -1
12 1 U 10
13 0 U 11
14 0 U 13
15 0 U 14
16 1 U 15
17 1 U 16
18 0 U 17
19 0 U 18
20 1 U 19
21 0 U 20
22 1 U 21
23 0 U 22
24 0 U -1
25 1 U 16
26 1 U 24
27 1 U 26
28 0 U 27
29 0 U 28
30 1 U 29
31 1 U 30
32 0 U 31
33 0 U 32
34 0 U 33
35 1 U -1
36 1 U 35
37 0 U 36
38 0 U 37
39 1 U 38
40 1 U 34
41 1 U 39
42 0 U 41
43 0 U 42
44 0 U 43
45 0 U -1
46 1 U -1
47 0 U 37
48 1 U 45
49 0 U 48
50 1 U 49
51 0 U 50
52 1 U 51
53 0 U 52
54 1 U 53
55 1 U 54
56 1 U 55
57 1 U 56
58
0 0 U -1
1 1 U 0
2 0 U 1
3 0 U 2
4 1 U 2
5 0 U 4
6 1 U 5
7 1 U 6
8 0 U 7
9 1 U 8
10 1 U 9
11 0 U -1
12 0 U -1
13 0 U 11
14 0 U 13
15 0 U 14
16 1 U 10
17 1 U 15
18 0 U 17
19 0 U 18
20 1 U 19
21 0 U 20
22 1 U 21
23 0 U 22
24 0 U -1
25 1 U 15
26 1 U 24
27 0 U 26
28 0 U 27
29 0 U 28
30 1 U 29
31 1 U 30
32 0 U 31
33 0 U 32
34 0 U 33
35 1 U -1
36 1 U 35
37 0 U 34
38 1 U 36
39 1 U 38
40 1 U 39
41 1 U 40
42 0 U 41
43 1 U 42
44 0 U 43
45 0 U -1
46 1 U -1
47 0 U 36
48 1 U 45
49 0 U 48
50 1 U 49
51 0 U 50
52 1 U 51
53 0 U 48
54 1 U 52
55 1 U 54
56 1 U 55
57 1 U 56
58
0 0 U -1
1 1 U 0
2 0 U 1
3 0 U 2
4 1 U 2
5 0 U 4
6 1 U 5
7 1 U 6
8 0 U 7
9 1 U 8
10 1 U 9
11 0 U -1
12 0 U -1
13 0 U 11
14 0 U 13
15 0 U 14
16 1 U 10
17 1 U 15
18 0 U 17
19 0 U 18
20 1 U 19
21 0 U 20
22 1 U 21
23 0 U 22
24 0 U -1
25 1 U 15
26 1 U 24
27 0 U 26
28 0 U 27
29 0 U 28
30 1 U 29
31 1 U 30
32 1 U 31
33 0 U 32
34 0 U 33
35 1 U -1
36 1 U 35
37 0 U 34
38 1 U 36
39 1 U 38
40 1 U 39
41 1 U 40
42 0 U 41
43 0 U 42
44 0 U 43
45 0 U -1
46 1 U -1
47 0 U 36
48 1 U 45
49 0 U 48
50 1 U 49
51 0 U 50
52 1 U 51
53 0 U 48
54 1 U 52
55 1 U 54
56 1 U 55
57 1 U 56
58
0 0 U -1
1 1 U 0
2 0 U 1
3 0 U 2
4 1 U 2
5 0 U 4
6 1 U 5
7 1 U 6
8 0 U 7
9 1 U 8
10 1 U 9
11 0 U -1
12 0 U -1
13 0 U 11
14 0 U 13
15 0 U 14
16 1 U 10
17 1 U 15
18 0 U 17
19 0 U 18
20 1 U 19
21 0 U 20
22 1 U 21
23 0 U 22
24 0 U -1
25 1 U 15
26 1 U 24
27 0 U 26
28 0 U 27
29 0 U 28
30 1 U 29
31 1 U 30
32 1 U 31
33 0 U 32
34 0 U 33
35 1 U -1
36 1 U 35
37 0 U 34
38 1 U 36
39 1 U 38
40 1 U 39
41 1 U 40
42 0 U 41
43 0 U 42
44 0 U 43
45 0 U -1
46 1 U -1
47 1 U 36
48 1 U 45
49 0 U 48
50 1 U 49
51 0 U 50
52 1 U 51
53 0 U 48
54 1 U 52
55 1 U 54
56 1 U 55
57 1 U 56
58
0 0 U -1
1 1 U 0
2 0 U 1
3 0 U 2
4 1 U 2
5 0 U 4
6 1 U 5
7 1 U 6
8 0 U 7
9 1 U 8
10 1 U 9
11 0 U -1
12 0 U -1
13 0 U 11
14 0 U 13
15 0 U 14
16 1 U 10
17 1 U 15
18 0 U 17
19 0 U 18
20 1 U 19
21 0 U 20
22 1 U 21
23 0 U 22
24 0 U -1
25 1 U 15
26 1 U 24
27 0 U 26
28 0 U 27
29 0 U 28
30 1 U 29
31 1 U 30
32 1 U 31
33 0 U 32
34 0 U 33
35 1 U -1
36 1 U 35
37 0 U 34
38 1 U 36
39 1 U 38
40 1 U 39
41 1 U 40
42 0 U 41
43 0 U 42
44 0 U 43
45 0 U -1
46 1 U -1
47 1 U 36
48 1 U 45
49 0 U 48
50 1 U 49
51 0 U 50
52 1 U 51
53 1 U 48
54 1 U 52
55 1 U 54
56 1 U 55
57 1 U 56
58
0 0 U -1
1 1 U 0
2 0 U 1
3 0 U 2
4 1 U 2
5 0 U 4
6 1 U 5
7 1 U 6
8 0 U 7
9 1 U 8
10 1 U 9
11 0 U -1
12 0 U -1
13 0 U 11
14 0 U 13
15 0 U 14
16 1 U 10
17 1 U 15
18 1 U 17
19 0 U 18
20 1 U 19
21 0 U 20
22 1 U 21
23 0 U 22
24 0 U -1
25 1 U 15
26 1 U 24
27 0 U 26
28 0 U 27
29 0 U 28
30 1 U 29
31 1 U 30
32 1 U 31
33 0 U 32
34 0 U 33
35 1 U -1
36 1 U 35
37 0 U 34
38 1 U 36
39 1 U 38
40 1 U 39
41 1 U 40
42 0 U 41
43 0 U 42
44 0 U 43
45 0 U -1
46 1 U -1
47 1 U 36
48 1 U 45
49 0 U 48
50 1 U 49
51 0 U 50
52 1 U 51
53 1 U 48
54 1 U 52
55 1 U 54
56 1 U 55
57 1 U 56
58
0 0 U -1
1 1 U 0
2 0 U 1
3 0 U 2
4 1 U 2
5 0 U 4
6 1 U 5
7 1 U 6
8 0 U 7
9 1 U 8
10 1 U 9
11 0 L 10
12 0 U -1
13 0 U 11
14 0 U 13
15 0 U 14
16 1 U 10
17 1 U 15
18 0 U 17
19 0 U 18
20 1 U 19
21 0 U 20
22 1 U 21
23 0 U 22
24 0 U -1
25 1 U 15
26 1 U 24
27 0 U 26
28 0 U 27
29 0 U 28
30 1 U 29
31 1 U 30
32 1 U 31
33 0 U 32
34 0 U 33
35 1 U -1
36 1 U 35
37 0 U 34
38 1 U 36
39 1 U 38
40 1 U 39
41 1 U 40
42 0 U 41
43 0 U 42
44 0 U 43
45 0 U -1
46 1 U -1
47 0 U 36
48 1 U 45
49 0 U 48
50 1 U 49
51 0 U 50
52 1 U 51
53 0 U 48
54 1 U 52
55 1 U 54
56 1 U 55
57 1 U 56
58
0 0 U -1
1 1 U 0
2 0 U 1
3 0 U 2
4 1 U 2
5 0 U 4
6 1 U 5
7 1 U 6
8 0 U 7
9 1 U 8
10 1 U 9
11 0 U -1
12 0 U -1
13 0 U 11
14 0 U 13
15 0 U 14
16 1 U 10
17 1 U 15
18 0 U 17
19 0 U 18
20 1 U 19
21 0 U 20
22 1 U 21
23 0 U 22
24 0 U -1
25 1 U 15
26 1 U 24
27 0 U 26
28 0 U 27
29 0 U 28
30 1 U 29
31 1 U 30
32 1 U 31
33 0 U 32
34 0 U 33
35 1 U -1
36 1 U 35
37 0 U 34
38 1 U 36
39 1 U 38
40 1 U 39
41 1 U 40
42 0 U 41
43 0 U 42
44 0 U 43
45 0 U -1
46 1 U -1
47 1 U 36
48 1 U 45
49 0 U 48
50 1 U 49
51 0 U 50
52 1 U 51
53 0 U 48
54 1 U 52
55 1 U 54
56 1 U 55
57 1 U 56
58
0 0 U -1
1 1 U 0
2 0 U 1
3 0 U 2
4 1 U 2
5 0 U 4
6 1 U 5
7 1 U 6
8 0 U 7
9 1 U 8
10 1 U 9
11 0 U -1
12 0 U -1
13 0 U 11
14 0 U 13
15 0 U 14
16 1 U 10
17 1 U 15
18 0 U 17
19 0 U 18
20 1 U 19
21 0 U 20
22 1 U 21
23 0 U 22
24 0 U -1
25 1 U 15
26 1 U 24
27 0 U 26
28 0 U 27
29 0 U 28
30 1 U 29
31 1 U 30
32 1 U 31
33 0 U 32
34 0 U 33
35 1 U -1
36 1 U 35
37 0 U 34
38 1 U 36
39 1 U 38
40 1 U 39
41 1 U 40
42 0 U 41
43 0 U 42
44 0 U 43
45 0 U -1
46 1 U -1
47 1 U 36
48 1 U 45
49 0 U 48
50 1 U 49
51 1 U 50
52 1 U 51
53 0 U 48
54 1 U 52
55 1 U 54
56 1 U 55
57 1 U 56
58
0 0 U -1
1 1 U 0
2 0 U 1
3 0 U 2
4 0 U 3
5 0 U 4
6 1 U 5
7 1 U 6
8 0 U 7
9 1 U 8
10 1 U 9
11 1 U -1
12 1 U 10
13 0 U 11
14 0 U 13
15 0 U 14
16 1 U 15
17 1 U 16
18 0 U 17
19 0 U 18
20 1 U 19
21 0 U 20
22 1 U 8
23 0 U 22
24 0 U -1
25 1 U 16
26 1 U 24
27 0 U 26
28 0 U 27
29 0 U 28
30 1 U 29
31 1 U 30
32 0 U 31
33 0 U 32
34 0 U 33
35 1 U -1
36 1 U 35
37 0 U 36
38 1 U 37
39 1 U 38
40 1 U 34
41 1 U 39
42 0 U 41
43 0 U 42
44 0 U 43
45 0 U -1
46 1 U -1
47 0 U 37
48 1 U 45
49 0 U 48
50 1 U 49
51 0 U 50
52 1 U 51
53 0 U 52
54 1 U 53
55 1 U 54
56 1 U 55
57 1 U 56
58
0 0 U -1
1 1 U 0
2 0 U 1
3 0 U 2
4 0 U 3
5 0 U 4
6 1 U 5
7 1 U 6
8 0 U 7
9 1 U 8
10 1 U 9
11 1 U -1
12 1 U 10
13 0 U 11
14 0 U 13
15 0 U 14
16 1 U 15
17 1 U 16
18 0 U 17
19 0 U 18
20 1 U 19
21 0 U 20
22 1 U 21
23 0 U 22
24 0 U -1
25 0 U 16
26 1 U 24
27 1 U 26
28 0 U 27
29 0 U 28
30 1 U 29
31 1 U 30
32 0 U 31
33 0 U 32
34 0 U 33
35 1 U -1
36 1 U 35
37 0 U 36
38 1 U 37
39 1 U 38
40 1 U 34
41 1 U 39
42 0 U 41
43 0 U 42
44 0 U 43
45 0 U -1
46 1 U -1
47 0 U 37
48 1 U 45
49 0 U 48
50 1 U 49
51 0 U 50
52 1 U 51
53 0 U 52
54 1 U 53
55 1 U 54
56 1 U 55
57 1 U 56
58
0 0 U -1
1 1 U 0
2 0 U 1
3 0 U 2
4 0 U 3
5 0 U 4
6 1 U 5
7 1 U 6
8 0 U 7
9 1 U 8
10 1 U 9
11 1 U -1
12 1 U 10
13 0 U 11
14 0 U 13
15 0 U 14
16 1 U 15
17 1 U 16
18 0 U 17
19 0 U 18
20 1 U 19
21 0 U 20
22 1 U 21
23 0 U 22
24 0 U -1
25 1 U 16
26 1 U 24
27 1 U 26
28 0 U 27
29 0 U 28
30 1 U 29
31 1 U 30
32 0 U 31
33 0 U 32
34 0 U 33
35 1 U -1
36 1 U 35
37 0 U 36
38 1 U 37
39 1 U 38
40 1 U 34
41 1 U 39
42 0 U 41
43 0 U 42
44 0 U 43
45 0 U -1
46 1 U -1
47 1 U 37
48 1 U 45
49 0 U 48
50 1 U 49
51 0 U 50
52 1 U 51
53 0 U 52
54 1 U 53
55 1 U 54
56 1 U 55
57 1 U 56
58
0 0 U -1
1 1 U 0
2 0 U 1
3 0 U 2
4 0 U 3
5 0 U 4
6 1 U 5
7 1 U 6
8 0 U 7
9 1 U 8
10 1 U 9
11 1 U -1
12 1 U 10
13 0 U 11
14 0 U 13
15 0 U 14
16 1 U 15
17 1 U 16
18 0 U 17
19 0 U 18
20 1 U 19
21 0 U 20
22 1 U 21
23 0 U 22
24 0 U -1
25 1 U 16
26 1 U 24
27 1 U 26
28 0 U 2
29 0 U 28
30 1 U 29
31 1 U 30
32 0 U 31
33 0 U 32
34 0 U 33
35 1 U -1
36 1 U 35
37 0 U 36
38 1 U 37
39 1 U 38
40 1 U 34
41 1 U 39
42 0 U 41
43 0 U 42
44 0 U 43
45 0 U -1
46 1 U -1
47 0 U 37
48 1 U 45
49 0 U 48
50 1 U 49
51 0 U 50
52 1 U 51
53 0 U 52
54 1 U 53
55 1 U 54
56 1 U 55
57 1 U 56
58
0 0 U -1
1 1 U 0
2 0 U 1
3 0 U 2
4 0 U 3
5 0 U 4
6 1 U 5
7 1 U 6
8 0 U 7
9 1 U 8
10 1 U 9
11 1 U -1
12 1 U 10
13 0 U 11
14 0 U 13
15 0 U 14
16 1 U 15
17 1 U 16
18 0 U 17
19 0 U 18
20 1 U 19
21 0 U 20
22 1 U 21
23 0 U 22
24 0 U -1
25 1 U 16
26 1 U 24
27 1 U 26
28 0 U 27
29 0 U 28
30 1 U 29
31 1 U 30
32 0 U 31
33 0 U 32
34 0 U 33
35 1 U -1
36 1 U 35
37 0 U 36
38 0 U 37
39 1 U 38
40 1 U 34
41 1 U 39
42 0 U 41
43 0 U 42
44 0 U 43
45 0 U -1
46 1 U -1
47 0 U 37
48 1 U 45
49 0 U 48
50 1 U 49
51 0 U 50
52 1 U 51
53 0 U 52
54 1 U 53
55 1 U 54
56 1 U 55
57 1 U 56
58
0 0 U -1
1 1 U 0
2 0 U 1
3 0 U 2
4 0 U 3
5 0 U 4
6 1 U 5
7 1 U 6
8 0 U 7
9 1 U 8
10 1 U 9
11 1 U -1
12 1 U 10
13 0 U 11
14 0 U 13
15 0 U 14
16 1 U 15
17 1 U 16
18 1 U 17
19 0 U 18
20 1 U 19
21 0 U 20
22 1 U 21
23 0 U 22
24 0 U -1
25 1 U 16
26 1 U 24
27 1 U 26
28 0 U 27
29 0 U 28
30 1 U 29
31 1 U 30
32 0 U 31
33 0 U 32
34 0 U 33
35 1 U -1
36 1 U 35
37 0 U 36
38 0 U 37
39 1 U 38
40 1 U 34
41 1 U 39
42 0 U 41
43 0 U 42
44 0 U 43
45 0 U -1
46 1 U -1
47 0 U 37
48 1 U 45
49 0 U 48
50 1 U 49
51 0 U 50
52 1 U 51
53 0 U 52
54 1 U 53
55 1 U 54
56 1 U 55
57 1 U 56
58
0 0 U -1
1 1 U 0
2 0 U 1
3 0 U 2
4 0 U 3
5 0 U 4
6 1 U 5
7 1 U 6
8 0 U 7
9 1 U 8
10 1 U 9
11 1 U -1
12 1 U 10
13 0 U 11
14 0 U 13
15 0 U 14
16 1 U 15
17 1 U 16
18 0 U 17
19 0 U 18
20 1 U 19
21 0 U 20
22 1 U 21
23 0 U 22
24 0 U -1
25 1 U 16
26 1 U 24
27 1 U 26
28 0 U 27
29 0 U 28
30 1 U 29
31 1 U 30
32 0 U 31
33 0 U 32
34 0 U 33
35 1 U -1
36 1 U 35
37 0 U 36
38 1 U 37
39 1 U 38
40 1 U 34
41 1 U 39
42 0 U 41
43 0 U 42
44 0 U 43
45 0 U -1
46 1 U -1
47 1 U 37
48 1 U 45
49 0 U 48
50 1 U 49
51 1 U 50
52 1 U 51
53 0 U 52
54 1 U 53
55 1 U 54
56 1 U 55
57 1 U 56
58
0 0 U -1
1 1 U 0
2 0 U 1
3 0 U 2
4 1 U 2
5 0 U 4
6 1 U 5
7 1 U 6
8 0 U 7
9 1 U 8
10 1 U 9
11 0 U -1
12 0 U -1
13 0 U 11
14 0 U 13
15 0 U 14
16 1 U 10
17 1 U 15
18 0 U 17
19 0 U 18
20 1 U 19
21 0 U 20
22 1 U 21
23 0 U 22
24 0 U -1
25 1 U 15
26 1 U 24
27 0 U 26
28 0 U 27
29 0 U 28
30 1 U 29
31 1 U 30
32 0 U 31
33 0 U 32
34 0 U 33
35 1 U -1
36 1 U 35
37 0 U 34
38 1 U 36
39 1 U 38
40 1 U 39
41 1 U 40
42 0 U 41
43 0 U 42
44 0 U 43
45 0 U -1
46 1 U -1
47 1 U 36
48 1 U 45
49 0 U 48
50 1 U 49
51 0 U 50
52 1 U 51
53 0 U 48
54 1 U 52
55 1 U 54
56 1 U 55
57 1 U 56
58
0 0 U -1
1 1 U 0
2 0 U 1
3 0 U 2
4 0 U 3
5 0 U 4
6 1 U 5
7 1 U 6
8 0 U 7
9 1 U 8
10 1 U 9
11 1 U -1
12 1 U 10
13 0 U 11
14 0 U 13
15 0 U 14
16 1 U 15
17 0 U 16
18 0 U 17
19 0 U 18
20 1 U 19
21 0 U 20
22 1 U 21
23 0 U 22
24 0 U -1
25 1 U 16
26 1 U 24
27 1 U 26
28 0 U 27
29 0 U 28
30 1 U 29
31 1 U 30
32 0 U 31
33 0 U 32
34 0 U 33
35 1 U -1
36 1 U 35
37 0 U 36
38 1 U 37
39 1 U 38
40 1 U 34
41 1 U 39
42 0 U 41
43 0 U 42
44 0 U 43
45 0 U -1
46 1 U -1
47 0 U 37
48 1 U 45
49 0 U 48
50 1 U 49
51 0 U 50
52 1 U 51
53 0 U 52
54 1 U 53
55 1 U 54
56 1 U 55
57 1 U 56
58
0 0 U -1
1 1 U 0
2 0 U 1
3 0 U 2
4 0 U 3
5 0 U 4
6 1 U 5
7 1 U 6
8 0 U 7
9 1 U 8
10 1 U 9
11 0 U -1
12 1 U 10
13 0 U 11
14 0 U 13
15 0 U 14
16 1 U 15
17 1 U 16
18 0 U 17
19 0 U 18
20 1 U 19
21 0 U 20
22 1 U 21
23 0 U 22
24 0 U -1
25 1 U 16
26 1 U 24
27 1 U 26
28 0 U 27
29 0 U 28
30 1 U 29
31 1 U 30
32 0 U 31
33 0 U 32
34 0 U 33
35 1 U -1
36 1 U 35
37 0 U 36
38 1 U 37
39 1 U 38
40 1 U 34
41 1 U 39
42 0 U 41
43 0 U 42
44 0 U 43
45 0 U -1
46 1 U -1
47 0 U 37
48 1 U 45
49 0 U 48
50 1 U 49
51 0 U 50
52 1 U 51
53 0 U 52
54 1 U 53
55 1 U 54
56 1 U 55
57 1 U 56
58
0 0 U -1
1 1 U 0
2 0 U 1
3 0 U 2
4 0 U 3
5 0 U 4
6 1 U 5
7 1 U 6
8 0 U 7
9 1 U 8
10 1 U 9
11 1 U -1
12 1 U 10
13 0 U 11
14 0 U 13
15 0 U 14
16 1 U 15
17 1 U 16
18 0 U 17
19 0 U 18
20 1 U 19
21 0 U 20
22 1 U 21
23 0 U 22
24 0 U -1
25 1 U 16
26 1 U 24
27 0 U 26
28 0 U 27
29 0 U 28
30 1 U 29
31 1 U 30
32 0 U 31
33 0 U 32
34 0 U 33
35 1 U -1
36 1 U 35
37 0 U 36
38 1 U 37
39 1 U 38
40 1 U 34
41 1 U 39
42 0 U 41
43 0 U 42
44 0 U 43
45 0 U -1
46 1 U -1
47 0 U 37
48 1 U 45
49 0 U 48
50 1 U 49
51 0 U 50
52 1 U 51
53 0 U 52
54 1 U 53
55 1 U 54
56 1 U 55
57 1 U 56
58
0 0 U -1
1 1 U 0
2 0 U 1
3 0 U 2
4 0 U 3
5 0 U 4
6 1 U 5
7 1 U 6
8 0 U 7
9 1 U 8
10 1 U 9
11 1 U -1
12 1 U 10
13 0 U 11
14 0 U 13
15 0 U 14
16 1 U 15
17 0 U 16
18 0 U 17
19 0 U 18
20 1 U 19
21 0 U 20
22 1 U 21
23 0 U 22
24 0 U -1
25 1 U 16
26 1 U 24
27 1 U 26
28 0 U 27
29 0 U 28
30 1 U 29
31 1 U 30
32 0 U 31
33 0 U 32
34 0 U 33
35 1 U -1
36 1 U 35
37 0 U 36
38 1 U 37
39 1 U 38
40 1 U 34
41 1 U 39
42 0 U 41
43 0 U 42
44 0 U 43
45 0 U -1
46 1 U -1
47 0 U 37
48 1 U 45
49 0 U 48
50 1 U 49
51 0 U 50
52 1 U 51
53 0 U 52
54 1 U 53
55 1 U 54
56 1 U 55
57 1 U 56
58
0 0 U -1
1 1 U 0
2 0 U 1
3 0 U 2
4 0 U 3
5 0 U 4
6 1 U 5
7 1 U 6
8 0 U 7
9 1 U 8
10 1 U 9
11 1 U -1
12 1 U 10
13 0 U 11
14 0 U 13
15 0 U 14
16 1 U 15
17 0 U 16
18 0 U 17
19 0 U 18
20 1 U 19
21 0 U 20
22 1 U 21
23 0 U 22
24 0 U -1
25 1 U 16
26 1 U 24
27 1 U 26
28 0 U 27
29 0 U 28
30 1 U 29
31 1 U 30
32 1 U 31
33 0 U 32
34 0 U 33
35 1 U -1
36 1 U 35
37 0 U 36
38 1 U 37
39 1 U 38
40 1 U 34
41 1 U 39
42 0 U 41
43 0 U 42
44 0 U 43
45 0 U -1
46 1 U -1
47 0 U 37
48 1 U 45
49 0 U 48
50 1 U 49
51 0 U 50
52 1 U 51
53 0 U 52
54 1 U 53
55 1 U 54
56 1 U 55
57 1 U 56
58
0 0 U -1
1 1 U 0
2 0 U 1
3 0 U 2
4 0 U 3
5 0 U 4
6 1 U 5
7 1 U 6
8 0 U 7
9 1 U 8
10 1 U 9
11 1 U -1
12 1 U 10
13 0 U 11
14 0 U 13
15 0 U 14
16 1 U 15
17 1 U 16
18 0 U 17
19 0 U 18
20 1 U 19
21 0 U 20
22 1 U 21
23 0 U 22
24 0 U -1
25 1 U 16
26 1 U 24
27 1 U 26
28 0 U 27
29 0 U 28
30 1 U 29
31 1 U 30
32 0 U 31
33 0 U 32
34 0 U 33
35 1 U -1
36 1 U 35
37 0 U 36
38 1 U 37
39 1 U 38
40 1 U 34
41 1 U 39
42 0 U 41
43 0 U 42
44 0 U 43
45 0 U -1
46 1 U -1
47 1 U 37
48 1 U 45
49 0 U 48
50 1 U 49
51 0 U 50
52 1 U 51
53 0 U 52
54 1 U 53
55 1 U 54
56 1 U 55
57 1 U 56
58
0 0 U -1
1 1 U 0
2 0 U 1
3 0 U 2
4 0 U 3
5 0 U 4
6 1 U 5
7 1 U 6
8 0 U 7
9 1 U 8
10 1 U 9
11 1 U -1
12 1 U 10
13 0 U 11
14 0 U 13
15 0 U 14
16 1 U 15
17 1 U 16
18 0 U 17
19 0 U 18
20 1 U 19
21 0 U 20
22 1 U 21
23 0 U 22
24 0 U -1
25 1 U 16
26 1 U 24
27 0 U 26
28 0 U 27
29 0 U 28
30 1 U 29
31 1 U 30
32 0 U 31
33 0 U 32
34 0 U 33
35 1 U -1
36 1 U 35
37 0 U 36
38 1 U 37
39 1 U 38
40 1 U 34
41 1 U 39
42 0 U 41
43 0 U 42
44 0 U 43
45 0 U -1
46 1 U -1
47 0 U 37
48 1 U 45
49 0 U 48
50 1 U 49
51 0 U 50
52 1 U 51
53 0 U 52
54 1 U 53
55 1 U 54
56 1 U 55
57 1 U 56
58
0 0 U -1
1 1 U 0
2 0 U 1
3 0 U 2
4 0 U 3
5 0 U 4
6 1 U 5
7 1 U 6
8 0 U 7
9 1 U 8
10 1 U 9
11 0 U -1
12 1 U 10
13 0 U 11
14 0 U 13
15 0 U 14
16 1 U 15
17 1 U 16
18 0 U 17
19 0 U 18
20 1 U 19
21 0 U 20
22 1 U 21
23 0 U 22
24 0 U -1
25 1 U 16
26 1 U 24
27 1 U 26
28 0 U 27
29 0 U 28
30 1 U 29
31 1 U 30
32 0 U 31
33 0 U 32
34 0 U 33
35 1 U -1
36 1 U 35
37 0 U 36
38 1 U 37
39 1 U 38
40 1 U 34
41 1 U 39
42 0 U 41
43 0 U 42
44 0 U 43
45 0 U -1
46 1 U -1
47 0 U 37
48 1 U 45
49 0 U 48
50 1 U 49
51 0 U 50
52 1 U 51
53 0 U 52
54 1 U 53
55 1 U 54
56 1 U 55
57 1 U 56
58
0 0 U -1
1 1 U 0
2 0 U 1
3 0 U 2
4 0 U 3
5 0 U 4
6 1 U 5
7 1 U 6
8 0 U 7
9 1 U 8
10 1 U 9
11 1 U -1
12 1 U 10
13 0 U 11
14 0 U 13
15 0 U 14
16 1 U 15
17 1 U 16
18 0 U 17
19 0 U 18
20 1 U 19
21 0 U 20
22 1 U 21
23 0 U 22
24 0 U -1
25 0 U 16
26 1 U 24
27 1 U 26
28 0 U 27
29 0 U 28
30 1 U 29
31 1 U 30
32 0 U 31
33 0 U 32
34 0 U 33
35 1 U -1
36 1 U 35
37 0 U 36
38 1 U 37
39 1 U 38
40 1 U 34
41 1 U 39
42 0 U 41
43 0 U 42
44 0 U 43
45 0 U -1
46 1 U -1
47 0 U 37
48 1 U 45
49 0 U 48
50 1 U 49
51 0 U 50
52 1 U 51
53 0 U 52
54 1 U 53
55 1 U 54
56 1 U 55
57 1 U 56
58
0 0 U -1
1 1 U 0
2 0 U 1
3 0 U 2
4 0 U 3
5 0 U 4
6 1 U 5
7 1 U 6
8 0 U 7
9 1 U 8
10 1 U 9
11 1 U -1
12 1 U 10
13 0 U 11
14 0 U 13
15 0 U 14
16 1 U 15
17 0 U 16
18 0 U 17
19 0 U 18
20 1 U 19
21 0 U 20
22 1 U 21
23 0 U 22
24 0 U -1
25 1 U 16
26 1 U 24
27 1 U 26
28 0 U 27
29 0 U 28
30 1 U 29
31 1 U 30
32 0 U 31
33 0 U 32
34 0 U 33
35 1 U -1
36 1 U 35
37 0 U 36
38 1 U 37
39 1 U 38
40 1 U 34
41 1 U 39
42 0 U 41
43 0 U 42
44 0 U 43
45 0 U -1
46 1 U -1
47 0 U 37
48 1 U 45
49 0 U 48
50 1 U 49
51 0 U 50
52 1 U 51
53 0 U 52
54 1 U 53
55 1 U 54
56 1 U 55
57 1 U 56
58
0 0 U -1
1 1 U 0
2 0 U 1
3 0 U 2
4 0 U 3
5 0 U 4
6 1 U 5
7 1 U 6
8 0 U 7
9 1 U 8
10 1 U 9
11 1 U -1
12 1 U 10
13 0 U 11
14 0 U 13
15 0 U 14
16 1 U 15
17 0 U 16
18 0 U 17
19 0 U 18
20 1 U 19
21 0 U 20
22 1 U 21
23 0 U 22
24 0 U -1
25 1 U 16
26 1 U 24
27 1 U 26
28 0 U 27
29 0 U 28
30 1 U 29
31 1 U 30
32 0 U 31
33 0 U 32
34 0 U 33
35 1 U -1
36 1 U 35
37 0 U 36
38 0 U 37
39 1 U 38
40 1 U 34
41 1 U 39
42 0 U 41
43 0 U 42
44 0 U 43
45 0 U -1
46 1 U -1
47 0 U 37
48 1 U 45
49 0 U 48
50 1 U 49
51 0 U 50
52 1 U 51
53 0 U 52
54 1 U 53
55 1 U 54
56 1 U 55
57 1 U 56
58
0 0 U -1
1 1 U 0
2 0 U 1
3 0 U 2
4 1 U 2
5 0 U 4
6 1 U 5
7 1 U 6
8 0 U 7
9 1 U 8
10 1 U 9
11 0 U -1
12 0 U -1
13 0 U 11
14 0 U 13
15 0 U 14
16 1 U 10
17 1 U 15
18 0 U 17
19 0 U 18
20 1 U 19
21 0 U 20
22 1 U 21
23 0 U 22
24 0 U -1
25 1 U 15
26 1 U 24
27 0 U 26
28 0 U 27
29 0 U 28
30 1 U 29
31 1 U 30
32 0 U 31
33 0 U 32
34 0 U 33
35 1 U -1
36 1 U 35
37 0 U 34
38 1 U 36
39 1 U 38
40 1 U 39
41 1 U 40
42 0 U 41
43 0 U 42
44 0 U 43
45 0 U -1
46 1 U -1
47 1 U 36
48 1 U 45
49 0 U 48
50 1 U 49
51 0 U 50
52 1 U 51
53 0 U 48
54 1 U 52
55 1 U 54
56 1 U 55
57 1 U 56
58
0 0 U -1
1 1 U 0
2 0 U 1
3 0 U 2
4 0 U 3
5 0 U 4
6 1 U 5
7 1 U 6
8 0 U 7
9 1 U 8
10 1 U 9
11 1 U -1
12 1 U 10
13 0 U 11
14 0 U 13
15 0 U 14
16 1 U 15
17 0 U 16
18 0 U 17
19 0 U 18
20 1 U 19
21 0 U 20
22 1 U 21
23 0 U 22
24 0 U -1
25 1 U 16
26 1 U 24
27 1 U 26
28 0 U 27
29 0 U 28
30 1 U 29
31 1 U 30
32 0 U 31
33 0 U 32
34 0 U 33
35 1 U -1
36 1 U 35
37 0 U 36
38 1 U 37
39 1 U 38
40 1 U 34
41 1 U 39
42 0 U 41
43 0 U 42
44 0 U 43
45 1 U -1
46 1 U -1
47 0 U 37
48 1 U 45
49 0 U 48
50 1 U 49
51 0 U 50
52 1 U 51
53 0 U 52
54 1 U 53
55 1 U 54
56 1 U 55
57 1 U 56
58
0 0 U -1
1 1 U 0
2 0 U 1
3 0 U 2
4 0 U 3
5 0 U 4
6 1 U 5
7 1 U 6
8 0 U 7
9 1 U 8
10 1 U 9
11 1 U -1
12 1 U 10
13 0 U 11
14 0 U 13
15 0 U 14
16 1 U 15
17 0 U 16
18 0 U 17
19 0 U 18
20 1 U 19
21 0 U 20
22 1 U 21
23 0 U 22
24 0 U -1
25 1 U 16
26 1 U 24
27 1 U 26
28 0 U 27
29 0 U 28
30 1 U 29
31 1 U 30
32 0 U 31
33 0 U 32
34 0 U 33
35 1 U -1
36 1 U 35
37 0 U 36
38 1 U 37
39 1 U 38
40 1 U 34
41 1 U 39
42 0 L 41
43 0 U 42
44 0 U 43
45 0 U -1
46 1 U -1
47 0 U 37
48 1 U 45
49 0 U 48
50 1 U 49
51 0 U 50
52 1 U 51
53 0 U 52
54 1 U 53
55 1 U 54
56 1 U 55
57 1 U 56
58
0 0 U -1
1 1 U 0
2 0 U 1
3 0 U 2
4 0 U 3
5 0 U 4
6 1 U 5
7 1 U 6
8 0 U 7
9 1 U 8
10 1 U 9
11 1 U -1
12 1 U 10
13 0 U 11
14 0 U 13
15 0 U 14
16 1 U 15
17 0 U 16
18 0 U 17
19 0 U 18
20 1 U 19
21 0 U 20
22 1 U 21
23 0 U 22
24 0 U -1
25 1 U 16
26 1 U 24
27 1 U 26
28 0 U 27
29 0 U 28
30 1 U 29
31 1 U 30
32 0 U 31
33 0 U 32
34 0 U 33
35 1 U -1
36 1 U 35
37 0 U 36
38 1 U 37
39 1 U 38
40 1 U 34
41 1 U 39
42 0 U 41
43 0 U 42
44 0 U 43
45 0 U -1
46 1 U -1
47 0 U 37
48 1 U 45
49 0 U 48
50 1 U 49
51 0 U 50
52 1 U 51
53 1 U 52
54 1 U 53
55 1 U 54
56 1 U 55
57 1 U 56
58
0 0 U -1
1 1 L -1
2 0 U 1
3 0 U 2
4 0 U 3
5 0 U 4
6 1 U 5
7 1 U 6
8 0 U 7
9 1 U 8
10 1 U 9
11 1 U -1
12 1 U 10
13 0 U 11
14 0 U 13
15 0 U 14
16 1 U 15
17 0 U 16
18 0 U 17
19 0 U 18
20 1 U 19
21 0 U 20
22 1 U 21
23 0 U 22
24 0 U -1
25 1 U 16
26 1 U 24
27 1 U 26
28 0 U 27
29 0 U 28
30 1 U 29
31 1 U 30
32 0 U 31
33 0 U 32
34 0 U 33
35 1 U -1
36 1 U 35
37 0 U 36
38 1 U 37
39 1 U 38
40 1 U 34
41 1 U 39
42 0 U 41
43 0 U 42
44 0 U 43
45 0 U -1
46 1 U -1
47 0 U 37
48 1 U 45
49 0 U 48
50 1 U 49
51 0 U 50
52 1 U 51
53 0 U 52
54 1 U 53
55 1 U 54
56 1 U 55
57 1 U 56
58
0 0 U -1
1 1 U 0
2 0 U 1
3 0 U 2
4 0 U 3
5 0 U 4
6 1 U 5
7 1 U 6
8 0 U 7
9 1 U 8
10 1 U 9
11 1 U -1
12 1 U 10
13 0 U 11
14 0 U 13
15 0 U 14
16 1 U 15
17 0 U 16
18 0 U 17
19 0 U 18
20 1 U 19
21 0 U 20
22 1 U 21
23 0 U 22
24 0 U -1
25 1 U 16
26 1 U 24
27 1 U 26
28 0 U 27
29 0 U 28
30 1 U 29
31 1 U 30
32 0 U 31
33 0 U 32
34 0 U 33
35 1 U -1
36 1 U 35
37 0 U 36
38 1 U 37
39 1 U 38
40 1 U 34
41 1 U 39
42 0 U 41
43 1 U 42
44 0 U 43
45 0 U -1
46 1 U -1
47 0 U 37
48 1 U 45
49 0 U 48
50 1 U 49
51 0 U 50
52 1 U 51
53 0 U 52
54 1 U 53
55 1 U 54
56 1 U 55
57 1 U 56
58
0 0 U -1
1 1 U 0
2 0 U 1
3 0 U 2
4 0 U 3
5 0 U 4
6 1 U 5
7 1 U 6
8 0 U 7
9 1 U 8
10 1 U 9
11 1 U -1
12 1 U 10
13 0 U 11
14 0 U 13
15 0 U 14
16 1 U 15
17 0 U 16
18 0 U 17
19 0 L 17
20 1 U 19
21 0 U 20
22 1 U 21
23 0 U 22
24 0 U -1
25 1 U 16
26 1 U 24
27 1 U 26
28 0 U 27
29 0 U 28
30 1 U 29
31 1 U 30
32 0 U 31
33 0 U 32
34 0 U 33
35 1 U -1
36 1 U 35
37 0 U 36
38 1 U 37
39 1 U 38
40 1 U 34
41 1 U 39
42 0 U 41
43 0 U 42
44 0 U 43
45 0 U -1
46 1 U -1
47 0 U 37
48 1 U 45
49 0 U 48
50 1 U 49
51 0 U 50
52 1 U 51
53 0 U 52
54 1 U 53
55 1 U 54
56 1 U 55
57 1 U 56
58
0 0 U -1
1 1 U 0
2 0 U 1
3 0 U 2
4 0 U 3
5 0 U 4
6 1 U 5
7 1 U 6
8 0 U 7
9 1 U 8
10 1 U 9
11 1 U -1
12 1 U 10
13 0 U 11
14 0 U 13
15 0 U 14
16 1 U 15
17 0 U 16
18 0 U 17
19 0 U 18
20 1 U 19
21 0 U 20
22 1 U 21
23 0 U 22
24 0 U -1
25 1 U 16
26 1 U 24
27 1 U 26
28 0 U 27
29 0 U 28
30 1 U 29
31 1 U 30
32 0 U 31
33 0 U 32
34 0 U 33
35 1 U -1
36 1 U 35
37 0 U 36
38 1 U 37
39 1 U 38
40 1 U 34
41 1 U 39
42 0 U 41
43 0 U 42
44 0 U 43
45 1 U -1
46 1 U -1
47 0 U 37
48 1 U 45
49 0 U 48
50 1 U 49
51 0 U 50
52 1 U 51
53 0 U 52
54 1 U 53
55 1 U 54
56 1 U 55
57 1 U 56
58
0 0 U -1
1 1 U 0
2 0 U 1
3 0 U 2
4 0 U 3
5 0 U 4
6 1 U 5
7 1 U 6
8 0 U 7
9 1 U 8
10 1 U 9
11 1 U -1
12 1 U 10
13 0 U 11
14 0 U 13
15 0 U 14
16 1 U 15
17 0 U 16
18 0 U 17
19 0 U 18
20 1 U 19
21 0 U 20
22 1 U 21
23 0 U 22
24 0 U -1
25 1 U 16
26 1 U 24
27 1 U 26
28 0 U 27
29 0 U 28
30 1 U 29
31 1 U 30
32 0 U 31
33 0 U 32
34 0 U 33
35 1 U -1
36 1 U 35
37 0 U 36
38 1 U 37
39 1 U 38
40 1 U 34
41 1 U 39
42 0 U 41
43 0 U 42
44 0 U 43
45 1 U -1
46 1 U -1
47 1 U 37
48 1 U 45
49 0 U 48
50 1 U 49
51 0 U 50
52 1 U 51
53 0 U 52
54 1 U 53
55 1 U 54
56 1 U 55
57 1 U 56
58
0 0 U -1
1 1 U 0
2 0 U 1
3 1 U 2
4 0 U 3
5 0 U 4
6 1 U 5
7 1 U 6
8 0 U 7
9 1 U 8
10 1 U 9
11 1 U -1
12 1 U 10
13 0 U 11
14 0 U 13
15 0 U 14
16 1 U 15
17 0 U 16
18 0 U 17
19 0 U 18
20 1 U 19
21 0 U 20
22 1 U 21
23 0 U 22
24 0 U -1
25 1 U 16
26 1 U 24
27 1 U 26
28 0 U 27
29 0 U 28
30 1 U 29
31 1 U 30
32 0 U 31
33 0 U 32
34 0 U 33
35 1 U -1
36 1 U 35
37 0 U 36
38 1 U 37
39 1 U 38
40 1 U 34
41 1 U 39
42 0 U 41
43 0 U 42
44 0 U 43
45 1 U -1
46 1 U -1
47 0 U 37
48 1 U 45
49 0 U 48
50 1 U 49
51 0 U 50
52 1 U 51
53 0 U 52
54 1 U 53
55 1 U 54
56 1 U 55
57 1 U 56
58
0 0 U -1
1 1 U 0
2 0 U 1
3 0 U 2
4 0 U 3
5 0 U 4
6 1 U 5
7 1 U 6
8 0 U 7
9 1 U 8
10 1 U 9
11 1 U -1
12 1 U 10
13 0 U 11
14 0 U 13
15 0 U 14
16 1 U 15
17 0 U 16
18 0 U 17
19 0 U 18
20 1 U 19
21 0 U 20
22 1 U 21
23 0 U 22
24 0 U -1
25 1 U 16
26 1 U 24
27 1 U 26
28 0 U 27
29 0 U 28
30 1 U 29
31 1 U 30
32 0 U 31
33 0 U 32
34 0 U 33
35 1 U -1
36 1 U 35
37 0 U 36
38 1 U 37
39 1 U 38
40 1 U 34
41 1 U 39
42 0 U 41
43 0 U 42
44 0 U 43
45 0 U -1
46 1 U -1
47 0 U 37
48 1 U 45
49 0 U 48
50 1 U 49
51 0 U 50
52 1 U 51
53 0 U 52
54 1 U 53
55 1 U 54
56 1 U 55
57 1 U 56
58
0 0 U -1
1 1 U 0
2 0 U 1
3 0 U 2
4 0 U 3
5 0 U 4
6 1 U 5
7 1 U 6
8 0 U 7
9 1 U 8
10 1 U 9
11 1 U -1
12 1 U 10
13 0 U 11
14 0 U 13
15 0 U 14
16 1 U 15
17 1 U 16
18 0 U 17
19 0 U 18
20 1 U 19
21 0 U 20
22 1 U 21
23 0 U 22
24 0 U -1
25 1 U 16
26 1 U 24
27 0 U 26
28 0 U 27
29 0 U 28
30 1 U 29
31 1 U 30
32 0 U 31
33 0 U 32
34 0 U 33
35 1 U -1
36 1 U 35
37 0 U 36
38 1 U 37
39 1 U 38
40 1 U 34
41 1 U 39
42 0 U 41
43 0 U 42
44 0 U 43
45 1 U -1
46 1 U -1
47 0 U 37
48 1 U 45
49 0 U 48
50 1 U 49
51 0 U 50
52 1 U 51
53 0 U 52
54 1 U 53
55 1 U 54
56 1 U 55
57 1 U 56
58
0 0 U -1
1 1 U 0
2 0 U 1
3 0 U 2
4 0 U 3
5 0 U 4
6 1 U 5
7 1 U 6
8 0 U 7
9 1 U 8
10 1 U 9
11 1 U -1
12 1 U 10
13 0 U 11
14 0 U 13
15 0 U 14
16 1 U 15
17 0 U 16
18 0 U 17
19 0 U 18
20 1 U 19
21 0 U 20
22 1 U 21
23 0 U 22
24 0 U -1
25 1 U 16
26 1 U 24
27 1 U 26
28 0 U 27
29 0 U 28
30 1 U 29
31 1 U 30
32 0 U 31
33 0 U 32
34 0 U 33
35 1 U -1
36 1 U 35
37 0 U 36
38 1 U 37
39 1 U 38
40 1 U 34
41 1 U 39
42 0 U 41
43 0 U 42
44 0 U 43
45 1 U -1
46 1 U -1
47 0 U 30
48 1 U 45
49 0 U 48
50 1 U 49
51 0 U 50
52 1 U 51
53 0 U 52
54 1 U 53
55 1 U 54
56 1 U 55
57 1 U 56
58
0 0 U -1
1 1 U 0
2 0 U 1
3 0 U 2
4 1 U 2
5 0 U 4
6 1 U 5
7 1 U 6
8 0 U 7
9 1 U 8
10 1 U 9
11 0 U -1
12 0 U -1
13 0 U 11
14 0 U 13
15 0 U 14
16 1 U 10
17 1 U 15
18 0 U 17
19 0 U 18
20 1 U 19
21 0 U 20
22 1 U 21
23 0 U 22
24 0 U -1
25 1 U 15
26 1 U 24
27 0 U 26
28 0 U 27
29 0 U 28
30 1 U 29
31 1 U 30
32 1 U 31
33 0 U 32
34 0 U 33
35 1 U -1
36 1 U 35
37 0 U 34
38 1 U 36
39 1 U 38
40 1 U 39
41 1 U 40
42 0 U 41
43 0 U 42
44 0 U 43
45 0 U -1
46 1 U -1
47 1 U 36
48 1 U 45
49 0 U 48
50 1 U 49
51 1 U 50
52 1 U 51
53 0 U 48
54 1 U 52
55 1 U 54
56 1 U 55
57 1 U 56
58
0 0 L -1
1 1 U 0
2 0 U 1
3 0 U 2
4 0 U 3
5 0 U 4
6 1 U 5
7 1 U 6
8 0 U 7
9 1 U 8
10 1 U 9
11 1 U -1
12 1 U 10
13 0 U 11
14 0 U 13
15 0 U 14
16 1 U 15
17 0 U 16
18 0 U 17
19 0 U 18
20 1 U 19
21 0 U 20
22 1 U 21
23 0 U 22
24 0 U -1
25 1 U 16
26 1 U 24
27 1 U 26
28 0 U 27
29 0 U 28
30 1 U 29
31 1 U 30
32 0 U 31
33 0 U 32
34 0 U 33
35 1 U -1
36 1 U 35
37 0 U 36
38 1 U 37
39 1 U 38
40 1 U 34
41 1 U 39
42 0 U 41
43 0 U 42
44 0 U 43
45 1 U -1
46 1 U -1
47 0 U 37
48 1 U 45
49 0 U 48
50 1 U 49
51 0 U 50
52 1 U 51
53 0 U 52
54 1 U 53
55 1 U 54
56 1 U 55
57 1 U 56
58
0 0 U -1
1 1 U 0
2 0 U 1
3 0 U 2
4 0 U 3
5 0 U 4
6 1 U 5
7 1 U 6
8 0 U 7
9 1 U 8
10 1 U 9
11 1 U -1
12 1 U 10
13 0 U 11
14 0 U 13
15 0 U 14
16 1 U 15
17 0 U 16
18 0 U 17
19 0 U 18
20 1 U 19
21 0 U 20
22 1 U 21
23 0 U 22
24 0 U -1
25 1 U 16
26 1 U 24
27 1 U 26
28 1 U 27
29 0 U 28
30 1 U 29
31 1 U 30
32 0 U 31
33 0 U 32
34 0 U 33
35 1 U -1
36 1 U 35
37 0 U 36
38 1 U 37
39 1 U 38
40 1 U 34
41 1 U 39
42 0 U 41
43 0 U 42
44 0 U 43
45 1 U -1
46 1 U -1
47 0 U 37
48 1 U 45
49 0 U 48
50 1 U 49
51 0 U 50
52 1 U 51
53 0 U 52
54 1 U 53
55 1 U 54
56 1 U 55
57 1 U 56
