70
20 15 20 13 22 13 22 15 
11 14 10 13 11 12 12 13 
16 15 18 13 20 15 18 17 
11 20 9 20 9 14 11 14 
14 15 15 14 16 15 15 16 
14 16 12 16 12 15 14 15 
13 19 12 18 14 16 15 17 
13 18 15 18 15 19 13 19 
17 22 15 24 11 20 13 18 
19 24 17 24 17 22 19 22 
20 23 19 24 18 23 19 22 
18 21 20 21 20 23 18 23 
21 16 20 15 21 14 22 15 
21 17 21 16 22 16 22 17 
18 20 15 17 18 14 21 17 
11 21 11 20 18 20 18 21 
16 22 14 24 11 21 13 19 
21 12 22 13 21 14 20 13 
23 14 21 14 21 12 23 12 
19 11 19 12 18 12 18 11 
23 15 22 16 18 12 19 11 
23 17 22 18 21 17 22 16 
13 13 15 15 14 16 12 14 
23 16 22 16 22 15 23 15 
8 24 8 19 13 19 13 24 
17 12 18 11 19 12 18 13 
14 9 17 12 15 14 12 11 
14 10 15 11 13 13 12 12 
5 21 8 18 11 21 8 24 
13 14 12 14 12 13 13 13 
14 11 15 12 13 14 12 13 
17 11 17 12 15 12 15 11 
14 17 14 16 15 16 15 17 
16 17 15 18 14 17 15 16 
20 17 18 19 16 17 18 15 
15 22 16 22 16 24 15 24 
12 10 14 10 14 11 12 11 
5 13 10 13 10 21 5 21 
9 9 12 12 8 16 5 13 
14 8 17 11 15 13 12 10 
19 20 20 21 19 22 18 21 
15 26 13 24 15 22 17 24 
14 26 14 24 15 24 15 26 
23 18 22 18 22 17 23 17 
24 17 23 18 22 17 23 16 
24 13 23 14 22 13 23 12 
22 11 24 11 24 13 22 13 
24 16 24 17 23 17 23 16 
17 17 17 22 16 22 16 17 
19 17 18 18 17 17 18 16 
9 8 14 8 14 9 9 9 
6 18 8 16 16 24 14 26 
24 15 23 16 22 15 23 14 
20 20 19 20 19 17 20 17 
23 10 24 11 23 12 22 11 
8 9 9 8 12 11 11 12 
24 14 24 15 23 15 23 14 
25 15 24 16 23 15 24 14 
21 18 20 17 21 16 22 17 
21 19 18 19 18 18 21 18 
25 16 24 16 24 15 25 15 
23 9 23 10 14 10 14 9 
16 14 18 14 18 15 16 15 
8 14 8 9 9 9 9 14 
22 20 21 20 21 19 22 19 
21 21 20 21 20 20 21 20 
20 6 23 9 18 14 15 11 
17 25 16 24 20 20 21 21 
6 19 6 18 8 18 8 19 
23 19 22 20 21 19 22 18 
