141 295 190 351
198 369 350 746
284 528 184 634
174 501 483 746
101 24 253 274
435 730 300 375
278 468 629 101
422 248 353 769
630 661 369 95
526 82 367 693
635 111 223 19
352 368 794 316
730 384 94 206
57 154 466 619
548 151 755 237
224 435 283 214
552 621 624 159
366 210 433 72
63 159 677 790
453 632 301 607
502 283 544 15
107 603 570 611
194 769 289 540
223 520 154 753
304 50 679 429
435 210 668 671
577 334 32 353
784 500 121 665
307 117 532 120
658 394 319 457
45 456 708 374
770 77 625 708
140 190 294 101
448 486 466 748
517 374 266 530
137 485 613 86
313 634 742 532
706 296 179 732
210 246 261 297
729 304 587 461
217 470 86 779
94 766 689 604
339 441 467 564
656 336 589 595
234 546 640 303
777 630 62 737
252 407 460 145
584 30 50 137
712 263 414 248
376 47 707 628
543 3 584 206
494 118 58 70
451 612 559 424
345 344 428 520
576 636 174 232
344 129 612 400
521 266 247 271
143 112 726 552
600 9 453 133
763 364 25 499
614 419 6 150
546 612 745 460
621 760 770 142
602 106 417 7
448 139 357 177
798 60 459 320
286 241 720 661
429 20 435 566
249 515 143 556
379 622 515 355
404 346 640 729
337 749 542 627
357 498 437 354
368 119 623 391
61 424 410 750
167 641 542 221
478 751 138 562
279 192 289 496
459 375 537 762
478 58 582 313
415 252 376 548
229 478 593 586
56 221 402 655
54 302 41 746
717 469 415 18
337 437 554 793
620 498 549 794
359 637 774 636
484 338 243 302
714 190 243 751
225 58 36 356
304 537 289 14
273 568 227 21
0 651 21 403
300 339 123 683
140 418 19 175
372 594 415 411
209 218 258 740
788 319 470 41
98 98 89 354
622 290 474 107
691 671 704 26
755 705 466 265
525 70 276 368
537 471 140 378
773 355 258 399
261 131 394 350
789 538 38 113
178 580 51 2
32 248 51 736
580 462 750 625
385 321 142 3
508 658 711 533
86 260 686 265
97 130 203 329
637 767 555 703
385 793 121 172
658 671 386 336
628 536 619 116
706 451 314 167
280 464 531 628
254 248 400 259
356 317 339 86
217 2 716 356
86 267 613 678
315 676 110 224
796 229 18 693
175 409 217 133
565 646 468 779
623 113 210 675
530 710 271 669
112 421 732 630
434 494 672 341
248 632 457 528
783 80 385 390
792 685 545 279
328 390 449 760
775 400 604 339
390 762 693 78
456 564 535 201
606 80 581 287
272 413 284 144
331 546 639 437
548 539 458 309
245 531 280 226
261 563 796 693
468 603 644 210
705 320 246 243
414 254 547 15
431 599 285 101
191 91 579 2
11 464 467 300
560 699 239 31
322 399 589 547
371 384 214 730
474 758 727 756
146 89 38 787
115 730 632 226
451 214 610 770
309 240 239 376
640 187 781 610
388 251 349 626
210 394 664 719
484 488 108 315
621 90 50 655
470 96 549 761
660 532 437 509
682 541 292 517
416 716 436 348
366 767 198 265
637 265 401 90
793 461 540 743
62 15 26 117
660 725 318 487
280 121 91 623
406 386 358 119
47 668 55 31
661 63 378 179
266 404 435 479
495 654 512 338
627 677 447 90
105 790 165 646
748 236 276 155
593 470 36 342
372 738 369 178
702 112 106 82
210 542 657 97
324 563 429 303
255 334 91 29
417 507 435 345
17 440 578 645
147 449 645 184
16 424 293 330
26 533 225 687
260 437 721 80
369 321 239 369
280 698 80 758
484 60 572 536
130 797 337 352
220 250 621 415
152 694 692 493
12 494 610 244
596 695 651 320
532 92 317 524
795 236 730 435
360 752 408 317
144 174 411 4
225 40 507 551
397 96 19 554
363 270 756 410
546 72 263 713
40 773 655 467
314 411 616 393
489 727 377 247
578 142 267 107
308 75 632 97
342 302 397 565
791 743 500 707
667 642 326 351
445 511 495 599
389 679 383 573
276 484 341 588
194 687 739 401
183 637 426 469
572 486 612 176
482 494 411 384
184 683 556 302
731 506 772 132
208 311 526 364
56 312 379 659
680 7 579 610
524 507 159 780
85 452 663 183
625 316 656 429
407 12 227 254
137 341 375 460
405 593 776 633
86 98 326 38
553 730 637 792
14 161 596 306
349 56 460 635
348 351 788 470
640 82 223 201
739 602 51 275
378 720 460 355
764 701 781 96
431 797 751 597
303 622 91 304
488 197 570 447
775 762 462 238
91 399 40 272
249 581 531 96
133 682 676 204
570 183 521 345
81 370 357 187
291 410 593 529
728 182 319 330
231 434 263 127
490 287 118 105
677 185 653 453
14 259 433 72
56 365 70 45
129 406 638 655
351 199 36 188
163 376 538 572
589 19 423 661
338 337 486 142
777 293 500 463
463 594 164 319
645 67 766 744
302 314 8 782
185 665 480 709
548 188 698 57
614 105 571 772
756 363 116 686
707 473 159 747
445 727 86 129
289 519 653 261
51 734 223 325
471 229 148 667
297 207 87 760
136 767 683 58
40 750 4 390
745 153 354 326
341 187 195 667
661 431 235 75
696 60 308 640
634 159 495 573
86 750 692 31
506 403 725 453
263 482 745 233
533 560 28 658
314 501 192 537
519 237 123 609
754 125 571 669
120 50 367 17
462 162 558 60
79 205 602 786
756 408 755 750
64 334 233 736
380 274 217 21
227 488 667 275
216 678 342 568
60 249 720 711
94 744 470 714
740 742 167 660
227 564 168 717
533 704 251 39
741 239 63 454
162 772 160 279
185 287 533 636
308 456 760 106
655 774 75 107
55 748 145 122
722 771 146 669
327 126 117 236
32 723 117 108
759 521 193 402
483 746 458 551
577 219 471 611
242 125 453 255
155 375 618 501
748 86 785 397
170 481 126 403
732 796 599 134
20 506 115 418
439 800 283 595
545 338 797 767
756 349 708 631
732 335 470 328
6 321 17 491
146 538 419 15
158 557 660 638
498 280 104 603
294 305 692 148
790 304 180 377
461 340 145 48
659 733 209 768
181 705 482 279
55 142 316 111
464 131 334 173
183 658 181 434
625 1 26 739
505 283 226 53
92 229 320 456
418 9 358 766
254 618 474 423
250 597 1 626
76 560 514 147
100 798 702 101
108 143 337 229
752 467 266 547
134 712 558 333
747 695 261 375
209 798 339 303
598 514 110 36
362 43 219 175
467 382 82 94
180 775 446 528
13 388 362 465
604 83 592 758
259 278 455 660
537 225 715 377
642 66 102 744
249 496 163 281
357 180 281 675
599 411 739 225
222 452 599 222
75 228 452 250
423 426 581 475
515 438 299 686
366 458 109 578
367 90 67 22
342 123 376 711
31 758 362 163
344 81 97 483
791 451 566 341
682 285 9 401
169 78 123 673
572 624 130 660
100 116 527 552
760 91 476 348
381 501 23 14
783 780 565 327
328 244 308 474
725 232 153 212
205 394 643 347
1 666 615 35
115 771 749 123
512 719 29 553
653 645 121 164
137 415 322 219
168 637 442 773
496 333 616 365
91 404 558 189
499 504 56 267
285 545 500 71
443 250 266 559
797 185 481 728
398 125 741 260
268 342 545 293
663 154 718 634
680 660 596 119
59 743 768 101
335 733 77 132
406 10 594 300
585 174 3 753
529 31 504 681
778 738 662 427
409 390 486 691
385 34 540 511
529 656 199 137
143 414 95 262
149 97 739 12
198 164 329 433
367 657 197 763
793 367 2 321
498 150 254 303
747 308 769 739
113 723 464 189
246 116 537 601
187 512 394 390
622 84 324 443
558 507 577 374
349 406 697 797
474 523 82 188
550 334 740 259
698 348 105 562
665 686 132 706
69 746 363 231
49 172 724 663
441 540 148 42
678 368 632 163
154 206 252 67
403 478 523 672
403 400 778 6
490 32 207 369
235 403 715 501
124 403 483 623
794 36 148 646
531 372 667 70
471 304 497 474
242 158 303 444
91 542 543 726
157 647 194 767
727 730 72 244
647 370 522 797
453 595 229 704
721 240 475 112
578 277 291 693
68 583 511 549
99 604 412 535
71 756 258 260
380 712 641 208
540 26 518 139
116 388 81 671
667 156 645 505
397 44 194 249
547 443 267 538
628 111 376 145
164 627 681 481
628 736 7 270
195 533 661 29
184 155 672 155
313 132 676 700
439 795 99 146
129 463 737 328
625 512 1 154
686 419 520 523
756 725 75 528
299 794 509 652
533 173 233 715
435 603 622 772
799 106 741 606
384 552 280 193
503 258 717 496
146 188 106 413
376 206 112 65
622 348 233 213
299 79 603 364
318 645 407 664
371 196 109 317
107 322 461 752
126 578 437 380
612 600 363 131
222 98 72 789
352 264 671 134
252 241 552 309
49 34 798 49
53 493 284 789
761 632 701 549
715 594 587 207
342 764 415 514
397 382 730 394
491 151 359 111
448 318 263 438
136 54 62 202
469 17 759 499
391 157 549 565
94 141 14 797
619 533 490 229
588 589 248 399
220 320 342 601
511 163 325 537
28 342 470 667
529 779 63 424
505 743 195 531
180 206 690 562
763 355 293 150
773 6 218 404
15 40 712 659
649 575 691 25
89 247 698 585
458 130 392 248
735 427 674 333
494 369 626 611
735 122 436 210
76 719 252 26
728 367 292 764
438 440 697 429
673 156 245 719
753 695 429 243
114 281 90 90
297 401 695 633
507 178 548 747
325 118 588 161
513 71 501 741
791 506 420 41
114 307 425 388
130 238 302 510
589 320 365 222
308 427 682 224
583 349 123 343
542 560 438 122
214 57 704 304
426 208 92 561
160 554 217 399
704 101 413 764
605 37 745 118
138 770 530 665
694 519 238 207
653 416 174 60
57 464 348 601
105 600 182 201
355 710 236 315
155 88 441 319
137 403 447 417
686 182 755 71
364 165 718 605
554 512 118 722
284 429 64 567
33 90 387 798
220 345 656 778
647 338 740 306
398 291 748 698
210 335 380 603
791 411 445 553
674 734 311 168
643 395 404 185
92 42 203 144
439 693 492 285
650 221 696 48
355 774 309 568
249 540 321 421
287 611 783 448
788 58 384 387
788 587 53 199
78 233 351 261
281 146 116 109
42 605 583 324
305 611 256 241
237 289 639 323
259 759 12 275
119 57 794 136
535 518 625 53
552 1 530 136
681 677 758 556
682 226 260 466
289 517 752 542
768 299 631 552
425 123 93 176
222 464 175 689
74 515 133 634
345 177 295 476
776 362 274 171
441 201 536 639
30 787 668 126
127 429 293 214
622 143 354 84
552 609 690 692
108 400 399 22
338 179 220 348
756 308 155 312
112 63 642 454
244 532 766 388
714 692 569 462
653 343 121 450
112 197 335 266
689 735 439 603
797 696 702 715
744 761 93 353
41 766 315 408
331 377 21 36
331 25 286 547
87 541 465 634
568 787 352 416
321 323 19 250
726 793 594 186
721 395 542 428
108 524 587 150
656 115 316 79
600 467 505 485
457 315 237 731
163 609 710 786
84 552 291 549
316 287 574 571
412 527 740 262
51 314 474 281
669 283 506 56
254 784 267 190
676 662 612 114
200 794 606 125
728 549 193 692
351 274 613 673
291 436 662 292
319 366 670 164
120 647 391 195
658 524 707 414
169 258 233 176
487 52 205 639
93 476 782 416
786 744 94 174
23 391 557 211
497 256 255 684
673 624 442 386
636 208 240 504
553 437 528 338
741 695 410 402
391 317 457 520
267 252 732 383
30 606 800 306
210 575 543 326
602 426 30 462
319 308 766 536
231 788 20 428
47 641 778 103
547 435 13 68
275 314 342 796
139 566 80 440
678 263 61 68
427 454 796 638
643 12 787 63
613 403 51 596
401 8 567 170
51 17 589 202
245 549 772 577
657 153 194 238
310 793 390 429
60 364 65 13
772 687 513 587
215 89 58 38
400 272 192 351
19 246 562 19
639 653 515 55
581 196 639 604
559 207 623 41
406 681 152 650
532 643 219 205
713 485 761 233
63 400 46 551
637 302 685 133
91 80 792 448
300 416 183 584
279 606 343 752
58 757 649 552
76 363 311 414
550 710 721 455
66 560 71 742
131 187 443 474
573 385 398 683
397 675 296 625
209 115 464 208
606 406 49 515
683 38 147 433
701 136 669 254
573 621 81 444
73 359 682 263
267 371 776 688
252 433 19 673
664 647 690 501
454 237 91 291
374 440 390 42
542 376 407 263
495 184 689 207
433 326 292 312
264 330 632 535
28 68 189 421
396 676 392 348
654 546 24 468
184 623 517 697
648 43 336 28
73 570 369 362
470 300 761 72
508 3 656 374
324 354 651 325
284 688 89 585
495 356 548 538
771 68 321 341
790 791 91 138
120 352 708 682
228 713 438 380
200 585 257 37
419 378 387 239
99 370 166 774
540 593 377 526
24 305 331 158
189 780 639 634
668 169 625 364
62 740 544 356
53 273 178 172
149 143 715 361
633 550 444 365
645 357 366 480
659 786 685 308
575 287 441 251
442 538 357 561
37 681 614 615
94 786 414 299
400 700 515 429
786 630 256 593
499 322 566 642
476 237 254 379
572 174 770 767
485 181 733 756
507 411 174 597
142 532 389 554
325 105 667 459
748 755 253 533
783 557 422 79
522 729 259 529
687 603 542 583
296 333 638 449
198 729 145 70
595 263 477 487
6 360 550 601
276 777 697 349
45 704 283 552
303 578 475 263
517 537 280 755
80 495 590 574
430 534 4 386
408 177 126 76
13 259 38 354
54 150 173 135
532 35 207 292
322 172 269 679
287 508 604 295
113 350 766 668
588 673 138 586
14 779 614 564
453 417 188 240
509 276 735 333
9 311 63 411
158 753 0 261
372 570 537 217
351 732 267 696
620 651 294 351
248 618 647 327
286 775 61 739
198 324 221 178
197 284 478 222
379 13 690 170
139 257 734 503
530 691 234 344
787 642 161 119
655 800 487 620
133 783 647 129
15 40 758 719
744 288 540 146
438 173 377 134
72 140 619 312
478 34 509 773
529 189 539 540
360 754 773 722
726 268 262 706
659 315 434 506
336 641 114 110
22 552 428 621
517 255 341 371
737 645 134 563
507 780 59 40
35 781 517 65
55 270 247 334
773 672 578 567
738 226 593 358
416 205 84 296
428 348 494 647
689 138 182 235
732 67 320 498
795 541 394 369
457 487 176 201
642 343 448 352
284 517 335 748
98 290 619 235
692 346 690 794
521 616 121 591
348 137 553 518
530 543 99 774
657 525 248 741
227 748 747 232
151 275 602 497
318 549 651 691
434 70 681 189
321 146 316 583
255 104 560 275
705 72 323 173
125 173 109 785
120 755 23 439
35 55 689 302
81 509 100 774
733 433 380 619
269 426 204 307
768 712 560 493
44 685 186 222
84 193 525 795
347 467 555 171
183 396 171 657
714 161 2 165
39 626 508 388
626 134 290 769
691 257 501 733
401 678 776 714
311 469 216 331
651 304 173 99
188 357 51 79
547 161 239 740
509 442 278 42
264 759 146 144
635 255 390 93
365 184 84 299
650 632 363 495
685 230 799 613
75 254 635 334
130 228 95 45
153 193 287 549
796 94 405 371
597 102 708 276
712 675 613 159
723 103 549 736
337 561 558 217
263 118 409 153
15 695 167 587
104 499 183 212
799 28 305 99
0 686 3 358
791 413 655 495
334 710 623 680
489 567 558 489
408 110 230 218
577 568 130 355
241 473 586 735
714 589 328 726
723 409 770 702
150 692 682 360
303 703 567 662
214 596 443 320
158 67 478 720
62 205 561 540
407 386 161 585
243 385 639 465
403 237 609 754
515 550 495 377
13 760 485 258
350 262 371 647
743 329 280 722
320 411 295 184
60 725 493 323
565 553 109 72
625 334 505 583
140 799 352 46
157 148 490 341
675 140 525 267
195 263 215 400
312 384 199 111
159 231 542 171
264 435 488 113
754 773 274 211
305 517 782 459
640 115 161 356
519 163 123 291
22 511 612 440
542 354 244 153
60 188 604 359
238 237 734 55
605 568 558 350
210 8 513 88
495 172 592 325
456 529 205 107
643 323 623 792
123 7 208 175
177 214 194 456
226 720 468 391
436 42 769 73
433 167 334 398
477 786 777 612
143 798 24 783
194 671 723 701
266 643 653 159
524 18 322 33
556 618 146 437
248 552 151 332
697 589 147 329
91 518 551 89
541 215 294 8
471 780 233 447
37 613 678 287
136 29 85 316
302 747 279 530
455 255 141 493
762 587 177 309
7 589 637 538
501 545 174 775
748 256 125 82
625 82 377 221
711 400 102 657
792 501 188 246
666 260 584 584
209 762 346 300
554 475 468 497
770 648 688 77
604 703 787 241
132 547 100 792
190 658 70 545
649 506 724 463
178 684 585 39
409 579 516 793
765 574 106 787
568 102 343 454
223 471 269 153
306 469 94 492
74 157 761 251
597 146 290 263
155 120 349 776
436 518 255 788
487 291 151 337
106 532 213 440
717 22 34 487
363 251 1 402
359 303 702 675
721 737 314 564
433 798 660 463
442 422 691 236
562 426 701 590
718 220 274 349
545 774 622 430
176 83 611 213
468 12 301 731
360 261 501 55
111 110 677 30
223 174 343 474
680 399 474 279
263 462 745 522
554 677 424 673
664 278 743 709
176 292 535 387
629 67 755 306
139 350 306 420
707 349 435 413
345 435 45 256
303 455 724 69
14 715 346 279
123 779 650 128
96 631 515 531
306 45 734 418
149 398 204 179
253 214 714 731
524 711 87 577
663 531 632 284
503 190 378 610
492 287 197 710
190 35 373 550
602 628 446 716
563 54 445 550
429 222 718 24
280 642 348 444
75 694 212 360
483 109 180 225
549 63 607 242
465 612 573 475
522 468 694 236
162 455 230 563
185 378 15 390
800 620 432 698
14 295 353 262
240 584 490 294
62 428 48 52
337 12 571 340
6 94 439 238
607 462 435 207
341 298 199 798
