794 152 113 573
165 570 359 286
412 260 653 653
171 543 379 647
560 558 493 725
43 474 520 203
507 512 331 411
608 620 741 319
153 671 275 142
635 657 156 503
784 558 546 568
175 547 311 122
95 626 295 471
756 743 798 230
595 9 321 405
730 341 582 365
263 478 727 95
435 316 797 127
253 82 323 329
333 592 1 593
584 198 308 297
459 585 148 660
700 681 346 754
665 270 731 166
270 156 36 233
766 721 458 724
458 720 611 369
538 512 237 715
512 242 786 265
755 472 703 569
771 707 674 512
761 774 39 142
481 786 508 611
347 672 697 88
213 38 499 308
106 654 373 641
759 516 544 695
545 736 415 145
771 402 586 216
226 787 632 149
106 413 593 138
307 116 246 38
746 637 158 125
609 504 77 113
438 573 628 110
228 388 241 259
2 195 537 227
753 429 793 55
775 564 95 38
772 617 162 414
120 426 746 739
675 504 243 748
705 350 183 417
166 190 410 728
161 674 495 228
430 745 5 566
401 211 201 764
750 19 393 772
89 507 462 548
28 114 221 550
103 621 532 705
467 440 380 30
212 366 122 466
394 758 661 462
224 672 51 462
158 148 578 110
436 749 328 429
414 686 686 237
204 67 159 368
97 26 527 128
75 232 518 561
48 51 228 254
754 387 602 633
457 112 644 90
344 221 565 722
142 737 798 114
629 279 448 123
340 474 604 179
698 71 122 582
373 464 350 344
182 3 792 768
19 160 248 212
82 112 236 66
189 197 234 474
602 331 365 409
164 220 191 622
31 471 308 13
717 787 104 792
219 168 304 762
628 701 0 372
46 718 39 161
760 605 56 549
253 712 417 149
696 359 225 335
351 766 262 517
169 470 574 149
563 456 190 619
92 515 39 205
30 533 472 775
528 302 478 417
662 769 255 576
459 7 614 180
182 321 748 663
327 12 775 99
667 416 620 609
8 543 488 26
297 47 13 589
719 478 398 241
38 580 540 573
50 194 229 209
11 190 644 787
311 751 90 362
695 149 599 602
496 2 34 232
609 330 509 136
228 312 72 465
713 786 793 562
264 348 217 579
446 206 224 697
224 779 466 550
653 36 253 351
114 447 349 660
38 717 276 122
357 632 156 54
554 792 410 535
683 11 195 556
169 400 795 730
492 540 496 217
780 494 766 254
113 564 667 123
421 130 166 462
21 100 216 141
28 282 698 723
230 630 239 473
607 498 499 176
17 659 545 126
681 725 672 467
677 161 581 33
573 159 105 648
142 661 608 71
241 1 595 91
780 416 118 623
30 168 574 711
761 40 344 604
732 450 504 631
48 587 272 383
436 143 532 529
188 275 253 372
114 574 174 4
519 614 297 756
241 448 154 160
531 403 613 200
642 772 15 653
287 287 688 747
205 750 402 164
155 211 21 789
225 641 362 110
196 700 702 77
707 593 584 704
179 581 8 113
178 527 161 7
352 420 370 797
421 421 212 8
313 486 187 742
600 109 584 233
174 559 0 94
403 367 137 679
611 634 602 212
355 625 761 91
351 29 634 692
439 266 737 85
76 69 767 416
576 619 87 217
235 356 506 689
794 238 790 653
377 334 630 435
221 557 349 781
479 47 16 397
376 583 622 572
128 508 788 435
657 766 506 191
641 647 186 85
293 299 32 395
522 525 475 448
669 731 403 284
414 3 572 299
195 295 447 15
190 359 408 747
712 783 253 791
643 636 629 340
313 569 722 45
255 467 777 116
664 189 323 517
103 612 512 165
148 722 169 133
36 736 221 639
566 21 198 121
429 362 475 430
298 77 580 614
513 702 197 296
182 689 401 434
482 23 748 697
747 780 314 298
286 208 441 618
638 609 259 111
543 515 603 642
615 1 688 576
268 744 736 425
269 496 154 228
372 282 409 369
111 635 764 291
751 466 652 190
455 306 37 505
776 69 328 581
159 287 257 548
400 245 407 627
513 95 394 227
412 778 97 229
168 714 739 325
105 318 38 486
204 522 686 601
391 218 352 525
550 46 282 154
44 799 372 313
340 224 199 699
480 34 740 403
248 147 698 33
134 81 442 501
629 159 544 128
192 770 678 422
286 419 81 386
29 303 682 21
525 85 262 472
617 714 283 639
555 356 282 273
612 1 72 186
783 231 27 778
731 122 797 290
465 299 651 401
570 653 729 423
43 615 717 123
247 708 48 575
7 228 93 650
791 387 205 121
215 208 266 471
229 648 316 796
728 11 19 342
374 653 704 625
696 505 52 580
136 736 564 376
256 778 792 619
676 30 371 152
303 184 149 276
643 782 31 391
774 44 266 767
753 134 581 199
391 237 602 235
21 786 728 555
636 119 54 158
68 172 655 300
400 689 775 640
381 788 358 252
52 78 99 715
168 203 658 559
354 363 23 339
139 129 745 477
220 659 631 555
471 22 0 630
731 433 245 748
382 566 330 369
664 570 533 787
12 693 110 267
725 769 568 82
28 185 312 620
408 699 50 59
576 761 786 9
114 149 294 632
508 430 719 298
275 296 511 427
141 387 525 755
431 669 512 732
773 702 106 179
442 219 13 307
477 474 609 562
382 508 106 74
658 173 513 179
502 348 471 640
435 716 687 85
636 6 175 253
538 389 720 407
248 751 243 482
312 105 642 172
786 279 167 26
606 8 237 108
145 758 539 747
490 698 326 158
78 622 308 347
600 554 185 540
204 140 404 735
768 723 623 166
472 552 72 800
76 667 455 454
273 472 768 607
187 731 137 571
618 576 384 445
493 244 335 308
587 231 99 232
501 599 451 68
472 343 117 36
142 38 5 26
222 613 769 104
367 612 5 275
752 715 615 567
426 332 367 169
477 91 409 602
61 269 42 471
166 338 302 378
470 665 776 17
598 95 213 13
669 719 90 633
782 375 624 678
730 621 265 754
288 574 414 315
561 259 488 32
765 196 735 452
686 722 187 356
87 539 736 565
216 100 435 763
211 636 508 246
422 429 640 46
300 462 668 492
92 587 39 479
140 11 601 387
358 720 400 194
166 302 113 129
23 694 293 256
736 503 681 166
212 305 189 173
779 138 271 216
294 669 765 295
483 251 563 707
368 471 194 258
185 436 225 48
284 24 721 195
767 410 282 692
423 527 455 168
78 557 329 675
245 40 78 48
740 7 569 597
39 243 410 550
647 364 154 169
556 591 632 49
85 418 500 303
233 701 419 767
189 60 220 774
305 166 390 452
745 415 97 599
146 603 164 711
457 341 412 65
26 344 683 348
690 352 14 138
222 248 506 318
674 441 17 576
425 777 451 413
365 361 61 648
496 181 683 172
12 273 681 726
480 780 239 761
683 184 122 603
87 536 633 594
731 773 470 257
655 127 238 443
344 722 241 156
790 316 766 33
434 589 414 121
141 320 662 290
704 633 209 141
295 513 195 401
565 787 614 396
144 678 758 708
451 102 781 595
602 659 192 362
137 537 494 229
592 48 621 203
434 614 139 653
752 763 455 333
130 778 727 484
321 657 134 287
277 706 61 52
612 235 600 497
50 525 523 12
45 453 138 251
561 0 695 68
459 734 798 230
4 303 584 241
311 78 61 523
509 798 423 416
323 628 149 687
659 417 451 757
58 311 524 664
543 406 380 17
685 576 376 596
674 182 642 102
238 534 15 221
601 389 94 489
465 397 564 79
339 688 374 220
432 521 373 694
753 361 186 654
271 34 132 365
45 274 612 107
318 515 214 327
172 137 248 749
786 589 333 136
532 791 294 65
789 661 760 259
543 370 89 283
258 600 533 215
494 58 342 771
327 456 669 97
74 135 234 449
287 25 501 764
283 791 791 369
45 209 659 460
164 559 610 170
768 142 483 555
740 176 250 715
91 229 672 12
754 7 99 432
737 769 752 266
479 630 227 267
284 98 336 14
663 373 94 71
703 128 194 194
178 559 768 579
121 341 315 493
45 310 272 645
682 408 425 708
769 743 656 52
590 136 468 49
179 626 87 460
543 199 694 597
349 382 786 207
353 97 265 639
572 315 105 721
119 551 379 400
577 191 388 52
696 188 97 74
30 179 318 490
529 382 309 543
690 692 211 503
26 151 203 239
574 110 507 587
272 88 739 688
296 448 207 526
24 564 600 700
350 27 759 414
385 531 51 526
40 729 411 60
564 6 736 265
97 177 351 363
56 459 15 81
128 272 216 204
737 281 732 774
46 786 306 401
561 745 412 217
596 268 85 491
450 783 280 215
640 102 129 643
207 747 81 136
233 22 490 411
350 299 539 762
589 425 252 695
8 497 67 587
19 659 390 501
622 761 290 14
354 558 467 452
792 400 119 260
310 308 173 686
428 323 768 798
449 619 642 439
28 597 696 548
66 131 783 90
421 572 159 4
674 244 266 160
174 99 485 275
424 589 34 702
773 661 586 399
297 260 391 763
595 680 83 302
118 284 799 523
770 781 10 701
234 211 611 356
7 701 781 406
590 800 596 503
675 344 727 10
535 24 315 574
468 749 128 209
406 10 378 242
204 613 30 540
586 700 575 530
764 603 64 239
489 223 571 609
411 103 404 643
617 751 339 526
529 768 755 362
161 560 635 479
165 711 549 277
686 102 463 539
47 603 708 487
795 188 482 581
371 554 606 307
124 123 700 189
374 757 13 355
90 13 294 17
57 7 552 542
7 642 170 541
112 186 270 476
610 108 466 687
171 540 125 796
742 783 667 653
526 151 308 758
625 454 9 386
747 648 241 445
543 281 464 56
519 665 37 491
696 764 604 134
127 264 10 623
324 777 273 615
486 333 306 534
138 525 395 716
720 14 265 705
247 406 617 640
268 678 227 231
368 29 576 674
345 295 208 464
391 155 58 525
463 555 432 753
241 297 636 185
129 407 690 6
384 731 331 371
768 195 118 297
498 33 524 435
302 660 380 767
780 267 603 333
443 689 604 682
501 591 721 752
237 500 266 110
318 40 697 758
554 671 545 142
284 707 494 178
518 109 417 453
118 244 512 658
6 357 333 684
676 511 484 497
32 526 787 598
182 767 123 421
135 254 646 368
723 278 799 56
254 728 163 776
51 558 439 792
502 6 144 510
774 633 131 613
603 465 433 766
634 337 446 418
403 253 558 658
601 80 746 193
107 249 9 573
720 460 242 335
481 515 623 320
689 462 315 512
187 357 466 528
756 337 35 736
30 151 745 343
770 618 674 214
359 312 377 665
255 625 594 198
475 208 604 77
290 179 609 339
646 602 121 450
306 90 707 420
520 535 791 75
448 542 8 40
660 57 347 286
225 408 590 513
491 201 22 259
229 281 324 65
565 472 113 1
221 237 689 157
231 616 745 740
573 551 683 443
118 521 14 638
448 449 356 28
711 366 536 169
505 614 750 75
476 512 149 235
191 451 523 665
723 635 116 404
88 708 656 452
412 143 685 365
785 441 370 248
753 363 562 161
679 14 57 538
137 279 428 399
373 400 626 746
687 4 235 413
642 339 220 1
301 409 117 400
543 438 716 683
725 486 25 292
481 574 559 330
154 538 579 651
3 648 508 573
355 401 175 46
12 339 93 609
678 788 637 684
581 630 123 300
476 75 392 163
783 129 790 527
436 349 663 714
10 434 61 773
236 34 115 466
722 263 787 344
768 511 509 75
655 555 440 299
328 756 546 735
155 527 89 752
567 544 472 227
543 512 287 278
272 30 658 545
131 315 279 369
737 687 652 377
34 782 683 211
750 513 502 215
184 156 110 307
504 244 503 743
181 519 99 295
158 694 344 42
55 109 579 41
613 441 552 618
372 727 697 577
787 319 143 632
419 559 735 337
176 694 759 557
423 138 115 92
540 444 716 676
682 774 658 434
335 415 348 638
576 573 570 440
42 597 613 176
342 640 298 388
600 29 471 305
34 787 580 170
681 514 623 782
115 361 159 581
320 576 284 740
188 344 742 189
480 244 208 146
393 271 577 270
637 768 516 336
598 393 685 190
690 298 777 742
467 52 554 316
247 607 367 352
180 90 615 451
403 641 326 152
81 473 789 577
454 268 145 424
15 605 710 754
443 708 224 541
773 349 679 29
444 378 735 71
559 403 693 467
210 444 194 629
432 454 6 196
186 132 545 665
53 27 47 391
333 561 471 630
607 349 475 30
201 746 269 555
773 261 143 420
38 715 659 378
177 166 400 786
416 693 90 57
616 562 9 570
753 332 365 795
313 752 774 326
62 431 721 407
694 271 635 732
8 736 670 44
36 415 582 702
182 573 628 777
123 247 158 430
581 780 777 283
62 21 142 73
639 627 299 525
673 408 660 177
288 553 365 782
97 456 63 732
529 206 25 447
736 207 58 617
582 295 71 480
743 484 791 234
180 587 237 49
540 35 181 207
509 728 601 738
402 697 57 797
119 426 742 86
768 642 399 520
728 756 636 481
708 661 609 561
86 796 745 333
480 540 9 524
359 253 796 224
392 704 775 704
752 367 323 80
618 238 443 615
240 233 131 646
467 740 191 800
488 715 513 587
498 711 743 474
280 701 178 448
432 628 245 381
226 736 96 248
399 702 235 430
211 17 607 622
380 428 120 716
182 551 477 689
626 406 626 55
656 375 421 39
747 333 675 177
574 594 129 555
709 337 257 206
598 629 473 698
53 741 411 409
563 616 43 770
671 494 772 440
44 37 518 199
757 415 10 709
299 754 544 528
351 295 363 702
337 550 550 61
542 628 302 327
514 753 314 691
32 74 448 638
548 179 325 89
23 61 218 261
303 18 433 761
102 588 34 235
478 787 796 71
782 233 718 89
403 345 775 509
381 794 523 262
92 397 729 627
747 84 475 113
149 313 775 377
398 235 505 597
35 229 450 499
264 13 119 133
528 214 228 103
287 595 461 395
580 632 735 523
48 406 270 574
617 75 248 732
104 360 434 204
411 100 107 270
159 775 706 346
697 397 532 782
460 141 134 638
776 82 671 754
498 562 545 195
719 388 297 155
342 791 509 155
437 676 31 372
402 451 400 597
389 697 785 266
544 462 228 15
251 99 732 299
364 462 309 305
514 708 578 779
458 577 668 679
558 163 266 366
234 655 503 642
538 348 400 332
768 760 151 350
329 86 474 358
104 250 619 793
633 43 232 314
664 263 738 594
40 246 725 762
786 163 22 752
213 272 561 463
15 99 469 312
667 218 737 697
412 168 520 324
190 475 302 204
139 127 1 504
456 488 785 702
524 122 109 518
264 605 774 460
407 255 792 82
144 181 462 738
134 550 142 222
407 548 155 539
441 131 622 717
693 260 183 659
572 593 256 768
323 796 367 324
525 41 309 370
255 74 704 222
769 363 568 310
294 532 130 680
93 604 363 734
215 603 749 454
211 97 611 45
677 756 64 538
712 8 119 797
38 675 428 289
141 653 659 465
561 81 601 335
611 110 145 795
651 397 88 603
586 560 552 412
508 374 683 672
49 550 799 590
490 115 274 3
359 163 248 594
202 312 4 667
497 32 683 38
619 550 543 795
402 98 147 88
264 774 368 12
16 357 625 77
286 87 137 794
431 697 387 102
65 56 321 141
272 125 124 576
187 773 201 150
288 414 196 403
543 61 194 231
369 24 666 642
783 66 708 633
30 477 429 296
780 566 63 302
762 665 454 122
134 573 65 82
472 557 279 692
337 407 748 504
407 693 108 729
663 255 174 439
568 723 150 270
303 244 156 382
165 136 322 431
277 742 381 129
303 797 277 96
29 657 680 215
579 600 51 73
518 569 753 506
707 440 137 475
705 186 60 717
500 276 786 457
54 730 573 227
78 162 751 576
566 126 56 674
648 483 572 430
111 460 65 574
556 678 661 661
295 541 696 80
135 54 627 99
298 484 10 712
414 787 319 342
764 53 335 49
655 246 352 632
244 132 88 744
670 369 15 517
675 19 328 624
284 684 737 469
62 362 104 639
108 521 98 208
113 563 457 420
313 582 89 235
452 266 679 591
394 685 666 110
603 238 723 406
427 727 622 335
547 123 371 740
61 13 509 558
74 747 401 65
180 176 290 292
654 536 769 60
193 512 87 554
375 73 144 9
570 327 239 627
578 59 258 703
776 660 387 74
247 425 490 310
400 126 50 759
704 626 126 585
219 366 407 26
148 506 575 575
42 396 690 787
240 89 17 20
456 219 497 555
212 259 91 515
513 609 558 204
744 308 722 2
214 209 26 770
341 505 776 298
491 476 313 527
102 127 439 713
120 421 553 362
652 605 778 118
375 27 692 203
541 785 363 98
205 27 587 527
87 307 250 343
352 697 644 760
535 541 19 561
47 150 242 431
553 23 242 339
465 357 562 248
163 540 131 197
84 262 769 436
773 686 540 230
445 96 174 628
709 386 204 94
437 650 256 87
714 376 694 265
289 569 669 700
395 648 581 712
108 250 563 792
381 798 173 417
457 722 67 40
280 571 712 42
171 692 121 127
225 470 414 13
74 773 149 277
166 768 192 177
46 577 490 3
149 261 551 291
455 333 731 329
668 325 459 203
621 121 395 727
638 670 478 505
320 781 622 281
534 670 641 130
601 250 72 677
205 250 442 74
237 648 557 293
541 639 95 349
362 282 686 361
158 361 49 163
751 442 326 797
663 359 158 728
195 136 113 196
504 35 631 273
466 125 313 225
670 89 496 351
774 306 642 608
53 777 466 496
774 382 272 423
230 111 522 53
719 375 749 121
622 149 535 469
160 21 624 684
26 323 109 457
130 130 568 711
510 54 318 388
179 204 536 314
170 499 273 361
164 580 213 455
294 299 336 476
404 657 277 685
121 758 602 382
415 691 681 50
10 679 151 509
243 41 302 698
341 447 102 381
773 675 658 530
674 599 453 236
623 366 569 193
238 587 652 368
57 721 610 417
463 286 442 29
134 273 89 684
118 364 652 747
416 312 214 187
654 387 358 684
620 387 619 558
597 584 386 748
426 374 260 448
219 642 646 709
681 488 391 558
236 510 183 147
674 267 196 665
462 346 447 201
487 25 596 754
617 464 347 197
742 204 244 422
689 52 125 478
