50 100
88 88 88 88 77 77 77 77 77 44 44 44 44 44 5 5 5 5 5 5 34 34 91 91 91 67 67 67 67 67 20 20 20 20 20 72 72 72 72 72 72 72 72 25 25 25 25 25 25 25
77 88 88 88 77 77 77 77 77 44 44 44 44 44 5 5 5 5 5 5 34 34 91 91 67 67 67 67 67 67 20 20 20 20 20 72 72 72 72 72 72 72 72 72 72 25 25 25 25 25
77 88 88 88 88 77 77 77 44 44 44 44 44 40 40 5 5 5 5 5 34 34 34 91 67 67 67 67 67 67 20 20 20 20 20 72 72 72 72 72 72 72 72 72 72 25 25 25 25 25
77 77 77 77 77 77 77 44 44 44 44 44 44 40 40 40 40 5 5 34 34 34 34 91 91 67 67 67 20 20 20 20 20 20 20 20 72 72 72 72 72 72 72 72 25 25 25 25 25 25
77 77 77 93 77 77 44 44 44 44 44 44 44 44 40 40 40 5 34 34 34 34 91 91 91 91 91 67 20 20 20 20 20 20 20 20 72 72 72 72 72 72 72 72 25 25 25 25 65 65
77 77 77 93 77 77 44 44 44 44 44 44 44 44 40 40 40 40 40 40 41 41 91 91 91 91 91 67 20 20 20 20 20 20 20 20 72 72 72 72 72 72 72 72 25 25 25 25 65 65
77 77 77 77 77 77 44 44 44 44 44 44 16 16 40 16 16 40 40 40 41 41 91 41 91 91 91 73 73 20 20 20 20 20 20 20 20 72 72 72 72 72 72 72 72 25 65 65 65 65
77 77 77 77 77 77 44 44 44 44 44 44 16 16 16 16 16 16 40 40 40 41 41 41 41 91 73 73 73 20 20 20 20 20 20 20 20 75 72 75 75 75 72 72 72 72 72 65 65 65
77 77 62 62 62 44 44 44 44 44 28 28 16 16 16 16 16 16 16 16 41 41 41 41 41 73 73 73 73 73 73 20 20 20 20 20 75 75 75 75 75 75 86 86 86 65 65 65 65 65
77 77 62 62 62 62 44 70 44 44 28 28 28 28 28 16 16 16 16 41 41 41 41 41 73 73 73 73 73 73 73 20 20 20 75 75 75 75 75 29 29 29 86 86 86 65 65 65 65 65
62 62 62 62 62 62 70 70 17 17 17 17 17 28 28 16 16 16 41 41 41 41 41 41 73 73 73 73 73 73 73 20 20 20 75 75 75 75 75 29 29 29 86 86 82 82 82 82 65 65
62 62 62 62 62 70 70 70 70 70 17 17 17 28 28 16 16 68 41 41 41 41 41 24 24 24 24 73 73 73 73 73 20 20 75 75 75 75 29 29 29 29 86 86 82 82 82 82 39 39
70 62 62 62 62 70 70 70 70 70 17 17 17 17 68 68 68 68 68 68 68 24 24 24 24 24 24 9 9 9 7 7 20 7 75 75 75 75 75 29 29 29 86 86 71 82 82 82 39 39
70 70 70 70 70 70 70 70 70 70 17 17 17 17 68 68 68 68 68 68 68 68 24 24 24 24 24 9 9 9 7 7 7 7 7 75 75 75 29 29 29 29 86 86 71 71 71 79 39 39
70 70 70 70 70 70 70 70 70 10 10 17 17 17 68 68 68 68 68 68 68 68 24 24 24 24 24 9 9 9 7 7 7 7 7 7 75 75 29 29 29 29 86 86 86 79 79 79 79 39
70 70 70 70 70 70 70 70 70 10 10 10 8 8 76 68 68 68 68 68 68 24 24 24 24 24 9 9 9 9 9 7 7 7 7 7 9 29 29 29 29 85 85 86 86 86 79 79 39 39
70 70 70 70 70 70 70 70 70 70 10 8 8 74 76 68 68 68 68 76 68 24 24 9 9 9 9 9 9 9 9 9 9 9 9 9 9 9 9 58 85 85 85 85 85 79 79 79 39 39
70 70 70 70 70 70 70 70 90 90 8 8 8 74 76 76 76 76 76 76 76 24 9 9 9 9 9 9 9 9 9 9 9 9 9 9 9 9 9 58 58 85 85 85 85 79 79 79 39 39
30 30 30 30 30 70 70 90 90 90 90 74 74 74 76 76 76 76 76 76 76 76 9 9 9 9 9 36 36 9 9 9 9 9 9 9 9 9 58 58 58 58 85 85 79 79 79 79 31 39
30 30 30 51 51 51 70 90 90 90 74 74 74 6 76 76 76 76 76 76 76 76 9 9 9 2 2 36 36 36 36 36 36 36 36 36 69 69 58 58 58 58 85 85 85 79 79 31 31 31
30 30 51 51 51 51 90 90 90 90 74 74 6 6 76 76 76 76 76 76 76 76 9 9 2 2 36 36 36 94 94 94 98 98 98 69 69 69 58 58 58 58 58 58 85 79 79 31 87 87
30 30 51 51 51 51 48 90 90 90 6 6 6 6 6 6 76 76 76 76 76 76 2 2 2 2 47 94 94 94 94 94 98 98 98 98 92 69 69 58 58 58 58 85 85 85 87 87 87 87
30 51 51 51 51 51 48 48 48 48 6 6 6 6 6 6 6 76 76 76 76 76 2 2 2 2 47 47 47 94 94 98 98 98 98 92 92 69 69 58 58 58 58 58 85 85 87 87 87 87
30 51 51 51 51 51 48 48 48 48 6 6 6 6 6 6 6 76 76 76 76 76 76 2 2 2 47 47 47 47 94 98 98 98 98 92 92 92 69 58 58 58 58 58 85 85 87 87 87 87
30 51 51 51 56 48 48 48 48 48 48 6 6 6 6 6 6 76 76 76 76 76 50 50 50 2 2 47 23 23 98 98 98 98 98 92 92 92 69 58 58 58 58 58 85 85 87 87 87 87
30 51 51 56 56 48 59 59 48 48 48 48 6 6 6 6 6 76 76 76 76 76 50 50 50 50 50 47 23 23 96 96 96 96 84 84 84 69 69 58 58 58 58 58 58 58 87 87 87 87
30 30 51 56 56 59 59 59 59 48 48 48 48 48 6 80 80 80 76 76 76 76 50 50 50 50 23 23 23 23 23 96 96 96 84 84 84 84 84 58 58 58 58 58 58 58 87 87 15 87
30 30 51 56 56 56 56 56 48 48 48 48 48 80 80 80 80 80 61 76 76 76 61 61 61 61 61 61 23 23 96 96 96 96 84 84 84 84 84 84 58 58 15 15 15 15 15 15 15 87
30 30 51 56 56 56 56 56 48 48 48 48 48 80 80 80 80 80 61 61 61 61 61 61 61 61 61 12 23 23 12 96 96 96 84 84 84 84 84 84 15 15 15 15 15 15 15 15 15 87
14 14 14 14 14 14 14 14 48 48 48 48 80 80 80 80 80 80 61 61 61 61 61 61 61 61 61 12 12 12 12 12 13 97 95 95 84 84 84 84 55 55 55 15 15 15 15 15 15 87
14 14 14 14 14 14 14 14 14 14 27 48 48 80 80 80 80 80 26 61 61 63 63 63 63 61 61 12 12 12 12 13 13 97 97 95 95 95 95 55 55 55 55 15 15 15 15 15 87 87
14 14 14 14 14 14 14 14 14 27 27 48 48 48 80 80 80 26 26 63 63 63 63 63 63 61 61 12 12 12 12 12 13 13 66 66 95 95 55 55 55 55 55 15 15 15 15 15 87 87
14 14 14 14 14 14 14 14 14 27 27 27 27 48 26 26 26 26 26 26 63 63 63 63 60 61 61 12 12 12 12 12 13 13 66 66 66 95 55 55 55 55 55 55 15 15 15 15 15 87
14 14 14 14 46 46 14 14 14 27 27 27 27 27 26 26 26 26 11 11 63 63 63 63 60 61 61 60 12 12 12 12 66 66 66 66 66 95 55 55 55 55 55 55 15 15 38 15 38 38
14 14 14 46 46 46 46 32 32 27 27 27 27 27 26 26 26 26 11 11 63 63 60 60 60 60 60 60 60 12 12 12 12 66 66 43 43 55 55 55 55 55 55 55 55 38 38 38 38 38
14 14 14 46 46 46 46 32 32 27 27 27 27 27 26 26 26 26 11 100 100 100 60 60 60 60 60 60 60 12 3 3 3 66 66 43 43 55 55 55 57 57 57 57 38 38 38 38 38 38
14 14 64 46 46 46 46 27 27 27 27 27 27 54 26 26 26 11 11 100 100 100 60 60 60 60 60 60 3 3 3 3 3 66 43 43 43 43 55 55 57 57 57 57 38 38 38 38 38 38
14 14 64 64 64 64 46 27 27 27 27 27 27 54 11 11 11 11 11 11 100 100 100 60 60 60 78 78 3 3 3 3 3 66 66 43 43 43 43 43 43 57 57 57 38 38 38 38 38 38
14 53 53 53 64 64 64 27 27 27 27 27 54 54 54 11 11 11 11 11 100 100 100 60 60 60 60 78 3 3 3 3 3 3 43 43 43 43 43 43 43 57 57 57 57 38 38 38 38 38
53 53 53 53 64 64 64 27 49 27 27 27 54 54 54 11 11 11 11 100 100 100 100 100 60 60 60 3 3 3 3 3 3 3 43 4 4 43 43 43 43 57 57 57 57 38 38 38 38 38
53 53 53 53 64 49 49 49 49 49 49 54 54 54 54 11 11 11 11 100 100 100 100 100 60 60 33 33 33 3 3 3 3 3 18 18 4 43 43 43 43 57 57 57 57 38 38 38 38 38
81 81 53 53 53 49 49 49 49 49 49 49 54 54 54 11 11 11 11 11 100 100 100 21 60 60 21 21 33 33 3 3 3 3 3 18 4 4 43 43 43 43 57 57 57 57 37 37 38 38
81 81 53 53 53 53 49 49 49 49 49 49 49 54 54 11 11 11 11 11 11 11 11 21 21 21 21 21 33 33 3 3 3 3 42 18 42 42 43 43 43 43 43 43 37 37 37 37 37 37
81 81 53 53 53 49 49 49 49 49 99 99 99 54 54 11 11 11 11 11 11 11 11 21 21 21 21 21 21 21 3 21 3 83 42 42 42 42 43 43 37 43 37 37 37 37 37 37 37 37
81 81 81 53 81 49 49 49 49 49 99 99 99 99 54 54 11 11 11 11 11 11 11 21 21 21 21 21 21 21 21 21 83 83 42 42 42 42 42 43 37 37 37 37 37 37 37 37 37 37
81 81 81 81 81 81 81 81 22 22 99 99 99 99 54 54 11 89 11 11 11 45 11 11 21 21 21 21 21 21 83 83 83 83 83 1 1 1 1 1 1 37 37 37 37 37 37 37 37 37
81 81 81 81 81 81 81 81 22 22 22 99 99 99 89 89 89 89 89 11 11 45 45 45 21 21 21 21 21 21 83 83 83 83 83 1 1 1 1 1 1 19 19 37 37 37 37 37 37 37
81 81 52 52 52 52 52 81 22 22 22 99 99 89 89 89 89 89 89 45 45 45 45 45 45 45 45 45 21 21 83 83 83 83 83 83 19 19 19 19 19 19 19 37 37 37 37 37 37 37
81 52 52 35 35 35 52 52 22 22 22 99 89 89 89 89 89 89 89 89 45 45 45 45 45 45 45 45 45 21 83 83 83 83 83 83 19 19 19 19 19 19 19 37 37 19 19 19 37 37
81 52 52 35 35 35 35 22 22 22 22 22 89 89 89 89 89 89 89 89 45 45 45 45 45 45 45 45 45 21 83 83 83 83 83 83 19 19 19 19 19 19 19 19 19 19 19 19 19 19
