50 100
98 98 98 98 98 98 98 98 99 96 96 96 27 27 27 27 27 27 27 27 27 27 77 77 77 77 77 77 77 77 77 77 77 17 17 17 84 84 84 84 84 84 84 84 84 64 64 64 6 6
98 98 98 98 98 98 99 99 99 96 96 96 27 27 27 27 27 27 27 27 27 27 77 77 77 77 77 77 77 77 77 77 77 17 17 17 17 84 84 84 84 84 64 84 84 64 64 64 6 6
98 98 98 98 98 98 98 99 99 96 96 96 96 27 27 27 27 27 27 27 77 77 77 77 77 77 77 77 77 77 77 77 77 17 17 17 17 17 17 84 84 64 64 64 64 64 64 64 6 6
61 98 98 40 98 98 98 99 99 99 99 96 96 96 96 27 27 27 27 27 77 77 77 77 77 77 77 77 77 77 77 77 77 77 21 21 17 17 17 17 17 64 64 64 64 64 64 64 6 6
61 40 40 40 98 98 99 99 99 99 99 99 96 96 96 96 27 27 27 27 77 77 77 77 77 77 77 77 77 77 100 77 100 21 21 21 17 17 17 17 17 21 21 64 64 64 64 64 6 6
61 40 40 40 40 99 99 99 99 99 99 96 96 96 96 96 27 27 27 85 85 85 77 77 77 77 77 50 77 77 100 77 100 100 21 21 21 17 17 17 17 21 21 64 64 64 64 64 6 6
61 40 40 40 40 40 40 40 99 99 99 96 96 96 96 96 85 85 85 85 85 85 77 77 77 77 77 50 50 100 100 100 100 100 21 21 21 17 17 21 17 21 21 21 21 64 64 6 6 6
40 40 40 40 40 40 40 40 99 99 96 96 96 96 96 85 85 85 85 85 85 85 85 50 77 77 77 50 50 100 100 100 100 21 21 21 21 21 21 21 21 21 21 21 21 6 6 6 6 6
40 40 40 40 40 40 40 40 33 33 33 96 96 96 96 85 85 85 85 85 85 85 85 50 50 50 50 50 100 100 100 100 100 21 21 21 21 8 8 8 8 80 80 80 80 6 6 6 6 6
40 40 40 40 40 33 33 33 33 33 33 96 96 96 85 85 85 85 85 85 85 85 85 50 50 50 50 50 50 100 100 100 53 53 53 8 8 8 8 8 8 80 80 80 80 80 6 6 6 6
40 40 40 40 40 33 33 33 33 59 94 96 4 4 4 85 4 4 4 85 85 85 85 50 50 50 35 50 50 50 53 53 53 53 53 8 8 8 8 8 80 80 80 80 80 80 80 6 6 6
40 66 40 40 59 59 33 59 59 59 94 94 94 4 4 4 4 4 4 4 4 85 85 50 50 35 35 35 9 9 9 53 9 73 53 8 8 8 8 8 80 80 80 80 80 80 58 58 58 6
66 66 59 59 59 59 59 59 59 94 94 94 94 94 94 4 4 4 4 4 4 4 85 50 50 35 35 35 9 9 9 9 9 73 73 73 8 8 65 8 80 80 80 80 80 58 58 58 58 58
66 66 59 59 59 59 59 59 94 94 94 94 94 94 94 4 4 4 4 4 4 4 4 4 50 35 35 35 9 9 9 9 73 73 73 73 65 65 65 80 80 80 80 80 80 80 58 58 58 58
66 66 68 68 59 59 59 59 59 94 94 94 94 94 4 4 4 4 4 4 18 18 18 18 35 35 35 35 35 35 73 73 73 73 73 65 65 65 65 65 80 80 80 71 71 58 58 58 58 55
66 66 20 68 68 59 59 59 59 47 47 47 94 94 4 4 4 4 18 4 18 18 18 18 18 18 35 35 35 35 73 73 73 73 73 65 65 65 65 65 65 80 71 71 71 71 71 71 55 55
20 20 20 46 46 46 46 46 46 47 47 47 94 94 94 4 4 4 18 18 18 18 18 18 18 42 35 35 35 35 73 73 32 32 32 65 65 75 65 65 75 71 71 71 71 71 71 71 36 55
20 20 20 46 46 46 46 46 47 47 47 47 94 94 94 46 4 4 18 18 18 18 18 18 18 42 35 35 35 35 73 73 32 32 32 32 32 75 75 75 75 75 71 71 71 36 36 36 36 36
20 92 20 74 44 44 46 46 47 47 47 47 47 46 46 46 42 42 42 18 18 18 42 18 42 42 42 35 35 35 73 32 32 32 32 32 32 75 75 75 75 75 75 91 36 36 36 36 36 36
92 92 74 74 46 46 46 46 46 46 46 46 46 46 46 46 42 42 42 42 42 25 42 42 42 42 42 42 42 32 32 32 32 32 32 75 75 75 75 75 75 75 91 91 91 36 36 36 36 36
92 92 74 74 74 74 46 46 46 46 46 46 46 46 46 95 42 42 42 42 42 42 42 42 42 42 42 54 54 54 32 32 32 32 32 32 32 75 75 75 75 91 91 91 91 19 36 36 36 36
92 92 92 74 74 74 74 46 11 11 11 11 30 30 30 95 42 42 42 42 42 42 42 42 42 42 42 54 54 54 32 32 32 32 32 32 32 32 91 91 91 91 19 19 19 19 36 36 36 36
92 92 92 74 74 74 74 74 11 11 11 11 30 30 30 95 95 42 95 95 95 95 42 95 95 95 54 54 54 32 32 32 1 32 32 32 32 32 91 91 91 91 19 19 19 19 88 88 82 82
92 92 92 74 74 74 11 11 11 11 11 11 30 30 30 95 95 95 95 95 95 95 95 95 95 95 54 54 54 54 1 1 1 1 32 32 32 32 32 91 5 19 19 19 19 88 88 88 82 82
92 92 92 2 11 11 11 11 11 11 11 11 30 30 30 95 29 29 29 95 95 95 95 95 95 54 54 54 1 1 1 1 1 1 32 32 32 32 5 5 5 5 5 5 88 88 88 82 82 82
92 92 92 2 2 43 11 11 11 11 11 11 30 30 30 30 30 29 29 29 95 95 95 95 95 95 54 54 1 1 1 1 1 32 32 32 32 31 31 31 5 5 5 5 88 88 82 82 82 82
2 2 2 2 2 43 43 43 11 11 11 30 30 30 30 30 30 29 29 29 29 29 95 95 95 95 54 54 54 1 1 1 1 31 31 32 31 31 31 31 31 5 5 5 88 88 82 82 82 82
2 2 2 2 43 43 45 43 30 30 11 30 30 30 30 30 30 69 29 29 29 29 95 95 95 95 54 54 54 1 1 1 37 31 31 31 31 31 31 31 31 31 31 5 88 88 82 82 82 82
2 2 2 2 43 45 45 43 30 30 30 30 30 30 69 69 69 69 29 29 29 29 29 95 95 54 54 54 54 37 37 37 37 31 31 31 31 31 31 31 31 31 31 88 88 88 82 82 82 82
2 2 2 2 2 45 45 30 30 30 30 30 97 97 69 69 69 69 69 29 24 24 29 29 62 54 54 54 37 37 37 37 37 31 31 31 31 31 31 31 31 31 31 31 88 88 82 82 82 82
2 2 2 2 2 45 45 30 30 30 30 97 97 97 69 69 69 69 69 24 24 24 24 62 62 54 54 12 37 37 37 37 37 37 37 31 31 31 31 31 31 31 31 31 31 31 82 82 82 82
2 2 2 2 45 45 45 30 30 87 97 97 97 97 69 69 69 69 69 69 24 24 24 62 62 62 54 12 37 37 37 37 37 37 37 37 37 31 31 31 16 67 67 13 13 13 82 82 82 83
2 2 2 2 38 45 38 30 87 87 87 97 97 97 69 69 69 69 69 69 69 62 62 62 62 62 12 12 37 37 37 37 37 37 37 37 37 31 31 31 16 67 67 67 13 13 13 83 83 83
2 2 2 2 38 38 38 76 76 87 87 87 87 97 97 69 69 69 69 69 62 62 62 62 62 12 12 12 37 37 37 37 37 37 10 37 37 51 51 16 16 57 57 13 13 13 13 83 83 83
2 2 2 38 38 38 38 76 76 87 87 87 87 97 97 41 41 41 41 89 62 62 62 62 62 12 12 37 37 37 37 37 37 10 10 10 51 51 51 51 16 57 57 13 13 13 13 13 83 83
38 38 38 38 38 38 38 38 76 76 76 87 87 97 49 49 41 41 89 89 89 62 62 62 12 12 12 48 37 37 37 37 10 10 10 10 51 51 51 51 16 57 57 57 13 13 13 13 83 83
38 38 38 38 38 38 38 38 76 76 76 49 49 49 49 49 89 89 89 89 89 62 62 62 12 12 12 48 48 37 37 37 10 10 10 10 51 51 51 51 51 51 51 51 13 51 13 83 83 83
38 38 38 14 14 38 38 38 76 76 76 49 49 49 49 49 49 89 89 89 89 62 12 12 12 12 48 48 48 37 37 37 10 93 93 93 51 51 51 51 51 51 51 51 51 51 83 83 83 51
38 38 38 14 14 14 38 38 76 76 49 49 49 49 49 49 49 49 89 89 78 62 12 12 12 12 48 48 48 37 37 10 10 93 93 93 51 51 51 51 51 51 51 51 51 51 51 51 51 51
52 52 52 14 14 14 38 38 38 76 49 49 49 49 49 49 49 49 89 89 78 78 78 12 12 12 48 48 10 10 10 10 10 10 93 93 51 51 51 51 51 51 51 51 51 51 51 51 51 51
52 52 52 52 14 14 38 38 38 76 76 49 49 49 49 49 49 49 49 78 78 78 78 78 78 12 48 48 10 10 10 10 10 10 93 93 93 51 51 51 51 51 51 51 51 51 51 51 51 51
52 52 52 52 52 52 52 38 90 76 49 49 49 49 49 49 49 49 49 78 78 78 78 78 78 78 78 86 86 86 10 10 10 10 93 93 93 93 51 51 51 51 51 51 51 51 51 51 51 51
56 52 52 52 52 56 60 56 90 90 90 90 49 49 49 49 26 81 81 81 78 78 78 78 78 78 78 86 86 86 86 10 10 10 93 93 93 93 93 51 51 51 51 51 51 51 34 34 34 34
56 56 56 56 56 56 56 56 56 90 90 90 90 90 90 26 26 81 81 81 81 81 81 78 78 78 86 86 86 86 86 63 10 10 93 93 93 93 93 51 51 51 51 51 51 34 34 34 34 34
56 56 56 56 56 56 56 56 56 90 90 90 90 39 39 26 26 81 81 81 81 81 81 70 70 70 86 86 86 86 86 63 63 63 93 93 93 93 93 93 93 93 51 51 51 34 34 34 34 34
56 56 56 56 56 56 56 56 56 56 90 39 39 39 39 39 26 81 81 81 81 70 70 70 70 70 86 86 7 7 7 63 63 63 93 93 22 22 22 22 22 93 51 51 51 34 34 34 34 34
56 56 56 56 56 56 56 56 56 56 90 39 39 39 39 39 26 26 3 81 81 70 70 70 70 70 70 72 7 7 7 63 63 63 22 22 22 22 22 22 22 22 22 22 34 34 34 34 34 34
56 56 56 56 56 56 56 56 56 56 90 39 39 39 39 79 26 26 3 3 3 70 70 70 70 70 70 72 72 7 7 22 22 22 22 22 22 22 22 22 22 22 22 22 34 34 34 34 34 34
56 56 56 56 56 56 56 56 56 56 90 39 39 39 39 79 28 28 3 3 15 70 70 70 70 70 72 72 72 7 22 22 22 22 22 22 22 22 22 22 22 22 22 34 34 34 34 34 34 34
56 56 56 56 56 56 56 56 56 56 39 39 39 39 39 28 28 28 3 15 15 70 70 23 70 70 70 72 72 72 22 22 22 22 22 22 22 22 22 22 22 22 22 34 34 34 34 34 34 34
