50 100
66 66 66 66 85 85 85 50 50 50 50 50 50 50 50 50 32 32 32 32 32 32 32 32 97 97 97 97 97 24 24 24 24 24 40 40 93 93 60 60 60 60 79 79 79 79 79 79 79 79
66 66 66 66 85 85 85 85 50 50 50 50 50 50 50 50 32 32 32 32 32 32 32 32 97 97 97 97 97 97 97 24 24 24 24 24 93 93 60 60 60 43 43 43 43 43 79 79 79 79
66 51 26 26 85 85 85 85 81 81 81 81 50 68 68 68 32 32 32 94 32 32 32 32 97 97 97 97 97 97 97 24 24 24 24 24 24 93 93 93 93 43 43 43 43 43 79 43 79 79
26 51 26 26 85 85 85 85 81 81 81 81 81 68 68 68 68 32 94 94 94 94 32 97 97 97 97 97 97 97 97 97 24 24 24 24 24 24 43 43 93 43 43 43 43 43 43 43 43 43
26 26 26 26 85 85 85 85 81 81 81 81 68 68 68 68 68 94 94 25 94 94 94 94 97 97 97 97 97 97 97 24 24 24 24 24 43 43 43 43 43 43 43 43 43 43 43 43 43 43
26 26 26 26 26 26 81 81 81 81 81 81 68 68 68 68 68 68 25 25 25 25 94 94 94 97 97 97 97 97 24 24 24 24 24 24 43 43 43 43 43 43 43 43 43 43 43 43 43 43
26 26 26 26 26 26 26 81 81 81 68 68 68 68 68 68 68 68 25 25 25 25 94 94 94 97 97 97 24 24 24 24 24 24 24 24 43 43 43 43 43 43 43 43 43 43 43 43 43 43
26 26 26 26 26 26 26 81 68 68 68 68 68 90 68 68 68 68 25 25 25 25 94 94 94 94 94 97 8 24 24 24 12 24 24 42 42 43 42 42 42 43 43 43 43 43 36 36 43 43
26 26 26 26 26 26 83 83 83 68 68 68 67 90 67 67 67 68 25 25 25 25 94 94 94 94 94 97 8 8 12 12 12 24 30 42 42 42 42 42 42 43 43 43 43 43 36 36 36 36
13 26 26 26 26 26 83 83 83 83 83 67 67 67 67 67 67 25 25 25 25 25 94 94 11 11 11 8 8 8 12 12 12 12 30 42 42 42 42 42 42 43 43 43 36 36 36 36 36 36
13 13 13 91 91 91 91 91 83 83 83 67 67 67 67 67 67 25 25 25 25 25 94 11 11 11 11 8 8 12 12 12 12 30 30 30 30 42 42 42 43 43 43 43 36 36 36 36 36 36
13 13 13 91 91 91 91 91 55 67 83 67 67 67 67 67 25 25 25 25 25 11 11 11 11 11 11 8 8 12 12 12 12 30 30 30 30 42 42 42 42 42 36 43 36 36 36 36 36 36
13 13 13 91 91 91 91 91 55 67 67 67 67 67 67 67 25 25 25 25 31 11 11 11 11 11 11 8 8 12 12 12 12 30 30 30 30 42 42 42 42 42 36 36 36 36 36 36 36 36
13 13 13 91 91 91 91 91 55 55 55 67 67 67 67 31 31 31 25 31 31 11 11 11 11 11 8 8 8 12 12 12 12 30 30 30 30 42 42 42 42 42 36 36 36 36 36 36 36 36
13 13 13 13 55 55 55 55 55 55 55 67 67 31 31 31 31 31 31 31 31 11 11 11 11 11 11 8 8 12 12 12 12 30 30 30 10 42 42 42 42 36 36 36 36 36 36 36 36 36
13 13 13 13 13 55 55 55 55 55 15 15 15 15 15 31 31 31 31 31 31 31 11 11 11 8 88 88 8 8 72 72 72 10 10 10 10 10 42 42 36 36 47 47 47 47 47 47 47 47
13 13 13 13 55 55 55 55 55 55 15 15 15 15 15 15 31 31 31 31 31 74 11 11 11 8 8 8 8 8 72 72 72 72 10 10 10 10 10 42 36 36 47 47 47 47 75 75 47 47
13 13 13 13 55 55 55 55 55 55 15 15 15 15 15 31 31 31 31 31 31 74 76 76 76 8 8 8 8 72 72 72 72 72 10 10 10 10 10 10 36 47 47 47 47 47 75 75 75 75
13 13 13 55 55 55 55 45 55 55 55 15 15 15 15 15 15 15 31 31 15 74 76 76 76 76 8 8 8 72 72 72 72 33 33 10 10 10 10 10 47 47 47 47 78 75 75 75 75 75
61 13 13 55 55 34 34 45 58 58 55 15 15 15 15 15 15 15 15 15 15 74 74 76 69 76 8 8 8 72 72 72 72 72 33 33 10 10 10 10 47 47 77 77 78 78 75 28 28 28
61 61 61 61 55 34 34 45 45 58 58 58 58 15 15 15 15 15 15 15 15 15 15 76 69 69 8 8 8 8 33 33 72 33 33 10 10 10 87 57 47 77 77 77 77 77 77 27 27 28
61 61 99 99 99 34 34 45 45 58 58 58 58 58 58 58 15 84 84 84 84 69 69 69 69 69 69 8 8 8 33 33 33 33 33 33 33 33 87 57 57 57 57 57 77 77 77 46 46 28
61 61 99 99 99 34 34 34 45 58 58 58 58 58 58 84 84 84 84 84 84 69 69 69 69 69 70 70 8 8 33 33 33 33 33 33 22 87 87 87 57 57 57 57 77 77 48 46 46 46
61 61 99 99 99 34 45 45 45 58 58 58 58 58 58 84 84 84 84 84 84 89 89 89 70 70 70 70 70 70 29 33 33 22 22 22 22 87 87 87 57 57 57 57 57 57 46 46 46 46
61 61 99 99 99 99 45 45 45 19 5 58 58 58 58 84 84 84 84 84 84 89 89 89 89 70 70 70 70 29 29 22 22 22 22 22 22 87 87 35 57 57 57 57 57 46 46 46 46 46
61 99 99 99 45 45 45 45 45 19 5 5 5 58 58 59 59 59 59 84 84 89 89 89 89 70 70 29 29 29 29 29 29 29 22 22 22 87 35 35 35 35 35 57 57 46 46 46 46 46
64 99 99 99 45 45 45 45 19 19 19 5 5 5 59 59 59 59 59 71 71 71 89 89 70 70 70 29 29 29 29 29 29 29 22 22 87 87 35 35 35 35 35 57 57 46 46 46 46 46
49 49 99 45 45 45 45 45 19 19 5 5 5 5 59 59 59 71 71 71 71 71 89 89 70 70 70 29 29 29 29 29 87 87 87 87 87 87 87 35 35 35 35 57 57 46 46 17 17 46
49 49 49 45 45 45 45 45 45 5 5 5 5 5 59 39 39 71 71 71 71 71 86 89 89 86 70 70 54 54 87 87 87 87 87 87 87 87 87 35 35 35 57 57 57 46 46 17 46 46
49 49 49 41 45 45 45 45 45 5 5 5 5 5 39 39 39 20 20 20 86 86 86 86 86 86 86 86 54 54 54 87 87 87 87 87 87 87 87 87 87 100 57 100 57 17 17 17 17 17
41 41 41 41 41 45 45 45 5 5 5 5 20 20 20 20 20 20 20 20 86 86 86 86 86 86 86 86 86 54 54 54 54 87 87 87 87 87 87 87 87 100 100 100 100 17 17 17 17 17
41 41 41 41 41 45 45 45 5 5 5 5 20 20 20 20 20 20 20 20 20 44 44 86 86 86 86 86 86 54 54 54 87 87 87 87 87 87 87 87 87 87 100 100 100 17 17 17 17 17
38 41 41 41 41 41 45 45 45 5 14 5 20 20 20 20 20 20 20 20 44 44 44 86 86 86 86 54 54 54 54 54 54 87 87 87 87 87 87 100 100 100 100 100 100 17 17 17 17 17
38 41 41 41 41 56 56 56 45 5 14 5 20 20 20 20 20 20 20 20 44 44 92 86 86 86 86 86 86 54 54 54 54 54 87 87 87 87 87 100 100 100 100 100 100 3 3 17 17 17
38 38 41 41 41 56 56 56 56 56 14 14 20 20 20 20 20 20 16 16 44 92 92 92 92 86 86 86 86 54 54 54 54 54 87 87 87 87 87 100 100 100 100 100 100 100 3 17 17 17
38 38 41 41 41 56 56 56 56 56 14 14 14 14 14 20 16 16 16 44 44 92 92 92 92 92 86 9 54 54 54 54 54 53 87 87 87 87 87 100 100 100 100 100 100 100 3 17 17 17
38 4 4 4 4 56 56 56 56 14 14 14 14 14 14 16 16 16 16 16 92 92 92 92 92 92 9 9 9 54 53 53 53 53 87 87 87 87 87 100 100 100 100 100 100 3 3 17 63 17
4 4 4 4 4 56 56 56 65 65 14 14 96 16 16 16 16 16 16 23 92 92 92 9 9 9 9 9 9 9 53 53 53 53 53 87 87 82 82 82 100 100 100 100 18 18 18 63 63 63
62 62 62 62 21 56 56 56 65 65 96 96 96 96 16 16 16 16 16 23 23 92 92 9 9 9 9 9 9 9 53 53 53 53 53 53 87 82 82 82 100 100 100 100 18 18 18 18 63 63
62 62 62 62 21 21 21 21 65 7 96 96 96 16 16 16 16 16 16 16 23 92 92 9 9 9 9 9 9 9 53 53 53 53 53 53 82 82 82 82 82 82 100 100 100 63 63 63 63 63
62 62 62 62 21 21 21 21 21 21 96 96 96 16 16 16 16 23 23 23 23 23 23 9 9 9 9 9 9 9 9 53 53 53 53 53 82 82 82 82 82 82 100 100 63 63 63 63 63 63
62 62 62 62 21 21 21 21 21 21 96 96 96 16 16 16 16 23 23 23 23 23 23 23 9 9 9 9 9 9 9 53 53 53 53 82 82 82 82 82 82 82 82 63 63 63 63 63 63 63
62 62 62 62 21 21 21 21 21 21 95 95 95 98 98 98 98 23 23 23 23 23 23 23 9 9 9 9 9 9 9 9 9 9 53 82 82 82 82 82 82 82 63 63 63 63 63 63 63 80
62 62 62 62 21 21 21 21 95 95 95 95 98 98 98 98 98 6 23 23 23 23 23 23 9 9 9 9 9 9 9 9 9 9 1 1 82 82 82 82 82 82 63 63 63 63 63 80 80 80
62 62 62 62 21 95 95 95 95 95 95 95 98 98 98 98 98 6 23 23 23 37 37 37 37 37 9 9 9 73 73 73 9 1 1 1 1 82 82 82 82 82 82 63 63 63 63 80 80 80
62 62 62 62 95 95 95 95 95 95 95 95 98 98 98 98 98 6 6 6 37 37 37 9 9 9 9 9 9 9 73 73 73 1 1 1 1 82 82 82 82 82 82 82 63 80 80 80 80 80
62 62 62 62 95 95 95 52 95 95 95 95 98 98 98 98 98 6 6 6 37 37 37 37 9 9 9 9 9 73 73 73 1 1 1 1 1 1 1 82 82 82 82 82 82 80 80 80 80 80
2 2 2 2 2 2 2 52 52 95 95 95 98 6 6 6 6 6 6 6 37 37 37 37 9 9 9 9 9 9 73 73 73 1 1 1 1 1 1 1 1 82 82 82 82 80 80 80 80 80
2 2 2 2 2 2 2 52 52 52 52 52 52 52 6 6 6 6 37 37 37 37 37 37 9 9 9 9 9 9 73 73 73 73 1 1 1 1 1 1 1 1 82 82 82 80 80 80 80 80
2 2 2 2 2 2 52 52 52 52 52 52 52 52 6 6 6 6 37 37 37 37 37 37 9 9 9 9 9 73 73 73 73 73 73 1 1 1 1 1 1 1 82 82 82 80 80 80 80 80
