50 100
52 52 52 52 84 84 84 84 84 84 88 88 42 42 42 42 42 35 35 35 35 35 35 1 1 1 14 14 14 14 14 14 79 79 79 79 79 79 79 79 79 79 90 90 90 90 90 90 90 90
52 52 52 52 84 84 84 84 84 84 88 88 42 42 42 42 42 35 35 35 17 17 35 1 1 1 14 14 14 14 14 14 79 79 79 79 79 79 79 79 79 90 90 90 90 90 90 90 90 90
52 52 52 52 84 84 88 88 88 88 88 88 88 42 96 96 96 96 96 35 17 17 1 1 1 1 1 31 31 31 31 14 79 79 79 79 79 79 79 79 79 90 90 90 90 90 90 90 90 90
52 52 52 52 52 88 88 88 88 88 88 88 96 96 96 96 96 96 96 35 17 17 1 1 1 1 1 31 31 31 31 31 79 79 79 79 79 79 79 79 90 90 90 90 90 90 90 90 90 90
75 52 52 52 52 88 88 88 88 88 88 96 96 96 96 96 96 96 96 35 1 1 1 1 1 1 31 31 31 31 31 31 79 79 79 79 79 79 79 79 76 76 76 90 90 90 90 90 90 90
75 75 52 52 52 88 88 88 88 91 88 28 28 28 96 96 96 96 1 1 1 1 1 1 1 1 1 31 31 31 31 31 79 79 79 79 79 79 79 76 76 76 76 90 90 90 90 90 90 90
75 75 75 52 52 75 93 93 88 91 91 28 28 28 74 74 74 74 74 74 1 1 1 1 1 1 1 31 31 31 23 23 23 23 23 79 79 79 76 76 76 76 76 90 90 90 90 90 90 90
75 75 75 75 75 75 93 93 43 91 91 28 28 74 74 74 74 74 74 1 1 1 1 1 1 1 41 23 23 23 23 23 23 23 76 76 76 76 76 76 76 76 90 90 90 90 90 90 56 56
75 75 75 75 62 62 43 43 43 91 91 28 28 74 74 74 74 74 74 74 74 41 1 1 1 41 41 41 23 23 23 23 23 23 76 13 13 76 76 76 76 76 90 90 90 90 90 90 56 56
75 75 75 75 75 62 62 43 91 91 5 73 28 74 74 74 74 74 74 74 74 41 41 1 41 41 41 23 23 23 23 23 23 23 13 13 13 76 76 76 76 76 76 76 90 90 90 90 56 56
75 75 75 75 75 62 62 62 91 5 5 73 73 73 74 74 74 95 74 74 41 41 41 41 41 41 41 4 4 23 23 23 23 23 13 13 13 76 76 76 76 76 76 76 90 56 56 56 56 56
70 75 70 70 62 62 62 62 73 5 5 73 73 73 6 6 95 95 95 95 41 21 21 41 41 41 41 4 4 4 23 23 63 63 63 63 13 76 76 76 56 56 56 56 56 56 56 56 56 56
70 70 70 70 70 45 45 62 73 58 58 73 73 73 6 6 95 95 95 95 21 21 21 21 41 21 41 4 4 4 39 23 63 63 63 63 13 13 76 76 56 56 56 56 56 56 56 56 56 56
70 70 70 70 70 73 73 73 73 73 73 73 73 6 6 6 6 95 95 95 21 21 21 21 21 21 41 21 4 4 39 39 63 63 63 13 13 13 76 56 56 56 56 56 56 56 56 56 56 56
70 70 70 70 70 73 73 73 73 73 73 73 64 6 6 6 6 95 99 99 99 21 21 21 21 21 21 21 4 4 82 39 82 72 72 72 72 72 56 56 56 56 56 56 56 56 56 34 56 56
70 70 70 70 73 73 73 73 73 73 64 64 64 6 6 6 6 99 99 99 99 99 21 21 21 21 21 21 4 4 82 82 82 72 72 72 72 72 72 72 56 56 56 56 56 56 56 34 34 34
70 8 8 8 73 73 73 73 73 73 64 64 64 64 9 6 6 99 99 99 99 99 21 21 21 21 21 4 4 4 82 82 82 82 72 72 72 72 61 61 61 56 56 56 56 56 56 34 34 34
8 8 8 29 29 29 29 78 78 78 64 64 64 64 9 6 6 99 99 99 99 99 99 21 21 20 21 20 4 4 82 82 97 82 97 72 97 97 61 61 61 56 56 56 56 56 34 34 34 34
8 8 29 29 29 29 29 29 3 78 78 64 9 9 9 6 6 6 99 99 99 99 99 20 20 20 20 20 20 82 82 20 97 82 97 72 97 97 61 61 61 61 56 56 56 56 34 34 55 34
29 29 29 29 29 3 3 3 3 78 78 9 9 9 9 6 6 6 99 99 99 99 99 99 20 20 20 20 20 20 20 20 97 97 97 97 97 97 61 61 61 61 61 55 55 55 55 34 55 34
3 3 29 29 3 3 3 3 3 78 78 18 9 9 9 9 99 99 99 99 99 99 99 20 20 80 20 20 53 53 53 20 97 97 97 97 97 97 97 61 61 61 61 97 55 55 55 55 55 55
3 3 3 3 3 3 3 3 3 3 18 18 9 9 9 9 99 99 99 99 99 19 99 19 20 80 80 80 53 53 53 53 97 97 97 97 97 97 97 97 97 61 97 97 55 55 55 55 55 55
3 3 3 3 3 3 94 3 3 18 18 16 16 16 16 16 99 99 99 99 19 19 19 19 19 80 80 53 53 53 53 53 53 97 97 97 97 97 97 97 97 97 97 97 55 55 55 55 55 55
3 3 50 50 3 3 94 94 94 18 16 16 16 16 40 40 40 40 99 99 19 19 19 19 48 80 80 53 53 53 53 53 97 97 97 97 97 97 97 97 97 97 97 97 55 55 55 55 55 55
50 3 50 50 50 94 94 94 94 94 83 83 16 40 40 40 40 40 99 27 27 19 19 19 48 48 80 53 53 53 53 53 97 97 97 97 97 97 97 87 87 97 97 55 55 55 55 55 55 55
50 50 50 50 50 94 94 94 94 94 94 40 40 40 40 40 40 40 40 27 27 27 27 48 48 48 48 48 53 7 53 53 97 97 97 97 87 87 87 87 87 97 55 55 55 55 55 55 55 55
50 50 50 50 50 94 94 94 94 94 94 94 40 40 40 40 40 40 27 27 27 27 27 27 48 48 48 48 7 7 7 7 54 54 87 87 87 87 87 87 87 87 87 55 55 55 55 55 55 55
50 50 50 50 50 50 94 94 15 15 15 15 40 40 40 49 49 49 49 27 27 27 46 46 48 48 48 48 48 7 7 7 54 54 54 54 87 87 87 87 87 87 87 87 55 55 55 55 55 55
50 50 50 50 50 50 15 15 15 15 15 15 40 40 40 49 49 49 27 27 27 27 46 46 48 48 46 46 46 7 7 7 54 54 54 54 87 54 87 87 87 87 44 44 55 55 55 55 37 55
50 50 50 50 50 67 15 15 15 15 15 15 49 49 49 49 49 66 27 27 27 27 46 46 46 46 46 46 7 7 7 54 54 54 54 54 54 54 87 87 87 87 44 44 44 44 37 37 37 37
50 50 67 67 67 67 15 15 15 15 15 15 49 49 49 89 89 66 66 66 27 27 46 46 46 46 46 46 7 7 7 54 54 54 54 54 54 54 54 87 44 44 44 44 44 44 37 37 37 37
67 67 67 67 67 67 15 15 15 15 15 15 49 49 49 89 89 66 71 66 27 71 46 46 46 7 7 7 7 7 25 25 25 54 54 54 54 54 54 54 44 44 44 44 44 44 37 37 37 37
67 67 67 67 67 15 15 15 15 15 15 15 49 89 89 89 89 66 71 71 71 71 71 71 7 7 7 7 7 7 25 25 25 54 54 54 54 54 54 54 44 44 44 44 44 44 44 37 37 37
67 67 67 67 67 67 15 15 15 71 71 71 89 89 89 71 89 71 71 71 71 71 71 71 7 7 7 7 7 7 51 25 25 54 54 86 54 54 54 44 44 44 44 44 44 44 44 44 37 37
67 67 67 67 67 67 67 15 15 71 71 71 71 89 71 71 89 71 71 71 71 71 71 85 7 7 7 7 7 7 51 51 51 51 86 86 86 86 86 86 44 44 44 44 44 44 44 44 44 37
67 67 67 67 67 67 67 71 71 71 71 71 71 71 71 71 71 71 71 71 71 71 85 85 85 85 51 51 51 51 51 51 51 86 86 86 86 86 22 22 22 44 44 44 44 44 44 44 44 37
67 24 24 24 24 24 67 67 24 71 71 71 71 71 71 71 71 71 71 71 71 71 85 85 85 85 85 51 51 51 51 51 51 51 86 86 86 22 22 22 22 44 44 44 38 44 12 44 44 57
24 24 24 24 24 24 24 24 24 24 71 71 71 71 71 26 26 71 26 71 71 100 100 100 85 85 85 85 51 51 65 65 51 51 51 86 22 22 22 22 22 22 38 38 38 44 12 57 57 57
24 24 24 24 24 24 24 24 24 24 36 36 36 71 71 26 26 26 26 26 100 100 100 100 85 85 85 11 11 11 65 81 51 51 51 59 59 22 22 22 22 38 38 38 38 38 12 57 57 57
24 24 24 24 24 24 24 24 24 24 36 36 36 92 71 26 26 26 26 100 100 100 100 85 85 85 85 11 11 11 81 81 81 81 59 59 59 59 38 38 38 38 38 38 38 38 12 57 57 57
24 24 24 24 24 24 24 24 24 36 36 36 36 92 92 92 92 26 26 100 100 100 100 85 85 85 85 11 11 81 81 81 81 81 59 59 59 59 38 38 38 38 38 38 38 38 38 57 57 57
24 24 24 24 24 24 24 24 24 36 36 36 36 92 92 92 92 26 26 100 100 100 100 85 85 85 85 85 81 81 81 81 59 59 59 59 59 59 59 38 38 38 38 38 38 57 57 57 57 57
47 47 24 24 24 24 24 24 24 24 36 36 36 92 92 92 26 26 26 100 100 100 100 85 85 85 85 85 81 81 81 81 59 59 59 59 59 59 38 38 38 38 38 38 38 57 57 57 57 57
47 47 47 47 24 24 24 24 24 24 36 36 36 92 92 92 92 60 60 60 100 100 100 85 85 85 85 85 81 81 81 81 81 59 59 59 59 59 59 59 38 38 38 30 30 30 2 57 77 77
47 47 47 24 24 24 24 24 24 24 36 36 36 92 92 92 60 60 60 60 100 100 100 85 85 85 69 69 69 69 69 69 69 69 68 59 59 59 59 59 30 30 30 30 30 30 2 2 2 77
47 47 47 24 24 24 24 24 24 24 36 92 92 92 92 92 60 60 60 60 100 100 10 10 10 10 69 69 69 69 69 69 69 69 68 59 59 59 68 68 68 68 30 30 30 2 2 2 77 77
47 47 47 24 24 24 24 24 24 24 36 92 92 92 92 92 92 60 60 10 10 10 10 10 10 10 10 69 10 69 69 33 33 33 68 68 68 68 68 68 68 68 98 98 98 98 2 2 2 77
47 47 47 47 24 24 24 24 24 24 36 36 92 92 92 92 92 92 10 10 10 10 10 10 10 10 10 10 10 69 33 33 33 33 68 68 68 68 68 68 68 98 98 98 98 98 2 2 2 77
47 47 47 47 24 24 24 24 24 24 36 36 92 92 92 92 92 92 92 10 10 10 10 10 10 10 10 10 33 33 33 33 33 68 68 68 68 68 68 68 68 98 98 98 98 98 2 2 2 2
47 47 47 47 47 24 24 24 24 24 24 92 92 92 92 92 92 92 10 10 10 10 10 10 10 10 10 10 33 33 33 33 33 68 68 68 32 68 68 68 98 98 98 98 98 98 2 2 2 2
