50 100
33 33 33 33 33 33 33 76 76 76 76 5 5 5 5 5 5 5 5 5 5 5 5 60 60 60 60 60 60 52 52 52 98 98 98 98 98 98 59 59 59 58 58 58 58 58 58 58 58 58
33 33 33 33 33 33 33 76 76 76 5 5 5 5 5 5 5 5 5 5 5 5 46 46 46 60 60 60 60 52 52 52 98 98 98 98 98 98 59 59 59 21 21 58 58 58 58 58 58 58
33 33 33 33 33 33 33 76 76 76 76 76 5 5 5 5 4 5 5 5 5 46 46 46 46 60 60 60 60 52 52 52 52 98 98 98 98 98 59 59 59 21 21 58 58 58 58 58 58 38
33 33 33 33 33 33 76 76 76 76 76 76 76 5 5 5 5 5 5 5 5 46 46 46 46 60 60 60 60 60 52 52 52 98 98 98 98 98 59 59 59 21 21 58 58 58 58 58 38 38
33 33 33 33 33 33 76 76 76 76 76 76 76 76 27 5 27 27 27 27 27 27 46 46 46 60 60 60 60 60 52 52 63 63 63 98 98 98 59 59 59 21 21 58 58 58 58 58 38 38
40 33 33 33 33 33 33 76 76 76 76 64 76 76 27 27 27 27 27 27 27 27 46 46 46 46 46 46 60 60 63 52 63 63 63 63 63 59 59 59 59 21 21 58 58 58 38 38 38 38
40 29 29 29 29 29 76 76 76 76 12 64 64 64 64 27 27 27 27 27 27 46 46 46 46 46 46 46 23 60 63 63 63 63 63 63 63 59 59 59 59 21 21 21 38 38 38 38 38 38
40 40 40 29 29 29 29 12 12 12 12 64 64 64 64 27 27 27 27 27 27 46 46 46 46 28 28 46 23 23 63 23 63 63 63 63 63 63 59 59 59 59 59 59 38 38 38 38 38 38
40 40 40 40 29 29 29 29 12 12 12 12 64 64 64 64 64 77 77 77 46 46 46 46 46 28 28 28 23 23 23 23 63 48 48 63 59 59 59 59 59 59 59 59 38 38 38 38 38 38
40 40 40 40 71 71 71 29 12 12 12 12 64 64 64 64 77 77 77 77 46 46 46 43 43 28 28 23 23 23 23 23 69 48 48 32 32 59 59 59 59 74 74 74 38 38 38 38 38 38
40 40 40 71 71 71 71 12 12 12 12 12 64 64 64 77 77 77 77 77 77 34 46 43 43 28 28 23 23 23 23 23 69 69 48 48 48 48 59 59 59 74 74 74 74 74 38 38 38 38
40 37 37 71 71 71 71 12 12 12 12 12 77 77 77 77 77 77 77 77 77 34 34 34 43 28 28 28 23 23 23 23 69 69 48 48 48 48 74 74 74 74 74 74 74 74 74 38 38 38
40 37 71 71 71 37 37 12 12 12 12 12 77 77 77 77 77 77 77 77 77 34 34 43 43 28 28 23 23 18 18 18 18 18 18 48 48 6 6 6 6 74 74 74 74 74 74 38 38 38
37 37 37 37 37 37 37 37 12 12 12 77 77 77 77 77 77 77 77 77 34 34 34 43 43 43 28 23 18 18 18 18 18 18 18 18 6 6 6 6 6 74 6 74 74 74 74 38 38 38
37 37 37 37 37 37 37 37 86 86 86 77 77 77 77 77 77 77 77 77 34 34 34 43 43 43 43 43 43 43 43 18 18 18 18 6 6 6 6 6 6 6 6 6 6 6 74 38 38 38
37 37 37 37 37 37 37 78 86 86 86 77 77 77 77 77 77 77 77 34 34 34 34 75 43 43 43 43 43 43 43 18 18 18 18 6 6 6 6 6 6 6 6 6 6 96 96 38 38 38
37 37 37 37 78 78 78 78 78 78 78 78 78 78 77 77 77 45 77 34 34 34 34 43 43 43 43 43 43 43 43 18 18 6 6 6 6 6 6 6 6 6 96 6 6 96 96 96 96 62
83 83 83 78 78 78 78 78 78 78 78 78 78 78 45 45 45 45 45 45 34 34 34 43 43 43 43 43 43 43 18 18 18 25 6 6 6 6 35 35 6 6 96 96 96 96 96 96 62 62
83 83 83 83 78 78 78 78 78 78 78 78 78 78 45 45 45 45 45 45 45 34 34 43 43 43 43 43 43 43 25 18 18 25 6 6 6 35 35 35 96 96 96 96 96 96 96 62 62 62
83 83 83 83 78 78 78 78 78 78 78 78 78 78 45 45 45 45 45 45 45 45 45 43 43 43 43 43 43 25 25 25 25 25 8 6 35 35 35 35 96 96 96 96 96 96 96 96 62 62
83 83 83 83 78 78 78 78 30 30 30 91 91 45 45 45 45 45 45 45 45 45 45 45 45 43 43 43 43 43 25 25 25 25 8 8 35 8 8 13 13 13 96 96 96 96 96 62 62 62
83 83 83 83 83 78 78 30 30 91 91 91 91 45 45 45 45 45 45 45 45 45 45 45 45 45 43 43 43 43 25 25 25 25 8 8 8 8 8 13 13 13 13 96 96 62 62 62 62 62
83 83 83 83 83 22 22 30 30 91 91 91 91 87 87 45 45 45 66 45 45 45 45 45 45 45 45 45 43 43 25 25 25 68 8 8 8 8 8 13 13 13 13 96 96 62 62 62 62 62
83 83 83 83 83 22 17 17 30 91 91 91 91 87 87 66 66 66 66 45 45 45 45 45 45 45 45 45 45 25 25 25 25 68 8 8 8 8 8 13 13 13 13 13 62 62 62 62 62 62
83 83 83 83 9 17 17 17 30 91 91 91 87 87 87 66 66 66 66 66 26 26 26 26 16 45 45 45 45 100 100 100 25 68 8 8 68 8 8 13 13 13 13 73 62 62 62 62 62 62
83 83 83 83 9 9 9 9 9 91 91 91 87 87 87 66 66 66 66 66 26 26 26 26 16 16 16 100 100 100 100 100 25 68 68 68 68 8 67 13 73 73 73 73 62 62 62 62 62 62
53 53 83 9 9 9 9 9 9 88 88 88 88 88 87 66 66 66 66 26 26 26 26 16 16 16 16 100 100 100 55 25 25 47 47 47 67 67 67 73 73 73 73 73 73 62 62 62 62 62
53 53 53 53 53 9 9 9 9 88 88 88 88 88 66 66 66 66 66 26 26 26 26 16 16 16 100 100 100 100 55 25 31 47 67 67 67 67 67 67 44 44 44 73 73 73 73 62 62 62
53 53 53 53 9 9 9 9 9 88 88 88 88 88 66 66 66 66 66 26 26 16 16 16 16 16 100 50 100 100 55 55 31 31 67 67 67 67 67 10 10 44 44 73 73 73 73 62 62 62
53 53 53 56 56 56 9 9 88 88 88 88 88 88 66 66 66 66 26 26 16 16 16 16 16 16 16 50 50 50 55 55 55 55 67 67 67 10 10 10 10 44 10 73 73 73 73 73 73 73
53 53 56 56 56 56 56 9 9 88 88 88 88 82 82 82 82 82 26 26 16 16 16 16 16 16 16 50 50 50 55 50 50 50 50 50 67 10 10 10 10 10 10 10 73 73 73 73 73 73
56 56 56 56 56 56 56 56 9 88 88 88 88 82 82 82 82 82 16 16 16 16 16 16 16 16 16 50 50 50 50 50 50 50 50 3 3 3 10 10 10 10 10 10 10 73 73 73 73 73
56 56 56 56 56 56 56 56 9 9 88 88 88 82 82 82 82 82 82 82 95 16 16 16 16 50 50 50 50 50 94 94 3 3 3 3 3 3 3 3 72 10 10 72 1 73 73 73 1 1
56 56 56 56 56 56 56 56 9 9 82 88 88 82 82 82 82 82 82 95 95 16 95 95 95 50 50 50 89 89 89 89 3 3 70 3 3 49 36 72 72 72 72 72 1 73 73 73 1 1
56 56 56 56 56 56 56 56 9 9 82 82 88 82 82 82 82 82 82 82 95 95 95 95 95 95 95 14 14 89 89 89 89 70 70 70 49 49 49 72 72 72 72 1 1 1 1 1 1 1
54 56 54 54 54 54 79 79 19 19 82 82 82 82 82 82 82 82 82 41 41 41 95 95 95 95 95 14 14 20 20 20 89 89 70 70 72 72 72 72 72 72 1 1 1 1 1 1 1 1
54 54 54 54 79 79 79 79 19 19 19 19 19 82 82 82 82 82 41 41 41 41 41 41 41 95 14 14 14 20 20 20 89 89 85 85 72 72 72 72 72 1 1 1 1 1 1 1 1 1
79 54 54 54 79 79 79 7 7 19 19 19 19 19 19 19 19 41 41 41 41 41 41 41 41 95 95 14 14 14 14 14 14 14 85 85 72 72 72 72 72 72 72 1 1 1 1 11 11 11
79 79 79 79 79 79 79 7 7 19 19 19 19 19 19 19 41 41 41 41 41 41 41 41 61 61 95 14 14 14 14 14 14 14 14 14 72 81 81 81 81 1 1 1 1 1 1 11 11 11
79 79 79 79 79 79 79 7 7 7 19 19 19 19 19 19 19 41 41 41 41 80 80 41 61 61 95 95 14 14 14 14 14 14 14 14 14 81 81 81 81 1 1 1 1 1 11 11 11 11
42 42 79 79 79 7 7 7 7 19 19 19 19 19 19 19 19 41 41 41 41 80 90 61 61 61 95 95 95 14 14 14 14 14 14 81 81 81 81 81 1 1 1 11 1 1 11 11 11 11
42 42 42 7 7 7 7 7 7 7 19 19 19 19 19 19 19 41 41 41 90 90 90 90 61 61 95 95 95 24 39 39 14 92 92 81 81 81 81 81 1 1 1 11 11 11 11 11 11 11
42 42 7 7 7 7 7 99 7 19 19 19 19 19 19 19 19 41 41 41 90 90 90 90 90 61 61 24 24 24 24 39 39 92 92 92 92 92 92 81 1 1 11 11 11 11 11 11 11 11
42 42 7 7 7 7 7 99 7 19 51 51 51 51 51 51 51 41 41 90 90 90 90 90 90 90 24 24 24 24 24 39 39 39 92 92 92 92 92 92 1 1 11 11 11 11 11 11 11 11
42 7 7 7 7 7 99 99 99 99 51 51 51 51 51 51 51 90 90 90 90 90 90 90 90 90 24 24 24 39 39 39 39 39 39 39 92 92 92 92 1 1 11 11 11 11 11 11 11 11
42 42 99 99 99 99 99 99 99 51 51 51 51 51 51 51 51 90 90 90 90 90 90 90 90 90 24 24 24 65 65 39 39 65 39 39 57 57 92 57 57 57 11 11 11 11 2 2 11 11
42 99 99 99 99 99 99 93 93 51 51 51 51 51 51 51 51 15 15 15 15 15 15 90 90 90 15 65 65 65 65 65 65 65 39 57 57 57 57 57 57 57 57 11 11 11 2 2 2 11
99 99 99 99 99 93 93 93 93 93 93 51 51 51 51 51 51 15 15 15 15 15 15 15 15 15 15 65 65 65 65 65 65 57 57 57 57 57 57 57 57 57 57 57 11 2 2 2 2 11
99 99 99 99 97 93 93 93 93 93 93 51 51 51 51 51 51 15 15 15 15 15 15 15 15 15 15 65 65 65 65 65 57 57 57 57 57 57 57 57 57 57 57 11 11 11 2 2 2 2
99 99 99 99 97 97 97 97 93 93 93 51 51 51 51 51 15 15 15 15 15 84 84 15 15 15 15 65 65 65 65 65 57 57 57 57 57 57 57 57 57 57 2 2 2 2 2 2 2 2
