50 100
30 30 30 30 30 30 30 42 42 71 71 71 71 71 97 97 97 97 97 32 41 41 41 41 41 41 41 41 41 41 41 77 77 77 77 77 77 77 77 77 77 77 77 77 77 77 23 23 78 78
30 30 30 30 30 30 30 42 42 42 71 71 71 71 97 97 97 97 32 32 41 41 41 41 41 41 41 41 41 41 77 77 77 77 77 77 77 77 77 77 77 77 77 77 77 23 23 23 78 78
21 30 30 30 42 42 42 42 42 71 71 71 71 71 97 97 32 32 32 32 32 41 41 41 41 41 41 41 41 41 77 77 77 77 77 77 77 77 77 77 77 77 77 77 77 23 23 23 78 78
21 21 21 30 42 42 42 42 97 97 71 71 71 71 97 97 97 32 32 32 41 41 41 41 41 41 41 41 41 41 41 77 77 77 77 77 77 77 77 77 77 77 77 77 23 23 23 23 78 78
21 21 21 35 42 42 42 42 42 97 97 97 71 71 97 97 97 32 32 32 32 41 41 41 41 41 41 41 41 41 41 77 77 77 77 77 77 77 77 77 77 77 77 23 23 23 23 23 78 78
21 21 35 35 35 42 42 42 42 97 97 97 97 97 97 97 32 32 32 32 32 32 41 41 41 41 54 54 54 77 77 77 77 77 77 77 77 77 77 77 77 77 23 23 23 23 23 23 78 78
21 21 35 35 35 42 42 42 42 42 97 97 19 19 19 32 32 32 32 32 32 32 32 32 32 41 54 54 54 77 77 77 77 77 77 77 77 77 77 77 23 23 23 23 23 23 78 78 78 78
21 99 35 35 35 35 42 42 42 42 97 97 19 19 19 32 32 32 32 32 57 57 32 54 54 54 54 54 54 77 77 77 77 77 77 77 77 77 77 77 23 23 23 23 23 23 78 78 78 78
21 99 99 99 99 35 42 42 42 42 97 97 19 19 19 32 57 32 32 32 57 57 28 54 54 54 54 54 54 54 59 59 59 59 59 77 59 77 77 77 23 77 77 23 78 78 78 78 78 78
99 99 99 99 99 99 42 42 97 97 97 97 82 19 82 57 57 57 57 57 57 28 28 54 54 54 54 54 54 59 59 59 59 59 59 59 59 77 77 77 77 77 23 23 78 78 78 78 78 81
99 99 99 99 99 42 42 42 42 97 97 97 82 82 82 57 57 57 57 28 57 28 28 28 54 54 54 54 54 54 59 59 59 59 59 59 59 59 59 77 77 77 13 13 78 78 78 78 81 81
99 99 99 99 99 99 5 5 97 97 82 82 82 82 82 57 57 57 28 28 28 28 28 28 54 54 54 54 54 83 83 59 59 59 59 59 59 59 59 59 13 13 13 13 13 78 78 81 81 81
99 99 5 5 5 5 5 5 5 97 97 82 82 82 82 82 82 57 28 28 28 28 28 28 54 54 54 54 54 54 83 83 59 59 59 59 59 29 59 13 13 13 13 13 13 13 81 81 81 81
99 5 5 5 5 5 5 5 5 5 16 16 82 82 82 82 82 46 28 28 28 28 28 28 28 54 54 54 54 54 83 83 59 59 59 59 59 29 29 13 13 13 13 13 13 13 81 81 81 81
99 5 5 5 5 5 5 5 16 16 16 16 16 82 82 82 46 46 46 46 46 28 28 28 28 54 54 54 54 54 54 83 59 59 59 29 29 29 29 29 29 13 13 13 13 13 81 81 81 81
67 67 67 5 5 5 5 5 16 16 16 16 16 16 82 46 46 46 46 46 46 28 28 28 28 28 54 54 54 54 83 83 59 91 91 29 29 29 29 29 29 13 13 13 13 22 81 81 81 81
67 67 67 67 67 67 67 16 16 16 16 16 16 16 16 46 46 46 46 46 46 3 3 3 3 3 3 3 3 43 83 83 83 91 91 91 29 29 29 29 29 13 13 13 22 22 22 22 81 81
67 67 67 67 67 67 16 16 16 16 16 16 16 16 16 46 46 46 46 46 3 3 3 3 3 3 3 43 43 43 83 83 83 83 91 91 91 91 91 91 91 13 13 13 22 22 22 22 22 81
61 67 67 67 67 67 16 16 16 16 16 16 16 16 16 16 46 46 46 46 3 3 3 3 3 3 3 43 43 43 43 83 83 83 91 91 91 91 88 88 88 22 22 22 22 22 22 22 22 22
61 61 61 61 67 67 52 16 16 16 16 16 16 25 25 16 16 16 16 46 3 3 3 3 3 3 43 43 43 43 43 43 43 91 91 91 91 91 88 88 88 88 88 22 22 22 22 22 22 22
61 61 61 61 67 52 52 52 16 16 25 25 25 25 25 25 25 16 16 55 3 3 3 3 3 3 3 43 43 43 43 43 43 91 84 91 88 88 88 88 88 88 88 88 88 22 47 47 22 33
61 61 61 61 52 52 52 52 52 16 25 25 25 25 25 25 25 25 16 55 3 3 3 3 3 3 43 43 43 43 43 43 84 84 84 84 84 88 88 88 88 88 88 88 88 47 47 47 22 33
52 52 52 61 52 52 52 52 52 52 79 79 79 25 25 25 25 25 25 55 3 3 3 43 3 43 43 43 43 43 43 43 84 84 84 84 84 84 88 88 47 47 47 47 47 47 47 47 33 33
74 52 52 52 52 52 52 52 52 52 79 79 79 25 25 25 25 25 25 55 55 43 43 43 43 43 43 17 17 7 7 7 44 44 84 84 84 84 88 47 47 47 47 47 47 47 47 33 33 33
74 74 74 74 52 52 52 52 52 52 94 94 94 94 94 25 25 25 25 55 55 55 55 55 55 55 7 7 7 7 7 44 44 44 84 84 84 84 84 2 47 47 47 47 47 47 47 33 33 33
74 74 74 74 62 62 52 94 94 94 94 94 94 94 94 94 24 24 24 55 55 55 55 55 55 55 55 7 7 7 7 44 44 44 84 44 44 84 84 2 87 75 75 75 75 45 45 33 33 33
74 74 74 74 74 62 62 62 11 11 94 94 9 9 9 9 24 24 24 15 55 55 55 55 55 64 7 7 7 7 7 7 44 44 44 44 44 44 2 2 87 87 75 75 45 45 45 33 33 33
74 74 74 74 74 62 62 62 11 11 11 9 9 9 9 9 24 24 24 15 15 55 55 55 55 64 7 7 7 7 7 7 44 44 44 44 44 34 34 34 87 87 87 34 45 45 33 33 33 20
90 90 90 90 74 62 62 11 11 11 11 9 9 31 31 31 60 24 24 15 15 15 15 15 64 64 64 64 7 7 7 7 44 44 44 44 44 34 34 34 34 34 34 34 45 45 33 33 33 33
90 90 90 90 62 62 62 11 11 11 11 9 9 31 31 60 60 24 15 15 15 15 15 64 64 64 64 7 7 7 7 7 7 7 44 44 44 34 34 34 34 34 34 34 45 45 33 33 33 33
90 90 90 90 90 62 62 31 11 31 31 31 31 31 31 60 60 24 15 15 15 15 15 56 64 64 64 64 7 7 7 7 7 7 44 98 34 34 34 34 34 34 34 34 34 34 33 33 33 33
90 90 90 48 48 48 62 31 31 31 31 31 31 31 60 60 60 60 60 60 15 56 56 56 56 64 64 64 64 64 7 7 7 7 98 98 98 34 34 98 6 34 34 34 34 34 33 33 33 33
90 90 48 48 48 48 50 50 50 50 31 31 31 31 60 60 60 60 60 60 56 56 56 56 56 64 64 64 64 64 64 7 98 98 98 98 98 98 98 98 6 6 34 34 6 6 33 33 33 33
48 48 48 48 48 48 48 50 50 50 31 31 31 31 60 60 60 60 60 38 38 38 38 56 56 56 56 56 64 64 64 8 8 8 8 98 98 98 98 98 98 6 6 6 6 6 14 14 14 33
48 48 48 48 48 48 48 50 50 50 31 31 31 31 60 60 60 60 60 38 38 38 38 56 56 85 56 56 56 64 70 70 8 8 8 98 58 98 98 98 98 6 6 6 6 14 14 14 14 14
4 4 48 48 48 48 48 50 50 50 76 76 76 76 76 76 1 1 1 38 38 85 85 85 85 85 85 56 85 85 70 70 8 8 8 8 58 58 98 98 6 6 6 6 14 14 14 14 14 14
4 4 4 48 48 48 48 66 66 50 66 76 76 76 76 76 76 1 1 1 85 85 85 85 85 85 85 85 85 85 70 70 70 8 8 8 58 58 98 98 6 6 6 68 68 14 14 14 14 14
4 4 4 39 39 39 66 66 66 66 66 76 76 76 76 76 76 1 1 1 1 1 51 51 85 85 85 85 85 85 70 70 70 70 70 58 58 58 98 98 6 6 6 68 68 53 14 53 53 53
4 4 4 39 39 39 66 66 66 66 76 76 76 76 76 76 76 76 1 1 1 1 1 1 85 85 85 85 85 92 70 70 70 70 70 70 70 58 12 12 12 6 6 68 53 53 53 53 53 53
4 4 4 4 39 39 66 66 66 76 76 76 76 76 76 76 76 76 1 1 1 1 1 1 1 85 92 92 92 92 92 100 70 70 70 70 70 58 12 12 12 93 68 68 68 53 53 53 53 53
4 4 39 39 39 39 39 66 66 76 76 76 76 76 76 76 76 1 1 1 1 1 1 1 92 92 92 92 92 92 92 100 70 70 70 70 58 58 86 12 12 93 68 68 68 53 26 53 53 53
4 39 39 39 39 39 39 66 66 66 66 80 80 80 76 76 76 76 76 1 1 1 1 1 92 92 92 92 92 92 92 100 100 100 70 70 70 86 86 86 86 93 68 68 68 26 26 26 26 26
4 4 39 39 39 39 39 89 89 89 80 80 80 80 76 76 80 80 80 80 1 1 1 1 92 92 92 73 73 92 100 100 100 100 100 100 86 86 86 86 86 86 68 68 68 26 26 26 26 26
4 4 39 39 39 39 89 89 89 89 80 80 80 80 80 80 80 80 80 80 1 1 1 1 92 92 92 73 73 100 100 100 100 100 100 86 86 86 86 63 86 68 68 68 68 68 26 26 26 95
27 27 39 39 89 89 89 89 89 89 89 40 80 80 80 80 80 37 80 37 1 49 49 49 49 73 73 73 73 100 100 96 96 100 100 86 86 86 63 63 68 68 68 68 68 68 95 95 95 95
27 27 27 27 27 27 89 89 89 89 89 40 40 80 80 80 37 37 37 37 37 49 49 49 49 73 73 73 73 36 100 96 96 96 96 86 86 86 63 63 63 63 63 68 68 69 95 95 95 95
27 27 27 27 27 27 89 89 89 40 40 40 40 37 37 37 37 37 37 37 37 49 49 49 49 49 49 36 36 36 36 36 36 96 96 86 86 63 63 63 63 63 63 68 68 69 95 95 95 95
27 27 27 27 27 27 89 72 72 40 40 40 40 37 37 37 37 37 37 37 37 49 49 49 49 49 49 36 36 36 36 36 36 36 36 65 65 63 63 63 63 63 63 63 63 69 95 95 95 69
27 27 27 27 27 27 27 72 72 72 40 40 40 40 40 37 37 37 37 37 37 49 49 49 49 49 10 36 36 36 36 36 36 36 36 65 65 63 63 63 63 63 63 63 63 69 69 69 69 69
27 27 27 27 27 27 27 72 72 72 40 40 40 40 40 37 37 37 37 37 37 49 49 49 49 49 10 10 10 36 36 36 36 36 65 65 65 63 63 63 18 18 63 63 69 69 69 69 69 69
