2 1 16 0 8
0
0
2 2 8 2 16
1 3 16
0
0
1 5 16
1 7 15
1 6 16
0
0
1 7 13
0
1 7 12
1 7 11
1 7 10
1 7 9
2 5 8 7 8
0
1 15 6
1 7 5
1 8 7
1 9 7
1 10 7
1 11 7
0
1 13 15
1 14 7
0
0
0
1 15 9
0
1 15 10
1 15 11
1 15 12
1 15 13
1 7 14
1 15 15
0
1 15 24
1 16 17
1 16 18
2 14 19 16 19
1 16 20
1 16 21
2 7 22 24 22
1 16 23
1 17 15
2 18 15 18 24
1 19 24
1 20 24
1 21 15
2 22 15 22 24
0
1 24 23
0
1 24 25
1 24 26
1 22 32
1 21 24
0
0
1 18 32
1 17 32
2 16 24 16 32
0
0
0
0
0
0
0
0
0
0
0
1 24 21
1 24 20
1 24 19
1 24 18
1 24 17
0
0
0
0
1 19 15
0
1 23 13
0
1 22 8
1 23 12
1 23 11
1 23 10
1 23 9
1 21 8
0
0
0
0
0
1 19 8
0
1 18 8
0
0
0
0
0
0
0
0
0
0
0
0
0
0
0
0
0
0
0
0
0
0
0
0
0
0
0
0
0
0
0
1 24 27
1 24 28
2 15 29 24 29
2 15 30 24 30
2 15 31 24 31
0
0
1 25 31
1 26 31
1 27 31
1 28 31
1 29 31
0
1 31 31
1 31 30
1 29 23
1 28 23
1 27 23
1 26 23
0
0
0
1 31 28
1 25 23
0
0
0
0
0
1 31 27
0
1 31 25
1 31 24
1 31 23
1 31 22
1 29 15
1 28 15
0
1 26 15
1 31 21
1 31 20
1 31 19
0
0
1 27 15
0
1 25 15
2 24 16 31 16
0
0
0
0
1 30 7
0
1 31 14
0
1 31 13
0
1 31 12
0
0
0
1 23 14
0
0
0
0
0
0
1 31 10
0
1 23 8
0
0
1 23 6
0
0
0
1 20 8
0
1 23 5
0
1 17 8
0
0
2 15 3 23 3
2 15 2 23 2
1 15 1
1 15 0
0
0
0
0
0
0
0
0
0
1 23 4
0
0
0
0
0
0
0
0
0
1 27 7
0
0
0
0
0
0
0
0
0
0
0
0
1 31 18
0
0
0
0
0
0
0
0
0
0
0
0
0
0
0
0
0
0
0
0
0
0
0
0
1 21 32
1 20 32
1 19 32
0
0
0
0
0
1 15 28
1 15 27
0
1 15 25
0
0
0
0
0
0
0
0
0
0
0
0
0
0
0
0
0
0
0
0
1 14 32
1 13 24
1 12 24
1 11 24
0
0
