2 1 13 0 11
0
0
1 5 15
1 2 16
2 3 13 3 16
1 4 16
0
0
0
0
0
0
1 5 12
0
2 2 4 2 13
0
2 4 8 4 13
0
0
1 5 8
1 6 11
2 7 8 7 13
2 8 7 8 12
1 9 11
1 10 13
0
0
1 14 12
1 12 13
1 13 13
1 18 11
0
0
0
2 17 0 17 12
1 20 10
1 18 8
1 19 7
0
1 20 12
0
0
1 20 9
1 20 8
0
0
0
0
1 16 7
1 18 5
2 16 6 20 6
1 19 4
0
0
0
0
1 16 5
0
0
1 16 3
0
1 20 4
0
0
1 25 4
0
0
0
0
0
0
2 20 7 25 7
0
0
0
1 24 11
0
1 25 13
1 19 14
1 19 15
0
0
0
0
0
0
1 24 17
0
0
0
1 19 19
0
0
1 20 24
1 19 18
0
1 19 20
0
0
1 19 25
1 18 21
2 17 21 17 24
1 16 21
1 15 21
1 14 21
1 13 21
1 12 21
1 11 21
2 10 21 10 25
0
1 8 24
1 7 25
1 6 21
1 5 24
2 4 21 4 25
0
0
0
0
0
0
1 5 18
1 6 17
0
0
0
0
0
0
0
1 12 17
1 10 16
2 11 16 11 18
0
0
0
0
0
0
0
0
0
0
1 0 17
1 5 16
0
0
0
0
0
0
0
0
0
0
0
0
0
1 13 16
0
1 15 17
1 14 16
0
0
0
0
0
0
1 16 16
1 17 18
0
0
0
1 18 17
1 17 13
0
0
1 16 13
1 12 14
1 15 13
1 14 13
0
1 8 15
1 12 16
0
0
1 9 14
0
0
0
0
0
0
0
0
0
0
0
0
0
0
0
0
0
0
0
0
0
0
0
0
0
0
0
0
0
0
0
0
0
0
0
0
0
0
0
0
0
0
0
0
0
0
0
0
0
0
0
0
0
0
0
0
0
0
0
0
0
0
0
0
0
0
0
0
0
0
0
0
0
0
0
0
0
0
0
0
1 16 2
1 16 1
0
0
0
0
0
0
0
0
0
0
0
0
0
0
0
0
0
0
0
0
0
0
0
0
0
0
0
0
0
2 1 7 1 10
0
0
1 0 8
1 7 7
0
0
1 6 8
0
1 7 4
1 8 5
0
1 10 1
0
1 12 5
2 8 4 12 4
1 8 3
0
0
0
0
1 14 0
0
0
0
0
1 15 5
0
0
0
0
0
0
0
0
0
0
0
1 8 1
1 8 0
0
0
0
0
0
0
0
0
0
0
0
0
0
0
0
1 3 3
0
0
0
