3 3 18 0 17 0 20
2 1 16 1 19
1 2 16
1 3 17
0
1 3 19
1 3 20
1 3 21
2 1 22 3 22
1 3 23
0
2 1 25 3 25
1 3 26
0
2 1 28 3 28
2 0 29 3 29
1 3 30
1 1 31
2 1 32 4 32
1 3 33
0
1 0 33
2 1 34 7 34
0
0
1 5 31
2 6 27 6 35
1 7 33
1 7 32
0
2 5 30 7 30
1 7 29
2 4 28 7 28
1 5 24
0
0
2 4 25 7 25
0
1 7 24
1 7 23
2 4 22 7 22
1 7 21
0
0
2 4 19 7 19
1 6 12
1 7 18
1 7 17
2 4 16 7 16
2 5 15 7 15
1 7 14
1 7 13
1 5 12
1 4 12
1 0 14
0
0
1 1 13
0
1 3 11
0
1 0 11
2 1 10 3 10
1 3 9
2 0 8 3 8
0
1 3 6
2 0 5 3 5
2 1 4 3 4
1 5 3
0
2 4 1 4 4
2 0 2 7 2
0
0
1 7 3
1 7 4
0
0
1 7 6
0
2 4 7 7 7
1 8 8
1 7 12
0
1 11 10
1 8 12
2 9 8 9 11
1 10 8
1 11 9
0
1 11 11
1 11 12
1 11 13
1 11 14
1 9 17
1 8 15
1 11 16
1 10 34
1 11 17
2 8 18 11 18
1 11 19
2 9 20 11 20
2 8 21 11 21
1 11 22
2 9 23 11 23
2 9 24 11 24
1 11 25
2 9 26 11 26
1 9 27
1 11 28
2 9 29 11 29
2 8 30 11 30
1 11 31
0
0
2 12 29 12 35
2 13 25 13 34
1 15 31
0
1 15 30
1 15 29
1 15 28
0
0
2 12 26 15 26
1 14 0
1 15 25
2 12 24 15 24
2 13 23 15 23
2 13 22 15 22
1 15 21
1 13 20
2 13 19 15 19
1 15 18
2 12 17 15 17
2 13 16 15 16
2 11 15 15 15
1 15 14
2 13 13 15 13
1 15 12
1 12 11
2 13 10 15 10
1 15 9
2 12 8 15 8
2 13 7 15 7
1 15 6
1 15 5
1 15 4
1 17 3
0
2 16 1 16 4
1 19 2
1 17 0
0
1 19 3
1 19 4
1 19 5
1 17 6
2 16 7 19 7
1 19 8
1 17 9
1 16 10
0
2 17 12 19 12
2 16 13 19 13
1 19 14
2 17 15 19 15
2 17 16 19 16
1 19 17
2 17 18 19 18
2 17 19 19 19
1 19 20
2 17 21 19 21
2 16 22 19 22
1 19 23
2 17 24 19 24
1 16 25
1 19 26
2 17 27 19 27
2 16 28 19 28
0
0
1 19 30
0
0
1 16 31
2 15 32 23 32
0
2 19 31 19 34
1 20 30
2 21 23 21 35
1 22 34
0
0
1 23 30
0
2 19 29 23 29
1 23 28
1 23 27
0
0
1 23 25
0
2 20 24 23 24
1 23 23
1 23 22
1 23 21
2 21 20 23 20
1 23 19
2 20 18 23 18
2 21 17 23 17
1 23 16
1 21 15
1 23 14
1 23 13
1 23 12
1 23 11
0
1 20 9
2 21 8 23 8
1 23 7
1 23 6
0
0
0
0
1 21 5
1 23 4
0
1 22 1
1 27 3
1 23 0
1 24 5
1 25 4
0
1 27 4
1 27 5
1 27 6
1 25 7
2 25 8 27 8
1 27 9
2 25 10 27 10
2 25 11 27 11
1 27 12
2 25 13 27 13
2 24 14 27 14
1 27 15
2 25 16 27 16
2 24 17 27 17
0
1 27 19
1 24 20
1 27 21
2 25 22 27 22
2 24 23 27 23
1 27 24
2 25 25 27 25
2 24 26 27 26
1 27 27
2 25 28 27 28
2 24 29 27 29
1 27 30
2 23 31 27 31
1 28 32
1 27 35
2 23 33 35 33
1 28 34
1 29 32
2 30 32 30 35
2 31 32 31 34
0
1 33 28
0
1 34 31
2 29 30 35 30
1 32 28
1 31 24
1 30 24
0
0
1 28 28
2 29 27 35 27
0
0
1 34 25
1 35 24
0
0
0
2 29 21 29 24
0
0
0
1 35 21
1 32 20
0
0
1 30 16
1 28 19
1 29 18
0
0
0
1 34 16
1 29 15
1 31 8
0
0
1 29 12
2 28 13 28 16
0
0
0
1 32 12
0
1 29 8
1 28 10
0
1 34 10
0
1 28 8
0
0
0
0
0
1 33 12
1 35 9
1 34 4
0
1 32 7
0
1 35 6
1 32 5
1 32 4
2 29 3 35 3
0
1 31 4
1 30 8
