297 8 32 7 32 9 31 8 30 5 30 7 29 4 29 5 27 2 27 4 26 1 26 3 25 0 25 2 24 1 23 0 1 0 4 0 7 0 10 0 13 0 16 0 19 0 28 0 32 1 2 1 5 1 8 1 11 1 14 1 17 1 20 1 29 1 33 3 0 3 2 3 4 3 5 3 7 3 8 3 11 3 12 3 13 3 14 3 16 3 17 3 18 3 19 3 21 3 22 3 31 3 32 4 2 4 5 4 8 4 11 4 14 4 17 5 0 5 3 5 6 5 15 5 21 5 31 6 1 6 4 6 10 6 13 6 22 6 25 7 2 7 5 7 11 7 17 7 20 7 23 7 26 9 0 9 1 9 2 9 3 9 4 9 5 9 8 9 9 9 10 9 11 9 13 9 14 9 15 9 16 9 18 9 19 9 20 9 21 9 22 9 23 9 24 9 25 9 26 9 28 9 30 10 2 10 5 10 8 10 11 10 17 10 23 10 26 11 0 11 6 11 12 11 24 11 27 11 30 11 31 12 1 12 4 12 7 12 10 12 16 12 22 12 32 13 2 13 5 13 8 13 14 13 17 13 20 13 23 13 26 13 29 15 1 15 2 15 4 15 5 15 6 15 7 15 8 15 10 15 11 15 13 15 15 15 16 15 17 15 18 15 19 15 24 15 25 15 26 15 27 15 28 15 29 16 5 16 8 16 11 16 14 16 17 16 26 16 29 16 33 17 0 17 12 17 18 17 21 17 24 17 30 17 31 18 7 18 10 18 16 18 19 18 22 18 25 18 32 19 2 19 5 19 8 19 11 19 14 19 26 19 29 21 1 21 2 21 3 21 5 21 6 21 7 21 8 21 10 21 11 21 13 21 14 21 15 21 16 21 17 21 18 21 19 21 20 21 21 21 23 21 24 21 25 21 26 21 28 21 30 22 2 22 5 22 8 22 11 22 14 22 17 22 20 22 23 22 26 22 29 23 0 23 3 23 6 23 9 23 18 23 21 23 24 23 30 23 31 24 1 24 7 24 10 24 13 24 16 24 19 24 22 25 2 25 8 25 14 25 20 25 23 25 26 25 29 27 1 27 2 27 3 27 4 27 5 27 6 27 7 27 9 27 10 27 12 27 13 27 14 27 15 27 16 27 18 27 19 27 22 27 24 27 25 27 26 27 27 27 28 27 29 27 31 27 33 28 8 28 14 28 23 28 26 28 29 29 0 29 9 29 12 29 15 29 18 29 21 29 24 29 30 29 31 30 1 30 4 30 19 30 25 30 28 30 32 31 2 31 11 31 14 31 17 31 20 31 23 31 29 32 2 32 8 32 17 32 20 32 23 33 0 33 15
0
0
0
0
0
0
0
0
0
0
0
0
0
0
0
0
0
0
0
0
0
0
0
0
0
0
0
0
0
0
0
0
0
0
0
0
0
0
0
0
0
0
0
0
0
0
0
0
0
0
0
0
0
0
0
0
0
0
0
0
0
0
0
