3 1 13 0 11 0 14
1 5 12
1 1 10
1 2 13
2 3 7 3 13
2 4 8 4 13
1 8 11
1 5 8
2 6 8 6 22
1 7 10
0
0
1 8 9
1 7 8
0
0
0
0
1 8 12
1 8 13
2 3 14 8 14
2 5 15 8 15
2 4 16 8 16
2 3 17 8 17
2 5 18 12 18
1 8 21
2 9 8 9 20
2 10 16 10 22
2 11 15 11 21
1 12 17
1 12 16
0
0
0
0
0
1 10 13
1 12 14
1 11 9
1 12 13
0
0
0
0
2 10 10 16 10
1 12 8
1 13 8
2 14 9 14 15
2 15 8 15 11
1 16 9
0
0
0
1 16 12
1 15 14
1 16 13
0
0
0
1 12 15
1 16 16
1 14 18
1 15 17
1 16 15
0
0
0
0
0
1 12 19
1 14 21
1 15 20
2 16 17 16 22
1 17 21
0
0
1 21 17
1 19 16
0
0
0
1 21 15
1 16 14
1 19 13
0
1 20 12
1 19 10
0
1 21 11
0
1 17 6
0
2 16 8 21 8
0
1 19 7
0
1 16 7
1 20 6
0
0
2 16 5 21 5
1 16 4
1 16 3
1 19 1
0
2 16 2 24 2
1 16 1
2 17 0 20 0
0
0
0
0
0
0
0
0
0
0
0
0
0
0
0
0
0
0
0
0
0
0
0
0
0
0
0
0
0
0
0
0
0
0
0
0
0
0
0
0
0
0
0
0
1 8 10
0
1 10 8
0
0
0
0
0
0
0
0
0
0
0
0
0
0
0
0
0
0
0
0
0
0
0
0
0
0
1 0 8
1 1 7
1 3 6
2 0 5 3 5
2 1 4 3 4
1 7 3
0
2 4 1 4 7
1 5 6
0
2 0 2 7 2
1 7 1
2 5 0 7 0
0
0
0
1 11 4
1 7 7
1 8 6
0
0
0
1 8 0
0
0
0
0
0
0
0
0
0
0
0
0
0
0
0
0
0
0
0
0
0
0
0
0
0
0
0
0
0
0
1 4 19
1 3 18
0
0
0
0
0
1 5 22
1 3 20
1 4 22
1 3 21
0
0
0
0
0
0
0
0
0
1 12 20
0
0
1 9 22
0
0
0
0
0
0
0
0
0
0
0
0
0
0
0
0
0
0
0
0
0
0
0
0
0
0
0
0
0
0
0
0
1 18 20
0
0
0
0
0
1 20 21
1 21 18
1 21 19
1 21 20
1 19 22
0
0
0
0
1 21 16
0
1 21 14
1 21 13
0
0
0
0
0
0
0
0
0
1 18 22
0
0
0
0
0
0
0
0
0
0
0
0
0
0
1 15 22
0
0
0
0
0
0
0
0
0
0
0
0
0
0
0
0
0
0
0
0
0
0
0
0
0
1 20 9
1 21 7
0
0
0
0
0
0
0
0
1 21 4
0
0
0
0
0
0
0
0
0
1 22 14
0
0
0
1 25 4
1 24 5
1 21 6
1 25 7
1 24 8
0
2 21 10 25 10
0
2 21 12 23 12
1 25 13
0
1 24 14
0
1 24 16
1 24 17
0
0
0
1 25 19
1 24 20
1 21 21
0
1 25 22
1 24 23
0
1 20 24
0
0
0
0
2 16 25 25 25
0
0
0
1 17 22
1 14 24
0
0
1 0 23
1 14 22
2 13 22 13 25
1 12 22
2 11 22 11 24
1 10 25
0
2 8 22 8 24
2 7 22 7 25
0
1 5 24
1 4 25
0
0
1 1 22
0
1 0 20
2 1 19 3 19
0
1 0 17
2 1 16 3 16
1 3 15
0
0
0
0
0
0
0
0
0
0
0
0
0
0
0
0
0
0
0
0
0
0
0
0
0
0
0
0
0
0
0
0
0
0
0
0
0
0
0
0
0
0
0
0
0
0
0
0
0
0
0
0
0
0
0
0
0
0
0
0
0
0
0
0
0
0
0
0
0
0
0
0
0
0
0
0
0
0
0
0
0
0
0
0
0
0
0
0
0
0
0
0
0
0
0
0
0
0
0
0
0
0
0
0
0
0
0
0
0
0
0
0
0
0
0
0
0
0
0
0
0
0
0
0
0
0
0
0
0
0
0
0
0
0
0
0
0
0
2 10 1 10 7
1 11 5
1 11 6
0
0
0
0
0
0
0
0
0
0
0
0
0
0
0
0
0
0
0
0
0
0
0
0
0
0
0
0
0
0
0
0
0
0
0
0
0
0
0
0
0
0
0
0
0
0
0
0
0
0
0
0
0
0
0
0
0
0
0
0
0
0
0
0
0
0
0
0
0
0
0
0
0
0
0
0
0
0
0
0
0
0
0
0
0
0
0
0
0
0
0
0
0
0
0
0
0
0
0
0
0
0
0
0
0
0
0
0
0
0
0
0
0
0
0
0
0
0
0
0
0
0
0
0
0
0
0
0
0
0
0
0
0
0
0
0
0
0
0
0
0
0
0
0
0
0
0
0
0
0
0
0
0
0
0
0
0
0
0
0
0
0
0
0
0
1 25 1
0
0
0
0
0
0
0
0
0
0
0
0
0
0
0
0
0
0
0
0
0
0
0
0
0
0
0
0
0
0
0
0
0
0
0
0
0
0
0
0
0
0
0
0
0
0
0
0
0
0
0
0
0
0
0
0
0
0
0
0
0
0
0
0
0
0
0
0
0
0
0
0
0
0
0
0
0
0
0
0
0
0
0
0
0
0
0
0
0
0
0
0
0
0
0
1 11 0
0
0
2 14 0 14 6
1 15 5
0
0
1 16 0
0
0
0
0
0
0
0
0
0
0
0
0
0
0
0
0
0
0
0
0
0
0
0
0
0
0
0
0
0
0
0
0
0
0
0
0
0
0
0
0
0
0
0
0
0
0
0
0
0
0
0
0
0
0
0
0
0
0
0
0
0
0
0
0
0
0
0
0
0
0
0
0
0
0
0
0
0
0
0
0
0
0
0
0
0
0
0
0
0
0
0
0
0
0
0
0
0
0
0
0
0
0
0
0
0
0
0
0
2 25 14 25 16
0
0
0
0
0
0
0
0
0
0
0
0
0
0
0
0
0
0
0
0
0
0
0
0
0
0
0
0
0
0
0
0
0
0
0
0
0
0
0
0
0
0
0
0
0
0
0
0
0
0
0
0
0
0
0
0
0
0
0
0
0
0
0
0
0
0
0
0
0
0
0
0
0
0
0
0
0
0
0
0
0
0
0
0
0
0
0
0
0
0
0
0
0
0
0
0
0
0
0
0
0
0
0
0
0
0
0
0
0
0
0
0
1 11 7
0
0
0
0
0
0
0
0
0
0
0
0
0
0
0
0
0
0
0
0
0
0
0
0
0
0
0
0
0
0
0
0
0
0
0
0
0
0
0
0
0
0
0
0
0
0
0
0
0
0
0
0
0
0
0
0
0
0
0
0
0
0
0
0
0
0
0
0
0
0
0
0
0
0
0
0
0
0
0
0
0
0
0
0
0
0
0
0
0
0
0
0
0
0
0
0
0
0
0
0
0
0
0
0
0
0
0
0
0
0
0
0
0
0
0
0
0
0
0
0
0
0
0
0
0
0
0
0
0
0
0
0
0
0
0
0
0
0
0
0
0
0
0
0
0
0
0
0
0
0
0
0
0
0
0
0
0
0
0
0
0
0
0
0
0
0
0
0
0
0
0
0
0
0
0
0
0
0
0
0
0
0
0
0
0
0
0
0
0
0
0
0
0
0
0
0
0
0
0
0
0
1 24 11
0
0
0
0
0
0
0
0
0
0
0
0
0
0
0
0
0
0
0
0
0
0
0
0
0
0
0
0
0
0
0
0
0
0
0
0
0
0
0
0
0
0
0
0
0
0
0
0
0
0
0
0
0
0
0
0
0
0
0
0
0
0
0
0
0
0
0
0
0
0
0
0
0
0
0
0
0
0
0
0
0
0
0
0
0
0
0
0
0
0
0
0
0
0
0
0
0
0
0
0
0
0
0
0
0
0
0
0
0
0
0
0
0
0
0
0
0
0
0
0
0
0
0
0
0
0
0
0
0
0
0
0
0
0
0
0
0
0
0
0
0
0
0
0
0
0
0
0
0
0
0
0
0
0
0
0
0
0
0
0
0
0
0
0
0
0
1 1 1
0
0
0
0
0
0
0
0
0
0
0
0
0
0
0
0
0
0
0
0
0
0
0
0
1 14 8
0
