3 4 16 0 15 0 17
1 1 19
2 2 14 2 17
2 3 15 3 18
0
0
1 6 18
0
1 6 19
2 2 20 6 20
2 3 21 6 21
2 4 22 12 22
0
1 7 19
2 8 20 8 23
1 9 24
1 10 19
0
0
0
1 12 20
1 11 12
1 12 19
1 9 18
2 8 17 12 17
2 10 16 12 16
1 12 15
1 12 14
2 7 13 12 13
0
1 9 10
1 6 12
2 8 11 10 11
0
1 8 14
0
1 6 11
0
1 6 8
1 3 9
0
2 4 7 4 10
1 2 8
1 3 4
1 1 7
2 0 6 5 6
1 4 5
0
1 2 5
1 1 4
1 0 5
0
0
0
0
0
0
0
0
0
0
0
0
0
0
0
0
0
0
0
0
0
0
0
0
0
0
0
0
0
1 12 23
1 12 24
2 10 25 12 25
2 8 26 18 26
1 12 27
2 13 25 13 28
1 14 23
2 15 24 15 27
0
1 16 25
0
1 13 22
0
0
0
0
1 16 28
1 17 18
1 18 25
1 18 24
1 18 23
1 16 22
1 15 21
0
1 14 20
1 12 21
1 13 19
0
0
0
0
0
0
1 18 22
1 18 21
1 18 20
1 18 19
1 16 17
1 15 16
0
0
0
0
1 14 15
1 13 14
0
0
0
0
0
0
0
0
0
0
0
0
0
1 18 27
1 18 28
2 12 29 18 29
1 18 30
2 10 31 18 31
0
0
0
1 22 31
0
1 21 30
0
0
0
1 28 31
1 24 30
1 22 28
0
0
0
0
1 24 28
0
0
0
0
0
0
1 25 28
2 26 29 26 32
1 27 30
0
0
0
1 30 27
1 31 31
0
1 29 29
1 28 28
0
1 27 27
0
1 26 26
0
1 25 25
0
0
0
0
0
0
0
0
0
0
0
1 31 28
0
0
1 28 25
0
0
0
0
0
0
0
0
0
0
0
0
1 31 25
0
1 30 24
0
0
0
0
0
0
0
0
0
1 26 23
1 30 21
1 29 17
1 28 22
1 27 21
1 25 22
1 26 20
1 24 21
1 25 16
1 24 20
0
1 24 18
0
0
1 24 17
1 22 16
2 21 15 21 18
1 19 16
1 20 14
1 18 15
1 19 13
1 16 14
1 18 13
1 17 15
0
0
0
0
0
0
0
0
0
0
0
0
0
0
0
0
0
0
0
0
0
0
0
0
0
0
0
0
0
0
0
0
0
0
0
0
0
0
0
0
0
0
0
0
0
0
0
0
0
0
0
0
0
0
0
0
0
1 14 32
0
2 12 30 12 32
0
0
1 8 29
1 10 28
2 9 27 9 30
0
0
0
0
0
0
0
0
0
0
0
1 6 30
1 1 31
0
0
1 3 30
2 2 29 2 32
0
0
0
0
0
0
0
0
0
0
0
1 7 25
1 6 29
1 1 28
1 6 27
0
0
0
0
0
0
0
0
0
0
0
0
0
0
0
0
0
0
0
0
0
0
0
0
0
0
0
0
0
0
0
0
0
0
0
0
0
0
0
0
0
0
0
0
0
0
0
0
0
0
0
0
0
0
0
1 30 18
1 31 16
0
0
0
0
1 29 14
1 31 13
2 30 12 30 15
0
0
0
0
0
1 29 11
0
0
0
0
0
0
1 31 7
1 27 6
0
1 30 3
1 29 5
1 28 4
1 26 5
1 27 3
1 22 4
0
1 25 7
2 24 3 24 5
0
1 21 3
1 22 1
2 20 2 24 2
1 21 0
1 19 1
0
1 18 0
0
0
0
0
0
0
0
0
0
0
1 24 6
1 26 8
0
0
0
0
0
0
0
0
0
0
0
0
0
1 29 8
0
0
0
0
0
0
0
0
0
0
0
0
0
0
0
0
1 28 13
0
1 27 12
1 28 10
0
0
0
1 24 9
0
1 25 10
1 24 8
0
0
0
0
0
0
0
0
0
0
0
0
0
0
0
0
0
0
0
0
1 24 15
0
0
2 26 14 26 17
1 25 13
1 24 14
0
0
0
0
0
0
1 24 12
0
1 24 11
0
0
0
0
0
0
0
0
0
0
0
0
0
0
0
0
0
0
0
0
0
0
0
0
0
0
0
0
0
0
0
0
0
0
0
0
0
0
0
0
0
0
0
0
0
0
0
0
1 18 12
1 18 11
1 16 10
1 15 9
1 13 10
1 14 8
1 12 9
1 13 7
0
1 12 7
1 11 9
1 10 7
2 9 6 12 6
2 8 5 12 5
2 10 4 12 4
1 9 3
2 8 2 12 2
1 10 1
1 9 0
0
0
0
0
0
0
0
0
0
0
0
0
0
0
0
0
0
1 18 10
1 18 9
1 16 7
0
1 15 3
0
1 18 6
1 14 5
1 13 4
0
0
1 18 5
1 16 4
1 14 2
0
1 13 1
0
0
0
0
0
0
1 18 4
1 18 3
1 16 1
1 18 2
0
1 18 1
0
0
0
0
0
0
0
1 18 7
0
0
0
0
0
0
0
0
1 14 14
0
0
1 18 16
0
1 19 17
0
0
1 19 20
0
1 20 21
1 22 20
