46 6 18 54 26 28
0 31 37 23 32 20
55 58 44 7 50 5
33 25 19 12 3 36
47 1 38 42 21 56
35 11 57 16 4 51
39 36 34 56 20 42
24 6 13 19 43 49
37 14 11 45 52 33
29 17 22 26 51 35
2 12 9 23 15 7
5 40 30 8 10 18
23 3 26 17 16 30
32 40 45 56 11 5
36 43 57 34 6 41
44 22 12 42 20 15
46 9 50 8 37 21
55 7 24 19 52 25
36 34 0 10 58 43
19 12 46 8 16 20
32 44 24 22 35 6
37 15 57 38 23 50
48 13 52 55 17 9
1 51 49 11 31 29
11 48 55 31 51 47
5 6 25 21 58 42
7 34 50 54 46 16
57 37 32 45 38 22
9 49 39 40 44 4
53 28 18 35 52 0
18 5 2 3 19 0
33 37 40 39 49 47
21 36 46 43 48 15
42 51 52 26 38 1
22 44 13 11 17 23
10 45 41 27 14 53
3 56 30 36 53 46
45 49 38 51 44 47
22 17 9 50 43 7
14 19 6 8 42 37
21 31 26 11 16 41
40 33 18 2 23 48
0 14 55 37 3 59
48 17 46 44 52 20
34 13 54 6 49 53
56 19 39 45 23 31
21 12 10 24 18 58
50 8 1 9 27 2
1 39 22 33 10 2
44 18 13 11 38 43
24 31 50 52 16 58
14 40 45 21 55 26
56 17 15 12 9 53
57 8 51 47 46 5
27 20 43 48 21 37
57 34 32 7 39 14
9 55 16 42 15 45
28 33 40 58 38 50
8 31 24 49 52 29
51 22 0 13 3 46
