5 4 24 23 54 17
37 45 21 12 39 42
47 8 14 58 30 31
35 2 13 51 25 59
1 56 22 53 10 0
27 43 57 52 6 16
44 32 5 49 8 4
27 22 20 9 21 13
53 37 50 6 43 7
52 0 24 56 12 58
55 41 28 26 57 45
39 23 31 19 11 42
1 34 28 51 25 10
30 52 40 39 2 49
20 7 18 24 17 12
32 55 5 45 56 57
16 43 50 11 8 37
48 13 58 31 46 29
28 9 26 58 7 46
31 50 55 12 49 32
39 11 44 20 37 16
41 21 43 27 14 8
15 10 17 22 42 53
45 18 56 24 40 35
56 24 26 44 52 54
2 9 51 49 13 16
8 58 40 39 34 17
35 14 19 38 37 48
12 20 50 31 22 41
18 42 47 11 4 43
16 26 3 46 54 0
8 22 9 13 38 15
32 58 14 56 33 2
19 12 28 47 37 7
25 18 6 11 40 1
39 43 21 23 10 34
26 7 55 1 39 30
10 37 28 23 31 3
58 17 41 44 22 24
16 8 40 43 33 25
54 57 52 53 51 38
15 27 5 34 49 14
28 5 23 49 32 19
55 14 17 46 37 16
36 15 44 38 51 40
53 6 22 8 7 12
50 45 20 11 43 9
54 57 39 13 34 47
30 41 37 20 40 33
47 49 51 44 19 48
46 23 38 12 16 42
50 18 17 52 39 55
7 43 36 27 31 13
57 58 14 34 28 25
15 3 20 44 50 11
46 23 14 7 39 48
25 8 56 12 57 6
37 29 18 1 49 38
21 19 32 52 17 10
34 9 40 45 13 16
