4 2 24 57 13 34
48 28 59 1 10 6
18 22 55 50 16 44
5 40 12 9 42 23
36 51 0 49 27 30
21 31 25 8 17 11
59 46 34 20 53 31
55 38 1 29 9 7
56 18 37 41 44 43
24 22 14 58 49 3
33 17 52 21 39 40
45 4 28 35 8 26
6 4 12 48 22 30
41 7 16 10 13 15
8 17 43 25 40 51
18 55 38 39 19 5
36 11 21 37 14 53
47 42 45 29 56 58
30 34 6 22 10 39
4 43 21 45 8 3
36 44 32 57 52 17
38 51 37 56 49 58
46 11 7 40 15 9
12 55 50 5 13 20
59 3 23 42 35 10
30 22 27 21 19 31
39 51 52 16 38 14
18 17 15 37 12 6
50 43 5 34 32 53
7 24 36 29 45 58
21 59 44 53 32 39
8 20 46 38 33 42
51 5 45 40 17 47
2 13 37 4 50 6
34 1 23 18 55 19
12 10 28 9 43 27
19 57 6 10 43 11
44 31 17 12 32 47
0 29 13 23 26 56
48 8 58 46 45 38
4 41 37 16 15 49
33 54 5 24 22 52
18 6 10 36 19 45
57 17 12 50 30 21
24 13 43 58 16 11
8 44 34 46 7 49
53 4 52 5 0 23
25 14 3 1 41 47
27 14 43 50 0 25
58 34 52 23 24 13
38 51 39 17 11 18
56 7 28 12 45 44
37 22 20 32 41 1
9 26 47 6 49 29
56 36 38 41 16 25
22 7 13 49 27 48
46 11 8 12 35 58
50 40 6 52 21 18
47 33 39 9 43 32
31 55 24 45 23 44
