57 8 13 25 21 1
24 2 46 26 18 51
12 48 47 20 17 32
45 22 33 6 35 59
31 42 41 58 43 3
14 37 23 40 29 19
33 54 17 46 53 36
10 52 21 28 39 9
38 45 32 20 57 14
43 48 47 12 41 8
3 11 24 5 16 25
15 6 18 40 37 4
26 59 8 46 31 27
6 2 5 13 56 1
43 35 7 55 38 22
25 33 57 18 47 0
52 51 21 23 3 19
16 54 41 40 11 4
15 44 45 38 49 42
57 46 22 18 13 0
37 9 6 14 52 33
1 11 55 50 20 7
40 3 8 17 24 21
58 32 19 36 26 59
0 36 1 55 14 26
5 38 16 18 6 24
44 8 42 50 4 45
15 48 40 51 2 58
52 7 59 20 43 46
22 41 31 32 56 12
45 50 51 6 11 21
26 7 40 20 8 10
52 22 1 43 9 3
16 17 33 23 39 44
19 42 28 13 30 57
55 46 15 54 37 35
38 0 31 7 1 8
16 3 45 15 51 10
50 32 20 37 11 9
5 13 57 34 39 52
29 6 49 23 43 17
26 58 19 46 4 24
31 23 55 56 50 10
42 37 16 13 29 17
9 58 12 27 34 46
11 6 43 44 59 40
19 24 8 15 22 4
1 51 49 26 35 20
14 1 22 37 38 32
49 16 40 15 52 20
59 21 6 18 44 0
8 46 29 13 17 7
51 57 31 45 39 41
35 33 19 55 54 30
10 28 55 7 48 47
14 43 41 19 12 56
11 49 40 23 22 57
39 38 31 44 13 6
21 20 25 17 46 8
54 50 5 52 37 34
