5 46 41 13 32 40
53 58 7 50 27 51
15 29 34 6 47 8
57 4 31 25 30 10
12 52 20 36 24 48
42 17 3 37 56 28
0 26 9 1 47 52
16 33 23 8 32 31
11 21 38 15 14 44
19 35 49 13 20 41
6 12 34 48 46 2
29 22 51 27 39 40
4 14 2 57 40 22
18 23 17 44 55 25
11 20 52 49 19 7
51 39 38 50 42 37
34 32 21 12 16 26
54 30 27 59 47 3
35 29 10 54 37 56
8 31 17 40 18 43
28 16 33 21 58 9
50 45 38 39 6 57
59 13 44 15 51 55
12 52 34 22 32 46
6 56 30 57 42 26
18 51 8 33 50 11
2 49 22 12 19 7
53 23 21 52 16 58
39 13 40 45 55 46
15 20 44 24 34 47
49 28 51 35 54 56
34 20 45 52 38 3
10 50 11 18 23 8
44 58 5 9 15 37
53 39 17 14 12 30
57 31 41 22 55 24
24 12 52 4 38 23
16 37 56 42 22 20
57 33 11 13 17 35
8 18 32 50 55 51
2 7 27 58 40 21
19 45 44 6 26 31
53 39 17 15 37 8
52 2 19 14 21 16
20 24 6 11 38 10
50 7 22 4 49 28
32 40 12 51 56 23
25 47 59 46 27 31
34 43 39 46 11 15
44 52 22 5 45 47
41 21 16 54 6 37
38 8 19 13 33 17
24 53 49 58 23 7
30 31 3 57 48 40
55 22 28 49 45 15
46 34 42 18 44 21
13 10 17 16 8 26
41 31 43 2 38 50
57 39 1 51 52 40
59 33 3 53 9 20
