14 52 49 0 13 39
22 16 28 9 30 36
50 1 45 51 41 54
23 24 29 4 55 56
48 25 6 26 27 11
8 37 47 5 38 57
0 23 28 19 36 42
8 54 52 51 15 45
53 33 1 12 37 9
6 21 39 58 38 25
10 7 11 22 43 13
18 40 57 56 4 59
22 35 47 57 14 8
3 55 24 32 20 51
16 45 49 9 10 33
59 46 38 17 52 43
18 12 13 25 37 6
27 41 44 50 7 53
24 41 56 33 11 46
28 15 51 44 32 19
8 13 49 39 23 1
14 18 22 40 16 38
58 12 7 21 6 50
31 17 52 53 29 4
6 41 53 56 47 54
8 7 12 39 52 50
19 3 30 38 40 34
31 49 17 43 58 32
22 10 45 44 13 11
51 24 20 26 25 21
18 54 5 4 12 2
56 9 49 21 6 38
42 33 23 17 55 13
57 52 51 37 16 44
7 31 39 43 8 50
32 24 34 47 22 36
30 59 39 36 38 28
13 53 42 20 6 24
19 10 7 52 49 50
26 34 16 9 23 29
8 11 58 37 44 31
35 2 22 17 56 14
56 45 48 49 36 2
51 16 11 55 12 54
44 33 20 18 21 5
23 8 17 40 13 42
34 46 38 19 7 39
59 26 43 32 3 52
33 58 3 12 34 41
19 49 23 16 39 24
38 17 20 52 29 40
43 47 18 22 25 37
26 8 48 46 11 51
13 53 7 44 45 31
26 40 4 9 20 52
11 14 10 32 34 41
17 22 46 23 42 21
13 6 56 0 18 27
58 7 57 38 55 5
45 8 12 16 51 37
