42 38 19 59 33 27
39 58 28 11 16 30
29 52 32 5 48 22
35 36 8 13 23 34
10 56 53 44 9 20
2 41 54 57 21 6
54 57 49 12 58 4
40 31 35 56 44 26
27 46 32 17 8 16
14 1 21 11 15 0
45 51 52 20 22 19
53 42 43 33 18 30
1 27 50 19 13 2
54 51 6 9 47 48
16 24 34 43 8 31
21 38 37 40 20 45
23 10 46 44 11 49
53 58 12 5 33 17
59 39 1 23 50 48
38 37 6 45 10 58
3 24 7 21 17 32
25 12 26 15 28 4
35 11 49 8 16 22
52 33 31 43 51 14
4 48 43 21 34 14
38 16 6 17 52 55
9 13 49 26 40 12
15 31 10 37 23 27
7 8 20 24 46 50
47 18 32 57 58 41
56 38 28 11 5 55
32 14 10 46 57 34
2 12 8 9 45 1
15 37 18 51 23 41
22 31 43 52 7 40
58 13 42 6 19 44
9 52 7 20 0 51
27 6 11 33 12 23
22 10 8 13 17 46
59 50 48 37 39 21
5 43 57 49 44 40
58 25 24 54 36 14
9 27 37 15 49 54
39 23 33 20 12 7
51 6 22 10 58 32
31 3 21 38 5 2
45 13 44 8 24 30
16 48 0 17 19 50
28 20 51 57 9 31
8 37 24 39 6 40
13 21 12 46 17 5
49 3 7 4 30 53
16 42 23 45 22 34
14 18 27 43 55 35
24 28 26 21 9 14
33 6 46 52 49 53
37 44 50 40 38 30
39 58 12 7 35 25
57 8 17 23 22 13
20 43 31 48 1 10
