45 54 30 59 27 24
26 48 28 38 1 2
12 49 10 58 9 3
43 39 14 33 0 15
20 37 5 8 32 46
31 36 44 4 52 47
35 6 59 22 57 50
32 44 26 38 51 54
8 24 11 20 7 23
25 29 21 19 40 1
58 46 39 43 55 31
2 10 28 41 13 0
30 33 8 29 9 18
39 21 0 16 51 46
54 12 40 52 31 19
4 50 11 45 15 35
38 55 14 22 2 56
24 5 27 13 43 25
42 3 49 13 23 11
4 37 34 16 57 18
41 12 40 39 15 52
25 9 21 38 8 54
33 7 14 22 28 59
32 0 53 44 35 36
9 55 45 7 27 23
59 38 40 52 22 14
4 2 57 41 24 21
43 12 1 8 11 6
20 15 34 53 32 26
51 37 19 49 44 46
5 2 6 55 13 42
39 52 49 22 33 20
57 50 8 53 46 44
26 40 23 56 34 11
41 47 7 1 43 3
15 14 18 21 19 54
18 40 10 2 39 24
15 37 32 44 21 6
23 8 46 22 43 1
14 52 51 50 9 26
38 0 11 49 13 53
5 19 36 31 20 16
4 47 9 16 23 39
48 17 40 57 22 58
19 46 45 43 51 2
14 8 30 50 56 34
44 13 37 11 35 1
6 21 7 15 42 3
48 1 15 37 6 29
42 49 50 46 38 5
12 44 18 11 51 43
17 7 13 34 21 19
52 45 58 55 8 22
16 39 4 32 57 28
40 22 18 47 38 28
44 58 17 43 49 8
52 35 57 33 6 0
30 19 12 21 46 37
34 50 20 45 51 39
7 55 16 32 13 14
