15 49 59 23 13 51
44 30 16 20 56 1
43 5 57 4 10 3
24 32 12 50 35 29
58 40 9 19 25 37
46 41 0 28 11 27
12 56 34 52 4 37
1 3 57 8 10 26
41 18 7 19 23 47
5 28 16 51 30 6
32 9 59 2 27 14
29 58 22 45 48 39
8 6 0 17 43 55
7 49 57 10 38 32
23 27 36 18 24 30
26 2 16 12 42 56
41 22 14 37 4 29
59 13 19 39 46 15
57 22 15 11 1 6
21 8 50 18 26 52
46 53 51 45 23 28
33 5 2 17 7 40
34 3 58 39 37 16
56 24 29 9 0 55
40 41 2 44 26 31
16 48 57 7 18 47
46 39 58 0 50 13
17 37 8 56 38 27
59 19 45 55 51 53
32 12 10 23 49 42
30 16 47 13 5 23
8 39 9 4 6 15
2 17 29 57 58 51
37 32 18 40 12 7
55 46 34 27 52 45
14 21 50 53 25 38
32 25 40 38 43 28
57 45 47 50 31 6
52 21 19 18 56 24
14 44 9 58 2 29
26 55 39 20 37 54
22 35 5 51 59 10
17 27 51 9 37 42
53 25 39 57 24 22
23 8 44 52 7 6
56 30 33 40 11 28
43 21 34 13 38 49
47 3 48 50 15 12
9 10 26 44 2 57
20 8 13 46 39 17
43 53 52 45 38 51
1 37 33 28 16 58
4 24 18 23 49 19
27 11 55 15 40 14
38 25 17 54 18 3
43 7 49 11 13 37
32 52 34 23 31 48
5 40 24 56 39 50
42 58 21 46 10 44
57 45 8 47 6 22
