-1 5
-1 5
-1 11
-1 11
-1 11
-1 11
-1 11
-1 11
-1 11
-1 19
-1 19
-1 19
-1 19
-1 19
-1 23
-1 23
-1 23
-1 23
-1 23
-1 23
-1 23
-1 23
-1 23
-1 23
-1 23
-1 23
-1 23
-1 23
-1 23
-1 23
-1 23
-1 23
-1 23
-1 23
-1 23
-1 35
-1 35
-1 35
-1 35
-1 42
-1 52
-1 52
-1 52
-1 52
-1 52
-1 52
-1 52
-1 52
-1 52
-1 52
-1 52
-1 52
-1 52
-1 52
-1 52
-1 52
-1 52
-1 52
-1 52
-1 52
-1 52
-1 52
-1 52
-1 52
-1 52
-1 52
-1 52
-1 52
-1 52
-1 52
-1 52
-1 52
-1 52
-1 52
-1 52
-1 52
-1 52
-1 52
-1 52
-1 52
-1 52
-1 52
-1 52
-1 52
-1 52
-1 52
-1 52
-1 52
-1 52
-1 52
-1 52
-1 52
-1 52
-1 52
-1 52
-1 52
-1 52
-1 52
-1 52
-1 52
-1 52
-1 52
-1 52
-1 52
-1 52
-1 52
-1 52
-1 52
-1 52
-1 52
-1 52
-1 52
-1 52
-1 52
-1 52
-1 52
-1 52
-1 52
-1 52
-1 52
-1 52
-1 52
-1 52
-1 52
-1 52
-1 52
-1 52
-1 52
-1 52
-1 52
-1 52
-1 52
-1 52
-1 52
-1 52
-1 52
-1 52
-1 52
-1 52
-1 52
-1 52
-1 52
-1 52
-1 52
-1 52
-1 52
-1 52
-1 52
-1 52
-1 52
-1 52
-1 52
-1 52
-1 52
-1 52
-1 52
-1 52
-1 52
-1 52
-1 52
-1 52
-1 52
-1 52
-1 52
-1 52
-1 52
-1 52
-1 52
-1 52
-1 52
-1 52
-1 52
-1 52
-1 52
-1 52
-1 52
-1 52
-1 52
-1 52
-1 52
-1 52
-1 52
-1 52
-1 52
-1 52
-1 52
-1 52
-1 52
-1 52
-1 52
-1 52
-1 52
-1 52
-1 52
-1 52
-1 52
-1 52
-1 52
-1 52
-1 52
-1 52
-1 52
-1 52
-1 52
-1 52
-1 52
-1 52
-1 52
-1 52
-1 52
-1 52
-1 52
-1 52
-1 52
-1 52
-1 52
-1 52
-1 52
-1 53
-1 53
-1 53
-1 53
-1 53
-1 53
-1 53
-1 53
-1 53
-1 53
-1 53
-1 53
-1 53
-1 53
-1 53
-1 53
-1 53
-1 53
-1 53
-1 53
-1 53
-1 53
-1 53
-1 53
-1 53
-1 53
-1 53
-1 53
-1 53
-1 53
-1 53
-1 53
-1 53
-1 53
-1 53
-1 53
-1 53
-1 53
-1 53
-1 53
-1 53
-1 53
-1 53
-1 53
-1 53
-1 53
-1 53
-1 53
-1 53
-1 53
-1 53
-1 53
-1 53
-1 53
-1 53
-1 53
-1 53
-1 53
-1 53
-1 53
-1 53
-1 53
-1 53
-1 53
-1 53
-1 53
-1 53
-1 53
-1 53
-1 53
-1 53
-1 53
-1 53
-1 53
-1 53
-1 53
-1 53
-1 53
-1 53
-1 53
-1 53
-1 53
-1 53
-1 53
-1 53
-1 53
-1 53
-1 53
-1 53
-1 53
-1 53
-1 53
-1 53
-1 53
-1 53
-1 53
-1 53
-1 53
-1 53
-1 53
-1 53
-1 53
-1 53
-1 53
-1 53
-1 53
-1 53
-1 53
-1 53
-1 53
-1 53
-1 53
-1 53
-1 53
-1 53
-1 53
-1 53
-1 53
-1 53
-1 53
-1 53
-1 53
-1 53
-1 53
-1 53
-1 53
-1 53
-1 53
-1 53
-1 53
-1 53
-1 53
-1 53
-1 53
-1 53
-1 53
-1 53
-1 53
-1 53
-1 53
-1 53
-1 53
-1 53
-1 53
-1 53
-1 53
-1 53
-1 53
-1 53
-1 53
-1 53
-1 53
-1 53
-1 53
-1 53
-1 53
-1 53
-1 53
-1 53
-1 53
-1 53
-1 53
-1 53
-1 53
-1 53
-1 53
-1 53
-1 53
-1 53
-1 53
-1 74
-1 74
-1 74
-1 74
-1 74
-1 74
-1 74
-1 98
-1 98
-1 98
-1 98
-1 98
-1 98
-1 98
-1 98
-1 98
-1 98
-1 98
-1 98
-1 98
-1 98
-1 98
-1 98
-1 98
-1 98
-1 98
-1 98
-1 98
-1 98
-1 98
-1 98
-1 98
-1 98
-1 98
-1 98
-1 98
-1 98
-1 98
-1 98
-1 98
-1 98
-1 98
-1 98
-1 98
-1 98
-1 98
-1 98
-1 98
-1 98
-1 98
-1 98
-1 98
-1 98
-1 100
-1 100
-1 100
-1 100
-1 100
-1 100
-1 100
-1 100
-1 100
-1 100
-1 100
-1 100
-1 100
-1 100
-1 100
-1 100
-1 100
-1 100
-1 100
-1 100
-1 100
-1 100
-1 100
-1 100
-1 100
-1 100
-1 100
-1 100
-1 100
-1 100
-1 100
-1 100
-1 100
-1 100
-1 100
-1 100
-1 100
-1 100
-1 100
-1 100
-1 100
-1 100
-1 100
-1 100
-1 100
-1 100
-1 100
-1 100
-1 100
-1 100
-1 100
-1 100
-1 100
-1 100
-1 100
-1 100
-1 100
-1 100
-1 100
-1 100
-1 100
-1 100
-1 100
-1 100
-1 100
-1 100
-1 100
-1 100
-1 100
-1 100
-1 100
-1 100
-1 100
-1 100
-1 100
-1 100
-1 100
-1 100
-1 100
-1 100
-1 100
-1 100
-1 100
-1 100
-1 100
-1 100
-1 100
-1 100
-1 100
-1 100
-1 100
-1 100
-1 100
-1 100
-1 100
-1 100
-1 100
-1 100
-1 100
-1 100
-1 100
-1 100
-1 100
-1 100
-1 100
-1 105
-1 105
-1 105
-1 105
-1 105
-1 116
-1 116
-1 116
-1 116
-1 116
-1 123
-1 123
-1 130
-1 130
-1 130
-1 130
-1 138
-1 138
-1 138
-1 138
-1 138
-1 138
-1 138
-1 138
-1 138
-1 138
-1 138
-1 138
-1 138
-1 138
-1 138
-1 138
-1 138
-1 144
-1 144
-1 144
-1 144
-1 144
-1 144
-1 144
-1 144
-1 144
-1 144
-1 144
-1 144
-1 144
-1 144
-1 144
-1 144
-1 144
-1 144
-1 144
-1 144
-1 144
-1 144
-1 144
-1 144
-1 144
-1 144
-1 144
-1 144
-1 144
-1 144
-1 144
-1 144
-1 144
-1 144
-1 144
-1 144
-1 144
-1 144
-1 144
-1 144
-1 144
-1 144
-1 144
-1 144
-1 144
-1 144
-1 144
-1 144
-1 144
-1 144
-1 144
-1 144
-1 144
-1 144
-1 144
-1 144
-1 144
-1 144
-1 144
-1 144
-1 144
-1 144
-1 144
-1 144
-1 144
-1 144
-1 144
-1 144
-1 144
-1 144
-1 144
-1 144
-1 144
-1 144
-1 144
-1 144
-1 144
-1 144
-1 144
-1 144
-1 144
-1 144
-1 144
-1 144
-1 144
-1 144
-1 144
-1 144
-1 144
-1 144
-1 144
-1 144
-1 144
-1 144
-1 144
-1 144
-1 144
-1 144
-1 144
-1 144
-1 144
-1 144
-1 144
-1 144
-1 144
-1 144
-1 144
-1 144
-1 144
-1 144
-1 144
-1 144
-1 144
-1 144
-1 144
-1 144
-1 144
-1 144
-1 144
-1 144
-1 144
-1 144
-1 144
-1 144
-1 144
-1 144
-1 144
-1 144
-1 144
-1 144
-1 144
-1 144
-1 144
-1 144
-1 144
-1 144
-1 144
-1 144
-1 144
-1 144
-1 144
-1 144
-1 144
-1 144
-1 144
-1 144
-1 144
-1 144
-1 144
-1 144
-1 144
-1 144
-1 144
-1 144
-1 144
-1 144
-1 144
-1 144
-1 144
-1 144
-1 144
-1 144
-1 144
-1 144
-1 144
-1 144
-1 144
-1 144
-1 144
-1 144
-1 144
-1 144
-1 144
-1 144
-1 144
-1 144
-1 144
-1 144
-1 144
-1 144
-1 144
-1 144
-1 144
-1 144
-1 144
-1 144
-1 144
-1 144
-1 144
-1 144
-1 144
-1 144
-1 144
-1 144
-1 144
-1 144
-1 144
-1 144
-1 144
-1 144
-1 144
-1 144
-1 144
-1 144
-1 144
-1 144
-1 144
-1 144
-1 144
-1 144
-1 144
-1 144
-1 144
-1 144
-1 144
-1 144
-1 144
-1 144
-1 144
-1 144
-1 144
-1 144
-1 144
-1 144
-1 144
-1 144
-1 144
-1 144
-1 144
-1 144
-1 144
-1 144
-1 144
-1 144
-1 144
-1 144
-1 144
-1 144
-1 144
-1 144
-1 144
-1 144
-1 144
-1 144
-1 144
-1 144
-1 144
-1 147
-1 147
-1 147
-1 155
-1 155
-1 155
-1 155
-1 155
-1 155
-1 155
-1 155
-1 155
-1 155
-1 155
-1 155
-1 155
-1 155
-1 155
-1 155
-1 155
-1 155
-1 155
-1 155
-1 155
-1 155
-1 155
-1 155
-1 155
-1 155
-1 155
-1 155
-1 155
-1 155
-1 155
-1 155
-1 155
-1 155
-1 155
-1 155
-1 155
-1 155
-1 155
-1 155
-1 155
-1 155
-1 155
-1 155
-1 155
-1 155
-1 155
-1 155
-1 155
-1 155
-1 155
-1 155
-1 155
-1 155
-1 155
-1 155
-1 168
-1 168
-1 168
-1 168
-1 176
-1 178
-1 178
-1 178
-1 178
-1 178
-1 178
-1 178
-1 178
-1 178
-1 178
-1 178
-1 178
-1 178
-1 178
-1 178
-1 178
-1 178
-1 178
-1 178
-1 178
-1 178
-1 178
-1 178
-1 178
-1 178
-1 178
-1 178
-1 178
-1 178
-1 178
-1 178
-1 178
-1 178
-1 178
-1 178
-1 178
-1 178
-1 178
-1 178
-1 178
-1 178
-1 178
-1 178
-1 178
-1 178
-1 178
-1 178
-1 178
-1 178
-1 178
-1 178
-1 178
-1 178
-1 178
-1 178
-1 178
-1 178
-1 178
-1 178
-1 178
-1 178
-1 178
-1 178
-1 178
-1 178
-1 178
-1 178
-1 178
-1 178
-1 178
-1 178
-1 178
-1 178
-1 178
-1 178
-1 178
-1 178
-1 178
-1 178
-1 178
-1 178
-1 178
-1 178
-1 178
-1 178
-1 178
-1 178
-1 178
-1 178
-1 178
-1 178
-1 178
-1 178
-1 178
-1 178
-1 178
-1 178
-1 178
-1 178
-1 178
-1 178
-1 178
-1 178
-1 178
-1 178
-1 178
-1 178
-1 178
-1 178
-1 178
-1 178
-1 178
-1 178
-1 178
-1 178
-1 178
-1 178
-1 178
-1 178
-1 178
-1 178
-1 178
-1 178
-1 178
-1 178
-1 178
-1 178
-1 178
-1 178
-1 178
-1 178
-1 180
-1 180
-1 180
-1 196
52 106
52 18
52 106
106 190
106 59
106 59
106 190
190 32
190 83
190 17
190 17
190 98
190 68
32 90
32 90
32 90
32 90
83 168
17 76
17 147
68 191
68 185
68 185
68 169
147 144
147 144
147 87
185 135
185 135
185 135
185 135
185 135
185 135
87 155
87 155
155 100
155 20
155 100
155 100
155 100
20 137
20 7
20 7
20 74
20 164
20 199
7 59
7 143
7 191
7 191
164 145
164 53
164 100
199 33
199 33
199 33
199 33
199 33
199 33
143 120
145 178
145 88
145 111
145 111
145 184
145 111
120 191
120 191
120 191
120 157
120 72
120 191
178 109
178 109
111 144
111 109
111 53
111 135
111 135
157 25
157 171
157 171
157 108
157 108
72 119
72 119
72 149
25 98
25 24
108 5
108 5
108 5
108 5
108 5
119 187
119 187
119 61
119 61
119 169
24 113
24 149
187 30
187 138
187 138
187 10
187 30
187 30
61 163
169 40
169 40
169 50
169 50
169 40
169 40
10 191
10 191
10 191
30 129
30 180
30 86
30 180
163 142
50 69
50 69
50 43
50 100
50 19
50 165
191 93
191 102
191 102
180 26
180 26
180 26
180 118
180 118
69 53
69 53
69 53
69 53
93 122
93 122
93 122
93 122
93 122
118 113
118 113
118 113
122 196
122 196
122 100
122 196
122 168
113 48
113 48
113 26
113 53
53 37
53 37
53 37
53 184
53 67
53 130
37 100
37 100
67 114
67 114
67 196
67 196
67 84
67 84
100 43
100 73
114 14
114 14
114 14
114 14
84 80
84 75
84 40
84 107
43 92
43 92
43 92
43 92
73 179
73 179
73 6
73 6
73 9
73 0
14 196
14 86
14 86
14 196
14 196
80 60
75 154
75 140
92 12
92 146
92 146
92 146
92 146
179 4
179 104
9 33
9 33
9 195
86 36
86 36
86 11
86 11
86 11
60 150
12 172
12 107
12 107
12 156
12 156
146 151
146 151
146 51
146 144
146 144
4 173
4 124
4 173
4 173
104 98
104 82
104 82
104 98
195 161
172 54
172 88
172 88
172 88
172 88
172 88
151 76
151 90
151 193
151 170
151 170
151 170
124 188
124 188
124 188
173 125
173 125
173 125
173 125
173 125
54 18
88 1
88 57
88 57
88 57
88 57
90 59
90 59
188 133
188 133
188 133
188 38
125 64
125 26
125 26
125 13
125 64
18 56
18 56
18 56
18 56
59 144
133 55
133 55
133 58
133 28
133 58
38 142
38 142
13 74
13 74
64 176
64 176
64 176
64 176
64 176
56 19
56 148
56 34
56 34
55 175
55 62
55 160
142 47
142 168
142 96
142 186
142 47
142 47
74 134
176 186
19 77
19 11
19 137
19 98
148 26
34 91
175 197
175 153
175 153
175 121
62 98
62 97
62 97
62 97
62 98
62 98
160 170
160 170
134 102
134 144
134 138
186 107
186 107
11 33
11 33
137 40
137 40
137 96
197 82
197 76
197 130
197 130
197 82
153 192
153 192
153 192
96 91
96 91
96 91
96 91
130 58
130 181
130 181
58 39
58 116
58 116
39 33
39 33
39 40
39 66
39 33
39 138
116 171
116 44
116 57
66 85
33 141
33 141
171 98
171 98
171 98
171 98
171 99
171 98
85 170
85 161
85 170
141 89
141 89
99 28
99 127
99 28
161 42
161 42
161 42
161 42
161 138
170 168
170 23
170 23
170 23
170 168
89 40
89 110
89 26
89 26
89 26
28 192
28 192
28 192
42 162
42 162
42 0
23 136
23 189
23 136
40 127
40 127
110 98
110 198
192 41
192 41
162 181
162 181
162 181
162 181
0 198
136 109
136 109
136 45
136 109
127 105
127 3
127 3
127 3
127 105
41 78
41 78
41 193
198 158
198 158
198 158
3 77
3 81
3 123
105 194
78 102
193 22
193 35
77 196
77 95
77 94
77 95
81 26
81 6
81 26
194 117
194 117
22 115
22 45
22 144
22 144
22 115
94 112
94 112
94 112
94 112
6 29
6 29
117 123
117 123
117 123
117 123
117 123
45 97
45 138
123 51
51 184
51 184
51 76
76 109
76 109
109 1
109 1
1 31
1 168
1 131
1 131
1 131
31 112
31 112
31 112
168 47
168 47
168 47
168 47
168 154
168 154
131 44
131 44
131 49
47 2
44 152
49 97
49 79
49 159
49 159
49 159
152 36
97 181
97 29
97 150
97 150
97 150
97 181
79 115
36 21
150 5
150 5
181 16
181 16
5 21
16 91
16 91
16 101
16 101
16 101
16 101
21 154
21 140
21 140
21 154
91 48
101 70
101 70
101 70
101 27
154 121
154 102
154 102
154 102
154 156
154 63
48 166
48 166
48 135
48 135
48 135
27 2
27 2
27 103
27 2
121 2
121 2
121 2
121 2
121 2
121 2
102 71
102 71
102 71
166 98
166 98
166 98
166 98
166 98
135 15
135 63
135 63
135 128
135 128
135 57
103 115
103 46
103 46
2 65
2 139
2 139
2 65
2 65
2 65
71 35
71 35
71 138
71 35
71 35
71 35
15 158
63 29
63 29
128 98
139 196
65 115
65 115
65 115
65 177
35 132
35 132
35 132
35 182
158 46
158 46
158 46
158 46
29 159
29 95
29 95
29 95
29 159
115 156
115 189
115 189
115 189
115 177
115 156
132 167
132 167
132 167
95 107
95 82
189 184
189 98
156 57
156 57
156 159
156 57
156 57
167 129
167 129
167 8
82 177
82 177
82 98
82 98
82 98
184 183
184 183
57 183
57 183
57 183
57 183
8 182
8 182
8 107
177 159
177 46
177 46
177 46
98 126
98 126
183 196
183 26
183 26
183 26
183 196
182 196
182 196
182 196
107 70
159 138
159 138
46 174
46 174
126 144
126 144
126 144
126 144
126 144
26 140
26 144
26 144
26 144
26 129
26 196
70 112
138 149
174 165
174 196
174 165
140 149
144 149
