-1 1
-1 1
-1 1
-1 1
-1 17
-1 17
-1 17
-1 17
-1 17
-1 17
-1 17
-1 17
-1 17
-1 17
-1 17
-1 17
-1 17
-1 17
-1 17
-1 17
-1 17
-1 17
-1 17
-1 17
-1 17
-1 17
-1 17
-1 17
-1 17
-1 17
-1 17
-1 17
-1 17
-1 17
-1 17
-1 17
-1 17
-1 17
-1 17
-1 17
-1 17
-1 17
-1 17
-1 17
-1 17
-1 17
-1 17
-1 17
-1 17
-1 17
-1 17
-1 17
-1 17
-1 17
-1 17
-1 17
-1 17
-1 17
-1 17
-1 17
-1 17
-1 17
-1 17
-1 17
-1 17
-1 17
-1 17
-1 17
-1 17
-1 17
-1 17
-1 17
-1 17
-1 17
-1 17
-1 17
-1 17
-1 17
-1 17
-1 17
-1 17
-1 17
-1 17
-1 17
-1 17
-1 17
-1 17
-1 17
-1 25
-1 33
-1 33
-1 33
-1 33
-1 33
-1 33
-1 33
-1 33
-1 33
-1 33
-1 33
-1 33
-1 33
-1 33
-1 33
-1 33
-1 33
-1 33
-1 33
-1 33
-1 33
-1 33
-1 33
-1 33
-1 33
-1 33
-1 33
-1 33
-1 33
-1 33
-1 33
-1 33
-1 33
-1 33
-1 33
-1 33
-1 33
-1 33
-1 33
-1 33
-1 33
-1 33
-1 33
-1 33
-1 33
-1 33
-1 33
-1 33
-1 33
-1 33
-1 33
-1 33
-1 33
-1 33
-1 33
-1 33
-1 33
-1 33
-1 33
-1 33
-1 33
-1 33
-1 33
-1 33
-1 33
-1 33
-1 33
-1 33
-1 33
-1 33
-1 33
-1 33
-1 33
-1 33
-1 33
-1 33
-1 33
-1 33
-1 140
-1 140
-1 140
-1 140
-1 140
-1 140
-1 140
-1 140
-1 140
-1 140
-1 140
-1 140
-1 140
-1 140
-1 140
-1 140
-1 140
-1 140
-1 140
-1 140
-1 140
-1 140
-1 140
-1 140
-1 140
-1 140
-1 140
-1 140
-1 140
-1 140
-1 140
-1 140
-1 140
-1 140
-1 140
-1 140
-1 140
-1 140
-1 140
-1 140
-1 140
-1 140
-1 140
-1 140
-1 140
-1 140
-1 140
-1 140
-1 140
-1 140
-1 140
-1 140
-1 140
-1 140
-1 140
-1 140
-1 140
-1 140
-1 140
-1 140
-1 140
-1 140
-1 140
-1 140
-1 140
-1 140
-1 140
-1 140
-1 140
-1 140
-1 140
-1 140
-1 140
-1 140
-1 140
-1 140
-1 140
-1 140
-1 140
-1 140
-1 140
-1 140
-1 140
-1 140
-1 140
-1 140
-1 140
-1 140
-1 140
-1 140
-1 140
-1 140
-1 140
-1 140
-1 140
-1 140
-1 140
-1 140
-1 140
-1 140
-1 140
-1 140
-1 140
-1 140
-1 140
-1 140
-1 140
-1 140
-1 140
-1 140
-1 140
-1 140
-1 140
-1 140
-1 140
-1 140
-1 140
-1 140
-1 140
-1 140
-1 140
-1 140
-1 140
-1 140
-1 140
-1 140
-1 140
-1 140
-1 140
-1 140
-1 140
-1 140
-1 140
-1 140
-1 140
-1 140
-1 140
-1 140
-1 140
-1 140
-1 140
-1 140
-1 140
-1 140
-1 140
-1 140
-1 140
-1 140
-1 140
-1 140
-1 140
-1 140
-1 140
-1 140
-1 140
-1 140
-1 140
-1 140
-1 140
-1 140
-1 140
-1 140
-1 140
-1 140
-1 140
-1 140
-1 140
-1 140
-1 140
-1 140
-1 140
-1 140
-1 140
-1 140
-1 140
-1 140
-1 140
-1 140
-1 140
-1 140
-1 140
-1 140
-1 140
-1 140
-1 140
-1 140
-1 140
-1 140
-1 140
-1 140
-1 140
-1 140
-1 140
-1 140
-1 140
-1 140
-1 140
-1 140
-1 140
-1 140
-1 140
-1 140
-1 140
-1 140
-1 140
-1 140
-1 140
-1 140
-1 140
-1 140
-1 140
-1 140
-1 140
-1 140
-1 140
-1 140
-1 140
-1 140
-1 140
-1 140
-1 140
-1 140
-1 140
-1 140
-1 140
-1 140
-1 140
-1 140
-1 140
-1 140
-1 140
-1 140
-1 140
-1 140
-1 140
-1 140
-1 140
-1 140
-1 140
-1 140
-1 140
-1 140
-1 140
-1 140
-1 140
-1 140
-1 140
-1 140
-1 140
-1 17
-1 17
-1 17
-1 17
-1 17
-1 17
-1 17
-1 17
-1 17
-1 17
-1 17
-1 17
-1 17
-1 17
-1 17
-1 17
-1 17
-1 17
-1 17
-1 17
-1 17
-1 17
-1 17
-1 17
-1 17
-1 17
-1 17
-1 17
-1 17
-1 17
-1 17
-1 17
-1 17
-1 17
-1 17
-1 17
-1 17
-1 17
-1 17
-1 17
-1 17
-1 17
-1 17
-1 17
-1 17
-1 17
-1 17
-1 17
-1 17
-1 17
-1 17
-1 17
-1 17
-1 17
-1 17
-1 17
-1 17
-1 17
-1 17
-1 17
-1 17
-1 17
-1 17
-1 17
-1 17
-1 17
-1 17
-1 17
-1 17
-1 17
-1 17
-1 17
-1 17
-1 17
-1 17
-1 17
-1 17
-1 17
-1 17
-1 17
-1 17
-1 17
-1 17
-1 17
-1 17
-1 17
-1 17
-1 17
-1 17
-1 17
-1 17
-1 17
-1 17
-1 17
-1 17
-1 17
-1 17
-1 17
-1 17
-1 17
-1 17
-1 17
-1 17
-1 17
-1 17
-1 17
-1 17
-1 17
-1 17
-1 17
-1 17
-1 17
-1 17
-1 17
-1 17
-1 17
-1 17
-1 17
-1 17
-1 17
-1 17
-1 17
-1 17
-1 17
-1 17
-1 17
-1 17
-1 17
-1 17
-1 17
-1 17
-1 17
-1 17
-1 17
-1 17
-1 17
-1 17
-1 17
-1 17
-1 17
-1 17
-1 17
-1 17
-1 17
-1 17
-1 17
-1 17
-1 17
-1 17
-1 17
-1 17
-1 17
-1 17
-1 17
-1 17
-1 17
-1 17
-1 17
-1 17
-1 17
-1 17
-1 17
-1 17
-1 17
-1 17
-1 17
-1 17
-1 17
-1 17
-1 17
-1 17
-1 17
-1 17
-1 17
-1 17
-1 17
-1 17
-1 17
-1 17
-1 17
-1 17
-1 17
-1 17
-1 17
-1 17
-1 17
-1 17
-1 17
-1 17
-1 17
-1 17
-1 17
-1 17
-1 17
-1 17
-1 17
-1 17
-1 17
-1 17
-1 17
-1 17
-1 17
-1 17
-1 17
-1 17
-1 17
-1 17
-1 17
-1 17
-1 17
-1 17
17 174
17 91
17 4
17 165
174 162
174 162
174 162
174 152
174 152
91 121
91 121
91 13
91 13
91 47
91 47
162 25
162 25
162 141
162 89
162 66
162 25
152 30
152 30
152 30
152 147
152 36
121 85
121 85
13 136
13 148
13 98
13 165
13 148
47 127
47 127
47 127
47 127
47 127
89 101
89 63
89 165
89 165
89 101
66 54
66 55
66 55
66 55
66 51
30 122
30 4
54 87
54 26
122 111
122 111
122 111
122 111
122 111
122 64
26 39
26 153
26 153
64 178
64 178
64 178
39 136
39 94
39 36
153 120
153 7
7 4
7 4
7 4
7 4
7 4
-1 33
-1 33
-1 33
-1 33
-1 33
-1 33
-1 33
-1 33
-1 33
-1 33
-1 33
-1 33
-1 33
-1 33
-1 33
-1 33
-1 33
-1 33
-1 33
-1 33
-1 33
-1 33
-1 33
-1 33
-1 33
-1 33
-1 33
-1 33
-1 33
-1 33
-1 33
-1 33
-1 33
-1 33
-1 33
-1 33
-1 33
-1 33
-1 33
-1 33
-1 33
-1 33
-1 33
-1 33
-1 33
-1 33
-1 33
-1 33
-1 33
-1 33
-1 33
-1 33
-1 33
-1 33
-1 33
-1 33
-1 33
-1 33
-1 33
-1 33
-1 33
-1 33
-1 33
-1 33
-1 33
-1 33
-1 33
-1 33
-1 33
-1 33
-1 33
-1 33
-1 33
-1 33
33 24
33 196
33 85
33 24
85 72
85 72
85 72
85 137
85 137
85 137
24 142
142 65
142 161
142 65
161 108
161 108
161 108
65 102
65 120
65 36
108 43
108 43
108 43
-1 120
-1 120
-1 120
-1 120
-1 120
-1 120
-1 120
-1 120
-1 120
-1 120
-1 120
-1 120
-1 120
-1 120
-1 120
-1 120
-1 120
-1 120
-1 120
-1 120
-1 120
-1 120
-1 120
-1 120
-1 120
-1 120
-1 120
-1 120
-1 120
-1 120
-1 120
-1 120
-1 120
-1 120
-1 120
-1 120
-1 120
-1 120
-1 120
-1 120
-1 120
-1 120
-1 120
-1 120
-1 120
-1 120
-1 120
-1 120
-1 120
-1 120
-1 120
-1 120
-1 120
-1 120
-1 120
-1 120
-1 120
-1 120
-1 120
-1 120
-1 120
-1 120
-1 120
-1 120
120 147
120 123
120 123
120 147
120 147
123 82
123 82
147 165
147 193
147 193
147 180
147 180
147 168
193 43
193 43
193 136
193 43
180 150
180 150
180 150
180 0
180 140
180 150
0 136
0 136
150 119
119 194
194 23
194 141
194 52
194 23
194 23
194 23
52 189
52 189
52 57
52 57
23 4
189 68
-1 36
-1 36
-1 36
-1 36
-1 36
-1 36
36 171
36 171
36 171
36 171
171 148
148 18
148 18
148 18
148 38
18 151
18 151
18 151
18 60
18 60
18 151
60 159
60 97
60 185
60 185
60 185
159 166
159 12
159 12
159 73
159 12
159 196
97 56
97 38
166 140
166 105
56 155
56 164
56 164
56 165
56 112
56 112
38 103
38 103
38 191
38 140
105 156
105 156
105 156
105 156
164 42
112 93
112 93
112 25
112 93
112 29
103 127
103 127
103 127
103 127
156 86
156 175
156 67
156 67
156 86
156 86
42 16
42 16
25 140
25 140
25 140
25 136
-1 136
93 81
93 81
127 31
127 31
127 196
127 90
127 90
127 31
67 41
67 41
67 181
67 181
67 5
67 102
136 170
136 149
136 149
136 170
136 53
90 165
90 165
90 165
90 92
90 83
90 79
31 170
31 170
31 170
31 170
31 170
31 186
41 134
41 134
41 134
41 46
41 134
41 134
181 34
181 34
102 40
102 40
102 40
102 165
102 81
149 126
149 113
149 113
149 113
149 34
170 139
40 106
40 106
40 72
40 106
40 106
81 131
126 76
126 76
126 118
126 175
126 61
126 61
113 76
106 82
106 183
106 82
131 88
131 144
131 144
131 144
131 144
76 132
76 132
76 132
76 132
76 132
183 50
183 50
183 73
88 169
88 169
88 169
88 169
50 51
50 51
73 78
169 94
169 165
169 94
169 49
169 49
169 49
51 141
51 63
51 63
51 63
51 141
94 16
94 16
94 172
94 16
49 175
49 111
49 111
49 62
49 62
175 99
-1 141
-1 141
141 53
141 77
141 77
141 21
141 5
141 5
77 15
77 15
77 29
77 15
77 104
21 46
21 46
21 46
21 46
5 59
5 10
5 10
5 10
15 87
104 19
104 186
104 19
104 79
46 80
46 80
46 125
46 6
46 6
10 2
10 16
87 61
87 61
87 61
186 195
186 195
19 196
79 140
79 179
79 179
80 173
80 139
80 199
80 199
80 173
6 55
6 146
6 4
6 135
6 55
2 111
61 165
61 157
61 157
61 140
61 140
195 71
195 71
195 71
196 84
196 84
196 3
196 3
196 84
139 115
139 165
173 82
146 74
135 132
135 107
135 107
135 168
135 168
111 163
111 163
111 43
111 163
111 163
157 55
157 55
157 114
157 55
71 34
115 92
115 92
115 45
165 134
165 110
165 134
82 68
82 68
82 70
82 70
82 70
74 72
74 72
74 72
74 72
74 72
132 158
132 158
132 188
132 188
107 78
107 69
43 44
43 44
43 44
43 44
114 167
34 29
34 29
34 140
34 140
34 140
34 29
45 184
45 99
45 99
45 99
45 99
110 178
110 178
110 178
110 83
110 177
70 75
70 140
70 75
70 75
158 8
44 125
29 59
29 4
29 59
29 138
184 172
177 143
177 198
75 154
75 154
75 154
75 154
75 154
125 16
59 144
59 144
59 96
59 28
59 144
138 100
138 178
138 178
138 100
138 100
172 155
198 163
198 163
198 163
198 163
198 163
144 192
144 192
100 48
100 118
100 118
155 32
155 12
155 188
155 32
163 57
163 57
163 57
163 57
192 151
192 151
48 199
48 199
48 199
48 199
12 8
57 28
57 28
57 28
57 118
57 118
199 95
199 11
199 95
8 78
8 78
8 78
8 78
28 133
28 133
28 133
28 133
28 133
133 124
133 124
133 140
133 124
133 124
133 124
124 137
124 95
124 137
95 78
95 58
95 58
95 11
95 78
95 78
137 22
137 22
58 99
58 99
58 99
58 99
58 99
78 185
78 185
78 1
78 143
78 143
185 176
185 176
185 176
185 197
185 176
185 176
1 118
1 118
1 118
1 118
-1 118
118 154
118 154
118 188
118 188
118 154
118 154
188 168
188 168
188 69
188 11
188 69
154 182
154 35
154 182
11 187
11 62
11 109
11 109
11 187
69 55
69 55
69 55
69 55
35 53
35 53
35 53
35 53
182 86
182 86
182 86
182 143
182 140
62 98
62 84
62 98
62 98
109 72
109 72
187 14
187 14
187 101
53 63
53 63
86 168
86 168
86 168
86 167
86 130
84 72
84 72
84 72
84 72
14 160
14 160
14 160
101 145
101 99
101 99
63 9
63 20
63 9
63 9
168 190
167 130
167 22
167 22
167 22
72 179
72 179
72 179
72 179
9 99
9 99
9 99
190 32
190 32
130 98
130 4
130 4
130 98
130 197
179 178
179 37
99 96
32 151
32 151
32 151
32 151
98 129
98 20
178 4
37 4
37 4
37 4
151 68
151 197
151 197
129 116
129 116
129 116
68 134
68 134
134 4
134 143
4 197
4 197
4 197
4 176
197 117
197 117
197 128
197 128
197 116
117 92
117 92
117 92
117 92
128 160
160 116
160 116
160 20
116 20
116 92
116 92
116 92
116 27
20 55
20 55
20 55
20 55
20 55
20 16
92 22
92 22
55 140
55 27
55 140
55 27
22 143
22 143
22 143
140 145
140 145
140 145
140 145
-1 145
27 3
143 16
143 16
143 16
143 16
143 16
145 83
145 191
145 191
145 191
3 96
16 191
83 176
96 176
96 176
96 176
