322 316 310 304 298 291 285 279 273 267 261 254 248 242 236 230 224 217 211 205 199 193 187 187 193 199 205 211 217 224 230 236 242 248 254 261 267 273 279 285 291 298 304 310 316 322 328 334 328 
316 310 304 298 291 285 279 273 267 261 254 248 242 236 230 224 217 211 205 199 193 187 180 180 187 193 199 205 211 217 224 230 236 242 248 254 261 267 273 279 285 291 298 304 310 316 322 328 322 
310 304 298 291 285 279 273 267 261 254 248 242 236 230 224 217 211 205 199 193 187 180 174 174 180 187 193 199 205 211 217 224 230 236 242 248 254 261 267 273 279 285 291 298 304 310 316 322 316 
304 298 291 285 279 273 267 261 254 248 242 236 230 224 217 211 205 199 193 187 180 174 168 168 174 180 187 193 199 205 211 217 224 230 236 242 248 254 261 267 273 279 285 291 298 304 310 316 310 
298 291 285 279 273 267 261 254 248 242 236 230 224 217 211 205 199 193 187 180 174 168 162 162 168 174 180 187 193 199 205 211 217 224 230 236 242 248 254 261 267 273 279 285 291 298 304 310 304 
291 285 279 273 267 261 254 248 242 236 230 224 217 211 205 199 193 187 180 174 168 162 156 156 162 168 174 180 187 193 199 205 211 217 224 230 236 242 248 254 261 267 273 279 285 291 298 304 298 
285 279 273 267 261 254 248 242 236 230 224 217 211 205 199 193 187 180 174 168 162 156 150 150 156 162 168 174 180 187 193 199 205 211 217 224 230 236 242 248 254 261 267 273 279 285 291 298 291 
279 273 267 261 254 248 242 236 230 224 217 211 205 199 193 187 180 174 168 162 156 150 143 143 150 156 162 168 174 180 187 193 199 205 211 217 224 230 236 242 248 254 261 267 273 279 285 291 285 
273 267 261 254 248 242 236 230 224 217 211 205 199 193 187 180 174 168 162 156 150 143 137 137 143 150 156 162 168 174 180 187 193 199 205 211 217 224 230 236 242 248 254 261 267 273 279 285 279 
267 261 254 248 242 236 230 224 217 211 205 199 193 187 180 174 168 162 156 150 143 137 131 131 137 143 150 156 162 168 174 180 187 193 199 205 211 217 224 230 236 242 248 254 261 267 273 279 273 
261 254 248 242 236 230 224 217 211 205 199 193 187 180 174 168 162 156 150 143 137 131 125 125 131 137 143 150 156 162 168 174 180 187 193 199 205 211 217 224 230 236 242 248 254 261 267 273 267 
254 248 242 236 230 224 217 211 205 199 193 187 180 174 168 162 156 150 143 137 131 125 119 119 125 131 137 143 150 156 162 168 174 180 187 193 199 205 211 217 224 230 236 242 248 254 261 267 261 
248 242 236 230 224 217 211 205 199 193 187 180 174 168 162 156 150 143 137 131 125 119 113 113 119 125 131 137 143 150 156 162 168 174 180 187 193 199 205 211 217 224 230 236 242 248 254 261 254 
242 236 230 224 217 211 205 199 193 187 180 174 168 162 156 150 143 137 131 125 119 113 106 106 113 119 125 131 137 143 150 156 162 168 174 180 187 193 199 205 211 217 224 230 236 242 248 254 248 
236 230 224 217 211 205 199 193 187 180 174 168 162 156 150 143 137 131 125 119 113 106 100 100 106 113 119 125 131 137 143 150 156 162 168 174 180 187 193 199 205 211 217 224 230 236 242 248 242 
230 224 217 211 205 199 193 187 180 174 168 162 156 150 143 137 131 125 119 113 106 100 94 94 100 106 113 119 125 131 137 143 150 156 162 168 174 180 187 193 199 205 211 217 224 230 236 242 236 
224 217 211 205 199 193 187 180 174 168 162 156 150 143 137 131 125 119 113 106 100 94 88 88 94 100 106 113 119 125 131 137 143 150 156 162 168 174 180 187 193 199 205 211 217 224 230 236 230 
217 211 205 199 193 187 180 174 168 162 156 150 143 137 131 125 119 113 106 100 94 88 82 82 88 94 100 106 113 119 125 131 137 143 150 156 162 168 174 180 187 193 199 205 211 217 224 230 224 
211 205 199 193 187 180 174 168 162 156 150 143 137 131 125 119 113 106 100 94 88 82 76 76 82 88 94 100 106 113 119 125 131 137 143 150 156 162 168 174 180 187 193 199 205 211 217 224 217 
205 199 193 187 180 174 168 162 156 150 143 137 131 125 119 113 106 100 94 88 82 76 69 69 76 82 88 94 100 106 113 119 125 131 137 143 150 156 162 168 174 180 187 193 199 205 211 217 211 
199 193 187 180 174 168 162 156 150 143 137 131 125 119 113 106 100 94 88 82 76 69 63 63 69 76 82 88 94 100 106 113 119 125 131 137 143 150 156 162 168 174 180 187 193 199 205 211 205 
193 187 180 174 168 162 156 150 143 137 131 125 119 113 106 100 94 88 82 76 69 63 57 57 63 69 76 82 88 94 100 106 113 119 125 131 137 143 150 156 162 168 174 180 187 193 199 205 199 
187 180 174 168 162 156 150 143 137 131 125 119 113 106 100 94 88 82 76 69 63 57 51 51 57 63 69 76 82 88 94 100 106 113 119 125 131 137 143 150 156 162 168 174 180 187 193 199 193 
180 174 168 162 156 150 143 137 131 125 119 113 106 100 94 88 82 76 69 63 57 51 45 45 51 57 63 69 76 82 88 94 100 106 113 119 125 131 137 143 150 156 162 168 174 180 187 193 187 
180 174 168 162 156 150 143 137 131 125 119 113 106 100 94 88 82 76 69 63 57 51 45 45 51 57 63 69 76 82 88 94 100 106 113 119 125 131 137 143 150 156 162 168 174 180 187 193 187 
187 180 174 168 162 156 150 143 137 131 125 119 113 106 100 94 88 82 76 69 63 57 51 51 57 63 69 76 82 88 94 100 106 113 119 125 131 137 143 150 156 162 168 174 180 187 193 199 193 
193 187 180 174 168 162 156 150 143 137 131 125 119 113 106 100 94 88 82 76 69 63 57 57 63 69 76 82 88 94 100 106 113 119 125 131 137 143 150 156 162 168 174 180 187 193 199 205 199 
199 193 187 180 174 168 162 156 150 143 137 131 125 119 113 106 100 94 88 82 76 69 63 63 69 76 82 88 94 100 106 113 119 125 131 137 143 150 156 162 168 174 180 187 193 199 205 211 205 
205 199 193 187 180 174 168 162 156 150 143 137 131 125 119 113 106 100 94 88 82 76 69 69 76 82 88 94 100 106 113 119 125 131 137 143 150 156 162 168 174 180 187 193 199 205 211 217 211 
211 205 199 193 187 180 174 168 162 156 150 143 137 131 125 119 113 106 100 94 88 82 76 76 82 88 94 100 106 113 119 125 131 137 143 150 156 162 168 174 180 187 193 199 205 211 217 224 217 
217 211 205 199 193 187 180 174 168 162 156 150 143 137 131 125 119 113 106 100 94 88 82 82 88 94 100 106 113 119 125 131 137 143 150 156 162 168 174 180 187 193 199 205 211 217 224 230 224 
224 217 211 205 199 193 187 180 174 168 162 156 150 143 137 131 125 119 113 106 100 94 88 88 94 100 106 113 119 125 131 137 143 150 156 162 168 174 180 187 193 199 205 211 217 224 230 236 230 
230 224 217 211 205 199 193 187 180 174 168 162 156 150 143 137 131 125 119 113 106 100 94 94 100 106 113 119 125 131 137 143 150 156 162 168 174 180 187 193 199 205 211 217 224 230 236 242 236 
236 230 224 217 211 205 199 193 187 180 174 168 162 156 150 143 137 131 125 119 113 106 100 100 106 113 119 125 131 137 143 150 156 162 168 174 180 187 193 199 205 211 217 224 230 236 242 248 242 
242 236 230 224 217 211 205 199 193 187 180 174 168 162 156 150 143 137 131 125 119 113 106 106 113 119 125 131 137 143 150 156 162 168 174 180 187 193 199 205 211 217 224 230 236 242 248 254 248 
248 242 236 230 224 217 211 205 199 193 187 180 174 168 162 156 150 143 137 131 125 119 113 113 119 125 131 137 143 150 156 162 168 174 180 187 193 199 205 211 217 224 230 236 242 248 254 261 254 
254 248 242 236 230 224 217 211 205 199 193 187 180 174 168 162 156 150 143 137 131 125 119 119 125 131 137 143 150 156 162 168 174 180 187 193 199 205 211 217 224 230 236 242 248 254 261 267 261 
261 254 248 242 236 230 224 217 211 205 199 193 187 180 174 168 162 156 150 143 137 131 125 125 131 137 143 150 156 162 168 174 180 187 193 199 205 211 217 224 230 236 242 248 254 261 267 273 267 
267 261 254 248 242 236 230 224 217 211 205 199 193 187 180 174 168 162 156 150 143 137 131 131 137 143 150 156 162 168 174 180 187 193 199 205 211 217 224 230 236 242 248 254 261 267 273 279 273 
273 267 261 254 248 242 236 230 224 217 211 205 199 193 187 180 174 168 162 156 150 143 137 137 143 150 156 162 168 174 180 187 193 199 205 211 217 224 230 236 242 248 254 261 267 273 279 285 279 
279 273 267 261 254 248 242 236 230 224 217 211 205 199 193 187 180 174 168 162 156 150 143 143 150 156 162 168 174 180 187 193 199 205 211 217 224 230 236 242 248 254 261 267 273 279 285 291 285 
285 279 273 267 261 254 248 242 236 230 224 217 211 205 199 193 187 180 174 168 162 156 150 150 156 162 168 174 180 187 193 199 205 211 217 224 230 236 242 248 254 261 267 273 279 285 291 298 291 
291 285 279 273 267 261 254 248 242 236 230 224 217 211 205 199 193 187 180 174 168 162 156 156 162 168 174 180 187 193 199 205 211 217 224 230 236 242 248 254 261 267 273 279 285 291 298 304 298 
298 291 285 279 273 267 261 254 248 242 236 230 224 217 211 205 199 193 187 180 174 168 162 162 168 174 180 187 193 199 205 211 217 224 230 236 242 248 254 261 267 273 279 285 291 298 304 310 304 
304 298 291 285 279 273 267 261 254 248 242 236 230 224 217 211 205 199 193 187 180 174 168 168 174 180 187 193 199 205 211 217 224 230 236 242 248 254 261 267 273 279 285 291 298 304 310 316 310 
310 304 298 291 285 279 273 267 261 254 248 242 236 230 224 217 211 205 199 193 187 180 174 174 180 187 193 199 205 211 217 224 230 236 242 248 254 261 267 273 279 285 291 298 304 310 316 322 316 
316 310 304 298 291 285 279 273 267 261 254 248 242 236 230 224 217 211 205 199 193 187 180 180 187 193 199 205 211 217 224 230 236 242 248 254 261 267 273 279 285 291 298 304 310 316 322 328 322 
322 316 310 304 298 291 285 279 273 267 261 254 248 242 236 230 224 217 211 205 199 193 187 187 193 199 205 211 217 224 230 236 242 248 254 261 267 273 279 285 291 298 304 310 316 322 328 334 328 
328 322 316 310 304 298 291 285 279 273 267 261 254 248 242 236 230 224 217 211 205 199 193 193 199 205 211 217 224 230 236 242 248 254 261 267 273 279 285 291 298 304 310 316 322 328 334 464 334 
0 -1 0
1 -1 0
2 -1 0
3 -1 0
4 -1 0
5 -1 0
6 -1 0
7 -1 0
8 -1 0
9 -1 0
10 -1 0
11 -1 0
12 -1 0
13 -1 0
14 -1 0
15 -1 0
16 -1 0
17 -1 0
18 -1 0
19 -1 0
20 -1 0
21 -1 0
22 -1 0
23 -1 0
24 -1 0
25 -1 0
26 -1 0
27 -1 0
28 -1 0
29 -1 0
30 -1 0
31 -1 0
32 -1 0
33 -1 0
34 -1 0
35 -1 0
36 -1 0
37 -1 0
38 -1 0
39 -1 0
40 -1 0
41 -1 0
42 -1 0
43 -1 0
44 -1 0
45 -1 0
46 -1 0
47 -1 0
48 -1 0
49 -1 0
50 -1 0
51 -1 0
52 -1 0
53 -1 0
54 -1 0
55 -1 0
56 -1 0
57 -1 0
58 -1 0
59 -1 0
60 -1 0
61 -1 0
62 -1 0
63 -1 0
64 -1 0
65 -1 0
66 -1 0
6 -2 -1
34 -2 -1
21 -2 -1
2 -2 -1
40 -2 -1
57 -2 -1
37 -2 -1
39 -2 -1
39 -2 -1
6 -2 4
21 -2 4
34 -2 4
6 -5 -1
21 1 6
2 1 6
40 2 9
57 2 9
37 1 -11
40 1 -11
11 1 -11
43 1 -11
64 1 -11
30 1 -11
42 1 -11
17 1 -11
52 1 -11
37 -1 12
40 -1 12
37 -13 0
17 8 -5
15 8 -5
44 8 -5
16 8 -5
26 8 -5
49 8 -5
32 8 -5
30 8 -5
64 8 -5
24 8 -5
13 8 -5
18 8 -5
7 8 -5
58 8 -5
55 8 -5
9 8 -5
0 8 -5
3 8 -5
67 8 -5
68 8 -5
69 8 -5
42 3 -10
44 3 -10
15 3 -10
15 3 -10
13 3 -10
13 3 -10
58 3 -10
26 3 -10
3 3 -10
7 3 -10
70 3 -10
38 3 -10
61 3 -10
25 3 -10
54 3 -10
63 3 -10
14 3 -10
14 3 -10
47 3 -10
36 3 -10
55 3 -10
19 3 -10
21 3 -10
0 3 -10
51 3 -10
50 3 -10
68 3 -10
20 3 -10
35 3 -10
8 3 -10
41 3 -10
28 3 -10
9 3 -10
48 3 -10
43 3 10
7 3 10
55 3 10
11 3 10
30 3 10
42 -3 -11
15 -3 -11
14 -3 -11
11 -11 -3
7 -11 -3
55 -11 -3
64 -11 -3
43 10 4
3 10 4
26 10 4
58 10 4
25 10 4
61 10 4
38 10 4
70 10 4
36 10 4
19 10 4
54 10 4
11 10 4
44 10 4
63 10 4
8 10 4
51 10 4
50 10 4
26 11 4
42 -1 -15
42 -1 -15
7 -1 -15
41 -1 -15
15 -1 -15
20 -1 -15
55 -1 -15
17 -1 -15
42 -1 -15
58 -1 -15
61 -1 -15
13 -1 -15
36 -1 -15
17 -3 13
32 -3 13
16 -3 13
9 -3 13
24 -3 13
43 -3 13
49 -3 13
32 -14 3
9 -14 3
11 -14 3
17 0 17
16 0 17
25 0 17
54 0 17
24 0 17
18 0 17
70 0 17
55 -5 -13
18 -5 13
25 -5 13
17 -5 13
44 12 -6
58 12 -6
13 12 -6
19 12 -6
15 8 -10
44 12 -7
24 -8 12
18 -8 12
25 -8 12
47 -8 12
1 -22 9
3 19 -3
4 -22 9
5 -23 -11
7 10 -15
8 -15 -13
9 15 11
10 -22 -20
12 -22 9
20 10 -15
22 -23 -11
23 22 -14
24 -7 15
25 -2 16
27 -23 -11
28 -7 15
29 -23 -11
31 -23 -11
32 -6 -15
33 22 -14
35 -7 15
38 -12 -19
41 10 -15
45 -20 -12
46 22 -14
51 -20 -12
53 -7 15
54 -23 -3
56 24 -21
58 10 -15
59 24 -21
60 -22 -20
61 -17 -11
62 -7 15
63 12 12
65 -7 15
67 -16 14
68 -23 -3
0 -23 -3
1 -16 14
4 16 -14
5 -16 14
7 0 -22
10 12 12
12 12 -19
18 -2 16
20 10 -14
22 12 -19
23 -16 14
25 -5 23
27 -16 14
28 -9 23
29 12 -19
33 -22 -20
35 24 3
45 -23 -3
46 -22 9
53 12 -19
54 18 -4
56 -22 -20
60 22 -14
62 -16 14
63 8 14
65 18 -4
67 -16 -22
68 10 17
0 12 12
1 24 3
4 -9 23
5 -9 23
10 16 12
12 16 -14
22 16 -14
23 10 17
25 8 18
27 -9 23
28 -5 23
29 -22 9
33 -22 9
35 11 16
46 10 17
53 24 3
54 24 3
68 -7 15
1 18 12
4 10 17
5 20 18
23 8 18
27 -9 23
29 -9 23
35 11 16
68 20 18
4 8 18
5 10 17
23 9 17
-1 -1 -1
49
41
68
39
61
54
11
69
24
44
43
23
48
57
6
60
28
10
3
45
52
12
42
58
19
14
51
9
21
16
64
33
18
47
4
50
0
22
20
5
1
13
67
55
46
32
35
15
63
7
56
29
66
31
36
8
30
65
53
34
37
27
26
62
17
40
2
25
38
59
70
