500 465 429 393 358 322 286 250 215 179 143 108 72 36 72 108 143 179 215 250 286 322 358 393 429 465 500 1000 
465 429 393 358 322 286 250 215 179 143 108 72 36 0 36 72 108 143 179 215 250 286 322 358 393 429 465 500 
429 393 358 322 286 250 215 179 143 108 72 36 0 0 0 36 72 108 143 179 215 250 286 322 358 393 429 465 
393 358 322 286 250 215 179 143 108 72 36 0 0 0 0 0 36 72 108 143 179 215 250 286 322 358 393 429 
358 322 286 250 215 179 143 108 72 36 0 0 0 0 0 0 0 36 72 108 143 179 215 250 286 322 358 393 
322 286 250 215 179 143 108 72 36 0 0 0 0 0 0 0 0 0 36 72 108 143 179 215 250 286 322 358 
286 250 215 179 143 108 72 36 0 0 0 0 0 0 0 0 0 0 0 36 72 108 143 179 215 250 286 322 
250 215 179 143 108 72 36 0 0 0 0 0 0 0 0 0 0 0 0 0 36 72 108 143 179 215 250 286 
215 179 143 108 72 36 0 0 0 0 0 0 0 0 0 0 0 0 0 0 0 36 72 108 143 179 215 250 
179 143 108 72 36 0 0 0 0 0 0 0 0 0 0 0 0 0 0 0 0 0 36 72 108 143 179 215 
143 108 72 36 0 0 0 0 0 0 0 0 0 0 0 0 0 0 0 0 0 0 0 36 72 108 143 179 
108 72 36 0 0 0 0 0 0 0 0 0 0 0 0 0 0 0 0 0 0 0 0 0 36 72 108 143 
72 36 0 0 0 0 0 0 0 0 0 0 0 0 0 0 0 0 0 0 0 0 0 0 0 36 72 108 
36 0 0 0 0 0 0 0 0 0 0 0 0 0 0 0 0 0 0 0 0 0 0 0 0 0 36 72 
0 0 0 0 0 0 0 0 0 0 0 0 0 0 0 0 0 0 0 0 0 0 0 0 0 0 0 36 
36 0 0 0 0 0 0 0 0 0 0 0 0 0 0 0 0 0 0 0 0 0 0 0 0 0 36 72 
72 36 0 0 0 0 0 0 0 0 0 0 0 0 0 0 0 0 0 0 0 0 0 0 0 36 72 108 
108 72 36 0 0 0 0 0 0 0 0 0 0 0 0 0 0 0 0 0 0 0 0 0 36 72 108 143 
143 108 72 36 0 0 0 0 0 0 0 0 0 0 0 0 0 0 0 0 0 0 0 36 72 108 143 179 
179 143 108 72 36 0 0 0 0 0 0 0 0 0 0 0 0 0 0 0 0 0 36 72 108 143 179 215 
215 179 143 108 72 36 0 0 0 0 0 0 0 0 0 0 0 0 0 0 0 36 72 108 143 179 215 250 
250 215 179 143 108 72 36 0 0 0 0 0 0 0 0 0 0 0 0 0 36 72 108 143 179 215 250 286 
286 250 215 179 143 108 72 36 0 0 0 0 0 0 0 0 0 0 0 36 72 108 143 179 215 250 286 322 
322 286 250 215 179 143 108 72 36 0 0 0 0 0 0 0 0 0 36 72 108 143 179 215 250 286 322 358 
358 322 286 250 215 179 143 108 72 36 0 0 0 0 0 0 0 36 72 108 143 179 215 250 286 322 358 393 
393 358 322 286 250 215 179 143 108 72 36 0 0 0 0 0 36 72 108 143 179 215 250 286 322 358 393 429 
429 393 358 322 286 250 215 179 143 108 72 36 0 0 0 36 72 108 143 179 215 250 286 322 358 393 429 465 
465 429 393 358 322 286 250 215 179 143 108 72 36 0 36 72 108 143 179 215 250 286 322 358 393 429 465 500 
0 -1 0
1 -1 0
2 -1 0
3 -1 0
3 -1 0
4 -1 0
5 -1 0
6 -1 0
6 -1 0
6 -1 0
7 -1 0
8 -1 0
9 -1 0
10 -1 0
10 -1 0
11 -1 0
12 -1 0
13 -1 0
14 -1 0
15 -1 0
16 -1 0
17 -1 0
18 -1 0
19 -1 0
20 -1 0
21 -1 0
22 -1 0
23 -1 0
24 -1 0
24 -1 0
6 1 1
10 1 1
3 1 1
20 1 1
5 1 1
16 1 1
13 1 1
24 1 1
24 1 1
18 1 1
0 1 1
14 1 1
25 1 1
26 1 1
26 1 1
6 1 1
27 1 1
28 1 1
29 1 1
30 1 1
31 1 1
32 1 1
33 1 1
34 1 1
35 1 1
36 1 1
37 1 1
38 1 1
39 1 1
40 1 1
41 1 1
42 1 1
43 1 1
44 1 1
45 1 1
45 1 1
45 1 1
46 1 1
47 1 1
48 1 1
49 1 1
50 1 1
51 1 1
52 1 1
53 1 1
54 1 1
55 1 1
56 1 1
57 1 1
58 1 1
59 1 1
60 1 1
61 1 1
21 1 1
2 1 1
9 1 1
17 1 1
29 1 1
11 1 1
6 -2 -1
10 -2 -1
3 -2 -1
3 -2 -1
3 -2 -1
3 -2 -1
6 2 2
29 2 2
29 2 2
10 2 2
6 2 2
49 2 2
2 2 2
20 2 2
20 2 2
32 2 2
32 2 2
26 2 2
18 2 2
60 2 2
16 2 2
14 2 2
53 2 2
57 2 2
17 2 2
59 2 2
5 2 2
24 2 2
4 2 2
45 2 2
50 2 2
38 2 2
25 2 2
15 2 2
23 2 2
30 2 2
6 -2 -3
6 -2 -3
6 -2 -3
20 -2 -3
29 -2 -3
10 -2 -3
32 -2 -3
6 -2 3
20 -2 3
29 -2 3
29 -2 3
2 -2 3
10 -2 3
10 -2 3
5 -2 3
5 -2 3
53 -2 3
53 -2 3
17 -2 3
45 -2 3
24 -2 3
24 -2 3
10 -2 3
16 -2 3
14 -2 3
14 -2 3
26 -2 3
57 -2 3
32 -2 3
18 -2 3
13 -2 3
6 -6 0
10 -6 0
14 -6 0
5 -6 0
29 -6 0
53 -6 0
2 -6 0
16 -6 0
45 -6 0
17 -6 0
5 -6 0
6 -6 0
18 -6 0
60 -6 0
49 -6 0
20 -6 0
59 -6 0
59 -6 0
0 -6 0
50 -6 0
50 -6 0
50 -6 0
6 3 -4
20 3 -4
10 0 8
29 0 8
29 0 8
14 0 8
2 0 8
53 0 8
10 0 8
10 0 8
10 0 8
6 8 0
2 8 0
45 8 0
17 8 0
16 8 0
26 8 0
18 8 0
57 8 0
29 8 0
29 8 0
5 8 0
0 8 0
23 8 0
60 8 0
4 8 0
49 8 0
53 8 0
59 8 0
59 8 0
59 8 0
59 8 0
59 8 0
59 8 0
59 8 0
59 8 0
59 8 0
33 8 0
58 8 0
14 8 0
28 8 0
43 8 0
40 8 0
41 8 0
36 8 0
48 8 0
51 8 0
22 8 0
4 8 0
38 8 0
47 8 0
39 8 0
7 8 0
44 8 0
56 8 0
12 8 0
21 8 0
31 8 0
46 8 0
42 8 0
25 8 0
15 8 0
1 8 0
1 8 0
61 8 0
19 8 0
52 8 0
37 8 0
34 8 0
6 4 -4
6 2 -6
6 2 -6
2 2 -6
2 2 -6
5 -5 -4
16 -5 -4
18 -5 -4
16 -8 -1
17 -8 -1
5 -8 -1
14 -8 -1
26 -8 -1
53 -8 -1
57 -8 -1
58 -8 -1
33 -8 -1
25 -8 -1
38 -8 -1
40 -8 -1
40 -8 -1
51 -8 -1
51 -8 -1
50 -8 -1
41 -8 -1
36 -8 -1
39 -8 -1
21 -8 -1
28 -8 -1
47 -8 -1
43 -8 -1
59 9 0
29 3 6
53 3 6
14 3 6
5 3 6
45 3 6
10 3 6
17 3 6
23 3 6
4 3 6
0 3 6
16 3 6
41 3 6
28 3 6
58 3 6
45 3 6
22 3 6
60 3 6
49 3 6
57 3 6
12 3 6
1 3 6
47 3 6
47 3 6
7 3 6
46 3 6
26 3 6
29 3 6
61 3 6
19 3 6
52 3 6
40 3 6
44 3 6
36 3 6
56 3 6
21 3 6
31 3 6
33 3 6
39 3 6
37 3 6
25 3 6
48 3 6
54 3 6
27 3 6
8 3 6
35 3 6
9 3 6
38 3 6
42 3 6
15 3 6
51 3 6
55 3 6
47 3 6
47 3 6
5 -3 7
5 -3 7
5 -3 7
5 -3 7
1 10 0
59 10 0
59 10 0
23 10 0
4 10 0
52 10 0
49 10 0
46 10 0
45 10 0
45 10 0
45 10 0
45 10 0
21 10 0
28 10 0
25 10 0
40 10 0
17 10 0
61 10 0
37 10 0
37 10 0
0 10 0
34 10 0
27 10 0
54 10 0
22 10 0
41 10 0
35 10 0
27 10 0
9 10 0
8 10 0
45 7 3
29 7 3
28 7 3
37 7 3
37 7 3
37 7 3
1 12 -2
4 8 7
7 5 12
9 5 12
12 12 -11
14 -7 4
15 12 -11
16 -3 -11
17 -7 4
19 5 12
21 -12 0
22 10 10
23 8 -8
25 7 13
26 0 -11
27 12 6
28 12 6
29 -7 4
31 12 -11
33 -7 -5
35 5 12
36 -8 -8
38 5 12
39 -7 -5
40 -7 -5
41 7 13
42 12 -11
44 5 12
45 10 1
46 7 9
48 5 12
49 8 -8
51 -12 0
52 8 -8
53 -2 11
54 12 -11
55 12 6
56 5 12
57 12 -11
58 12 6
60 12 -11
61 8 -8
0 0 -11
1 12 -2
7 14 -10
9 5 12
12 -9 11
14 -7 5
15 -10 9
16 4 -7
17 -7 5
19 6 9
21 12 -2
22 10 10
23 4 -7
25 -5 -12
26 5 12
27 5 12
28 8 -8
29 7 4
31 12 13
33 -7 4
35 -10 -9
36 12 13
38 -7 5
39 12 -2
40 -7 -6
41 -5 -12
42 -10 9
44 5 12
46 14 -10
48 12 -11
49 4 -8
51 -7 -5
52 12 13
54 -10 9
55 5 12
56 12 6
57 13 -11
58 5 12
60 -10 9
61 12 -2
0 -3 -11
1 8 -8
7 -7 5
9 7 9
12 5 12
14 7 4
15 -11 8
16 5 12
17 -7 4
19 12 13
21 -13 -6
22 7 9
23 12 -2
25 -10 9
26 13 -11
27 7 9
28 5 12
29 0 13
31 12 -2
33 -8 -8
35 -10 9
36 -10 5
38 -7 4
39 -10 9
40 -7 4
41 -5 -12
42 -7 -5
44 6 9
46 -7 4
48 -7 4
49 4 -8
51 -7 4
52 -10 -9
54 -7 -6
55 11 -9
56 13 -11
57 12 -11
58 7 4
60 12 -2
61 10 10
0 4 -7
1 8 -8
7 12 6
8 10 0
9 0 13
12 12 -2
14 -10 5
15 -9 11
16 12 -11
17 -10 5
19 12 -11
21 12 6
22 12 6
23 12 13
25 -3 -11
26 12 6
27 6 9
28 5 12
29 -7 5
31 -13 -6
33 -10 5
35 12 -11
36 12 -2
38 12 6
39 12 -11
40 -12 0
41 -6 -13
42 -11 8
44 7 13
46 -9 11
48 -10 5
52 -10 -9
54 -7 -5
55 8 -8
56 12 -11
57 14 -10
58 7 4
60 4 -7
61 12 6
0 5 -12
1 11 -9
7 -10 9
9 -3 14
12 12 6
14 -8 9
15 -8 9
16 -13 -8
17 -7 -5
19 5 -12
21 8 -8
22 10 10
23 12 13
25 -13 -8
26 4 -7
27 7 8
28 5 12
31 -13 -8
33 5 12
35 -13 -8
36 4 -7
38 -10 9
39 12 -11
40 5 12
41 -3 -11
44 5 -12
46 4 -7
48 -7 -5
51 -7 4
52 -10 9
54 -13 -6
55 -10 -9
56 -10 9
58 7 8
60 -8 -8
61 7 4
0 5 12
7 -8 9
9 5 -12
12 12 6
14 -12 0
15 -10 5
16 0 -11
17 -7 -6
19 13 -11
21 -10 5
22 7 8
23 10 10
25 4 -7
26 5 -12
27 5 12
28 7 9
31 -12 0
33 12 -2
35 -13 -8
36 5 12
38 -8 9
40 -8 9
41 -3 -11
44 0 13
46 -7 -5
48 -8 9
52 12 -2
54 -3 -11
55 -7 -9
56 -13 -8
58 7 9
60 0 -11
61 -12 0
0 0 13
7 0 -11
9 0 -11
14 -10 9
15 -4 13
16 12 -2
17 -12 0
19 -13 -8
21 -10 5
22 7 8
25 0 -11
26 0 13
27 7 13
28 6 9
31 8 -8
33 12 -2
35 -13 -6
36 5 12
38 -10 5
40 -7 -9
41 -3 -11
44 7 4
46 -7 -6
52 5 12
54 5 12
55 -13 -6
56 12 -2
58 7 9
60 12 13
61 -13 -6
0 8 -8
7 -7 -5
9 -4 13
14 -10 9
15 -10 -9
16 -7 -5
19 7 13
21 -10 5
25 0 -11
27 5 -12
31 -10 -9
33 -13 -6
35 13 -11
36 0 -11
38 -9 11
40 -9 11
44 12 -2
46 12 -2
52 0 -11
55 12 -2
56 0 -11
60 12 13
61 0 -11
0 8 -8
7 -4 13
9 4 -7
15 -8 -8
16 -7 -6
19 0 -11
21 -7 -5
25 -3 14
31 -10 -9
33 -13 -8
35 -8 -8
36 7 13
38 -4 13
40 -9 11
44 4 -7
46 0 -11
52 -3 14
56 -8 -8
61 -10 5
7 -10 5
9 7 13
15 -13 -8
16 -8 -8
19 -4 13
21 -9 11
25 -7 -9
33 4 -7
35 -7 -9
36 -13 -6
38 -3 14
40 -9 11
44 -13 -6
52 4 -7
56 -7 -9
61 -9 11
7 -10 5
9 7 13
16 -13 -6
19 4 -7
21 7 4
22 7 8
25 -8 -8
33 -7 -6
35 4 -7
36 -7 -5
40 -6 -13
44 -10 5
52 -8 -8
56 -7 -9
61 -7 -9
7 -10 5
9 7 13
19 -9 11
21 13 -11
25 -6 -13
33 13 -11
36 -7 -6
39 12 -11
40 -9 11
44 -9 11
56 -7 -6
61 -9 11
19 7 4
21 -8 9
25 -4 13
33 7 4
36 -7 -5
39 13 -11
40 -5 -12
44 12 -11
61 -6 -13
7 -10 5
19 -7 -5
21 -4 13
25 -4 13
36 -7 -9
40 -10 5
44 12 -11
7 -9 11
18 -5 -4
19 -7 -9
21 -4 13
25 -7 -9
36 -5 -12
19 -5 -12
36 -7 -5
36 -7 -5
36 -7 -5
18 -5 -4
36 -5 -4
-1 -1 -1
43
38
59
4
44
10
54
24
41
46
2
61
37
7
26
31
30
29
16
13
57
11
48
39
3
18
1
52
51
19
60
25
5
49
45
55
12
50
9
33
27
8
28
21
35
40
0
58
23
56
15
20
22
6
53
34
17
32
47
42
36
14
