0 0 0 0 0 0 0 0 0 0 0 0 0 0 0 0 0 0 0 0 0 0 24 58 93 128 93 58 24 
24 0 0 0 0 0 0 0 0 0 0 0 0 0 0 0 0 0 0 0 0 24 58 93 128 162 128 93 58 
58 24 0 0 0 0 0 0 0 0 0 0 0 0 0 0 0 0 0 0 24 58 93 128 162 197 162 128 93 
93 58 24 0 0 0 0 0 0 0 0 0 0 0 0 0 0 0 0 24 58 93 128 162 197 232 197 162 128 
128 93 58 24 0 0 0 0 0 0 0 0 0 0 0 0 0 0 24 58 93 128 162 197 232 266 232 197 162 
162 128 93 58 24 0 0 0 0 0 0 0 0 0 0 0 0 24 58 93 128 162 197 232 266 301 266 232 197 
197 162 128 93 58 24 0 0 0 0 0 0 0 0 0 0 24 58 93 128 162 197 232 266 301 335 301 266 232 
232 197 162 128 93 58 24 0 0 0 0 0 0 0 0 24 58 93 128 162 197 232 266 301 335 999 335 301 266 
197 162 128 93 58 24 0 0 0 0 0 0 0 0 0 0 24 58 93 128 162 197 232 266 301 335 301 266 232 
162 128 93 58 24 0 0 0 0 0 0 0 0 0 0 0 0 24 58 93 128 162 197 232 266 301 266 232 197 
128 93 58 24 0 0 0 0 0 0 0 0 0 0 0 0 0 0 24 58 93 128 162 197 232 266 232 197 162 
93 58 24 0 0 0 0 0 0 0 0 0 0 0 0 0 0 0 0 24 58 93 128 162 197 232 197 162 128 
58 24 0 0 0 0 0 0 0 0 0 0 0 0 0 0 0 0 0 0 24 58 93 128 162 197 162 128 93 
24 0 0 0 0 0 0 0 0 0 0 0 0 0 0 0 0 0 0 0 0 24 58 93 128 162 128 93 58 
0 0 0 0 0 0 0 0 0 0 0 0 0 0 0 0 0 0 0 0 0 0 24 58 93 128 93 58 24 
0 0 0 0 0 0 0 0 0 0 0 0 0 0 0 0 0 0 0 0 0 0 0 24 58 93 58 24 0 
0 0 0 0 0 0 0 0 0 0 0 0 0 0 0 0 0 0 0 0 0 0 0 0 24 58 24 0 0 
0 0 0 0 0 0 0 0 0 0 0 0 0 0 0 0 0 0 0 0 0 0 0 0 0 24 0 0 0 
0 0 0 0 0 0 0 0 0 0 0 0 0 0 0 0 0 0 0 0 0 0 0 0 0 0 0 0 0 
0 0 0 0 0 0 0 0 0 0 0 0 0 0 0 0 0 0 0 0 0 0 0 0 0 0 0 0 0 
0 0 0 0 0 0 0 0 0 0 0 0 0 0 0 0 0 0 0 0 0 0 0 0 0 0 0 0 0 
0 0 0 0 0 0 0 0 0 0 0 0 0 0 0 0 0 0 0 0 0 0 0 0 0 0 0 0 0 
0 0 0 0 0 0 0 0 0 0 0 0 0 0 0 0 0 0 0 0 0 0 0 0 0 0 0 0 0 
0 0 0 0 0 0 0 0 0 0 0 0 0 0 0 0 0 0 0 0 0 0 0 0 0 0 0 0 0 
0 0 0 0 0 0 0 0 0 0 0 0 0 0 0 0 0 0 0 0 0 0 0 0 0 0 0 0 0 
0 0 0 0 0 0 0 0 0 0 0 0 0 0 0 0 0 0 0 0 0 0 0 0 0 0 0 0 0 
0 0 0 0 0 0 0 0 0 0 0 0 0 0 0 0 0 0 0 0 0 0 0 0 0 24 0 0 0 
0 0 0 0 0 0 0 0 0 0 0 0 0 0 0 0 0 0 0 0 0 0 0 0 24 58 24 0 0 
0 0 0 0 0 0 0 0 0 0 0 0 0 0 0 0 0 0 0 0 0 0 0 24 58 93 58 24 0 
0 -1 0
1 -1 0
1 -1 0
1 -1 0
1 -1 0
1 -1 0
2 -1 0
3 -1 0
4 -1 0
5 -1 0
6 -1 0
7 -1 0
8 -1 0
9 -1 0
9 -1 0
10 -1 0
10 -1 0
10 -1 0
11 -1 0
12 -1 0
12 -1 0
12 -1 0
12 -1 0
12 -1 0
12 -1 0
12 -1 0
12 -1 0
12 -1 0
12 -1 0
12 -1 0
12 -1 0
12 -1 0
12 -1 0
12 -1 0
12 -1 0
12 -1 0
12 -1 0
12 -1 0
12 -1 0
12 -1 0
12 -1 0
12 -1 0
12 -1 0
13 -1 0
14 -1 0
15 -1 0
16 -1 0
17 -1 0
18 -1 0
19 -1 0
20 -1 0
21 -1 0
21 -1 0
21 -1 0
21 -1 0
22 -1 0
23 -1 0
24 -1 0
25 -1 0
26 -1 0
27 -1 0
28 -1 0
29 -1 0
30 -1 0
31 -1 0
32 -1 0
33 -1 0
33 -1 0
33 -1 0
34 -1 0
35 -1 0
36 -1 0
37 -1 0
38 -1 0
39 -1 0
40 -1 0
41 -1 0
42 -1 0
43 -1 0
44 -1 0
44 -1 0
44 -1 0
44 -1 0
44 -1 0
45 -1 0
46 -1 0
46 -1 0
46 -1 0
47 -1 0
48 -1 0
49 -1 0
50 -1 0
51 -1 0
52 -1 0
53 -1 0
54 -1 0
55 -1 0
55 -1 0
56 -1 0
56 -1 0
57 -1 0
57 -1 0
58 -1 0
59 -1 0
60 -1 0
60 -1 0
60 -1 0
60 -1 0
60 -1 0
61 -1 0
62 -1 0
63 -1 0
64 -1 0
64 -1 0
65 -1 0
66 -1 0
66 -1 0
67 -1 0
67 -1 0
67 -1 0
68 -1 0
69 -1 0
70 -1 0
71 -1 0
71 -1 0
72 -1 0
73 -1 0
73 -1 0
73 -1 0
74 -1 0
75 -1 0
76 -1 0
76 -1 0
76 -1 0
77 -1 0
78 -1 0
67 -1 0
67 -1 0
68 -1 0
19 -1 0
28 -1 0
28 -1 0
58 -1 0
18 -1 0
1 -1 0
12 -1 0
12 -1 0
12 -1 0
12 -1 0
12 -1 0
12 -1 0
12 -1 0
12 -1 0
69 -1 0
12 -1 0
6 -1 0
71 -1 0
71 -1 0
49 -1 0
52 -1 0
52 -1 0
52 -1 0
52 -1 0
52 -1 0
52 -1 0
52 -1 0
52 -1 0
55 -1 0
71 -1 0
11 -1 0
11 -1 0
11 -1 0
11 -1 0
11 -1 0
0 -1 0
14 -1 0
14 -1 0
14 -1 0
14 -1 0
44 -1 0
9 -1 0
9 -1 0
29 -1 0
29 -1 0
75 -1 0
16 -1 0
25 -1 0
2 -1 0
44 -1 0
64 -1 0
52 -1 0
32 -1 0
32 -1 0
32 -1 0
32 -1 0
26 -1 0
26 -1 0
26 -1 0
19 -1 0
35 -1 0
71 -1 0
71 -1 0
26 -1 0
26 -1 0
32 -1 0
32 -1 0
32 -1 0
32 -1 0
36 -1 0
45 -1 0
45 -1 0
45 -1 0
25 -1 0
8 -1 0
0 -1 0
0 -1 0
13 -1 0
65 -1 0
37 -1 0
7 -1 0
12 -1 0
12 -1 0
12 -1 0
66 -1 0
47 -1 0
53 -1 0
4 -1 0
67 -1 0
0 -1 0
0 -1 0
0 -1 0
0 -1 0
0 -1 0
0 -1 0
0 -1 0
0 -1 0
45 -1 0
45 -1 0
57 -1 0
21 -1 0
42 -1 0
42 -1 0
73 -1 0
50 -1 0
20 -1 0
20 -1 0
53 -1 0
53 -1 0
53 -1 0
53 -1 0
38 -1 0
0 -1 0
16 -1 0
42 -1 0
18 -1 0
18 -1 0
18 -1 0
18 -1 0
18 -1 0
18 -1 0
18 -1 0
18 -1 0
18 -1 0
18 -1 0
18 -1 0
18 -1 0
18 -1 0
18 -1 0
18 -1 0
18 -1 0
18 -1 0
18 -1 0
18 -1 0
18 -1 0
18 -1 0
18 -1 0
18 -1 0
18 -1 0
18 -1 0
18 -1 0
18 -1 0
18 -1 0
12 -1 0
55 -1 0
55 -1 0
55 -1 0
55 -1 0
10 -1 0
20 -1 0
56 -1 0
63 -1 0
72 -1 0
72 -1 0
43 -1 0
39 -1 0
9 -1 0
9 -1 0
27 -1 0
27 -1 0
27 -1 0
27 -1 0
48 -1 0
48 -1 0
48 -1 0
48 -1 0
48 -1 0
75 -1 0
75 -1 0
75 -1 0
75 -1 0
75 -1 0
75 -1 0
78 -1 0
14 -1 0
75 -1 0
75 -1 0
75 -1 0
52 -1 0
3 -1 0
3 -1 0
3 -1 0
3 -1 0
76 -1 0
75 -1 0
65 -1 0
61 -1 0
40 -1 0
4 -1 0
15 -1 0
9 -1 0
9 -1 0
48 -1 0
54 -1 0
53 -1 0
53 -1 0
53 -1 0
53 -1 0
52 -1 0
77 -1 0
45 -1 0
19 -1 0
19 -1 0
19 -1 0
19 -1 0
19 -1 0
46 -1 0
38 -1 0
16 -1 0
78 -1 0
53 -1 0
23 -1 0
74 -1 0
62 -1 0
71 -1 0
71 -1 0
71 -1 0
71 -1 0
71 -1 0
29 -1 0
38 -1 0
72 -1 0
18 -1 0
25 -1 0
64 -1 0
32 -1 0
28 -1 0
11 -1 0
33 -1 0
54 -1 0
13 -1 0
73 -1 0
73 -1 0
73 -1 0
16 -1 0
16 -1 0
77 -1 0
77 -1 0
4 -1 0
22 -1 0
70 -1 0
8 -1 0
64 -1 0
64 -1 0
64 -1 0
64 -1 0
64 -1 0
64 -1 0
17 -1 0
19 -1 0
69 -1 0
72 -1 0
11 -1 0
14 -1 0
14 -1 0
14 -1 0
14 -1 0
14 -1 0
14 -1 0
14 -1 0
14 -1 0
14 -1 0
14 -1 0
14 -1 0
14 -1 0
14 -1 0
14 -1 0
14 -1 0
12 -2 0
12 -2 0
12 -2 0
18 3 0
18 3 0
18 3 0
18 3 0
18 3 0
18 3 0
18 3 0
18 3 0
18 3 0
18 3 0
18 3 0
18 3 0
14 -1 -2
14 -1 -2
0 -1 -2
71 -1 -2
52 -1 -2
75 -1 -2
14 -1 -2
14 -1 -2
53 -1 -2
53 -1 -2
53 -1 -2
53 -1 -2
53 -1 -2
0 -1 -2
64 -1 -2
32 -1 -2
32 -1 -2
32 -1 -2
32 -1 -2
32 -1 -2
32 -1 -2
32 -1 -2
12 -1 -2
14 -1 -2
45 -1 -2
18 -1 -2
73 -1 -2
18 -1 -2
55 -1 -2
11 -1 -2
11 -1 -2
11 -1 -2
44 -1 -2
1 -1 -2
53 -1 -2
9 -1 -2
72 -1 -2
72 -1 -2
26 -1 -2
3 -1 -2
3 -1 -2
3 -1 -2
3 -1 -2
72 -1 -2
72 -1 -2
72 -1 -2
72 -1 -2
72 -1 -2
72 -1 -2
72 -1 -2
72 -1 -2
72 -1 -2
72 -1 -2
72 -1 -2
11 -1 -2
27 -1 -2
60 -1 -2
16 -1 -2
44 -1 -2
44 -1 -2
44 -1 -2
76 -1 -2
76 -1 -2
52 -1 -2
10 -1 -2
46 -1 -2
67 -1 -2
67 -1 -2
67 -1 -2
67 -1 -2
67 -1 -2
67 -1 -2
67 -1 -2
67 -1 -2
21 -1 -2
64 -1 -2
32 -1 -2
76 -1 -2
29 -1 -2
25 -1 -2
25 -1 -2
25 -1 -2
38 -1 -2
38 -1 -2
38 -1 -2
4 -1 -2
4 -1 -2
4 -1 -2
48 -1 -2
48 -1 -2
48 -1 -2
77 -1 -2
54 -1 -2
57 -1 -2
71 -1 -2
71 -1 -2
71 -1 -2
71 -1 -2
65 -1 -2
42 -1 -2
20 -1 -2
39 -1 -2
39 -1 -2
39 -1 -2
39 -1 -2
39 -1 -2
39 -1 -2
39 -1 -2
69 -1 -2
69 -1 -2
40 -1 -2
40 -1 -2
37 -1 -2
63 -1 -2
63 -1 -2
35 -1 -2
35 -1 -2
52 -1 -2
52 -1 -2
52 -1 -2
52 -1 -2
2 -1 -2
2 -1 -2
44 -1 -2
48 -1 -2
50 -1 -2
50 -1 -2
43 -1 -2
68 -1 -2
11 -1 -2
28 -1 -2
19 -1 -2
76 -1 -2
31 -1 -2
16 -1 -2
6 -1 -2
36 -1 -2
56 -1 -2
56 -1 -2
56 -1 -2
56 -1 -2
56 -1 -2
56 -1 -2
56 -1 -2
56 -1 -2
56 -1 -2
72 -2 2
72 -2 2
72 -2 2
72 -2 2
52 -2 2
14 -2 2
14 -2 2
14 -2 2
14 -2 2
71 -2 2
12 -2 2
12 -2 2
12 -2 2
0 -2 2
72 -2 2
32 -2 2
32 -2 2
32 -2 2
32 -2 2
14 -2 2
53 -2 2
53 -2 2
72 -2 2
67 -2 2
75 -2 2
44 -2 2
64 -2 2
11 -2 2
52 -2 2
3 -2 2
12 -2 2
12 -2 2
12 -2 2
12 -2 2
12 -2 2
12 -2 2
12 -2 2
39 -2 2
39 -2 2
71 -2 2
1 -2 2
14 -2 2
14 -2 2
14 -2 2
14 -2 2
1 -2 2
53 -2 2
53 -2 2
53 -2 2
53 -2 2
45 -2 2
45 -2 2
45 -2 2
45 -2 2
45 -2 2
45 -2 2
45 -2 2
45 -2 2
45 -2 2
4 -2 2
4 -2 2
4 -2 2
9 -2 2
75 -2 2
75 -2 2
12 -2 2
26 -2 2
48 -2 2
48 -2 2
38 -2 2
55 -2 2
25 -2 2
0 -2 2
60 -2 2
52 -2 2
73 -2 2
10 -2 2
27 -2 2
11 -2 2
77 -2 2
77 -2 2
21 -2 2
64 -2 2
64 -2 2
64 -2 2
64 -2 2
35 -2 2
69 -2 2
69 -2 2
69 -2 2
46 -2 2
46 -2 2
46 -2 2
2 -2 2
2 -2 2
54 -2 2
57 -2 2
20 -2 2
76 -2 2
40 -2 2
42 -2 2
16 -2 2
16 -2 2
28 -2 2
43 -2 2
43 -2 2
43 -2 2
43 -2 2
43 -2 2
43 -2 2
43 -2 2
43 -2 2
43 -2 2
65 -2 2
65 -2 2
3 -2 2
29 -2 2
29 -2 2
29 -2 2
6 -2 2
37 -2 2
37 -2 2
37 -2 2
37 -2 2
37 -2 2
37 -2 2
37 -2 2
37 -2 2
36 -2 2
36 -2 2
36 -2 2
16 -2 2
30 -2 2
52 -2 2
52 -2 2
52 -2 2
52 -2 2
52 -2 2
52 -2 2
52 -2 2
52 -2 2
52 -2 2
52 -2 2
31 -2 2
41 -2 2
41 -2 2
41 -2 2
78 -2 2
78 -2 2
14 -2 2
12 -2 2
12 -2 2
37 -2 2
37 -2 2
66 -2 2
66 -2 2
66 -2 2
63 -2 2
18 -2 2
18 -2 2
12 -2 2
57 -2 2
57 -2 2
47 -2 2
8 -2 2
18 -2 2
21 -2 2
7 -2 2
59 -2 2
59 -2 2
54 -2 2
2 -2 2
15 -2 2
5 -2 2
50 -2 2
29 -2 2
29 -2 2
29 -2 2
77 -2 2
17 -2 2
17 -2 2
58 -2 2
74 -2 2
49 -2 2
51 -2 2
9 -2 2
71 -2 2
24 -2 2
73 -2 2
13 -2 2
13 -2 2
19 -2 2
61 -2 2
52 -2 2
32 -2 2
33 -2 2
46 -2 2
46 -2 2
46 -2 2
78 -2 2
78 -2 2
74 -2 2
55 -2 2
30 -2 2
57 -2 2
38 -2 2
41 -2 2
44 -2 2
39 -2 2
1 -2 2
22 -2 2
68 -2 2
34 -2 2
62 -2 2
64 -2 2
64 -2 2
64 -2 2
10 -2 2
13 -2 2
23 -2 2
72 -2 2
72 -2 2
48 -2 2
56 -2 2
56 -2 2
56 -2 2
18 -2 2
15 -2 2
35 -2 2
48 -2 2
70 -2 2
70 -2 2
15 -2 2
19 -2 2
70 -2 2
67 -2 2
5 -2 2
26 -2 2
26 -2 2
43 -2 2
43 -2 2
43 -2 2
14 -2 2
1 -2 2
61 -2 2
66 -2 2
71 -2 2
39 -2 2
75 -2 2
75 -2 2
59 -2 2
30 -2 2
51 -2 2
34 -2 2
34 -2 2
46 -2 2
3 -2 2
3 -2 2
77 -2 2
53 -2 2
15 -2 2
11 -2 2
11 -2 2
16 -2 2
52 -2 2
19 -2 2
44 -2 2
44 -2 2
44 -2 2
44 -2 2
73 -2 2
73 -2 2
73 -2 2
73 -2 2
31 -2 2
68 -2 2
43 -2 2
9 -2 2
9 -2 2
5 -2 2
29 -2 2
71 -2 2
71 -2 2
75 -2 2
11 -2 2
42 -2 2
8 -2 2
57 -2 2
23 -2 2
49 -2 2
49 -2 2
49 -2 2
58 -2 2
58 -2 2
40 -2 2
50 -2 2
57 -2 2
57 -2 2
57 -2 2
42 -2 2
13 -2 2
56 -2 2
0 -2 2
77 -2 2
77 -2 2
63 -2 2
27 -2 2
5 -2 2
4 -2 2
4 -2 2
25 -2 2
25 -2 2
62 -2 2
62 -2 2
37 -2 2
20 -2 2
4 -2 2
78 -2 2
20 -2 2
31 -2 2
21 -2 2
50 -2 2
74 -2 2
17 -2 2
43 -2 2
8 -2 2
58 -2 2
50 -2 2
44 -2 2
44 -2 2
47 -2 2
47 -2 2
40 -2 2
52 -2 2
28 -2 2
77 -2 2
59 -2 2
45 -2 2
41 -2 2
56 -2 2
48 -2 2
48 -2 2
22 -2 2
22 -2 2
18 -2 2
59 -2 2
75 -2 2
53 -2 2
62 -2 2
76 -2 2
76 -2 2
76 -2 2
76 -2 2
76 -2 2
76 -2 2
72 -2 2
67 -2 2
21 -2 2
21 -2 2
10 -2 2
23 -2 2
10 -2 2
57 -2 2
57 -2 2
26 -2 2
26 -2 2
55 -2 2
70 -2 2
12 -2 2
12 -2 2
12 -2 2
12 -2 2
12 -2 2
12 -2 2
12 -2 2
12 -2 2
12 -2 2
12 -2 2
12 -2 2
32 -2 2
32 -2 2
6 -2 2
6 -2 2
24 -2 2
39 -2 2
39 -2 2
74 -2 2
46 -2 2
48 -2 2
78 -2 2
60 -2 2
33 -2 2
33 -2 2
44 -2 2
40 -2 2
23 -2 2
23 -2 2
23 -2 2
23 -2 2
23 -2 2
23 -2 2
23 -2 2
23 -2 2
23 -2 2
18 5 0
18 5 0
52 5 0
52 5 0
52 5 0
71 5 0
53 5 0
0 5 0
0 5 0
32 5 0
32 5 0
32 5 0
32 5 0
32 5 0
72 5 0
18 5 0
18 5 0
75 5 0
64 5 0
44 5 0
71 5 0
71 5 0
11 5 0
45 5 0
67 5 0
67 5 0
3 5 0
18 5 0
18 5 0
18 5 0
18 5 0
18 5 0
18 5 0
18 5 0
18 5 0
1 5 0
48 5 0
73 5 0
39 5 0
9 5 0
18 5 0
26 5 0
26 5 0
26 5 0
26 5 0
26 5 0
26 5 0
26 5 0
26 5 0
26 5 0
26 5 0
26 5 0
26 5 0
26 5 0
26 5 0
32 4 -2
32 4 -2
72 4 -2
67 4 -2
0 4 -2
71 4 -2
11 4 -2
53 4 -2
18 4 -2
18 4 -2
52 4 -2
3 4 -2
44 4 -2
0 4 -2
39 4 -2
26 4 -2
4 4 -2
75 4 -2
38 4 -2
18 4 -2
18 4 -2
18 4 -2
44 4 -2
25 4 -2
25 4 -2
25 4 -2
25 4 -2
25 4 -2
25 4 -2
25 4 -2
25 4 -2
25 4 -2
25 4 -2
72 1 -5
72 1 -5
72 1 -5
72 1 -5
32 1 -5
32 1 -5
32 1 -5
32 1 -5
32 1 -5
32 1 -5
32 1 -5
67 1 -5
67 1 -5
67 1 -5
67 1 -5
67 1 -5
67 1 -5
67 1 -5
67 1 -5
67 1 -5
71 1 -5
71 1 -5
71 1 -5
71 1 -5
44 1 -5
0 1 -5
53 1 -5
72 1 -5
11 1 -5
52 1 -5
39 1 -5
72 1 -5
3 1 -5
48 1 -5
64 1 -5
64 1 -5
64 1 -5
1 1 -5
1 1 -5
1 1 -5
48 1 -5
38 1 -5
9 1 -5
75 1 -5
75 1 -5
75 1 -5
10 1 -5
35 1 -5
35 1 -5
2 1 -5
69 1 -5
77 1 -5
77 1 -5
77 1 -5
77 1 -5
60 1 -5
60 1 -5
60 1 -5
60 1 -5
60 1 -5
60 1 -5
60 1 -5
60 1 -5
60 1 -5
60 1 -5
55 1 -5
21 1 -5
4 1 -5
4 1 -5
28 1 -5
28 1 -5
20 1 -5
20 1 -5
20 1 -5
20 1 -5
20 1 -5
20 1 -5
40 1 -5
20 1 -5
20 1 -5
54 1 -5
27 1 -5
57 1 -5
35 1 -5
35 1 -5
45 1 -5
42 1 -5
72 1 -5
6 1 -5
46 1 -5
21 1 -5
43 1 -5
43 1 -5
43 1 -5
43 1 -5
43 1 -5
43 1 -5
43 1 -5
43 1 -5
43 1 -5
36 1 -5
73 1 -5
73 1 -5
73 1 -5
73 1 -5
73 1 -5
73 1 -5
52 0 6
53 0 6
53 0 6
53 0 6
53 0 6
53 0 6
64 0 6
45 0 6
71 0 6
71 0 6
71 0 6
71 0 6
71 0 6
75 0 6
0 0 6
0 0 6
57 0 6
37 0 6
37 0 6
37 0 6
37 0 6
37 0 6
37 0 6
37 0 6
43 0 6
44 0 6
46 0 6
48 0 6
75 0 6
64 0 6
64 0 6
0 0 6
32 0 6
72 0 6
29 0 6
39 0 6
39 0 6
39 0 6
39 0 6
11 0 6
3 0 6
57 0 6
57 0 6
57 0 6
57 0 6
57 0 6
57 0 6
57 0 6
57 0 6
1 0 6
1 0 6
1 0 6
21 0 6
21 0 6
21 0 6
57 0 6
57 0 6
57 0 6
57 0 6
57 0 6
76 0 6
76 0 6
52 0 6
9 0 6
39 0 6
77 0 6
77 0 6
4 0 6
10 0 6
57 0 6
57 0 6
57 0 6
57 0 6
41 0 6
42 0 6
78 0 6
27 0 6
19 0 6
19 0 6
19 0 6
19 0 6
77 0 6
2 0 6
15 0 6
4 0 6
38 0 6
65 0 6
58 0 6
40 0 6
40 0 6
40 0 6
78 0 6
54 0 6
50 0 6
50 0 6
50 0 6
50 0 6
6 0 6
13 0 6
5 0 6
55 0 6
30 0 6
30 0 6
30 0 6
30 0 6
59 0 6
31 0 6
31 0 6
31 0 6
69 0 6
49 0 6
16 0 6
50 0 6
36 0 6
19 0 6
19 0 6
19 0 6
47 0 6
27 0 6
28 0 6
28 0 6
67 0 6
67 0 6
66 0 6
61 0 6
8 0 6
60 0 6
63 0 6
68 0 6
52 0 6
52 0 6
52 0 6
52 0 6
52 0 6
33 0 6
35 0 6
20 0 6
62 0 6
7 0 6
17 0 6
17 0 6
17 0 6
70 0 6
51 0 6
74 0 6
34 0 6
31 0 6
31 0 6
31 0 6
31 0 6
31 0 6
31 0 6
32 3 -4
67 3 -4
72 3 -4
72 3 -4
72 3 -4
72 3 -4
72 3 -4
72 3 -4
72 3 -4
72 3 -4
72 3 -4
32 3 -4
25 3 -4
60 3 -4
72 3 -4
20 3 -4
32 3 -4
43 3 -4
43 3 -4
43 3 -4
25 3 -4
71 3 -4
0 3 -4
0 3 -4
77 3 -4
77 3 -4
44 3 -4
44 3 -4
44 3 -4
44 3 -4
44 3 -4
44 3 -4
44 3 -4
44 3 -4
44 3 -4
44 3 -4
44 3 -4
44 3 -4
44 3 -4
44 3 -4
44 3 -4
44 3 -4
44 3 -4
44 3 -4
25 3 -4
25 3 -4
77 3 -4
35 3 -4
35 3 -4
72 3 -4
35 3 -4
35 3 -4
55 3 -4
3 3 -4
3 3 -4
53 3 -4
28 3 -4
21 3 -4
69 3 -4
11 3 -4
10 3 -4
10 3 -4
66 3 -4
66 3 -4
66 3 -4
66 3 -4
66 3 -4
66 3 -4
66 3 -4
66 3 -4
66 3 -4
66 3 -4
65 3 -4
16 3 -4
60 3 -4
8 3 -4
25 3 -4
44 3 -4
1 3 -4
38 3 -4
74 3 -4
47 3 -4
48 3 -4
48 3 -4
48 3 -4
48 3 -4
48 3 -4
78 3 -4
76 3 -4
75 3 -4
75 3 -4
75 3 -4
75 3 -4
75 3 -4
75 3 -4
75 3 -4
63 3 -4
7 3 -4
4 3 -4
4 3 -4
17 3 -4
17 3 -4
17 3 -4
17 3 -4
17 3 -4
17 3 -4
17 3 -4
17 3 -4
17 3 -4
17 3 -4
17 3 -4
52 -2 5
52 -2 5
52 -2 5
52 -2 5
52 -2 5
57 -2 5
57 -2 5
57 -2 5
57 -2 5
57 -2 5
52 -2 5
52 -2 5
37 -2 5
37 -2 5
53 -2 5
71 -2 5
52 -2 5
37 -2 5
39 -2 5
43 -2 5
19 -2 5
52 -2 5
64 -2 5
64 -2 5
64 -2 5
64 -2 5
64 -2 5
71 -2 5
48 -2 5
46 -2 5
75 -2 5
21 -2 5
0 -2 5
39 -2 5
29 -2 5
29 -2 5
29 -2 5
29 -2 5
53 -2 5
57 -2 5
57 -2 5
32 -2 5
32 -2 5
64 -2 5
64 -2 5
64 -2 5
53 -2 5
30 -2 5
72 -2 5
1 -2 5
19 -2 5
4 -2 5
45 -2 5
50 -2 5
50 -2 5
23 -2 5
37 -2 5
37 -2 5
11 -2 5
67 -2 5
67 -2 5
3 -2 5
3 -2 5
3 -2 5
76 -2 5
77 -2 5
15 -2 5
78 -2 5
41 -2 5
14 -2 5
52 -2 5
23 -2 5
40 -2 5
40 -2 5
40 -2 5
44 -2 5
5 -2 5
41 -2 5
23 -2 5
59 -2 5
58 -2 5
54 -2 5
44 -2 5
21 -2 5
13 -2 5
69 -2 5
9 -2 5
9 -2 5
36 -2 5
71 -2 5
2 -2 5
39 -2 5
76 -2 5
15 -2 5
15 -2 5
15 -2 5
49 -2 5
55 -2 5
40 -2 5
61 -2 5
61 -2 5
7 -2 5
78 -2 5
78 -2 5
5 -2 5
27 -2 5
20 -2 5
7 -2 5
7 -2 5
7 -2 5
51 -2 5
51 -2 5
51 -2 5
62 -2 5
62 -2 5
62 -2 5
62 -2 5
62 -2 5
62 -2 5
62 -2 5
67 -2 5
31 -2 5
6 -2 5
47 -2 5
19 -2 5
10 -2 5
10 -2 5
39 -2 5
39 -2 5
39 -2 5
38 -2 5
20 -2 5
15 -2 5
70 -2 5
70 -2 5
36 -2 5
33 -2 5
34 -2 5
35 -2 5
15 -2 5
12 -2 5
12 -2 5
24 -2 5
28 -2 5
28 -2 5
29 -2 5
42 -2 5
50 -2 5
8 -2 5
51 -2 5
50 -2 5
50 -2 5
50 -2 5
50 -2 5
50 -2 5
50 -2 5
50 -2 5
15 -2 5
59 -2 5
59 -2 5
59 -2 5
74 -2 5
74 -2 5
74 -2 5
74 -2 5
74 -2 5
48 -2 5
65 -2 5
2 -2 5
61 -2 5
61 -2 5
61 -2 5
61 -2 5
61 -2 5
61 -2 5
61 -2 5
61 -2 5
23 -2 5
14 -2 5
14 -2 5
14 -2 5
14 -2 5
14 -2 5
14 -2 5
14 -2 5
14 -2 5
58 -2 5
65 -2 5
14 -2 5
63 -2 5
78 -2 5
78 -2 5
78 -2 5
78 -2 5
78 -2 5
78 -2 5
78 -2 5
78 -2 5
78 -2 5
78 -2 5
66 -2 5
66 -2 5
59 -2 5
14 -2 5
16 -2 5
68 -2 5
68 -2 5
67 -2 5
43 -2 5
43 -2 5
43 -2 5
43 -2 5
43 -2 5
43 -2 5
22 -2 5
68 -2 5
60 -2 5
62 -2 5
0 -2 5
4 -2 5
47 -2 5
47 -2 5
47 -2 5
47 -2 5
47 -2 5
47 -2 5
47 -2 5
47 -2 5
47 -2 5
47 -2 5
47 -2 5
22 -2 5
70 -2 5
37 -2 5
37 -2 5
37 -2 5
38 -2 5
64 -2 5
57 -2 5
55 -2 5
28 -2 5
7 -2 5
49 -2 5
49 -2 5
3 -2 5
20 -2 5
27 -2 5
27 -2 5
68 -2 5
21 -2 5
10 -2 5
29 -2 5
29 -2 5
35 -2 5
32 -2 5
43 -2 5
61 -2 5
7 -2 5
66 -2 5
16 -2 5
29 -2 5
41 -2 5
71 -2 5
31 -2 5
31 -2 5
31 -2 5
31 -2 5
31 -2 5
31 -2 5
31 -2 5
14 -2 5
14 -2 5
14 -2 5
76 -2 5
23 -2 5
23 -2 5
23 -2 5
77 -2 5
23 -2 5
23 -2 5
23 -2 5
23 -2 5
23 -2 5
23 -2 5
23 -2 5
23 -2 5
23 -2 5
23 -2 5
23 -2 5
23 -2 5
23 -2 5
1 -2 5
1 -2 5
1 -2 5
23 -2 5
23 -2 5
23 -2 5
23 -2 5
23 -2 5
59 -2 5
59 -2 5
11 -2 5
31 -2 5
31 -2 5
30 -2 5
9 -2 5
33 -2 5
50 -2 5
50 -2 5
50 -2 5
50 -2 5
50 -2 5
50 -2 5
50 -2 5
50 -2 5
31 -2 5
38 -2 5
40 -2 5
67 -2 5
67 -2 5
67 -2 5
67 -2 5
67 -2 5
67 -2 5
67 -2 5
67 -2 5
67 -2 5
67 -2 5
67 -2 5
67 -2 5
67 -2 5
12 -2 5
12 -2 5
58 -2 5
51 -2 5
54 -2 5
54 -2 5
54 -2 5
54 -2 5
54 -2 5
69 -2 5
69 -2 5
69 -2 5
69 -2 5
69 -2 5
37 -2 5
56 -2 5
23 -2 5
78 -2 5
78 -2 5
52 -2 5
52 -2 5
39 -2 5
39 -2 5
72 -2 5
9 -2 5
16 -2 5
42 -2 5
29 -2 5
29 -2 5
29 -2 5
31 -2 5
11 -2 5
43 -2 5
35 -2 5
42 -2 5
14 -2 5
46 -2 5
46 -2 5
46 -2 5
46 -2 5
46 -2 5
46 -2 5
46 -2 5
46 -2 5
46 -2 5
46 -2 5
78 -2 5
78 -2 5
78 -2 5
78 -2 5
78 -2 5
78 -2 5
78 -2 5
78 -2 5
78 -2 5
78 -2 5
78 -2 5
78 -2 5
78 -2 5
78 -2 5
78 -2 5
78 -2 5
78 -2 5
78 -2 5
78 -2 5
78 -2 5
78 -2 5
78 -2 5
78 -2 5
78 -2 5
78 -2 5
78 -2 5
78 -2 5
78 -2 5
72 -5 -2
52 -5 -2
32 -5 -2
32 -5 -2
32 -5 -2
32 -5 -2
52 -5 -2
53 -5 -2
53 -5 -2
53 -5 -2
53 -5 -2
53 -5 -2
53 -5 -2
53 -5 -2
53 -5 -2
53 -5 -2
53 -5 -2
53 -5 -2
53 -5 -2
53 -5 -2
53 -5 -2
53 -5 -2
53 -5 -2
53 -5 -2
32 -5 -2
32 -5 -2
71 -5 -2
67 -5 -2
67 -5 -2
72 -5 -2
32 -5 -2
43 -5 -2
44 -5 -2
64 -5 -2
0 -5 -2
0 -5 -2
0 -5 -2
39 -5 -2
48 -5 -2
11 -5 -2
44 -5 -2
44 -5 -2
44 -5 -2
64 -5 -2
3 -5 -2
75 -5 -2
75 -5 -2
75 -5 -2
75 -5 -2
75 -5 -2
45 -5 -2
67 -5 -2
43 -5 -2
43 -5 -2
43 -5 -2
43 -5 -2
43 -5 -2
43 -5 -2
43 -5 -2
11 -5 -2
46 -5 -2
77 -5 -2
1 -5 -2
1 -5 -2
4 -5 -2
45 -5 -2
45 -5 -2
45 -5 -2
45 -5 -2
45 -5 -2
45 -5 -2
45 -5 -2
45 -5 -2
45 -5 -2
72 -1 -7
44 -1 -7
32 -1 -7
32 -1 -7
32 -1 -7
67 -1 -7
67 -1 -7
32 -1 -7
43 -1 -7
71 -1 -7
71 -1 -7
75 -1 -7
43 -1 -7
43 -1 -7
43 -1 -7
43 -1 -7
43 -1 -7
43 -1 -7
43 -1 -7
43 -1 -7
60 -1 -7
77 -1 -7
0 -1 -7
20 -1 -7
20 -1 -7
3 -1 -7
3 -1 -7
3 -1 -7
53 -1 -7
53 -1 -7
48 -1 -7
72 -1 -7
52 -1 -7
4 -1 -7
66 -1 -7
35 -1 -7
11 -1 -7
11 -1 -7
11 -1 -7
11 -1 -7
39 -1 -7
64 -1 -7
64 -1 -7
38 -1 -7
10 -1 -7
64 -1 -7
28 -1 -7
28 -1 -7
69 -1 -7
21 -1 -7
32 -1 -7
32 -1 -7
32 -1 -7
32 -1 -7
32 -1 -7
32 -1 -7
32 -1 -7
32 -1 -7
32 -1 -7
3 -1 -7
3 -1 -7
3 -1 -7
3 -1 -7
3 -1 -7
3 -1 -7
9 -1 -7
1 -1 -7
41 -1 -7
41 -1 -7
20 -1 -7
55 -1 -7
65 -1 -7
60 -1 -7
13 -1 -7
30 -1 -7
46 -1 -7
10 -1 -7
10 -1 -7
10 -1 -7
10 -1 -7
10 -1 -7
10 -1 -7
10 -1 -7
10 -1 -7
10 -1 -7
10 -1 -7
10 -1 -7
10 -1 -7
10 -1 -7
10 -1 -7
10 -1 -7
10 -1 -7
10 -1 -7
10 -1 -7
10 -1 -7
10 -1 -7
10 -1 -7
10 -1 -7
10 -1 -7
58 -1 -7
5 -1 -7
33 -1 -7
33 -1 -7
33 -1 -7
33 -1 -7
33 -1 -7
33 -1 -7
33 -1 -7
33 -1 -7
33 -1 -7
33 -1 -7
33 -1 -7
33 -1 -7
33 -1 -7
33 -1 -7
33 -1 -7
33 -1 -7
33 -1 -7
33 -1 -7
33 -1 -7
33 -1 -7
33 -1 -7
33 -1 -7
33 -1 -7
33 -1 -7
33 -1 -7
33 -1 -7
33 -1 -7
33 -1 -7
33 -1 -7
33 -1 -7
33 -1 -7
33 -1 -7
33 -1 -7
33 -1 -7
33 -1 -7
33 -1 -7
33 -1 -7
33 -1 -7
33 -1 -7
33 -1 -7
33 -1 -7
33 -1 -7
33 -1 -7
33 -1 -7
33 -1 -7
10 -2 -6
32 -2 -6
32 -2 -6
43 -2 -6
10 -2 -6
10 -2 -6
10 -2 -6
43 -2 -6
43 -2 -6
32 -2 -6
72 -2 -6
33 -2 -6
10 -2 -6
33 -2 -6
44 -2 -6
3 -2 -6
53 -2 -6
67 -2 -6
67 -2 -6
67 -2 -6
33 -2 -6
71 -2 -6
75 -2 -6
20 -2 -6
67 -2 -6
67 -2 -6
44 -2 -6
52 -2 -6
77 -2 -6
44 -2 -6
48 -2 -6
48 -2 -6
48 -2 -6
48 -2 -6
48 -2 -6
48 -2 -6
48 -2 -6
48 -2 -6
48 -2 -6
48 -2 -6
72 -2 -6
10 -2 -6
11 -2 -6
0 -2 -6
0 -2 -6
4 -2 -6
4 -2 -6
41 -2 -6
39 -2 -6
39 -2 -6
39 -2 -6
39 -2 -6
39 -2 -6
39 -2 -6
39 -2 -6
4 -2 -6
64 -2 -6
37 -2 -6
37 -2 -6
3 -2 -6
37 -2 -6
9 -2 -6
9 -2 -6
9 -2 -6
9 -2 -6
9 -2 -6
29 -2 -6
69 -2 -6
53 -2 -6
35 -2 -6
35 -2 -6
38 -2 -6
66 -2 -6
49 -2 -6
15 -2 -6
65 -2 -6
58 -2 -6
39 -2 -6
56 -2 -6
56 -2 -6
56 -2 -6
42 -2 -6
21 -2 -6
59 -2 -6
59 -2 -6
59 -2 -6
59 -2 -6
60 -2 -6
60 -2 -6
37 -2 -6
57 -2 -6
15 -2 -6
15 -2 -6
1 -2 -6
27 -2 -6
6 -2 -6
74 -2 -6
76 -2 -6
76 -2 -6
2 -2 -6
36 -2 -6
36 -2 -6
24 -2 -6
24 -2 -6
24 -2 -6
47 -2 -6
48 -2 -6
51 -2 -6
40 -2 -6
34 -2 -6
39 -2 -6
39 -2 -6
19 -2 -6
73 -2 -6
20 -2 -6
20 -2 -6
20 -2 -6
20 -2 -6
20 -2 -6
7 -2 -6
62 -2 -6
62 -2 -6
62 -2 -6
61 -2 -6
70 -2 -6
70 -2 -6
5 -2 -6
5 -2 -6
5 -2 -6
5 -2 -6
5 -2 -6
5 -2 -6
73 -2 -6
73 -2 -6
73 -2 -6
73 -2 -6
54 -2 -6
46 -2 -6
46 -2 -6
46 -2 -6
0 -2 -6
28 -2 -6
16 -2 -6
16 -2 -6
16 -2 -6
8 -2 -6
8 -2 -6
8 -2 -6
4 -2 -6
67 -2 -6
63 -2 -6
63 -2 -6
15 -2 -6
22 -2 -6
16 -2 -6
30 -2 -6
30 -2 -6
13 -2 -6
10 -2 -6
11 -2 -6
68 -2 -6
68 -2 -6
68 -2 -6
68 -2 -6
68 -2 -6
72 -2 -6
33 -2 -6
33 -2 -6
51 -2 -6
51 -2 -6
51 -2 -6
51 -2 -6
51 -2 -6
21 -2 -6
30 -2 -6
4 -2 -6
50 -2 -6
33 -2 -6
68 -2 -6
35 -2 -6
66 -2 -6
55 -2 -6
15 -2 -6
72 -2 -6
72 -2 -6
72 -2 -6
65 -2 -6
61 -2 -6
61 -2 -6
30 -2 -6
4 -2 -6
4 -2 -6
53 -2 -6
53 -2 -6
53 -2 -6
33 -2 -6
0 -2 -6
28 -2 -6
28 -2 -6
28 -2 -6
28 -2 -6
70 -2 -6
4 -2 -6
4 -2 -6
30 -2 -6
72 -2 -6
24 -2 -6
24 -2 -6
36 -2 -6
36 -2 -6
36 -2 -6
36 -2 -6
36 -2 -6
36 -2 -6
7 -2 -6
75 -2 -6
75 -2 -6
75 -2 -6
5 -2 -6
60 -2 -6
64 -2 -6
20 -2 -6
49 -2 -6
49 -2 -6
49 -2 -6
49 -2 -6
49 -2 -6
49 -2 -6
49 -2 -6
41 -2 -6
73 -2 -6
73 -2 -6
73 -2 -6
73 -2 -6
4 -2 -6
4 -2 -6
4 -2 -6
4 -2 -6
4 -2 -6
4 -2 -6
15 -2 -6
40 -2 -6
61 -2 -6
43 -2 -6
34 -2 -6
58 -2 -6
8 -2 -6
73 -2 -6
73 -2 -6
73 -2 -6
67 -2 -6
67 -2 -6
67 -2 -6
67 -2 -6
67 -2 -6
67 -2 -6
67 -2 -6
67 -2 -6
67 -2 -6
67 -2 -6
10 -2 -6
66 -2 -6
66 -2 -6
47 -2 -6
41 -2 -6
68 -2 -6
30 -2 -6
30 -2 -6
56 -2 -6
66 -2 -6
38 -2 -6
38 -2 -6
21 -2 -6
21 -2 -6
21 -2 -6
21 -2 -6
75 -2 -6
28 -2 -6
47 -2 -6
47 -2 -6
39 -2 -6
36 -2 -6
24 -2 -6
24 -2 -6
76 -2 -6
77 -2 -6
2 -2 -6
32 -2 -6
27 -2 -6
3 -2 -6
68 -2 -6
68 -2 -6
44 -2 -6
44 -2 -6
36 -2 -6
71 -2 -6
71 -2 -6
38 -2 -6
46 -2 -6
46 -2 -6
58 -2 -6
58 -2 -6
58 -2 -6
58 -2 -6
58 -2 -6
58 -2 -6
53 -4 -4
53 -4 -4
53 -4 -4
67 -4 -4
43 -4 -4
72 -4 -4
72 -4 -4
32 -4 -4
10 -4 -4
44 -4 -4
48 -4 -4
43 -4 -4
43 -4 -4
43 -4 -4
67 -4 -4
67 -4 -4
67 -4 -4
67 -4 -4
67 -4 -4
67 -4 -4
4 -4 -4
4 -4 -4
67 -4 -4
72 -4 -4
72 -4 -4
72 -4 -4
43 -4 -4
43 -4 -4
75 -4 -4
10 -4 -4
20 -4 -4
20 -4 -4
3 -4 -4
44 -4 -4
0 -4 -4
0 -4 -4
0 -4 -4
0 -4 -4
0 -4 -4
0 -4 -4
0 -4 -4
0 -4 -4
0 -4 -4
72 -4 -4
39 -4 -4
10 -4 -4
36 -4 -4
0 -4 -4
66 -4 -4
49 -4 -4
71 -4 -4
52 -4 -4
43 -4 -4
43 -4 -4
43 -4 -4
43 -4 -4
43 -4 -4
9 -4 -4
48 -4 -4
30 -4 -4
30 -4 -4
53 -4 -4
20 -4 -4
68 -4 -4
71 -4 -4
71 -4 -4
38 -4 -4
60 -4 -4
60 -4 -4
60 -4 -4
60 -4 -4
48 -4 -4
39 -4 -4
77 -4 -4
21 -4 -4
24 -4 -4
24 -4 -4
67 -4 -4
64 -4 -4
28 -4 -4
37 -4 -4
11 -4 -4
77 -4 -4
41 -4 -4
51 -4 -4
49 -4 -4
46 -4 -4
1 -4 -4
15 -4 -4
53 -4 -4
36 -4 -4
36 -4 -4
36 -4 -4
36 -4 -4
56 -4 -4
56 -4 -4
16 -4 -4
56 -4 -4
5 -4 -4
5 -4 -4
8 -4 -4
8 -4 -4
76 -4 -4
76 -4 -4
5 -4 -4
5 -4 -4
5 -4 -4
5 -4 -4
5 -4 -4
5 -4 -4
62 -4 -4
70 -4 -4
41 -4 -4
41 -4 -4
29 -4 -4
42 -4 -4
42 -4 -4
42 -4 -4
42 -4 -4
56 -4 -4
47 -4 -4
47 -4 -4
47 -4 -4
47 -4 -4
47 -4 -4
2 -4 -4
40 -4 -4
47 -4 -4
6 -4 -4
6 -4 -4
6 -4 -4
59 -4 -4
44 -4 -4
13 -4 -4
35 -4 -4
35 -4 -4
35 -4 -4
35 -4 -4
35 -4 -4
35 -4 -4
35 -4 -4
35 -4 -4
53 -6 -2
53 -6 -2
43 -6 -2
0 -6 -2
53 -6 -2
72 -6 -2
53 -6 -2
53 -6 -2
53 -6 -2
53 -6 -2
53 -6 -2
53 -6 -2
53 -6 -2
53 -6 -2
53 -6 -2
0 -6 -2
67 -6 -2
53 -6 -2
32 -6 -2
67 -6 -2
52 -6 -2
43 -6 -2
32 -6 -2
32 -6 -2
32 -6 -2
32 -6 -2
36 -6 -2
60 -6 -2
5 -6 -2
5 -6 -2
5 -6 -2
48 -6 -2
48 -6 -2
48 -6 -2
48 -6 -2
39 -6 -2
45 -6 -2
64 -6 -2
71 -6 -2
71 -6 -2
71 -6 -2
71 -6 -2
71 -6 -2
3 -6 -2
36 -6 -2
4 -6 -2
4 -6 -2
4 -6 -2
4 -6 -2
53 -6 -2
42 -6 -2
1 -6 -2
21 -6 -2
38 -6 -2
44 -6 -2
44 -6 -2
75 -6 -2
75 -6 -2
75 -6 -2
75 -6 -2
75 -6 -2
56 -6 -2
47 -6 -2
44 -6 -2
45 -6 -2
45 -6 -2
45 -6 -2
45 -6 -2
30 -6 -2
76 -6 -2
71 -6 -2
64 -6 -2
64 -6 -2
64 -6 -2
64 -6 -2
2 -6 -2
2 -6 -2
6 -6 -2
24 -6 -2
16 -6 -2
56 -6 -2
55 -6 -2
55 -6 -2
55 -6 -2
55 -6 -2
8 -6 -2
8 -6 -2
49 -6 -2
49 -6 -2
39 -6 -2
37 -6 -2
43 -6 -2
28 -6 -2
11 -6 -2
9 -6 -2
42 -6 -2
69 -6 -2
41 -6 -2
27 -6 -2
27 -6 -2
27 -6 -2
27 -6 -2
27 -6 -2
27 -6 -2
27 -6 -2
27 -6 -2
66 -6 -2
54 -6 -2
65 -6 -2
29 -6 -2
41 -6 -2
71 -6 -2
71 -6 -2
71 -6 -2
71 -6 -2
71 -6 -2
71 -6 -2
71 -6 -2
71 -6 -2
46 -6 -2
46 -6 -2
46 -6 -2
46 -6 -2
46 -6 -2
63 -6 -2
63 -6 -2
7 -6 -2
70 -6 -2
70 -6 -2
70 -6 -2
70 -6 -2
70 -6 -2
77 -6 -2
77 -6 -2
77 -6 -2
74 -6 -2
54 -6 -2
40 -6 -2
27 -6 -2
59 -6 -2
59 -6 -2
20 -6 -2
0 -6 -2
57 -6 -2
52 -6 -2
19 -6 -2
61 -6 -2
10 -6 -2
13 -6 -2
27 -6 -2
34 -6 -2
70 -6 -2
63 -6 -2
36 -6 -2
32 -6 -2
15 -6 -2
15 -6 -2
15 -6 -2
15 -6 -2
15 -6 -2
15 -6 -2
15 -6 -2
15 -6 -2
15 -6 -2
15 -6 -2
51 -6 -2
6 -6 -2
6 -6 -2
6 -6 -2
6 -6 -2
6 -6 -2
6 -6 -2
6 -6 -2
6 -6 -2
6 -6 -2
6 -6 -2
6 -6 -2
6 -6 -2
22 -6 -2
34 -6 -2
4 -6 -2
66 -6 -2
66 -6 -2
66 -6 -2
66 -6 -2
45 -6 -2
74 -6 -2
74 -6 -2
74 -6 -2
74 -6 -2
74 -6 -2
74 -6 -2
74 -6 -2
71 -6 -2
57 -6 -2
76 -6 -2
38 -6 -2
38 -6 -2
35 -6 -2
35 -6 -2
35 -6 -2
50 -6 -2
50 -6 -2
68 -6 -2
68 -6 -2
75 -6 -2
75 -6 -2
1 -6 -2
1 -6 -2
1 -6 -2
7 -6 -2
72 -6 -2
74 -6 -2
70 -6 -2
41 -6 -2
15 -6 -2
71 -6 -2
71 -6 -2
71 -6 -2
62 -6 -2
77 -6 -2
77 -6 -2
77 -6 -2
55 -6 -2
46 -6 -2
21 -6 -2
45 -6 -2
45 -6 -2
45 -6 -2
45 -6 -2
45 -6 -2
45 -6 -2
45 -6 -2
4 -6 -2
48 -6 -2
48 -6 -2
38 -6 -2
32 -6 -2
32 -6 -2
32 -6 -2
32 -6 -2
32 -6 -2
29 -6 -2
29 -6 -2
10 -6 -2
16 -6 -2
48 -6 -2
48 -6 -2
48 -6 -2
48 -6 -2
48 -6 -2
48 -6 -2
9 -6 -2
65 -6 -2
77 -6 -2
19 -6 -2
56 -6 -2
15 -6 -2
13 -6 -2
47 -6 -2
1 -6 -2
1 -6 -2
30 -6 -2
50 -6 -2
60 -6 -2
16 -6 -2
43 -6 -2
43 -6 -2
43 -6 -2
43 -6 -2
43 -6 -2
6 -6 -2
6 -6 -2
44 -6 -2
44 -6 -2
52 -6 -2
8 -6 -2
28 -6 -2
6 -6 -2
6 -6 -2
63 -6 -2
63 -6 -2
7 -6 -2
38 -6 -2
16 -6 -2
71 -6 -2
71 -6 -2
71 -6 -2
71 -6 -2
71 -6 -2
71 -6 -2
71 -6 -2
71 -6 -2
71 -6 -2
71 -6 -2
71 -6 -2
71 -6 -2
71 -6 -2
71 -6 -2
71 -6 -2
71 -6 -2
71 -6 -2
40 -6 -2
14 -6 -2
20 -6 -2
49 -6 -2
6 -6 -2
45 -6 -2
9 -6 -2
1 -6 -2
5 -6 -2
48 -6 -2
76 -6 -2
66 -6 -2
45 -6 -2
57 -6 -2
57 -6 -2
57 -6 -2
57 -6 -2
32 -6 -2
32 -6 -2
22 -6 -2
68 -6 -2
68 -6 -2
48 -6 -2
60 -6 -2
51 -6 -2
29 -6 -2
11 -6 -2
53 -6 -2
53 -6 -2
13 -6 -2
58 -6 -2
58 -6 -2
58 -6 -2
22 -6 -2
68 -6 -2
68 -6 -2
68 -6 -2
3 -6 -2
41 -6 -2
71 -6 -2
46 -6 -2
4 -6 -2
50 -6 -2
53 -6 -2
53 -6 -2
53 -6 -2
53 -6 -2
53 -6 -2
53 -6 -2
53 -6 -2
53 -6 -2
53 -6 -2
2 -6 -2
76 -6 -2
24 -6 -2
63 -6 -2
3 -6 -2
14 -6 -2
67 -6 -2
43 -6 -2
59 -6 -2
5 -6 -2
25 -6 -2
40 -6 -2
69 -6 -2
35 -6 -2
35 -6 -2
15 -6 -2
15 -6 -2
67 -6 -2
70 -6 -2
70 -6 -2
53 -6 -2
53 -6 -2
53 -6 -2
21 -6 -2
52 -6 -2
74 -6 -2
74 -6 -2
37 -6 -2
37 -6 -2
37 -6 -2
37 -6 -2
37 -6 -2
37 -6 -2
37 -6 -2
37 -6 -2
37 -6 -2
37 -6 -2
37 -6 -2
0 8 0
26 8 0
44 8 0
32 8 0
32 8 0
44 8 0
44 8 0
44 8 0
75 8 0
0 8 0
11 8 0
66 8 0
66 8 0
66 8 0
66 8 0
44 8 0
60 8 0
42 8 0
27 8 0
55 8 0
54 8 0
65 8 0
2 8 0
69 8 0
69 8 0
69 8 0
69 8 0
69 8 0
3 8 0
9 8 0
77 8 0
28 8 0
28 8 0
28 8 0
28 8 0
28 8 0
28 8 0
28 8 0
28 8 0
28 8 0
28 8 0
28 8 0
28 8 0
28 8 0
28 8 0
28 8 0
28 8 0
28 8 0
26 8 0
16 8 0
38 8 0
21 8 0
13 8 0
40 8 0
40 8 0
40 8 0
32 8 0
41 8 0
76 8 0
19 8 0
72 8 0
63 8 0
63 8 0
63 8 0
24 8 0
46 8 0
29 8 0
40 8 0
34 8 0
36 8 0
51 8 0
51 8 0
68 8 0
1 8 0
1 8 0
1 8 0
30 8 0
20 8 0
49 8 0
22 8 0
8 8 0
59 8 0
69 8 0
5 8 0
7 8 0
7 8 0
44 8 0
44 8 0
44 8 0
44 8 0
44 8 0
44 8 0
28 8 0
28 8 0
62 8 0
62 8 0
74 8 0
52 8 0
8 8 0
44 8 0
61 8 0
47 8 0
47 8 0
47 8 0
47 8 0
47 8 0
7 8 0
3 8 0
3 8 0
40 8 0
6 8 0
70 8 0
70 8 0
64 8 0
4 8 0
15 8 0
15 8 0
46 8 0
30 8 0
48 8 0
48 8 0
48 8 0
64 8 0
22 8 0
22 8 0
50 8 0
25 8 0
25 8 0
25 8 0
25 8 0
39 8 0
39 8 0
10 8 0
74 8 0
74 8 0
74 8 0
46 8 0
47 8 0
47 8 0
38 8 0
69 8 0
6 8 0
6 8 0
6 8 0
6 8 0
6 8 0
6 8 0
6 8 0
6 8 0
6 8 0
57 4 5
50 4 5
50 4 5
52 4 5
67 4 5
67 4 5
47 4 5
47 4 5
47 4 5
47 4 5
47 4 5
47 4 5
47 4 5
47 4 5
47 4 5
10 2 -7
10 2 -7
67 2 -7
72 2 -7
72 2 -7
33 2 -7
67 2 -7
43 2 -7
33 2 -7
44 2 -7
32 2 -7
20 2 -7
4 2 -7
4 2 -7
4 2 -7
4 2 -7
4 2 -7
4 2 -7
48 2 -7
32 2 -7
44 2 -7
66 2 -7
66 2 -7
66 2 -7
66 2 -7
36 2 -7
32 2 -7
32 2 -7
32 2 -7
32 2 -7
32 2 -7
32 2 -7
49 2 -7
33 2 -7
3 2 -7
3 2 -7
75 2 -7
24 2 -7
24 2 -7
24 2 -7
77 2 -7
77 2 -7
77 2 -7
77 2 -7
77 2 -7
20 2 -7
20 2 -7
20 2 -7
68 2 -7
72 2 -7
10 2 -7
30 2 -7
73 2 -7
73 2 -7
73 2 -7
73 2 -7
73 2 -7
73 2 -7
73 2 -7
73 2 -7
51 2 -7
51 2 -7
51 2 -7
51 2 -7
51 2 -7
51 2 -7
51 2 -7
51 2 -7
20 2 -7
73 2 -7
49 2 -7
49 2 -7
32 2 -7
39 2 -7
33 2 -7
33 2 -7
33 2 -7
60 2 -7
60 2 -7
60 2 -7
60 2 -7
60 2 -7
60 2 -7
60 2 -7
60 2 -7
60 2 -7
60 2 -7
57 -3 7
52 -3 7
52 -3 7
52 -3 7
57 -3 7
57 -3 7
50 -3 7
50 -3 7
50 -3 7
50 -3 7
50 -3 7
50 -3 7
50 -3 7
67 -3 7
57 -3 7
57 -3 7
52 -3 7
29 -3 7
61 -3 7
61 -3 7
61 -3 7
39 -3 7
39 -3 7
78 -3 7
67 -3 7
46 -3 7
64 -3 7
29 -3 7
39 -3 7
39 -3 7
39 -3 7
59 -3 7
59 -3 7
59 -3 7
19 -3 7
67 -3 7
62 -3 7
57 -3 7
43 -3 7
40 -3 7
15 -3 7
62 -3 7
61 -3 7
64 -3 7
7 -3 7
50 -3 7
21 -3 7
21 -3 7
52 -3 7
30 -3 7
30 -3 7
30 -3 7
69 -3 7
69 -3 7
69 -3 7
69 -3 7
69 -3 7
69 -3 7
69 -3 7
69 -3 7
69 -3 7
69 -3 7
69 -3 7
69 -3 7
69 -3 7
69 -3 7
69 -3 7
69 -3 7
69 -3 7
69 -3 7
69 -3 7
69 -3 7
69 -3 7
69 -3 7
69 -3 7
69 -3 7
69 -3 7
69 -3 7
69 -3 7
69 -3 7
69 -3 7
76 -3 7
1 -3 7
1 -3 7
1 -3 7
1 -3 7
1 -3 7
49 -3 7
7 -3 7
7 -3 7
7 -3 7
11 -3 7
23 -3 7
72 -3 7
75 -3 7
5 -3 7
31 -3 7
30 -3 7
36 -3 7
36 -3 7
36 -3 7
54 -3 7
20 -3 7
51 -3 7
70 -3 7
77 -3 7
57 -3 7
4 -3 7
4 -3 7
40 -3 7
43 -3 7
48 -3 7
48 -3 7
41 -3 7
41 -3 7
41 -3 7
50 -3 7
55 -3 7
34 -3 7
34 -3 7
34 -3 7
52 -3 7
0 -3 7
0 -3 7
22 -3 7
22 -3 7
9 -3 7
31 -3 7
66 -3 7
65 -3 7
77 -3 7
38 -3 7
38 -3 7
38 -3 7
67 -3 7
2 -3 7
59 -3 7
59 -3 7
3 -3 7
68 -3 7
16 -3 7
44 -3 7
48 -3 7
48 -3 7
13 -3 7
30 -3 7
36 -3 7
74 -3 7
32 -3 7
78 -3 7
1 -3 7
1 -3 7
1 -3 7
75 -3 7
75 -3 7
75 -3 7
75 -3 7
75 -3 7
75 -3 7
75 -3 7
75 -3 7
75 -3 7
75 -3 7
8 -3 7
42 -3 7
63 -3 7
27 -3 7
10 -3 7
10 -3 7
59 -3 7
13 -3 7
21 -3 7
21 -3 7
21 -3 7
21 -3 7
21 -3 7
21 -3 7
21 -3 7
21 -3 7
21 -3 7
24 -3 7
68 -3 7
39 -3 7
78 -3 7
71 -3 7
30 -3 7
62 -3 7
62 -3 7
30 -3 7
5 -3 7
9 -3 7
28 -3 7
28 -3 7
63 -3 7
14 -3 7
14 -3 7
78 -3 7
39 -3 7
39 -3 7
61 -3 7
53 -3 7
22 -3 7
22 -3 7
22 -3 7
22 -3 7
22 -3 7
22 -3 7
22 -3 7
22 -3 7
22 -3 7
22 -3 7
22 -3 7
22 -3 7
22 -3 7
22 -3 7
22 -3 7
22 -3 7
22 -3 7
22 -3 7
22 -3 7
22 -3 7
22 -3 7
22 -3 7
22 -3 7
22 -3 7
22 -3 7
22 -3 7
22 -3 7
22 -3 7
22 -3 7
22 -3 7
22 -3 7
22 -3 7
22 -3 7
22 -3 7
22 -3 7
22 -3 7
22 -3 7
22 -3 7
22 -3 7
22 -3 7
22 -3 7
22 -3 7
22 -3 7
22 -3 7
22 -3 7
31 -3 7
19 -3 7
19 -3 7
54 -3 7
54 -3 7
24 -3 7
22 -3 7
22 -3 7
22 -3 7
22 -3 7
22 -3 7
22 -3 7
22 -3 7
22 -3 7
22 -3 7
22 -3 7
42 -3 7
77 -3 7
46 -3 7
41 -3 7
59 -3 7
59 -3 7
69 -3 7
19 -3 7
67 -3 7
15 -3 7
43 -3 7
51 -3 7
64 -3 7
0 -3 7
4 -3 7
78 -3 7
78 -3 7
78 -3 7
78 -3 7
78 -3 7
78 -3 7
78 -3 7
78 -3 7
38 -3 7
72 -3 7
21 -3 7
62 -3 7
23 -3 7
16 -3 7
31 -3 7
75 -3 7
21 -3 7
13 -3 7
63 -3 7
43 -3 7
47 -3 7
78 -3 7
78 -3 7
78 -3 7
78 -3 7
78 -3 7
44 -3 7
7 -3 7
7 -3 7
41 -3 7
41 -3 7
66 -3 7
48 -3 7
76 -3 7
76 -3 7
70 -3 7
48 -3 7
48 -3 7
48 -3 7
48 -3 7
49 -3 7
61 -3 7
75 -3 7
21 -3 7
30 -3 7
14 -3 7
38 -3 7
41 -3 7
41 -3 7
57 -3 7
10 -3 7
29 -3 7
70 -3 7
70 -3 7
70 -3 7
70 -3 7
70 -3 7
70 -3 7
70 -3 7
66 -3 7
52 -3 7
42 -3 7
22 -3 7
42 -3 7
23 -3 7
2 -3 7
47 -3 7
47 -3 7
47 -3 7
76 -3 7
76 -3 7
13 -3 7
13 -3 7
13 -3 7
13 -3 7
13 -3 7
13 -3 7
16 -3 7
31 -3 7
31 -3 7
31 -3 7
46 -3 7
27 -3 7
27 -3 7
74 -3 7
8 -3 7
8 -3 7
41 -3 7
41 -3 7
74 -3 7
22 -3 7
9 -3 7
9 -3 7
9 -3 7
9 -3 7
9 -3 7
9 -3 7
9 -3 7
9 -3 7
9 -3 7
9 -3 7
9 -3 7
9 -3 7
9 -3 7
9 -3 7
22 -4 6
22 -4 6
22 -4 6
69 -4 6
69 -4 6
69 -4 6
69 -4 6
69 -4 6
69 -4 6
69 -4 6
69 -4 6
69 -4 6
69 -4 6
69 -4 6
69 -4 6
22 -4 6
22 -4 6
22 -4 6
22 -4 6
50 -4 6
50 -4 6
57 -4 6
78 -4 6
57 -4 6
52 -4 6
69 -4 6
75 -4 6
22 -4 6
22 -4 6
39 -4 6
21 -4 6
57 -4 6
69 -4 6
69 -4 6
59 -4 6
67 -4 6
22 -4 6
22 -4 6
9 -4 6
1 -4 6
52 -4 6
52 -4 6
43 -4 6
57 -4 6
70 -4 6
61 -4 6
78 -4 6
78 -4 6
78 -4 6
78 -4 6
78 -4 6
78 -4 6
78 -4 6
78 -4 6
78 -4 6
78 -4 6
22 -4 6
31 -4 6
31 -4 6
29 -4 6
29 -4 6
29 -4 6
29 -4 6
29 -4 6
29 -4 6
7 -4 6
7 -4 6
48 -4 6
48 -4 6
48 -4 6
48 -4 6
41 -4 6
69 -4 6
78 -4 6
78 -4 6
30 -4 6
13 -4 6
13 -4 6
13 -4 6
13 -4 6
13 -4 6
64 -4 6
76 -4 6
19 -4 6
76 -4 6
62 -4 6
15 -4 6
46 -4 6
46 -4 6
69 -4 6
69 -4 6
69 -4 6
30 -4 6
30 -4 6
30 -4 6
69 -4 6
69 -4 6
69 -4 6
78 -4 6
23 -4 6
23 -4 6
23 -4 6
23 -4 6
39 -4 6
38 -4 6
43 -4 6
43 -4 6
77 -4 6
77 -4 6
36 -4 6
5 -4 6
53 -4 6
53 -4 6
53 -4 6
4 -4 6
40 -4 6
40 -4 6
50 -4 6
49 -4 6
49 -4 6
49 -4 6
49 -4 6
72 -4 6
59 -4 6
54 -4 6
69 -4 6
69 -4 6
69 -4 6
69 -4 6
69 -4 6
69 -4 6
9 -4 6
71 -4 6
34 -4 6
34 -4 6
34 -4 6
34 -4 6
34 -4 6
34 -4 6
34 -4 6
34 -4 6
34 -4 6
34 -4 6
34 -4 6
34 -4 6
34 -4 6
69 -5 5
22 -5 5
69 -5 5
22 -5 5
78 -5 5
22 -5 5
22 -5 5
78 -5 5
50 -5 5
53 -5 5
52 -5 5
57 -5 5
22 -5 5
78 -5 5
78 -5 5
78 -5 5
78 -5 5
78 -5 5
78 -5 5
78 -5 5
34 -5 5
57 -5 5
57 -5 5
78 -5 5
78 -5 5
43 -5 5
43 -5 5
29 -5 5
29 -5 5
29 -5 5
29 -5 5
29 -5 5
29 -5 5
29 -5 5
29 -5 5
29 -5 5
29 -5 5
29 -5 5
53 -7 3
53 -7 3
53 -7 3
53 -7 3
53 -7 3
53 -7 3
53 -7 3
53 -7 3
53 -7 3
44 8 -2
44 8 -2
44 8 -2
44 8 -2
44 8 -2
44 8 -2
44 8 -2
44 8 -2
44 8 -2
44 8 -2
1 -11 0
2 -13 5
3 2 -12
4 -6 -8
5 -9 -5
7 7 4
8 -9 -10
10 0 -12
11 13 -14
13 -9 9
15 -10 -2
16 -9 -7
19 2 11
20 0 -12
21 4 8
22 -6 6
24 -5 -9
27 -11 0
28 10 1
30 4 8
32 5 -6
36 -5 -9
38 -9 9
39 2 10
40 7 4
41 -9 9
42 -11 13
43 -6 -5
46 -9 2
48 -6 -5
49 0 -12
50 0 11
51 5 -6
52 0 11
54 -11 13
55 -11 -5
57 0 11
59 2 10
61 7 4
62 7 4
63 10 1
64 -9 2
65 11 -9
66 5 -6
67 -6 -5
68 -6 -8
69 -6 6
70 -9 -5
71 -6 -5
72 5 -6
74 -10 -2
75 -9 9
76 -9 9
77 4 -10
0 -11 -5
1 10 1
2 -13 5
3 2 -12
4 5 -6
5 -5 -9
7 10 1
8 -9 -10
10 -6 -8
11 14 -14
13 0 11
15 -6 -8
16 11 -9
19 2 11
20 0 -12
21 2 10
22 -6 9
24 -5 -9
27 -11 0
28 10 1
30 2 10
32 -6 -5
36 -9 -7
38 14 -14
39 10 6
40 12 -1
41 -9 9
42 14 -14
43 -6 -5
46 -9 2
48 -6 -8
49 0 -12
50 2 10
51 0 -12
52 0 11
54 -11 13
55 -11 0
57 2 10
59 2 10
61 2 10
62 2 10
63 9 10
64 -9 2
65 9 10
66 5 -6
67 -6 -5
68 -11 0
69 -6 6
70 -9 -5
71 -10 -2
72 4 -10
74 -11 0
75 -9 9
76 9 10
77 4 -10
0 -9 -5
1 2 10
2 14 4
3 2 -12
4 -6 -5
5 -5 -9
7 2 10
8 -9 -10
10 -5 -9
11 9 10
13 9 10
15 -6 -5
16 11 -9
19 2 11
20 0 -12
21 0 11
22 -7 8
24 -5 -9
27 -10 1
28 10 1
30 -9 9
32 2 -12
36 0 -12
38 13 -14
39 0 11
40 12 -1
41 -9 9
42 14 -14
43 -6 -5
46 -9 2
48 -9 -5
49 0 -12
50 4 8
51 2 -12
52 2 10
54 -11 13
55 -12 1
57 4 8
59 4 8
61 14 4
62 2 10
63 -9 9
64 -9 2
65 -13 5
66 10 -3
67 -5 -9
68 5 -6
69 -6 6
70 -6 -5
71 -10 -2
72 4 -10
74 -6 -5
75 2 10
76 14 4
77 5 -6
0 -5 -9
1 -9 9
2 -9 9
3 2 -12
4 5 -6
5 -13 5
7 4 8
8 -9 -10
10 5 -6
11 -13 5
13 9 10
15 -6 -5
16 -13 5
19 2 11
20 0 -12
21 -9 9
22 -6 9
24 -5 -9
27 -10 1
28 10 1
30 0 11
32 -6 -8
36 0 -12
38 13 -14
39 7 4
40 12 -1
41 -12 8
42 13 -14
43 -6 -8
46 -10 1
48 -6 -5
49 5 -6
50 -7 8
51 2 -12
52 0 11
54 -12 12
55 11 -9
57 -10 1
59 -9 9
61 11 -9
62 0 11
63 -9 9
64 -9 2
65 -11 13
66 2 -12
67 5 -6
68 -9 9
69 -6 6
70 -11 -5
71 -10 -2
72 8 -6
74 -9 -5
75 2 10
76 11 -9
77 2 -12
0 -5 -9
1 -9 9
2 11 -9
3 4 -10
4 2 -12
5 11 -9
7 4 8
8 -9 -10
10 5 -6
11 14 4
13 9 10
15 -9 -5
16 -13 5
19 2 11
20 0 -12
21 11 -9
22 -6 9
24 -5 -9
27 -11 -5
28 10 1
30 0 11
32 -6 -8
36 0 -12
38 11 -9
39 7 4
40 10 -3
41 -6 14
42 13 -14
43 -9 -5
46 -11 0
48 -6 -5
49 -9 9
50 11 -9
51 2 -12
52 11 -9
54 -12 12
55 -9 9
57 -10 1
59 -9 9
61 10 -9
62 2 10
63 11 -9
64 -9 2
65 -9 9
66 14 4
67 -6 -5
68 11 -9
69 -6 6
70 -9 9
71 -10 -2
72 4 -10
74 -9 -5
75 2 10
76 -13 5
77 -9 9
0 -5 -9
1 -12 8
2 6 -14
3 10 1
4 -5 -9
5 -9 9
7 4 8
8 -9 -10
10 4 -10
11 11 -9
13 9 10
15 -11 0
16 -13 5
19 2 11
20 0 -12
21 4 8
22 -6 9
24 -5 -9
27 -12 1
28 10 1
30 0 11
32 -6 -8
36 0 -12
38 12 -10
39 7 4
40 10 -3
41 -6 14
42 13 -14
43 5 -6
46 -11 0
48 -9 -7
49 -13 5
50 7 4
51 2 -12
52 14 4
54 -12 12
55 12 8
57 -10 1
59 -12 8
61 10 -9
62 5 -6
63 -13 5
65 -6 14
66 -13 5
67 2 10
68 11 5
69 -6 6
70 2 10
71 -10 -2
72 4 -10
74 -9 -5
75 2 10
76 14 -14
77 -9 9
0 -5 -9
1 -10 1
2 3 13
3 10 4
4 4 -10
5 -9 9
7 4 8
8 -9 -10
10 -9 -7
11 11 -9
13 9 10
15 -11 0
16 -13 5
19 2 11
20 0 -12
21 4 8
22 -6 9
24 -5 -9
27 11 -9
28 10 1
30 0 11
32 -6 -8
36 5 -6
38 12 -10
39 11 -9
40 10 -3
41 -6 14
42 13 -14
43 -10 -2
46 -11 0
48 -10 -2
49 3 13
50 -9 9
51 2 -12
52 7 4
54 -12 12
55 6 -14
57 -10 1
59 -13 5
61 10 -9
62 -13 5
63 -11 -5
65 -6 14
66 7 4
67 0 11
68 11 6
69 -6 6
70 -10 -2
71 -6 -5
72 4 -10
74 -11 -5
75 2 10
76 14 -14
77 -13 5
0 -13 5
1 -10 -2
2 14 -14
3 10 4
4 8 -6
5 -9 9
7 4 8
8 -9 -10
10 5 -6
11 11 -9
13 9 10
15 -9 -7
16 14 4
19 2 11
20 0 -12
21 4 8
22 -6 9
24 -5 -9
27 11 -9
28 10 1
30 0 11
32 -6 -8
36 -13 5
38 -14 -11
39 11 -9
40 12 -1
41 11 -9
42 -14 -11
43 -10 -2
46 -11 0
48 -10 1
49 11 -9
50 -9 9
51 2 -12
52 7 4
54 -12 12
55 6 -14
57 7 4
59 -9 9
61 10 -9
62 11 -9
63 -11 13
65 -6 14
66 7 4
67 0 11
68 8 -6
69 -6 6
70 5 -6
71 -6 -5
72 5 -6
74 -11 -5
75 2 10
76 13 -14
77 -13 5
0 11 -9
1 11 -9
2 13 -14
3 5 -6
4 -9 -5
5 -9 9
7 4 8
8 -9 -7
10 2 -12
11 10 -9
13 9 10
15 -9 -7
16 -12 8
19 2 11
20 0 -12
21 7 4
22 -6 9
24 -5 -9
27 10 -9
28 10 1
30 0 11
32 -6 -8
36 11 -9
38 10 -9
39 -13 5
40 12 -1
41 5 -6
42 11 -9
43 -5 -9
46 -11 0
48 -10 1
49 -5 -9
50 -12 8
51 2 -12
52 10 6
54 -12 12
55 6 -14
57 -10 -2
59 11 -9
61 11 -9
62 8 -6
63 7 4
65 -6 14
66 11 6
67 0 11
68 5 -6
69 -6 6
70 -5 -9
71 -6 -5
72 5 -6
74 -9 -7
75 2 10
76 -9 -10
77 -13 5
0 14 4
1 -13 5
2 13 -14
3 -13 5
4 -9 -5
5 -9 9
7 7 4
8 -9 -7
10 -6 -5
11 11 -9
13 9 10
15 -9 -7
16 -9 9
19 2 11
20 0 -12
21 12 8
22 -6 9
24 -9 -10
27 12 -10
28 10 1
30 2 11
32 -6 -8
36 11 -9
38 10 -9
39 -9 9
40 12 -1
41 -9 -10
42 7 -14
43 -5 -9
46 -11 0
48 -10 1
49 1 14
50 -6 9
51 2 -12
52 -9 9
54 -12 12
55 6 -14
57 -10 -2
59 11 -9
61 10 -9
62 10 -9
63 6 -14
65 -6 14
66 -9 9
67 0 11
68 5 -6
69 -6 6
70 4 8
71 -10 -2
72 5 -6
74 -6 -5
75 2 10
76 7 4
77 -13 5
0 14 4
1 7 4
2 14 -14
3 -9 9
4 -9 -5
5 -12 8
7 0 11
8 -5 -9
10 -9 9
11 -13 5
13 9 10
15 -5 -9
16 11 6
19 2 11
20 0 -12
21 12 8
22 -7 8
24 -5 -9
27 12 -10
28 10 1
30 4 8
32 -6 -8
36 11 -9
38 10 -9
39 14 -14
40 11 -9
41 -9 -10
42 -13 5
43 -1 -2
46 -11 0
48 -10 1
49 1 14
50 -13 5
51 4 -10
52 11 6
54 -12 12
55 7 -14
57 -11 -5
59 -6 9
61 12 -10
62 10 -9
63 6 -14
65 -6 14
66 4 -10
67 2 10
68 5 -6
70 4 8
71 -10 -2
72 5 -6
74 7 4
75 2 10
76 -6 9
77 -13 5
0 -9 9
1 -6 9
2 -9 -10
3 14 4
4 -9 -5
5 -12 8
7 2 10
8 -13 -11
10 -13 5
11 -9 9
13 9 10
15 11 -9
16 -5 -9
19 2 11
20 0 -12
21 12 8
22 0 11
24 -9 -7
27 12 -10
28 10 1
30 4 8
32 -6 -8
36 4 -10
38 10 -9
39 -9 -10
40 11 -9
41 -9 -10
42 12 8
43 5 -6
46 -11 0
48 -10 1
49 1 14
50 -9 -10
51 1 14
52 11 6
54 -12 12
55 6 -14
57 -11 -5
59 -11 13
61 12 -10
62 10 -9
63 7 -14
65 -6 14
66 4 -10
67 -5 -9
68 4 -10
70 7 4
71 -10 -2
72 2 -12
74 7 4
75 2 11
76 3 13
77 -13 5
0 7 4
1 -6 9
2 -11 -5
3 7 4
4 -9 -5
5 -11 13
7 2 10
8 -14 -11
10 7 4
11 -9 9
13 9 10
15 11 -9
16 -5 -9
19 2 10
21 10 6
22 -7 8
24 -9 -7
27 -14 -11
28 10 1
30 4 8
36 14 -14
38 10 -9
39 -9 -10
40 11 -9
41 -5 -9
42 14 -14
43 5 -6
46 -11 0
48 -10 1
49 2 10
50 12 -1
51 1 14
52 11 6
54 -12 12
55 6 -14
57 -11 0
59 5 -6
61 12 -10
62 10 -9
63 7 -14
65 -6 14
66 7 4
67 -5 -9
68 4 -10
70 11 -9
71 -10 -2
72 2 -12
74 -9 -10
75 4 8
76 3 13
77 -13 5
0 7 4
1 -6 9
2 9 10
3 12 -1
4 -9 -5
5 -11 13
7 2 11
8 -9 -5
10 11 -9
11 -9 9
13 9 10
15 11 -9
16 -12 1
19 2 10
21 12 8
22 -7 8
24 -6 -5
27 -14 -11
28 10 1
30 7 4
36 2 10
38 11 -9
39 -5 -9
40 10 -3
41 -14 -11
42 14 -14
43 4 -10
46 -11 0
48 -11 0
49 6 -14
50 -11 -5
51 2 10
52 11 6
54 -12 12
55 9 -13
57 -11 0
59 -7 8
61 12 -10
62 10 -9
63 7 -14
65 -6 14
66 11 -9
67 -9 -7
68 -5 -9
70 11 -9
71 -10 -2
72 2 -12
74 -9 -5
75 4 8
76 3 13
77 -13 5
0 7 4
1 -7 8
2 -14 -11
3 12 -1
4 -9 -7
5 12 8
7 -9 9
8 -11 13
10 -9 -7
11 -9 9
13 9 10
15 5 -6
16 -11 0
19 0 11
21 -7 8
22 0 11
24 -9 -10
27 -9 9
30 1 14
36 -9 9
38 10 -13
39 -5 -9
40 10 -3
41 7 4
42 -9 9
43 -10 1
46 -12 1
48 -9 9
49 7 4
50 5 -6
51 4 -10
52 11 6
54 -12 12
55 9 -13
57 -9 -5
59 -7 8
61 12 -10
62 10 -9
63 7 -14
65 -6 14
66 -14 -11
67 7 4
68 -5 -9
70 11 -9
71 -10 -2
72 2 -12
74 -9 -7
75 0 11
76 3 13
77 -13 5
0 10 4
1 -11 13
2 7 4
3 10 -3
4 -11 -5
5 5 -6
7 11 -9
8 11 -9
10 -9 9
11 -12 8
13 9 10
15 7 4
16 -11 0
19 2 11
21 -12 8
22 0 11
24 -9 -10
27 11 -9
30 11 -9
36 -9 9
38 5 -6
39 -5 -9
40 10 -3
41 2 10
42 7 4
43 -9 -7
46 -12 1
48 -9 -5
49 -9 -7
50 -11 13
51 7 4
52 11 6
54 -12 12
55 1 14
57 -9 -5
59 -7 8
61 12 -10
62 10 -9
63 7 -14
65 -6 14
66 10 4
67 4 8
68 -5 -9
70 11 -9
72 2 -12
74 11 -9
75 4 8
76 3 13
77 -13 5
0 -6 -5
1 14 4
2 5 -6
3 10 -3
4 -6 -5
5 7 4
7 10 6
8 11 -9
10 -9 9
11 7 4
15 -14 -11
16 7 4
19 2 11
21 5 -6
22 -9 9
24 -9 -10
27 7 4
30 -13 5
36 7 4
38 4 -10
39 -5 -9
40 8 -6
41 -9 -7
42 11 6
43 8 -6
46 -10 1
48 -9 -7
49 4 -10
50 -11 13
51 7 4
52 11 5
55 7 4
57 -9 -5
59 -7 8
61 12 -10
63 7 -14
65 -6 14
66 11 5
67 4 8
68 -9 -7
70 0 11
72 2 -12
74 8 -6
75 -6 9
76 3 13
77 -13 5
0 5 -6
1 11 5
2 -11 0
3 12 -1
4 -9 -5
5 -6 -5
7 10 6
8 11 -9
10 -12 8
11 -11 13
15 -14 -11
16 5 -6
19 2 11
21 5 -6
22 -9 9
24 -9 -10
27 7 4
30 -6 9
36 -11 13
38 10 -3
39 -5 -9
40 10 4
41 4 -10
42 10 -13
43 7 4
46 -10 1
48 -11 -5
49 4 -10
50 -11 13
51 7 4
52 4 8
55 7 4
57 -9 -5
59 -7 8
61 12 -10
63 6 -14
65 -6 14
66 -9 -5
67 4 8
68 7 4
70 0 11
72 2 -12
74 8 -6
75 2 10
76 3 13
77 -13 5
0 4 8
1 14 4
2 2 10
3 12 -1
4 -11 0
5 -6 -5
7 11 6
8 11 -9
10 8 -6
11 5 -6
15 -14 -11
16 14 -14
19 2 11
21 5 -6
22 -9 9
24 -9 -10
27 -9 -5
30 5 -6
36 -11 13
38 -13 -11
39 -5 -9
40 10 4
41 -11 13
42 9 -13
43 7 4
46 -10 1
48 -11 -5
49 4 -10
50 -11 13
51 7 -14
52 12 8
55 7 4
57 -9 -7
59 5 -6
61 10 -13
63 6 -14
65 -6 14
66 -11 13
67 4 8
68 -5 -9
70 12 -10
74 11 -9
75 5 -6
76 3 13
77 -13 5
0 14 -14
1 12 8
2 1 14
3 12 -1
4 -11 0
5 -6 -5
7 12 8
8 12 -10
10 -11 13
11 4 -10
15 -14 -11
16 13 -14
19 2 11
21 11 -9
22 -9 9
24 -9 -10
27 11 6
30 -9 -7
36 -6 -5
38 2 10
39 -5 -9
40 10 4
41 8 -6
42 12 -10
43 7 4
46 -12 2
48 -11 -5
49 7 -14
50 -11 13
51 11 -9
52 -11 13
55 7 4
57 -9 -7
59 5 -6
61 10 -13
63 9 -13
65 -6 14
66 -11 13
67 -9 -5
68 -6 -5
70 -9 -7
74 5 -6
75 5 -6
77 -13 5
0 14 -14
1 -9 -5
2 -11 13
3 12 -1
4 -10 1
5 -11 -5
7 12 8
8 12 -10
10 -6 9
11 6 -14
15 -14 -11
16 -11 -5
19 2 11
21 11 -9
22 -9 9
24 -9 -10
27 4 -10
30 -9 -5
36 7 4
38 2 10
39 -5 -9
40 10 4
41 -11 -5
42 5 -6
43 -6 -5
46 -12 1
48 5 -6
49 -11 13
50 14 -14
51 4 -10
52 6 -14
55 7 4
57 -6 -5
59 8 -6
61 13 -14
63 9 -13
65 -6 14
66 -6 -5
67 7 4
68 10 -3
70 -6 -5
74 10 -3
75 1 14
77 -13 5
0 13 -14
1 -9 -5
2 -11 13
3 12 -1
4 -10 1
5 -6 -5
7 12 8
8 11 -9
10 -6 9
11 12 8
15 -14 -11
16 6 -14
19 2 11
21 8 -6
24 -9 -10
27 4 -10
30 -6 -5
36 12 8
38 2 10
39 -5 -9
40 10 4
41 -11 -5
42 -9 -5
43 11 -9
46 -11 0
48 11 -9
49 -11 13
50 14 -14
51 11 -9
52 12 -1
55 7 4
57 -12 1
59 7 4
61 4 -10
63 9 -13
65 -6 14
66 14 -14
67 0 11
68 14 -14
70 13 -14
74 11 6
75 0 11
77 -13 5
0 6 -14
1 -9 -5
2 -11 13
3 10 -3
4 -10 1
5 14 -14
7 11 6
8 12 -10
10 -6 9
11 12 8
16 12 8
21 8 -6
24 -9 -10
27 4 -10
30 -6 -5
36 9 -13
38 2 10
39 -5 -9
40 10 4
41 -11 -5
42 -9 -5
43 4 8
46 -12 2
48 5 -6
49 12 8
50 13 -14
51 11 -9
52 5 -6
55 7 4
57 -12 1
59 4 -10
61 4 -10
63 10 -13
65 -6 14
66 14 -14
67 11 -9
68 14 -14
70 9 -13
74 -10 1
75 0 11
77 -13 5
0 12 8
1 -6 -5
2 -11 13
3 11 -9
4 -10 1
5 11 -9
7 11 6
8 12 -10
10 -6 9
11 12 -1
16 12 -10
21 8 -6
27 12 8
30 -6 -5
36 12 -10
38 2 10
39 -5 -9
40 10 4
41 -11 -5
42 6 -14
43 11 6
46 -11 -5
48 7 4
49 0 11
50 13 -14
51 11 -9
52 1 14
55 7 4
57 -12 1
59 0 11
61 4 -10
63 10 -13
65 -6 14
66 14 -14
67 12 8
68 11 -9
70 10 -13
74 -9 -5
75 11 -9
77 -13 5
0 7 4
1 -6 -5
2 -11 13
3 11 -9
4 -10 1
5 11 -9
7 11 5
8 12 -10
10 -6 9
11 8 -6
16 -12 2
21 12 -10
27 12 8
30 12 8
36 8 -6
38 2 10
39 -5 -9
40 10 4
41 -11 -5
42 6 -14
43 7 4
46 -11 0
48 -5 -9
49 -6 -5
50 13 -14
51 12 8
52 7 4
55 7 4
57 -12 1
59 12 8
61 4 -10
63 7 -14
65 -6 14
66 14 -14
67 1 14
68 6 -14
70 10 -13
74 12 -10
75 7 4
77 -13 5
0 12 -10
1 -9 -7
2 -11 13
3 11 6
4 -10 1
5 11 -9
7 11 5
8 10 -13
10 -6 9
11 11 6
16 -11 13
21 12 -10
27 6 -14
30 12 8
36 6 -14
38 2 10
39 -5 -9
40 10 4
41 -11 -5
42 7 4
43 11 -9
46 -11 0
48 11 -9
49 -6 -5
50 13 -14
51 11 6
52 1 14
55 4 8
57 -12 1
59 12 8
61 8 -6
63 13 -14
65 -11 13
66 14 -14
67 11 6
68 7 -14
70 14 -14
74 6 -14
75 11 -9
0 -11 13
1 -11 -5
2 -11 13
3 10 -3
4 -10 1
5 11 -9
7 11 5
8 7 4
11 11 6
16 12 -1
21 -7 8
27 10 -3
30 12 8
36 7 -14
38 2 10
39 -6 -5
40 10 4
41 -9 -5
42 7 4
43 -11 -5
46 -9 -5
48 -5 -9
49 -9 -5
50 -13 -11
51 -5 -9
52 7 -14
55 11 6
57 -12 1
59 12 8
61 5 -6
63 4 -10
65 -11 13
66 13 -14
67 5 -6
68 8 -6
70 14 -14
74 6 -14
75 12 -10
0 -11 13
1 7 4
2 -11 13
3 -11 0
4 -11 0
5 11 -9
7 11 5
8 -13 -11
11 12 -10
16 12 -1
21 4 -10
27 8 -6
30 11 6
36 7 -14
39 -5 -9
40 10 4
41 -11 -5
42 7 4
43 -11 -5
46 -9 -5
48 8 -6
49 4 -10
50 7 -14
51 9 -13
52 4 -10
55 10 6
57 -12 1
59 12 8
61 8 -6
63 1 14
65 1 14
66 12 -10
67 -7 8
68 13 -14
70 14 -14
74 6 -14
75 11 -9
0 1 14
1 -5 -9
2 -11 13
3 1 14
4 -10 1
5 11 -9
7 11 5
8 5 -6
11 -6 14
16 12 -1
21 7 4
27 10 6
30 -5 -9
36 7 -14
39 -9 -7
40 10 4
41 -6 -5
42 7 4
43 -11 -5
46 -9 -5
48 10 -3
49 4 -10
50 -11 13
51 -11 13
52 4 -10
55 4 -10
57 -12 1
59 12 8
61 8 -6
63 6 -14
65 -5 -9
66 12 -10
67 -5 -9
68 -11 13
70 14 -14
74 6 -14
75 11 -9
0 4 -10
1 5 -6
2 -11 13
3 1 14
4 -12 2
5 11 -9
7 11 5
8 8 -6
11 -6 14
16 12 -1
21 4 8
27 10 6
30 4 8
36 10 -13
39 -5 -9
40 10 4
41 -6 -5
42 10 4
43 -11 -5
46 -10 1
48 10 -3
49 -6 14
50 4 -10
51 -9 -7
52 -10 1
55 10 4
57 -12 1
59 12 8
61 9 -13
63 6 -14
65 -7 8
66 12 -10
67 -5 -9
68 1 14
70 14 -14
74 6 -14
75 11 -9
0 4 -10
1 -6 -5
2 -12 8
3 7 4
4 -12 2
5 11 -9
7 11 5
8 5 -6
11 -6 14
16 12 -1
21 6 -14
27 10 6
30 4 8
36 -7 8
39 -5 -9
40 10 6
41 -11 0
42 -9 -7
43 -11 -5
46 -11 0
48 8 -6
49 0 11
50 4 -10
51 6 -14
52 -10 1
55 -9 -5
57 -12 1
61 9 -13
63 6 -14
65 -6 14
66 12 -10
67 -11 13
68 -9 -5
70 14 -14
74 7 -14
75 11 -9
0 4 -10
1 6 -14
2 -12 8
3 -9 -7
4 -6 -5
5 11 -9
7 11 5
8 8 -6
11 -6 14
16 12 -1
21 5 -6
27 10 4
30 4 8
36 -6 14
39 -5 -9
40 11 6
41 -11 0
42 -11 0
46 12 -1
48 11 6
49 8 -6
50 4 -10
51 -12 8
52 -10 1
55 5 -6
57 -12 1
61 9 -13
63 1 14
65 -7 8
66 12 -10
67 -11 13
68 9 -13
70 14 -14
74 9 -13
75 11 -9
0 8 -6
1 11 6
2 -6 14
3 -9 -7
4 -9 -5
5 12 -10
7 11 5
8 11 6
11 -6 14
16 10 -3
21 11 6
27 10 4
30 4 8
36 -6 14
39 -5 -9
40 10 6
41 -13 -11
42 -11 0
46 -9 -7
48 10 -3
49 -7 8
50 4 -10
51 -12 8
52 -10 1
55 -11 13
57 -12 1
61 7 -14
63 9 -13
65 -11 13
66 10 -13
67 -6 14
68 9 -13
70 14 -14
74 1 14
75 11 -9
0 8 -6
1 11 6
2 -11 13
3 -9 -7
4 7 4
5 12 -10
7 11 5
8 9 -13
11 -7 8
16 -12 2
21 -9 -5
27 10 4
30 6 -14
36 9 -13
39 -5 -9
40 10 -3
41 -13 -11
42 -5 -9
46 -9 -7
48 12 -10
49 -11 0
50 4 -10
51 -12 8
55 10 -13
61 7 -14
63 1 14
65 -11 13
66 9 -13
67 -11 13
68 -6 14
70 14 -14
74 6 -14
75 11 -9
0 -11 0
1 11 6
2 -13 -11
3 -12 2
4 5 -6
5 10 -13
7 11 5
8 6 -14
11 -11 0
16 8 -6
21 -9 -5
27 10 4
30 9 -13
36 5 -6
39 -5 -9
40 10 -3
41 12 -10
42 -5 -9
46 7 4
48 4 8
49 1 14
50 4 -10
51 -12 8
55 13 -14
61 6 -14
63 8 -6
65 -11 13
66 13 -14
67 6 -14
68 10 -13
74 6 -14
75 11 -9
0 9 -13
1 11 6
2 -13 -11
3 -12 2
4 -11 0
5 8 -6
7 11 5
8 7 4
11 -12 2
16 7 4
21 -9 -5
27 10 4
30 -11 0
36 5 -6
39 -9 -7
40 10 -3
41 12 -10
42 -5 -9
46 -9 -7
48 6 -14
49 12 -10
51 -12 8
55 13 -14
61 8 -6
63 8 -6
66 9 -13
67 4 8
68 0 11
74 7 -14
0 7 -14
2 -13 -11
3 7 4
4 5 -6
5 9 -13
7 11 5
8 13 -14
11 1 14
16 10 6
21 -9 -5
27 10 4
30 10 6
36 5 -6
39 -6 -5
40 10 -3
41 12 -10
42 -5 -9
46 -9 -7
48 6 -14
49 9 -13
51 -12 8
55 12 -10
61 8 -6
63 8 -6
66 8 -6
67 7 4
68 0 11
74 10 -13
0 7 -14
2 7 -14
3 8 -6
4 6 -14
5 -13 -11
7 11 5
8 13 -14
11 -11 0
16 10 4
21 -9 -5
27 14 4
30 10 6
36 5 -6
39 -5 -9
41 9 -13
42 -5 -9
46 14 4
48 9 -13
49 -12 2
51 -12 8
55 12 -10
61 6 -14
63 4 8
66 8 -6
67 7 4
68 0 11
74 6 -14
0 10 -13
2 7 -14
3 -6 -5
4 1 14
5 -13 -11
7 11 5
8 13 -14
11 -11 0
16 10 4
21 -9 -5
27 7 4
30 10 6
36 5 -6
39 -5 -9
41 -13 -11
42 -5 -9
46 14 4
48 9 -13
49 -6 14
51 -12 8
55 12 -10
61 6 -14
63 4 8
66 10 -13
67 9 -13
68 0 11
74 6 -14
0 -12 2
2 7 -14
3 -6 -5
4 1 14
5 13 -14
7 11 5
8 9 -13
11 -11 0
16 10 4
21 -9 -5
27 7 4
30 10 6
36 5 -6
39 -9 -7
41 -13 -11
46 14 4
48 7 4
49 -6 14
51 -12 8
55 12 -10
61 9 -13
63 4 8
66 10 -13
67 -11 0
68 0 11
74 6 -14
0 12 -1
2 9 -13
3 7 4
4 1 14
5 13 -14
7 11 5
8 7 -14
11 -11 0
16 7 4
21 -9 -5
27 12 -1
30 10 6
36 5 -6
39 -9 -7
41 -13 -11
46 14 4
48 -12 2
49 -6 14
51 -12 8
55 12 -10
61 8 -6
63 4 8
66 10 -13
67 -11 0
68 0 11
74 6 -14
0 -9 -7
2 9 -13
3 6 -14
4 12 -10
5 13 -14
7 11 5
8 13 -14
11 12 -1
16 10 4
27 14 4
36 5 -6
39 -6 -5
41 -13 -11
46 14 4
48 0 11
49 -6 14
55 -13 -11
61 8 -6
63 4 8
66 10 -13
67 -12 2
68 0 11
74 6 -14
0 -9 -7
2 9 -13
3 6 -14
4 14 4
5 13 -14
7 11 5
8 13 -14
11 -9 -7
16 10 4
27 14 4
36 5 -6
39 -6 -5
41 12 -1
46 14 4
48 0 11
49 -6 14
55 7 -14
61 6 -14
63 4 8
66 10 -13
67 12 -10
68 12 -1
74 6 -14
0 8 -6
2 9 -13
3 12 -1
4 12 -1
5 13 -14
7 11 5
8 -13 -11
11 -12 2
16 10 4
27 14 4
36 5 -6
39 -6 14
41 6 -14
46 -6 -5
48 0 11
49 -6 14
55 7 -14
61 12 -1
63 4 8
66 10 -13
67 12 -10
68 6 -14
74 6 -14
0 -6 14
2 9 -13
3 -6 14
4 -6 14
7 11 5
8 -13 -11
11 -12 2
16 10 4
27 14 4
36 5 -6
39 -6 -5
41 -6 14
46 12 -1
48 0 11
49 -6 -5
55 7 -14
61 7 4
63 4 8
66 10 -13
67 12 -10
68 1 14
74 -6 14
0 -9 -7
2 9 -13
3 7 -14
4 -9 -7
7 11 5
8 -13 -11
11 12 -10
16 10 4
27 14 4
36 5 -6
39 -6 14
41 -12 2
46 5 -6
48 0 11
49 -6 -5
55 6 -14
61 5 -6
63 4 8
66 10 -13
67 12 -1
68 12 -10
74 12 -1
0 -9 -7
2 9 -13
3 7 -14
4 7 -14
7 11 5
11 5 -6
16 10 4
27 14 4
36 8 -6
39 -6 14
41 -9 -7
46 -12 2
48 0 11
49 12 -1
55 12 -1
61 5 -6
63 4 8
66 10 -13
67 -6 -5
68 12 -10
74 7 -14
0 -12 2
2 9 -13
3 12 -10
4 7 -14
7 11 5
11 5 -6
16 10 4
36 5 -6
39 -6 14
41 12 -1
46 6 -14
48 0 11
49 5 -6
55 8 -6
61 7 -14
63 4 8
67 -6 -5
68 7 -14
74 1 14
0 -11 0
2 9 -13
3 12 -10
4 5 -6
11 7 -14
16 10 4
36 6 -14
41 12 -1
46 12 -10
48 0 11
49 5 -6
55 -9 -7
61 12 -1
63 4 8
67 -6 -5
68 12 -1
74 1 14
0 5 -6
2 9 -13
3 8 -6
4 5 -6
11 7 -14
36 12 -1
41 7 -14
46 12 -10
48 0 11
49 6 -14
55 -9 -7
61 12 -10
63 4 8
67 -6 -5
68 -12 2
74 1 14
0 5 -6
3 8 -6
4 7 -14
11 12 -1
36 12 -1
41 -7 8
46 12 -1
48 0 11
49 7 4
55 -9 -7
61 5 -6
63 4 8
67 -6 -5
68 -12 2
74 1 14
0 5 -6
3 8 -6
4 5 -6
11 5 -6
36 12 -1
41 -7 8
46 7 -14
49 7 4
55 12 -10
61 -9 -7
67 -6 -5
68 -12 2
0 7 -14
3 8 -6
4 -9 -7
11 -9 -7
36 12 -1
41 -7 8
46 7 -14
49 7 4
55 12 -10
61 -11 0
67 -6 -5
68 -12 2
0 5 -6
3 8 -6
4 12 -1
11 -9 -7
36 12 -1
41 -7 8
46 7 -14
49 7 4
55 12 -10
61 -11 0
68 -12 2
0 5 -6
3 8 -6
4 5 -6
11 -9 -7
36 12 -1
41 -7 8
46 7 -14
49 7 4
55 12 -10
61 -9 -7
0 -9 -7
4 6 -14
11 -9 -7
36 12 -1
41 -7 8
46 7 -14
49 7 4
55 12 -10
61 6 -14
0 5 -6
3 8 -6
4 6 -14
11 7 4
36 12 -1
41 -7 8
46 7 -14
49 7 4
55 12 -10
61 5 -6
0 6 -14
4 5 -6
11 12 -10
46 12 -10
49 7 4
55 12 -10
61 7 -14
0 6 -14
4 5 -6
11 -9 -10
46 -9 -7
49 7 4
55 12 -10
61 -6 14
0 6 -14
4 5 -6
11 -9 -10
24 -9 -10
46 -9 -7
49 7 4
55 12 -10
61 7 -14
0 6 -14
4 5 -6
11 -9 -10
24 -9 -10
46 7 -14
55 7 -14
61 -9 -7
0 12 -10
4 5 -6
11 -9 -10
24 -9 -10
46 -11 0
55 7 -14
61 -11 0
0 12 -10
4 5 -6
11 -9 -7
46 6 -14
55 7 -14
61 10 -3
0 12 -10
4 5 -6
11 -9 -10
46 6 -14
55 7 -14
61 10 -3
4 5 -6
11 -9 -10
46 6 -14
55 7 -14
61 -9 -7
4 5 -6
11 -9 -10
46 6 -14
61 -6 14
4 5 -6
11 -9 -10
46 5 -6
61 -11 0
4 5 -6
11 -9 -10
46 -13 5
61 5 -6
4 5 -6
11 -9 -10
46 -10 -2
61 2 -7
4 5 -6
11 -9 -5
46 -6 14
61 2 -7
4 8 -6
11 -11 -5
46 -6 14
61 2 -7
4 -9 -7
11 -13 -11
46 -6 14
60 2 -7
61 2 -7
4 5 -6
11 -11 0
46 -6 14
60 2 -7
61 2 -7
4 5 -6
11 -11 0
46 1 14
60 2 -7
61 2 -7
4 5 -6
11 -11 0
46 -9 -7
60 2 -7
61 2 -7
4 5 -6
11 -11 0
46 9 -13
60 2 -7
61 2 -7
4 2 -7
11 -11 0
46 9 -13
60 2 -7
61 2 -7
4 8 -6
46 9 -13
60 2 -7
61 2 -7
4 8 -6
46 6 -14
60 2 -7
61 2 -7
4 2 -7
46 6 -14
60 2 -7
61 2 -7
4 2 -7
46 6 -14
60 2 -7
61 2 -7
4 2 -7
46 6 -14
60 2 -7
61 4 -10
4 1 -5
46 6 -14
61 5 -6
4 1 -5
46 6 -14
61 1 14
4 1 -5
46 6 -14
61 -9 -5
4 1 -5
46 6 -14
61 2 -12
4 2 -7
46 6 -14
61 8 -6
4 3 -4
46 6 -14
61 -13 -11
4 4 -10
46 6 -14
61 -12 8
4 4 -10
61 -5 -9
4 5 -6
61 3 -4
4 2 -7
61 -9 -5
4 -9 -7
61 1 14
4 -9 -7
61 1 14
4 5 -6
61 1 14
4 3 -4
61 2 -12
4 1 -5
61 -11 13
4 4 -10
61 -9 9
4 4 -10
61 -7 8
4 1 -5
61 -7 8
4 1 -5
61 -12 2
4 5 -6
61 -12 2
4 4 -10
61 -12 2
4 -9 -7
61 -12 2
4 -9 -7
61 -12 2
4 -1 -7
61 11 6
4 -1 -7
61 -11 13
4 -1 -7
61 -11 13
4 -1 -7
61 -9 -10
4 -1 -7
33 -1 -7
61 -9 -10
4 -1 -7
33 5 -6
61 -9 9
33 -1 -7
61 -9 9
33 2 -7
61 -11 -5
33 -9 -7
61 0 11
33 5 -6
61 -13 5
33 5 -6
61 -6 -5
33 5 -6
61 -9 -7
33 5 -6
61 -11 13
33 5 -6
61 -11 13
33 5 -6
61 14 -14
61 10 4
61 10 4
61 10 4
61 10 4
61 10 6
61 -5 -9
61 -5 -9
61 -5 -9
61 -5 -9
61 -6 -5
61 -5 -9
61 0 -12
61 -6 -5
61 12 -1
61 4 5
61 4 5
61 4 8
61 4 8
61 9 10
61 4 5
61 12 8
61 -5 -9
61 -5 5
61 12 -1
61 7 4
61 -12 8
61 -12 8
61 -12 8
61 11 5
61 11 6
61 11 -9
61 -11 -5
61 4 8
61 -12 12
61 4 -2
61 -12 1
61 3 13
61 -9 -10
61 11 5
61 -6 9
61 -9 2
61 -12 12
61 -4 6
61 -4 6
61 11 -9
61 -6 -8
61 -6 -8
61 -6 -8
61 -6 14
61 -4 -4
61 -9 9
61 -9 9
61 -11 13
61 -9 2
61 -9 2
61 -7 3
61 -12 2
61 -10 -2
61 -10 -2
61 -10 -2
61 -10 -2
61 -10 -2
61 -10 -2
61 -9 2
61 -9 2
61 -9 2
61 -10 -2
61 -10 -2
61 -10 -2
61 -10 -2
61 -10 -2
61 -9 2
61 -9 -5
61 -11 0
61 -6 -2
61 -12 2
61 -11 -5
61 -12 1
61 -6 9
61 -9 9
61 -5 5
61 -5 5
61 -5 5
61 -5 5
61 -5 5
29 -5 5
61 -5 5
29 -5 5
61 -5 5
29 -5 5
61 -5 5
29 -5 5
61 -5 5
29 -5 5
61 -5 5
29 -9 -7
29 -9 -7
29 -9 -7
29 -9 -7
29 -9 -7
29 -9 -7
-1 -1 -1
62
66
74
76
21
61
77
67
56
28
37
51
27
75
22
58
71
9
11
14
18
42
45
26
44
8
4
60
72
43
70
20
35
3
30
29
64
39
15
36
73
40
31
49
78
33
2
7
19
1
5
53
47
41
52
0
23
55
24
63
12
32
68
6
46
50
69
34
54
38
59
48
13
16
17
65
10
57
25
