90 65 39 13 0 0 0 0 0 0 0 0 0 0 0 0 0 0 0 0 0 0 13 39 65 90 116 142 167 193 218 244 270 244 218 193 167 142 116 
116 90 65 39 13 0 0 0 0 0 0 0 0 0 0 0 0 0 0 0 0 13 39 65 90 116 142 167 193 218 244 270 295 270 244 218 193 167 142 
142 116 90 65 39 13 0 0 0 0 0 0 0 0 0 0 0 0 0 0 13 39 65 90 116 142 167 193 218 244 270 295 321 295 270 244 218 193 167 
167 142 116 90 65 39 13 0 0 0 0 0 0 0 0 0 0 0 0 13 39 65 90 116 142 167 193 218 244 270 295 321 347 321 295 270 244 218 193 
193 167 142 116 90 65 39 13 0 0 0 0 0 0 0 0 0 0 13 39 65 90 116 142 167 193 218 244 270 295 321 347 372 347 321 295 270 244 218 
218 193 167 142 116 90 65 39 13 0 0 0 0 0 0 0 0 13 39 65 90 116 142 167 193 218 244 270 295 321 347 372 398 372 347 321 295 270 244 
244 218 193 167 142 116 90 65 39 13 0 0 0 0 0 0 13 39 65 90 116 142 167 193 218 244 270 295 321 347 372 398 424 398 372 347 321 295 270 
270 244 218 193 167 142 116 90 65 39 13 0 0 0 0 13 39 65 90 116 142 167 193 218 244 270 295 321 347 372 398 424 449 424 398 372 347 321 295 
295 270 244 218 193 167 142 116 90 65 39 13 0 0 13 39 65 90 116 142 167 193 218 244 270 295 321 347 372 398 424 449 475 449 424 398 372 347 321 
321 295 270 244 218 193 167 142 116 90 65 39 13 13 39 65 90 116 142 167 193 218 244 270 295 321 347 372 398 424 449 475 1000 475 449 424 398 372 347 
295 270 244 218 193 167 142 116 90 65 39 13 0 0 13 39 65 90 116 142 167 193 218 244 270 295 321 347 372 398 424 449 475 449 424 398 372 347 321 
270 244 218 193 167 142 116 90 65 39 13 0 0 0 0 13 39 65 90 116 142 167 193 218 244 270 295 321 347 372 398 424 449 424 398 372 347 321 295 
244 218 193 167 142 116 90 65 39 13 0 0 0 0 0 0 13 39 65 90 116 142 167 193 218 244 270 295 321 347 372 398 424 398 372 347 321 295 270 
218 193 167 142 116 90 65 39 13 0 0 0 0 0 0 0 0 13 39 65 90 116 142 167 193 218 244 270 295 321 347 372 398 372 347 321 295 270 244 
193 167 142 116 90 65 39 13 0 0 0 0 0 0 0 0 0 0 13 39 65 90 116 142 167 193 218 244 270 295 321 347 372 347 321 295 270 244 218 
167 142 116 90 65 39 13 0 0 0 0 0 0 0 0 0 0 0 0 13 39 65 90 116 142 167 193 218 244 270 295 321 347 321 295 270 244 218 193 
142 116 90 65 39 13 0 0 0 0 0 0 0 0 0 0 0 0 0 0 13 39 65 90 116 142 167 193 218 244 270 295 321 295 270 244 218 193 167 
116 90 65 39 13 0 0 0 0 0 0 0 0 0 0 0 0 0 0 0 0 13 39 65 90 116 142 167 193 218 244 270 295 270 244 218 193 167 142 
90 65 39 13 0 0 0 0 0 0 0 0 0 0 0 0 0 0 0 0 0 0 13 39 65 90 116 142 167 193 218 244 270 244 218 193 167 142 116 
65 39 13 0 0 0 0 0 0 0 0 0 0 0 0 0 0 0 0 0 0 0 0 13 39 65 90 116 142 167 193 218 244 218 193 167 142 116 90 
39 13 0 0 0 0 0 0 0 0 0 0 0 0 0 0 0 0 0 0 0 0 0 0 13 39 65 90 116 142 167 193 218 193 167 142 116 90 65 
13 0 0 0 0 0 0 0 0 0 0 0 0 0 0 0 0 0 0 0 0 0 0 0 0 13 39 65 90 116 142 167 193 167 142 116 90 65 39 
0 0 0 0 0 0 0 0 0 0 0 0 0 0 0 0 0 0 0 0 0 0 0 0 0 0 13 39 65 90 116 142 167 142 116 90 65 39 13 
0 0 0 0 0 0 0 0 0 0 0 0 0 0 0 0 0 0 0 0 0 0 0 0 0 0 0 13 39 65 90 116 142 116 90 65 39 13 0 
0 0 0 0 0 0 0 0 0 0 0 0 0 0 0 0 0 0 0 0 0 0 0 0 0 0 0 0 13 39 65 90 116 90 65 39 13 0 0 
0 0 0 0 0 0 0 0 0 0 0 0 0 0 0 0 0 0 0 0 0 0 0 0 0 0 0 0 0 13 39 65 90 65 39 13 0 0 0 
0 0 0 0 0 0 0 0 0 0 0 0 0 0 0 0 0 0 0 0 0 0 0 0 0 0 0 0 0 0 13 39 65 39 13 0 0 0 0 
0 0 0 0 0 0 0 0 0 0 0 0 0 0 0 0 0 0 0 0 0 0 0 0 0 0 0 0 0 0 0 13 39 13 0 0 0 0 0 
0 0 0 0 0 0 0 0 0 0 0 0 0 0 0 0 0 0 0 0 0 0 0 0 0 0 0 0 0 0 0 0 13 0 0 0 0 0 0 
0 0 0 0 0 0 0 0 0 0 0 0 0 0 0 0 0 0 0 0 0 0 0 0 0 0 0 0 0 0 0 0 13 0 0 0 0 0 0 
0 0 0 0 0 0 0 0 0 0 0 0 0 0 0 0 0 0 0 0 0 0 0 0 0 0 0 0 0 0 0 13 39 13 0 0 0 0 0 
0 0 0 0 0 0 0 0 0 0 0 0 0 0 0 0 0 0 0 0 0 0 0 0 0 0 0 0 0 0 13 39 65 39 13 0 0 0 0 
0 0 0 0 0 0 0 0 0 0 0 0 0 0 0 0 0 0 0 0 0 0 0 0 0 0 0 0 0 13 39 65 90 65 39 13 0 0 0 
0 0 0 0 0 0 0 0 0 0 0 0 0 0 0 0 0 0 0 0 0 0 0 0 0 0 0 0 13 39 65 90 116 90 65 39 13 0 0 
0 0 0 0 0 0 0 0 0 0 0 0 0 0 0 0 0 0 0 0 0 0 0 0 0 0 0 13 39 65 90 116 142 116 90 65 39 13 0 
0 0 0 0 0 0 0 0 0 0 0 0 0 0 0 0 0 0 0 0 0 0 0 0 0 0 13 39 65 90 116 142 167 142 116 90 65 39 13 
13 0 0 0 0 0 0 0 0 0 0 0 0 0 0 0 0 0 0 0 0 0 0 0 0 13 39 65 90 116 142 167 193 167 142 116 90 65 39 
39 13 0 0 0 0 0 0 0 0 0 0 0 0 0 0 0 0 0 0 0 0 0 0 13 39 65 90 116 142 167 193 218 193 167 142 116 90 65 
65 39 13 0 0 0 0 0 0 0 0 0 0 0 0 0 0 0 0 0 0 0 0 13 39 65 90 116 142 167 193 218 244 218 193 167 142 116 90 
1 9 -9
2 9 -9
3 9 -9
4 9 -9
5 9 -9
6 9 -9
7 9 -9
8 9 -9
9 9 -9
10 9 -9
11 9 -9
12 9 -9
13 9 -9
14 9 -9
15 9 -9
16 9 -9
17 9 -9
18 9 -9
19 9 -9
20 9 -9
21 9 -9
22 9 -9
23 9 -9
24 9 -9
25 9 -9
26 9 -9
27 9 -9
28 9 -9
29 9 -9
30 9 -9
31 9 -9
32 9 -9
33 9 -9
34 9 -9
35 9 -9
36 9 -9
37 9 -9
38 9 -9
39 9 -9
40 9 -9
41 9 -9
42 9 -9
43 9 -9
44 9 -9
45 9 -9
46 9 -9
47 9 -9
48 9 -9
49 9 -9
50 9 -9
51 9 -9
52 9 -9
53 9 -9
54 9 -9
55 9 -9
56 9 -9
57 9 -9
58 9 -9
59 9 -9
60 9 -9
61 9 -9
62 9 -9
63 9 -9
64 9 -9
65 9 -9
66 9 -9
67 9 -9
68 9 -9
69 9 -9
70 9 -9
71 9 -9
72 9 -9
73 9 -9
74 9 -9
75 9 -9
76 9 -9
77 9 -9
78 9 -9
79 9 -9
80 9 -9
81 9 -9
82 9 -9
83 9 -9
84 9 -9
85 9 -9
86 9 -9
87 9 -9
88 9 -9
89 9 -9
90 6 10
91 6 10
92 6 10
93 6 10
94 6 10
95 6 10
0 6 10
1 6 10
2 8 2
3 6 10
4 6 10
5 12 -9
6 6 10
7 6 10
8 6 10
9 12 -9
10 12 -9
11 6 10
12 12 -9
13 6 10
14 12 -9
15 6 10
16 6 10
17 6 10
18 12 -9
19 12 -9
20 6 10
21 12 -9
22 12 -9
23 12 -9
24 6 10
25 6 10
26 12 -9
27 6 10
28 12 -9
29 6 10
30 6 10
31 6 10
32 6 10
33 6 10
34 12 -9
35 6 10
36 6 10
37 12 -9
38 12 -9
39 9 -9
40 6 10
41 6 10
42 6 10
43 12 -9
44 6 10
45 6 10
46 9 -9
47 6 10
48 6 10
49 6 10
50 6 10
51 12 -9
52 12 -9
53 12 -9
54 12 -9
55 6 10
56 6 10
57 6 10
58 6 10
59 12 -9
60 6 10
61 6 10
62 6 10
63 12 -9
64 6 10
65 6 10
66 6 10
67 6 10
68 6 10
69 6 10
70 6 10
71 6 10
72 6 10
73 12 -9
74 9 -9
75 6 10
76 12 -9
77 6 10
78 12 -9
79 12 -9
80 12 -9
81 6 10
82 12 -9
83 12 -9
84 9 -9
85 6 10
86 12 -9
87 6 10
88 9 -9
89 9 -9
90 12 -9
91 12 -9
92 5 12
93 5 12
94 12 -9
95 12 -9
0 5 12
1 17 10
2 10 1
3 17 3
4 -16 -1
5 9 0
6 6 10
7 -16 -1
8 -16 -1
9 6 10
10 11 -5
11 18 8
12 8 -11
13 17 3
14 6 10
15 18 8
16 5 7
17 -16 -1
18 9 -9
19 9 0
20 -16 -1
21 6 10
22 6 10
23 6 10
24 17 3
25 6 10
26 6 10
27 6 10
28 9 -9
29 11 9
30 17 3
31 -3 2
32 -16 17
33 -7 8
34 11 -5
35 11 6
36 -10 -10
37 6 10
38 12 -10
39 12 -9
40 -10 -10
41 5 7
42 11 9
43 6 10
44 -10 -10
45 -10 -10
46 12 -9
47 12 -9
48 12 -9
49 5 7
50 6 10
51 15 -4
52 12 -9
53 9 -4
54 12 -10
55 5 7
56 12 -9
57 -10 -10
58 -10 -10
59 -1 -15
60 5 7
61 5 7
62 5 7
63 -1 -15
64 -10 -10
65 -10 -10
66 -10 -10
67 -10 -10
68 -10 -10
69 -10 -10
70 11 6
71 6 10
72 11 6
73 9 -9
74 -10 -10
75 8 2
76 -10 -10
77 12 -9
78 9 -9
79 9 0
80 12 -9
81 -10 -10
82 11 -5
83 9 0
84 12 -9
85 -10 -10
86 11 -5
87 5 7
88 9 -9
89 9 -9
90 -10 -10
91 -10 -10
92 9 0
93 5 7
94 -8 -10
95 -10 -10
0 5 12
1 -10 -10
2 6 10
3 -10 -10
4 -10 -10
5 8 2
6 6 10
7 -10 -10
8 -10 -10
9 6 10
10 -3 -11
11 -10 -10
12 9 -4
13 -10 -10
14 -10 -10
15 -10 -10
16 14 15
17 -10 -10
18 9 -9
19 8 -18
20 -16 -1
21 6 10
22 4 3
23 8 2
24 15 0
25 5 12
26 8 2
27 6 10
28 9 0
29 11 6
30 17 3
31 -1 0
32 -16 17
33 -5 7
34 14 -6
35 8 2
36 17 3
37 4 3
38 11 -5
39 9 -4
40 17 3
41 5 12
42 5 12
43 6 10
44 -9 -11
45 -9 -11
46 9 -4
47 4 3
48 -1 -15
49 8 12
50 6 10
51 14 -3
52 12 -9
53 6 10
54 9 0
55 6 10
56 14 -3
57 -11 -7
58 -16 -1
59 -2 -13
60 6 10
61 15 11
62 10 13
63 6 10
64 -11 -7
65 -11 -7
66 17 3
67 15 0
68 14 15
69 14 -3
70 5 -18
71 14 15
72 5 -18
73 11 -5
74 6 10
75 5 12
76 6 10
77 -5 -6
78 14 -3
79 6 10
80 11 -5
81 15 0
82 6 10
83 6 10
84 12 -9
85 -11 -7
86 6 10
87 15 11
88 9 -9
89 8 -11
90 1 0
91 -16 17
92 -7 8
93 5 7
94 -4 0
95 -11 -7
0 11 9
1 0 3
2 8 16
3 -6 -4
4 -11 -7
5 7 -3
6 5 12
7 -11 13
8 0 3
9 6 10
10 6 10
11 -11 -7
12 9 -4
13 14 -3
14 -10 -10
15 -10 -10
16 -10 -10
17 -10 -10
18 8 -11
19 5 -18
20 -13 -1
21 6 10
22 5 12
23 7 18
24 -16 11
25 11 6
26 5 12
27 5 12
28 6 10
29 5 12
30 18 8
31 -10 -10
32 -15 19
33 -5 7
34 8 -11
35 17 13
36 -16 17
37 5 12
38 8 -11
39 8 -11
40 17 3
41 11 6
42 5 15
43 5 12
44 -11 -7
45 -9 -11
46 9 -4
47 5 12
48 -1 -15
49 -5 9
50 6 10
51 11 -5
52 12 -10
53 8 -11
54 8 -18
55 -10 -10
56 14 -16
57 -9 -5
58 -16 -1
59 -2 -13
60 -1 0
61 -5 9
62 5 12
63 1 -1
64 -8 18
65 -9 -5
66 17 3
67 -3 2
68 0 3
69 -3 2
70 -5 9
71 14 15
72 1 19
73 7 -15
74 5 12
75 12 -2
76 5 12
77 -16 17
78 8 -18
79 8 -18
80 9 -4
81 15 0
82 5 12
83 8 -18
84 12 -9
85 -15 19
86 -18 -13
87 14 15
88 9 -9
89 9 -4
90 17 13
91 -4 0
92 -10 -10
93 5 7
94 -16 17
95 -13 -6
0 0 3
1 -2 4
2 5 12
3 -15 19
4 -13 -6
5 10 13
6 11 9
7 -16 17
8 14 15
9 5 12
10 14 -16
11 -9 -5
12 7 -15
13 0 3
14 -8 -10
15 -11 -7
16 -10 -10
17 -11 -7
18 9 -4
19 7 18
20 -16 17
21 5 12
22 1 -1
23 5 12
24 -8 2
25 -5 9
26 5 -3
27 18 8
28 8 2
29 -16 11
30 -18 -2
31 -16 17
32 -16 11
33 -5 7
34 9 0
35 14 15
36 -4 0
37 1 0
38 14 -6
39 11 -5
40 -4 0
41 11 6
42 5 15
43 5 7
44 -13 -6
45 -9 -11
46 7 -3
47 18 8
48 -2 -17
49 15 9
51 -18 -13
52 12 -10
53 8 -11
54 -1 -5
55 -10 -10
56 -1 -5
57 -12 17
58 -16 -1
59 -2 -13
60 14 15
61 1 19
62 18 8
63 7 18
64 -8 -19
65 -17 -14
66 17 3
67 -7 8
68 -2 4
69 14 15
70 1 -1
71 17 13
72 -7 8
73 9 -4
74 5 7
75 9 -4
76 5 7
77 15 0
78 -1 -5
79 7 18
80 14 -16
81 15 0
82 5 12
83 14 15
85 -4 0
86 -17 -14
87 -3 11
89 12 -10
90 -4 14
91 14 -3
92 14 15
93 5 7
94 -11 13
95 -9 -5
0 7 18
1 -1 0
2 -3 2
3 -3 11
4 -13 -1
5 1 0
6 0 3
7 -6 7
8 17 13
9 5 7
10 14 15
11 -13 -6
12 7 -15
13 -3 2
14 -8 -10
15 -8 -19
16 -10 -10
17 -8 -19
18 9 -4
19 -1 -15
20 17 3
21 4 3
22 1 -1
23 5 -18
24 -3 2
25 1 0
26 15 9
27 15 9
28 5 7
29 -3 2
30 -11 2
31 -16 17
32 -16 11
33 -5 7
34 -1 -5
35 -3 11
36 -2 -17
37 15 9
38 8 -18
39 8 -18
40 0 3
41 0 3
42 5 15
43 4 3
44 -8 -19
45 -9 -11
46 11 -5
47 15 9
48 -3 -16
49 15 11
51 -18 -13
52 12 -10
53 8 -11
54 -5 -6
55 -11 -7
56 1 -1
57 -15 19
59 -2 -13
60 17 13
61 1 -1
62 1 -1
63 14 15
64 -12 17
65 -12 17
66 17 3
67 1 -1
68 17 3
69 -1 19
70 -12 17
71 15 11
72 14 -16
73 12 -10
74 8 12
75 7 -3
76 8 2
77 -18 -2
78 -1 -5
79 14 15
80 18 -12
81 15 0
82 5 12
83 -7 8
85 -4 0
86 -3 -11
87 -11 -7
89 7 -15
90 5 -18
91 14 -3
92 9 -4
93 4 3
94 -2 -17
95 -9 -5
0 7 18
1 4 3
2 9 -4
3 0 9
4 -9 -5
5 15 9
6 4 3
7 -7 8
8 -3 15
9 8 12
10 8 -18
11 -9 -11
12 7 -16
13 4 3
14 -9 -11
15 -6 -1
16 -10 -10
17 -6 -1
18 12 -10
19 14 -16
20 -2 -17
21 15 11
22 -3 2
23 15 11
24 -11 2
25 14 15
26 7 18
27 11 6
28 5 7
29 -4 0
30 17 13
31 -16 17
32 -16 11
33 -5 7
34 5 -3
35 -3 11
36 -1 19
37 11 6
38 7 -15
39 7 -15
40 -2 4
41 4 3
43 15 11
44 -6 -1
45 -8 -10
46 9 0
47 -7 8
48 -1 -5
49 14 15
51 18 -12
52 11 -5
53 8 -11
54 -11 -7
55 -8 -19
56 9 -4
57 -12 16
59 -2 -13
60 -3 15
61 4 3
62 1 0
63 -3 15
64 -2 -17
65 -8 -19
66 15 0
67 14 15
68 17 3
69 -1 18
70 18 -12
71 10 13
72 -18 -13
73 14 -16
74 10 13
75 11 -5
76 -3 11
77 -18 -2
78 -1 -5
79 9 -4
80 8 -18
81 17 3
82 5 12
83 -7 8
85 -4 0
86 -6 -1
87 -13 -6
89 9 0
90 5 -18
91 14 -3
92 -2 -17
93 11 9
94 18 8
95 -8 -10
0 -4 14
1 -4 14
2 12 -10
3 -4 14
4 -15 -6
5 15 9
6 -5 9
7 1 -1
8 -3 15
9 8 12
10 -16 17
11 1 -1
12 7 -16
13 1 -1
14 -11 -7
15 -4 0
17 -8 2
18 11 -5
19 -7 8
20 -3 -16
21 17 10
22 -3 2
23 -4 14
24 4 3
25 17 10
26 -7 8
27 -7 8
28 5 7
29 0 3
30 17 13
31 -16 17
33 -5 7
34 1 -1
35 -7 8
36 14 -16
37 11 9
38 14 -16
39 7 -15
40 14 15
41 15 9
43 7 18
44 -8 2
45 -12 -11
46 8 -18
47 1 -1
48 -3 -11
49 17 10
51 -17 -14
52 9 -4
53 8 -11
54 -9 -5
55 -8 18
56 -9 -5
57 -8 -19
59 -2 -13
60 -7 8
61 -8 -19
62 1 -1
63 11 9
64 -3 -16
65 -12 16
66 15 0
67 14 -16
68 15 0
69 -2 -17
70 18 -12
71 14 -16
72 -17 -14
73 8 -18
74 10 13
75 11 -5
76 -3 11
77 -13 -1
78 1 -1
79 1 -1
80 14 -6
81 14 -3
82 5 12
83 -7 8
85 -4 0
86 4 -13
87 -9 -5
89 -1 -5
90 8 -18
91 15 0
92 1 -1
93 0 9
94 4 3
95 -1 -5
0 7 -3
1 -7 8
2 12 -10
3 -7 8
4 -15 -6
5 15 9
6 1 -1
7 1 0
8 -4 14
9 5 12
10 18 13
11 -4 0
12 8 -18
13 1 0
14 -11 -7
15 0 3
17 -3 -16
18 7 -3
19 -6 7
20 -3 -16
21 15 9
22 -3 2
23 -3 15
24 -1 -5
25 8 -18
26 -2 -17
27 1 -1
28 5 7
29 -9 -5
30 17 13
31 -16 17
33 -5 7
34 5 -3
35 -5 9
36 12 -10
37 1 -1
38 4 -13
39 7 -15
40 -3 -16
41 11 9
43 5 -18
44 -4 0
45 -12 -11
46 -1 -5
47 17 3
48 -3 -11
49 15 9
51 14 -16
52 9 -4
53 8 -11
54 1 -1
55 -6 -1
56 -1 -15
57 -11 13
60 8 -18
61 -8 -19
62 -3 2
63 8 -18
64 -11 13
65 -11 2
66 17 3
67 -3 15
68 18 8
69 1 19
70 18 -12
71 15 9
72 -17 -14
73 8 -11
74 10 13
75 11 -5
76 0 9
77 -18 -2
78 -8 -10
79 -2 -17
80 15 9
81 14 -3
82 5 12
83 -6 7
85 -3 2
86 -8 -19
87 -13 -1
89 8 -18
90 2 -19
91 14 -16
92 -18 -2
93 8 12
94 -9 -5
95 -4 0
0 14 15
1 -1 18
2 12 -10
3 -7 8
4 -13 -6
5 18 8
6 5 -3
7 1 0
8 -4 14
9 11 9
10 17 13
11 -3 2
12 5 -3
13 -4 0
14 -11 -7
15 -13 -1
17 -18 -13
18 14 -6
19 -11 13
20 1 19
21 17 13
22 -4 0
23 -7 8
24 1 -1
25 -8 -19
26 14 15
27 1 0
28 5 7
29 -6 -4
30 17 10
31 -16 17
33 -5 7
34 7 -3
35 -8 -19
36 14 15
37 -3 2
38 5 -3
40 -8 -19
41 18 8
43 5 -18
44 -11 2
45 -12 -11
46 12 -10
47 17 13
48 -3 -11
49 17 13
51 14 -16
52 9 -4
53 8 -11
54 -4 0
55 -4 0
56 -2 -17
57 -8 18
60 14 -16
61 -8 18
62 9 0
63 18 8
64 -7 8
65 1 -1
66 17 3
67 18 8
68 12 -2
69 -8 18
70 -18 -13
71 7 18
72 -17 -14
73 4 -13
74 10 13
75 11 -5
76 -7 8
77 17 3
78 -2 -17
79 14 -16
80 11 6
81 15 -4
82 5 12
83 -5 9
85 1 -1
86 14 -16
87 -15 -6
89 11 -5
90 2 -19
91 -2 -17
92 8 -18
93 5 12
94 -11 -7
95 -6 -1
0 17 13
1 1 -1
2 11 -5
3 -2 5
4 -6 -1
5 14 -16
6 1 0
7 -2 -17
9 8 16
10 -15 19
11 -8 2
12 7 -3
13 0 9
14 -9 -5
15 14 15
17 -17 -14
18 14 -6
19 -11 13
20 -6 -13
21 -7 8
22 0 3
23 1 -1
24 -2 -17
25 -12 16
26 -11 -7
27 14 -16
28 5 7
29 -6 -1
30 17 10
31 -16 17
33 -5 7
34 4 3
35 -11 13
36 14 15
37 -3 2
38 7 18
40 -9 -5
41 0 9
43 5 -18
44 -11 2
46 15 -4
47 -16 17
48 -6 -13
49 11 6
51 14 15
53 8 -11
54 -3 2
55 -6 -4
56 -4 0
57 -16 17
60 2 -19
61 -2 -17
62 7 -3
63 17 13
64 -8 18
65 14 15
66 17 3
67 11 6
68 15 -4
69 -8 -19
70 -18 -13
71 -16 17
72 -17 -14
73 8 -11
75 15 -4
76 -3 15
77 17 3
78 -3 -16
79 -7 8
80 14 15
81 12 -2
82 5 12
83 -5 9
85 1 0
86 14 15
87 -8 -19
89 5 -3
90 7 18
91 8 -11
92 8 -11
93 11 6
94 -13 -6
95 -3 -11
0 -7 8
1 5 12
2 8 -11
3 -5 9
4 -4 0
5 11 9
6 7 -3
7 -2 -17
9 8 16
10 -11 13
11 -1 -5
12 -3 -11
13 -7 8
14 -9 -11
15 5 12
17 -16 17
18 14 -6
19 -8 -19
20 -4 8
21 7 18
22 -1 -5
23 4 3
24 14 15
25 14 -16
26 -13 -6
27 -16 17
29 -6 -1
30 17 10
31 -15 19
34 1 0
35 -9 -5
36 17 13
37 -4 0
38 14 15
40 -2 -17
41 -2 5
43 5 -18
44 -11 2
46 18 -12
47 -15 19
48 -5 -6
49 17 3
51 8 -11
53 12 -10
54 -6 -1
55 -6 -4
56 -3 2
57 -2 -17
60 2 -19
61 -15 19
62 12 -2
63 17 13
64 -4 0
65 17 13
66 15 0
67 1 0
68 11 9
69 -1 19
70 -18 -13
71 5 12
72 18 -12
73 4 -13
75 9 0
76 -5 9
77 17 3
78 -7 8
79 18 8
80 -7 8
81 9 0
82 8 12
83 -4 8
85 -6 -1
86 17 13
87 1 -1
89 5 -3
90 7 -16
91 -11 13
92 14 -16
93 11 6
94 -6 -1
95 -8 -19
0 5 -18
1 14 15
2 15 0
3 -1 -15
4 -4 0
5 8 12
6 14 15
7 -3 -16
9 7 18
10 18 8
11 4 3
12 -3 -11
13 -5 9
14 -11 -7
15 -6 -4
17 -13 -6
18 14 -6
19 -7 8
20 1 -1
21 7 18
22 -7 8
23 -4 0
24 14 -16
25 14 -16
26 -13 -1
27 -11 -7
29 -5 -6
30 17 10
31 -12 17
34 -4 0
35 -4 0
36 17 13
37 0 3
38 14 15
40 -8 18
41 -2 5
43 8 -18
44 -11 2
46 18 -12
47 14 15
48 4 -13
49 14 -16
51 12 -10
53 4 -13
54 -3 -11
55 -5 -6
56 -11 -7
57 -2 -17
60 2 -19
61 -15 19
62 10 1
63 18 13
64 -4 0
65 14 -16
66 15 0
67 18 13
68 -18 -2
69 -3 15
70 -18 -13
71 5 12
72 -16 17
73 7 -16
75 14 -6
76 -4 0
77 17 3
78 14 15
79 -11 13
80 -1 -5
81 10 1
82 0 9
83 -4 8
85 -1 0
86 17 13
87 -4 0
89 5 -3
90 1 19
91 -8 -19
92 7 18
93 11 6
94 -9 -11
95 -17 -14
0 1 19
1 -3 15
2 -8 -19
3 5 12
4 -6 -4
5 5 12
6 -9 -5
7 -1 -15
9 14 15
10 -17 -14
11 4 3
12 14 -16
13 8 2
14 -9 -11
15 -17 -14
17 -4 0
18 14 -6
19 -5 9
20 -1 0
21 14 15
22 9 0
23 0 3
24 14 15
25 -17 -14
26 -13 -1
27 -9 -5
29 -7 8
30 17 10
31 -12 17
34 0 3
35 7 18
36 18 13
37 -6 -1
38 -3 -11
40 -8 18
41 -2 5
43 1 19
44 -11 2
47 11 9
48 -4 0
49 -16 17
51 12 -10
53 7 -16
54 1 0
55 -4 0
56 -13 -6
57 -2 -17
61 -15 19
62 5 -3
63 -16 17
64 -6 -1
65 -13 -6
66 18 8
67 -16 17
68 -13 -1
69 -8 -19
71 5 12
72 -15 19
73 7 -16
75 14 -3
76 11 9
77 17 3
78 18 13
79 5 12
80 -1 -5
81 10 1
82 0 9
83 -4 8
85 0 3
86 17 13
87 -6 -13
89 5 -3
90 14 -16
91 -15 -6
92 5 -18
93 8 2
94 14 15
95 -5 -6
0 -1 18
1 -3 15
2 -8 -19
3 -4 0
4 -5 -6
5 8 16
6 8 2
7 -1 19
9 8 16
10 -4 0
11 0 3
12 14 -6
13 14 15
14 -9 -11
15 11 9
17 17 3
18 15 -4
19 -5 9
20 -1 0
21 -3 15
22 8 2
23 -1 -5
24 18 13
25 14 -6
26 -15 -6
27 -13 -6
29 -13 -1
30 17 10
34 4 -13
35 -17 -14
36 15 11
37 -7 8
38 -4 0
40 -1 19
41 -2 5
43 1 19
44 -11 2
47 -11 13
48 -3 15
49 7 18
51 12 -10
53 8 -18
54 0 3
55 -9 -5
56 -11 13
61 -16 17
62 11 -5
63 17 3
64 -6 -1
65 18 8
66 15 9
67 -16 17
68 -13 -1
69 -8 18
71 8 12
72 -15 -6
73 7 -16
75 14 -3
76 -11 13
77 17 3
78 18 13
79 8 12
80 -3 -11
81 10 1
82 0 9
85 4 3
86 17 13
87 -8 18
89 7 -3
90 14 -16
91 18 8
92 1 19
93 15 9
94 -7 8
95 11 -5
0 -3 -16
1 11 9
2 -8 -19
3 -4 0
4 -6 -1
5 14 15
6 9 0
7 1 19
9 14 15
10 7 18
11 1 0
12 11 -5
13 -1 -5
14 -9 -11
15 11 9
17 14 15
18 15 -4
19 -5 9
20 -1 0
21 1 19
22 8 2
23 7 -3
24 -3 15
25 7 18
26 -15 -6
27 -3 -11
29 -13 -1
34 12 -2
35 -1 -15
36 15 9
37 -1 -5
38 -7 8
40 -3 15
41 -2 5
43 8 16
44 -11 2
47 -13 -6
48 -8 -19
49 15 0
53 8 -18
54 0 3
55 -1 -5
56 18 8
61 -16 17
62 -4 0
63 15 9
64 -6 -1
65 -4 0
66 -18 -2
67 -15 19
68 -11 2
69 -8 -19
71 8 16
72 -15 19
73 7 -16
75 5 -3
76 1 19
77 17 3
78 14 15
79 8 12
80 1 -1
81 15 0
82 0 9
85 4 3
87 -8 18
89 1 -1
91 -8 18
92 4 -13
93 15 11
94 -18 -2
95 -11 2
0 -3 -16
1 -13 -6
2 -8 18
3 14 15
4 -8 -10
5 5 12
6 7 18
7 -1 -5
9 8 -18
10 14 15
11 -2 5
12 4 -13
13 5 12
15 15 9
17 -1 -15
18 12 -2
20 -1 0
21 -3 11
22 8 2
23 -3 11
24 7 18
25 15 -4
26 -9 -5
27 14 15
29 -13 -6
34 5 12
35 -3 -16
36 18 8
37 -2 5
38 -1 -5
40 -15 19
41 -2 4
43 -1 18
44 -8 2
47 -18 -2
48 1 -1
49 18 13
53 7 -16
54 0 3
55 -3 2
56 -7 8
61 -16 17
62 14 15
63 -7 8
64 -6 -1
65 -5 -6
66 17 3
67 -11 13
68 -18 -2
69 -8 -19
71 8 12
72 -13 -6
73 7 -16
75 17 3
76 0 3
77 15 0
78 5 12
79 8 12
80 5 -3
81 17 3
85 4 3
87 -3 -16
89 1 -1
91 -8 18
92 4 -13
93 15 11
94 -15 -6
95 -11 2
0 -1 -15
1 -15 19
2 -8 18
3 8 16
4 -1 -5
5 17 3
6 1 19
7 -3 -11
9 8 -18
10 5 12
11 -2 4
12 -17 -14
13 -3 15
15 11 6
17 -6 -13
18 14 -3
20 -1 0
21 -1 18
22 10 1
23 -15 19
24 5 12
25 15 -4
26 -18 -2
27 -4 0
29 -13 -6
34 -3 -11
35 -3 -16
36 14 15
37 -2 4
38 -17 -14
40 -7 8
41 -3 11
43 7 -16
44 -8 2
47 -17 -14
48 -1 0
49 -1 -5
53 8 -18
54 -2 4
55 -13 -6
56 14 15
61 -16 17
62 14 15
63 11 6
64 -6 -4
65 -3 -11
66 18 8
67 -11 13
68 17 3
69 -8 -19
71 -3 15
72 -17 -14
73 7 -16
75 -15 -6
76 -2 4
77 15 0
78 -15 19
79 8 12
80 5 -3
81 8 2
87 -17 -14
89 1 -1
91 -8 18
92 5 -18
93 15 11
94 -17 -14
0 -3 -11
1 -4 0
2 -15 19
3 14 15
4 -5 -6
5 11 6
6 -1 19
7 -5 -6
9 8 -18
10 -8 18
11 -2 4
12 14 15
13 -3 15
15 15 11
17 -8 18
18 14 -3
20 -1 0
21 -1 18
22 7 -3
23 -6 -1
24 11 6
25 15 -4
26 -13 -1
27 7 -3
29 -13 -6
34 -5 -6
35 18 8
36 11 9
37 -6 7
38 -3 -16
40 -17 -14
41 -3 11
43 8 16
47 -3 -16
48 -6 -4
49 11 9
53 8 -11
54 -1 0
55 -3 -11
56 -3 -11
62 11 9
63 15 0
64 -6 7
65 -7 8
66 15 -4
67 -11 13
68 -4 0
71 5 12
72 -6 -13
73 7 -16
75 11 6
76 -3 -11
77 18 8
78 -13 -6
80 -4 0
81 8 2
87 -15 19
89 1 -1
91 17 3
92 5 -18
93 15 9
94 17 3
0 1 19
1 -6 7
2 -12 16
3 -3 -11
4 -1 -5
5 18 13
6 -3 -11
7 -6 -13
9 8 -18
10 14 -6
11 -2 4
12 14 15
13 1 19
15 15 11
17 -8 18
18 11 -5
20 -4 0
21 -1 18
22 -2 4
23 14 15
24 11 -5
25 11 -5
26 -6 -1
27 17 3
29 -11 -7
34 -5 -6
35 18 8
36 -15 19
37 8 2
38 -3 -16
39 7 -15
40 -6 -13
41 -3 11
43 8 -18
47 -3 -11
48 14 15
49 -15 19
53 8 -11
54 -1 0
55 -6 -13
56 -15 19
62 -15 19
63 -15 19
64 -3 2
65 -15 -6
66 15 -4
68 -6 -1
71 5 12
72 -12 16
73 7 -16
75 11 6
76 14 15
77 18 8
78 -13 -6
80 -6 -1
81 11 6
87 -17 -14
89 1 -1
91 -15 19
92 5 -18
93 15 9
94 15 -4
0 -15 19
1 -6 7
2 -17 -14
3 7 -3
4 -6 -13
5 15 -4
6 4 -13
7 11 -5
9 8 -18
10 14 -6
11 -2 5
12 15 9
13 -1 19
15 15 11
18 9 0
20 0 3
21 -1 18
22 -2 4
23 11 6
24 8 2
25 15 9
26 -9 -5
27 17 3
29 -13 -1
34 -5 -6
35 15 9
36 5 12
37 -3 -11
38 -3 -16
40 7 -3
41 -3 11
43 -1 19
47 -3 -16
48 17 3
49 -3 -11
54 -1 0
55 -8 -10
56 -6 -13
62 -15 19
63 5 12
64 -2 4
65 -15 -6
66 14 -3
68 -7 8
71 11 9
72 14 15
75 11 9
76 7 -3
77 18 8
78 -15 -6
80 -4 0
81 14 -3
87 -7 8
89 1 -1
91 -1 19
93 14 15
94 14 -3
0 -15 19
1 -6 7
2 -17 -14
3 11 -5
4 -3 -11
5 17 3
6 -3 15
7 7 -3
9 8 -18
10 14 -6
11 -3 2
12 14 15
13 7 18
15 15 11
18 9 0
20 0 3
22 -2 4
23 -3 -11
24 -3 -11
25 -13 -6
26 -13 -6
27 15 -4
29 -1 -5
34 -5 -6
35 15 9
36 8 16
37 -3 15
38 -3 -16
40 11 -5
43 4 -13
47 -6 -13
48 17 3
49 15 -4
54 -1 0
55 -6 -4
56 11 -5
62 -12 16
63 -13 -6
64 0 3
65 -18 -2
66 11 6
68 -13 -6
71 1 19
72 -18 -2
75 15 0
76 7 18
78 -15 -6
80 7 -3
81 11 -5
87 -8 -10
89 1 -1
91 -3 15
93 11 6
94 -1 -5
1 -6 7
3 0 3
4 -3 -11
5 7 18
6 -7 8
7 11 6
9 8 -18
10 14 -6
11 -6 7
12 11 6
13 -7 8
15 15 11
18 15 0
20 -3 2
22 -2 4
23 4 -13
24 -7 8
25 14 -3
26 -4 0
27 15 -4
29 -6 7
30 17 10
35 15 9
36 -7 8
37 5 -3
38 -1 -15
40 8 2
43 7 18
47 -1 -15
48 17 3
49 -13 -6
54 -1 0
55 -6 -4
56 7 -3
62 -12 16
63 -3 -11
64 0 3
65 -18 -2
66 10 1
68 -4 0
71 7 18
72 -4 0
75 15 0
76 -6 7
78 -15 -6
80 -9 -5
81 11 -5
87 -1 19
89 1 -1
91 -7 8
93 15 11
94 -13 -1
1 -6 -1
3 -9 -5
4 -3 -11
5 -7 8
6 -1 -15
7 -4 0
10 14 -3
11 5 -3
12 -7 8
13 -1 -15
15 18 13
18 10 1
20 -3 2
22 -2 4
23 -6 -13
24 -6 7
25 14 -3
26 -4 0
27 -18 -2
29 -4 0
30 17 10
35 11 9
36 -7 8
37 -9 -5
38 -3 15
40 8 2
43 7 18
47 -8 -10
48 17 3
49 -13 -6
55 -6 -4
56 7 -3
62 -12 16
63 -4 0
64 -2 5
65 -15 -6
66 11 6
68 1 19
71 -7 8
72 5 -3
75 15 0
76 -13 -6
78 -11 -7
80 0 3
87 -1 -15
89 1 -1
91 -13 -6
93 15 11
94 -13 -1
1 -6 -1
3 -13 -6
4 -8 -10
5 14 -3
6 -1 -15
7 4 -13
10 -13 -6
11 -7 8
12 -4 0
13 -3 -16
15 18 13
18 9 0
20 -3 2
22 -2 5
23 -6 7
24 -13 -6
25 -15 -6
26 -18 -2
27 -18 -2
29 -3 -11
30 17 10
35 11 9
36 5 12
37 -9 -5
38 -3 15
40 8 2
43 7 18
47 -3 15
48 15 0
49 -7 8
55 -6 -4
56 7 -3
62 -3 15
63 -12 16
64 1 0
65 -15 -6
66 12 -2
68 1 19
71 0 3
72 -8 -10
75 10 1
76 -7 8
78 14 -6
80 0 3
87 -7 8
89 1 -1
91 -1 -15
93 15 11
94 -13 -1
95 -11 2
1 -6 -1
3 -11 -7
4 -6 -4
5 -3 -11
6 -3 -16
7 4 -13
10 15 -4
11 11 6
12 14 -3
13 11 6
15 18 13
18 9 0
20 -3 2
22 -2 5
23 -13 -6
24 -1 -15
25 -18 -2
26 -8 -10
27 14 -3
29 -15 -6
35 11 9
36 5 12
37 -6 -4
38 -6 -13
43 7 18
47 -4 0
48 15 0
49 -4 0
55 -6 -4
56 5 -3
62 -3 15
63 -12 16
64 1 -1
65 -13 -6
66 12 -2
67 -11 13
68 1 19
71 14 15
72 -3 -11
75 14 -6
76 -12 16
78 15 -4
80 0 3
87 -3 15
89 1 -1
91 -3 -16
93 15 11
94 -11 2
95 -11 2
3 -3 15
4 -3 -16
5 -3 15
6 -1 -15
10 -15 -6
11 -3 15
12 5 12
13 8 16
15 18 13
20 -3 2
22 -2 5
23 5 -3
24 11 9
26 -6 7
27 17 3
29 -9 -5
35 15 9
36 -3 15
37 -13 -1
38 -6 -13
47 -11 -7
48 15 0
49 -7 8
55 -6 -4
56 5 -3
62 -15 19
63 14 -3
64 -7 8
65 -13 -6
66 12 -2
68 1 19
71 -3 15
72 18 13
75 14 -6
76 -13 -1
78 15 -4
80 0 3
87 -12 16
89 1 0
91 -12 16
93 15 11
94 -13 -1
3 5 -3
4 -11 -7
5 -12 16
6 -3 -16
10 7 -3
11 -4 0
12 18 13
13 8 16
15 14 15
18 9 0
20 -3 2
23 14 -3
24 14 15
26 -6 -4
27 -15 -6
29 14 -3
35 15 9
36 -6 7
37 -8 -10
38 -6 -13
47 -6 -13
48 15 0
49 -4 0
55 -6 -4
56 5 -3
62 -7 8
63 -15 -6
64 -7 8
65 -13 -6
66 12 -2
71 -3 15
72 -6 7
75 14 -6
76 5 -3
78 11 6
80 0 3
87 -6 7
89 1 0
91 -7 8
93 15 11
94 -11 -7
3 -13 -1
4 -9 -5
5 -12 16
6 -3 -16
10 11 6
11 -1 -5
12 18 13
15 18 13
20 -2 4
23 14 -3
24 14 15
26 -11 -7
27 -13 -1
29 15 -4
36 -1 -15
37 7 -3
38 -3 -11
47 -6 -13
49 1 -1
56 7 -3
62 -1 19
63 15 -4
64 -6 7
66 12 -2
71 -3 15
72 5 12
76 5 -3
78 17 3
80 0 3
87 -7 8
89 1 -1
91 -11 -7
93 15 11
94 -9 -5
3 -6 7
4 -3 2
6 -3 -16
10 17 3
11 7 -3
12 17 3
15 18 13
20 -3 2
23 14 -3
26 1 -1
27 -13 -1
29 7 -3
36 11 6
37 -11 -7
38 -3 -11
47 -6 -13
49 -6 7
56 -1 -5
62 11 6
63 15 -4
64 -1 -5
71 -3 15
72 5 12
76 5 -3
78 11 9
87 11 6
89 1 0
91 -6 7
93 15 11
94 -9 -5
3 11 6
4 -4 0
6 -3 -16
10 18 -12
11 -3 -11
12 17 3
20 -3 2
23 14 -3
26 1 -1
27 -13 -1
29 7 -3
36 -3 15
37 1 -1
38 -8 -10
47 -6 -13
49 7 -3
56 -1 -5
62 -6 7
63 15 -4
64 -1 -5
71 -1 19
72 5 12
76 5 -3
78 7 -3
87 -3 -11
89 1 0
91 11 6
94 -9 -5
3 11 9
4 -8 -10
6 -3 -16
10 11 9
11 -2 4
12 11 9
20 -3 2
23 10 1
26 -1 -5
27 -15 -6
29 17 3
36 -1 -5
37 17 3
38 -8 -10
47 -6 -13
49 -13 -1
56 10 1
62 -6 7
63 15 -4
64 -13 -1
71 -3 15
72 5 12
76 5 -3
78 11 -5
87 -3 -11
89 1 0
91 -1 19
94 -9 -5
3 11 9
4 -7 8
10 17 3
11 10 1
12 15 -4
20 -4 0
23 17 3
26 -3 2
27 -15 -6
29 17 3
36 -11 -7
37 -1 -15
38 -8 -10
44 -8 2
49 -1 -15
56 5 -3
62 -6 7
63 15 -4
64 -3 2
71 -3 15
72 5 12
76 5 -3
78 17 3
87 -3 -11
89 1 0
91 -1 -5
3 11 9
4 -1 -15
10 10 1
11 -13 -1
12 17 3
20 -4 0
23 15 -4
26 1 -1
29 14 -3
36 -11 13
37 -1 -15
38 -8 -10
49 -3 15
56 11 6
62 -6 7
63 15 -4
64 -2 4
71 -3 15
76 5 -3
78 -1 -15
87 -3 -11
91 -1 -5
3 11 9
4 -6 7
10 10 1
11 -13 -1
12 17 3
20 -4 0
23 -1 -15
26 1 -1
29 17 3
36 -11 13
37 -3 2
38 -8 -10
49 -3 15
52 9 -4
56 11 6
62 -7 8
63 15 -4
64 7 -3
71 -1 19
76 5 -3
78 10 1
4 -11 -7
5 -12 16
10 -1 -15
11 -13 -1
12 15 -4
20 -4 0
23 -13 -1
29 17 3
36 -12 16
37 -3 2
49 -3 15
52 9 -4
62 -7 8
63 15 -4
64 5 -3
71 -1 -15
76 5 -3
78 9 -4
4 -2 4
5 -6 7
10 -13 -1
11 -13 -1
12 10 1
23 -2 4
49 -3 15
52 9 -4
62 -7 8
63 15 -4
64 7 -3
71 -6 7
78 9 -4
94 -9 -5
4 -13 -1
5 -15 19
10 -2 4
11 -1 -15
12 14 -3
23 -11 -7
37 -3 2
52 7 -3
62 -7 8
63 15 -4
64 10 1
71 -1 19
78 9 -4
4 7 -3
5 -1 19
10 -11 -7
11 -11 -7
12 14 -3
23 -13 -1
52 10 1
62 -7 8
64 -13 -1
71 -3 11
4 -1 19
5 -13 -1
10 -6 7
11 -13 -1
23 7 -3
52 7 -3
62 -7 8
64 -1 -15
66 12 -2
71 5 -18
81 11 -5
91 -1 -5
4 -1 19
5 -7 8
10 -1 -5
11 -6 -4
23 -11 -7
52 7 -3
62 -7 8
64 -1 -5
66 12 -2
71 -2 4
91 -1 -5
5 -11 -7
10 -1 -5
11 -11 2
23 -6 7
52 10 1
62 -7 8
64 -1 -5
71 -2 4
91 7 -3
5 -1 -15
10 -1 -15
11 -15 -6
23 -6 7
52 10 1
62 -7 8
71 -2 4
91 7 -3
5 -1 -15
10 -13 -1
11 -11 2
23 -7 8
52 10 1
62 -6 7
71 -2 4
91 7 -3
5 -1 -15
10 -13 -1
11 -15 -6
18 9 0
23 -7 8
52 9 0
62 -6 7
71 -2 4
91 7 -3
5 -1 -15
10 -13 -1
11 -15 -6
25 -18 -2
52 14 -3
62 -6 7
71 -2 4
91 7 -3
5 -1 -15
10 -13 -6
11 -11 -7
52 9 -9
71 -2 4
91 7 -3
5 -1 -15
10 -13 -6
11 -16 -1
52 9 -9
65 -13 -6
71 -2 4
5 -1 -15
10 -13 -6
11 -5 -6
52 12 -2
65 -13 -6
66 12 -2
5 -1 -15
10 -13 -6
11 -5 -6
34 -5 -6
52 12 -2
65 -13 -6
66 12 -2
71 -2 4
5 -1 -15
10 -13 -6
11 -5 -6
52 12 -2
65 -13 -1
66 12 -2
11 -1 -5
52 12 -2
65 -11 -7
11 -8 -10
52 15 -4
11 -9 -5
52 14 -6
11 -6 -1
52 14 -6
11 -6 -1
52 15 -4
63 15 -4
1 -6 -1
11 -6 -1
52 15 -4
1 -6 -1
11 -6 -1
52 14 -6
1 -13 -1
52 9 0
18 9 0
52 9 0
18 9 0
52 10 1
52 10 1
52 10 1
-1 -1 -1
66
64
71
91
27
26
36
18
40
4
65
48
86
5
55
75
57
53
1
43
42
28
33
50
85
73
23
67
16
79
78
62
69
44
45
81
63
39
51
8
7
38
14
10
54
61
74
46
82
37
12
89
95
3
29
49
92
32
70
31
20
68
47
83
30
58
90
59
21
52
72
34
15
9
94
87
17
76
2
6
25
93
24
41
88
19
77
35
0
22
84
11
13
80
56
60
