0 0 0 0 0 0 0 0 0 0 0 0 0 0 0 0 0 0 0 0 0 0 0 0 0 0 0 0 0 0 0 0 0 0 0 0 0 0 0 
0 0 0 0 0 0 0 0 0 0 0 0 0 0 0 0 0 0 0 0 0 0 0 0 0 0 0 0 0 11 0 0 0 0 0 0 0 0 0 
0 0 0 0 0 0 0 0 0 0 0 0 0 0 0 0 0 0 0 0 0 0 0 0 0 0 0 0 11 37 11 0 0 0 0 0 0 0 0 
0 0 0 0 0 0 0 0 0 0 0 0 0 0 0 0 0 0 0 0 0 0 0 0 0 0 0 11 37 62 37 11 0 0 0 0 0 0 0 
0 0 0 0 0 0 0 0 0 0 0 0 0 0 0 0 0 0 0 0 0 0 0 0 0 0 11 37 62 88 62 37 11 0 0 0 0 0 0 
0 0 0 0 0 0 0 0 0 0 0 0 0 0 0 0 0 0 0 0 0 0 0 0 0 11 37 62 88 113 88 62 37 11 0 0 0 0 0 
0 0 0 0 0 0 0 0 0 0 0 0 0 0 0 0 0 0 0 0 0 0 0 0 11 37 62 88 113 139 113 88 62 37 11 0 0 0 0 
0 0 0 0 0 0 0 0 0 0 0 0 0 0 0 0 0 0 0 0 0 0 0 11 37 62 88 113 139 165 139 113 88 62 37 11 0 0 0 
0 0 0 0 0 0 0 0 0 0 0 0 0 0 0 0 0 0 0 0 0 0 11 37 62 88 113 139 165 190 165 139 113 88 62 37 11 0 0 
0 0 0 0 0 0 0 0 0 0 0 0 0 0 0 0 0 0 0 0 0 11 37 62 88 113 139 165 190 216 190 165 139 113 88 62 37 11 0 
0 0 0 0 0 0 0 0 0 0 0 0 0 0 0 0 0 0 0 0 11 37 62 88 113 139 165 190 216 242 216 190 165 139 113 88 62 37 11 
11 0 0 0 0 0 0 0 0 0 0 0 0 0 0 0 0 0 0 11 37 62 88 113 139 165 190 216 242 267 242 216 190 165 139 113 88 62 37 
37 11 0 0 0 0 0 0 0 0 0 0 0 0 0 0 0 0 11 37 62 88 113 139 165 190 216 242 267 293 267 242 216 190 165 139 113 88 62 
62 37 11 0 0 0 0 0 0 0 0 0 0 0 0 0 0 11 37 62 88 113 139 165 190 216 242 267 293 319 293 267 242 216 190 165 139 113 88 
88 62 37 11 0 0 0 0 0 0 0 0 0 0 0 0 11 37 62 88 113 139 165 190 216 242 267 293 319 344 319 293 267 242 216 190 165 139 113 
113 88 62 37 11 0 0 0 0 0 0 0 0 0 0 11 37 62 88 113 139 165 190 216 242 267 293 319 344 370 344 319 293 267 242 216 190 165 139 
139 113 88 62 37 11 0 0 0 0 0 0 0 0 11 37 62 88 113 139 165 190 216 242 267 293 319 344 370 395 370 344 319 293 267 242 216 190 165 
165 139 113 88 62 37 11 0 0 0 0 0 0 11 37 62 88 113 139 165 190 216 242 267 293 319 344 370 395 1000 395 370 344 319 293 267 242 216 190 
139 113 88 62 37 11 0 0 0 0 0 0 0 0 11 37 62 88 113 139 165 190 216 242 267 293 319 344 370 395 370 344 319 293 267 242 216 190 165 
113 88 62 37 11 0 0 0 0 0 0 0 0 0 0 11 37 62 88 113 139 165 190 216 242 267 293 319 344 370 344 319 293 267 242 216 190 165 139 
88 62 37 11 0 0 0 0 0 0 0 0 0 0 0 0 11 37 62 88 113 139 165 190 216 242 267 293 319 344 319 293 267 242 216 190 165 139 113 
62 37 11 0 0 0 0 0 0 0 0 0 0 0 0 0 0 11 37 62 88 113 139 165 190 216 242 267 293 319 293 267 242 216 190 165 139 113 88 
37 11 0 0 0 0 0 0 0 0 0 0 0 0 0 0 0 0 11 37 62 88 113 139 165 190 216 242 267 293 267 242 216 190 165 139 113 88 62 
11 0 0 0 0 0 0 0 0 0 0 0 0 0 0 0 0 0 0 11 37 62 88 113 139 165 190 216 242 267 242 216 190 165 139 113 88 62 37 
0 0 0 0 0 0 0 0 0 0 0 0 0 0 0 0 0 0 0 0 11 37 62 88 113 139 165 190 216 242 216 190 165 139 113 88 62 37 11 
0 0 0 0 0 0 0 0 0 0 0 0 0 0 0 0 0 0 0 0 0 11 37 62 88 113 139 165 190 216 190 165 139 113 88 62 37 11 0 
0 0 0 0 0 0 0 0 0 0 0 0 0 0 0 0 0 0 0 0 0 0 11 37 62 88 113 139 165 190 165 139 113 88 62 37 11 0 0 
0 0 0 0 0 0 0 0 0 0 0 0 0 0 0 0 0 0 0 0 0 0 0 11 37 62 88 113 139 165 139 113 88 62 37 11 0 0 0 
0 0 0 0 0 0 0 0 0 0 0 0 0 0 0 0 0 0 0 0 0 0 0 0 11 37 62 88 113 139 113 88 62 37 11 0 0 0 0 
0 0 0 0 0 0 0 0 0 0 0 0 0 0 0 0 0 0 0 0 0 0 0 0 0 11 37 62 88 113 88 62 37 11 0 0 0 0 0 
0 0 0 0 0 0 0 0 0 0 0 0 0 0 0 0 0 0 0 0 0 0 0 0 0 0 11 37 62 88 62 37 11 0 0 0 0 0 0 
0 0 0 0 0 0 0 0 0 0 0 0 0 0 0 0 0 0 0 0 0 0 0 0 0 0 0 11 37 62 37 11 0 0 0 0 0 0 0 
0 0 0 0 0 0 0 0 0 0 0 0 0 0 0 0 0 0 0 0 0 0 0 0 0 0 0 0 11 37 11 0 0 0 0 0 0 0 0 
0 0 0 0 0 0 0 0 0 0 0 0 0 0 0 0 0 0 0 0 0 0 0 0 0 0 0 0 0 11 0 0 0 0 0 0 0 0 0 
0 0 0 0 0 0 0 0 0 0 0 0 0 0 0 0 0 0 0 0 0 0 0 0 0 0 0 0 0 0 0 0 0 0 0 0 0 0 0 
0 0 0 0 0 0 0 0 0 0 0 0 0 0 0 0 0 0 0 0 0 0 0 0 0 0 0 0 0 0 0 0 0 0 0 0 0 0 0 
0 0 0 0 0 0 0 0 0 0 0 0 0 0 0 0 0 0 0 0 0 0 0 0 0 0 0 0 0 0 0 0 0 0 0 0 0 0 0 
0 0 0 0 0 0 0 0 0 0 0 0 0 0 0 0 0 0 0 0 0 0 0 0 0 0 0 0 0 0 0 0 0 0 0 0 0 0 0 
0 0 0 0 0 0 0 0 0 0 0 0 0 0 0 0 0 0 0 0 0 0 0 0 0 0 0 0 0 0 0 0 0 0 0 0 0 0 0 
0 0 -1
1 0 -1
2 0 -1
3 0 -1
3 0 -1
3 0 -1
4 0 -1
5 0 -1
6 0 -1
7 0 -1
8 0 -1
8 0 -1
8 0 -1
8 0 -1
8 0 -1
8 0 -1
9 0 -1
9 0 -1
10 0 -1
11 0 -1
12 0 -1
12 0 -1
12 0 -1
12 0 -1
13 0 -1
14 0 -1
15 0 -1
15 0 -1
16 0 -1
16 0 -1
16 0 -1
16 0 -1
17 0 -1
17 0 -1
18 0 -1
18 0 -1
18 0 -1
18 0 -1
18 0 -1
18 0 -1
18 0 -1
18 0 -1
18 0 -1
8 -1 3
16 -1 3
3 -1 3
12 -1 3
15 -1 3
15 -1 3
15 -1 3
15 -1 3
15 -1 3
8 -1 3
17 -1 3
18 -1 3
9 -1 3
19 -1 3
20 -1 3
20 -1 3
20 -1 3
20 -1 3
21 -1 3
22 -1 3
23 -1 3
23 -1 3
23 -1 3
23 -1 3
24 -1 3
25 -1 3
26 -1 3
27 -1 3
27 -1 3
27 -1 3
27 -1 3
27 -1 3
28 -1 3
28 -1 3
28 -1 3
29 -1 3
30 -1 3
30 -1 3
31 -1 3
32 -1 3
33 -1 3
34 -1 3
35 -1 3
36 -1 3
37 -1 3
37 -1 3
38 -1 3
38 -1 3
39 -1 3
39 -1 3
39 -1 3
39 -1 3
40 -1 3
40 -1 3
40 -1 3
41 -1 3
42 -1 3
43 -1 3
44 -1 3
45 -1 3
46 -1 3
47 -1 3
48 -1 3
49 -1 3
50 -1 3
51 -1 3
52 -1 3
53 -1 3
53 -1 3
54 -1 3
55 -1 3
56 -1 3
57 -1 3
58 -1 3
59 -1 3
60 -1 3
61 -1 3
62 -1 3
62 -1 3
62 -1 3
62 -1 3
63 -1 3
63 -1 3
64 -1 3
64 -1 3
65 -1 3
66 -1 3
67 -1 3
67 -1 3
68 -1 3
69 -1 3
70 -1 3
71 -1 3
71 -1 3
71 -1 3
72 -1 3
73 -1 3
74 -1 3
75 -1 3
75 -1 3
76 -1 3
77 -1 3
78 -1 3
78 -1 3
78 -1 3
78 -1 3
78 -1 3
78 -1 3
78 -1 3
79 -1 3
79 -1 3
80 -1 3
81 -1 3
2 -1 3
14 -1 3
73 -1 3
73 -1 3
7 -1 3
33 -1 3
23 -1 3
23 -1 3
50 -1 3
71 -1 3
1 -1 3
40 -1 3
54 -1 3
13 -1 3
5 -1 3
37 -1 3
7 -1 3
7 -1 3
80 -1 3
56 -1 3
3 -1 3
72 -1 3
72 -1 3
6 -1 3
27 -1 3
0 -1 3
0 -1 3
0 -1 3
0 -1 3
50 -1 3
50 -1 3
30 -1 3
48 -1 3
11 -1 3
39 -1 3
10 -1 3
16 -1 3
76 -1 3
76 -1 3
59 -1 3
59 -1 3
59 -1 3
59 -1 3
16 -1 3
16 -1 3
16 -1 3
16 -1 3
26 -1 3
57 -1 3
57 -1 3
57 -1 3
69 -1 3
80 -1 3
42 -1 3
63 -1 3
4 -1 3
10 -1 3
50 -1 3
50 -1 3
65 -1 3
8 -1 3
2 -1 3
41 -1 3
28 -1 3
72 -1 3
5 -1 3
78 -1 3
52 -1 3
59 -1 3
25 -1 3
81 -1 3
81 -1 3
81 -1 3
81 -1 3
81 -1 3
81 -1 3
31 -1 3
52 -1 3
52 -1 3
52 -1 3
52 -1 3
52 -1 3
52 -1 3
52 -1 3
52 -1 3
52 -1 3
52 -1 3
52 -1 3
52 -1 3
52 -1 3
52 -1 3
52 -1 3
52 -1 3
52 -1 3
52 -1 3
52 -1 3
52 -1 3
52 -1 3
52 -1 3
52 -1 3
52 -1 3
52 -1 3
64 -1 3
38 -1 3
38 -1 3
38 -1 3
48 -1 3
7 -1 3
7 -1 3
7 -1 3
7 -1 3
38 -1 3
70 -1 3
70 -1 3
70 -1 3
70 -1 3
70 -1 3
17 -1 3
56 -1 3
56 -1 3
71 -1 3
7 -1 3
20 -1 3
20 -1 3
20 -1 3
20 -1 3
23 -1 3
62 -1 3
39 -1 3
4 -1 3
51 -1 3
51 -1 3
51 -1 3
34 -1 3
51 -1 3
60 -1 3
14 -1 3
67 -1 3
0 -1 3
14 -1 3
14 -1 3
14 -1 3
14 -1 3
14 -1 3
14 -1 3
61 -1 3
61 -1 3
61 -1 3
61 -1 3
61 -1 3
63 -1 3
0 -1 3
0 -1 3
6 -1 3
6 -1 3
6 -1 3
6 -1 3
6 -1 3
26 -1 3
34 -1 3
34 -1 3
34 -1 3
34 -1 3
81 -1 3
81 -1 3
81 -1 3
81 -1 3
81 -1 3
81 -1 3
81 -1 3
81 -1 3
81 -1 3
81 -1 3
66 -1 3
9 -1 3
51 -1 3
4 -1 3
4 -1 3
53 -1 3
53 -1 3
53 -1 3
72 -1 3
72 -1 3
45 -1 3
67 -1 3
12 -1 3
12 -1 3
44 -1 3
53 -1 3
11 -1 3
30 -1 3
30 -1 3
30 -1 3
21 -1 3
34 -1 3
2 -1 3
16 -1 3
16 -1 3
40 -1 3
30 -1 3
42 -1 3
42 -1 3
42 -1 3
76 -1 3
76 -1 3
76 -1 3
76 -1 3
76 -1 3
34 -1 3
34 -1 3
41 -1 3
67 -1 3
46 -1 3
46 -1 3
33 -1 3
42 -1 3
19 -1 3
71 -1 3
24 -1 3
68 -1 3
24 -1 3
24 -1 3
63 -1 3
6 -1 3
5 -1 3
20 -1 3
80 -1 3
70 -1 3
78 -1 3
64 -1 3
3 -1 3
54 -1 3
4 -1 3
61 -1 3
39 -1 3
8 -1 3
35 -1 3
62 -1 3
62 -1 3
52 -1 3
60 -1 3
60 -1 3
80 -1 3
22 -1 3
22 -1 3
22 -1 3
22 -1 3
1 -1 3
18 -1 3
18 -1 3
75 -1 3
31 -1 3
7 -1 3
37 -1 3
65 -1 3
16 -1 3
26 -1 3
10 -1 3
78 -1 3
78 -1 3
59 -1 3
54 -1 3
54 -1 3
54 -1 3
53 -1 3
0 -1 3
7 -1 3
44 -1 3
44 -1 3
44 -1 3
18 -1 3
18 -1 3
18 -1 3
43 -1 3
52 -1 3
42 -1 3
75 -1 3
75 -1 3
10 -1 3
51 -1 3
49 -1 3
66 -1 3
32 -1 3
79 -1 3
80 -1 3
69 -1 3
69 -1 3
69 -1 3
79 -1 3
56 -1 3
56 -1 3
73 -1 3
73 -1 3
73 -1 3
73 -1 3
73 -1 3
73 -1 3
73 -1 3
73 -1 3
73 -1 3
52 5 0
52 5 0
52 5 0
52 5 0
81 5 0
52 5 0
16 5 0
16 5 0
16 5 0
16 5 0
16 5 0
16 5 0
16 5 0
16 5 0
16 5 0
16 5 0
16 5 0
16 5 0
16 5 0
16 5 0
16 5 0
16 5 0
81 5 0
78 5 0
78 5 0
8 5 0
16 5 0
76 5 0
78 5 0
7 5 0
34 5 0
53 5 0
61 5 0
30 5 0
23 5 0
76 5 0
14 5 0
15 5 0
15 5 0
39 5 0
62 5 0
70 5 0
70 5 0
27 5 0
27 5 0
27 5 0
27 5 0
27 5 0
27 5 0
38 5 0
59 5 0
59 5 0
59 5 0
59 5 0
59 5 0
59 5 0
59 5 0
3 5 0
50 5 0
38 5 0
3 5 0
3 5 0
72 5 0
72 5 0
20 5 0
20 5 0
20 5 0
44 5 0
67 5 0
67 5 0
67 5 0
67 5 0
42 5 0
53 5 0
53 5 0
40 5 0
56 5 0
12 5 0
6 5 0
71 5 0
26 5 0
22 5 0
17 5 0
51 5 0
51 5 0
54 5 0
46 5 0
57 5 0
69 5 0
31 5 0
57 5 0
0 5 0
0 5 0
0 5 0
24 5 0
35 5 0
19 5 0
33 5 0
62 5 0
18 5 0
18 5 0
46 5 0
46 5 0
41 5 0
25 5 0
25 5 0
25 5 0
25 5 0
25 5 0
25 5 0
48 5 0
48 5 0
79 5 0
43 5 0
64 5 0
64 5 0
64 5 0
9 5 0
9 5 0
9 5 0
77 5 0
77 5 0
47 5 0
47 5 0
47 5 0
47 5 0
47 5 0
47 5 0
47 5 0
47 5 0
47 5 0
47 5 0
47 5 0
47 5 0
52 -4 -1
52 -4 -1
52 -4 -1
16 -4 -1
52 -4 -1
81 -4 -1
78 -4 -1
52 -4 -1
18 -4 -1
76 -4 -1
59 -4 -1
53 -4 -1
52 -4 -1
16 -4 -1
27 -4 -1
52 -4 -1
67 -4 -1
38 -4 -1
38 -4 -1
38 -4 -1
38 -4 -1
38 -4 -1
38 -4 -1
38 -4 -1
38 -4 -1
16 5 -1
47 5 -1
47 5 -1
16 5 -1
47 5 -1
16 5 -1
59 5 -1
52 5 -1
25 5 -1
18 5 -1
3 5 -1
3 5 -1
67 5 -1
78 5 -1
81 5 -1
64 5 -1
53 5 -1
0 5 -1
18 5 -1
18 5 -1
18 5 -1
15 5 -1
50 5 -1
76 5 -1
76 5 -1
76 5 -1
76 5 -1
47 5 -1
72 5 -1
9 5 -1
62 5 -1
27 5 -1
27 5 -1
3 5 -1
77 5 -1
20 5 -1
39 5 -1
12 5 -1
14 5 -1
51 5 -1
6 5 -1
6 5 -1
6 5 -1
6 5 -1
6 5 -1
6 5 -1
6 5 -1
6 5 -1
6 5 -1
6 5 -1
6 5 -1
52 0 6
52 0 6
81 0 6
16 0 6
78 0 6
76 0 6
59 0 6
53 0 6
7 0 6
7 0 6
81 0 6
81 0 6
34 0 6
27 0 6
61 0 6
61 0 6
14 0 6
30 0 6
30 0 6
23 0 6
62 0 6
34 0 6
50 0 6
67 0 6
67 0 6
52 0 6
15 0 6
15 0 6
15 0 6
15 0 6
15 0 6
15 0 6
15 0 6
15 0 6
15 0 6
3 0 6
39 0 6
72 0 6
70 0 6
8 0 6
0 0 6
20 0 6
44 0 6
15 0 6
40 0 6
40 0 6
40 0 6
40 0 6
23 0 6
23 0 6
40 0 6
42 0 6
25 0 6
25 0 6
25 0 6
25 0 6
25 0 6
73 0 6
46 0 6
46 0 6
71 0 6
26 0 6
26 0 6
51 0 6
31 0 6
50 0 6
7 0 6
22 0 6
67 0 6
67 0 6
56 0 6
56 0 6
56 0 6
56 0 6
56 0 6
56 0 6
35 0 6
17 0 6
76 0 6
69 0 6
54 0 6
54 0 6
54 0 6
54 0 6
54 0 6
54 0 6
54 0 6
54 0 6
54 0 6
54 0 6
54 0 6
54 0 6
54 0 6
46 0 6
46 0 6
12 0 6
48 0 6
43 0 6
43 0 6
33 0 6
5 0 6
5 0 6
5 0 6
5 0 6
19 0 6
19 0 6
57 0 6
57 0 6
64 0 6
1 0 6
1 0 6
1 0 6
77 0 6
4 0 6
9 0 6
9 0 6
9 0 6
9 0 6
9 0 6
9 0 6
9 0 6
9 0 6
9 0 6
9 0 6
9 0 6
9 0 6
9 0 6
9 0 6
9 0 6
9 0 6
9 0 6
9 0 6
9 0 6
9 0 6
9 0 6
39 0 6
39 0 6
39 0 6
39 0 6
39 0 6
74 0 6
9 0 6
29 0 6
53 0 6
79 0 6
24 0 6
24 0 6
78 0 6
30 0 6
15 0 6
15 0 6
15 0 6
15 0 6
15 0 6
15 0 6
15 0 6
15 0 6
15 0 6
15 0 6
15 0 6
15 0 6
15 0 6
15 0 6
15 0 6
15 0 6
15 0 6
15 0 6
15 0 6
15 0 6
15 0 6
15 0 6
15 0 6
15 0 6
52 0 -6
16 0 -6
52 0 -6
52 0 -6
52 0 -6
52 0 -6
52 0 -6
52 0 -6
52 0 -6
52 0 -6
52 0 -6
81 0 -6
78 0 -6
78 0 -6
78 0 -6
59 0 -6
59 0 -6
3 0 -6
3 0 -6
3 0 -6
18 0 -6
76 0 -6
76 0 -6
76 0 -6
76 0 -6
76 0 -6
76 0 -6
76 0 -6
76 0 -6
76 0 -6
76 0 -6
8 0 -6
9 0 -6
25 0 -6
25 0 -6
25 0 -6
25 0 -6
25 0 -6
7 0 -6
76 0 -6
40 0 -6
40 0 -6
40 0 -6
34 0 -6
67 0 -6
54 0 -6
54 0 -6
23 0 -6
23 0 -6
23 0 -6
50 0 -6
27 0 -6
27 0 -6
53 0 -6
61 0 -6
61 0 -6
61 0 -6
61 0 -6
23 0 -6
23 0 -6
23 0 -6
23 0 -6
23 0 -6
23 0 -6
23 0 -6
23 0 -6
23 0 -6
23 0 -6
23 0 -6
23 0 -6
23 0 -6
23 0 -6
23 0 -6
23 0 -6
23 0 -6
23 0 -6
23 0 -6
23 0 -6
23 0 -6
23 0 -6
23 0 -6
23 0 -6
23 0 -6
23 0 -6
23 0 -6
23 0 -6
23 0 -6
23 0 -6
23 0 -6
23 0 -6
23 0 -6
23 0 -6
23 0 -6
23 0 -6
23 0 -6
23 0 -6
23 0 -6
23 0 -6
23 0 -6
23 0 -6
39 0 -6
46 0 -6
46 0 -6
14 0 -6
70 0 -6
30 0 -6
62 0 -6
62 0 -6
56 0 -6
20 0 -6
20 0 -6
8 0 -6
8 0 -6
42 0 -6
42 0 -6
51 0 -6
51 0 -6
26 0 -6
0 0 -6
25 0 -6
25 0 -6
43 0 -6
43 0 -6
78 0 -6
78 0 -6
78 0 -6
44 0 -6
71 0 -6
9 0 -6
31 0 -6
31 0 -6
31 0 -6
31 0 -6
31 0 -6
31 0 -6
31 0 -6
31 0 -6
31 0 -6
31 0 -6
31 0 -6
31 0 -6
48 0 -6
12 0 -6
33 0 -6
35 0 -6
46 0 -6
17 0 -6
23 0 -6
23 0 -6
22 0 -6
5 0 -6
5 0 -6
63 0 -6
80 0 -6
57 0 -6
28 0 -6
1 0 -6
37 0 -6
64 0 -6
29 0 -6
21 0 -6
21 0 -6
60 0 -6
2 0 -6
2 0 -6
50 0 -6
24 0 -6
58 0 -6
12 0 -6
68 0 -6
72 0 -6
32 0 -6
75 0 -6
75 0 -6
74 0 -6
45 0 -6
69 0 -6
19 0 -6
19 0 -6
19 0 -6
19 0 -6
19 0 -6
55 0 -6
65 0 -6
65 0 -6
65 0 -6
79 0 -6
66 0 -6
1 0 -6
43 0 -6
77 0 -6
62 0 -6
3 0 -6
3 0 -6
64 0 -6
76 0 -6
76 0 -6
76 0 -6
76 0 -6
76 0 -6
76 0 -6
76 0 -6
12 0 -6
12 0 -6
12 0 -6
7 0 -6
49 0 -6
13 0 -6
13 0 -6
13 0 -6
41 0 -6
19 0 -6
36 0 -6
75 0 -6
75 0 -6
75 0 -6
75 0 -6
5 0 -6
42 0 -6
13 0 -6
37 0 -6
67 0 -6
67 0 -6
67 0 -6
67 0 -6
80 0 -6
80 0 -6
9 0 -6
4 0 -6
54 0 -6
57 0 -6
23 0 -6
23 0 -6
10 0 -6
10 0 -6
11 0 -6
31 0 -6
43 0 -6
18 0 -6
18 0 -6
18 0 -6
18 0 -6
51 0 -6
51 0 -6
51 0 -6
41 0 -6
24 0 -6
24 0 -6
24 0 -6
61 0 -6
67 0 -6
67 0 -6
67 0 -6
67 0 -6
67 0 -6
56 0 -6
77 0 -6
77 0 -6
21 0 -6
21 0 -6
21 0 -6
21 0 -6
8 0 -6
40 0 -6
79 0 -6
54 0 -6
58 0 -6
19 0 -6
28 0 -6
78 0 -6
14 0 -6
14 0 -6
14 0 -6
27 0 -6
27 0 -6
25 0 -6
70 0 -6
35 0 -6
39 0 -6
17 0 -6
20 0 -6
20 0 -6
76 0 -6
42 0 -6
14 0 -6
30 0 -6
30 0 -6
42 0 -6
75 0 -6
54 0 -6
28 0 -6
21 0 -6
21 0 -6
21 0 -6
21 0 -6
21 0 -6
21 0 -6
21 0 -6
21 0 -6
21 0 -6
21 0 -6
21 0 -6
1 0 -6
1 0 -6
1 0 -6
1 0 -6
1 0 -6
1 0 -6
1 0 -6
1 0 -6
1 0 -6
1 0 -6
1 0 -6
1 0 -6
1 0 -6
1 0 -6
1 0 -6
1 0 -6
23 -1 -5
23 -1 -5
23 -1 -5
23 -1 -5
23 -1 -5
23 -1 -5
23 -1 -5
23 -1 -5
23 -1 -5
52 -1 -5
52 -1 -5
52 -1 -5
52 -1 -5
52 -1 -5
52 -1 -5
81 -5 1
81 -5 1
78 -5 1
38 -5 1
16 -5 1
9 -5 1
25 -5 1
76 -5 1
76 -5 1
54 -5 1
39 -5 1
67 -5 1
61 -5 1
59 -5 1
59 -5 1
14 -5 1
40 -5 1
7 -5 1
7 -5 1
7 -5 1
9 -5 1
14 -5 1
54 -5 1
38 -5 1
38 -5 1
62 -5 1
62 -5 1
62 -5 1
62 -5 1
62 -5 1
62 -5 1
62 -5 1
34 -5 1
3 -5 1
8 -5 1
8 -5 1
31 -5 1
25 -5 1
30 -5 1
30 -5 1
30 -5 1
50 -5 1
56 -5 1
42 -5 1
42 -5 1
70 -5 1
46 -5 1
21 -5 1
0 -5 1
0 -5 1
0 -5 1
0 -5 1
0 -5 1
52 -5 1
40 -5 1
40 -5 1
20 -5 1
20 -5 1
76 -5 1
9 -5 1
43 -5 1
43 -5 1
12 -5 1
5 -5 1
42 -5 1
27 -5 1
51 -5 1
78 -5 1
53 -5 1
0 -5 1
57 -5 1
5 -5 1
5 -5 1
62 -5 1
19 -5 1
71 -5 1
24 -5 1
26 -5 1
8 -5 1
70 -5 1
70 -5 1
48 -5 1
17 -5 1
75 -5 1
33 -5 1
56 -5 1
56 -5 1
18 -5 1
67 -5 1
64 -5 1
62 -5 1
62 -5 1
62 -5 1
62 -5 1
62 -5 1
44 -5 1
37 -5 1
22 -5 1
28 -5 1
80 -5 1
72 -5 1
72 -5 1
72 -5 1
72 -5 1
72 -5 1
72 -5 1
72 -5 1
16 6 1
6 6 1
47 6 1
47 6 1
47 6 1
16 6 1
76 6 1
76 6 1
76 6 1
25 6 1
25 6 1
59 6 1
59 6 1
59 6 1
59 6 1
59 6 1
59 6 1
59 6 1
59 6 1
59 6 1
59 6 1
59 6 1
59 6 1
59 6 1
59 6 1
23 1 -6
23 1 -6
23 1 -6
23 1 -6
23 1 -6
23 1 -6
23 1 -6
23 1 -6
23 1 -6
23 1 -6
9 1 8
54 1 8
81 1 8
15 1 8
39 1 8
56 1 8
78 1 8
40 1 8
16 1 8
67 1 8
9 1 8
25 1 8
25 1 8
25 1 8
25 1 8
25 1 8
7 1 8
62 1 8
53 1 8
46 1 8
14 1 8
14 1 8
0 1 8
5 1 8
5 1 8
5 1 8
5 1 8
5 1 8
5 1 8
50 1 8
27 1 8
61 1 8
61 1 8
81 1 8
81 1 8
81 1 8
70 1 8
34 1 8
34 1 8
5 1 8
5 1 8
76 1 8
43 1 8
43 1 8
16 1 8
16 1 8
16 1 8
16 1 8
16 1 8
16 1 8
57 1 8
81 1 8
8 1 8
42 1 8
26 1 8
26 1 8
26 1 8
30 1 8
24 1 8
24 1 8
33 1 8
25 1 8
25 1 8
25 1 8
25 1 8
25 1 8
12 1 8
62 1 8
15 1 8
37 1 8
3 1 8
0 1 8
63 1 8
2 1 8
2 1 8
4 1 8
29 1 8
58 1 8
71 1 8
71 1 8
71 1 8
71 1 8
71 1 8
71 1 8
60 1 8
43 1 8
68 1 8
13 1 8
32 1 8
32 1 8
32 1 8
45 1 8
81 1 8
10 1 8
80 1 8
80 1 8
41 1 8
41 1 8
48 1 8
35 1 8
64 1 8
55 1 8
55 1 8
28 1 8
28 1 8
28 1 8
28 1 8
28 1 8
28 1 8
25 1 8
75 1 8
70 1 8
78 1 8
65 1 8
29 1 8
31 1 8
4 1 8
4 1 8
4 1 8
11 1 8
51 1 8
51 1 8
51 1 8
51 1 8
51 1 8
51 1 8
78 1 8
66 1 8
20 1 8
17 1 8
22 1 8
39 1 8
74 1 8
26 1 8
26 1 8
26 1 8
61 1 8
44 1 8
49 1 8
49 1 8
43 1 8
21 1 8
77 1 8
77 1 8
77 1 8
77 1 8
36 1 8
76 1 8
67 1 8
0 1 8
80 1 8
0 1 8
0 1 8
0 1 8
0 1 8
0 1 8
0 1 8
0 1 8
0 1 8
0 1 8
81 -1 8
81 -1 8
25 -1 8
5 -1 8
9 -1 8
9 -1 8
9 -1 8
9 -1 8
9 -1 8
15 -1 8
15 -1 8
15 -1 8
0 -1 8
0 -1 8
25 -1 8
25 -1 8
25 -1 8
25 -1 8
54 -1 8
16 -1 8
16 -1 8
78 -1 8
62 -1 8
43 -1 8
43 -1 8
43 -1 8
43 -1 8
43 -1 8
43 -1 8
43 -1 8
43 -1 8
43 -1 8
9 -4 5
62 -4 5
25 -4 5
81 -4 5
81 -4 5
25 -4 5
56 -4 5
5 -4 5
54 -4 5
54 -4 5
54 -4 5
54 -4 5
54 -4 5
54 -4 5
54 -4 5
25 -4 5
39 -4 5
14 -4 5
70 -4 5
7 -4 5
7 -4 5
62 -4 5
78 -4 5
71 -4 5
30 -4 5
34 -4 5
62 -4 5
62 -4 5
50 -4 5
16 -4 5
4 -4 5
4 -4 5
4 -4 5
4 -4 5
46 -4 5
40 -4 5
15 -4 5
15 -4 5
15 -4 5
15 -4 5
15 -4 5
81 -4 5
81 -4 5
81 -4 5
81 -4 5
53 -4 5
61 -4 5
61 -4 5
46 -4 5
46 -4 5
46 -4 5
46 -4 5
46 -4 5
46 -4 5
46 -4 5
46 -4 5
8 -4 5
26 -4 5
42 -4 5
9 -4 5
67 -4 5
73 -4 5
46 -4 5
54 -4 5
38 -4 5
38 -4 5
38 -4 5
14 -4 5
41 -4 5
29 -4 5
77 -4 5
55 -4 5
72 -4 5
57 -4 5
24 -4 5
7 -4 5
63 -4 5
60 -4 5
60 -4 5
60 -4 5
54 -4 5
22 -4 5
43 -4 5
37 -4 5
37 -4 5
37 -4 5
37 -4 5
37 -4 5
37 -4 5
37 -4 5
37 -4 5
37 -4 5
37 -4 5
37 -4 5
37 -4 5
37 -4 5
37 -4 5
37 -4 5
37 -4 5
37 -4 5
37 -4 5
37 -4 5
37 -4 5
37 -4 5
37 -4 5
37 -4 5
37 -4 5
37 -4 5
37 -4 5
15 -4 5
35 -4 5
58 -4 5
2 -4 5
29 -4 5
33 -4 5
51 -4 5
74 -4 5
11 -4 5
27 -4 5
42 -4 5
42 -4 5
76 -4 5
10 -4 5
13 -4 5
13 -4 5
31 -4 5
64 -4 5
32 -4 5
3 -4 5
3 -4 5
3 -4 5
3 -4 5
3 -4 5
3 -4 5
3 -4 5
3 -4 5
3 -4 5
3 -4 5
3 -4 5
3 -4 5
3 -4 5
3 -4 5
3 -4 5
3 -4 5
3 -4 5
3 -4 5
3 -4 5
3 -4 5
45 -4 5
31 -4 5
31 -4 5
49 -4 5
69 -4 5
44 -4 5
44 -4 5
44 -4 5
44 -4 5
44 -4 5
44 -4 5
44 -4 5
44 -4 5
44 -4 5
44 -4 5
44 -4 5
44 -4 5
36 -4 5
79 -4 5
79 -4 5
73 -4 5
8 -4 5
8 -4 5
8 -4 5
8 -4 5
8 -4 5
8 -4 5
8 -4 5
8 -4 5
8 -4 5
8 -4 5
8 -4 5
8 -4 5
8 -4 5
8 -4 5
8 -4 5
8 -4 5
38 -4 5
38 -4 5
38 -4 5
38 -4 5
15 -4 5
75 -4 5
75 -4 5
75 -4 5
75 -4 5
75 -4 5
40 -4 5
30 -4 5
65 -4 5
61 -4 5
54 -4 5
12 -4 5
19 -4 5
68 -4 5
68 -4 5
68 -4 5
68 -4 5
68 -4 5
5 -4 5
21 -4 5
21 -4 5
21 -4 5
21 -4 5
8 -4 5
28 -4 5
66 -4 5
50 -4 5
50 -4 5
4 -4 5
4 -4 5
53 -4 5
60 -4 5
80 -4 5
68 -4 5
68 -4 5
68 -4 5
19 -4 5
3 -4 5
21 -4 5
55 -4 5
55 -4 5
55 -4 5
55 -4 5
55 -4 5
55 -4 5
55 -4 5
55 -4 5
55 -4 5
55 -4 5
55 -4 5
55 -4 5
55 -4 5
55 -4 5
55 -4 5
55 -4 5
17 -4 5
61 -4 5
61 -4 5
75 -4 5
72 -4 5
41 -4 5
9 -4 5
9 -4 5
9 -4 5
9 -4 5
9 -4 5
81 -4 5
26 -4 5
26 -4 5
26 -4 5
63 -4 5
66 -4 5
0 -4 5
0 -4 5
24 -4 5
77 -4 5
31 -4 5
78 -4 5
55 -4 5
52 -4 5
34 -4 5
29 -4 5
20 -4 5
42 -4 5
39 -4 5
40 -4 5
48 -4 5
48 -4 5
57 -4 5
50 -4 5
44 -4 5
22 -4 5
43 -4 5
70 -4 5
19 -4 5
49 -4 5
14 -4 5
53 -4 5
69 -4 5
68 -4 5
10 -4 5
34 -4 5
34 -4 5
55 -4 5
34 -4 5
36 -4 5
36 -4 5
36 -4 5
44 -4 5
44 -4 5
44 -4 5
44 -4 5
44 -4 5
44 -4 5
44 -4 5
66 -4 5
75 -4 5
69 -4 5
76 -4 5
40 -4 5
4 -4 5
4 -4 5
4 -4 5
4 -4 5
42 -4 5
58 -4 5
24 -4 5
44 -4 5
44 -4 5
44 -4 5
0 -4 5
0 -4 5
0 -4 5
9 -4 5
9 -4 5
9 -4 5
9 -4 5
0 -4 5
18 -4 5
18 -4 5
18 -4 5
79 -4 5
28 -4 5
79 -4 5
51 -4 5
36 -4 5
75 -4 5
18 -4 5
25 -4 5
60 -4 5
50 -4 5
9 -4 5
2 -4 5
2 -4 5
54 -4 5
54 -4 5
54 -4 5
54 -4 5
54 -4 5
26 -4 5
81 -4 5
15 -4 5
64 -4 5
68 -4 5
19 -4 5
7 -4 5
7 -4 5
7 -4 5
65 -4 5
61 -4 5
61 -4 5
56 -4 5
78 -4 5
22 -4 5
22 -4 5
22 -4 5
22 -4 5
30 -4 5
30 -4 5
41 -4 5
37 -4 5
73 -4 5
73 -4 5
73 -4 5
73 -4 5
73 -4 5
73 -4 5
73 -4 5
73 -4 5
73 -4 5
12 -4 5
73 -4 5
9 -4 5
50 -4 5
4 -4 5
36 -4 5
35 -4 5
13 -4 5
56 -4 5
56 -4 5
56 -4 5
56 -4 5
56 -4 5
56 -4 5
11 -4 5
57 -4 5
57 -4 5
57 -4 5
57 -4 5
57 -4 5
57 -4 5
3 -4 5
74 -4 5
74 -4 5
17 -4 5
22 -4 5
60 -4 5
60 -4 5
60 -4 5
5 -4 5
5 -4 5
43 -4 5
24 -4 5
32 -4 5
67 -4 5
31 -4 5
31 -4 5
31 -4 5
31 -4 5
31 -4 5
31 -4 5
31 -4 5
31 -4 5
31 -4 5
31 -4 5
31 -4 5
31 -4 5
31 -4 5
31 -4 5
31 -4 5
31 -4 5
31 -4 5
31 -4 5
31 -4 5
31 -4 5
31 -4 5
31 -4 5
31 -4 5
31 -4 5
31 -4 5
31 -4 5
76 3 -7
76 3 -7
76 3 -7
76 3 -7
21 3 -7
67 3 -7
23 3 -7
78 3 -7
76 3 -7
76 3 -7
76 3 -7
19 3 -7
25 3 -7
25 3 -7
25 3 -7
25 3 -7
25 3 -7
25 3 -7
25 3 -7
25 3 -7
51 3 -7
75 3 -7
75 3 -7
75 3 -7
75 3 -7
75 3 -7
75 3 -7
75 3 -7
75 3 -7
75 3 -7
75 3 -7
75 3 -7
75 3 -7
75 3 -7
75 3 -7
75 3 -7
75 3 -7
75 3 -7
16 3 -7
19 3 -7
1 3 -7
20 3 -7
42 3 -7
42 3 -7
42 3 -7
42 3 -7
42 3 -7
42 3 -7
42 3 -7
42 3 -7
42 3 -7
42 3 -7
42 3 -7
42 3 -7
42 3 -7
42 3 -7
42 3 -7
42 3 -7
12 3 -7
61 3 -7
14 3 -7
3 3 -7
3 3 -7
3 3 -7
3 3 -7
3 3 -7
17 3 -7
40 3 -7
75 3 -7
48 3 -7
13 3 -7
64 3 -7
70 3 -7
70 3 -7
62 3 -7
62 3 -7
62 3 -7
30 3 -7
42 3 -7
65 3 -7
80 3 -7
13 3 -7
53 3 -7
27 3 -7
32 3 -7
8 3 -7
24 3 -7
34 3 -7
66 3 -7
78 3 -7
78 3 -7
78 3 -7
78 3 -7
78 3 -7
78 3 -7
78 3 -7
78 3 -7
78 3 -7
23 3 -7
5 3 -7
77 3 -7
7 3 -7
81 3 -7
50 3 -7
50 3 -7
50 3 -7
50 3 -7
50 3 -7
50 3 -7
69 3 -7
69 3 -7
33 3 -7
33 3 -7
33 3 -7
33 3 -7
33 3 -7
39 3 -7
39 3 -7
39 3 -7
39 3 -7
39 3 -7
39 3 -7
39 3 -7
79 3 -7
28 3 -7
57 3 -7
68 3 -7
71 3 -7
71 3 -7
71 3 -7
71 3 -7
53 3 -7
10 3 -7
10 3 -7
2 3 -7
2 3 -7
58 3 -7
39 3 -7
77 3 -7
77 3 -7
77 3 -7
77 3 -7
77 3 -7
77 3 -7
77 3 -7
77 3 -7
18 3 -7
18 3 -7
45 3 -7
46 3 -7
70 3 -7
70 3 -7
70 3 -7
70 3 -7
70 3 -7
70 3 -7
70 3 -7
70 3 -7
70 3 -7
70 3 -7
70 3 -7
70 3 -7
70 3 -7
1 3 -7
52 3 -7
63 3 -7
63 3 -7
52 3 -7
29 3 -7
22 3 -7
5 3 -7
49 3 -7
49 3 -7
49 3 -7
49 3 -7
49 3 -7
39 3 -7
58 3 -7
32 3 -7
33 3 -7
50 3 -7
50 3 -7
60 3 -7
56 3 -7
41 3 -7
41 3 -7
41 3 -7
41 3 -7
41 3 -7
41 3 -7
41 3 -7
41 3 -7
41 3 -7
41 3 -7
41 3 -7
41 3 -7
41 3 -7
41 3 -7
41 3 -7
41 3 -7
41 3 -7
41 3 -7
41 3 -7
41 3 -7
41 3 -7
41 3 -7
41 3 -7
41 3 -7
41 3 -7
41 3 -7
41 3 -7
41 3 -7
41 3 -7
41 3 -7
41 3 -7
41 3 -7
41 3 -7
41 3 -7
41 3 -7
41 3 -7
41 3 -7
41 3 -7
41 3 -7
75 2 -8
75 2 -8
42 2 -8
41 2 -8
41 2 -8
76 2 -8
75 2 -8
70 2 -8
78 2 -8
78 2 -8
41 2 -8
25 2 -8
23 2 -8
78 2 -8
21 2 -8
77 2 -8
42 2 -8
75 2 -8
75 2 -8
75 2 -8
75 2 -8
39 2 -8
50 2 -8
76 2 -8
1 2 -8
70 2 -8
19 2 -8
19 2 -8
39 2 -8
39 2 -8
21 2 -8
77 2 -8
77 2 -8
33 2 -8
70 2 -8
3 2 -8
71 2 -8
71 2 -8
71 2 -8
71 2 -8
67 2 -8
12 2 -8
23 2 -8
41 2 -8
13 2 -8
13 2 -8
16 2 -8
16 2 -8
16 2 -8
16 2 -8
16 2 -8
16 2 -8
17 2 -8
17 2 -8
17 2 -8
78 2 -8
78 2 -8
16 2 -8
16 2 -8
16 2 -8
16 2 -8
51 2 -8
69 2 -8
69 2 -8
69 2 -8
14 2 -8
64 2 -8
70 2 -8
24 2 -8
24 2 -8
24 2 -8
24 2 -8
24 2 -8
24 2 -8
3 2 -8
7 2 -8
7 2 -8
7 2 -8
8 2 -8
8 2 -8
53 2 -8
53 2 -8
75 2 -8
12 2 -8
71 2 -8
25 2 -8
25 2 -8
25 2 -8
25 2 -8
25 2 -8
25 2 -8
25 2 -8
25 2 -8
25 2 -8
25 2 -8
49 2 -8
49 2 -8
49 2 -8
49 2 -8
69 2 -8
69 2 -8
66 2 -8
20 2 -8
18 2 -8
25 2 -8
25 2 -8
62 2 -8
28 2 -8
28 2 -8
80 2 -8
80 2 -8
45 2 -8
57 2 -8
57 2 -8
61 2 -8
48 2 -8
63 2 -8
81 2 -8
71 2 -8
41 2 -8
10 2 -8
13 2 -8
13 2 -8
13 2 -8
13 2 -8
13 2 -8
13 2 -8
13 2 -8
13 2 -8
33 2 -8
58 2 -8
52 2 -8
5 2 -8
76 2 -8
29 2 -8
78 2 -8
78 2 -8
65 2 -8
65 2 -8
65 2 -8
65 2 -8
65 2 -8
65 2 -8
65 2 -8
65 2 -8
65 2 -8
65 2 -8
65 2 -8
50 2 -8
79 2 -8
27 2 -8
27 2 -8
57 2 -8
57 2 -8
70 2 -8
1 2 -8
1 2 -8
40 2 -8
60 2 -8
60 2 -8
60 2 -8
60 2 -8
60 2 -8
60 2 -8
60 2 -8
60 2 -8
60 2 -8
36 2 -8
52 2 -8
54 2 -8
35 2 -8
30 2 -8
57 2 -8
57 2 -8
19 2 -8
34 2 -8
56 2 -8
68 2 -8
63 2 -8
74 2 -8
3 2 -8
76 2 -8
76 2 -8
76 2 -8
9 2 -8
49 2 -8
7 2 -8
22 2 -8
22 2 -8
17 2 -8
26 2 -8
26 2 -8
66 2 -8
16 2 -8
42 2 -8
42 2 -8
42 2 -8
42 2 -8
42 2 -8
42 2 -8
42 2 -8
42 2 -8
42 2 -8
42 2 -8
42 2 -8
77 2 -8
1 2 -8
1 2 -8
1 2 -8
1 2 -8
1 2 -8
1 2 -8
1 2 -8
1 2 -8
1 2 -8
1 2 -8
32 2 -8
32 2 -8
1 2 -8
8 2 -8
46 2 -8
2 2 -8
42 2 -8
42 2 -8
48 2 -8
81 2 -8
9 2 -8
4 2 -8
4 2 -8
39 2 -8
23 2 -8
67 2 -8
23 2 -8
27 2 -8
33 2 -8
36 2 -8
36 2 -8
79 2 -8
20 2 -8
20 2 -8
11 2 -8
11 2 -8
11 2 -8
65 2 -8
65 2 -8
65 2 -8
65 2 -8
65 2 -8
65 2 -8
26 2 -8
10 2 -8
28 2 -8
5 2 -8
5 2 -8
5 2 -8
5 2 -8
5 2 -8
5 2 -8
5 2 -8
5 2 -8
5 2 -8
5 2 -8
5 2 -8
33 2 -8
14 2 -8
14 2 -8
14 2 -8
14 2 -8
14 2 -8
14 2 -8
32 2 -8
32 2 -8
80 2 -8
13 2 -8
13 2 -8
13 2 -8
13 2 -8
13 2 -8
78 2 -8
50 2 -8
50 2 -8
70 2 -8
70 2 -8
70 2 -8
70 2 -8
70 2 -8
55 2 -8
45 2 -8
45 2 -8
45 2 -8
13 2 -8
37 2 -8
27 2 -8
6 2 -8
14 2 -8
57 2 -8
20 2 -8
39 2 -8
64 2 -8
2 2 -8
40 2 -8
39 2 -8
70 2 -8
51 2 -8
74 2 -8
58 2 -8
44 2 -8
44 2 -8
44 2 -8
44 2 -8
44 2 -8
44 2 -8
32 2 -8
32 2 -8
32 2 -8
8 2 -8
10 2 -8
25 2 -8
67 2 -8
36 2 -8
36 2 -8
23 2 -8
66 2 -8
60 2 -8
67 2 -8
11 2 -8
11 2 -8
57 2 -8
57 2 -8
57 2 -8
26 2 -8
13 2 -8
13 2 -8
13 2 -8
13 2 -8
13 2 -8
65 2 -8
12 2 -8
14 2 -8
14 2 -8
63 2 -8
68 2 -8
69 2 -8
13 2 -8
13 2 -8
13 2 -8
13 2 -8
13 2 -8
13 2 -8
24 2 -8
24 2 -8
24 2 -8
25 2 -8
25 2 -8
25 2 -8
25 2 -8
25 2 -8
18 2 -8
18 2 -8
18 2 -8
18 2 -8
18 2 -8
18 2 -8
18 2 -8
18 2 -8
76 2 -8
9 2 -8
9 2 -8
9 2 -8
9 2 -8
4 2 -8
22 2 -8
34 2 -8
35 2 -8
8 2 -8
23 2 -8
42 2 -8
75 2 -8
75 2 -8
75 2 -8
61 2 -8
61 2 -8
1 2 -8
18 2 -8
28 2 -8
28 2 -8
28 2 -8
66 2 -8
39 2 -8
20 2 -8
1 2 -8
48 2 -8
48 2 -8
48 2 -8
48 2 -8
48 2 -8
48 2 -8
48 2 -8
37 -4 6
37 -4 6
37 -4 6
37 -4 6
37 -4 6
37 -4 6
37 -4 6
37 -4 6
37 -4 6
37 -4 6
37 -4 6
37 -4 6
37 -4 6
37 -4 6
37 -4 6
37 -4 6
37 -4 6
37 -4 6
37 -4 6
37 -4 6
37 -4 6
37 -4 6
37 -4 6
62 -9 1
3 -9 1
8 -9 1
72 -9 1
44 -9 1
55 -9 1
55 -9 1
56 -9 1
54 -9 1
72 -9 1
8 -9 1
81 -9 1
55 -9 1
34 -9 1
56 -9 1
56 -9 1
7 -9 1
46 -9 1
46 -9 1
46 -9 1
30 -9 1
30 -9 1
7 -9 1
9 -9 1
9 -9 1
4 -9 1
4 -9 1
4 -9 1
4 -9 1
55 -9 1
55 -9 1
68 -9 1
9 -9 1
14 -9 1
34 -9 1
57 -9 1
22 -9 1
30 -9 1
30 -9 1
30 -9 1
30 -9 1
60 -9 1
60 -9 1
60 -9 1
60 -9 1
60 -9 1
60 -9 1
60 -9 1
60 -9 1
60 -9 1
60 -9 1
60 -9 1
60 -9 1
2 -18 -1
3 -5 8
4 -8 7
5 -9 -8
7 -11 6
8 -5 8
9 -8 7
10 -18 -1
11 -18 -1
12 -12 -9
13 2 -11
14 -3 -14
16 10 1
17 -18 -1
19 13 10
20 -5 -15
21 -7 -5
22 -16 5
24 -1 -13
25 7 -8
26 3 14
27 10 4
28 3 14
29 4 15
30 -14 0
32 -5 -15
33 5 -17
34 -8 7
35 16 1
36 -13 8
39 3 -14
40 10 6
42 2 -11
44 -5 8
45 -5 -18
46 -8 7
49 3 -18
50 5 -17
51 16 1
53 10 1
54 -8 7
55 -5 8
56 -8 7
57 -1 -13
58 -5 -18
61 -2 15
62 -7 -5
63 -5 -18
64 16 1
65 2 -11
66 16 1
67 10 4
68 -16 5
69 16 -7
70 2 -11
71 3 14
74 13 10
75 2 -11
76 -1 -13
77 3 -18
78 -1 -13
79 13 10
80 4 15
81 10 4
2 -8 18
3 -8 7
4 -5 8
5 -9 -8
7 10 4
8 -8 7
9 -5 8
10 -8 18
11 -18 -1
12 -12 -9
13 7 -8
14 18 -14
16 6 7
17 -18 -1
19 12 14
20 18 -14
21 -7 -5
22 -13 8
24 11 -8
25 2 -11
26 11 7
27 10 1
28 4 15
29 4 15
30 -14 0
32 -12 -9
33 3 -18
34 -14 0
35 18 -14
36 -15 8
39 -1 -13
40 10 6
42 2 -11
44 -5 8
45 18 -14
46 -5 8
49 16 -7
50 3 -18
51 18 -14
53 10 4
54 -5 8
55 -8 7
56 -8 7
57 -1 -13
58 -5 -18
61 -8 7
62 -7 -5
63 -5 -18
64 -5 -18
65 2 -11
66 16 1
67 3 14
68 -16 5
69 -5 -18
70 7 -8
71 4 15
74 -5 -18
75 7 -8
76 2 -11
77 2 -11
78 -1 -13
79 12 14
80 3 14
81 2 11
2 10 -17
3 -3 14
4 -9 7
5 2 -11
7 10 4
8 -11 6
9 6 7
10 -8 18
11 16 -7
12 -5 -18
13 1 -11
14 12 14
16 6 7
17 -18 -1
19 -5 -18
20 12 14
21 -7 -5
22 13 10
24 -10 -8
25 7 -8
26 11 7
27 10 1
28 4 15
29 -8 18
30 -14 0
32 9 -13
33 9 -13
34 10 4
35 12 14
36 -8 7
39 2 -11
40 10 4
42 7 -8
44 -8 7
45 12 14
46 -11 6
49 13 10
50 16 -7
51 18 -14
53 16 -2
54 -5 8
55 -5 14
56 -11 6
57 2 -11
58 -8 -18
61 10 4
62 -14 0
63 18 -14
64 18 -14
65 3 -14
66 16 1
67 -12 -9
68 -16 5
69 -8 -18
70 -7 -5
71 8 12
74 18 -14
75 7 -8
76 1 -11
77 16 -7
78 -1 -13
79 12 14
80 18 -14
81 -2 15
2 10 -17
3 -3 14
4 -9 7
5 -10 -8
7 18 -14
8 -7 -5
9 6 7
10 -8 -18
11 18 -14
12 18 -14
13 1 -11
14 11 -8
16 6 7
17 -18 -1
19 -5 -18
20 -11 15
21 -7 -5
22 18 -14
24 -9 -8
25 2 11
26 11 7
27 16 -2
28 8 12
29 -8 18
30 -14 0
32 18 -14
33 9 -13
34 18 -14
35 -8 -18
36 18 -14
39 2 -11
40 10 6
42 7 -8
44 -8 7
45 16 -7
46 -2 15
49 18 -14
50 16 -7
51 18 -15
53 18 -14
54 -5 8
55 -5 14
56 -5 8
57 -3 -14
58 18 -14
61 18 -14
62 -8 7
63 18 -15
64 18 -15
65 3 -14
66 16 1
67 18 -14
68 -16 5
69 18 -14
70 11 -8
71 16 -7
74 18 -15
75 7 -8
76 -7 -5
77 12 -5
78 -1 -13
79 12 14
80 18 -14
81 -2 15
2 10 -17
3 -3 14
4 -9 7
5 -10 -8
7 12 14
8 -7 -5
9 6 7
10 18 -14
11 -8 -18
12 12 14
13 1 -11
14 -11 15
16 10 4
17 -18 -1
19 -5 -18
20 16 -2
21 -7 -5
22 18 -15
24 18 -14
25 2 11
26 11 7
27 18 -14
28 8 12
29 -8 18
30 -14 0
32 5 -17
33 9 -13
34 12 14
35 -16 12
36 -16 5
39 2 -11
40 11 7
42 7 -8
44 -9 7
45 -16 12
46 -3 14
49 12 14
50 11 -8
51 -13 -12
53 18 -14
54 -5 8
55 -5 14
56 -5 8
57 9 -13
58 18 -14
61 10 4
62 18 -14
63 16 -7
64 -13 -12
65 3 -14
66 16 1
67 -5 -15
68 -15 8
69 12 14
70 3 -18
71 16 -7
74 18 -15
75 7 -8
76 -7 -5
77 18 -14
78 -1 -13
79 11 16
80 18 -14
81 -3 14
2 10 -17
3 -3 14
4 -11 6
5 -10 -8
7 12 14
8 -7 -5
9 6 7
10 -11 15
11 -9 -19
12 -16 12
13 1 -11
14 10 4
16 2 11
17 -18 -1
19 -5 -18
20 16 -4
21 -9 -8
22 -8 7
24 12 14
25 2 11
26 10 6
27 12 14
28 8 12
29 -8 18
30 -14 0
32 5 -17
33 7 -12
34 -11 -13
35 -16 13
36 12 14
39 3 -18
40 12 14
42 7 -8
44 -5 8
45 10 -17
46 6 7
49 11 7
50 12 -5
51 12 14
53 18 -15
54 -11 6
55 -3 14
56 -5 8
57 9 -13
58 18 -14
61 12 14
62 12 14
63 12 14
64 12 14
65 3 -14
66 16 1
67 -5 -15
68 -16 12
69 -15 8
70 3 -14
71 16 -7
74 18 -15
75 7 -8
76 12 -5
77 18 -14
78 -1 -13
79 11 16
80 -13 -12
81 -3 14
2 18 -14
3 -5 14
4 2 11
5 -7 -5
7 -2 15
8 -8 7
9 10 6
10 -9 -19
11 -9 -19
12 -11 15
13 2 -11
14 18 7
16 12 -3
17 -18 -1
19 -5 -18
20 -12 -9
21 -10 -8
22 -8 -18
24 -7 -5
25 6 7
26 11 7
27 6 7
28 8 12
29 -8 18
30 -14 0
32 5 -17
33 18 -14
34 -2 15
35 -16 13
36 -5 14
39 9 -13
40 12 14
42 7 -8
44 -5 14
45 -14 0
46 6 7
49 12 -3
50 12 -5
51 10 -17
53 18 -15
54 -11 6
55 -5 8
56 -5 8
57 18 -14
58 18 -15
61 2 11
62 -5 8
63 18 -14
64 12 14
65 3 -14
66 16 1
67 -5 -15
68 -16 12
69 -15 8
70 3 -14
71 16 -7
74 18 -14
75 7 -8
76 2 -11
77 18 -14
78 -1 -13
79 11 16
80 -13 -12
81 -3 14
2 12 14
3 6 7
4 -3 14
5 -9 -8
7 -5 8
8 -8 7
9 2 11
10 -16 13
11 12 14
12 -11 15
13 3 -14
14 18 -15
16 10 6
17 -18 -1
19 -5 -18
20 -16 5
21 -10 -8
22 -8 -18
24 -7 -5
25 3 14
26 11 7
27 -11 15
28 8 12
29 -8 18
30 -16 5
32 5 -17
33 18 -14
34 10 1
35 -16 13
36 -5 14
39 11 -8
40 12 14
42 7 -8
44 -11 6
45 -14 0
46 18 -14
49 18 7
50 12 -5
51 18 -14
53 -13 -12
54 -11 6
55 -3 14
56 -9 7
57 -7 -5
58 18 -14
61 2 11
62 -5 -15
63 18 -14
64 12 14
65 3 -14
66 16 1
67 -9 -11
68 -16 12
69 -7 -5
70 3 -14
71 16 -7
74 18 -15
75 7 -8
76 7 -8
77 18 -15
78 -1 -13
79 11 16
80 -16 12
81 3 14
2 12 14
3 -7 -5
4 -3 14
5 -3 -14
7 -5 8
8 -8 7
9 -11 6
10 -5 -18
11 12 14
12 -16 13
13 -1 -13
14 18 -15
16 18 -14
17 -18 -1
19 -5 -18
20 18 -15
21 -9 -8
22 -8 -18
24 -11 15
25 2 11
26 6 7
27 10 6
28 8 12
29 -8 18
30 -16 5
32 5 -17
33 5 -17
34 10 1
35 -15 8
36 -10 -8
39 18 -14
40 18 -14
42 1 -11
44 -3 14
45 -14 0
46 2 11
49 -9 -8
50 12 -5
51 13 10
53 18 -14
54 -11 6
55 -2 15
56 -10 7
57 3 -18
58 18 -15
61 -12 -9
62 10 1
63 18 -14
64 12 14
65 1 -11
66 16 -2
67 -8 -18
68 -16 12
69 -7 -5
70 3 -14
71 16 -7
74 -13 -12
75 7 -8
76 7 -8
77 -9 -8
78 -1 -13
79 11 16
80 16 -2
81 18 -14
2 12 14
3 -7 -5
4 -3 14
5 -8 7
7 -3 14
8 -9 7
9 -11 6
10 -9 -11
11 13 10
12 -15 8
13 1 -11
14 18 -15
16 7 -8
17 -18 -1
19 -5 -18
20 -15 8
21 -9 -11
22 -8 -18
24 -11 15
25 1 -11
26 6 7
27 10 6
28 8 12
29 -8 18
30 -16 5
32 10 -17
33 5 -17
34 10 1
35 -11 15
36 3 -18
39 1 -11
40 18 -14
42 6 -11
44 6 7
45 -14 0
46 18 -15
49 -11 15
50 18 -14
51 -11 15
53 12 14
54 -8 7
55 -2 15
56 -10 7
57 18 -15
58 16 -7
61 -3 14
62 10 1
63 -13 -12
64 12 14
65 -1 -13
66 18 7
67 -16 12
68 -16 13
69 -7 -5
70 3 -14
71 18 -14
74 -13 -12
75 7 -8
76 7 -8
77 -9 -8
78 1 -11
79 13 10
80 18 7
81 18 -14
2 12 14
3 -7 -5
4 -3 14
5 -5 8
7 -5 14
8 -9 7
9 -9 7
10 -9 -11
11 11 16
12 -9 -19
13 3 -14
14 13 10
16 7 -8
17 -18 -1
19 -5 -18
20 10 1
21 -7 -5
22 -9 -19
24 3 -18
25 -7 -5
26 13 10
27 11 7
28 8 12
29 -8 18
30 -16 5
32 3 -18
33 5 -17
34 10 1
35 -16 12
36 12 -3
39 -9 -8
40 6 7
42 1 -11
44 -3 14
45 -14 0
46 18 -15
49 -11 15
50 18 -14
51 4 15
53 10 -17
54 -8 7
55 -2 15
56 -10 7
57 18 -15
58 -13 -12
61 6 7
62 -13 -12
63 10 -17
64 10 -17
65 7 -8
66 16 -4
67 -16 13
68 -16 13
69 -10 -8
70 3 -14
71 18 -14
74 10 -17
75 7 -8
76 6 -11
77 -7 -5
78 2 -11
79 18 -14
80 16 1
81 -11 15
2 11 16
3 -11 6
4 -2 15
5 -8 7
7 -7 -5
8 -9 7
9 2 11
10 -13 -12
11 4 15
12 -8 -18
13 6 -11
14 10 6
16 7 -8
17 -18 -1
19 -5 -18
20 10 1
21 -1 -13
22 -5 14
24 3 -18
25 11 -8
26 13 10
27 11 7
28 8 12
29 -8 18
30 -16 5
32 12 14
33 5 -17
34 10 1
35 -16 12
36 -11 15
39 -9 -8
40 18 -15
42 1 -11
44 2 11
45 -14 0
46 18 -15
49 -16 12
50 18 -14
51 4 15
53 -11 15
54 -8 7
55 2 11
56 -3 14
57 -5 14
58 12 14
61 -5 -18
62 -5 -18
63 16 -4
64 10 -17
65 -3 -14
66 16 -4
67 -16 13
68 -16 13
69 -12 -9
70 3 -14
71 18 -14
74 16 -7
75 7 -8
76 12 -3
77 12 14
78 -3 -14
79 18 -14
80 10 -17
81 -5 -18
2 11 16
3 18 -14
4 2 11
5 6 7
7 2 11
8 -9 7
9 2 11
10 -13 -12
11 10 -17
12 -1 -13
13 11 -8
14 2 11
16 7 -8
17 -18 -1
19 -5 -18
20 10 1
21 -12 -9
22 -11 -13
24 18 7
25 -1 -13
26 13 10
27 11 7
28 8 12
30 -16 5
32 12 14
33 5 -17
34 10 1
35 13 10
36 -11 15
39 -9 -8
40 10 -17
42 1 -11
44 2 11
45 -14 0
46 18 -15
49 -16 12
50 11 -8
51 -8 -18
53 -16 12
54 -8 7
55 -11 6
56 -5 14
57 12 14
58 10 -17
61 10 -17
62 18 7
63 16 -4
64 10 -17
65 3 -18
66 16 -7
67 -16 13
68 -16 12
69 -7 -5
70 3 -14
71 16 -7
74 -16 17
75 7 -8
76 -1 -13
77 12 -3
78 -3 -14
79 10 -17
80 10 -17
81 -5 8
2 11 16
3 18 -14
4 -5 14
5 6 7
7 -8 -18
8 -9 7
9 3 14
10 -13 -12
11 11 7
12 -3 -14
13 11 -8
14 2 11
16 7 -8
17 -18 -1
19 -5 -18
20 10 1
21 -12 -9
22 -11 6
24 2 -11
25 -5 8
26 12 14
27 11 7
28 8 12
30 -16 5
32 12 14
33 10 -17
34 10 1
35 -16 17
36 -11 15
39 -9 -8
40 13 10
42 6 -11
44 -2 15
45 -14 0
46 12 14
49 -16 13
50 18 -15
51 -8 -18
53 -8 -18
54 -8 7
55 18 -14
56 18 -14
57 1 -11
58 10 -17
61 -16 17
62 10 -17
63 16 -4
64 10 -17
65 18 -14
66 16 -4
67 -16 13
68 -16 12
69 -7 -5
70 3 -14
71 18 -15
74 3 14
75 7 -8
76 6 7
77 -9 -19
78 1 -11
79 10 -17
80 13 10
81 18 -15
2 13 10
3 18 -14
4 -5 8
5 2 11
7 -9 -19
8 -5 14
9 2 11
10 -13 -12
11 11 7
12 11 16
13 11 -8
14 3 14
16 6 -11
17 -18 -1
19 -5 -18
20 10 1
21 -3 -14
22 -11 6
24 -9 -19
25 6 7
26 10 4
27 -8 -18
28 8 12
30 -16 5
32 11 16
33 2 -11
34 10 1
35 10 -17
36 -9 -11
39 -9 -8
40 18 -15
42 6 -11
44 -10 7
45 -14 0
46 -11 -13
49 -8 -18
50 12 -3
51 -16 17
53 -9 -19
54 -8 7
55 -8 -18
56 -2 15
57 11 -8
58 9 -13
61 16 -2
62 -16 12
63 16 -4
64 11 16
65 -9 -8
66 -19 -1
67 -16 13
68 -16 13
69 -9 -8
70 3 -14
71 18 -15
74 4 15
75 7 -8
76 -9 -8
77 -9 -19
78 3 -18
79 10 -17
80 13 10
81 -8 7
2 4 15
3 18 -14
4 18 -14
5 18 -14
7 -8 7
8 -5 14
9 2 11
10 -13 -12
11 11 7
12 11 16
13 -9 -8
14 3 -18
16 6 -11
17 -18 -1
19 -5 -18
20 10 1
21 -3 -14
22 -11 6
24 -12 -9
25 6 7
26 18 -14
27 -16 12
28 8 12
30 -16 5
32 -1 -13
33 -1 -13
34 10 6
35 4 15
36 -11 6
39 -7 -5
40 18 -14
42 6 -11
44 -10 7
45 -14 0
46 10 -17
49 11 16
50 16 -2
51 -16 17
53 -2 15
54 -9 7
55 -8 -18
56 18 -14
57 16 -7
58 9 -13
61 -11 6
62 -16 13
63 16 -4
64 18 -14
65 -9 -8
66 18 -14
67 -16 13
68 -16 17
69 10 -17
70 3 -14
71 11 -8
74 -11 -13
75 7 -8
76 18 -14
77 -8 -18
78 7 -12
79 18 -15
80 13 10
81 -16 13
2 -16 13
3 18 -14
4 18 -14
5 -9 7
7 -8 7
8 -10 7
9 2 11
10 -13 -12
11 11 7
12 -11 15
13 -9 -8
14 10 -17
16 7 -12
17 -18 -1
19 -5 -18
20 10 1
21 18 -14
22 10 -17
24 -12 -9
25 -9 -8
26 18 7
27 10 -17
28 8 12
30 -16 5
32 -1 -13
33 -3 -14
34 10 6
35 4 15
36 -9 -8
39 -10 -8
40 18 -14
42 6 -11
44 18 -14
45 -14 0
46 10 -17
49 2 -11
50 9 -13
51 -16 13
53 -2 15
54 -10 7
55 -9 -19
56 -8 7
57 16 -7
58 11 16
61 -7 -5
62 -9 -8
63 16 -4
64 -16 13
65 3 -18
66 18 -14
67 -16 12
68 -16 17
69 -9 -8
70 3 -14
71 11 -8
74 -11 15
76 18 -14
77 -11 15
78 -7 -5
79 18 -14
80 13 10
81 10 -17
2 10 6
3 18 -14
4 18 -14
5 -9 7
7 -8 -18
8 -10 7
9 2 11
10 -13 -12
11 11 7
12 -7 -5
13 11 -8
14 10 -17
16 11 -8
17 -18 -1
19 -5 -18
20 10 1
21 -5 -15
22 -16 17
24 -12 -9
25 3 14
26 11 16
27 3 14
28 8 12
30 -16 5
32 -1 -13
33 1 -11
34 10 4
35 4 15
36 -7 -5
39 -3 -14
40 18 -14
42 6 -11
44 18 -14
45 -14 0
46 18 -14
49 -10 -8
50 12 14
51 10 -17
53 -3 14
54 -5 14
55 -9 -19
56 -8 7
57 16 -7
58 -16 13
61 18 -15
62 16 -2
63 16 -4
64 18 -15
65 3 -18
66 12 -3
67 -16 13
68 -16 12
69 -9 -8
70 3 -14
71 16 -2
74 -8 -18
76 18 -14
77 -11 15
78 -9 -8
79 12 14
80 13 10
81 6 7
2 10 6
3 18 -15
4 18 -14
5 11 -8
7 -8 -18
8 -5 8
9 2 11
12 10 -17
13 -3 -14
14 11 16
16 2 -11
19 -5 -18
20 10 1
21 18 -14
22 -9 -11
24 -12 -9
25 3 14
26 11 16
27 -12 -9
28 8 12
30 -16 5
32 -1 -13
33 1 -11
34 16 1
35 4 15
36 -7 -5
39 -9 -11
40 18 -14
42 6 -11
44 18 -14
45 -14 0
46 10 4
49 -10 -8
50 12 14
51 10 -17
53 -11 -13
54 -5 14
55 -5 -15
56 -7 -5
57 16 -7
58 16 -7
61 13 10
62 10 4
64 18 -15
65 3 -18
66 18 7
67 -16 13
68 -16 12
69 -9 -8
70 3 -14
71 16 -2
74 18 -14
76 18 -15
77 -11 15
78 18 -14
79 12 14
80 12 14
81 12 14
2 13 10
3 18 -15
4 18 -15
5 11 -8
7 10 -17
8 -5 8
9 2 11
12 10 -17
13 3 -18
14 11 16
16 12 -5
20 10 1
21 12 14
22 18 -14
24 -14 0
25 -5 8
26 11 16
27 12 -3
28 8 12
30 -16 5
32 -1 -13
33 1 -11
34 16 1
35 4 15
36 -7 -5
39 12 14
40 18 -15
42 6 -11
44 18 -14
45 -14 0
46 -8 -18
49 -12 -9
50 18 -14
51 11 16
53 -11 -13
54 -5 14
55 -5 -15
56 -7 -5
57 18 -14
58 16 -7
61 3 14
62 10 4
64 -16 17
65 18 -14
66 18 7
67 -16 13
68 -16 12
69 -10 -8
70 3 -14
71 16 -2
74 18 -14
76 18 -15
77 -11 15
78 3 -14
79 18 -15
80 10 4
81 12 14
2 13 10
3 18 -14
4 18 -14
5 11 -8
7 10 -17
8 -10 7
9 2 11
12 10 -17
13 3 -18
14 6 7
16 12 -5
20 10 1
21 -10 -8
22 18 -14
24 -10 -8
25 -5 8
26 13 10
27 -9 -11
28 8 12
30 -11 6
32 -1 -13
33 1 -11
34 12 -3
35 4 15
36 -7 -5
39 -12 -9
40 18 -15
42 6 -11
44 18 -14
45 -14 0
46 -9 -19
49 -10 -8
50 -9 -8
51 11 16
53 -11 -13
54 -5 14
55 18 -14
56 -7 -5
57 -11 6
58 16 -7
61 3 14
62 10 6
64 18 -14
65 5 -17
66 -16 5
67 -16 13
68 -16 12
69 -3 -14
70 3 -14
71 18 -14
74 -11 6
76 18 -14
77 -11 15
78 3 -14
79 -16 13
80 -16 13
81 12 14
2 13 10
3 -11 6
4 6 7
5 11 -8
7 10 -17
8 -3 14
9 2 11
12 10 -17
13 -10 -8
14 5 -17
16 9 -13
20 10 1
21 -8 7
22 -8 7
24 -16 13
25 -3 14
26 13 10
27 -11 6
30 -19 -1
33 3 -14
34 12 -3
35 4 15
36 -7 -5
39 -9 -19
40 18 -15
42 6 -11
44 -16 5
45 -14 0
46 16 -2
49 -11 6
50 -10 -8
51 -9 -19
53 6 7
54 -5 14
55 6 7
56 -7 -5
57 -9 -19
58 16 -7
61 3 14
62 13 10
64 18 -14
65 -10 -8
66 -16 5
67 -16 17
68 -16 12
69 -3 -14
70 1 -11
71 16 -7
74 -9 -19
76 18 -14
77 -11 15
78 3 -14
79 -11 -13
80 -8 -18
81 12 14
2 10 4
3 -16 5
4 -11 -13
5 -11 6
7 10 -17
8 -7 -5
9 2 11
12 10 -17
13 -7 -5
14 3 -18
16 9 -13
21 -11 6
22 -8 7
24 -11 6
25 -10 -8
26 13 10
27 -11 6
30 -19 -1
33 1 -11
34 12 -3
36 -12 -9
39 -11 6
40 18 -15
42 6 -11
44 10 -17
45 -14 0
46 10 6
49 -9 -11
50 -11 15
51 10 -17
53 -11 6
54 -5 14
55 -8 -18
56 -7 -5
57 -8 -18
58 16 -7
61 3 14
62 -11 6
64 18 -14
65 10 -17
66 -16 5
67 -16 17
68 -16 12
69 -3 -14
70 1 -11
71 12 -5
74 -11 -13
76 18 -14
77 -11 15
78 3 -14
79 10 -17
80 -15 8
81 12 14
2 10 4
3 10 -17
4 10 -17
5 12 -5
7 10 -17
8 -7 -5
9 2 11
12 3 -18
13 7 -12
14 10 -17
16 10 -17
21 10 -17
22 -8 7
24 3 14
25 -10 -8
26 18 7
27 -2 15
30 -15 8
33 6 -11
34 12 -3
36 -12 -9
39 16 -7
40 18 -15
42 7 -12
44 18 -15
45 -16 5
46 -16 17
49 10 -17
50 -16 13
51 10 4
53 -16 17
54 -5 14
55 10 -17
56 -7 -5
57 -8 -18
58 16 -2
61 3 14
62 -11 6
64 18 -14
65 10 -17
66 13 10
67 -15 8
68 -16 17
69 -3 -14
70 1 -11
71 16 1
74 -11 -13
76 18 -14
77 -11 15
78 3 -14
79 3 14
80 10 6
81 12 14
2 10 4
3 10 -17
4 16 -7
5 12 -5
7 3 -18
8 -7 -5
12 13 10
13 7 -12
14 3 14
16 6 -11
21 -9 7
22 -8 7
24 -19 -1
25 -10 -8
26 10 6
27 -2 15
30 -15 8
33 1 -11
34 12 -3
36 -14 0
39 5 -17
40 16 -7
42 6 -11
44 16 -7
45 -16 5
46 10 6
49 3 14
50 -16 13
51 9 -13
53 10 6
54 -5 14
55 10 -17
56 -7 -5
57 -8 -18
58 16 -2
61 11 16
62 -11 6
64 18 -14
65 10 -17
66 13 10
67 -11 15
68 -13 8
69 -3 -14
70 1 -11
71 -12 -9
74 -11 -13
76 18 -14
77 -11 15
78 6 -11
79 16 -7
80 16 -7
81 12 14
2 16 1
3 16 -7
4 10 4
5 12 -5
7 11 16
8 -7 -5
12 16 -7
13 3 -14
14 3 14
16 16 -7
21 -8 7
22 -8 7
24 11 16
25 -10 -8
26 -15 8
27 -2 15
30 -16 12
33 -5 -15
34 12 -3
36 6 7
39 10 4
40 -16 17
42 2 -11
44 16 -7
45 -16 5
46 10 6
49 6 7
50 -16 13
51 16 -2
53 -12 -9
55 10 -17
56 -7 -5
57 -8 -18
58 16 1
61 -10 -8
62 -11 6
64 18 -14
65 10 -17
66 13 10
67 -16 13
68 -11 15
69 -3 -14
70 3 -14
71 -10 -8
74 -11 -13
76 18 -14
77 -9 -19
78 3 -14
79 -16 17
80 -19 -1
81 12 14
2 6 7
3 9 -13
4 10 4
5 16 -7
7 5 -17
8 -7 -5
12 -16 17
13 12 -5
14 3 14
16 16 -7
21 -11 15
22 -8 7
24 13 10
25 -10 -8
26 -16 13
27 -2 15
30 16 1
33 -3 -14
34 12 -3
36 -16 17
39 -16 13
40 18 -14
42 3 -14
44 16 -7
45 -16 5
46 13 10
49 13 10
50 -16 13
51 -15 8
53 13 10
55 10 -17
56 -7 -5
57 -8 -18
58 11 -8
61 -9 -11
62 -11 6
64 18 -14
65 10 -17
66 18 7
67 -13 8
68 -15 8
69 -3 -14
70 3 -18
71 -9 -8
74 -11 -13
76 18 -14
77 -13 8
78 -5 -15
79 18 7
80 -19 -1
81 12 14
2 11 16
3 -11 6
4 10 6
5 10 4
7 5 -17
8 -5 8
12 -16 17
13 12 -5
14 3 14
16 16 -7
21 -15 8
22 -8 7
24 -15 8
25 -9 -8
26 -11 6
27 -2 15
30 16 1
33 -9 -8
34 12 -3
36 -9 7
39 -10 -8
40 18 -14
42 3 -14
44 6 7
46 -12 -9
49 -14 0
50 -16 13
51 -12 -9
53 16 -7
55 11 16
57 -8 -18
58 12 -5
61 -15 8
62 -11 6
64 16 -7
65 10 -17
66 16 1
67 18 7
68 18 7
69 -5 -15
70 3 -18
71 -16 17
74 -11 -13
76 18 -14
77 -13 8
78 5 -17
79 10 4
80 -19 -1
81 12 14
2 18 7
3 7 -12
4 10 4
5 6 -11
7 5 -17
8 -5 8
12 -10 -8
13 12 -5
14 3 14
16 16 -7
21 18 7
22 -8 7
24 16 -7
25 10 6
26 16 1
27 -2 15
30 16 1
33 -9 -8
34 12 -3
36 -16 12
39 -12 -9
40 18 -14
42 2 -11
44 18 -15
46 18 7
49 -16 17
50 -16 13
51 18 -14
53 -5 -15
55 11 16
57 -8 -18
58 18 -14
61 -13 8
62 -11 6
64 16 -7
65 10 -17
66 10 6
67 13 10
68 -16 12
69 -3 -14
70 -3 -14
71 -16 17
74 -11 -13
76 18 -15
77 -11 6
78 1 -11
79 -14 0
80 -19 -1
81 12 14
2 10 6
3 -11 -13
4 10 4
5 7 -12
7 5 -17
8 -5 8
12 18 -15
13 16 -7
14 3 14
16 11 -8
21 1 -11
22 -8 7
24 5 -17
25 -8 7
26 16 1
30 -13 8
33 -10 -8
34 12 -3
36 -3 -14
39 3 14
40 18 -14
42 2 -11
44 -11 -13
46 -5 -15
49 11 -8
50 -16 13
51 -12 -9
53 -8 7
55 11 16
57 -8 -18
58 -19 -1
61 -13 8
62 18 7
64 -12 -9
65 10 -17
66 12 14
67 13 10
68 -11 6
69 -5 -15
70 6 -11
71 -16 17
74 -11 -13
75 7 -8
76 18 -15
77 -16 12
78 9 -13
79 -14 0
80 -19 -1
81 12 14
2 10 6
3 12 14
4 10 4
5 9 -13
7 5 -17
8 -5 8
12 11 -8
13 16 -7
14 -3 14
16 5 -17
21 -5 8
22 -9 7
24 11 16
25 -10 -8
26 16 1
30 -13 8
33 -9 -11
34 12 -3
36 -5 8
39 3 14
40 18 -14
42 2 -11
44 9 -13
46 5 -17
49 -3 -14
50 -16 13
51 -11 6
53 -8 7
55 11 16
57 -8 -18
58 -12 -9
61 -13 8
62 -11 15
64 -11 6
65 10 -17
66 -15 8
67 -11 6
68 -16 12
69 -5 -15
70 5 -17
71 -11 15
74 -9 -11
75 7 -8
76 18 -15
77 -16 17
78 9 -13
79 -9 -11
80 -19 -1
81 12 14
3 -16 17
4 10 4
5 9 -13
7 -3 -14
8 -11 6
12 -11 6
13 16 -7
14 3 -18
16 5 -17
21 12 -5
22 -9 7
24 11 16
25 -10 -8
26 16 1
30 -13 8
33 7 -12
34 12 -3
36 -5 8
39 3 14
40 18 -14
42 2 -11
44 12 14
46 5 -17
49 -3 -14
50 -16 13
51 12 14
53 -8 7
55 11 16
58 -12 -9
61 -16 13
62 -11 15
64 13 10
65 10 -17
66 -11 6
67 12 14
68 -16 12
69 -5 -15
70 5 -17
71 -11 15
74 -12 -9
75 7 -8
76 18 -15
77 -16 13
78 9 -13
79 -11 6
80 -19 -1
81 13 10
3 16 -2
4 10 4
5 6 -11
7 -9 -11
8 -9 -8
12 -9 -11
13 16 -7
14 16 -7
16 6 -11
21 -14 0
22 -9 7
24 11 16
25 -10 -8
26 16 1
30 -16 13
33 3 -18
34 12 -3
36 -5 8
39 3 14
40 18 -14
42 6 -11
44 12 14
46 5 -17
49 5 -17
50 -16 12
51 16 -7
53 -15 8
55 11 16
58 -12 -9
61 -5 8
62 -11 15
64 -16 12
65 10 -17
66 18 7
67 6 7
68 13 10
69 -5 -15
70 5 -17
71 -11 15
74 -12 -9
75 7 -8
76 18 -15
77 -15 8
78 9 -13
79 -11 6
80 16 -2
81 11 16
3 -12 -9
4 10 4
5 -12 -9
7 -5 -15
8 -9 -8
12 -9 -11
13 16 -7
14 16 -7
16 3 -18
21 -14 0
22 -9 7
24 11 16
25 -10 -8
26 16 1
30 -16 13
33 11 -8
34 12 -3
36 -5 8
39 6 7
40 18 -14
42 3 -14
44 12 14
46 3 -18
49 12 -5
50 -16 17
51 16 -7
53 16 1
55 12 14
58 -10 -8
61 -5 8
62 -11 15
64 9 -13
65 10 -17
66 -12 -9
67 12 14
68 18 -14
69 -5 -15
70 5 -17
71 -11 15
74 -12 -9
76 18 -14
77 -15 8
78 9 -13
79 -11 6
80 16 -2
81 11 16
3 18 -15
4 6 7
5 -14 0
7 -12 -9
8 18 -14
12 -9 -11
13 18 -14
14 3 -14
16 3 -18
21 -14 0
22 -9 7
24 11 16
25 -12 -9
26 16 -2
27 -2 15
30 -16 13
33 18 7
34 12 -3
36 -5 8
39 13 10
40 18 -15
42 1 -11
44 12 14
46 6 7
49 10 4
50 -16 13
51 16 -7
53 16 1
55 5 -17
58 13 10
61 -10 7
62 -11 15
64 6 7
65 10 -17
66 -14 0
67 12 14
68 18 -14
69 -9 -11
70 3 -14
71 -11 15
74 -5 -15
76 18 -15
77 -16 12
78 9 -13
79 -11 6
80 16 1
81 12 14
3 -3 -14
4 13 10
5 -14 0
7 -3 -14
8 -10 -8
12 -9 -11
13 18 -14
14 12 14
16 3 -18
21 -16 17
22 -9 7
24 11 16
25 -12 -9
26 12 14
27 -2 15
30 -16 13
33 18 7
34 12 -3
36 -11 6
39 6 7
40 18 -15
42 1 -11
44 12 14
46 16 -7
49 10 4
50 -15 8
51 16 -7
53 6 7
55 12 14
56 -7 -5
58 -11 6
61 -10 7
62 -11 15
64 18 7
65 10 -17
66 -14 0
67 16 1
68 12 14
69 -9 -11
70 3 -14
71 -11 15
74 18 -14
76 16 -7
77 -16 12
78 9 -13
79 -12 -9
80 18 7
81 11 16
3 -3 -14
4 13 10
5 3 14
7 3 -18
8 -9 -11
12 -9 -8
13 18 -14
14 5 -17
16 3 -18
21 -9 -19
22 -8 7
24 11 16
25 -12 -9
26 -12 -9
27 -2 15
30 -16 13
33 13 10
34 12 -3
36 -11 6
39 6 7
40 18 -15
42 1 -11
44 12 14
46 -9 -11
49 16 1
50 -16 17
51 16 -7
53 -9 -11
55 12 14
56 -7 -5
58 13 10
61 -10 7
62 -11 15
64 13 10
65 10 -17
66 -14 0
67 10 -17
68 -11 15
69 2 -11
70 3 -14
71 -16 13
74 18 -14
76 10 -17
77 -16 12
78 9 -13
79 -15 8
80 18 7
81 11 16
3 -3 -14
4 16 1
5 3 14
7 -3 -14
8 6 7
12 -11 -13
13 16 -7
14 13 10
16 5 -17
21 -9 -19
22 -8 7
24 11 16
25 -12 -9
26 -12 -9
30 -16 13
33 16 1
34 12 -3
36 -11 6
39 6 7
40 18 -15
42 1 -11
44 10 4
46 -9 -11
49 18 -15
50 -11 15
51 18 -14
53 16 -7
55 12 14
58 16 -7
61 -10 7
62 -11 15
64 3 14
65 10 -17
66 -14 0
67 -3 -14
68 -16 12
69 -11 -13
70 3 -14
71 -11 15
74 18 -14
76 10 -17
77 -16 12
78 9 -13
79 -15 8
80 18 7
81 10 -17
3 10 -17
4 6 7
5 3 14
7 -5 -15
8 6 7
12 -11 -13
13 18 -14
14 -12 -9
16 10 -17
21 -9 -19
22 -8 7
25 -10 -8
26 -12 -9
30 -16 13
33 -16 12
34 12 -3
36 -11 6
39 6 7
40 16 -7
42 1 -11
44 10 4
46 -10 -8
49 18 -15
50 -13 8
51 18 -14
53 12 -5
55 12 14
58 11 -8
61 -10 7
62 -11 15
64 10 4
65 10 -17
66 -14 0
67 -3 -14
68 10 -17
69 3 -18
70 3 -14
71 -9 -19
74 18 -14
76 -11 -13
77 -16 17
78 9 -13
79 -15 8
80 18 7
81 13 10
3 3 -18
4 6 7
5 3 14
7 -5 -15
8 -3 14
12 -11 -13
13 18 -14
14 6 7
16 3 -18
21 -9 -19
22 -8 7
25 -10 -8
26 -12 -9
30 -16 13
33 -16 12
34 12 -3
36 -11 6
39 13 10
40 -11 -13
42 1 -11
44 13 10
46 -9 -8
49 18 -15
50 13 10
51 18 -14
53 -19 -1
55 12 14
58 11 -8
61 -10 7
62 -16 17
64 10 4
65 5 -17
66 -14 0
67 -3 -14
68 13 10
69 1 -11
70 3 -14
71 -16 12
74 18 -14
76 -16 17
77 -11 15
78 9 -13
79 -15 8
80 18 7
81 13 10
3 3 -18
4 16 -2
5 3 14
7 -3 -14
8 -3 14
12 -5 -15
13 18 -14
14 -16 12
16 3 14
21 -9 -19
22 -8 7
25 -10 -8
26 -12 -9
30 -16 13
33 18 7
34 12 -3
36 -11 6
39 3 14
40 -11 -13
42 1 -11
44 10 4
46 16 1
49 10 -17
50 13 10
51 18 -14
53 -10 -8
55 12 14
58 11 -8
61 -10 7
62 -9 7
64 10 4
65 18 -15
66 -14 0
67 -3 -14
68 -14 0
69 1 -11
70 3 -14
71 18 -14
74 18 -14
76 -16 17
77 -13 8
78 9 -13
79 -15 8
80 18 7
81 13 10
3 -9 -11
4 18 7
5 3 14
7 -5 -15
8 -3 14
12 -9 -8
13 18 -14
14 18 -14
16 7 -12
21 -9 -19
25 -10 -8
26 -9 -11
30 -16 13
33 -11 15
34 12 -3
36 -11 6
39 13 10
40 18 -14
42 1 -11
44 10 4
46 16 1
49 10 -17
50 13 10
51 18 -15
53 -10 -8
55 12 14
58 11 -8
61 -10 7
62 -10 7
64 10 4
65 3 -18
66 -14 0
67 -3 -14
68 -14 0
69 5 -17
70 3 -14
71 -13 8
74 18 -14
76 -16 17
77 -16 17
78 9 -13
79 -15 8
80 -14 0
81 10 4
3 10 -17
4 18 7
5 3 -18
7 -5 -15
8 -3 14
12 -11 -13
13 18 -15
14 18 -14
16 7 -12
21 -9 -11
25 -9 -11
26 -10 -8
30 -16 13
33 18 7
34 12 -3
36 -11 6
39 -3 14
40 -12 -9
42 2 -11
44 10 4
46 16 1
49 10 -17
50 13 10
51 12 -5
53 -9 -8
55 12 14
58 11 -8
61 -9 7
62 -10 7
64 10 4
65 7 -12
66 -14 0
67 -3 -14
68 -12 -9
69 -3 14
70 3 -14
71 -13 8
74 18 -15
76 -11 -13
77 -16 17
78 9 -13
79 -15 8
80 -14 0
81 10 4
3 -9 7
4 18 7
5 13 10
7 -5 -15
8 -3 14
12 16 1
13 18 -15
14 18 -14
16 7 -12
21 -16 17
25 -12 -9
26 -10 -8
30 -16 13
33 -15 8
34 12 -3
36 -11 6
39 3 14
40 18 -15
42 2 -11
44 10 4
46 -14 0
49 10 -17
50 13 10
51 -19 -1
53 -10 -8
58 11 -8
61 -10 7
62 -9 7
64 10 4
65 18 -14
66 -15 8
67 -3 -14
68 -15 8
69 13 10
70 3 -14
71 -13 8
74 18 -15
76 -11 -13
77 -16 17
78 9 -13
79 -14 0
80 16 -2
81 10 4
3 10 4
4 3 14
5 18 -14
7 -5 -15
8 -14 0
12 3 14
13 18 -15
14 18 -14
16 7 -12
21 18 -15
22 -8 7
25 -12 -9
26 -10 -8
30 -16 13
33 13 10
34 12 -3
36 -11 6
39 3 14
40 9 -13
42 2 -11
44 13 10
46 -11 15
49 10 -17
50 18 7
51 11 -8
53 -10 -8
58 12 -5
61 -15 8
62 -3 14
64 10 4
65 9 -13
66 -10 -8
67 -3 -14
68 -15 8
69 13 10
70 3 -14
71 -13 8
74 18 -14
76 -11 -13
77 -16 17
78 9 -13
79 13 10
80 18 -15
81 18 7
3 13 10
4 3 14
5 -11 15
7 -5 -15
8 -14 0
12 18 -15
13 16 -7
14 18 -14
16 1 -11
21 13 10
25 -12 -9
26 -12 -9
30 -16 13
33 5 -17
34 12 -3
36 -11 6
39 3 14
40 10 -17
42 2 -11
44 16 -2
46 9 -13
49 10 -17
50 6 7
51 5 -17
53 -10 -8
58 12 -5
61 -15 8
62 -3 14
64 10 4
65 18 -14
66 -10 -8
67 -3 -14
68 -10 7
69 13 10
70 3 -14
71 -13 8
74 -11 15
76 -11 -13
77 -16 17
78 6 -11
79 -11 15
80 -13 8
81 18 7
3 13 10
4 18 -15
5 -11 15
7 -5 -15
8 -14 0
12 5 -17
13 9 -13
14 16 1
16 6 -11
21 16 -7
25 -9 -8
26 -12 -9
30 -16 13
33 5 -17
34 12 -3
36 -11 6
39 3 14
40 16 -2
42 2 -11
44 16 1
46 -9 7
49 10 -17
50 -9 -19
51 11 -8
53 -10 -8
58 12 -5
61 -15 8
62 -3 14
64 10 4
65 11 -8
66 -19 -1
67 -3 -14
68 16 1
69 18 -14
70 3 -14
71 -10 7
74 16 -2
76 -11 -13
77 -16 12
78 11 -8
79 -11 15
80 6 7
81 -16 17
3 13 10
4 -16 17
5 -11 15
7 -5 -15
8 -14 0
12 -16 12
13 9 -13
14 -9 -11
16 6 -11
21 -16 17
25 18 -14
26 -12 -9
30 -16 13
33 3 14
34 12 -3
36 -11 6
39 3 14
40 18 7
42 2 -11
44 16 -2
46 -9 7
49 10 -17
50 -9 -19
51 11 -8
53 -10 -8
58 12 -5
61 -15 8
62 -3 14
64 10 4
65 6 -11
66 18 -15
67 -3 -14
68 18 -15
69 18 -14
70 3 -14
71 -10 7
74 16 -2
76 18 -15
77 -15 8
78 10 -17
79 -11 15
80 6 7
81 13 10
3 13 10
4 16 1
5 -10 7
7 -5 -15
8 -14 0
12 -16 12
13 9 -13
14 -11 -13
16 7 -12
21 -16 17
25 18 -14
26 -12 -9
33 3 14
39 3 -18
40 9 -13
44 11 -8
46 -9 7
49 10 -17
50 -9 -19
51 11 -8
53 -10 -8
58 11 -8
61 -15 8
62 -3 14
64 10 4
65 6 -11
66 18 -15
67 -3 -14
68 -16 17
69 18 -15
71 -10 7
74 16 1
76 18 -15
77 -11 15
78 10 -17
79 -11 15
80 6 7
81 16 -7
3 16 1
4 -9 -11
5 16 1
7 -11 -13
8 -14 0
12 6 7
13 9 -13
14 -9 -8
16 1 -11
21 -16 17
25 18 -14
26 -12 -9
33 6 7
39 16 1
40 -9 -11
44 6 7
46 -16 12
49 9 -13
50 -11 15
51 16 -7
58 11 -8
61 -15 8
62 -3 14
64 10 4
65 6 -11
66 -9 -8
67 -3 -14
68 -16 17
69 18 -15
71 -10 7
74 18 7
76 18 -15
77 -11 15
78 10 -17
79 -16 12
80 6 7
81 16 -7
3 13 10
4 -9 -11
5 -16 17
7 -11 -13
8 -14 0
12 -16 17
13 11 -8
14 -16 17
16 1 -11
21 -11 15
25 18 -14
26 -12 -9
33 5 -17
39 -5 8
40 16 1
44 -16 17
46 -10 7
49 18 -15
50 -9 -11
51 7 -12
58 16 -7
61 -15 8
62 -3 14
64 10 4
65 6 -11
66 -9 -8
68 13 10
69 18 -14
71 -10 7
74 6 7
76 18 -15
77 -11 15
78 10 -17
79 -13 8
80 13 10
81 16 -7
3 18 7
4 -10 7
5 -3 14
7 -11 -13
8 -13 8
12 -3 14
13 11 -8
14 -16 17
16 1 -11
21 -9 -19
25 18 -14
33 5 -17
39 18 7
40 16 1
44 -16 17
46 -15 8
49 18 -15
50 -9 -11
51 7 -12
58 16 -7
61 -15 8
62 -9 7
65 6 -11
66 -9 -8
68 16 -7
69 18 -14
71 -15 8
74 6 7
76 18 -15
77 -11 15
78 10 -17
79 -13 8
80 -15 8
81 13 10
3 18 7
4 -14 0
5 10 -17
7 -11 -13
8 -15 8
12 -3 14
13 11 -8
14 -16 17
16 1 -11
21 -11 15
25 18 -14
33 -19 -1
39 -14 0
40 16 -2
44 -16 17
46 -11 15
49 18 -15
50 -9 -11
51 -16 12
58 16 -7
61 -13 8
62 -9 7
65 9 -13
66 -9 -8
68 -11 15
69 18 -14
71 -9 7
74 6 7
76 18 -15
77 -10 7
78 10 -17
79 -19 -1
80 16 -7
81 6 7
3 18 7
4 -14 0
5 10 -17
7 -11 -13
8 -13 8
12 -3 14
13 11 -8
14 -9 -19
16 1 -11
21 -9 -19
25 18 -14
33 -14 0
39 -14 0
40 16 -2
44 -16 17
46 12 -5
49 18 -15
50 -9 -11
51 9 -13
58 16 -7
61 -13 8
62 -10 7
63 16 -4
65 3 -18
66 -13 8
68 -9 -19
69 18 -14
71 -15 8
74 6 7
76 18 -15
77 -9 7
78 10 -17
79 -9 7
80 16 -7
81 6 7
3 18 7
4 11 -8
5 5 -17
7 -11 -13
8 16 1
12 -3 14
13 11 -8
14 -16 17
21 -11 15
25 18 -14
33 16 -7
39 -14 0
40 16 -2
44 -16 17
46 -5 8
49 7 -12
50 -9 -11
51 9 -13
58 16 -2
61 -15 8
62 -13 8
65 3 -18
66 -9 -11
68 -9 -19
69 18 -14
71 -15 8
74 6 7
76 18 -15
77 -9 7
78 10 -17
79 5 -17
80 -19 -1
81 16 -2
3 18 7
4 11 -8
5 -9 -11
8 -14 0
12 -3 14
13 9 -13
14 -16 17
21 -11 15
25 16 -7
33 -16 17
39 -14 0
40 16 -2
44 -16 17
46 -19 -1
49 7 -12
50 -9 -11
51 9 -13
58 7 -12
61 -16 12
62 -9 -19
65 13 10
66 -14 0
68 -9 -11
69 18 -14
71 -15 8
74 3 14
77 -9 7
78 10 -17
79 5 -17
80 -14 0
81 16 -2
3 18 7
4 12 -5
5 12 -5
8 6 7
13 9 -13
14 -9 -11
21 -16 12
25 16 -7
33 3 14
39 -14 0
40 -19 -1
44 -16 17
46 -19 -1
49 7 -12
50 -5 -15
51 6 7
58 7 -12
61 -14 0
62 -9 -19
65 5 -17
66 13 10
68 6 7
69 18 -14
71 -15 8
74 -14 0
77 -10 7
78 10 -17
79 3 -18
80 -14 0
81 3 14
3 18 7
4 9 -13
5 12 -5
8 -11 15
13 12 -5
14 -9 -11
21 -16 12
25 16 -7
33 9 -13
39 -19 -1
40 -19 -1
44 -16 17
46 -19 -1
49 9 -13
50 -5 -15
51 -9 -11
57 -8 -18
58 11 -8
61 -11 15
62 3 14
65 5 -17
66 -16 17
68 3 -18
71 -15 8
74 -9 -8
77 -10 7
78 10 -17
79 -16 17
80 -14 0
81 3 14
3 18 7
4 6 7
5 12 -5
8 -5 -15
13 12 -5
14 9 -13
21 -16 12
25 16 -7
33 -5 -15
39 -9 -8
40 -14 0
44 -16 17
46 -19 -1
49 11 -8
50 -9 -19
51 -14 0
58 11 -8
61 -11 15
62 6 7
65 6 -11
66 -9 -19
68 3 -18
71 -15 8
74 -9 -8
77 -10 7
78 10 -17
79 -16 17
80 -14 0
81 3 14
4 11 -8
5 12 -5
8 13 10
13 11 -8
14 9 -13
17 -18 -1
21 -16 12
25 16 -7
33 -5 -15
39 -15 8
40 3 14
44 -9 -19
46 -19 -1
49 11 -8
50 -9 -8
51 11 -8
58 6 -11
61 -11 15
62 -5 8
65 6 -11
66 6 7
68 3 -18
71 -13 8
74 -9 -8
77 -10 7
78 10 -17
79 -16 17
80 -14 0
81 3 14
4 11 -8
5 12 -5
8 16 -2
13 16 -2
14 9 -13
17 -18 -1
21 -16 12
25 16 -7
33 -5 -15
39 -15 8
40 3 14
44 -15 8
46 16 1
49 -16 17
50 -5 -15
51 -13 8
58 -16 17
61 -11 15
62 16 1
65 6 -11
66 -9 -8
68 3 -18
71 -5 8
74 -9 -19
77 -10 7
78 10 -17
79 -9 -19
80 -14 0
81 16 1
4 11 -8
5 12 -5
8 16 -2
13 5 -17
14 9 -13
17 -18 -1
21 -16 12
33 -5 -15
39 -11 15
40 3 14
44 -11 15
46 -16 17
49 6 -11
50 6 -11
51 -11 15
58 6 7
61 -5 8
62 16 1
65 3 -18
66 -5 -15
68 3 -18
71 -10 7
74 -19 -1
77 -15 8
78 10 -17
79 -16 17
80 -14 0
81 -9 -11
4 11 -8
5 12 -5
8 16 -2
13 5 -17
14 9 -13
21 -16 12
33 -5 -15
39 -16 17
40 3 14
44 -11 15
46 3 14
49 6 7
50 -16 17
51 3 -18
58 -11 15
61 -5 8
62 3 -18
65 3 -18
66 3 -18
68 5 -17
71 -16 12
74 -19 -1
77 -13 8
78 10 -17
79 6 7
80 -14 0
81 11 16
4 11 -8
5 12 -5
8 3 -18
13 16 1
14 9 -13
21 -16 12
33 -5 -15
39 3 14
40 -11 15
44 -16 17
46 -9 -11
49 3 -18
50 16 1
51 -11 15
58 16 1
61 -5 8
62 -19 -1
65 3 14
66 16 1
68 3 14
71 -16 12
74 -19 -1
77 -13 8
79 6 7
80 -14 0
81 -16 12
4 11 -8
5 12 -5
8 3 14
13 16 1
14 9 -13
21 -11 15
33 -5 -15
39 6 -11
40 -11 15
44 -16 17
46 -9 -11
49 3 -18
50 7 -12
51 -16 17
58 -16 12
61 -5 8
62 6 7
65 5 -17
66 16 -2
68 5 -17
71 -10 7
74 -19 -1
77 -13 8
79 6 7
80 -14 0
81 3 -18
4 11 -8
5 12 -5
8 3 14
13 16 1
14 9 -13
21 -16 17
33 -5 -15
39 6 -11
40 -11 15
44 -16 12
46 -9 -11
49 6 -11
50 7 -12
51 -11 15
58 -16 12
61 -5 8
62 -14 0
65 5 -17
66 -14 0
68 3 -18
71 -14 0
74 -14 0
77 -13 8
79 6 7
80 -19 -1
81 3 -18
4 11 -8
8 -9 -19
13 16 1
14 9 -13
21 -16 17
33 -5 -15
39 6 -11
40 -11 15
44 -11 15
46 -14 0
49 5 -17
50 7 -12
51 -16 17
58 -16 17
61 -5 8
62 -11 15
65 3 14
66 -14 0
68 -14 0
71 -16 17
74 -14 0
77 -13 8
79 -16 12
80 -19 -1
81 3 -18
4 11 -8
8 -16 17
14 9 -13
21 -16 12
39 5 -17
40 -16 17
44 -11 15
46 -19 -1
49 16 -2
50 7 -12
51 13 10
58 -16 17
61 -5 8
62 -16 12
65 3 14
66 -16 12
68 -14 0
71 -11 15
74 -14 0
77 -13 8
79 3 14
80 -13 8
81 3 -18
8 -16 17
14 9 -13
21 -9 -19
39 5 -17
40 -16 17
44 -11 15
46 5 -17
49 3 14
50 7 -12
51 3 14
58 3 -18
61 -5 8
62 5 -17
65 -16 17
66 -16 12
68 -19 -1
71 -16 17
74 -14 0
77 -9 7
79 -9 -8
80 -19 -1
81 5 -17
8 -16 17
14 9 -13
21 -13 8
39 5 -17
40 -9 -19
44 -11 15
46 13 10
49 -9 -19
50 7 -12
51 3 14
58 -9 -11
61 -5 8
62 -16 17
65 3 -18
66 -14 0
68 -14 0
71 -16 17
74 -14 0
77 -9 7
79 -9 -8
80 -16 12
81 5 -17
8 -16 17
14 9 -13
21 -16 12
39 5 -17
40 -16 12
44 -11 15
46 13 10
49 3 -18
50 7 -12
51 3 14
58 -9 -11
61 -5 8
62 3 14
65 -16 12
66 -10 7
68 -9 -19
71 -16 12
74 -14 0
77 -15 8
79 -9 -8
80 -16 17
81 5 -17
8 3 -18
14 9 -13
21 -16 12
39 5 -17
40 3 -18
44 -11 15
46 13 10
49 -9 -8
50 7 -12
51 -10 7
58 -9 -11
62 -9 -11
65 -9 -11
66 -9 -11
68 -16 17
71 -16 12
74 -14 0
77 -15 8
79 -9 -11
80 -16 12
81 3 -18
4 11 -8
8 -16 12
14 9 -13
21 3 -18
39 5 -17
40 3 14
46 13 10
49 6 7
50 7 -12
51 6 7
58 -9 -11
62 -19 -1
65 -19 -1
66 -19 -1
68 -9 -19
71 -16 17
74 -14 0
77 -15 8
79 -9 -11
80 -16 17
81 3 14
4 11 -8
8 3 -18
14 9 -13
21 3 14
39 5 -17
40 -10 7
46 13 10
49 -19 -1
50 7 -12
51 3 -18
58 -9 -8
62 13 10
65 16 -2
66 3 14
68 -9 -19
71 -16 17
74 -14 0
77 -15 8
79 -9 -11
80 -16 12
81 3 14
8 13 10
21 3 -18
39 5 -17
40 -15 8
45 -16 5
46 -10 7
49 -15 8
50 7 -12
51 3 -18
58 -9 -8
62 13 10
65 16 -2
66 -9 -8
68 -9 -19
71 -16 17
74 -14 0
77 -9 7
79 -9 -11
80 -13 8
81 3 14
8 -19 -1
21 3 -18
39 5 -17
40 -19 -1
45 -16 5
46 -13 8
49 -15 8
50 7 -12
51 -16 12
58 3 14
62 13 10
65 -19 -1
66 -9 -8
68 -9 -19
71 3 -18
77 -9 7
79 -9 -11
80 -19 -1
81 4 15
8 3 14
21 -10 7
39 5 -17
40 5 -17
45 -16 5
46 -16 12
49 -15 8
50 7 -12
51 16 -2
58 -9 -19
62 3 14
65 6 7
66 -9 -8
68 -16 17
71 -13 8
77 -9 7
79 -9 -11
80 -18 -1
81 -9 -19
8 -16 12
17 -18 -1
21 6 7
39 5 -17
40 5 -17
45 -16 5
46 6 -11
49 -15 8
50 7 -12
51 -15 8
58 -15 8
62 -15 8
65 -15 8
66 -9 -8
68 -15 8
71 13 10
77 -9 7
79 -9 -11
80 -18 -1
81 -19 -1
8 5 -17
14 9 -13
21 6 7
39 3 -18
40 5 -17
46 -16 12
49 -16 12
50 7 -12
51 16 -2
58 5 -17
62 -15 8
65 -9 -19
66 -9 -8
68 -9 -19
71 -15 8
77 -9 7
79 -9 -11
80 -16 17
81 3 -18
8 -19 -1
21 6 7
39 3 -18
40 -13 8
46 3 14
49 -16 12
50 7 -12
51 16 -2
58 5 -17
62 16 -2
65 16 -2
66 -9 -8
68 -9 -19
71 -15 8
77 -9 7
79 -9 -11
80 -16 17
81 -16 12
8 -13 8
21 6 7
39 3 -18
40 13 10
46 3 14
49 -16 12
50 7 -12
51 -19 -1
58 5 -17
62 16 -2
65 5 -17
66 -9 -8
68 -9 -19
71 -15 8
77 -9 7
79 -9 -8
80 -16 17
81 -19 -1
8 -19 -1
21 6 7
39 3 -18
40 -9 -11
46 5 -17
49 -13 8
50 7 -12
51 -19 -1
58 -9 -19
62 16 -2
65 7 -12
66 -9 -8
68 -13 8
71 -15 8
79 -9 -19
80 -16 17
81 6 7
8 -5 1
21 6 7
39 3 -18
40 -9 -11
46 5 -17
49 -13 8
50 7 -12
51 -19 -1
58 -9 -11
62 16 -2
65 13 10
66 -9 -11
68 5 -17
71 -16 12
79 -9 -19
80 -16 17
81 -10 7
8 -9 -8
21 6 7
39 3 -18
40 -9 -11
46 5 -17
49 -16 12
50 7 -12
51 -16 12
58 -9 -8
62 16 -2
65 13 10
66 -9 -11
68 5 -17
71 -15 8
79 -9 -19
80 -16 17
81 -10 7
8 -16 12
13 16 1
21 6 7
39 3 -18
40 -9 -8
46 5 -17
49 -15 8
50 7 -12
51 -16 12
58 13 10
62 16 -2
65 13 10
66 -9 -11
68 5 -17
71 -13 8
79 -9 -11
80 -16 17
81 -10 7
8 -9 -8
13 16 1
21 6 7
39 3 -18
40 -13 8
46 16 -2
49 -15 8
50 7 -12
51 -16 12
58 3 14
62 16 -2
65 13 10
66 -9 -19
68 5 -17
71 -19 -1
79 -9 -11
81 -10 7
8 3 14
21 6 7
39 3 -18
40 16 -2
46 -9 -8
49 -15 8
50 7 -12
51 -16 12
58 -19 -1
62 16 -2
65 7 -12
66 -9 -19
68 5 -17
71 -15 8
79 -9 -11
81 -10 7
8 16 -2
21 6 7
39 3 14
40 16 -2
46 -9 -8
49 -15 8
50 7 -12
51 -16 12
58 -19 -1
62 16 -2
65 13 10
66 -9 -19
68 5 -17
71 -10 7
79 -9 -11
81 -13 8
8 -19 -1
21 6 7
39 3 -18
40 7 -12
46 -9 -8
49 -15 8
50 6 -11
51 -16 12
58 -19 -1
62 16 -2
65 13 10
66 -9 -19
68 5 -17
71 -11 6
79 -9 -11
81 -15 8
8 -10 7
39 3 -18
40 7 -12
46 -9 -8
49 -13 8
50 6 -11
58 3 -18
62 -19 -1
65 13 10
66 -9 -19
68 5 -17
71 13 10
79 -9 -11
81 -15 8
8 3 -18
39 7 -12
40 7 -12
46 -9 -8
49 -15 8
50 6 -11
58 16 -2
62 16 -2
65 11 16
66 -9 -19
68 5 -17
71 13 10
81 -10 7
8 3 -18
13 16 1
39 3 14
40 7 -12
46 -9 -8
49 -15 8
50 6 -11
58 -9 -8
62 16 -2
65 -13 8
66 -9 -19
68 5 -17
71 13 10
81 -10 7
8 16 -2
39 3 14
40 7 -12
46 -13 8
49 -15 8
50 6 -11
58 -13 8
62 16 -2
65 -9 -8
66 -9 -19
68 5 -17
71 13 10
81 -10 7
8 16 -2
39 4 15
40 7 -12
46 -13 8
49 -15 8
50 6 -11
58 6 -11
62 -19 -1
65 -9 -8
66 -9 -19
68 5 -17
71 13 10
81 -10 7
8 16 -2
39 6 -11
40 7 -12
46 -13 8
49 -15 8
50 7 -12
58 6 -11
62 16 -7
65 -9 -8
68 5 -17
71 13 10
81 -10 7
8 16 -2
34 12 -3
39 3 14
40 7 -12
46 -13 8
50 6 -11
58 12 -3
62 3 -18
65 -9 -8
68 5 -17
71 13 10
81 -10 7
8 16 -2
39 3 14
40 7 -12
46 -13 8
50 7 -12
58 16 -2
62 12 -3
65 7 -12
68 5 -17
81 -10 7
8 16 -2
14 9 -13
39 3 14
40 6 -11
46 -13 8
50 7 -12
58 7 -12
62 6 -11
65 -19 -1
68 5 -17
75 7 -8
81 -10 7
8 16 -2
14 9 -13
39 3 14
40 6 -11
46 -13 8
50 5 -17
58 7 -12
62 6 -11
65 6 -11
68 5 -17
81 -10 7
8 16 -2
14 9 -13
39 3 14
40 3 -18
46 -13 8
50 5 -17
58 7 -12
62 16 -2
65 7 -12
68 5 -17
81 -10 7
8 16 -2
14 9 -13
39 3 14
40 -9 -8
46 7 -12
50 3 -18
58 16 -2
62 -10 7
65 -9 -8
68 5 -17
81 -10 7
8 16 -2
34 12 -3
39 3 14
40 16 -2
46 7 -12
50 3 -18
58 6 -11
62 10 4
65 -9 -8
68 5 -17
81 -10 7
8 -19 -1
39 3 14
40 16 -2
46 7 -12
50 6 -11
58 6 -11
62 10 4
64 10 4
65 -9 -8
8 -5 1
39 3 14
40 16 -2
46 7 -12
50 6 -11
58 6 -11
62 10 4
65 -9 -8
8 -13 8
39 3 14
40 16 -2
50 6 -11
58 6 -11
62 10 4
65 -7 -5
8 16 -7
39 3 14
40 16 -2
50 6 -11
58 6 -11
62 10 4
65 -7 -5
8 16 -7
40 16 -2
50 6 -11
58 3 -18
62 10 4
65 -13 8
8 3 -18
40 16 -2
50 6 -11
58 3 -18
62 10 4
64 10 4
65 -13 8
8 -13 8
50 6 -11
58 3 -18
62 10 4
65 -12 -9
8 -7 -5
50 6 -11
58 3 -18
62 10 4
65 -9 -11
8 -1 8
50 6 -11
58 3 -18
62 10 6
65 -10 -8
8 -9 -8
50 6 -11
58 3 -18
62 -9 -8
65 12 14
8 -12 -9
58 3 -18
62 -9 -8
65 12 14
8 -19 -1
58 3 -18
62 -9 -8
65 -13 8
8 18 -14
58 3 -18
62 -9 -8
65 -13 8
8 16 -4
58 3 -18
62 -9 -8
65 -13 8
8 16 1
58 3 -18
65 -13 8
8 16 -4
65 -13 8
8 18 -14
65 -13 8
8 18 -14
8 -1 8
8 -18 -1
8 -5 14
8 -5 14
8 -5 14
8 -4 -1
8 -2 15
8 -2 15
8 -2 15
8 18 7
8 16 -7
8 16 -7
8 16 -7
8 16 -7
8 11 -8
8 11 -8
8 11 -8
8 11 -8
8 11 -8
8 11 -8
8 11 -8
8 11 -8
8 11 -8
8 11 -8
8 11 -8
8 11 -8
8 12 -5
8 12 -5
8 12 -5
8 16 -7
8 12 -5
8 12 -5
8 12 -5
8 12 -5
8 12 -3
8 11 -8
8 12 -5
8 12 -5
8 12 -5
5 12 -5
8 12 -5
5 12 -5
8 12 -5
8 12 -5
8 10 1
8 16 -7
8 16 -7
8 16 -7
8 16 -7
8 16 -7
25 16 -7
8 16 -7
8 16 -7
8 16 -7
8 16 -4
40 16 -2
8 16 -7
40 16 -2
8 12 -5
40 16 -2
8 12 -5
8 12 -5
8 16 -7
8 16 -7
8 12 -3
8 11 -8
8 16 1
8 16 1
8 16 -7
8 12 -3
8 18 -15
8 -19 -1
8 -19 -1
8 -19 -1
8 16 1
8 16 1
8 16 1
8 16 1
13 16 1
8 16 1
13 16 1
8 16 1
13 16 1
8 16 1
13 16 1
8 16 1
13 -19 -1
8 16 1
13 16 1
8 16 1
13 16 1
8 16 1
13 -19 -1
8 16 1
13 -19 -1
8 16 1
13 16 1
8 16 1
13 -19 -1
8 16 1
13 -19 -1
13 -19 -1
13 -19 -1
13 -19 -1
13 -19 -1
-1 -1 -1
34
38
12
81
10
7
24
65
0
31
69
9
45
78
15
36
33
77
37
50
14
20
57
35
8
3
68
43
16
56
74
47
39
49
6
25
67
46
48
28
1
29
30
40
66
76
17
23
32
72
19
75
42
64
51
5
54
55
27
21
61
52
62
2
13
70
59
44
22
79
26
4
53
41
71
18
80
60
11
58
73
63
