193 207 222 237 251 266 281 295 310 325 339 354 369 383 398 413 427 442 457 471 486 471 457 442 427 413 398 383 369 354 339 325 310 295 281 266 251 237 222 207 193 178 163 178 
178 193 207 222 237 251 266 281 295 310 325 339 354 369 383 398 413 427 442 457 471 457 442 427 413 398 383 369 354 339 325 310 295 281 266 251 237 222 207 193 178 163 149 163 
163 178 193 207 222 237 251 266 281 295 310 325 339 354 369 383 398 413 427 442 457 442 427 413 398 383 369 354 339 325 310 295 281 266 251 237 222 207 193 178 163 149 134 149 
149 163 178 193 207 222 237 251 266 281 295 310 325 339 354 369 383 398 413 427 442 427 413 398 383 369 354 339 325 310 295 281 266 251 237 222 207 193 178 163 149 134 119 134 
134 149 163 178 193 207 222 237 251 266 281 295 310 325 339 354 369 383 398 413 427 413 398 383 369 354 339 325 310 295 281 266 251 237 222 207 193 178 163 149 134 119 105 119 
119 134 149 163 178 193 207 222 237 251 266 281 295 310 325 339 354 369 383 398 413 398 383 369 354 339 325 310 295 281 266 251 237 222 207 193 178 163 149 134 119 105 90 105 
105 119 134 149 163 178 193 207 222 237 251 266 281 295 310 325 339 354 369 383 398 383 369 354 339 325 310 295 281 266 251 237 222 207 193 178 163 149 134 119 105 90 75 90 
90 105 119 134 149 163 178 193 207 222 237 251 266 281 295 310 325 339 354 369 383 369 354 339 325 310 295 281 266 251 237 222 207 193 178 163 149 134 119 105 90 75 61 75 
75 90 105 119 134 149 163 178 193 207 222 237 251 266 281 295 310 325 339 354 369 354 339 325 310 295 281 266 251 237 222 207 193 178 163 149 134 119 105 90 75 61 46 61 
61 75 90 105 119 134 149 163 178 193 207 222 237 251 266 281 295 310 325 339 354 339 325 310 295 281 266 251 237 222 207 193 178 163 149 134 119 105 90 75 61 46 31 46 
46 61 75 90 105 119 134 149 163 178 193 207 222 237 251 266 281 295 310 325 339 325 310 295 281 266 251 237 222 207 193 178 163 149 134 119 105 90 75 61 46 31 17 31 
31 46 61 75 90 105 119 134 149 163 178 193 207 222 237 251 266 281 295 310 325 310 295 281 266 251 237 222 207 193 178 163 149 134 119 105 90 75 61 46 31 17 2 17 
17 31 46 61 75 90 105 119 134 149 163 178 193 207 222 237 251 266 281 295 310 295 281 266 251 237 222 207 193 178 163 149 134 119 105 90 75 61 46 31 17 2 0 2 
2 17 31 46 61 75 90 105 119 134 149 163 178 193 207 222 237 251 266 281 295 281 266 251 237 222 207 193 178 163 149 134 119 105 90 75 61 46 31 17 2 0 0 0 
0 2 17 31 46 61 75 90 105 119 134 149 163 178 193 207 222 237 251 266 281 266 251 237 222 207 193 178 163 149 134 119 105 90 75 61 46 31 17 2 0 0 0 0 
0 0 2 17 31 46 61 75 90 105 119 134 149 163 178 193 207 222 237 251 266 251 237 222 207 193 178 163 149 134 119 105 90 75 61 46 31 17 2 0 0 0 0 0 
0 0 0 2 17 31 46 61 75 90 105 119 134 149 163 178 193 207 222 237 251 237 222 207 193 178 163 149 134 119 105 90 75 61 46 31 17 2 0 0 0 0 0 0 
0 0 0 0 2 17 31 46 61 75 90 105 119 134 149 163 178 193 207 222 237 222 207 193 178 163 149 134 119 105 90 75 61 46 31 17 2 0 0 0 0 0 0 0 
0 0 0 0 0 2 17 31 46 61 75 90 105 119 134 149 163 178 193 207 222 207 193 178 163 149 134 119 105 90 75 61 46 31 17 2 0 0 0 0 0 0 0 0 
0 0 0 0 0 0 2 17 31 46 61 75 90 105 119 134 149 163 178 193 207 193 178 163 149 134 119 105 90 75 61 46 31 17 2 0 0 0 0 0 0 0 0 0 
0 0 0 0 0 0 0 2 17 31 46 61 75 90 105 119 134 149 163 178 193 178 163 149 134 119 105 90 75 61 46 31 17 2 0 0 0 0 0 0 0 0 0 0 
0 0 0 0 0 0 2 17 31 46 61 75 90 105 119 134 149 163 178 193 207 193 178 163 149 134 119 105 90 75 61 46 31 17 2 0 0 0 0 0 0 0 0 0 
0 0 0 0 0 2 17 31 46 61 75 90 105 119 134 149 163 178 193 207 222 207 193 178 163 149 134 119 105 90 75 61 46 31 17 2 0 0 0 0 0 0 0 0 
0 0 0 0 2 17 31 46 61 75 90 105 119 134 149 163 178 193 207 222 237 222 207 193 178 163 149 134 119 105 90 75 61 46 31 17 2 0 0 0 0 0 0 0 
0 0 0 2 17 31 46 61 75 90 105 119 134 149 163 178 193 207 222 237 251 237 222 207 193 178 163 149 134 119 105 90 75 61 46 31 17 2 0 0 0 0 0 0 
0 0 2 17 31 46 61 75 90 105 119 134 149 163 178 193 207 222 237 251 266 251 237 222 207 193 178 163 149 134 119 105 90 75 61 46 31 17 2 0 0 0 0 0 
0 2 17 31 46 61 75 90 105 119 134 149 163 178 193 207 222 237 251 266 281 266 251 237 222 207 193 178 163 149 134 119 105 90 75 61 46 31 17 2 0 0 0 0 
2 17 31 46 61 75 90 105 119 134 149 163 178 193 207 222 237 251 266 281 295 281 266 251 237 222 207 193 178 163 149 134 119 105 90 75 61 46 31 17 2 0 0 0 
17 31 46 61 75 90 105 119 134 149 163 178 193 207 222 237 251 266 281 295 310 295 281 266 251 237 222 207 193 178 163 149 134 119 105 90 75 61 46 31 17 2 0 2 
31 46 61 75 90 105 119 134 149 163 178 193 207 222 237 251 266 281 295 310 325 310 295 281 266 251 237 222 207 193 178 163 149 134 119 105 90 75 61 46 31 17 2 17 
46 61 75 90 105 119 134 149 163 178 193 207 222 237 251 266 281 295 310 325 339 325 310 295 281 266 251 237 222 207 193 178 163 149 134 119 105 90 75 61 46 31 17 31 
61 75 90 105 119 134 149 163 178 193 207 222 237 251 266 281 295 310 325 339 354 339 325 310 295 281 266 251 237 222 207 193 178 163 149 134 119 105 90 75 61 46 31 46 
75 90 105 119 134 149 163 178 193 207 222 237 251 266 281 295 310 325 339 354 369 354 339 325 310 295 281 266 251 237 222 207 193 178 163 149 134 119 105 90 75 61 46 61 
90 105 119 134 149 163 178 193 207 222 237 251 266 281 295 310 325 339 354 369 383 369 354 339 325 310 295 281 266 251 237 222 207 193 178 163 149 134 119 105 90 75 61 75 
105 119 134 149 163 178 193 207 222 237 251 266 281 295 310 325 339 354 369 383 398 383 369 354 339 325 310 295 281 266 251 237 222 207 193 178 163 149 134 119 105 90 75 90 
119 134 149 163 178 193 207 222 237 251 266 281 295 310 325 339 354 369 383 398 413 398 383 369 354 339 325 310 295 281 266 251 237 222 207 193 178 163 149 134 119 105 90 105 
134 149 163 178 193 207 222 237 251 266 281 295 310 325 339 354 369 383 398 413 427 413 398 383 369 354 339 325 310 295 281 266 251 237 222 207 193 178 163 149 134 119 105 119 
149 163 178 193 207 222 237 251 266 281 295 310 325 339 354 369 383 398 413 427 442 427 413 398 383 369 354 339 325 310 295 281 266 251 237 222 207 193 178 163 149 134 119 134 
163 178 193 207 222 237 251 266 281 295 310 325 339 354 369 383 398 413 427 442 457 442 427 413 398 383 369 354 339 325 310 295 281 266 251 237 222 207 193 178 163 149 134 149 
178 193 207 222 237 251 266 281 295 310 325 339 354 369 383 398 413 427 442 457 471 457 442 427 413 398 383 369 354 339 325 310 295 281 266 251 237 222 207 193 178 163 149 163 
193 207 222 237 251 266 281 295 310 325 339 354 369 383 398 413 427 442 457 471 486 471 457 442 427 413 398 383 369 354 339 325 310 295 281 266 251 237 222 207 193 178 163 178 
207 222 237 251 266 281 295 310 325 339 354 369 383 398 413 427 442 457 471 486 500 486 471 457 442 427 413 398 383 369 354 339 325 310 295 281 266 251 237 222 207 193 178 193 
222 237 251 266 281 295 310 325 339 354 369 383 398 413 427 442 457 471 486 500 1000 500 486 471 457 442 427 413 398 383 369 354 339 325 310 295 281 266 251 237 222 207 193 207 
207 222 237 251 266 281 295 310 325 339 354 369 383 398 413 427 442 457 471 486 500 486 471 457 442 427 413 398 383 369 354 339 325 310 295 281 266 251 237 222 207 193 178 193 
0 0 0
1 0 0
2 0 0
3 0 0
4 0 0
4 0 0
5 0 0
6 0 0
7 0 0
8 0 0
9 0 0
10 0 0
10 0 0
11 0 0
12 0 0
13 0 0
14 0 0
15 0 0
16 0 0
16 0 0
16 0 0
17 0 0
18 0 0
19 0 0
20 0 0
21 0 0
22 0 0
23 0 0
24 0 0
25 0 0
26 0 0
27 0 0
28 0 0
29 0 0
30 0 0
31 0 0
32 0 0
33 0 0
34 0 0
35 0 0
36 0 0
37 0 0
38 0 0
39 0 0
40 0 0
40 0 0
41 0 0
42 0 0
43 0 0
44 0 0
45 0 0
46 0 0
47 0 0
48 0 0
48 0 0
49 0 0
50 0 0
51 0 0
52 0 0
53 0 0
54 0 0
55 0 0
56 0 0
57 0 0
58 0 0
59 0 0
60 0 0
61 0 0
62 0 0
63 0 0
64 0 0
65 0 0
66 0 0
67 0 0
67 0 0
68 0 0
69 0 0
70 0 0
71 0 0
72 0 0
73 0 0
74 0 0
75 0 0
75 0 0
16 -1 -1
67 -1 -1
10 -1 -1
40 -1 -1
64 -1 -1
10 1 2
10 1 2
10 1 2
40 1 -2
67 1 -2
16 1 -2
69 1 -2
68 1 -2
48 1 -2
56 1 -2
47 1 -2
0 1 -2
15 1 -2
73 1 -2
43 1 -2
27 1 -2
6 1 -2
10 1 -2
57 1 -2
7 1 -2
72 1 -2
64 1 -2
6 1 -2
46 1 -2
4 1 -2
42 1 -2
65 1 -2
21 1 -2
55 1 -2
55 1 -2
42 1 -2
22 1 -2
29 1 -2
76 1 -2
77 1 -2
78 1 -2
79 1 -2
80 1 -2
23 1 -2
81 1 -2
50 1 -2
32 1 -2
18 1 -2
52 1 -2
66 1 -2
38 1 -2
38 1 -2
38 1 -2
55 -5 0
16 -5 0
67 -5 0
43 -5 0
40 -5 0
0 -5 0
0 -5 0
55 0 -5
43 0 -5
27 0 -5
40 0 -5
40 0 -5
27 -3 4
67 -3 4
43 -3 4
6 -3 4
27 0 8
27 0 8
16 0 8
55 0 8
7 0 8
42 0 8
43 0 8
21 0 8
21 0 8
21 0 8
27 -4 -5
42 -4 -5
7 -4 -5
55 -4 -5
79 -4 -5
80 -4 -5
43 -4 -5
18 -4 -5
18 -4 -5
73 -4 -5
47 -4 -5
23 -4 -5
48 -4 -5
29 -4 -5
78 -4 -5
57 -4 -5
69 -4 -5
67 -4 -5
16 -4 -5
2 -4 -5
2 -4 -5
1 -4 -21
3 -17 -20
4 -11 3
5 -4 -10
7 11 -2
8 -7 -21
9 -7 -21
11 -17 -20
12 -7 -21
13 -4 -10
14 -17 -20
15 -11 3
16 11 -2
17 -17 -20
18 -4 -10
19 -17 -20
20 -17 -20
22 -11 3
23 11 -2
24 -17 -20
25 -14 -10
26 -14 -10
27 1 10
28 -17 -20
29 -11 3
30 -14 -10
31 17 -13
32 -16 14
33 20 18
34 -14 -10
35 -14 -10
36 17 -13
37 17 -13
39 -4 -10
41 -4 -10
42 17 1
43 4 -9
44 -14 -10
45 -4 -10
46 -11 3
47 17 1
48 17 1
49 -4 -10
50 -21 6
51 20 18
52 -4 -10
53 -4 -10
54 17 -21
55 11 -2
56 -20 2
57 17 4
58 17 -21
59 -4 -10
60 17 -21
61 17 -21
62 -14 -10
63 -14 -10
65 -20 2
66 -19 13
67 11 -2
68 -11 3
69 -11 3
70 17 -21
71 17 -21
72 -11 3
73 -11 -1
74 -11 3
76 -11 3
77 17 -21
78 17 4
79 11 -2
80 17 4
81 17 -21
1 -20 2
3 17 4
4 -11 5
5 17 4
7 17 1
8 -16 -15
9 17 -21
11 8 21
12 -7 -21
13 -4 -10
14 17 -21
15 -1 18
16 8 -3
17 17 -21
18 -11 -1
19 8 21
20 -19 -19
22 17 4
23 11 -2
24 17 17
25 -11 -8
26 9 16
27 0 12
28 -17 -20
29 11 -2
30 9 16
31 17 -21
32 8 21
33 -17 -20
34 9 16
35 9 16
36 -11 13
37 -11 13
39 -9 -6
41 -11 3
42 11 -2
43 11 -2
44 9 16
45 -11 3
46 -1 18
47 -1 18
48 -11 3
49 -11 3
51 20 18
52 -4 -16
53 9 16
54 -17 -20
55 8 -3
56 -9 18
57 17 5
58 -17 -20
59 -4 -10
60 21 -21
61 -17 -20
62 -11 -8
63 8 21
65 -11 3
66 -16 14
67 -1 -18
68 -19 0
69 -1 -18
70 -20 2
71 21 -21
72 -7 6
73 -1 -18
74 -11 -8
76 -1 -18
77 -17 -20
78 -1 18
79 4 -9
80 17 5
81 -16 14
1 17 -13
3 8 21
4 -11 -1
5 -19 13
7 4 -9
8 -16 -15
9 -19 13
11 -20 2
12 -7 -19
13 -1 -18
14 -18 18
15 17 5
16 17 1
17 17 -21
18 -7 4
19 -20 2
22 -1 18
23 11 4
24 17 -13
25 -17 -20
26 0 12
27 11 -2
28 -18 20
29 -1 -18
30 10 13
31 -16 -15
32 17 -21
33 9 16
34 17 -21
35 17 -21
36 -7 13
37 -3 22
39 -1 -18
41 -1 -18
42 4 -9
43 8 -3
44 11 -2
45 -11 -1
46 11 -2
47 0 12
48 -11 5
49 -1 18
51 20 18
52 -11 -1
53 9 16
54 -18 20
55 1 10
56 17 -21
57 10 13
58 17 17
60 13 -18
61 -17 -20
62 -14 -10
63 17 -21
65 17 5
66 17 -21
67 3 -14
68 -7 13
69 12 5
70 -17 1
71 21 -21
72 -11 -1
73 4 -9
74 -9 -6
76 -3 22
77 10 13
78 10 -19
79 8 -3
80 17 1
81 -11 -8
1 17 -21
3 8 21
4 -15 3
5 17 -21
7 -11 -1
8 -17 -20
9 -11 -8
11 20 0
13 -11 -1
14 -7 -21
15 -7 -13
16 4 -9
17 -18 18
18 -7 4
19 -11 3
22 -11 -8
23 11 4
24 17 -13
25 -16 -15
26 -7 13
27 -11 3
28 -18 18
29 17 1
30 8 21
31 -17 -20
32 17 -12
33 -20 2
34 -7 13
35 13 -18
36 -8 16
37 -4 -21
39 -1 -18
41 13 -18
42 3 -11
43 3 -11
44 -11 13
45 -7 13
47 -7 13
48 -17 1
49 -20 2
52 9 -11
53 9 16
55 4 -9
56 -11 13
57 -20 2
58 17 17
60 8 21
61 -18 18
62 -14 -10
63 -7 13
65 17 4
66 -20 2
67 0 12
68 4 -9
69 13 6
70 -19 0
72 -11 5
73 3 -11
74 -20 2
76 -1 18
77 9 16
78 -18 18
79 8 -3
80 10 13
81 -14 -10
1 13 -8
3 9 16
4 -15 3
5 17 -21
7 -20 2
8 -14 -10
9 8 21
11 -17 1
13 -11 3
14 -3 22
15 -7 -13
16 3 -14
17 -19 13
19 20 0
22 10 13
23 11 4
24 17 -13
25 -17 1
26 17 4
27 -11 -1
28 -18 18
29 20 0
30 0 12
32 21 -20
33 17 -13
34 -8 10
35 10 -19
36 -8 16
37 -4 -21
39 -1 -18
41 8 21
42 -11 -1
43 12 -6
44 -18 18
45 -17 1
47 -7 13
48 -11 -1
49 17 -13
52 7 -12
53 10 13
55 3 -14
56 -7 13
57 9 16
58 17 17
60 17 -13
61 21 -20
62 -9 -6
63 7 -12
65 17 1
66 9 16
67 -11 -8
69 20 0
70 -19 0
74 -18 18
76 1 21
77 -19 13
78 -9 18
80 -11 3
81 -9 -6
1 12 -6
3 10 -19
4 -9 -6
9 9 16
11 17 4
13 -9 -6
14 -3 22
16 12 -6
17 17 -13
19 -9 -6
22 9 16
23 11 4
24 17 -12
25 -1 -18
26 17 5
27 -11 3
28 -16 14
29 17 4
30 17 5
32 9 16
33 -9 -6
34 -7 6
35 17 -13
37 -7 -21
39 -4 -16
41 17 -13
42 12 -6
43 -9 -6
44 -7 13
45 -9 -6
47 -8 10
48 1 10
49 17 -8
52 7 -13
53 7 15
55 -1 -18
56 -16 14
57 1 10
60 9 16
61 21 -20
62 -11 -1
63 7 -12
65 17 5
66 10 13
69 12 -6
70 -15 3
74 17 -13
76 -4 -16
77 17 5
78 9 16
80 17 -13
81 -4 -16
1 17 -8
3 7 15
4 -17 1
9 7 15
11 17 -13
13 12 -6
16 12 5
17 13 -18
19 -11 -1
22 1 10
24 17 -12
25 -18 18
26 8 21
27 -11 3
28 -19 13
30 -19 13
32 17 5
33 -16 14
34 -7 6
35 8 21
37 -4 -16
39 -4 -21
41 -4 -16
42 7 -13
43 13 -7
44 -11 3
45 1 10
47 -8 10
48 0 12
49 12 -6
52 9 -15
53 10 -19
56 -11 3
57 0 12
60 17 -8
61 -16 -15
62 -16 -2
65 13 6
66 -4 -21
69 17 1
70 -15 3
74 -4 -16
76 -4 -21
77 17 1
78 9 16
80 -17 1
81 -11 3
1 9 16
3 1 21
4 -7 6
9 10 -19
13 13 -8
16 -9 -6
17 -16 -15
19 17 -8
22 13 6
25 -18 18
26 12 -6
27 -7 6
28 21 -20
32 17 1
33 12 -6
34 -11 3
37 -7 -21
39 3 -14
41 9 16
42 13 -8
43 -11 -1
44 -9 -6
45 -4 -16
48 -7 6
49 17 1
53 0 12
56 9 16
57 -1 18
60 -18 18
61 13 -18
62 -16 -2
65 17 5
66 -9 18
69 13 -8
70 -15 3
74 9 16
76 9 16
77 20 0
78 7 15
80 -11 -1
81 -4 -21
1 10 13
3 -1 18
4 -11 3
13 13 -7
16 13 -7
17 -16 -15
19 -7 6
22 7 15
25 -9 18
26 7 -13
27 -17 1
28 -9 18
32 13 6
33 12 -6
34 -10 9
39 -1 18
41 13 -7
42 9 16
43 3 -14
44 -4 -21
45 20 0
48 -7 13
53 10 -20
56 -4 -21
57 7 15
60 -18 18
61 10 -20
66 7 15
69 13 -8
74 7 15
76 3 -14
77 -19 0
78 10 13
81 13 -7
1 7 15
3 10 -20
4 -10 9
13 3 -14
16 -11 3
19 -10 9
22 -16 14
25 13 -18
26 10 13
28 -19 0
34 -11 13
39 -9 18
41 20 0
42 3 -14
43 20 0
44 -4 -16
45 -19 0
48 -10 9
53 12 5
56 7 15
57 -7 6
61 13 -18
66 -1 18
74 10 13
76 -9 -6
77 12 5
78 1 21
1 9 16
3 13 -18
4 -11 13
13 9 -11
19 -4 -16
22 -16 14
25 20 0
26 7 15
28 -11 13
34 -9 -6
39 -9 18
41 -19 0
43 -19 0
44 -4 -21
45 17 -8
53 -1 18
56 -1 18
57 1 21
61 -19 -19
66 1 21
74 10 13
76 7 -13
77 12 5
78 21 -20
1 9 16
4 -19 0
13 -19 0
19 -19 0
22 -7 13
25 17 -8
26 7 15
41 -19 0
43 9 -11
44 -4 -21
45 -7 6
53 -16 14
56 -7 6
57 0 12
61 -4 -21
74 7 15
77 12 5
78 -16 14
4 20 0
13 7 15
19 -7 13
22 -7 6
25 -19 0
26 10 -20
41 17 -8
44 -4 -21
45 12 5
53 20 0
56 -4 -16
57 -7 13
61 17 -8
65 17 5
74 -1 18
77 17 -8
4 -7 13
13 12 5
19 7 15
22 -19 0
25 10 -20
26 10 -20
33 12 -6
41 12 5
45 20 0
53 -7 13
56 -4 -16
57 -1 18
61 21 -20
74 -7 13
77 12 -6
4 1 10
13 20 0
19 7 15
22 0 12
25 10 13
33 17 -8
45 -19 13
53 1 10
56 -4 -16
67 -11 -8
4 -11 -8
13 -7 6
30 -19 0
33 20 0
4 17 1
13 17 -8
4 12 5
4 -3 4
4 -7 4
4 -7 4
4 -7 4
18 -7 4
4 -7 4
-1 -1 -1
6
60
2
52
9
48
0
35
23
58
72
47
11
45
1
10
20
27
8
65
34
76
75
55
46
57
59
28
18
43
33
29
49
40
16
64
13
12
73
15
78
53
70
61
5
32
56
14
17
44
36
39
62
71
30
81
4
79
41
3
31
37
26
66
80
42
74
22
68
51
24
38
19
69
7
77
67
54
25
63
21
50
