0 0 0 0 0 0 0 0 0 0 0 24 62 101 139 101 62 24 0 0 0 0 0 0 0 0 
0 0 0 0 0 0 0 0 0 0 24 62 101 139 178 139 101 62 24 0 0 0 0 0 0 0 
0 0 0 0 0 0 0 0 0 24 62 101 139 178 216 178 139 101 62 24 0 0 0 0 0 0 
0 0 0 0 0 0 0 0 24 62 101 139 178 216 255 216 178 139 101 62 24 0 0 0 0 0 
0 0 0 0 0 0 0 24 62 101 139 178 216 255 293 255 216 178 139 101 62 24 0 0 0 0 
0 0 0 0 0 0 24 62 101 139 178 216 255 293 332 293 255 216 178 139 101 62 24 0 0 0 
0 0 0 0 0 24 62 101 139 178 216 255 293 332 370 332 293 255 216 178 139 101 62 24 0 0 
0 0 0 0 24 62 101 139 178 216 255 293 332 370 408 370 332 293 255 216 178 139 101 62 24 0 
0 0 0 24 62 101 139 178 216 255 293 332 370 408 1000 408 370 332 293 255 216 178 139 101 62 24 
0 0 0 0 24 62 101 139 178 216 255 293 332 370 408 370 332 293 255 216 178 139 101 62 24 0 
0 0 0 0 0 24 62 101 139 178 216 255 293 332 370 332 293 255 216 178 139 101 62 24 0 0 
0 0 0 0 0 0 24 62 101 139 178 216 255 293 332 293 255 216 178 139 101 62 24 0 0 0 
0 0 0 0 0 0 0 24 62 101 139 178 216 255 293 255 216 178 139 101 62 24 0 0 0 0 
0 0 0 0 0 0 0 0 24 62 101 139 178 216 255 216 178 139 101 62 24 0 0 0 0 0 
0 0 0 0 0 0 0 0 0 24 62 101 139 178 216 178 139 101 62 24 0 0 0 0 0 0 
0 0 0 0 0 0 0 0 0 0 24 62 101 139 178 139 101 62 24 0 0 0 0 0 0 0 
0 0 0 0 0 0 0 0 0 0 0 24 62 101 139 101 62 24 0 0 0 0 0 0 0 0 
0 0 0 0 0 0 0 0 0 0 0 0 24 62 101 62 24 0 0 0 0 0 0 0 0 0 
0 0 0 0 0 0 0 0 0 0 0 0 0 24 62 24 0 0 0 0 0 0 0 0 0 0 
0 0 0 0 0 0 0 0 0 0 0 0 0 0 24 0 0 0 0 0 0 0 0 0 0 0 
0 0 0 0 0 0 0 0 0 0 0 0 0 0 0 0 0 0 0 0 0 0 0 0 0 0 
0 0 0 0 0 0 0 0 0 0 0 0 0 0 0 0 0 0 0 0 0 0 0 0 0 0 
0 0 0 0 0 0 0 0 0 0 0 0 0 0 0 0 0 0 0 0 0 0 0 0 0 0 
0 0 0 0 0 0 0 0 0 0 0 0 0 0 24 0 0 0 0 0 0 0 0 0 0 0 
0 0 0 0 0 0 0 0 0 0 0 0 0 24 62 24 0 0 0 0 0 0 0 0 0 0 
0 0 0 0 0 0 0 0 0 0 0 0 24 62 101 62 24 0 0 0 0 0 0 0 0 0 
0 1 1
1 1 1
2 1 1
2 1 1
3 1 1
4 1 1
5 1 1
6 1 1
7 1 1
7 1 1
8 1 1
9 1 1
10 1 1
11 1 1
11 1 1
12 1 1
13 1 1
13 1 1
13 1 1
13 1 1
13 1 1
13 1 -1
13 1 -1
13 1 -1
11 1 -1
11 1 -1
11 1 -1
11 1 -1
11 1 -1
11 1 -1
11 1 -1
11 1 -1
11 1 -1
11 1 -1
11 1 -1
13 1 -1
11 1 -1
13 1 -1
13 1 -1
13 1 -1
13 1 -1
13 1 -1
7 1 -1
7 1 -1
2 1 -1
2 1 -1
10 1 -1
11 1 -1
11 1 -1
14 1 -1
15 1 -1
16 1 -1
16 1 -1
16 1 -1
16 1 -1
11 0 -2
11 0 -2
7 0 -2
15 0 -2
13 0 -2
13 0 -2
13 0 -2
13 0 -2
13 0 -2
13 0 -2
13 0 -2
13 0 -2
6 0 -2
17 0 -2
18 0 -2
19 0 -2
19 0 -2
20 0 -2
21 0 -2
21 0 -2
21 0 -2
22 0 -2
23 0 -2
24 0 -2
24 0 -2
24 0 -2
24 0 -2
24 0 -2
25 0 -2
26 0 -2
26 0 -2
26 0 -2
26 0 -2
26 0 -2
26 0 -2
27 0 -2
28 0 -2
28 0 -2
29 0 -2
30 0 -2
31 0 -2
32 0 -2
33 0 -2
33 0 -2
33 0 -2
33 0 -2
34 0 -2
35 0 -2
36 0 -2
37 0 -2
37 0 -2
37 0 -2
37 0 -2
16 0 -2
38 0 -2
39 0 -2
40 0 -2
41 0 -2
41 0 -2
41 0 -2
42 0 -2
43 0 -2
44 0 -2
45 0 -2
46 0 -2
47 0 -2
48 0 -2
48 0 -2
48 0 -2
48 0 -2
48 0 -2
48 0 -2
48 0 -2
48 0 -2
48 0 -2
48 0 -2
48 0 -2
49 0 -2
50 0 -2
51 0 -2
52 0 -2
52 0 -2
53 0 -2
53 0 -2
53 0 -2
53 0 -2
54 0 -2
54 0 -2
55 0 -2
56 0 -2
57 0 -2
58 0 -2
59 0 -2
60 0 -2
60 0 -2
61 0 -2
62 0 -2
63 0 -2
64 0 -2
65 0 -2
66 0 -2
67 0 -2
68 0 -2
69 0 -2
70 0 -2
70 0 -2
70 0 -2
71 0 -2
72 0 -2
73 0 -2
74 0 -2
75 0 -2
76 0 -2
77 0 -2
78 0 -2
79 0 -2
80 0 -2
81 0 -2
82 0 -2
83 0 -2
4 0 -2
53 0 -2
30 0 -2
23 0 -2
37 0 -2
37 0 -2
37 0 -2
37 0 -2
37 0 -2
37 0 -2
37 0 -2
37 0 -2
19 0 -2
12 0 -2
12 0 -2
7 0 -2
7 0 -2
35 0 -2
32 0 -2
41 0 -2
41 0 -2
41 0 -2
55 0 -2
55 0 -2
55 0 -2
55 0 -2
55 0 -2
54 0 -2
53 0 -2
3 0 -2
8 0 -2
10 0 -2
10 0 -2
5 0 -2
56 0 -2
1 0 -2
26 0 -2
9 0 -2
67 0 -2
67 0 -2
67 0 -2
67 0 -2
13 0 -2
13 0 -2
13 0 -2
13 0 -2
83 0 -2
2 0 -2
11 0 -2
11 0 -2
12 0 -2
50 0 -2
44 0 -2
44 0 -2
44 0 -2
0 0 -2
15 0 -2
15 0 -2
41 0 -2
4 0 -2
4 0 -2
4 0 -2
4 0 -2
4 0 -2
4 0 -2
4 0 -2
4 0 -2
4 0 -2
4 0 -2
4 0 -2
4 0 -2
4 0 -2
4 0 -2
4 0 -2
4 0 -2
11 -1 1
37 -1 1
48 -1 1
11 -1 1
26 -1 1
41 -1 1
26 -1 1
55 -1 1
26 -1 1
53 -1 1
13 -1 1
13 -1 1
24 -1 1
33 -1 1
44 -1 1
7 -1 1
67 -1 1
55 -1 1
55 -1 1
55 -1 1
55 -1 1
19 -1 1
67 -1 1
67 -1 1
26 -1 1
26 -1 1
28 -1 1
28 -1 1
56 -1 1
12 -1 1
12 -1 1
52 -1 1
52 -1 1
60 -1 1
60 -1 1
43 -1 1
15 -1 1
21 -1 1
70 -1 1
63 -1 1
54 -1 1
53 -1 1
58 -1 1
29 -1 1
48 -1 1
48 -1 1
57 -1 1
57 -1 1
57 -1 1
4 -1 1
4 -1 1
4 -1 1
4 -1 1
83 -1 1
22 -1 1
38 -1 1
32 -1 1
31 -1 1
31 -1 1
78 -1 1
41 -1 1
76 -1 1
66 -1 1
66 -1 1
79 -1 1
79 -1 1
79 -1 1
79 -1 1
76 -1 1
64 -1 1
64 -1 1
10 -1 1
47 -1 1
47 -1 1
33 -1 1
34 -1 1
82 -1 1
81 -1 1
13 -1 1
13 -1 1
13 -1 1
13 -1 1
13 -1 1
13 -1 1
13 -1 1
55 -1 1
79 -1 1
79 -1 1
70 -1 1
70 -1 1
70 -1 1
70 -1 1
70 -1 1
70 -1 1
18 -1 1
35 -1 1
25 -1 1
70 -1 1
70 -1 1
28 -1 1
61 -1 1
44 -1 1
44 -1 1
44 -1 1
44 -1 1
66 -1 1
6 -1 1
20 -1 1
27 -1 1
62 -1 1
62 -1 1
62 -1 1
62 -1 1
62 -1 1
42 -1 1
26 -1 1
3 -1 1
80 -1 1
50 -1 1
13 -1 1
14 -1 1
17 -1 1
51 -1 1
69 -1 1
69 -1 1
82 -1 1
45 -1 1
59 -1 1
61 -1 1
68 -1 1
14 -1 1
29 -1 1
65 -1 1
30 -1 1
23 -1 1
31 -1 1
31 -1 1
31 -1 1
31 -1 1
31 -1 1
31 -1 1
73 -1 1
73 -1 1
5 -1 1
46 -1 1
8 -1 1
33 -1 1
36 -1 1
9 -1 1
9 -1 1
74 -1 1
1 -1 1
72 -1 1
72 -1 1
81 -1 1
81 -1 1
79 -1 1
17 -1 1
2 -1 1
73 -1 1
73 -1 1
73 -1 1
73 -1 1
13 -1 1
13 -1 1
13 -1 1
13 -1 1
13 -1 1
71 -1 1
49 -1 1
49 -1 1
49 -1 1
49 -1 1
49 -1 1
49 -1 1
49 -1 1
49 -1 1
70 -1 1
70 -1 1
70 -1 1
0 -1 1
40 -1 1
40 -1 1
39 -1 1
39 -1 1
39 -1 1
39 -1 1
39 -1 1
70 -1 -1
70 -1 -1
4 -1 -1
55 -1 -1
55 -1 -1
55 -1 -1
55 -1 -1
55 -1 -1
55 -1 -1
55 -1 -1
55 -1 -1
55 -1 -1
55 -1 -1
55 -1 -1
55 -1 -1
55 -1 -1
55 -1 -1
55 -1 -1
55 -1 -1
55 -1 -1
55 -1 -1
55 -1 -1
55 -1 -1
70 -1 -1
11 -1 -1
26 -1 -1
48 -1 -1
48 -1 -1
48 -1 -1
48 -1 -1
31 -1 -1
44 -1 -1
13 -1 -1
37 -1 -1
70 -1 -1
55 -1 -1
53 -1 -1
4 -1 -1
4 -1 -1
4 -1 -1
44 -1 -1
4 -1 -1
41 -1 -1
31 -1 -1
31 -1 -1
11 -1 -1
67 -1 -1
79 -1 -1
79 -1 -1
31 -1 -1
31 -1 -1
31 -1 -1
31 -1 -1
62 -1 -1
62 -1 -1
62 -1 -1
62 -1 -1
55 -1 -1
33 -1 -1
33 -1 -1
33 -1 -1
33 -1 -1
33 -1 -1
33 -1 -1
33 -1 -1
7 -1 -1
16 -1 -1
12 -1 -1
4 -1 -1
4 -1 -1
4 -1 -1
4 -1 -1
4 -1 -1
4 -1 -1
39 -1 -1
57 -1 -1
57 -1 -1
52 -1 -1
52 -1 -1
28 -1 -1
39 -1 -1
39 -1 -1
39 -1 -1
39 -1 -1
31 -1 -1
16 -1 -1
60 -1 -1
67 -1 -1
19 -1 -1
24 -1 -1
24 -1 -1
24 -1 -1
24 -1 -1
24 -1 -1
24 -1 -1
24 -1 -1
43 -1 -1
43 -1 -1
73 -1 -1
73 -1 -1
73 -1 -1
73 -1 -1
73 -1 -1
29 -1 -1
58 -1 -1
78 -1 -1
56 -1 -1
47 -1 -1
66 -1 -1
76 -1 -1
9 -1 -1
82 -1 -1
49 -1 -1
49 -1 -1
49 -1 -1
39 -1 -1
79 -1 -1
66 -1 -1
26 -1 -1
26 -1 -1
26 -1 -1
62 -1 -1
22 -1 -1
54 -1 -1
27 -1 -1
43 -1 -1
43 -1 -1
37 -1 -1
37 -1 -1
32 -1 -1
14 -1 -1
14 -1 -1
15 -1 -1
6 -1 -1
6 -1 -1
4 -1 -1
4 -1 -1
4 -1 -1
4 -1 -1
4 -1 -1
4 -1 -1
4 -1 -1
4 -1 -1
13 -1 -1
64 -1 -1
12 -1 -1
6 -1 -1
72 -1 -1
72 -1 -1
72 -1 -1
69 -1 -1
3 -1 -1
8 -1 -1
25 -1 -1
63 -1 -1
34 -1 -1
34 -1 -1
9 -1 -1
9 -1 -1
9 -1 -1
9 -1 -1
32 -1 -1
32 -1 -1
45 -1 -1
31 -1 -1
31 -1 -1
1 -1 -1
1 -1 -1
24 -1 -1
63 -1 -1
35 -1 -1
0 -1 -1
29 -1 -1
38 -1 -1
26 -1 -1
61 -1 -1
61 -1 -1
61 -1 -1
50 -1 -1
50 -1 -1
83 -1 -1
81 -1 -1
81 -1 -1
55 -1 -1
59 -1 -1
67 -1 -1
25 -1 -1
40 -1 -1
40 -1 -1
40 -1 -1
40 -1 -1
40 -1 -1
40 -1 -1
40 -1 -1
55 1 -2
55 1 -2
55 1 -2
4 1 -2
4 1 -2
4 1 -2
4 1 -2
4 1 -2
55 1 -2
55 1 -2
31 1 -2
31 1 -2
31 1 -2
48 1 -2
55 1 -2
55 1 -2
55 1 -2
55 1 -2
55 1 -2
48 1 -2
55 1 -2
26 1 -2
26 1 -2
26 1 -2
26 1 -2
4 1 -2
4 1 -2
33 1 -2
26 1 -2
37 1 -2
37 1 -2
37 1 -2
37 1 -2
37 1 -2
37 1 -2
70 1 -2
26 1 -2
33 1 -2
11 1 -2
13 1 -2
24 1 -2
16 1 -2
13 1 -2
13 1 -2
44 1 -2
53 1 -2
43 1 -2
41 1 -2
37 1 -2
79 1 -2
13 1 -2
13 1 -2
9 1 -2
9 1 -2
62 1 -2
31 1 -2
48 1 -2
40 1 -2
67 1 -2
4 1 -2
16 1 -2
73 1 -2
73 1 -2
24 1 -2
29 1 -2
7 1 -2
7 1 -2
7 1 -2
7 1 -2
7 1 -2
33 1 -2
9 1 -2
57 1 -2
32 1 -2
52 1 -2
52 1 -2
52 1 -2
28 1 -2
12 1 -2
62 1 -2
49 1 -2
19 1 -2
56 1 -2
56 1 -2
56 1 -2
11 1 -2
11 1 -2
11 1 -2
11 1 -2
11 1 -2
11 1 -2
11 1 -2
11 1 -2
61 1 -2
62 1 -2
62 1 -2
11 1 -2
47 1 -2
47 1 -2
47 1 -2
47 1 -2
55 1 -2
64 1 -2
63 1 -2
15 1 -2
6 1 -2
82 1 -2
54 1 -2
83 1 -2
58 1 -2
1 1 -2
7 1 -2
66 1 -2
11 1 -2
11 1 -2
22 1 -2
78 1 -2
35 1 -2
35 1 -2
35 1 -2
13 1 -2
13 1 -2
48 1 -2
48 1 -2
29 1 -2
76 1 -2
14 1 -2
49 1 -2
40 1 -2
40 1 -2
40 1 -2
40 1 -2
38 1 -2
9 1 -2
21 1 -2
62 1 -2
62 1 -2
8 1 -2
27 1 -2
27 1 -2
34 1 -2
20 1 -2
18 1 -2
27 1 -2
27 1 -2
21 1 -2
39 1 -2
39 1 -2
39 1 -2
39 1 -2
39 1 -2
39 1 -2
38 1 -2
69 1 -2
69 1 -2
27 1 -2
60 1 -2
27 1 -2
45 1 -2
45 1 -2
80 1 -2
3 1 -2
3 1 -2
3 1 -2
3 1 -2
3 1 -2
42 1 -2
42 1 -2
5 1 -2
50 1 -2
9 1 -2
44 1 -2
44 1 -2
44 1 -2
67 1 -2
17 1 -2
56 1 -2
81 1 -2
40 1 -2
13 1 -2
10 1 -2
25 1 -2
65 1 -2
72 1 -2
37 1 -2
35 1 -2
43 1 -2
74 1 -2
0 1 -2
51 1 -2
46 1 -2
59 1 -2
7 1 -2
36 1 -2
23 1 -2
23 1 -2
71 1 -2
44 1 -2
44 1 -2
44 1 -2
44 1 -2
44 1 -2
44 1 -2
44 1 -2
44 1 -2
33 1 -2
30 1 -2
70 1 -2
42 1 -2
42 1 -2
80 1 -2
38 1 -2
38 1 -2
68 1 -2
53 1 -2
48 1 -2
26 1 -2
26 1 -2
26 1 -2
26 1 -2
26 1 -2
26 1 -2
26 1 -2
26 1 -2
26 1 -2
26 1 -2
26 1 -2
55 -2 2
31 -2 2
55 -2 2
70 -2 2
31 -2 2
44 -2 2
62 -2 2
48 -2 2
55 -2 2
33 -2 2
39 -2 2
39 -2 2
39 -2 2
39 -2 2
39 -2 2
39 -2 2
9 -2 2
73 -2 2
37 -2 2
49 -2 2
7 -2 2
40 -2 2
79 -2 2
24 -2 2
44 -2 2
11 -2 2
43 -2 2
43 -2 2
43 -2 2
33 -2 2
33 -2 2
33 -2 2
67 -2 2
27 -2 2
53 -2 2
29 -2 2
47 -2 2
52 -2 2
67 -2 2
67 -2 2
67 -2 2
67 -2 2
67 -2 2
31 -2 2
31 -2 2
31 -2 2
70 -2 2
35 -2 2
32 -2 2
32 -2 2
56 -2 2
56 -2 2
13 -2 2
37 -2 2
14 -2 2
6 -2 2
48 -2 2
62 -2 2
49 -2 2
57 -2 2
57 -2 2
13 -2 2
41 -2 2
41 -2 2
61 -2 2
69 -2 2
35 -2 2
82 -2 2
43 -2 2
38 -2 2
79 -2 2
79 -2 2
76 -2 2
45 -2 2
45 -2 2
39 -2 2
39 -2 2
72 -2 2
12 -2 2
11 -2 2
11 -2 2
11 -2 2
11 -2 2
11 -2 2
11 -2 2
11 -2 2
11 -2 2
11 -2 2
80 -2 2
3 -2 2
50 -2 2
73 -2 2
8 -2 2
8 -2 2
8 -2 2
8 -2 2
78 -2 2
7 -2 2
58 -2 2
1 -2 2
83 -2 2
23 -2 2
42 -2 2
15 -2 2
66 -2 2
65 -2 2
22 -2 2
64 -2 2
64 -2 2
64 -2 2
19 -2 2
71 -2 2
46 -2 2
52 -2 2
54 -2 2
63 -2 2
77 -2 2
75 -2 2
21 -2 2
6 -2 2
8 -2 2
28 -2 2
29 -2 2
29 -2 2
29 -2 2
29 -2 2
29 -2 2
29 -2 2
29 -2 2
74 -2 2
74 -2 2
74 -2 2
74 -2 2
5 -2 2
69 -2 2
4 -2 2
40 -2 2
40 -2 2
40 -2 2
40 -2 2
36 -2 2
15 -2 2
15 -2 2
59 -2 2
25 -2 2
5 -2 2
5 -2 2
5 -2 2
39 -2 2
39 -2 2
81 -2 2
13 -2 2
13 -2 2
13 -2 2
13 -2 2
13 -2 2
13 -2 2
13 -2 2
13 -2 2
13 -2 2
13 -2 2
13 -2 2
17 -2 2
20 -2 2
30 -2 2
55 -2 2
28 -2 2
67 -2 2
67 -2 2
2 -2 2
2 -2 2
24 -2 2
0 -2 2
34 -2 2
51 -2 2
51 -2 2
51 -2 2
51 -2 2
11 2 3
11 2 3
11 2 3
11 2 3
31 0 5
67 0 5
29 0 5
29 0 5
29 0 5
70 0 5
67 0 5
62 0 5
48 0 5
33 0 5
44 0 5
79 0 5
79 0 5
11 0 5
55 0 5
43 0 5
43 0 5
8 0 5
8 0 5
8 0 5
8 0 5
8 0 5
8 0 5
8 0 5
8 0 5
8 0 5
8 0 5
8 0 5
8 0 5
8 0 5
8 0 5
31 -2 3
31 -2 3
31 -2 3
31 -2 3
31 -2 3
29 -2 3
29 -2 3
29 -2 3
29 -2 3
67 -2 3
67 -2 3
55 -2 3
39 -2 3
39 -2 3
39 -2 3
39 -2 3
51 -2 3
33 -2 3
33 -2 3
33 -2 3
79 -2 3
31 -2 3
55 -2 3
62 -2 3
48 -2 3
48 -2 3
43 -2 3
43 -2 3
43 -2 3
43 -2 3
43 -2 3
40 -2 3
40 -2 3
40 -2 3
40 -2 3
40 -2 3
40 -2 3
40 -2 3
40 -2 3
40 -2 3
40 -2 3
40 -2 3
40 -2 3
43 -2 3
11 -2 3
39 -2 3
39 -2 3
39 -2 3
39 -2 3
70 -2 3
70 -2 3
70 -2 3
70 -2 3
70 -2 3
39 -2 3
9 -2 3
74 -2 3
51 -2 3
51 -2 3
33 -2 3
52 -2 3
64 -2 3
44 -2 3
73 -2 3
73 -2 3
31 -2 3
24 -2 3
32 -2 3
35 -2 3
35 -2 3
29 -2 3
48 -2 3
7 -2 3
61 -2 3
49 -2 3
71 -2 3
76 -2 3
70 -2 3
78 -2 3
6 -2 3
56 -2 3
57 -2 3
57 -2 3
5 -2 3
5 -2 3
5 -2 3
5 -2 3
5 -2 3
5 -2 3
5 -2 3
55 -2 -3
55 -2 -3
55 -2 -3
31 -2 -3
31 -2 -3
55 -2 -3
55 -2 -3
55 -2 -3
55 -2 -3
55 -2 -3
55 -2 -3
55 -2 -3
55 -2 -3
55 -2 -3
55 -2 -3
55 -2 -3
55 -2 -3
55 -2 -3
55 -2 -3
44 3 -3
37 3 -3
48 3 -3
26 3 -3
26 3 -3
26 3 -3
44 3 -3
44 3 -3
7 3 -3
33 3 -3
33 3 -3
33 3 -3
62 3 -3
48 3 -3
31 3 -3
24 3 -3
24 3 -3
24 3 -3
24 3 -3
24 3 -3
26 3 -3
26 3 -3
26 3 -3
33 3 -3
55 3 -3
70 3 -3
26 3 -3
26 3 -3
26 3 -3
11 3 -3
37 3 -3
56 3 -3
67 3 -3
26 3 -3
41 3 -3
52 3 -3
27 3 -3
27 3 -3
27 3 -3
38 3 -3
24 3 -3
35 3 -3
79 3 -3
9 3 -3
29 3 -3
29 3 -3
29 3 -3
29 3 -3
29 3 -3
29 3 -3
33 3 -3
43 3 -3
43 3 -3
43 3 -3
43 3 -3
43 3 -3
47 3 -3
53 3 -3
48 3 -3
62 3 -3
32 3 -3
32 3 -3
32 3 -3
32 3 -3
49 3 -3
3 3 -3
73 3 -3
70 3 -3
21 3 -3
21 3 -3
26 3 -3
41 3 -3
42 3 -3
42 3 -3
32 3 -3
61 3 -3
83 3 -3
38 3 -3
6 3 -3
6 3 -3
70 3 -3
56 3 -3
56 3 -3
56 3 -3
56 3 -3
37 3 -3
38 3 -3
76 3 -3
63 3 -3
63 3 -3
23 3 -3
19 3 -3
80 3 -3
81 3 -3
69 3 -3
12 3 -3
22 3 -3
55 3 -3
55 3 -3
55 3 -3
16 3 -3
16 3 -3
16 3 -3
16 3 -3
16 3 -3
57 3 -3
41 3 -3
24 3 -3
65 3 -3
4 3 -3
16 3 -3
16 3 -3
16 3 -3
16 3 -3
16 3 -3
16 3 -3
16 3 -3
16 3 -3
16 3 -3
16 3 -3
58 3 -3
16 3 -3
78 3 -3
78 3 -3
50 3 -3
14 3 -3
10 3 -3
10 3 -3
15 3 -3
64 3 -3
46 3 -3
82 3 -3
50 3 -3
78 3 -3
24 3 -3
54 3 -3
25 3 -3
25 3 -3
25 3 -3
66 3 -3
68 3 -3
49 3 -3
49 3 -3
45 3 -3
45 3 -3
38 3 -3
38 3 -3
38 3 -3
9 3 -3
2 3 -3
57 3 -3
33 3 -3
33 3 -3
48 3 -3
78 3 -3
53 3 -3
12 3 -3
71 3 -3
18 3 -3
28 3 -3
35 3 -3
33 3 -3
72 3 -3
17 3 -3
17 3 -3
75 3 -3
77 3 -3
77 3 -3
77 3 -3
77 3 -3
77 3 -3
77 3 -3
77 3 -3
77 3 -3
77 3 -3
77 3 -3
77 3 -3
77 3 -3
77 3 -3
77 3 -3
77 3 -3
77 3 -3
77 3 -3
77 3 -3
77 3 -3
36 3 -3
1 3 -3
61 3 -3
61 3 -3
77 3 -3
74 3 -3
74 3 -3
64 3 -3
30 3 -3
20 3 -3
20 3 -3
20 3 -3
20 3 -3
59 3 -3
28 3 -3
0 3 -3
60 3 -3
29 3 -3
59 3 -3
18 3 -3
26 3 -3
26 3 -3
38 3 -3
38 3 -3
38 3 -3
24 3 -3
24 3 -3
81 3 -3
21 3 -3
16 3 -3
16 3 -3
16 3 -3
79 3 -3
11 3 -3
11 3 -3
75 3 -3
34 3 -3
9 3 -3
7 3 -3
7 3 -3
7 3 -3
53 3 -3
15 3 -3
15 3 -3
15 3 -3
55 -1 -5
55 -1 -5
55 -1 -5
55 -1 -5
33 -1 -5
31 -1 -5
31 -1 -5
31 -1 -5
31 -1 -5
77 6 -1
77 6 -1
24 6 -1
44 6 -1
33 6 -1
33 6 -1
77 6 -1
38 6 -1
38 6 -1
37 6 -1
37 6 -1
7 6 -1
48 6 -1
77 6 -1
56 6 -1
56 6 -1
62 6 -1
24 6 -1
32 6 -1
43 6 -1
43 6 -1
43 6 -1
29 5 2
33 5 2
77 5 2
11 5 2
70 5 2
33 5 2
24 5 2
24 5 2
24 5 2
24 5 2
24 5 2
24 5 2
24 5 2
24 5 2
24 5 2
24 5 2
67 5 2
67 5 2
67 5 2
67 5 2
77 5 2
11 5 2
11 5 2
7 5 2
43 5 2
43 5 2
43 5 2
43 5 2
44 5 2
38 5 2
79 5 2
79 5 2
29 5 2
29 5 2
29 5 2
29 5 2
29 5 2
29 5 2
62 5 2
32 5 2
32 5 2
32 5 2
32 5 2
32 5 2
32 5 2
32 5 2
32 5 2
32 5 2
32 5 2
32 5 2
32 5 2
32 5 2
32 5 2
56 5 2
56 5 2
56 5 2
70 5 2
70 5 2
74 5 2
64 5 2
37 5 2
56 5 2
78 5 2
27 5 2
52 5 2
78 5 2
57 5 2
35 5 2
49 5 2
49 5 2
73 5 2
73 5 2
43 5 2
43 5 2
45 5 2
28 5 2
28 5 2
69 5 2
6 5 2
42 5 2
21 5 2
53 5 2
9 5 2
67 5 2
67 5 2
67 5 2
64 5 2
81 5 2
72 5 2
69 5 2
25 5 2
25 5 2
41 5 2
32 5 2
60 5 2
47 5 2
47 5 2
75 5 2
75 5 2
29 5 2
29 5 2
71 5 2
47 5 2
12 5 2
12 5 2
12 5 2
76 5 2
76 5 2
76 5 2
76 5 2
76 5 2
76 5 2
76 5 2
3 5 2
29 5 2
29 5 2
10 5 2
2 5 2
58 5 2
35 5 2
35 5 2
35 5 2
35 5 2
35 5 2
68 5 2
23 5 2
29 5 2
48 5 2
59 5 2
54 5 2
54 5 2
54 5 2
54 5 2
24 5 2
24 5 2
24 5 2
50 5 2
50 5 2
29 5 2
61 5 2
54 5 2
54 5 2
45 5 2
45 5 2
45 5 2
45 5 2
45 5 2
45 5 2
18 5 2
14 5 2
14 5 2
14 5 2
34 5 2
72 5 2
72 5 2
17 5 2
70 5 2
80 5 2
62 5 2
63 5 2
19 5 2
46 5 2
20 5 2
76 5 2
36 5 2
66 5 2
14 5 2
22 5 2
72 5 2
72 5 2
72 5 2
67 5 2
15 5 2
33 5 2
65 5 2
65 5 2
65 5 2
65 5 2
65 5 2
82 5 2
72 5 2
11 5 2
11 5 2
33 5 2
1 5 2
52 5 2
53 5 2
36 5 2
36 5 2
36 5 2
36 5 2
36 5 2
73 5 2
1 5 2
43 5 2
67 5 2
67 5 2
54 5 2
22 5 2
67 5 2
21 5 2
49 5 2
67 5 2
51 5 2
30 5 2
41 5 2
81 5 2
2 5 2
2 5 2
65 5 2
45 5 2
73 5 2
50 5 2
70 5 2
70 5 2
70 5 2
70 5 2
70 5 2
70 5 2
70 5 2
7 5 2
17 5 2
83 5 2
64 5 2
77 5 2
44 5 2
11 5 2
82 5 2
49 5 2
35 5 2
35 5 2
35 5 2
35 5 2
35 5 2
35 5 2
35 5 2
35 5 2
35 5 2
35 5 2
35 5 2
35 5 2
35 5 2
9 5 2
63 5 2
2 5 2
60 5 2
0 5 2
66 5 2
76 5 2
76 5 2
62 5 2
71 5 2
11 5 2
11 5 2
83 5 2
28 5 2
79 5 2
7 5 2
46 5 2
81 5 2
5 5 2
5 5 2
5 5 2
19 5 2
75 5 2
7 5 2
58 5 2
58 5 2
58 5 2
31 5 2
31 5 2
31 5 2
23 5 2
37 5 2
25 5 2
18 5 2
71 5 2
74 5 2
12 5 2
36 5 2
27 5 2
51 5 2
51 5 2
51 5 2
25 5 2
56 5 2
56 5 2
20 5 2
20 5 2
32 5 2
3 5 2
33 5 2
33 5 2
33 5 2
33 5 2
33 5 2
33 5 2
33 5 2
33 5 2
57 5 2
57 5 2
73 5 2
40 5 2
40 5 2
40 5 2
28 5 2
31 5 2
31 5 2
31 5 2
14 5 2
14 5 2
14 5 2
14 5 2
14 5 2
14 5 2
14 5 2
39 5 2
5 5 2
48 5 2
14 5 2
22 5 2
11 5 2
11 5 2
11 5 2
11 5 2
11 5 2
11 5 2
11 5 2
11 5 2
42 5 2
3 5 2
3 5 2
16 5 2
16 5 2
16 5 2
16 5 2
16 5 2
16 5 2
16 5 2
16 5 2
16 5 2
16 5 2
16 5 2
11 5 2
22 5 2
15 5 2
35 5 2
35 5 2
35 5 2
35 5 2
31 5 2
31 5 2
70 5 2
34 5 2
69 5 2
64 5 2
53 5 2
67 5 2
57 5 2
57 5 2
51 5 2
51 5 2
38 5 2
16 5 2
34 5 2
37 5 2
19 5 2
78 5 2
22 5 2
11 5 2
78 5 2
78 5 2
78 5 2
78 5 2
45 5 2
11 5 2
73 5 2
43 5 2
0 5 2
41 5 2
47 5 2
2 5 2
2 5 2
2 5 2
2 5 2
2 5 2
24 5 -2
24 5 -2
24 5 -2
24 5 -2
24 5 -2
24 5 -2
24 5 -2
35 5 -2
35 5 -2
35 5 -2
32 5 -2
24 5 -2
24 5 -2
33 5 -2
77 5 -2
77 5 -2
77 5 -2
35 5 -2
32 5 -2
26 5 -2
29 5 -2
29 5 -2
29 5 -2
26 5 -2
70 5 -2
16 5 -2
16 5 -2
77 5 -2
77 5 -2
37 5 -2
38 5 -2
38 5 -2
38 5 -2
43 5 -2
77 5 -2
67 5 -2
67 5 -2
14 5 -2
32 5 -2
32 5 -2
44 5 -2
56 5 -2
38 5 -2
38 5 -2
26 5 -2
38 5 -2
7 5 -2
56 5 -2
43 5 -2
43 5 -2
43 5 -2
43 5 -2
43 5 -2
70 5 -2
33 5 -2
32 5 -2
78 5 -2
78 5 -2
78 5 -2
78 5 -2
78 5 -2
78 5 -2
78 5 -2
78 5 -2
78 5 -2
24 5 -2
24 5 -2
24 5 -2
24 5 -2
24 5 -2
76 5 -2
35 5 -2
76 5 -2
37 5 -2
7 5 -2
73 5 -2
45 5 -2
15 5 -2
15 5 -2
54 5 -2
27 5 -2
11 5 -2
11 5 -2
78 5 -2
78 5 -2
16 5 -2
21 5 -2
21 5 -2
21 5 -2
2 5 -2
41 5 -2
27 5 -2
27 5 -2
27 5 -2
3 5 -2
3 5 -2
3 5 -2
3 5 -2
47 5 -2
72 5 -2
54 5 -2
81 5 -2
81 5 -2
78 5 -2
78 5 -2
78 5 -2
78 5 -2
77 5 -2
76 5 -2
11 5 -2
14 5 -2
43 5 -2
43 5 -2
43 5 -2
43 5 -2
43 5 -2
43 5 -2
43 5 -2
43 5 -2
43 5 -2
43 5 -2
43 5 -2
43 5 -2
43 5 -2
43 5 -2
43 5 -2
43 5 -2
43 5 -2
43 5 -2
43 5 -2
43 5 -2
43 5 -2
43 5 -2
43 5 -2
24 7 -1
24 7 -1
24 7 -1
24 7 -1
24 7 -1
35 5 3
29 5 3
32 5 3
35 5 3
35 5 3
35 5 3
70 5 3
67 5 3
11 5 3
33 5 3
33 5 3
33 5 3
78 5 3
29 5 3
70 5 3
35 5 3
2 5 3
2 5 3
2 5 3
2 5 3
2 5 3
2 5 3
2 5 3
2 5 3
2 5 3
2 5 3
2 5 3
2 5 3
2 5 3
2 5 3
2 5 3
2 5 3
2 5 3
2 5 3
14 5 3
14 5 3
2 5 3
29 5 3
70 5 3
70 5 3
67 5 3
76 5 3
2 5 3
33 5 3
45 5 3
70 5 3
70 5 3
70 5 3
70 5 3
72 5 3
70 5 3
2 5 3
33 5 3
14 5 3
73 5 3
54 5 3
77 5 3
11 5 3
36 5 3
65 5 3
65 5 3
65 5 3
65 5 3
65 5 3
65 5 3
65 5 3
77 2 -6
77 2 -6
77 2 -6
29 0 8
33 0 8
33 0 8
67 0 8
29 0 8
70 0 8
57 0 8
57 0 8
48 0 8
33 0 8
7 0 8
64 0 8
79 0 8
79 0 8
79 0 8
79 0 8
79 0 8
79 0 8
79 0 8
29 -3 5
29 -3 5
29 -3 5
29 -3 5
29 -3 5
29 -3 5
29 -3 5
44 -7 -1
48 -7 -1
62 -7 -1
33 -7 -1
37 -7 -1
33 -7 -1
33 -7 -1
33 -7 -1
33 -7 -1
33 -7 -1
33 -7 -1
33 -7 -1
33 -7 -1
33 -7 -1
33 -7 -1
33 -7 -1
33 -7 -1
33 -7 -1
33 -7 -1
33 -7 -1
33 -7 -1
33 -7 -1
33 -7 -1
33 -7 -1
33 -7 -1
9 -7 -1
67 -7 -1
67 -7 -1
7 -7 -1
70 -7 -1
62 -7 -1
70 -7 -1
70 -7 -1
70 -7 -1
44 -7 -1
52 -7 -1
52 -7 -1
52 -7 -1
52 -7 -1
52 -7 -1
52 -7 -1
52 -7 -1
52 -7 -1
64 -7 -1
73 -7 -1
49 -7 -1
33 -7 -1
53 -7 -1
53 -7 -1
41 -7 -1
41 -7 -1
41 -7 -1
57 -7 -1
57 -7 -1
57 -7 -1
56 -7 -1
33 -7 -1
33 -7 -1
33 -7 -1
33 -7 -1
33 -7 -1
33 -7 -1
33 -7 -1
33 -7 -1
23 -7 -1
6 -7 -1
61 -7 -1
61 -7 -1
48 -7 -1
74 -7 -1
42 -7 -1
31 -7 -1
63 -7 -1
63 -7 -1
69 -7 -1
12 -7 -1
47 -7 -1
47 -7 -1
27 -7 -1
80 -7 -1
80 -7 -1
80 -7 -1
80 -7 -1
80 -7 -1
80 -7 -1
80 -7 -1
80 -7 -1
80 -7 -1
80 -7 -1
80 -7 -1
80 -7 -1
80 -7 -1
47 -7 -1
10 -7 -1
1 -7 -1
1 -7 -1
1 -7 -1
1 -7 -1
3 -7 -1
3 -7 -1
3 -7 -1
3 -7 -1
3 -7 -1
3 -7 -1
3 -7 -1
83 -7 -1
50 -7 -1
19 -7 -1
66 -7 -1
66 -7 -1
58 -7 -1
28 -7 -1
21 -7 -1
46 -7 -1
1 -7 -1
18 -7 -1
68 -7 -1
54 -7 -1
54 -7 -1
54 -7 -1
34 -7 -1
22 -7 -1
71 -7 -1
25 -7 -1
75 -7 -1
59 -7 -1
82 -7 -1
45 -7 -1
45 -7 -1
0 -7 -1
0 -7 -1
14 -7 -1
76 -7 -1
20 -7 -1
64 -7 -1
64 -7 -1
64 -7 -1
64 -7 -1
64 -7 -1
27 -7 -1
41 -7 -1
41 -7 -1
7 -7 -1
81 -7 -1
60 -7 -1
70 -7 -1
21 -7 -1
21 -7 -1
67 -7 -1
67 -7 -1
67 -7 -1
67 -7 -1
67 -7 -1
67 -7 -1
67 -7 -1
67 -7 -1
36 -7 -1
36 -7 -1
36 -7 -1
72 -7 -1
34 -7 -1
17 -7 -1
32 -7 -1
47 -7 -1
30 -7 -1
38 -7 -1
38 -7 -1
38 -7 -1
38 -7 -1
38 -7 -1
38 -7 -1
38 -7 -1
38 -7 -1
33 -8 0
33 -8 0
33 -8 0
33 -8 0
33 -8 0
33 -8 0
33 -8 0
33 -8 0
33 -8 0
80 -8 0
67 -8 0
52 -8 0
33 -8 0
64 -8 0
3 -8 0
70 -8 0
80 -8 0
33 -8 0
33 -8 0
70 -8 0
41 -8 0
41 -8 0
41 -8 0
38 -8 0
38 -8 0
38 -8 0
38 -8 0
38 -8 0
38 -8 0
38 -8 0
38 -8 0
62 -8 0
62 -8 0
47 -8 0
38 -8 0
38 -8 0
38 -8 0
41 -8 0
57 -8 0
74 -8 0
74 -8 0
74 -8 0
44 -8 0
54 -8 0
36 -8 0
49 -8 0
49 -8 0
1 -8 0
61 -8 0
61 -8 0
61 -8 0
69 -8 0
62 -8 0
69 -8 0
69 -8 0
69 -8 0
69 -8 0
69 -8 0
69 -8 0
69 -8 0
69 -8 0
66 -8 0
66 -8 0
48 -8 0
50 -8 0
50 -8 0
27 -8 0
27 -8 0
12 -8 0
12 -8 0
12 -8 0
12 -8 0
12 -8 0
12 -8 0
3 -8 0
3 -8 0
3 -8 0
74 -8 0
74 -8 0
7 -8 0
73 -8 0
9 -8 0
83 -8 0
72 -8 0
23 -8 0
67 -8 0
67 -8 0
67 -8 0
67 -8 0
67 -8 0
67 -8 0
67 -8 0
67 -8 0
67 -8 0
67 -8 0
67 -8 0
67 -8 0
67 -8 0
67 -8 0
67 -8 0
67 -8 0
67 -8 0
67 -8 0
67 -8 0
67 -8 0
67 -8 0
59 -8 0
20 -8 0
21 -8 0
19 -8 0
19 -8 0
19 -8 0
19 -8 0
19 -8 0
19 -8 0
30 -8 0
68 -8 0
28 -8 0
3 -8 0
23 -8 0
81 -8 0
63 -8 0
64 -8 0
64 -8 0
64 -8 0
64 -8 0
52 -8 0
53 -8 0
10 -8 0
34 -8 0
3 -8 0
45 -8 0
23 -8 0
18 -8 0
81 -8 0
56 -8 0
45 -8 0
47 -8 0
74 -8 0
22 -8 0
22 -8 0
22 -8 0
22 -8 0
17 -8 0
17 -8 0
17 -8 0
17 -8 0
17 -8 0
82 -8 0
74 -8 0
34 -8 0
80 -8 0
27 -8 0
27 -8 0
12 -8 0
25 -8 0
25 -8 0
25 -8 0
79 0 9
79 0 9
9 0 9
60 0 9
57 0 9
28 0 9
66 0 9
66 0 9
73 0 9
53 0 9
59 0 9
75 0 9
58 0 9
62 0 9
23 0 9
34 0 9
48 0 9
49 0 9
46 0 9
18 0 9
6 0 9
6 0 9
10 0 9
82 0 9
42 0 9
63 0 9
63 0 9
63 0 9
63 0 9
63 0 9
63 0 9
1 0 9
1 0 9
1 0 9
1 0 9
1 0 9
1 0 9
1 0 9
1 0 9
1 0 9
12 0 9
12 0 9
68 0 9
50 0 9
71 0 9
45 0 9
52 0 9
52 0 9
74 0 9
72 0 9
83 0 9
83 0 9
83 0 9
7 0 9
7 0 9
7 0 9
20 0 9
0 0 9
0 0 9
0 0 9
22 0 9
56 0 9
54 0 9
19 0 9
76 0 9
76 0 9
14 0 9
47 0 9
47 0 9
36 0 9
6 0 9
44 0 9
70 0 9
70 0 9
81 0 9
37 0 9
61 0 9
41 0 9
69 0 9
69 0 9
30 0 9
30 0 9
30 0 9
21 0 9
76 0 9
27 0 9
17 0 9
18 0 9
18 0 9
18 0 9
42 0 9
42 0 9
6 0 9
18 0 9
18 0 9
18 0 9
18 0 9
18 0 9
18 0 9
3 0 9
37 0 9
80 0 9
80 0 9
80 0 9
9 0 9
68 0 9
68 0 9
68 0 9
42 0 9
20 0 9
20 0 9
20 0 9
57 0 9
8 0 9
8 0 9
8 0 9
8 0 9
63 0 9
63 0 9
8 0 9
63 0 9
57 0 9
28 0 9
79 0 9
79 0 9
1 0 9
1 0 9
29 0 9
56 0 9
68 0 9
57 0 9
7 0 9
36 0 9
1 0 9
1 0 9
79 0 9
47 0 9
12 0 9
64 0 9
22 0 9
32 0 9
32 0 9
23 0 9
10 0 9
3 0 9
17 0 9
48 0 9
48 0 9
27 0 9
69 0 9
48 0 9
70 0 9
70 0 9
8 0 9
49 0 9
68 0 9
68 0 9
52 0 9
0 0 9
30 0 9
7 0 9
1 0 9
5 0 9
5 0 9
5 0 9
21 0 9
49 0 9
34 0 9
74 0 9
69 0 9
30 0 9
3 0 9
51 0 9
76 0 9
68 0 9
3 0 9
78 0 9
80 0 9
8 0 9
54 0 9
73 0 9
41 0 9
81 0 9
14 0 9
28 0 9
28 0 9
82 0 9
82 0 9
82 0 9
82 0 9
82 0 9
57 0 9
42 0 9
74 0 9
58 0 9
45 0 9
15 0 9
7 0 9
7 0 9
75 0 9
17 0 9
71 0 9
56 0 9
3 0 9
14 0 9
7 0 9
68 0 9
71 0 9
71 0 9
71 0 9
71 0 9
71 0 9
52 0 9
52 0 9
52 0 9
47 0 9
53 0 9
53 0 9
51 0 9
51 0 9
35 0 9
50 0 9
19 0 9
36 0 9
27 0 9
66 0 9
10 0 9
32 0 9
44 0 9
22 0 9
31 0 9
64 0 9
0 0 9
34 0 9
19 0 9
7 0 9
57 0 9
60 0 9
29 0 9
46 0 9
73 0 9
73 0 9
73 0 9
73 0 9
73 0 9
73 0 9
73 0 9
73 0 9
73 0 9
73 0 9
73 0 9
73 0 9
73 0 9
73 0 9
32 0 9
76 0 9
82 0 9
82 0 9
9 0 9
9 0 9
9 0 9
23 0 9
6 0 9
6 0 9
30 0 9
72 0 9
72 0 9
79 0 9
73 0 9
52 0 9
34 0 9
64 0 9
19 0 9
25 0 9
25 0 9
81 0 9
48 0 9
8 0 9
7 0 9
42 0 9
57 0 9
57 0 9
57 0 9
57 0 9
57 0 9
66 0 9
66 0 9
50 0 9
60 0 9
61 0 9
70 0 9
76 0 9
80 0 9
46 0 9
51 0 9
54 0 9
65 0 9
22 0 9
9 0 9
9 0 9
9 0 9
23 0 9
0 0 9
0 0 9
62 0 9
72 0 9
72 0 9
15 0 9
83 0 9
83 0 9
61 0 9
61 0 9
61 0 9
61 0 9
37 0 -9
37 0 -9
37 0 -9
37 0 -9
37 0 -9
37 0 -9
48 0 -9
44 0 -9
7 0 -9
37 0 -9
37 0 -9
37 0 -9
56 0 -9
9 0 -9
53 0 -9
52 0 -9
52 0 -9
52 0 -9
52 0 -9
52 0 -9
37 -1 -8
44 -1 -8
31 -1 -8
31 -1 -8
31 -1 -8
31 -1 -8
48 -1 -8
48 -1 -8
48 -1 -8
44 -1 -8
62 -1 -8
62 -1 -8
62 -1 -8
62 -1 -8
62 -1 -8
62 -1 -8
62 -1 -8
52 -1 -8
7 -1 -8
37 -1 -8
9 -1 -8
9 -1 -8
62 -1 -8
31 -1 -8
56 -1 -8
31 -1 -8
49 -1 -8
6 -1 -8
6 -1 -8
52 -1 -8
52 -1 -8
52 -1 -8
52 -1 -8
52 -1 -8
42 -1 -8
41 -1 -8
27 -1 -8
21 -1 -8
70 -1 -8
12 -1 -8
47 -1 -8
47 -1 -8
10 -1 -8
52 -1 -8
52 -1 -8
52 -1 -8
52 -1 -8
52 -1 -8
52 -1 -8
52 -1 -8
52 -1 -8
52 -1 -8
52 -1 -8
52 -1 -8
52 -1 -8
52 -1 -8
52 -1 -8
52 -1 -8
52 -1 -8
52 -1 -8
52 -1 -8
52 -1 -8
52 -1 -8
52 -1 -8
52 -1 -8
53 -1 -8
52 -1 -8
57 -1 -8
28 -1 -8
28 -1 -8
28 -1 -8
28 -1 -8
28 -1 -8
28 -1 -8
82 -1 -8
57 -1 -8
83 -1 -8
19 -1 -8
44 -1 -8
73 -1 -8
63 -1 -8
32 -1 -8
46 -1 -8
23 -1 -8
3 -1 -8
3 -1 -8
81 -1 -8
14 -1 -8
58 -1 -8
71 -1 -8
76 -1 -8
18 -1 -8
66 -1 -8
20 -1 -8
0 -1 -8
0 -1 -8
60 -1 -8
54 -1 -8
50 -1 -8
45 -1 -8
59 -1 -8
68 -1 -8
32 -1 -8
64 -1 -8
22 -1 -8
59 -1 -8
75 -1 -8
34 -1 -8
52 -1 -8
52 -1 -8
52 -1 -8
52 -1 -8
57 -1 -8
12 -1 -8
14 -1 -8
14 -1 -8
72 -1 -8
72 -1 -8
72 -1 -8
30 -1 -8
30 -1 -8
30 -1 -8
30 -1 -8
30 -1 -8
30 -1 -8
30 -1 -8
33 -9 0
35 5 5
35 5 5
35 5 5
35 5 5
35 5 5
35 5 5
35 5 5
35 5 5
70 5 5
70 5 5
70 5 5
73 -1 9
1 -1 9
1 -1 9
67 -6 4
29 -6 4
29 -6 4
64 -6 4
74 -6 4
80 -6 4
69 -6 4
29 -6 4
29 -6 4
3 -6 4
3 -6 4
3 -6 4
3 -6 4
41 -6 4
29 -6 4
29 -6 4
29 -6 4
12 -6 4
69 -6 4
23 -6 4
34 -6 4
34 -6 4
34 -6 4
34 -6 4
34 -6 4
67 -9 1
67 -9 1
67 -9 1
67 -9 1
3 -7 4
6 2 -12
7 2 9
9 -5 9
10 9 -7
12 -10 -5
14 11 1
17 -11 0
18 2 9
19 -8 -6
20 2 -12
21 9 -4
22 11 1
23 -12 5
27 10 -2
28 -2 -11
32 6 -5
35 6 -1
36 11 1
37 0 -11
41 -11 0
42 -5 9
43 5 -2
44 11 8
45 11 1
46 -11 -10
47 11 -1
48 11 8
49 -10 -5
50 12 0
53 -9 -12
54 11 1
56 9 -4
57 -5 9
58 11 5
59 -6 -10
60 11 8
62 -6 -10
63 2 9
64 -11 0
66 -2 13
68 2 9
69 -11 0
71 2 -12
72 11 1
73 2 9
74 -8 -6
75 7 -10
76 6 8
78 8 -3
80 -8 -6
81 10 -2
82 6 11
83 -3 -12
0 0 12
3 -7 4
6 -5 9
7 -5 9
9 -7 10
10 9 -7
12 13 -2
14 7 6
17 -11 0
18 -5 9
19 -11 0
20 -5 9
21 -6 -10
22 -8 -6
23 -12 5
27 -8 -6
28 -2 -11
32 6 -1
35 6 -1
36 11 1
37 0 -11
41 -8 -6
42 -7 10
44 11 7
45 7 6
46 -11 -10
47 -6 -10
48 11 8
49 -12 5
50 -8 -6
53 -9 -12
54 -6 -10
56 9 -4
57 2 9
58 11 -9
59 -4 -11
60 11 8
62 -2 -11
63 -5 9
64 -10 -5
66 -2 13
68 -5 9
69 -7 4
71 -5 9
72 11 0
73 2 9
74 12 0
75 9 -7
76 11 1
78 8 -3
80 -11 0
81 10 -2
82 2 9
83 -5 9
0 -5 9
3 -7 4
6 9 -7
7 1 -12
9 2 9
10 7 -10
12 12 0
14 6 8
17 12 0
18 0 12
19 -11 0
20 -5 9
21 -12 5
22 6 11
23 -7 4
27 11 -1
28 -3 -11
32 8 -3
35 6 -1
36 11 0
37 0 -11
41 -8 -6
42 -7 10
44 -11 10
45 11 5
46 -11 -10
47 12 0
48 11 7
49 -11 0
50 -8 -6
53 -9 -12
54 -10 -5
56 9 -4
57 4 10
58 -10 12
59 9 -7
60 11 8
62 -2 -11
63 0 12
64 13 -2
66 -2 13
68 0 12
69 -7 4
71 4 10
72 7 6
73 4 10
74 13 -2
75 7 -10
76 11 0
78 8 -3
80 -11 0
81 10 -2
82 -5 9
83 -7 10
0 -12 5
3 -12 2
6 -12 5
7 1 -12
9 2 9
10 7 -10
12 -11 0
14 6 8
17 -10 -5
18 0 12
19 -11 0
20 -5 9
21 7 -10
22 6 11
23 11 -9
27 6 -5
28 2 -12
32 11 1
35 6 -1
36 11 5
37 0 -11
41 -8 -6
42 -8 10
44 11 -9
45 10 7
46 11 -9
47 7 -10
48 13 9
49 7 -10
50 -8 -11
53 -9 -12
54 -10 -5
56 9 -4
57 4 10
58 -10 12
59 9 -7
60 11 8
62 -2 -11
63 -7 9
64 -7 4
66 -3 -12
68 4 10
69 -7 4
71 11 5
72 6 8
73 0 12
74 13 -2
75 11 5
76 -5 9
78 6 -5
80 13 -2
81 8 -3
82 4 10
83 -7 10
0 7 -10
3 11 -1
6 -12 5
7 4 10
9 4 10
10 12 -4
12 -12 5
14 4 10
17 -12 5
18 0 12
19 -11 0
20 -7 10
21 10 -2
22 6 8
23 13 -2
27 -12 5
28 7 -10
32 6 -5
35 6 -1
36 -12 2
37 0 -11
41 -8 -6
42 2 9
44 11 -11
45 8 -3
46 11 -9
47 6 -5
48 13 9
49 7 -10
50 -8 -11
53 -9 -12
54 -10 -5
56 9 -4
57 -5 9
58 -10 12
59 9 -7
63 -7 9
64 -12 2
66 -5 9
68 2 -12
69 12 0
71 9 -7
72 6 8
73 -5 9
74 11 0
75 -9 -12
76 6 -5
78 10 -2
80 -7 4
81 8 -3
82 11 5
83 -6 -10
0 -6 -10
3 -11 0
6 11 7
7 -7 9
9 2 9
10 12 -4
12 11 0
14 4 10
17 -12 5
18 -2 13
19 12 0
20 -7 9
21 6 -5
22 7 -10
23 -11 -10
27 -7 4
28 -6 -10
32 7 6
36 12 0
37 0 -11
42 2 9
44 11 -11
45 -6 -10
46 -9 -12
47 7 6
48 -11 8
49 7 -10
50 -6 -10
53 -10 12
54 -10 -5
56 8 -3
57 0 12
58 -9 -12
59 11 -9
63 -7 10
64 -8 -11
66 6 12
67 -9 1
68 1 -12
69 -12 2
71 -3 -11
72 6 8
73 -5 9
74 -11 0
75 -6 -10
76 7 6
78 9 -4
80 -12 2
81 8 -3
82 11 5
83 -7 9
0 12 -4
3 -11 0
6 11 5
7 -7 10
9 0 12
10 -12 5
12 11 -1
14 4 10
17 -12 2
18 0 12
19 -12 5
20 -7 10
21 6 -5
22 7 -10
23 12 0
27 -7 4
28 -6 -10
32 11 0
36 7 6
42 0 12
44 11 -11
45 -8 -11
46 -11 10
47 -8 -11
48 -12 5
49 7 -10
50 -6 -10
53 -8 -11
54 -10 -5
56 10 -2
57 -7 10
58 -9 -12
59 11 -9
63 -12 5
64 7 -10
66 -12 5
68 0 12
69 -10 -5
71 7 -10
72 6 8
73 -5 9
74 7 -10
75 9 -4
76 7 6
78 6 -5
80 -7 4
81 8 -3
82 -12 5
83 -7 9
0 11 7
3 13 -2
6 11 5
7 0 12
9 0 12
10 -6 -10
12 13 -2
14 4 10
17 -12 2
18 1 -12
19 -7 4
20 -6 -10
21 8 -3
22 13 13
23 12 0
27 -11 0
28 -4 -11
32 10 -2
36 -6 -10
42 -5 9
44 13 13
45 -4 -11
46 -11 10
47 -8 -11
48 10 7
49 9 -7
50 -7 4
53 -11 -10
54 -10 -5
56 9 -7
57 7 6
58 -8 -11
59 11 -9
63 -8 10
64 9 -7
66 0 12
68 2 9
69 -10 -5
71 7 -10
72 6 8
73 2 9
74 9 -7
75 -10 12
76 11 5
78 6 -5
80 -10 -5
81 8 -3
82 -12 5
83 -7 9
0 2 9
3 13 -2
6 -7 10
7 2 -12
9 0 12
10 13 -2
12 -12 2
14 4 10
17 -12 2
18 1 -12
19 -10 -5
20 -4 -11
21 8 -3
22 -6 -10
23 12 0
27 -11 0
28 9 -7
32 -12 2
36 -6 -10
42 2 -12
44 7 -10
45 -6 -10
46 -11 10
47 -7 4
48 10 7
49 6 12
50 -10 -5
53 -6 -10
54 -10 -5
56 12 -4
57 2 -12
58 -8 -11
59 11 -9
63 -8 10
64 7 -10
66 2 9
68 -2 13
69 13 -2
71 12 -4
72 6 8
73 2 9
74 -10 -5
75 -11 -10
76 8 -3
78 6 -5
80 -6 -10
81 9 -4
82 -12 5
83 -7 9
0 -10 -5
3 -6 -10
6 -6 -10
7 -12 5
9 0 12
10 13 -2
12 9 -7
14 4 10
17 -12 2
18 2 -12
19 -11 8
20 -6 -10
21 -10 -5
22 11 -11
23 12 0
27 -11 0
28 1 -12
32 -12 2
36 -7 4
42 -12 5
44 10 -2
45 -12 2
46 -11 10
47 -10 -5
48 13 13
49 6 12
50 7 -10
53 -7 10
54 -8 -11
56 8 -6
57 1 -12
58 -6 -10
59 11 -9
63 -8 10
64 7 -10
66 2 -12
68 -2 13
69 13 -2
71 -9 -12
73 2 9
74 7 -10
75 -11 -10
76 8 -3
78 6 -5
80 -3 -11
81 9 -4
82 11 7
83 -7 9
0 -10 -5
3 -6 -10
6 -11 0
7 -12 5
9 0 12
10 9 -4
12 7 -10
14 4 10
17 -12 2
18 -3 -12
19 -11 8
20 -8 10
21 10 7
22 -7 10
23 12 0
27 -11 0
28 -2 13
32 2 -12
36 -10 -5
42 9 -7
44 -8 -11
45 -12 2
46 -11 10
47 10 -2
48 13 13
49 6 11
50 7 -10
53 -8 10
54 12 -4
56 11 5
57 -10 -5
58 -6 -10
59 11 -9
63 -8 -11
64 7 -10
66 -10 -5
68 2 -12
69 13 -2
71 -9 -12
73 2 9
74 11 -1
75 -11 -10
76 8 -3
78 6 -5
80 -7 9
81 11 -1
82 -12 5
83 -8 10
0 -10 -5
3 -10 -5
6 10 7
7 11 5
9 0 12
10 -10 -5
12 7 -10
14 4 10
17 -12 5
18 4 10
19 -11 8
20 -5 9
21 11 5
22 -7 10
23 12 0
27 12 0
28 0 12
32 2 -12
36 9 -7
37 0 -11
42 9 -4
44 -8 -11
45 -12 2
46 -11 10
47 10 -2
48 13 13
49 6 11
50 7 -10
53 -10 -5
54 -11 -10
56 -10 -5
57 9 -7
58 -6 -10
59 11 -9
63 -9 -12
64 8 -6
66 4 10
68 6 12
69 13 -2
71 -9 -12
73 2 9
74 10 -2
75 -11 -10
76 8 -3
78 6 -5
80 -7 9
81 11 -1
82 10 7
83 -5 9
0 -11 0
3 -12 5
6 12 -4
7 10 -2
9 0 12
10 -10 -5
12 7 -10
14 6 12
17 11 1
18 4 10
19 -8 10
20 -5 9
21 11 7
22 -10 -5
23 12 0
27 -12 5
28 0 12
32 12 0
36 10 -2
42 9 -4
44 -8 -11
45 -12 2
46 -11 10
47 -12 5
48 13 13
49 6 11
50 7 -10
53 11 -11
54 -11 -10
56 -12 5
57 11 5
58 -6 -10
59 11 -9
63 -10 -5
64 6 12
66 4 10
68 -3 -12
69 13 -2
71 -9 -12
73 2 9
74 11 7
75 -10 -5
76 9 -7
78 6 -5
80 -7 9
81 11 -1
82 11 1
83 -5 9
0 -11 0
3 -7 10
6 12 -4
7 10 -2
9 1 -12
10 -10 -5
12 7 -10
14 7 6
17 -7 4
18 4 10
19 -11 10
20 -5 9
21 2 -12
22 -10 -5
23 11 0
27 12 0
28 1 -12
32 12 0
36 7 -10
42 9 -4
44 -8 -11
46 -11 10
47 11 5
48 13 13
50 7 -10
53 11 5
54 -11 -10
56 7 -10
57 -2 13
59 11 -9
63 -11 -10
64 11 7
66 0 12
68 -7 10
69 13 -2
71 -9 -12
73 2 9
74 2 -12
75 -10 -5
76 7 -10
80 -7 9
81 11 -1
82 13 9
83 -11 8
0 -11 0
3 -7 10
6 12 -4
7 8 -3
9 2 -12
10 10 -2
12 8 -6
14 4 10
17 -7 4
18 4 10
19 -11 10
20 -3 -12
21 -5 9
22 2 -12
23 11 1
27 12 0
28 11 5
32 12 0
36 9 -4
42 9 -4
46 -11 8
47 2 -12
50 7 -10
53 -10 -5
54 7 -10
56 11 -11
57 -2 13
59 11 -9
63 -10 -5
64 11 7
66 0 12
68 -10 -5
71 -11 -10
74 -3 -12
75 -10 -5
76 4 10
80 -7 9
81 11 -1
82 7 6
83 13 9
0 -11 0
3 -7 9
6 12 -4
7 8 -3
9 -2 13
10 8 -6
12 11 -11
14 7 6
17 -7 4
18 6 12
19 -11 10
20 0 12
21 9 -7
22 -12 5
23 11 1
27 11 0
28 -12 5
32 12 0
36 8 -6
42 9 -4
46 -11 8
47 2 -12
50 7 -10
53 -3 -12
54 -9 -12
56 11 1
57 -2 13
59 11 -9
63 -7 9
64 11 7
66 4 10
68 -7 9
71 -9 -12
74 13 9
75 -10 12
76 0 12
80 -7 9
81 11 -1
82 -7 10
83 -11 8
0 -11 0
3 -5 9
6 12 -4
7 8 -3
9 -2 13
10 -11 -10
12 6 12
14 7 6
17 -7 4
18 4 10
19 -7 10
20 -11 8
21 9 -7
22 -5 9
23 11 1
27 11 1
28 11 5
32 11 1
36 4 10
42 9 -4
46 -10 12
47 2 -12
50 7 -10
53 8 -3
54 7 6
56 11 0
57 6 12
59 11 -9
63 -3 -12
64 11 7
66 1 -12
68 -8 10
71 -9 -12
74 13 9
75 -10 12
76 7 6
80 -7 9
82 12 0
83 -5 9
0 -11 0
3 -7 10
6 12 -4
7 9 -4
9 -3 -12
10 -11 -10
12 11 -9
14 10 7
17 -7 4
18 6 12
19 -11 8
20 -10 -5
21 8 -6
22 -4 -11
23 10 -2
27 -10 -5
28 10 7
32 8 -3
36 11 -9
42 8 -3
46 -12 5
47 2 -12
50 7 -10
53 -4 -11
54 4 10
56 9 -4
57 6 12
59 11 -11
63 -4 -11
64 11 7
66 1 -12
68 -8 10
71 -10 12
74 13 9
75 -11 10
76 7 6
80 -7 9
82 12 0
83 -7 10
0 -11 0
3 -5 9
6 12 -4
7 -10 -5
9 -3 -12
10 -11 -10
12 9 -4
14 4 10
17 -7 4
18 6 12
19 -11 8
20 -7 10
21 9 -7
22 -8 10
23 10 -2
27 -12 5
28 -12 5
32 8 -3
36 11 -9
42 8 -6
46 -8 10
47 2 -12
50 7 -10
53 -3 -11
54 -11 0
56 12 0
57 6 12
59 11 -11
63 -4 -11
64 11 7
66 -7 10
68 -7 10
71 -10 12
74 13 9
75 11 -9
76 7 6
80 -7 9
82 -10 -5
83 0 12
0 12 0
3 -10 -5
6 12 -4
7 12 0
9 -3 -12
10 -11 -10
12 2 -12
14 -10 -5
17 -7 4
18 4 10
19 -11 -10
20 12 0
21 12 0
22 4 10
23 10 -2
27 -11 8
28 -12 5
32 9 -4
36 -11 -10
42 8 -6
46 -7 10
47 2 -12
53 6 12
54 -11 0
56 6 12
57 12 0
59 11 -11
63 -4 -11
64 11 7
66 12 0
68 9 -4
71 -10 12
75 11 -9
80 -7 9
82 9 -7
83 -11 10
0 -10 -5
3 -8 10
6 12 -4
7 6 12
9 -3 -12
10 11 -9
12 2 -12
14 -10 -5
17 -7 4
18 0 12
19 -11 0
20 12 0
21 6 12
22 4 10
23 11 0
27 -11 0
28 -12 5
32 -10 -5
36 8 -3
42 8 -6
46 -11 10
47 1 -12
53 -5 9
54 9 -7
56 2 -12
57 2 -12
59 11 -11
63 -4 -11
64 11 7
66 6 12
68 9 -4
75 -11 -10
80 -7 9
82 8 -6
83 -2 13
0 -11 8
3 -11 8
6 12 -4
7 9 -7
9 -3 -12
10 11 -9
12 -11 -10
14 -10 -5
17 -7 4
18 -2 13
19 -5 9
20 12 0
21 -11 -10
22 6 12
23 11 0
27 -11 0
28 -12 5
32 4 10
36 11 -9
42 8 -3
46 -11 10
47 2 -12
53 9 -4
54 9 -7
56 11 -9
57 10 7
63 -4 -11
64 10 7
66 12 0
68 8 -3
75 -8 10
80 -7 9
82 -11 -10
83 -2 13
0 4 10
3 -3 -12
6 12 -4
7 9 -7
9 1 -12
10 11 -9
12 -11 -10
14 -10 -5
17 -7 4
18 4 10
19 -11 0
20 11 1
21 -11 -10
22 6 12
23 11 0
27 -12 5
28 -12 5
32 4 10
36 -11 8
42 9 -7
46 -11 10
47 2 -12
50 7 -10
53 -2 13
54 8 -6
56 11 -9
57 10 7
63 -4 -11
64 11 5
66 12 0
68 4 10
75 -4 -11
80 -7 9
82 -11 -10
83 -4 -11
0 2 -12
3 -3 -12
6 9 -4
7 9 -7
9 2 -12
10 -9 -12
12 8 -3
14 2 -12
17 -7 4
18 2 -12
19 -11 0
20 9 -4
21 11 -9
22 6 12
23 12 -4
27 -12 5
28 -12 5
32 0 12
36 2 -12
42 12 -4
46 -11 10
47 0 12
50 7 -10
53 -4 -11
54 9 -4
56 -11 -10
57 10 7
59 11 -11
63 -3 -11
64 11 7
66 12 0
68 -11 -10
75 -4 -11
80 -7 9
82 2 -12
83 -9 -12
0 -2 13
3 -4 -11
6 -10 -5
7 9 -7
9 -3 -11
10 -11 -10
12 8 -3
14 -9 -12
17 -7 4
18 -7 10
20 4 10
21 -9 -12
22 0 12
23 9 -4
27 -12 5
28 -12 5
32 11 5
36 -9 -12
42 12 -4
46 -11 10
47 0 12
50 7 -10
53 -11 8
54 11 -9
56 11 7
57 10 7
63 -2 13
64 -11 8
66 12 0
68 -9 -12
75 -3 -12
80 -7 9
82 2 -12
83 4 10
0 -2 13
3 2 -12
6 -10 -5
7 8 -6
9 -4 -11
10 -11 -10
12 8 -3
14 -9 -12
17 -7 4
18 11 7
20 12 -4
21 11 -9
22 0 12
23 9 -4
27 11 5
28 -12 5
32 4 10
36 11 1
42 12 -4
46 -11 10
47 -3 -12
50 7 -10
53 2 -12
54 8 -3
56 -5 9
57 10 7
63 -9 -12
64 -11 8
66 12 0
68 12 -4
75 -9 -12
80 -7 9
82 0 12
83 -5 9
0 -2 13
3 0 12
6 -10 -5
7 11 -9
9 -4 -11
10 -11 -10
12 8 -6
14 -11 -10
17 -7 4
18 7 -10
20 -9 -12
21 12 -4
22 -9 -12
23 9 -4
27 11 5
28 -12 5
32 11 5
36 12 -4
42 10 -2
44 -8 -11
46 -11 10
47 4 10
50 6 12
53 2 -12
54 6 12
56 4 10
57 10 7
63 -5 9
64 11 1
68 -11 8
75 -4 -11
80 -7 9
82 -3 -12
83 -3 -11
0 -2 13
3 -9 -12
6 -10 -5
7 9 -7
9 -3 -11
10 -11 -10
12 4 10
14 11 5
17 -7 4
18 11 5
20 4 10
21 -11 -10
22 -9 -12
23 9 -4
27 11 7
28 -12 5
32 11 1
36 11 1
42 9 -7
44 -8 -11
46 -11 10
47 6 12
50 7 -10
53 2 -12
54 9 -7
56 9 -7
57 10 7
58 -6 -10
63 -5 9
64 10 7
68 11 5
75 6 12
80 -7 9
82 1 -12
83 11 5
0 -2 13
3 -7 9
6 -10 -5
7 -2 13
9 -4 -11
10 -10 -5
12 11 5
14 0 12
17 -7 4
18 10 7
20 4 10
21 -4 -11
22 -9 -12
23 9 -4
27 11 5
32 11 1
36 11 1
42 9 -7
44 -8 -11
46 -11 10
47 -3 -11
50 7 -10
53 2 -12
54 9 -7
56 11 1
57 10 7
58 -6 -10
63 -6 -10
64 11 -9
68 9 -7
75 12 -4
80 -7 10
82 -9 -12
83 -10 -5
0 -3 -12
3 11 1
6 12 -4
7 -2 13
9 -4 -11
10 -10 -5
12 -7 10
14 0 12
17 -7 4
18 11 7
20 4 10
21 4 10
22 -11 -10
27 11 0
32 11 1
36 10 -2
42 -10 -5
46 -11 10
47 -4 -11
50 7 -10
53 2 -12
54 9 -7
56 7 -10
57 10 7
58 -6 -10
63 -4 -11
64 4 10
68 -10 -5
75 4 10
80 -7 9
82 7 -10
83 -7 9
0 -3 -12
3 4 10
6 12 -4
7 -2 13
9 -3 -12
10 -11 -10
12 -7 10
14 0 12
17 -7 4
18 11 7
20 11 5
21 -11 8
22 -11 -10
27 11 5
32 11 0
36 10 -2
42 -10 -5
47 -10 -5
50 7 -10
54 9 -7
56 -9 -12
57 10 7
58 -6 -10
63 -4 -11
64 -10 -5
68 11 1
75 0 12
80 -5 9
82 7 -10
83 -7 9
0 1 -12
1 -1 9
3 7 -10
6 10 -2
7 -3 -12
9 -2 13
10 9 -7
12 -7 10
14 0 12
17 -7 4
18 11 7
20 7 -10
21 -11 8
22 -11 -10
27 12 -4
32 11 5
36 10 -2
42 12 -4
47 -2 13
50 9 -7
54 8 -6
56 -3 -12
57 10 7
58 -6 -10
63 -3 -12
64 -10 -5
68 -4 -11
75 -3 -11
80 -7 9
82 -3 -12
83 11 7
0 -3 -11
3 7 -10
6 -10 -5
7 -2 13
9 -5 9
10 -4 -11
12 -7 10
14 0 12
18 6 8
20 11 5
21 -11 8
22 -11 -10
27 12 -4
32 11 7
36 10 -2
42 12 -4
47 -2 13
50 9 -7
54 8 -6
56 -7 10
58 -6 -10
63 -6 -10
64 -10 -5
68 -7 9
75 6 12
80 -7 10
82 -3 -11
83 7 -10
0 -9 -12
3 7 -10
6 11 -9
7 11 1
9 1 -12
10 -4 -11
12 -7 10
14 0 12
18 4 10
20 6 12
21 -11 8
22 -11 -10
27 12 -4
32 11 7
36 10 -2
42 12 -4
47 -2 13
50 9 -7
54 8 -6
56 -2 13
57 10 7
58 -6 -10
63 -6 -10
64 -10 -5
68 7 -10
75 -5 9
80 -5 9
82 12 -4
83 6 12
0 6 12
3 6 12
6 11 -9
7 6 12
9 6 12
10 -4 -11
12 -7 10
14 0 12
18 -10 -5
20 -10 -5
21 -11 8
22 11 -9
27 12 -4
32 11 7
36 10 -2
42 -10 -5
47 -3 -11
50 9 -7
54 8 -6
56 6 12
58 -6 -10
63 -6 -10
64 11 0
68 7 -10
75 -10 -5
80 -8 10
82 12 -4
83 -9 -12
0 -4 -11
3 -3 -11
6 11 -9
7 11 7
9 1 -12
10 -3 -11
12 -8 10
14 0 12
18 11 1
20 -2 13
22 11 -9
27 12 -4
32 11 7
42 7 -10
47 -10 -5
50 9 -7
54 8 -6
56 -4 -11
58 -4 -11
63 -3 -12
64 11 0
68 7 -10
75 -6 -10
80 -7 9
82 12 -4
83 -9 -12
0 6 12
3 -3 -11
6 -11 -10
7 7 -10
9 -3 -11
10 -3 -11
12 -8 10
18 11 1
20 -2 13
22 11 -9
27 8 -3
32 11 7
42 11 0
47 1 -12
54 8 -6
56 -4 -11
58 -6 -10
63 -11 -10
64 12 -4
68 -3 -11
75 -2 13
80 -7 10
82 -10 -5
83 -9 -12
0 -7 10
3 -2 13
6 8 -3
7 -3 -11
9 6 12
10 6 12
12 -7 10
20 -3 -11
22 11 -9
27 6 12
32 11 7
42 11 0
47 1 -12
54 8 -6
56 -4 -11
58 -6 -10
63 -7 10
64 12 -4
68 -3 -11
75 -7 10
80 -7 9
82 6 12
83 -9 -12
0 4 10
3 7 -10
6 8 -6
7 -7 9
9 1 -12
10 6 12
12 -7 9
20 11 5
22 11 -9
27 -10 -5
42 11 0
47 -7 10
54 8 -6
56 -4 -11
58 -4 -11
63 -7 10
64 12 -4
68 -6 -10
75 -11 -10
80 -5 9
82 6 12
83 -3 -12
0 4 10
3 -11 -10
6 11 -9
7 -8 10
9 -6 -10
10 6 12
12 -7 9
20 -4 -11
22 11 -9
27 -7 10
42 11 -9
47 7 -10
54 8 -6
56 -3 -11
58 -3 -12
59 11 -11
63 -7 10
64 12 -4
68 11 -9
75 -11 -10
80 -5 9
82 -2 13
83 -6 -10
0 4 10
3 8 -3
6 12 -4
7 -8 10
9 -9 -12
10 6 12
12 -7 9
20 -4 -11
22 11 -9
27 7 -10
42 6 12
47 12 -4
56 -3 -11
58 -3 -12
63 -7 10
64 11 0
68 11 -9
75 -11 -10
80 -5 9
82 11 -9
83 -6 -10
0 6 12
3 8 -3
6 -10 -5
7 -7 9
9 4 10
10 -7 10
12 -7 9
20 -11 -10
22 7 -10
27 7 -10
42 4 10
47 12 -4
56 -2 13
58 -3 -12
63 -6 -10
64 11 0
68 -11 -10
75 -6 -10
80 -5 9
82 11 5
83 -9 -12
0 6 12
3 8 -3
6 -10 -5
7 -7 9
9 -4 -11
10 -7 10
12 -7 9
20 -3 -11
22 11 -9
27 7 -10
42 4 10
47 12 -4
56 -6 -10
58 -3 -12
63 -2 13
64 11 0
68 -11 -10
75 -4 -11
80 -5 9
82 -4 -11
83 -9 -12
0 6 12
3 -7 10
6 -10 -5
7 -4 -11
9 -11 -10
10 11 5
12 -7 9
20 -3 -11
22 11 -9
27 7 -10
42 4 10
47 12 -4
56 -6 -10
58 -3 -12
63 -2 13
64 11 0
68 1 -12
75 1 -12
82 8 -3
83 -9 -12
0 6 12
3 -7 10
6 -10 -5
7 -9 -12
9 -11 -10
10 1 -12
12 -7 9
20 -3 -11
22 11 -9
27 7 -10
42 4 10
47 12 -4
58 -3 -12
63 -2 13
64 11 0
68 -4 -11
75 -10 -5
82 -4 -11
83 -4 -11
0 6 12
3 -8 10
6 -10 -5
7 -9 -12
9 -11 -10
10 1 -12
12 -7 9
20 -3 -11
22 11 -9
42 6 12
47 12 -4
58 -3 -12
63 -8 10
64 11 0
68 -4 -11
75 -9 -12
82 8 -3
83 -4 -11
0 4 10
3 11 -9
7 -8 10
9 -11 -10
10 1 -12
12 -7 9
22 11 -9
42 4 10
58 -3 -12
63 6 12
64 11 0
68 4 10
75 -9 -12
82 8 -3
83 -3 -12
0 4 10
3 4 10
7 -8 10
9 -11 -10
10 1 -12
12 -7 9
22 11 -9
42 6 12
58 -4 -11
63 -8 10
64 11 0
68 -2 13
75 4 10
82 8 -3
83 -3 -12
0 6 12
3 11 5
7 -9 -12
9 -11 -10
10 1 -12
12 -7 9
22 11 -9
42 4 10
58 -4 -11
63 -7 9
68 -9 -12
75 4 10
82 8 -3
83 -9 -12
0 -2 13
3 11 -9
7 11 5
9 -11 -10
10 1 -12
12 -8 10
22 11 -9
42 6 12
58 -4 -11
63 -7 9
68 -9 -12
75 4 10
83 -9 -12
0 -2 13
3 -11 -10
7 11 5
9 -9 -12
12 -8 10
22 11 -9
42 6 12
58 -4 -11
63 -7 9
68 -7 10
75 4 10
83 -11 -10
0 -2 13
3 -3 -12
7 11 5
9 -7 9
12 -8 10
20 -3 -11
22 11 -9
42 6 12
58 -4 -11
63 -7 9
68 -11 -10
75 4 10
83 -9 -12
0 -2 13
3 -7 9
7 11 5
9 -7 9
12 -8 10
42 4 10
58 -4 -11
63 -9 -12
68 -11 -10
75 4 10
83 -7 10
0 -2 13
3 -9 -12
7 11 5
9 -7 9
42 -11 -10
58 -4 -11
63 -11 -10
68 -9 -12
83 -3 -12
3 6 12
7 11 5
9 -7 9
12 -8 10
42 -11 -10
58 -4 -11
63 -7 10
68 -9 -12
83 -3 -12
3 6 12
7 11 5
9 -7 9
12 -8 10
42 -11 -10
58 -4 -11
63 6 12
68 -9 -12
83 -3 -12
3 6 12
7 11 5
9 -7 9
12 -8 10
42 -11 -10
63 -7 9
68 -9 -12
83 -3 -12
3 6 12
7 11 5
9 -7 9
12 -8 10
63 -7 10
68 -9 -12
83 -3 -12
3 6 12
7 11 5
9 -7 9
63 11 5
68 -9 -12
3 6 12
7 11 5
9 -7 9
63 -7 4
3 6 8
7 11 5
9 -7 9
63 -7 10
3 -7 10
9 -7 9
63 -7 10
3 6 12
9 -7 9
63 -11 10
3 6 12
63 -5 9
3 6 12
63 -5 9
3 6 12
63 -10 12
3 6 12
63 -5 9
3 6 11
63 -5 9
3 13 13
63 -11 8
3 6 -5
63 -3 5
3 6 -5
63 -6 4
3 13 13
63 -7 10
3 7 6
63 0 8
3 7 6
63 -5 9
3 8 -6
63 -5 9
3 6 12
63 -7 4
3 6 12
17 -7 4
63 -7 4
3 6 12
17 -7 4
34 -6 4
63 -7 4
3 6 12
17 -7 4
34 -6 4
63 -7 4
3 6 12
17 -7 4
63 -7 4
17 -7 10
63 -7 4
17 -7 10
63 -7 4
17 -7 10
63 -7 4
17 -7 10
17 -7 10
17 -7 10
17 -7 10
17 -7 10
17 -7 10
-1 -1 -1
36
31
12
5
28
37
60
74
27
49
20
18
52
21
24
15
22
48
75
63
43
62
78
82
3
53
23
4
65
42
35
34
73
58
46
8
81
30
51
32
33
54
64
13
55
66
61
71
67
6
83
38
29
16
1
39
47
80
44
79
72
25
40
50
76
11
70
57
56
69
10
59
7
17
68
14
2
19
9
26
45
77
0
41
