154 169 184 199 213 228 213 199 184 169 154 140 125 110 95 81 66 66 81 95 110 125 140 
169 184 199 213 228 243 228 213 199 184 169 154 140 125 110 95 81 81 95 110 125 140 154 
184 199 213 228 243 258 243 228 213 199 184 169 154 140 125 110 95 95 110 125 140 154 169 
199 213 228 243 258 272 258 243 228 213 199 184 169 154 140 125 110 110 125 140 154 169 184 
213 228 243 258 272 287 272 258 243 228 213 199 184 169 154 140 125 125 140 154 169 184 199 
228 243 258 272 287 302 287 272 258 243 228 213 199 184 169 154 140 140 154 169 184 199 213 
243 258 272 287 302 317 302 287 272 258 243 228 213 199 184 169 154 154 169 184 199 213 228 
258 272 287 302 317 331 317 302 287 272 258 243 228 213 199 184 169 169 184 199 213 228 243 
272 287 302 317 331 346 331 317 302 287 272 258 243 228 213 199 184 184 199 213 228 243 258 
287 302 317 331 346 361 346 331 317 302 287 272 258 243 228 213 199 199 213 228 243 258 272 
302 317 331 346 361 375 361 346 331 317 302 287 272 258 243 228 213 213 228 243 258 272 287 
317 331 346 361 375 475 375 361 346 331 317 302 287 272 258 243 228 228 243 258 272 287 302 
302 317 331 346 361 375 361 346 331 317 302 287 272 258 243 228 213 213 228 243 258 272 287 
287 302 317 331 346 361 346 331 317 302 287 272 258 243 228 213 199 199 213 228 243 258 272 
272 287 302 317 331 346 331 317 302 287 272 258 243 228 213 199 184 184 199 213 228 243 258 
258 272 287 302 317 331 317 302 287 272 258 243 228 213 199 184 169 169 184 199 213 228 243 
243 258 272 287 302 317 302 287 272 258 243 228 213 199 184 169 154 154 169 184 199 213 228 
228 243 258 272 287 302 287 272 258 243 228 213 199 184 169 154 140 140 154 169 184 199 213 
213 228 243 258 272 287 272 258 243 228 213 199 184 169 154 140 125 125 140 154 169 184 199 
199 213 228 243 258 272 258 243 228 213 199 184 169 154 140 125 110 110 125 140 154 169 184 
184 199 213 228 243 258 243 228 213 199 184 169 154 140 125 110 95 95 110 125 140 154 169 
169 184 199 213 228 243 228 213 199 184 169 154 140 125 110 95 81 81 95 110 125 140 154 
154 169 184 199 213 228 213 199 184 169 154 140 125 110 95 81 66 66 81 95 110 125 140 
0 0 1
1 0 1
2 0 1
3 0 1
4 0 1
5 0 1
6 0 1
7 0 1
8 0 1
9 0 1
10 0 1
11 0 1
12 0 1
13 0 1
14 0 1
15 0 1
16 0 1
17 0 1
18 0 1
19 0 1
20 0 1
21 0 1
22 0 1
23 0 1
24 0 1
25 0 1
26 0 1
27 0 1
28 0 1
29 0 1
30 0 1
31 0 1
32 0 1
33 0 1
34 0 1
35 0 1
36 0 1
37 0 1
38 0 1
39 0 1
40 0 1
41 0 1
42 0 1
43 0 1
44 0 1
45 0 1
46 0 1
47 0 1
48 0 1
49 0 1
50 0 1
51 0 1
52 0 1
53 0 1
54 0 1
54 0 1
44 -1 0
28 -1 0
38 -1 0
46 -1 0
18 -1 0
47 -1 0
14 -1 0
55 -1 0
56 -1 0
57 -1 0
58 -1 0
59 -1 0
60 -1 0
61 -1 0
62 -1 0
63 -1 0
64 -1 0
42 -1 0
2 -1 0
40 -1 0
19 -1 0
1 -1 0
33 -1 0
36 -1 0
31 -1 0
51 -1 0
10 -1 0
53 -1 0
30 -1 0
28 3 0
38 3 0
40 3 0
44 3 0
28 1 2
38 1 2
28 -1 2
47 4 0
58 4 0
33 4 0
19 4 0
18 4 0
2 4 0
51 4 0
31 4 0
31 4 0
14 4 0
63 4 0
36 4 0
59 4 0
42 4 0
46 4 0
47 0 4
19 0 4
14 0 4
58 0 4
38 0 4
33 0 4
40 0 4
31 4 -1
51 4 -1
2 4 -1
22 4 -1
34 4 -1
53 4 -1
0 4 -1
62 4 -1
43 4 -1
2 2 -3
51 2 -3
19 2 -3
47 1 -4
14 1 -4
2 1 -4
36 1 -4
53 1 -4
36 0 5
18 0 5
58 0 5
59 0 5
42 0 5
33 0 5
22 0 5
63 0 5
1 0 5
38 0 5
56 0 5
62 0 5
60 0 5
31 6 0
47 2 -4
33 -4 2
51 7 0
51 7 0
14 3 -4
14 3 -4
56 3 -4
19 3 -4
10 3 -4
52 3 -4
32 3 -4
29 3 -4
36 1 6
22 1 6
42 1 6
1 1 6
1 1 6
59 1 6
18 1 6
18 1 6
18 1 6
58 -2 5
42 -2 5
59 -2 5
36 -2 5
22 -2 5
22 -2 5
63 -3 -4
16 -3 -4
7 -3 -4
9 -3 -4
49 -3 -4
6 -3 -4
20 -3 -4
34 -3 -4
12 -3 -4
23 -3 -4
27 -3 -4
45 -3 -4
0 -3 -4
52 -3 -4
14 -3 -4
17 -3 -4
8 -3 -4
50 -3 -4
11 -3 -4
1 2 6
36 2 6
42 0 8
0 -4 -4
63 -4 -4
34 -6 2
59 -6 2
9 -6 2
32 -6 2
52 8 -1
12 8 -1
20 8 -1
56 8 -1
16 8 -1
17 8 -1
49 8 -1
10 8 -1
51 8 -1
6 8 -1
23 8 -1
2 8 -1
57 8 -1
64 8 -1
10 7 2
20 6 3
52 6 3
12 6 3
59 0 9
0 -6 -3
7 -6 -3
9 -6 -3
45 -6 -3
9 -7 -2
7 -8 -1
50 -8 -1
56 9 1
56 9 1
17 9 1
56 9 1
10 9 1
20 9 1
27 9 1
52 9 1
61 9 1
55 9 1
5 9 1
23 4 -6
49 4 -6
16 -2 8
6 -2 8
7 -6 -4
0 -6 -4
3 9 -10
4 6 -7
7 -7 -5
8 -5 -7
13 9 -10
15 9 -10
16 -6 7
17 9 -2
20 -10 3
21 9 -10
23 -10 3
24 9 -10
25 -11 -6
26 6 -7
27 4 8
34 -1 11
35 -10 -3
37 -9 10
39 -10 -3
41 -9 10
48 5 7
52 -11 -2
55 1 10
56 9 -1
57 4 7
61 1 10
62 -5 -7
3 -9 10
4 -9 10
8 -8 -5
13 -10 11
15 -11 -8
17 9 -2
20 11 0
21 8 -8
35 -7 -7
37 -10 -3
39 -11 -2
41 -11 -8
55 -7 -7
3 -11 -8
15 -9 -10
35 -10 -8
41 -10 -8
-1 -1 -1
47
28
13
64
56
1
39
50
53
49
7
41
9
61
23
55
48
3
29
21
58
6
38
57
4
63
11
17
35
20
36
10
45
42
37
54
24
59
25
62
31
60
34
15
19
46
14
22
12
16
52
8
0
26
32
51
2
18
40
33
30
27
44
43
5
