148 159 171 182 193 205 216 227 216 205 193 182 171 159 148 136 125 114 102 91 79 68 57 57 68 79 91 102 114 125 136 
136 148 159 171 182 193 205 216 205 193 182 171 159 148 136 125 114 102 91 79 68 57 45 45 57 68 79 91 102 114 125 
136 148 159 171 182 193 205 216 205 193 182 171 159 148 136 125 114 102 91 79 68 57 45 45 57 68 79 91 102 114 125 
148 159 171 182 193 205 216 227 216 205 193 182 171 159 148 136 125 114 102 91 79 68 57 57 68 79 91 102 114 125 136 
159 171 182 193 205 216 227 239 227 216 205 193 182 171 159 148 136 125 114 102 91 79 68 68 79 91 102 114 125 136 148 
171 182 193 205 216 227 239 250 239 227 216 205 193 182 171 159 148 136 125 114 102 91 79 79 91 102 114 125 136 148 159 
182 193 205 216 227 239 250 262 250 239 227 216 205 193 182 171 159 148 136 125 114 102 91 91 102 114 125 136 148 159 171 
193 205 216 227 239 250 262 273 262 250 239 227 216 205 193 182 171 159 148 136 125 114 102 102 114 125 136 148 159 171 182 
205 216 227 239 250 262 273 284 273 262 250 239 227 216 205 193 182 171 159 148 136 125 114 114 125 136 148 159 171 182 193 
216 227 239 250 262 273 284 296 284 273 262 250 239 227 216 205 193 182 171 159 148 136 125 125 136 148 159 171 182 193 205 
227 239 250 262 273 284 296 307 296 284 273 262 250 239 227 216 205 193 182 171 159 148 136 136 148 159 171 182 193 205 216 
239 250 262 273 284 296 307 319 307 296 284 273 262 250 239 227 216 205 193 182 171 159 148 148 159 171 182 193 205 216 227 
250 262 273 284 296 307 319 330 319 307 296 284 273 262 250 239 227 216 205 193 182 171 159 159 171 182 193 205 216 227 239 
262 273 284 296 307 319 330 341 330 319 307 296 284 273 262 250 239 227 216 205 193 182 171 171 182 193 205 216 227 239 250 
273 284 296 307 319 330 341 353 341 330 319 307 296 284 273 262 250 239 227 216 205 193 182 182 193 205 216 227 239 250 262 
284 296 307 319 330 341 353 364 353 341 330 319 307 296 284 273 262 250 239 227 216 205 193 193 205 216 227 239 250 262 273 
296 307 319 330 341 353 364 375 364 353 341 330 319 307 296 284 273 262 250 239 227 216 205 205 216 227 239 250 262 273 284 
307 319 330 341 353 364 375 634 375 364 353 341 330 319 307 296 284 273 262 250 239 227 216 216 227 239 250 262 273 284 296 
296 307 319 330 341 353 364 375 364 353 341 330 319 307 296 284 273 262 250 239 227 216 205 205 216 227 239 250 262 273 284 
284 296 307 319 330 341 353 364 353 341 330 319 307 296 284 273 262 250 239 227 216 205 193 193 205 216 227 239 250 262 273 
273 284 296 307 319 330 341 353 341 330 319 307 296 284 273 262 250 239 227 216 205 193 182 182 193 205 216 227 239 250 262 
262 273 284 296 307 319 330 341 330 319 307 296 284 273 262 250 239 227 216 205 193 182 171 171 182 193 205 216 227 239 250 
250 262 273 284 296 307 319 330 319 307 296 284 273 262 250 239 227 216 205 193 182 171 159 159 171 182 193 205 216 227 239 
239 250 262 273 284 296 307 319 307 296 284 273 262 250 239 227 216 205 193 182 171 159 148 148 159 171 182 193 205 216 227 
227 239 250 262 273 284 296 307 296 284 273 262 250 239 227 216 205 193 182 171 159 148 136 136 148 159 171 182 193 205 216 
216 227 239 250 262 273 284 296 284 273 262 250 239 227 216 205 193 182 171 159 148 136 125 125 136 148 159 171 182 193 205 
205 216 227 239 250 262 273 284 273 262 250 239 227 216 205 193 182 171 159 148 136 125 114 114 125 136 148 159 171 182 193 
193 205 216 227 239 250 262 273 262 250 239 227 216 205 193 182 171 159 148 136 125 114 102 102 114 125 136 148 159 171 182 
182 193 205 216 227 239 250 262 250 239 227 216 205 193 182 171 159 148 136 125 114 102 91 91 102 114 125 136 148 159 171 
171 182 193 205 216 227 239 250 239 227 216 205 193 182 171 159 148 136 125 114 102 91 79 79 91 102 114 125 136 148 159 
159 171 182 193 205 216 227 239 227 216 205 193 182 171 159 148 136 125 114 102 91 79 68 68 79 91 102 114 125 136 148 
0 0 3
1 0 3
2 0 3
3 0 3
4 0 3
5 0 3
6 0 3
7 0 3
8 0 3
9 0 3
10 0 3
11 0 3
12 0 3
13 0 3
14 0 3
14 0 3
15 0 3
16 0 3
17 0 3
18 0 3
19 0 3
14 0 -3
12 0 -3
16 0 -3
18 0 -3
20 0 -3
21 0 -3
22 0 -3
23 0 -3
24 0 -3
25 0 -3
26 0 -3
27 0 -3
28 0 -3
29 0 -3
30 0 -3
31 0 -3
32 0 -3
33 0 -3
34 0 -3
14 2 2
21 -4 0
24 -4 0
22 -4 0
16 -4 0
23 -4 0
18 -4 0
28 -4 0
35 -4 0
36 -4 0
37 -4 0
38 -4 0
39 -4 0
40 -4 0
41 -4 0
42 -4 0
43 -4 0
44 -4 0
45 -4 0
46 -4 0
47 -4 0
48 -4 0
49 -4 0
50 -4 0
51 -4 0
52 -4 0
53 -4 0
54 -4 0
55 -4 0
56 -4 0
57 -4 0
58 -4 0
59 -4 0
60 -4 0
61 -4 0
62 -4 0
63 -4 0
64 -4 0
21 4 -1
22 4 -1
28 4 -1
18 4 -1
16 4 -1
16 4 -1
24 4 -1
35 4 -1
44 4 -1
43 4 -1
62 4 -1
45 4 -1
49 4 -1
37 4 -1
55 4 -1
53 4 -1
23 4 -1
61 4 -1
36 4 -1
58 4 -1
51 4 -1
42 4 -1
56 4 -1
48 4 -1
7 4 -1
57 4 -1
65 4 -1
66 4 -1
67 4 -1
68 4 -1
68 4 -1
16 3 2
68 4 -2
7 4 -2
18 4 -2
61 4 -2
49 4 -2
62 4 -2
35 4 -2
21 4 -2
24 4 -2
53 4 -2
23 4 -2
13 4 -2
45 4 -2
61 3 -3
49 3 -3
21 -2 4
22 -2 4
35 -2 4
62 -2 4
18 -2 4
44 -2 4
43 -2 4
53 -2 4
61 -2 4
55 -2 4
65 -2 4
36 -2 4
67 -2 4
69 -2 4
70 -2 4
71 -2 4
72 -2 4
73 -2 4
74 -2 4
75 -2 4
76 -2 4
77 -2 4
78 -2 4
79 -2 4
80 -2 4
25 -2 4
12 -2 4
30 -2 4
42 -2 4
18 2 5
77 2 5
30 2 5
53 2 5
53 2 5
35 2 5
61 2 5
70 2 5
24 2 5
7 2 5
12 2 5
23 2 5
76 2 5
21 2 5
74 2 5
73 2 5
44 2 5
38 2 5
52 2 5
22 2 5
63 2 5
13 2 5
40 2 5
55 2 5
41 2 5
41 2 5
59 2 5
67 2 5
24 1 -6
21 1 -6
61 1 -6
18 1 -6
22 1 -6
22 1 -6
35 -6 1
61 8 0
53 5 3
41 0 8
30 0 8
23 0 8
44 0 8
77 0 8
18 0 8
73 0 8
55 0 8
30 -1 7
41 -1 7
41 -1 7
41 -1 7
23 -1 7
18 -1 7
30 -3 5
44 -5 3
77 -6 2
77 -6 2
70 -6 2
73 -6 2
12 -6 2
74 -6 2
21 -6 2
23 -6 2
43 -6 2
37 -6 2
66 -6 2
7 -6 2
5 -6 2
62 -6 2
31 -6 2
56 -6 2
76 -6 2
10 -6 2
13 -6 2
72 -6 2
78 -6 2
2 -6 2
41 4 5
41 4 5
23 4 5
23 4 5
21 0 -9
21 0 -9
24 0 -9
62 0 -9
77 -5 4
70 -5 4
37 -5 4
31 -5 4
77 -5 4
70 -9 0
37 -9 0
10 -9 0
76 -9 0
76 -9 0
56 -9 0
12 -9 0
74 -9 0
8 -9 0
24 5 -5
21 -3 -7
43 -3 -7
74 -3 -7
13 -3 -7
70 -5 5
37 -5 5
70 -6 -4
21 -6 -4
10 -6 -4
7 9 2
74 9 2
43 9 2
73 9 2
31 9 2
65 9 2
72 9 2
78 9 2
5 9 2
25 9 2
79 9 2
63 9 2
75 9 2
69 9 2
60 9 2
46 9 2
47 9 2
27 9 2
29 9 2
20 9 2
39 9 2
50 9 2
32 9 2
26 9 2
7 12 0
65 12 0
43 12 0
27 12 0
29 12 0
79 12 0
20 12 0
39 12 0
69 12 0
52 12 0
52 12 0
73 12 0
80 12 0
36 12 0
71 12 0
59 12 0
78 12 0
40 12 0
4 12 0
0 12 0
9 12 0
74 12 0
3 12 0
6 12 0
60 12 0
1 12 0
11 12 0
52 11 1
27 11 1
79 11 1
29 11 1
29 11 1
7 7 -5
65 6 -6
78 6 -6
79 6 -6
59 6 -6
12 -9 3
12 -9 3
27 9 4
65 9 4
79 9 4
39 9 4
78 9 4
69 9 4
43 9 4
52 9 4
54 9 4
66 9 4
71 9 4
33 9 4
80 9 4
26 9 4
60 9 4
56 9 4
26 9 4
0 9 4
70 9 4
70 9 4
56 9 4
73 9 4
57 9 4
73 2 -11
60 2 -11
21 2 -11
63 2 -11
0 2 -11
36 2 -11
75 2 -11
4 2 -11
40 2 -11
47 2 -11
25 2 -11
72 2 -11
46 2 -11
6 2 -11
43 2 -11
5 2 -11
3 2 -11
50 2 -11
1 2 -11
39 2 -11
66 2 -11
9 2 -11
15 2 -11
17 2 -11
38 2 -11
21 2 -11
20 2 -11
32 2 -11
31 2 -11
15 2 -11
0 2 -11
63 2 -11
74 2 -11
51 2 -11
71 2 -11
21 -2 -11
0 -2 -11
0 -2 -11
76 -9 -4
43 -9 -4
75 -9 -4
75 -9 -4
76 -9 -4
60 -9 -4
66 -9 -4
63 2 -12
15 1 -13
73 0 -14
21 0 -14
3 0 -14
9 0 -14
25 0 -14
72 0 -14
36 0 -14
46 0 -14
4 0 -14
21 -2 -12
72 -7 -7
76 -7 -7
31 -7 -7
75 -7 -7
5 -7 -7
25 -7 -7
6 -7 -7
51 -7 -7
38 -7 -7
1 -7 -7
28 -7 -7
76 -9 -5
43 -14 -1
69 -14 -1
75 -14 -1
52 -14 -1
20 5 10
74 -4 11
51 -5 10
5 -5 10
58 -5 10
72 -5 10
32 -5 10
25 -6 -9
70 -12 3
75 -12 3
56 -12 3
56 -12 3
69 -12 3
27 15 1
43 14 -2
79 14 -2
78 14 -2
78 14 -2
75 14 -2
65 14 -2
80 14 -2
39 14 -2
58 14 -2
50 14 -2
54 14 -2
72 14 -2
33 14 -2
47 14 -2
47 14 -2
78 12 -4
5 -3 13
43 -12 -4
75 -12 -4
72 -12 -4
76 -12 -4
58 -12 -4
1 -12 -4
6 -12 -4
39 -12 -4
70 13 4
65 7 10
79 7 10
33 7 10
80 7 10
54 5 12
36 -4 -13
9 -4 -13
9 -4 -13
3 -4 -13
46 -4 -13
38 -4 -13
6 -4 -13
43 14 -4
79 11 7
73 3 -15
36 -4 -14
46 -4 -14
38 -4 -14
9 -4 -14
38 -7 -11
72 -11 -7
1 -11 -7
31 -11 -7
58 9 -10
3 4 -15
36 -6 -13
40 -9 10
51 -9 10
1 -10 -9
75 -12 7
46 -5 15
36 -5 15
48 -5 15
40 -5 15
17 12 -12
33 8 15
48 -12 13
50 14 -15
60 12 -12
72 -13 -11
-1 -1 -1
47
74
61
29
43
51
53
19
69
54
63
8
68
50
35
39
31
7
45
40
25
48
38
26
23
64
15
2
66
12
49
75
60
18
41
62
65
56
67
78
59
30
46
4
58
28
72
3
79
32
5
73
0
22
24
44
1
14
16
21
10
17
42
37
52
13
70
34
27
77
6
36
80
33
55
76
71
57
9
11
20
