469 438 407 375 344 313 282 250 219 188 157 125 94 63 32 0 32 63 94 125 157 188 219 250 282 313 344 375 407 438 469 500 
500 469 438 407 375 344 313 282 250 219 188 157 125 94 63 32 63 94 125 157 188 219 250 282 313 344 375 407 438 469 500 1000 
469 438 407 375 344 313 282 250 219 188 157 125 94 63 32 0 32 63 94 125 157 188 219 250 282 313 344 375 407 438 469 500 
438 407 375 344 313 282 250 219 188 157 125 94 63 32 0 0 0 32 63 94 125 157 188 219 250 282 313 344 375 407 438 469 
407 375 344 313 282 250 219 188 157 125 94 63 32 0 0 0 0 0 32 63 94 125 157 188 219 250 282 313 344 375 407 438 
375 344 313 282 250 219 188 157 125 94 63 32 0 0 0 0 0 0 0 32 63 94 125 157 188 219 250 282 313 344 375 407 
344 313 282 250 219 188 157 125 94 63 32 0 0 0 0 0 0 0 0 0 32 63 94 125 157 188 219 250 282 313 344 375 
313 282 250 219 188 157 125 94 63 32 0 0 0 0 0 0 0 0 0 0 0 32 63 94 125 157 188 219 250 282 313 344 
282 250 219 188 157 125 94 63 32 0 0 0 0 0 0 0 0 0 0 0 0 0 32 63 94 125 157 188 219 250 282 313 
250 219 188 157 125 94 63 32 0 0 0 0 0 0 0 0 0 0 0 0 0 0 0 32 63 94 125 157 188 219 250 282 
219 188 157 125 94 63 32 0 0 0 0 0 0 0 0 0 0 0 0 0 0 0 0 0 32 63 94 125 157 188 219 250 
188 157 125 94 63 32 0 0 0 0 0 0 0 0 0 0 0 0 0 0 0 0 0 0 0 32 63 94 125 157 188 219 
157 125 94 63 32 0 0 0 0 0 0 0 0 0 0 0 0 0 0 0 0 0 0 0 0 0 32 63 94 125 157 188 
125 94 63 32 0 0 0 0 0 0 0 0 0 0 0 0 0 0 0 0 0 0 0 0 0 0 0 32 63 94 125 157 
94 63 32 0 0 0 0 0 0 0 0 0 0 0 0 0 0 0 0 0 0 0 0 0 0 0 0 0 32 63 94 125 
63 32 0 0 0 0 0 0 0 0 0 0 0 0 0 0 0 0 0 0 0 0 0 0 0 0 0 0 0 32 63 94 
32 0 0 0 0 0 0 0 0 0 0 0 0 0 0 0 0 0 0 0 0 0 0 0 0 0 0 0 0 0 32 63 
0 0 0 0 0 0 0 0 0 0 0 0 0 0 0 0 0 0 0 0 0 0 0 0 0 0 0 0 0 0 0 32 
32 0 0 0 0 0 0 0 0 0 0 0 0 0 0 0 0 0 0 0 0 0 0 0 0 0 0 0 0 0 32 63 
63 32 0 0 0 0 0 0 0 0 0 0 0 0 0 0 0 0 0 0 0 0 0 0 0 0 0 0 0 32 63 94 
94 63 32 0 0 0 0 0 0 0 0 0 0 0 0 0 0 0 0 0 0 0 0 0 0 0 0 0 32 63 94 125 
125 94 63 32 0 0 0 0 0 0 0 0 0 0 0 0 0 0 0 0 0 0 0 0 0 0 0 32 63 94 125 157 
157 125 94 63 32 0 0 0 0 0 0 0 0 0 0 0 0 0 0 0 0 0 0 0 0 0 32 63 94 125 157 188 
188 157 125 94 63 32 0 0 0 0 0 0 0 0 0 0 0 0 0 0 0 0 0 0 0 32 63 94 125 157 188 219 
219 188 157 125 94 63 32 0 0 0 0 0 0 0 0 0 0 0 0 0 0 0 0 0 32 63 94 125 157 188 219 250 
250 219 188 157 125 94 63 32 0 0 0 0 0 0 0 0 0 0 0 0 0 0 0 32 63 94 125 157 188 219 250 282 
282 250 219 188 157 125 94 63 32 0 0 0 0 0 0 0 0 0 0 0 0 0 32 63 94 125 157 188 219 250 282 313 
313 282 250 219 188 157 125 94 63 32 0 0 0 0 0 0 0 0 0 0 0 32 63 94 125 157 188 219 250 282 313 344 
344 313 282 250 219 188 157 125 94 63 32 0 0 0 0 0 0 0 0 0 32 63 94 125 157 188 219 250 282 313 344 375 
375 344 313 282 250 219 188 157 125 94 63 32 0 0 0 0 0 0 0 32 63 94 125 157 188 219 250 282 313 344 375 407 
407 375 344 313 282 250 219 188 157 125 94 63 32 0 0 0 0 0 32 63 94 125 157 188 219 250 282 313 344 375 407 438 
438 407 375 344 313 282 250 219 188 157 125 94 63 32 0 0 0 32 63 94 125 157 188 219 250 282 313 344 375 407 438 469 
0 0 0
1 0 0
2 0 0
2 0 0
2 0 0
3 0 0
4 0 0
5 0 0
6 0 0
6 0 0
7 0 0
8 0 0
9 0 0
10 0 0
11 0 0
11 0 0
11 0 0
11 0 0
11 0 0
11 0 0
11 0 0
11 0 0
11 0 0
11 0 0
11 0 0
12 0 0
13 0 0
14 0 0
15 0 0
16 0 0
17 0 0
17 0 0
18 0 0
18 0 0
19 0 0
19 0 0
20 0 0
20 0 0
20 0 0
20 0 0
21 0 0
21 0 0
21 0 0
21 0 0
22 0 0
23 0 0
23 0 0
23 0 0
23 0 0
24 0 0
24 0 0
25 0 0
26 0 0
27 0 0
28 0 0
29 0 0
30 0 0
31 0 0
32 0 0
33 0 0
34 0 0
35 0 0
36 0 0
37 0 0
38 0 0
39 0 0
40 0 0
40 0 0
41 0 0
41 0 0
41 0 0
42 0 0
43 0 0
44 0 0
44 0 0
45 0 0
45 0 0
45 0 0
46 0 0
46 0 0
46 0 0
46 0 0
47 0 0
47 0 0
48 0 0
49 0 0
50 0 0
51 0 0
52 0 0
52 0 0
52 0 0
52 0 0
52 0 0
52 0 0
52 0 0
53 0 0
54 0 0
54 0 0
55 0 0
55 0 0
55 0 0
55 0 0
56 0 0
57 0 0
58 0 0
59 0 0
60 0 0
60 0 0
60 0 0
60 0 0
60 0 0
60 0 0
60 0 0
61 0 0
62 0 0
62 0 0
63 0 0
63 0 0
64 0 0
65 0 0
65 0 0
65 0 0
65 0 0
66 0 0
67 0 0
68 0 0
68 0 0
68 0 0
68 0 0
68 0 0
68 0 0
68 0 0
68 0 0
69 0 0
70 0 0
70 0 0
71 0 0
72 0 0
72 0 0
72 0 0
73 0 0
74 0 0
75 0 0
75 0 0
75 0 0
75 0 0
75 0 0
75 0 0
75 0 0
75 0 0
76 0 0
77 0 0
77 0 0
77 0 0
77 0 0
77 0 0
78 0 0
79 0 0
80 0 0
81 0 0
82 0 0
83 0 0
84 0 0
85 0 0
86 0 0
87 0 0
88 0 0
89 0 0
89 0 0
89 0 0
89 0 0
89 0 0
90 0 0
91 0 0
91 0 0
91 0 0
91 0 0
92 0 0
92 0 0
92 0 0
92 0 0
92 0 0
92 0 0
92 0 0
92 0 0
92 0 0
92 0 0
92 0 0
92 0 0
92 0 0
92 0 0
92 0 0
93 0 0
94 0 0
94 0 0
95 0 0
96 0 0
97 0 0
98 0 0
19 0 0
36 0 0
59 0 0
29 0 0
29 0 0
89 0 0
89 0 0
89 0 0
89 0 0
89 0 0
89 0 0
89 0 0
89 0 0
89 0 0
89 0 0
80 0 0
55 0 0
34 0 0
45 0 0
72 0 0
21 0 0
21 0 0
7 0 0
40 0 0
40 0 0
93 0 0
70 0 0
23 0 0
20 0 0
62 0 0
56 0 0
56 0 0
86 0 0
31 0 0
45 0 0
42 0 0
6 0 0
79 0 0
79 0 0
79 0 0
79 0 0
79 0 0
79 0 0
79 0 0
79 0 0
79 0 0
89 0 -1
92 0 -1
11 0 -1
11 0 -1
11 0 -1
11 0 -1
11 0 -1
11 0 -1
11 0 -1
11 0 -1
11 0 -1
11 0 -1
11 0 -1
11 0 -1
11 0 -1
92 -1 0
92 -1 0
92 -1 0
92 -1 0
92 -1 0
92 -1 0
92 -1 0
79 -1 0
11 -1 0
92 -1 0
89 -1 0
75 -1 0
75 -1 0
68 -1 0
68 -1 0
68 -1 0
68 -1 0
52 -1 0
52 -1 0
21 -1 0
60 -1 0
20 -1 0
68 -1 0
92 -1 0
21 -1 0
77 -1 0
46 -1 0
72 -1 0
75 -1 0
91 -1 0
40 -1 0
29 -1 0
29 -1 0
29 -1 0
70 -1 0
23 -1 0
91 -1 0
55 -1 0
94 -1 0
94 -1 0
94 -1 0
19 -1 0
44 -1 0
44 -1 0
79 -1 0
56 -1 0
11 -1 0
11 -1 0
52 -1 0
65 -1 0
65 -1 0
65 -1 0
65 -1 0
11 -1 0
11 -1 0
11 -1 0
11 -1 0
11 -1 0
11 -1 0
11 -1 0
11 -1 0
11 -1 0
11 -1 0
11 -1 0
11 -1 0
11 -1 0
45 -1 0
36 -1 0
14 -1 0
50 -1 0
16 -1 0
16 -1 0
34 -1 0
63 -1 0
46 -1 0
60 -1 0
60 -1 0
36 -1 0
36 -1 0
36 -1 0
36 -1 0
84 -1 0
0 -1 0
0 -1 0
2 -1 0
36 -1 0
28 -1 0
87 -1 0
55 -1 0
55 -1 0
4 -1 0
39 -1 0
11 -1 0
27 -1 0
75 -1 0
76 -1 0
26 -1 0
26 -1 0
26 -1 0
26 -1 0
26 -1 0
79 -1 0
49 -1 0
97 -1 0
81 -1 0
42 -1 0
42 -1 0
24 -1 0
34 -1 0
12 -1 0
24 -1 0
68 -1 0
59 -1 0
24 -1 0
67 -1 0
32 -1 0
95 -1 0
95 -1 0
95 -1 0
95 -1 0
95 -1 0
95 -1 0
95 -1 0
95 -1 0
95 -1 0
95 -1 0
95 -1 0
95 -1 0
95 -1 0
95 -1 0
95 -1 0
95 -1 0
78 -1 0
80 -1 0
66 -1 0
11 -1 0
11 -1 0
11 -1 0
11 -1 0
11 -1 0
11 -1 0
41 -1 0
41 -1 0
41 -1 0
41 -1 0
94 -1 0
13 -1 0
40 -1 0
10 -1 0
10 -1 0
10 -1 0
30 -1 0
33 -1 0
3 -1 0
96 -1 0
48 -1 0
48 -1 0
14 -1 0
14 -1 0
20 -1 0
74 -1 0
74 -1 0
74 -1 0
74 -1 0
74 -1 0
74 -1 0
74 -1 0
74 -1 0
74 -1 0
74 -1 0
74 -1 0
74 -1 0
72 -1 0
3 -1 0
98 -1 0
33 -1 0
33 -1 0
33 -1 0
25 -1 0
25 -1 0
25 -1 0
11 -1 0
74 -1 0
21 -1 0
77 -1 0
2 -1 0
43 -1 0
16 -1 0
0 -1 0
0 -1 0
22 -1 0
9 -1 0
58 -1 0
58 -1 0
58 -1 0
58 -1 0
58 -1 0
58 -1 0
58 -1 0
58 -1 0
58 -1 0
58 -1 0
58 -1 0
58 -1 0
58 -1 0
37 -1 0
37 -1 0
90 -1 0
88 -1 0
88 -1 0
91 -1 0
1 -1 0
1 -1 0
1 -1 0
1 -1 0
1 -1 0
1 -1 0
40 -1 0
93 -1 0
73 -1 0
73 -1 0
7 -1 0
53 -1 0
82 -1 0
74 -1 0
60 -1 0
60 -1 0
60 -1 0
60 -1 0
60 -1 0
60 -1 0
30 -1 0
14 -1 0
92 -1 0
92 -1 0
92 -1 0
38 -1 0
8 -1 0
92 -1 0
5 -1 0
32 -1 0
35 -1 0
35 -1 0
62 -1 0
33 -1 0
25 -1 0
25 -1 0
21 -1 0
65 -1 0
65 -1 0
28 -1 0
18 -1 0
37 -1 0
54 -1 0
54 -1 0
54 -1 0
54 -1 0
92 0 -2
92 0 -2
92 0 -2
92 0 -2
92 0 -2
92 0 -2
92 0 -2
92 0 -2
92 0 -2
11 0 -2
95 0 -2
92 0 -2
60 0 -2
74 0 -2
74 0 -2
74 0 -2
68 0 -2
74 0 -2
74 0 -2
74 0 -2
74 0 -2
74 0 -2
74 0 -2
74 0 -2
74 0 -2
74 0 -2
74 0 -2
74 0 -2
74 0 -2
74 0 -2
74 0 -2
74 0 -2
74 0 -2
92 0 2
92 0 2
95 0 2
95 0 2
92 0 2
60 0 2
58 0 2
58 0 2
58 0 2
58 0 2
79 0 2
79 0 2
79 0 2
79 0 2
79 0 2
11 0 2
68 0 2
75 0 2
11 0 2
11 0 2
11 0 2
89 0 2
89 0 2
89 0 2
74 0 2
74 0 2
74 0 2
74 0 2
74 0 2
74 0 2
74 0 2
74 0 2
79 0 2
21 0 2
65 0 2
91 0 2
74 0 2
74 0 2
74 0 2
74 0 2
74 0 2
74 0 2
74 0 2
74 0 2
74 0 2
74 0 2
58 0 2
58 0 2
58 0 2
58 0 2
58 0 2
26 0 2
36 0 2
1 0 2
94 0 2
20 0 2
54 0 2
46 0 2
46 0 2
72 0 2
77 0 2
77 0 2
16 0 2
16 0 2
95 0 2
25 0 2
52 0 2
40 0 2
40 0 2
40 0 2
40 0 2
40 0 2
14 0 2
55 0 2
44 0 2
77 0 2
41 0 2
34 0 2
68 0 2
29 0 2
29 0 2
11 0 2
11 0 2
23 0 2
23 0 2
79 0 2
19 0 2
92 0 2
45 0 2
65 0 2
10 0 2
32 0 2
70 0 2
24 0 2
50 0 2
76 0 2
48 0 2
95 0 2
97 0 2
81 0 2
37 0 2
37 0 2
37 0 2
37 0 2
37 0 2
37 0 2
37 0 2
37 0 2
37 0 2
37 0 2
37 0 2
33 0 2
74 0 2
56 0 2
49 0 2
91 0 2
42 0 2
2 0 2
2 0 2
2 0 2
73 0 2
96 0 2
40 0 2
40 0 2
40 0 2
45 0 2
67 0 2
28 0 2
43 0 2
68 0 2
92 0 2
40 0 2
40 0 2
39 0 2
39 0 2
75 0 2
75 0 2
75 0 2
75 0 2
88 0 2
35 0 2
19 0 2
93 0 2
45 0 2
4 0 2
4 0 2
80 0 2
27 0 2
78 0 2
45 0 2
78 0 2
78 0 2
78 0 2
12 0 2
58 0 2
58 0 2
58 0 2
58 0 2
66 0 2
63 0 2
38 0 2
54 0 2
54 0 2
54 0 2
54 0 2
54 0 2
54 0 2
58 0 2
98 0 2
98 0 2
98 0 2
98 0 2
27 0 2
27 0 2
21 0 2
21 0 2
82 0 2
14 0 2
68 0 2
68 0 2
38 0 2
78 0 2
0 0 2
0 0 2
0 0 2
0 0 2
0 0 2
0 0 2
21 0 2
21 0 2
92 0 2
6 0 2
59 0 2
3 0 2
15 0 2
13 0 2
11 0 2
64 0 2
64 0 2
23 0 2
23 0 2
31 0 2
31 0 2
13 0 2
57 0 2
17 0 2
61 0 2
84 0 2
89 0 2
89 0 2
89 0 2
89 0 2
30 0 2
30 0 2
54 0 2
52 0 2
52 0 2
52 0 2
52 0 2
52 0 2
53 0 2
53 0 2
33 0 2
86 0 2
51 0 2
69 0 2
93 0 2
42 0 2
42 0 2
18 0 2
18 0 2
74 0 2
85 0 2
3 0 2
47 0 2
55 0 2
55 0 2
37 0 2
37 0 2
94 0 2
94 0 2
94 0 2
64 0 2
27 0 2
91 0 2
87 0 2
71 0 2
71 0 2
98 0 2
18 0 2
8 0 2
7 0 2
58 0 2
58 0 2
9 0 2
9 0 2
29 0 2
45 0 2
13 0 2
13 0 2
98 0 2
98 0 2
98 0 2
98 0 2
1 0 2
4 0 2
5 0 2
68 0 2
27 0 2
62 0 2
62 0 2
75 0 2
15 0 2
72 0 2
35 0 2
48 0 2
48 0 2
48 0 2
48 0 2
48 0 2
48 0 2
48 0 2
48 0 2
48 0 2
92 -2 -1
11 -2 -1
11 -2 -1
11 -2 -1
58 -2 -1
92 -2 -1
95 -2 -1
95 -2 -1
95 -2 -1
95 -2 -1
74 -2 -1
11 -2 -1
37 -2 -1
37 -2 -1
68 -2 -1
37 -2 -1
75 -2 -1
75 -2 -1
75 -2 -1
11 -2 -1
11 -2 -1
11 -2 -1
79 -2 -1
79 -2 -1
79 -2 -1
54 -2 -1
54 -2 -1
21 -2 -1
95 -2 -1
58 -2 -1
40 -2 -1
37 -2 -1
89 -2 -1
89 -2 -1
98 -2 -1
79 -2 -1
60 -2 -1
60 -2 -1
60 -2 -1
94 -2 -1
94 -2 -1
94 -2 -1
94 -2 -1
94 -2 -1
94 -2 -1
52 -2 -1
21 -2 -1
75 -2 -1
45 -2 -1
45 -2 -1
23 -2 -1
54 -2 -1
1 -2 -1
48 -2 -1
48 -2 -1
48 -2 -1
48 -2 -1
48 -2 -1
54 -2 -1
54 -2 -1
74 -2 -1
92 -2 -1
89 -2 -1
89 -2 -1
65 -2 -1
37 -2 -1
79 -2 -1
26 -2 -1
27 -2 -1
27 -2 -1
27 -2 -1
46 -2 -1
46 -2 -1
36 -2 -1
36 -2 -1
58 -2 -1
58 -2 -1
58 -2 -1
58 -2 -1
58 -2 -1
58 -2 -1
58 -2 -1
58 -2 -1
58 -2 -1
58 -2 -1
58 -2 -1
91 -2 -1
91 -2 -1
29 -2 -1
74 -2 -1
74 -2 -1
74 -2 -1
74 -2 -1
74 -2 -1
74 -2 -1
74 -2 -1
74 -2 -1
74 -2 -1
0 -2 -1
1 -2 -1
1 -2 -1
77 -2 -1
77 -2 -1
74 -2 -1
55 -2 -1
16 -2 -1
2 -2 -1
26 -2 -1
26 -2 -1
34 -2 -1
34 -2 -1
34 -2 -1
34 -2 -1
34 -2 -1
34 -2 -1
34 -2 -1
34 -2 -1
34 -2 -1
34 -2 -1
34 -2 -1
34 -2 -1
92 -2 -1
27 -2 -1
25 -2 -1
72 -2 -1
32 -2 -1
23 -2 -1
48 -2 -1
48 -2 -1
48 -2 -1
48 -2 -1
48 -2 -1
48 -2 -1
48 -2 -1
48 -2 -1
48 -2 -1
42 -2 -1
42 -2 -1
42 -2 -1
42 -2 -1
42 -2 -1
42 -2 -1
42 -2 -1
42 -2 -1
11 -2 -1
29 -2 -1
37 -2 -1
13 -2 -1
14 -2 -1
35 -2 -1
35 -2 -1
26 -2 -1
50 -2 -1
95 -2 -1
95 -2 -1
60 -2 -1
75 -2 -1
75 -2 -1
75 -2 -1
41 -2 -1
41 -2 -1
41 -2 -1
41 -2 -1
41 -2 -1
41 -2 -1
41 -2 -1
41 -2 -1
41 -2 -1
41 -2 -1
94 -2 -1
94 -2 -1
94 -2 -1
94 -2 -1
94 -2 -1
94 -2 -1
94 -2 -1
20 -2 -1
20 -2 -1
20 -2 -1
20 -2 -1
73 -2 -1
10 -2 -1
10 -2 -1
10 -2 -1
10 -2 -1
10 -2 -1
10 -2 -1
10 -2 -1
10 -2 -1
79 -2 -1
79 -2 -1
79 -2 -1
35 -2 -1
35 -2 -1
35 -2 -1
35 -2 -1
52 -2 -1
52 -2 -1
52 -2 -1
19 -2 -1
19 -2 -1
60 -2 -1
44 -2 -1
23 -2 -1
23 -2 -1
49 -2 -1
31 -2 -1
43 -2 -1
38 -2 -1
78 -2 -1
78 -2 -1
50 -2 -1
25 -2 -1
25 -2 -1
25 -2 -1
25 -2 -1
25 -2 -1
25 -2 -1
25 -2 -1
25 -2 -1
25 -2 -1
70 -2 -1
39 -2 -1
39 -2 -1
39 -2 -1
39 -2 -1
39 -2 -1
39 -2 -1
39 -2 -1
15 -2 -1
76 -2 -1
76 -2 -1
76 -2 -1
76 -2 -1
76 -2 -1
40 -2 -1
70 -2 -1
52 -2 -1
28 -2 -1
52 -2 -1
52 -2 -1
52 -2 -1
76 -2 -1
76 -2 -1
96 -2 -1
96 -2 -1
97 -2 -1
91 -2 -1
54 -2 -1
3 -2 -1
3 -2 -1
34 -2 -1
88 -2 -1
95 -2 -1
50 -2 -1
67 -2 -1
65 -2 -1
65 -2 -1
65 -2 -1
55 -2 -1
11 -2 -1
66 -2 -1
66 -2 -1
66 -2 -1
66 -2 -1
74 -2 -1
74 -2 -1
74 -2 -1
74 -2 -1
12 -2 -1
64 -2 -1
33 -2 -1
89 -2 -1
67 -2 -1
48 -2 -1
89 -2 -1
6 -2 -1
6 -2 -1
24 -2 -1
55 -2 -1
67 -2 -1
66 -2 -1
58 -2 -1
58 -2 -1
9 -2 -1
9 -2 -1
9 -2 -1
9 -2 -1
9 -2 -1
55 -2 -1
55 -2 -1
55 -2 -1
55 -2 -1
55 -2 -1
55 -2 -1
55 -2 -1
58 1 3
92 1 3
58 1 3
37 1 3
94 1 3
94 1 3
94 1 3
94 1 3
95 1 3
89 1 3
89 1 3
89 1 3
89 1 3
89 1 3
58 3 -1
92 3 -1
92 3 -1
94 3 -1
94 3 -1
94 3 -1
94 3 -1
94 3 -1
58 -1 4
58 -1 4
58 -1 4
58 -1 4
58 -1 4
37 -1 4
37 -1 4
92 -1 4
58 -1 4
58 -1 4
95 -1 4
89 -1 4
48 -1 4
75 -1 4
68 -1 4
37 -1 4
52 -1 4
58 -1 4
89 -1 4
68 -1 4
68 -1 4
25 -1 4
34 -1 4
41 -1 4
79 -1 4
79 -1 4
42 -1 4
42 -1 4
40 -1 4
21 -1 4
54 -1 4
27 -1 4
60 -1 4
35 -1 4
10 -1 4
23 -1 4
23 -1 4
89 -1 4
76 -1 4
39 -1 4
39 -1 4
39 -1 4
39 -1 4
39 -1 4
48 -1 4
27 -1 4
98 -1 4
60 -1 4
48 -1 4
48 -1 4
45 -1 4
45 -1 4
11 -1 4
11 -1 4
11 -1 4
11 -1 4
11 -1 4
46 -1 4
55 -1 4
55 -1 4
55 -1 4
55 -1 4
55 -1 4
55 -1 4
55 -1 4
55 -1 4
55 -1 4
79 -1 4
1 -1 4
9 -1 4
95 -1 4
54 -1 4
54 -1 4
65 -1 4
26 -1 4
55 -1 4
55 -1 4
48 -1 4
25 -1 4
55 -1 4
42 -1 4
42 -1 4
42 -1 4
39 -1 4
36 -1 4
75 -1 4
75 -1 4
75 -1 4
75 -1 4
75 -1 4
75 -1 4
55 -1 4
55 -1 4
92 -1 4
42 -1 4
91 -1 4
11 -1 4
29 -1 4
13 -1 4
78 -1 4
77 -1 4
67 -1 4
67 -1 4
67 -1 4
67 -1 4
67 -1 4
0 -1 4
41 -1 4
41 -1 4
41 -1 4
66 -1 4
78 -1 4
73 -1 4
73 -1 4
73 -1 4
73 -1 4
73 -1 4
73 -1 4
32 -1 4
32 -1 4
31 -1 4
50 -1 4
19 -1 4
6 -1 4
98 -1 4
74 -1 4
6 -1 4
6 -1 4
6 -1 4
6 -1 4
6 -1 4
6 -1 4
6 -1 4
6 -1 4
6 -1 4
6 -1 4
6 -1 4
6 -1 4
6 -1 4
55 -1 4
15 -1 4
20 -1 4
20 -1 4
20 -1 4
20 -1 4
20 -1 4
16 -1 4
70 -1 4
46 -1 4
65 -1 4
65 -1 4
65 -1 4
65 -1 4
65 -1 4
43 -1 4
12 -1 4
88 -1 4
37 -1 4
94 -1 4
94 -1 4
48 -1 4
44 -1 4
72 -1 4
18 -1 4
18 -1 4
52 -1 4
96 -1 4
24 -1 4
23 -1 4
54 -1 4
30 -1 4
30 -1 4
30 -1 4
30 -1 4
30 -1 4
30 -1 4
30 -1 4
30 -1 4
30 -1 4
30 -1 4
30 -1 4
30 -1 4
55 -1 4
14 -1 4
80 -1 4
3 -1 4
21 -1 4
73 -1 4
17 -1 4
41 -1 4
44 -1 4
44 -1 4
44 -1 4
44 -1 4
44 -1 4
44 -1 4
58 4 1
92 4 1
75 4 1
37 4 1
75 4 1
75 4 1
75 4 1
75 4 1
75 4 1
75 4 1
58 4 1
94 4 1
95 4 1
95 4 1
95 4 1
95 4 1
95 4 1
95 4 1
95 4 1
95 4 1
89 4 1
68 4 1
42 4 1
79 4 1
39 4 1
6 4 1
23 4 1
60 4 1
60 4 1
60 4 1
79 4 1
52 4 1
52 4 1
52 4 1
52 4 1
52 4 1
52 4 1
79 4 1
30 4 1
25 4 1
65 4 1
27 4 1
58 4 1
58 4 1
58 4 1
40 4 1
40 4 1
40 4 1
21 4 1
48 4 1
41 4 1
98 4 1
89 4 1
20 4 1
98 4 1
98 4 1
45 4 1
94 4 1
10 4 1
34 4 1
35 4 1
89 4 1
89 4 1
89 4 1
89 4 1
89 4 1
89 4 1
89 4 1
89 4 1
89 4 1
89 4 1
89 4 1
89 4 1
89 4 1
89 4 1
89 4 1
89 4 1
89 4 1
89 4 1
89 4 1
89 4 1
89 4 1
89 4 1
89 4 1
89 4 1
89 4 1
89 4 1
89 4 1
73 4 1
54 4 1
76 4 1
76 4 1
41 4 1
67 4 1
6 4 1
68 4 1
1 4 1
1 4 1
1 4 1
1 4 1
26 4 1
46 4 1
41 4 1
77 4 1
91 4 1
34 4 1
34 4 1
34 4 1
34 4 1
9 4 1
79 4 1
36 4 1
32 4 1
32 4 1
32 4 1
32 4 1
58 -5 -1
58 -5 -1
95 -5 -1
92 -5 -1
95 -5 -1
25 -5 -1
58 -5 -1
58 -5 -1
41 -5 -1
42 -5 -1
75 -5 -1
55 -5 -1
60 -5 -1
37 -5 -1
34 -5 -1
37 -5 -1
39 -5 -1
58 -5 -1
34 -5 -1
25 -5 -1
25 -5 -1
25 -5 -1
25 -5 -1
25 -5 -1
25 -5 -1
25 -5 -1
25 -5 -1
25 -5 -1
25 -5 -1
25 -5 -1
25 -5 -1
25 -5 -1
25 -5 -1
25 -5 -1
92 -5 -1
76 -5 -1
52 -5 -1
55 -5 -1
68 -5 -1
6 -5 -1
54 -5 -1
54 -5 -1
95 -5 -1
10 -5 -1
54 -5 -1
54 -5 -1
35 -5 -1
35 -5 -1
35 -5 -1
35 -5 -1
35 -5 -1
35 -5 -1
27 -5 -1
27 -5 -1
27 -5 -1
27 -5 -1
27 -5 -1
27 -5 -1
58 2 -4
92 2 -4
92 2 -4
92 2 -4
92 2 -4
92 2 -4
95 2 -4
58 2 -4
75 2 -4
52 2 -4
34 2 -4
94 2 -4
94 2 -4
34 2 -4
95 2 -4
95 2 -4
95 2 -4
68 2 -4
37 2 -4
92 2 -4
92 2 -4
60 2 -4
58 2 -4
94 2 -4
40 2 -4
41 2 -4
42 2 -4
35 2 -4
35 2 -4
76 2 -4
39 2 -4
39 2 -4
1 2 -4
1 2 -4
1 2 -4
1 2 -4
1 2 -4
1 2 -4
58 -2 5
58 -2 5
58 -2 5
58 -2 5
58 -2 5
58 -2 5
58 -2 5
58 -2 5
55 -2 5
75 -2 5
6 -2 5
30 -2 5
95 -2 5
95 -2 5
75 -2 5
44 -2 5
30 -2 5
30 -2 5
30 -2 5
30 -2 5
30 -2 5
95 -2 5
95 -2 5
42 -2 5
39 -2 5
37 -2 5
37 -2 5
37 -2 5
37 -2 5
58 -2 5
58 -2 5
58 -2 5
58 -2 5
58 -2 5
48 -2 5
58 -2 5
58 -2 5
58 -2 5
58 -2 5
58 -2 5
58 -2 5
58 -2 5
58 -2 5
58 -2 5
58 -2 5
58 -2 5
95 -2 5
95 -2 5
95 -2 5
95 -2 5
95 -2 5
95 -2 5
58 -2 5
48 -2 5
48 -2 5
48 -2 5
48 -2 5
48 -2 5
48 -2 5
48 -2 5
48 -2 5
48 -2 5
48 -2 5
48 -2 5
48 -2 5
48 -2 5
48 -2 5
48 -2 5
48 -2 5
48 -2 5
48 -2 5
48 -2 5
48 -2 5
48 -2 5
48 -2 5
48 -2 5
48 -2 5
48 -2 5
48 -2 5
48 -2 5
48 -2 5
95 7 0
92 7 0
92 7 0
75 7 0
75 7 0
60 7 0
60 7 0
52 7 0
34 7 0
34 7 0
68 7 0
68 7 0
68 7 0
68 7 0
34 7 0
92 7 0
92 7 0
92 7 0
92 7 0
92 7 0
92 7 0
92 7 0
92 7 0
92 7 0
92 7 0
32 7 0
60 7 0
37 7 0
40 7 0
75 7 0
89 7 0
21 7 0
92 7 0
39 7 0
98 7 0
95 7 0
95 7 0
23 7 0
23 7 0
36 7 0
92 7 0
77 7 0
77 7 0
76 7 0
46 7 0
98 7 0
98 7 0
65 7 0
65 7 0
65 7 0
65 7 0
65 7 0
65 7 0
65 7 0
65 7 0
65 7 0
65 7 0
65 7 0
65 7 0
65 7 0
65 7 0
65 7 0
65 7 0
65 7 0
65 7 0
65 7 0
65 7 0
65 7 0
65 7 0
65 7 0
65 7 0
65 7 0
65 7 0
58 1 7
58 1 7
58 1 7
58 1 7
58 1 7
58 1 7
58 1 7
58 1 7
58 1 7
58 1 7
58 1 7
58 1 7
58 1 7
58 1 7
58 1 7
58 1 7
58 1 7
58 1 7
58 1 7
58 1 7
58 1 7
58 1 7
58 1 7
75 1 7
95 1 7
37 1 7
30 1 7
30 1 7
6 1 7
95 1 7
98 1 7
6 1 7
68 1 7
58 1 7
58 1 7
60 1 7
23 1 7
23 1 7
39 1 7
44 1 7
52 1 7
52 1 7
52 1 7
52 1 7
52 1 7
52 1 7
95 -3 -5
95 -3 -5
95 -3 -5
95 -3 -5
25 -3 -5
25 -3 -5
25 -3 -5
25 -3 -5
25 -3 -5
25 -3 -5
25 -3 -5
25 -3 -5
25 -3 -5
95 -3 -5
37 -3 -5
37 -3 -5
41 -3 -5
39 -3 -5
25 -3 -5
35 -3 -5
35 -3 -5
35 -3 -5
37 -3 -5
34 -3 -5
75 -3 -5
60 -3 -5
76 -3 -5
68 -3 -5
92 -3 -5
6 -3 -5
42 -3 -5
42 -3 -5
27 -3 -5
75 -3 -5
20 -3 -5
23 -3 -5
21 -3 -5
21 -3 -5
55 -3 -5
10 -3 -5
10 -3 -5
67 -3 -5
67 -3 -5
67 -3 -5
67 -3 -5
67 -3 -5
67 -3 -5
67 -3 -5
67 -3 -5
67 -3 -5
67 -3 -5
67 -3 -5
26 -3 -5
26 -3 -5
26 -3 -5
54 -3 -5
54 -3 -5
73 -3 -5
73 -3 -5
25 -3 -5
46 -3 -5
36 -3 -5
36 -3 -5
45 -3 -5
26 -3 -5
26 -3 -5
26 -3 -5
23 -3 -5
95 -3 -5
95 -3 -5
30 -3 -5
9 -3 -5
21 -3 -5
34 -3 -5
34 -3 -5
20 -3 -5
77 -3 -5
45 -3 -5
40 -3 -5
41 -3 -5
41 -3 -5
41 -3 -5
41 -3 -5
41 -3 -5
91 -3 -5
78 -3 -5
55 -3 -5
55 -3 -5
19 -3 -5
34 -3 -5
24 -3 -5
36 -3 -5
6 -3 -5
6 -3 -5
1 -3 -5
1 -3 -5
1 -3 -5
1 -3 -5
1 -3 -5
1 -3 -5
1 -3 -5
70 -3 -5
70 -3 -5
55 -3 -5
35 -3 -5
35 -3 -5
16 -3 -5
16 -3 -5
16 -3 -5
16 -3 -5
16 -3 -5
16 -3 -5
16 -3 -5
16 -3 -5
16 -3 -5
16 -3 -5
92 7 -1
95 7 -1
95 7 -1
95 7 -1
95 7 -1
92 7 -1
65 7 -1
75 7 -1
95 7 -1
95 7 -1
65 7 -1
68 7 -1
60 7 -1
60 7 -1
34 7 -1
34 7 -1
34 7 -1
34 7 -1
34 7 -1
34 7 -1
65 7 -1
65 7 -1
65 7 -1
95 7 -1
34 7 -1
98 7 -1
23 7 -1
23 7 -1
23 7 -1
94 7 -1
35 7 -1
36 7 -1
21 7 -1
32 7 -1
32 7 -1
32 7 -1
32 7 -1
21 7 -1
21 7 -1
41 7 -1
37 7 -1
21 7 -1
42 7 -1
65 7 -1
45 7 -1
46 7 -1
29 7 -1
20 7 -1
20 7 -1
19 7 -1
78 7 -1
35 7 -1
70 7 -1
9 7 -1
26 7 -1
10 7 -1
10 7 -1
66 7 -1
66 7 -1
65 7 -1
75 7 -1
24 7 -1
77 7 -1
0 7 -1
13 7 -1
14 7 -1
72 7 -1
73 7 -1
92 7 -1
68 7 -1
39 7 -1
50 7 -1
31 7 -1
12 7 -1
15 7 -1
76 7 -1
56 7 -1
18 7 -1
18 7 -1
18 7 -1
43 7 -1
43 7 -1
75 7 -1
75 7 -1
75 7 -1
75 7 -1
75 7 -1
75 7 -1
75 7 -1
75 7 -1
75 7 -1
75 7 -1
32 7 -1
32 7 -1
32 7 -1
32 7 -1
32 7 -1
32 7 -1
32 7 -1
32 7 -1
29 7 -1
94 7 -1
98 7 -1
98 7 -1
98 7 -1
32 7 -1
32 7 -1
32 7 -1
32 7 -1
96 7 -1
6 7 -1
88 7 -1
88 7 -1
3 7 -1
81 7 -1
81 7 -1
81 7 -1
98 7 -1
98 7 -1
98 7 -1
98 7 -1
98 7 -1
98 7 -1
98 7 -1
98 7 -1
98 7 -1
98 7 -1
98 7 -1
98 7 -1
98 7 -1
98 7 -1
98 7 -1
98 7 -1
98 7 -1
98 7 -1
98 7 -1
98 7 -1
98 7 -1
98 7 -1
98 7 -1
98 7 -1
98 7 -1
98 7 -1
98 7 -1
98 7 -1
98 7 -1
79 7 -1
79 7 -1
89 7 -1
28 7 -1
28 7 -1
4 7 -1
80 7 -1
34 7 -1
34 7 -1
34 7 -1
34 7 -1
24 7 -1
24 7 -1
24 7 -1
53 7 -1
53 7 -1
77 7 -1
32 7 -1
33 7 -1
84 7 -1
62 7 -1
17 7 -1
21 7 -1
53 7 -1
38 7 -1
29 7 -1
29 7 -1
29 7 -1
29 7 -1
34 7 -1
34 7 -1
60 7 -1
95 7 -1
95 7 -1
59 7 -1
59 7 -1
97 7 -1
86 7 -1
86 7 -1
86 7 -1
82 7 -1
40 7 -1
71 7 -1
71 7 -1
71 7 -1
88 7 -1
88 7 -1
88 7 -1
88 7 -1
88 7 -1
88 7 -1
88 7 -1
88 7 -1
98 7 1
75 7 1
98 7 1
75 7 1
75 7 1
75 7 1
75 7 1
95 7 1
75 7 1
75 7 1
75 7 1
75 7 1
65 7 1
92 7 1
32 7 1
32 7 1
32 7 1
34 7 1
34 7 1
34 7 1
34 7 1
65 7 1
92 7 1
92 7 1
92 7 1
92 7 1
92 7 1
92 7 1
92 7 1
92 7 1
92 7 1
92 7 1
92 7 1
92 7 1
34 7 1
92 7 1
98 7 1
98 7 1
89 7 1
89 7 1
89 7 1
89 7 1
89 7 1
88 7 1
95 7 1
34 7 1
32 7 1
32 7 1
60 7 1
29 7 1
92 7 1
92 7 1
65 7 1
65 7 1
68 7 1
29 7 1
21 7 1
98 7 1
60 7 1
92 7 1
21 7 1
21 7 1
65 7 1
23 7 1
23 7 1
21 7 1
60 7 1
60 7 1
88 7 1
65 7 1
29 7 1
75 7 1
23 7 1
77 7 1
37 7 1
53 7 1
71 7 1
36 7 1
36 7 1
65 7 1
65 7 1
65 7 1
65 7 1
35 7 1
13 7 1
68 7 1
0 7 1
68 7 1
24 7 1
92 7 1
92 7 1
92 7 1
92 7 1
92 7 1
92 7 1
92 7 1
32 7 1
32 7 1
32 7 1
88 7 1
46 7 1
46 7 1
60 7 1
18 7 1
20 7 1
20 7 1
20 7 1
12 7 1
89 7 1
20 7 1
21 7 1
59 7 1
59 7 1
30 7 1
43 7 1
2 7 1
14 7 1
4 7 1
4 7 1
4 7 1
28 7 1
70 7 1
94 7 1
94 7 1
42 7 1
10 7 1
17 7 1
79 7 1
84 7 1
73 7 1
73 7 1
73 7 1
73 7 1
73 7 1
73 7 1
73 7 1
36 7 1
19 7 1
19 7 1
56 7 1
62 7 1
65 7 1
18 7 1
18 7 1
42 7 1
42 7 1
49 7 1
26 7 1
97 7 1
28 7 1
64 7 1
64 7 1
65 7 1
65 7 1
17 7 1
17 7 1
44 7 1
15 7 1
37 7 1
50 7 1
90 7 1
18 7 1
33 7 1
31 7 1
31 7 1
6 7 1
10 7 1
9 7 1
78 7 1
29 7 1
83 7 1
59 7 1
59 7 1
59 7 1
59 7 1
85 7 1
85 7 1
85 7 1
85 7 1
85 7 1
85 7 1
34 3 -5
92 3 -5
75 3 -5
95 3 -5
95 3 -5
1 3 -5
1 3 -5
21 3 -5
21 3 -5
98 3 -5
75 3 -5
75 3 -5
94 3 -5
94 3 -5
29 3 -5
1 3 -5
41 3 -5
26 3 -5
75 3 -5
75 3 -5
75 3 -5
60 3 -5
60 3 -5
67 3 -5
23 3 -5
23 3 -5
34 3 -5
95 3 -5
23 3 -5
23 3 -5
23 3 -5
23 3 -5
23 3 -5
37 3 -5
75 3 -5
75 3 -5
1 3 -5
16 3 -5
75 3 -5
35 3 -5
35 3 -5
68 3 -5
67 3 -5
59 3 -5
59 3 -5
37 3 -5
36 3 -5
70 3 -5
10 3 -5
95 3 -5
73 3 -5
73 3 -5
73 3 -5
73 3 -5
73 3 -5
73 3 -5
73 3 -5
73 3 -5
4 3 -5
53 3 -5
24 3 -5
23 3 -5
41 3 -5
41 3 -5
41 3 -5
18 3 -5
18 3 -5
77 3 -5
77 3 -5
20 3 -5
32 3 -5
46 3 -5
39 3 -5
39 3 -5
17 3 -5
13 3 -5
0 3 -5
56 3 -5
14 3 -5
14 3 -5
14 3 -5
14 3 -5
75 3 -5
79 3 -5
79 3 -5
79 3 -5
79 3 -5
79 3 -5
79 3 -5
79 3 -5
50 3 -5
31 3 -5
25 3 -5
66 3 -5
66 3 -5
88 3 -5
71 3 -5
77 3 -5
72 3 -5
72 3 -5
95 3 -5
95 3 -5
95 3 -5
95 3 -5
29 3 -5
42 3 -5
12 3 -5
12 3 -5
92 3 -5
77 3 -5
0 3 -5
0 3 -5
0 3 -5
0 3 -5
0 3 -5
0 3 -5
0 3 -5
66 3 -5
19 3 -5
15 3 -5
15 3 -5
96 3 -5
91 3 -5
84 3 -5
62 3 -5
98 3 -5
45 3 -5
46 3 -5
46 3 -5
56 3 -5
43 3 -5
35 3 -5
81 3 -5
94 3 -5
94 3 -5
64 3 -5
61 3 -5
63 3 -5
91 3 -5
91 3 -5
40 3 -5
40 3 -5
70 3 -5
0 3 -5
0 3 -5
0 3 -5
0 3 -5
0 3 -5
0 3 -5
0 3 -5
0 3 -5
0 3 -5
0 3 -5
0 3 -5
0 3 -5
0 3 -5
0 3 -5
57 3 -5
90 3 -5
90 3 -5
87 3 -5
16 3 -5
73 3 -5
41 3 -5
93 3 -5
77 3 -5
10 3 -5
51 3 -5
69 3 -5
5 3 -5
20 3 -5
20 3 -5
28 3 -5
7 3 -5
97 3 -5
38 3 -5
24 3 -5
22 3 -5
80 3 -5
80 3 -5
3 3 -5
75 3 -5
75 3 -5
75 3 -5
75 3 -5
75 3 -5
75 3 -5
75 3 -5
75 3 -5
75 3 -5
75 3 -5
75 3 -5
75 3 -5
22 3 -5
84 3 -5
8 3 -5
49 3 -5
6 3 -5
6 3 -5
6 3 -5
6 3 -5
6 3 -5
6 3 -5
6 3 -5
6 3 -5
6 3 -5
6 3 -5
6 3 -5
6 3 -5
6 3 -5
6 3 -5
64 3 -5
47 3 -5
29 3 -5
33 3 -5
33 3 -5
2 3 -5
2 3 -5
79 3 -5
79 3 -5
86 3 -5
89 3 -5
89 3 -5
89 3 -5
34 3 -5
49 3 -5
88 3 -5
1 3 -5
1 3 -5
1 3 -5
1 3 -5
1 3 -5
1 3 -5
1 3 -5
1 3 -5
1 3 -5
1 3 -5
1 3 -5
1 3 -5
1 3 -5
1 3 -5
1 3 -5
1 3 -5
1 3 -5
1 3 -5
1 3 -5
1 3 -5
1 3 -5
54 3 -5
9 3 -5
9 3 -5
25 3 -5
9 3 -5
9 3 -5
61 3 -5
76 3 -5
76 3 -5
82 3 -5
79 3 -5
79 3 -5
14 3 -5
14 3 -5
39 3 -5
83 3 -5
87 3 -5
2 3 -5
18 3 -5
5 3 -5
5 3 -5
68 3 -5
44 3 -5
44 3 -5
59 3 -5
62 3 -5
78 3 -5
10 3 -5
53 3 -5
53 3 -5
53 3 -5
53 3 -5
53 3 -5
53 3 -5
53 3 -5
53 3 -5
53 3 -5
58 2 6
58 2 6
58 2 6
58 2 6
58 2 6
58 2 6
58 2 6
58 2 6
58 2 6
58 2 6
58 2 6
58 2 6
58 2 6
58 2 6
58 2 6
58 2 6
92 2 6
95 2 6
52 2 6
52 2 6
52 2 6
52 2 6
23 2 6
58 2 6
73 2 6
6 2 6
60 2 6
30 2 6
89 2 6
95 2 6
95 2 6
30 2 6
20 2 6
39 2 6
39 2 6
39 2 6
37 2 6
92 2 6
92 2 6
92 2 6
34 2 6
89 2 6
39 2 6
42 2 6
44 2 6
75 2 6
21 2 6
77 2 6
58 2 6
89 2 6
89 2 6
52 2 6
52 2 6
52 2 6
52 2 6
52 2 6
52 2 6
52 2 6
52 2 6
52 2 6
52 2 6
52 2 6
52 2 6
52 2 6
52 2 6
52 2 6
52 2 6
52 2 6
52 2 6
52 2 6
52 2 6
52 2 6
52 2 6
52 2 6
52 2 6
52 2 6
52 2 6
52 2 6
52 2 6
0 1 -8
6 1 -8
6 1 -8
6 1 -8
6 1 -8
95 1 -8
6 1 -8
23 1 -8
23 1 -8
23 1 -8
23 1 -8
23 1 -8
23 1 -8
6 -1 -8
95 -1 -8
95 -1 -8
25 -7 -2
25 -7 -2
25 -7 -2
25 -7 -2
25 -7 -2
92 9 0
92 9 0
92 9 0
98 9 0
92 9 0
92 9 0
34 9 0
34 9 0
34 9 0
34 9 0
34 9 0
75 9 0
98 9 0
34 9 0
98 9 0
65 9 0
75 9 0
75 9 0
60 9 0
32 9 0
32 9 0
65 9 0
65 9 0
65 9 0
32 9 0
32 9 0
32 9 0
34 9 0
34 9 0
34 9 0
34 9 0
34 9 0
34 9 0
34 9 0
34 9 0
34 9 0
34 9 0
88 9 0
29 9 0
34 9 0
85 9 0
85 9 0
85 9 0
21 9 0
75 9 0
75 9 0
75 9 0
75 9 0
75 9 0
92 9 0
73 9 0
34 9 0
34 9 0
21 9 0
73 9 0
65 9 0
68 9 0
88 9 0
88 9 0
88 9 0
88 9 0
65 9 0
59 9 0
59 9 0
59 9 0
59 9 0
59 9 0
59 9 0
59 9 0
59 9 0
59 9 0
59 9 0
88 9 0
77 9 0
65 9 0
32 9 0
92 9 0
92 9 0
92 9 0
29 9 0
29 9 0
32 9 0
20 9 0
4 9 0
4 9 0
4 9 0
4 9 0
14 9 0
14 9 0
14 9 0
0 9 0
98 9 0
92 9 0
24 9 0
24 9 0
24 9 0
24 9 0
29 9 0
29 9 0
17 9 0
17 9 0
17 9 0
10 9 0
29 9 0
85 9 0
42 9 0
17 9 0
59 9 0
35 9 0
35 9 0
35 9 0
35 9 0
73 9 0
73 9 0
9 9 0
34 9 0
34 9 0
34 9 0
34 9 0
88 9 0
64 9 0
68 9 0
68 9 0
91 9 0
19 9 0
72 9 0
60 9 0
5 9 0
18 9 0
18 9 0
98 9 0
98 9 0
65 9 0
65 9 0
65 9 0
65 9 0
65 9 0
56 9 0
13 9 0
31 9 0
31 9 0
31 9 0
63 9 0
66 9 0
66 9 0
66 9 0
66 9 0
66 9 0
66 9 0
66 9 0
66 9 0
66 9 0
66 9 0
66 9 0
66 9 0
66 9 0
66 9 0
66 9 0
66 9 0
66 9 0
66 9 0
66 9 0
65 9 0
75 9 0
75 9 0
32 9 0
32 9 0
32 9 0
98 9 0
98 9 0
98 9 0
98 9 0
98 9 0
98 9 0
98 9 0
98 9 0
98 9 0
98 9 0
98 9 0
98 9 0
98 9 0
98 9 0
98 9 0
98 9 0
98 9 0
98 9 0
24 9 0
4 9 0
50 9 0
22 9 0
70 9 0
32 9 0
35 9 0
35 9 0
37 9 0
37 9 0
40 9 0
71 9 0
71 9 0
61 9 0
37 9 0
7 9 0
69 9 0
76 9 0
51 9 0
94 9 0
41 9 0
62 9 0
90 9 0
90 9 0
35 9 0
60 9 0
2 9 0
50 9 0
57 9 0
57 9 0
57 9 0
57 9 0
57 9 0
87 9 0
66 9 0
93 9 0
98 9 0
26 9 0
8 9 0
49 9 0
75 9 0
75 9 0
75 9 0
75 9 0
75 9 0
75 9 0
75 9 0
96 9 0
93 9 0
93 9 0
93 9 0
93 9 0
93 9 0
93 9 0
93 9 0
93 9 0
93 9 0
85 9 0
46 9 0
12 9 0
18 9 0
18 9 0
18 9 0
18 9 0
18 9 0
18 9 0
18 9 0
18 9 0
18 9 0
18 9 0
18 9 0
18 9 0
18 9 0
18 9 0
18 9 0
6 0 -10
0 0 -10
0 0 -10
41 0 -10
23 0 -10
37 0 -10
67 0 -10
67 0 -10
6 0 -10
26 0 -10
10 0 -10
21 0 -10
77 0 -10
21 0 -10
67 0 -10
40 0 -10
23 0 -10
23 0 -10
91 0 -10
60 0 -10
21 0 -10
95 0 -10
14 0 -10
73 0 -10
36 0 -10
36 0 -10
36 0 -10
73 0 -10
45 0 -10
35 0 -10
0 0 -10
0 0 -10
70 0 -10
95 0 -10
37 0 -10
60 0 -10
68 0 -10
20 0 -10
72 0 -10
2 0 -10
23 0 -10
21 0 -10
9 0 -10
39 0 -10
42 0 -10
0 0 -10
76 0 -10
37 0 -10
37 0 -10
37 0 -10
46 0 -10
5 0 -10
5 0 -10
5 0 -10
95 0 -10
95 0 -10
28 0 -10
28 0 -10
13 0 -10
80 0 -10
14 0 -10
14 0 -10
78 0 -10
43 0 -10
12 0 -10
2 0 -10
3 0 -10
95 0 -10
95 0 -10
95 0 -10
95 0 -10
95 0 -10
95 0 -10
95 0 -10
62 0 -10
62 0 -10
62 0 -10
62 0 -10
62 0 -10
62 0 -10
62 0 -10
62 0 -10
62 0 -10
62 0 -10
62 0 -10
62 0 -10
62 0 -10
62 0 -10
62 0 -10
62 0 -10
62 0 -10
62 0 -10
62 0 -10
62 0 -10
62 0 -10
33 0 -10
16 0 -10
76 0 -10
82 0 -10
22 0 -10
63 0 -10
21 0 -10
21 0 -10
29 0 -10
97 0 -10
20 0 -10
64 0 -10
64 0 -10
83 0 -10
91 0 -10
24 0 -10
24 0 -10
24 0 -10
24 0 -10
49 0 -10
90 0 -10
7 0 -10
19 0 -10
81 0 -10
69 0 -10
69 0 -10
69 0 -10
50 0 -10
50 0 -10
86 0 -10
61 0 -10
61 0 -10
61 0 -10
61 0 -10
56 0 -10
31 0 -10
51 0 -10
63 0 -10
78 0 -10
38 0 -10
96 0 -10
2 0 -10
71 0 -10
35 0 -10
35 0 -10
41 0 -10
15 0 -10
37 0 -10
0 0 -10
84 0 -10
82 0 -10
12 0 -10
87 0 -10
49 0 -10
49 0 -10
62 0 -10
8 0 -10
8 0 -10
8 0 -10
8 0 -10
8 0 -10
8 0 -10
17 0 -10
69 0 -10
69 0 -10
90 0 -10
90 0 -10
90 0 -10
5 0 -10
10 0 -10
16 0 -10
16 0 -10
45 0 -10
80 0 -10
80 0 -10
46 0 -10
21 0 -10
71 0 -10
33 0 -10
36 0 -10
57 0 -10
8 0 -10
96 0 -10
72 0 -10
4 0 -10
29 0 -10
67 0 -10
67 0 -10
47 0 -10
16 0 -10
86 0 -10
86 0 -10
23 0 -10
49 0 -10
63 0 -10
63 0 -10
63 0 -10
63 0 -10
6 0 -10
78 0 -10
46 0 -10
50 0 -10
50 0 -10
33 0 -10
62 0 -10
43 0 -10
3 0 -10
38 0 -10
38 0 -10
51 0 -10
82 0 -10
82 0 -10
39 0 -10
83 0 -10
26 0 -10
26 0 -10
26 0 -10
58 -1 9
58 -1 9
58 -1 9
58 -1 9
98 7 -3
98 7 -3
75 7 -3
75 7 -3
98 7 -3
75 7 -3
92 7 -3
98 7 -3
34 7 -3
34 7 -3
75 7 -3
75 7 -3
75 7 -3
75 7 -3
75 7 -3
75 7 -3
75 7 -3
75 7 -3
75 7 -3
75 7 -3
75 7 -3
75 7 -3
75 7 -3
75 7 -3
75 7 -3
2 2 14
3 -8 10
4 9 9
5 5 -13
6 0 2
7 -8 13
8 -6 -14
9 3 15
10 -2 -11
12 -9 -14
13 -11 13
14 12 -6
15 -8 10
17 9 9
19 -8 13
20 -1 11
21 5 -8
22 -8 13
24 7 -10
28 -8 13
29 12 3
30 -1 11
31 9 9
33 -6 -14
34 10 -3
35 -13 -1
36 -6 -9
37 0 11
38 -6 -14
39 -4 8
40 0 11
41 -8 -3
42 -4 8
43 -8 13
44 -1 4
45 -4 8
46 0 11
47 -8 13
49 -6 -14
50 -6 -14
51 -6 -14
56 -8 13
57 9 9
59 12 3
60 2 10
61 -6 -14
62 2 -11
63 5 -13
64 5 -13
66 9 -5
67 -5 -8
68 -13 2
69 5 -13
70 -10 -5
71 14 -4
72 -11 13
73 0 2
76 -2 10
77 5 -13
78 2 14
80 -6 -14
81 -8 13
82 -6 -14
83 -8 13
84 -8 13
85 7 1
86 -6 -14
87 -6 -14
88 7 -1
90 5 -13
91 -9 -3
92 1 7
93 9 9
96 -6 -14
97 -8 13
98 8 -4
0 5 -8
2 -13 10
3 15 16
4 12 3
5 2 -11
6 -8 -3
7 -14 -8
8 7 -10
9 3 15
10 -11 -2
12 8 15
13 13 -13
14 12 -6
15 11 14
17 9 9
19 -11 13
20 0 11
21 5 -8
22 13 -13
24 -14 0
28 13 -13
29 7 6
30 -1 11
31 -13 2
33 12 -13
34 10 -3
35 -13 -1
36 0 11
37 -9 4
38 3 11
39 -2 10
40 -9 4
41 -9 -3
42 -9 4
43 -8 13
44 -1 4
45 -9 4
46 0 11
47 -11 13
49 5 -13
50 -8 -9
51 8 15
56 15 16
57 9 9
58 -1 9
59 14 -4
60 -14 0
61 -6 -14
62 -2 -11
63 -8 -9
64 5 -13
66 9 -5
67 -6 -9
68 0 11
69 -6 -14
70 -8 13
71 14 -4
72 13 -13
73 12 -6
76 -9 4
77 -8 13
78 -11 13
80 8 15
81 -11 13
82 8 15
83 13 -13
84 13 -13
86 -9 -14
87 -6 -14
90 7 -10
91 -8 13
92 0 2
93 10 9
96 8 15
97 13 -13
98 8 -4
0 5 -8
2 -8 10
3 15 16
4 12 3
5 2 -11
6 -9 4
7 -14 -8
8 8 15
9 3 15
10 -11 -2
12 -14 7
13 -8 13
14 12 -6
15 13 -13
17 9 9
19 2 10
20 -4 8
21 2 -9
22 8 15
24 12 7
28 -12 -7
29 7 6
30 -1 11
31 -13 2
33 12 -13
34 10 -3
35 -13 -1
36 -11 -2
37 -2 10
38 3 11
39 2 10
40 -10 5
41 -9 -3
42 -9 4
43 -7 12
44 -1 4
45 2 10
46 -8 13
47 -7 12
49 2 15
50 -9 -14
51 11 14
56 3 11
57 10 9
58 -1 9
59 7 6
60 -9 4
61 -9 -14
62 -2 -11
63 -6 -9
64 5 -13
66 9 -5
67 -5 -8
68 -10 -1
69 -6 -14
70 -7 12
71 -8 13
72 8 15
73 7 -10
76 -10 5
77 1 7
78 13 -13
80 -14 7
81 -7 12
82 3 15
83 10 15
84 -14 7
86 -4 14
87 -7 12
90 2 15
91 13 -13
92 6 -6
93 12 3
96 -13 10
97 -14 7
98 7 6
0 2 -9
2 13 -13
3 13 -13
4 12 7
5 2 -11
6 -9 4
7 -14 -8
8 12 -9
9 -5 10
10 -10 -5
12 2 10
13 10 15
14 14 -4
15 13 15
17 9 9
19 8 15
20 -4 8
21 -14 0
22 8 15
24 10 9
28 -14 7
29 5 -8
30 -1 11
31 -13 2
33 12 -13
34 10 -3
35 -13 -1
36 -4 8
37 -2 10
38 8 15
39 -9 4
40 -10 5
41 -9 -3
42 -2 10
43 15 16
44 -1 4
45 15 16
46 13 -13
47 15 16
49 -8 -9
50 -9 -14
51 -14 7
56 3 11
57 12 7
58 -1 9
59 7 6
60 -9 4
61 -4 14
62 -2 -11
63 -9 -14
64 5 -13
66 9 -5
67 -8 -9
68 -10 -1
70 -7 12
71 -8 13
72 -15 -9
73 5 -8
76 13 -13
77 15 16
78 -5 10
80 13 -13
81 15 16
82 13 -13
83 -12 -7
84 -14 7
86 -8 -9
87 13 -13
90 2 15
91 8 15
92 6 -6
93 14 -4
96 13 -13
97 -4 14
98 10 -3
0 4 -10
2 -14 7
3 8 15
4 7 6
5 2 -11
6 3 15
7 -14 -8
8 3 15
9 1 7
10 -2 10
12 0 11
13 8 15
14 5 -8
15 -15 -9
17 9 9
19 0 11
20 1 7
21 -10 -1
22 -13 10
24 10 9
28 -1 4
29 7 -10
30 -1 11
31 -13 2
33 12 -13
34 10 -3
35 -13 -1
36 13 -13
37 -3 9
38 -1 4
39 -9 4
40 -9 4
41 -9 -3
42 -3 9
43 13 15
44 0 11
45 13 -13
46 8 15
47 13 15
49 -9 -14
50 -6 -9
51 -14 7
52 2 6
56 3 11
57 11 10
58 -1 9
59 7 -10
60 -9 4
61 -8 -9
62 -2 -11
63 -4 14
64 5 -13
66 9 -5
67 -8 -9
68 -10 -1
70 -7 12
71 -8 13
72 -14 7
73 5 -8
76 0 11
77 2 10
78 -14 7
80 3 11
81 11 14
82 -14 7
83 -12 -7
84 16 6
86 -9 -14
87 -4 14
91 -4 8
93 -14 0
96 13 -13
97 -1 4
98 10 -3
0 2 -9
2 -12 -7
3 8 15
4 7 6
5 2 -11
6 0 2
7 -14 -8
8 3 15
9 -11 13
10 -11 13
12 3 11
13 15 16
14 12 -9
15 -15 -9
17 9 9
19 15 16
20 1 7
21 -14 0
22 -13 10
24 11 10
28 8 15
29 7 -10
30 -1 11
31 -14 0
33 12 -13
34 10 -3
35 -13 -1
36 8 15
37 -13 2
38 -1 4
39 -9 4
40 -9 4
41 -9 -3
42 -10 5
43 16 15
44 -9 4
45 -11 13
46 -9 -14
47 13 15
49 -9 -14
50 -11 13
51 -14 7
56 -1 4
57 13 9
58 -1 9
59 12 -6
60 -10 5
61 -1 16
62 -2 -11
63 7 -10
64 5 -13
66 9 -5
67 -8 -9
68 -10 -1
70 -7 12
71 -8 13
72 -9 -14
73 5 -8
76 1 7
77 2 10
78 3 15
80 3 15
81 13 15
82 -8 -9
83 -12 -7
84 16 6
86 -1 16
87 -12 -7
91 -5 10
93 12 -6
96 13 -13
97 -1 4
98 9 -5
0 2 -9
2 -1 4
3 8 15
4 7 6
5 2 -11
6 -1 16
7 -14 -8
8 2 14
9 12 -9
10 1 7
12 2 14
13 3 11
14 -10 -5
15 -15 -9
17 9 9
19 -9 -14
20 -2 10
21 -5 -8
22 -11 13
24 -1 4
28 16 6
29 12 -6
30 -1 11
31 16 6
33 12 -13
34 10 -3
36 10 15
37 -13 2
38 -13 10
39 -10 5
40 -11 5
41 -9 -3
42 -10 5
43 16 15
44 -9 4
45 -10 -2
46 2 10
47 13 15
49 -8 -9
50 13 -13
51 -14 7
56 2 10
57 8 15
59 10 9
60 -9 4
61 13 -13
62 -2 -11
63 3 15
64 5 -13
66 12 -6
67 -6 -9
68 -10 -1
70 -7 12
71 -8 13
72 -7 12
73 5 -8
76 8 15
77 2 10
78 -8 -9
80 3 15
81 13 15
82 -1 4
83 -15 -9
84 16 6
86 13 -13
87 -12 -7
91 -14 7
93 12 7
96 13 -13
97 3 11
98 8 -4
0 2 -9
2 3 11
3 10 15
4 7 6
5 2 -11
6 2 14
7 -14 -8
8 -1 16
9 12 -6
10 8 15
12 10 15
13 11 14
14 -10 -5
15 14 -12
17 9 9
19 -14 7
20 -1 11
21 -5 -8
22 -14 7
24 -1 4
28 14 -4
29 10 9
30 -2 10
31 16 6
33 13 -13
34 10 -3
36 -9 -14
37 -13 2
38 -14 7
39 0 2
40 -4 8
41 -9 -3
42 -10 -1
43 11 14
44 -9 4
45 -10 -1
46 3 11
47 13 15
49 -8 -9
50 8 15
51 13 10
56 -4 14
57 12 3
59 -14 0
60 -9 4
61 13 -13
62 -2 -11
63 2 14
64 5 -13
66 9 -5
67 -10 -5
68 -14 0
70 -7 12
71 -8 13
72 -10 -5
73 5 -8
76 -5 10
77 3 11
78 -6 -9
80 2 10
81 10 15
82 2 14
83 -10 -5
84 16 6
86 -14 7
87 -12 -7
91 12 -6
93 7 -10
96 12 -13
97 3 11
98 10 -3
0 2 -9
2 -9 -14
3 3 11
4 7 6
5 2 -11
6 2 -9
7 -14 -8
8 -4 14
9 8 15
10 8 15
12 -1 11
13 12 -13
14 -10 -5
15 -12 -7
19 -14 7
20 -9 4
21 -6 -9
22 -8 10
24 -1 4
28 14 -4
29 9 -5
30 -2 10
31 -14 7
33 13 -13
34 10 -3
36 2 -11
37 -13 2
38 -4 14
39 -11 5
40 -10 5
41 -9 -3
42 -11 5
43 11 14
44 -9 4
45 -10 -1
46 -13 10
47 13 15
49 -8 -9
50 -1 16
51 13 10
56 -7 12
57 16 6
59 -1 4
60 -11 5
61 13 -13
62 -2 -11
63 2 14
66 12 3
67 -8 -9
68 -11 -2
70 -7 12
71 -8 13
72 2 -11
73 4 -10
76 -5 10
77 -1 4
78 -8 -9
80 2 10
81 16 15
82 2 14
83 -14 7
84 12 7
86 -14 7
87 -12 -7
91 -5 -8
93 9 -5
96 12 -13
97 2 10
98 8 -4
0 2 -11
2 12 -6
3 3 11
4 7 6
5 4 -10
6 2 -11
7 -14 -8
8 3 11
9 0 2
10 8 15
12 3 11
13 2 10
14 -10 -5
15 -12 -7
19 -14 7
20 -10 5
21 4 -10
22 -8 10
24 1 7
28 14 -4
29 1 7
30 -2 10
31 12 3
33 13 -13
34 10 -3
36 -10 -5
37 -13 2
38 -4 14
39 -3 9
40 -10 5
41 -9 -3
42 -10 -2
43 10 15
44 -9 4
45 -11 -2
46 -14 7
47 13 15
49 -8 -9
50 2 -11
51 13 9
56 -5 10
57 12 -6
59 5 -8
60 -13 2
61 13 -13
62 -2 -11
63 -1 16
66 8 -4
67 -8 -3
68 -9 4
70 -7 12
72 -12 -7
73 9 -5
76 -6 -9
77 -5 10
78 -11 -2
80 2 14
81 -15 14
82 3 11
83 -14 7
84 12 7
86 -13 10
87 -8 -9
91 -1 11
93 12 -9
96 12 -13
97 2 10
98 9 -5
0 5 -8
2 4 -10
3 3 11
4 10 9
5 2 14
6 -5 -8
7 -14 -8
8 3 15
9 2 -11
10 10 15
12 3 11
13 2 14
14 -12 -7
15 -8 -9
19 -14 0
20 -10 5
21 7 -10
22 15 16
24 7 6
28 14 -4
29 1 7
30 -2 10
31 -13 2
33 13 -13
34 10 -3
36 -8 -9
37 -10 -1
38 -4 14
39 -3 9
40 -9 4
41 -9 -3
42 -1 11
43 -15 14
44 -9 4
45 -8 -3
46 -11 -2
47 10 15
49 -6 -9
50 -5 -8
51 10 15
56 -4 14
57 -1 4
59 7 -10
60 -10 -1
61 13 -13
63 2 -11
66 7 1
67 -6 -9
68 -14 0
70 -7 12
72 10 15
73 9 -5
76 -1 11
77 2 -11
78 -9 -14
80 3 11
81 8 15
82 3 11
83 -14 7
84 12 7
86 -15 14
87 -10 -5
91 14 -12
93 12 -9
96 14 -12
97 2 10
98 9 -5
0 5 -8
2 10 15
3 2 14
4 7 6
5 3 15
6 2 -9
7 -14 -8
8 10 9
9 -13 2
10 2 -11
12 -3 9
13 -13 10
14 12 -6
15 -9 -14
19 -13 2
20 -10 5
21 -5 -8
22 16 15
24 -1 11
28 14 -4
29 1 7
30 -2 10
31 16 6
33 13 -13
34 10 -3
36 -8 -9
37 -8 -3
38 -9 -14
39 0 2
40 -13 2
41 -9 -3
42 -13 2
43 -11 13
44 -9 4
45 -13 2
46 -4 8
47 16 15
49 -12 -7
50 2 14
51 -15 14
56 -4 14
57 3 11
59 0 2
60 -11 13
61 13 -13
63 2 -11
66 -14 0
67 -1 16
68 -11 5
70 -7 12
72 4 -10
73 7 -10
76 -11 13
77 2 -11
78 -5 -8
80 -10 -5
81 16 15
82 10 15
83 -14 7
84 16 6
86 13 10
87 -14 0
91 10 15
93 9 -5
96 14 -12
97 2 10
98 9 -5
0 5 -8
2 -1 4
3 -4 14
4 12 3
5 3 15
6 -5 -8
7 -14 -8
8 10 9
9 -6 -9
10 2 -11
12 -3 9
13 -13 10
14 12 -6
15 -14 -8
19 12 7
20 -10 5
21 5 -8
22 10 15
24 -1 11
28 14 -4
29 1 7
30 -2 10
31 -13 10
33 13 -13
36 -8 -9
37 -8 -3
38 -9 -14
39 -1 11
40 -13 2
41 -9 -3
42 -13 2
43 11 14
44 -9 4
45 -11 5
46 -4 8
47 11 14
49 -12 -7
50 12 7
51 -15 14
56 -4 14
57 -9 -14
59 0 2
60 -1 4
61 13 -13
63 3 15
66 14 -4
67 -10 -5
68 -11 5
70 -7 12
72 4 -10
73 14 -4
76 -9 -14
77 2 -11
78 -6 -9
80 12 -6
81 16 15
82 -4 14
83 -14 7
84 13 9
86 -12 -7
87 -14 0
91 14 -4
93 9 -5
96 10 15
97 2 10
98 7 6
0 9 -5
2 14 -4
3 3 15
4 -1 4
5 3 15
6 -5 -8
7 -14 -8
8 10 15
9 16 6
10 2 -9
12 -3 9
13 -13 10
14 -8 -9
15 -14 0
19 -11 -2
20 -10 5
21 5 -8
22 -9 -14
24 -1 11
28 14 -4
29 1 7
30 -2 10
31 -13 10
33 14 -12
36 -8 -9
37 -8 -3
38 10 15
39 0 11
40 -13 2
41 -9 -3
42 -5 10
43 8 15
44 -9 4
45 10 15
46 -4 8
47 11 14
49 -15 -9
50 -14 0
56 -1 16
57 10 15
59 12 7
60 -1 4
61 13 -13
63 4 -10
66 12 -6
67 -12 -7
68 -11 5
70 -7 12
72 2 -9
73 7 6
76 -9 -14
77 2 -11
78 12 -9
80 10 15
81 16 15
82 7 -10
83 -14 7
84 13 9
86 -12 -7
87 -14 0
91 -14 0
93 12 -6
96 13 -13
97 2 10
98 12 3
0 9 -5
2 12 3
3 0 11
4 11 10
5 3 15
6 -5 -8
7 -14 -8
8 3 11
9 10 9
10 8 15
12 -4 14
13 -13 10
14 -6 -9
15 -14 0
19 -11 -2
21 5 -8
22 12 7
24 -1 11
28 14 -4
29 1 7
30 -2 10
31 -13 10
33 14 -12
36 -8 -9
37 -8 -3
38 -1 16
39 0 11
40 -13 2
42 8 15
43 -13 10
44 -9 4
45 -9 -14
46 -4 8
47 11 14
49 -15 -9
50 7 -10
56 -8 10
57 7 6
59 12 7
60 -4 8
61 12 -13
63 8 15
66 12 3
67 -10 -2
68 -11 5
70 -7 12
72 2 -9
73 -5 -8
76 15 16
77 2 -11
78 -9 -14
80 -6 -9
81 16 15
82 7 -10
83 -14 7
84 13 9
86 -12 -7
87 -14 0
91 -14 0
93 12 -6
96 13 -13
97 2 10
98 7 6
0 9 -5
2 7 6
3 2 14
4 11 10
5 3 15
6 4 -10
7 -14 -8
8 -9 -14
9 -14 0
10 4 -10
12 -4 14
13 -13 10
14 -14 0
15 -10 -5
19 -11 -2
21 5 -8
22 -12 -7
24 -1 11
29 1 7
31 -13 10
33 14 -12
36 -5 -8
37 -8 -3
38 -1 16
39 -5 10
40 -13 2
42 -8 -3
43 -9 -14
44 -9 4
45 -12 -7
46 -4 8
47 11 14
49 -15 -9
50 12 -13
56 -4 8
57 7 6
59 12 7
60 -1 4
61 15 16
63 4 -10
66 12 3
67 -8 -3
68 -11 5
70 -7 12
72 3 11
73 3 11
76 -13 10
77 2 -11
78 -15 -9
80 -13 10
81 16 15
82 4 -10
83 -14 7
84 13 9
86 -10 -5
87 -13 2
91 -11 -2
93 12 -6
96 13 -13
98 3 -1
0 9 -5
2 -11 5
3 -1 16
4 11 10
5 3 15
6 -1 16
7 -14 -8
8 4 -10
9 -5 -8
10 2 -11
12 -4 14
13 -8 10
14 -9 -14
15 13 -13
19 -11 -2
21 4 -10
22 -12 -7
24 -1 11
31 12 7
33 14 -12
36 -8 -3
37 -10 -2
38 2 14
39 3 11
40 -13 2
42 -8 -3
43 -9 -14
44 -9 4
45 -12 -7
46 -4 8
47 11 14
49 -10 -5
50 10 15
56 -3 9
57 7 6
59 12 7
60 -1 4
61 15 16
63 10 15
66 12 3
67 -8 -3
68 -4 8
72 -5 -8
73 10 9
76 16 15
77 2 -11
78 10 15
80 -8 -9
81 13 15
82 8 15
83 -14 7
84 13 9
86 -10 -5
87 -13 2
91 -10 -5
93 12 -6
96 12 -9
98 8 -4
0 9 -5
2 -11 5
3 10 9
4 11 10
5 3 15
6 -3 9
7 -14 -8
8 -1 4
9 -8 -9
10 7 -10
12 -4 14
13 13 9
14 -8 -9
15 13 -13
19 -10 -1
21 4 -10
22 -15 -9
24 -1 11
31 -11 13
33 14 -12
34 10 -3
36 -5 -8
37 -10 -1
38 2 14
39 3 11
40 -13 2
42 10 15
43 -9 -14
45 -12 -7
46 -3 9
47 11 14
49 -5 -8
50 -8 -9
56 -6 -9
57 13 10
59 12 7
60 -3 9
61 13 15
63 10 15
66 12 3
67 -6 -9
68 -4 8
72 12 7
73 8 15
76 -13 10
77 2 -11
78 -5 -8
80 -5 -8
81 15 16
82 -1 16
83 -14 7
84 10 9
86 -6 -9
87 -11 -2
91 -10 -5
93 12 -6
96 12 -9
98 10 -3
0 9 -5
2 -5 10
3 -5 10
4 11 10
6 -5 10
7 -14 -8
8 -14 7
9 -3 9
10 7 -10
12 -4 14
13 13 9
14 10 15
15 13 -13
19 -10 -2
21 4 -10
22 -8 -9
24 -1 11
31 -11 13
33 14 -12
34 10 -3
36 -8 -9
37 -10 -1
38 0 11
39 3 11
40 -13 2
42 10 15
43 -9 -14
45 -12 -7
46 -5 10
47 11 14
49 -12 -7
50 3 11
56 2 14
57 7 -10
59 7 6
60 -3 9
61 13 15
63 10 15
66 12 7
67 2 -9
68 -4 8
72 3 11
73 2 14
76 -13 10
77 2 -11
78 -5 -8
80 7 -10
81 13 -13
82 2 -11
83 16 6
84 10 9
86 -15 -9
87 -14 7
91 -11 -2
93 12 -6
96 12 -9
98 10 -3
0 9 -5
2 -14 0
3 13 15
4 11 10
6 -4 8
8 0 11
9 -3 9
10 2 -11
12 -4 14
13 -14 7
14 -5 -8
15 13 -13
19 -10 -1
21 4 -10
22 -8 -9
24 -1 11
31 -8 10
33 14 -12
34 10 -3
36 -8 -9
37 -10 -1
38 0 11
39 2 14
40 -13 2
42 10 15
43 -9 -14
45 -12 -7
46 -14 7
47 11 14
49 12 -9
50 12 3
56 8 15
57 -3 9
59 7 6
60 -8 -3
61 14 -12
63 3 11
66 12 7
67 2 -9
68 -4 8
72 16 6
73 3 11
76 -13 10
77 2 -9
78 -5 -8
80 7 -10
81 -13 10
82 2 14
83 16 6
84 10 9
86 -11 5
87 -15 -9
91 -10 -2
93 12 -6
96 -15 -9
98 10 -3
0 9 -5
2 -14 0
3 13 15
6 -6 -9
8 12 3
9 -4 8
10 5 -8
13 -14 7
14 -1 4
15 13 -13
19 -14 0
21 4 -10
22 -12 -7
31 -8 10
33 13 -13
34 10 -3
36 -8 -9
37 -10 -1
38 0 11
39 0 11
40 -13 2
42 10 15
43 -9 -14
45 -10 -5
46 -1 16
47 11 14
49 14 -12
50 -8 10
56 -1 4
57 -14 0
59 7 6
60 -2 5
61 16 15
63 8 15
66 12 7
67 -5 -8
68 -5 10
72 12 3
73 3 11
76 -13 10
77 2 -9
78 2 -9
80 7 -10
81 -13 10
82 0 11
83 16 6
84 10 9
86 -5 -8
87 -15 -9
91 -10 -2
96 12 -9
98 10 -3
0 9 -5
2 -10 -5
3 13 15
6 5 -8
8 -14 0
9 -4 8
10 -1 16
13 -14 7
14 -15 -9
15 13 -13
19 -10 -5
21 4 -10
22 -12 -7
31 -11 5
33 14 -12
34 10 -3
36 -8 -9
37 -11 -2
38 2 14
39 -1 4
40 -13 2
42 10 15
45 -15 -9
46 -1 16
47 11 14
49 -11 13
50 -5 10
56 0 11
57 -6 -9
59 7 6
60 -11 -2
61 16 15
63 8 15
66 12 7
67 0 2
68 -3 9
72 12 -13
73 -1 16
76 -8 10
77 2 -11
78 2 -11
80 5 -8
81 -11 13
82 7 -10
83 16 6
84 10 9
86 -5 -8
87 -15 -9
91 -10 -2
96 12 -13
98 10 -3
0 9 -5
2 12 3
3 13 15
6 3 11
8 16 6
9 -4 8
10 -1 16
13 -14 7
14 7 -10
15 13 -13
19 -8 -3
22 -12 -7
31 -11 5
33 13 -13
34 10 -3
37 -10 -1
38 -5 10
39 -1 4
42 10 15
45 -15 -9
46 -1 16
47 8 15
49 14 -12
50 5 -8
56 0 11
57 -12 -7
59 7 6
60 -5 10
61 16 15
63 5 -8
67 2 -11
68 -3 9
72 12 -13
73 10 9
76 -11 13
77 2 14
78 2 -11
80 -1 16
81 -11 13
82 5 -8
83 16 6
84 13 10
86 -5 -8
87 -12 -7
91 -10 -2
96 12 -9
98 10 -3
2 12 3
3 13 15
6 -10 -5
8 16 6
9 3 11
10 2 14
13 -14 7
14 -12 -7
15 13 -13
19 -12 -7
22 -10 -5
29 1 7
31 -11 5
33 13 15
34 10 -3
37 -10 -1
38 -5 10
39 -1 4
42 8 15
45 -15 -9
46 -1 16
47 13 -13
49 -8 10
50 -8 10
56 -4 8
57 -11 -2
59 7 6
60 -10 -2
61 16 15
63 0 11
67 5 -8
68 -3 9
72 12 -13
73 10 9
76 -11 13
77 2 -9
78 2 -11
80 2 -11
81 13 10
82 2 -9
83 16 6
84 12 3
86 -5 -8
87 -12 -7
91 -10 -1
96 12 -9
98 10 -3
2 5 -8
3 13 15
6 -10 -5
8 16 6
9 -1 4
10 3 11
13 -14 7
14 -11 -2
15 13 -13
19 -12 -7
22 -10 -5
29 1 7
31 -11 5
33 12 -9
34 10 -3
37 -10 -2
38 -8 10
39 -5 10
42 8 15
45 -12 -7
46 2 14
47 13 -13
49 -11 13
50 -8 10
56 2 14
57 2 14
59 7 6
60 -10 -2
61 16 15
63 -1 16
67 2 -9
68 -8 10
72 12 -13
73 10 9
76 -11 13
77 5 -8
78 -1 16
80 -12 -7
81 13 10
82 2 -11
83 -14 7
84 10 9
86 -5 -8
87 -14 0
91 -10 -1
96 7 -10
98 8 -4
2 2 -11
3 8 15
6 0 2
8 16 6
9 -3 9
10 8 15
13 16 6
14 -11 -2
15 13 -13
19 -6 -9
22 -6 -9
29 1 7
31 -5 10
33 12 -9
34 10 -3
37 -14 0
38 -8 10
39 -1 4
42 13 15
45 -12 -7
46 -4 8
47 13 -13
49 -8 10
50 -8 10
56 2 14
57 -12 -7
59 7 6
60 -14 0
61 10 15
63 -12 -7
67 -10 -1
68 -4 8
72 12 -13
73 10 9
76 -11 13
77 5 -8
78 5 -8
80 12 3
81 -14 7
82 12 -9
83 -14 7
84 10 9
87 -10 -5
91 -10 -5
96 7 -10
98 10 -3
2 2 -11
3 11 14
6 -8 -3
8 13 9
9 -3 9
10 8 15
13 16 6
14 -11 -2
15 13 -13
19 -10 -2
22 -6 -9
29 1 7
31 -11 13
33 13 15
34 10 -3
37 -10 -5
38 -4 8
39 -1 16
42 3 11
45 -14 0
46 2 -11
47 13 -13
49 -10 -5
50 -8 10
56 0 11
57 -1 4
60 -14 0
61 16 15
63 13 15
67 -4 8
68 -3 9
72 12 -13
73 10 15
76 -11 13
77 -1 16
78 5 -8
80 12 3
81 11 14
82 11 14
83 -14 7
84 10 9
87 -15 -9
91 -10 -5
96 7 -10
98 10 -3
2 2 -11
3 16 15
6 2 14
8 13 9
9 -5 10
10 0 11
13 16 6
14 -11 -2
15 15 16
19 -11 5
22 -6 -9
29 1 7
31 -10 -1
33 13 15
34 10 -3
37 -10 -2
38 -11 13
39 -1 16
42 2 14
45 -14 0
46 -6 -9
49 -1 16
50 -8 10
56 -11 13
57 -1 16
59 7 6
60 12 3
61 16 15
63 -1 4
67 -4 8
68 -5 10
72 12 -13
73 8 15
76 -11 13
77 2 -9
78 -6 -9
80 11 14
81 8 15
82 -1 16
83 16 6
84 10 9
87 12 -9
91 -10 -5
96 7 -10
98 10 -3
2 2 -11
3 13 10
6 -1 0
8 16 6
9 2 14
10 2 14
13 13 10
14 -11 -2
15 15 16
19 -10 -1
22 -12 -7
29 1 7
31 -11 -2
33 13 15
37 -12 -7
38 -11 13
39 -4 8
42 8 15
45 -14 0
46 -6 -9
49 -1 16
50 -8 10
56 -11 13
57 -14 7
59 7 6
60 12 3
61 8 15
63 -1 4
67 -4 8
68 -11 13
72 12 -13
73 13 9
75 7 -3
76 -14 7
77 2 14
78 2 -11
80 -4 8
81 -15 -9
82 2 -9
83 -14 7
84 10 9
87 12 3
91 -10 -5
96 7 -10
98 10 -3
2 2 -11
3 13 10
6 0 11
8 13 10
9 -1 16
10 3 11
13 -13 10
14 -11 -2
15 14 -12
19 -15 -9
22 -11 13
29 1 7
31 -11 13
33 13 15
37 -12 -7
38 -3 9
39 3 11
42 8 15
45 -14 0
46 -6 -9
49 16 15
56 -11 13
57 -14 7
60 -14 7
61 8 15
63 -11 13
67 -3 9
68 -2 5
72 12 -13
73 -3 9
76 -14 7
77 -6 -9
78 -10 -5
80 -4 8
81 -11 13
82 5 -8
83 -13 10
84 10 9
87 12 3
91 -8 -3
98 7 -3
2 2 -11
3 -11 13
6 -5 10
8 13 10
9 -1 16
10 0 11
13 -11 5
14 -11 -2
15 14 -12
19 -15 -9
22 -8 -3
29 1 7
31 -14 7
33 13 15
37 -12 -7
38 -5 10
39 3 11
42 11 14
46 -6 -9
49 16 15
56 -1 4
57 -11 13
60 0 11
61 13 15
63 -14 7
67 0 2
68 3 11
72 12 -13
73 -3 9
76 -13 10
77 2 -11
78 -10 -5
80 -5 10
81 -11 13
82 2 -9
83 16 6
84 10 9
87 16 6
91 -12 -7
98 12 3
2 2 -9
3 -15 -9
6 -3 -5
8 16 6
9 -1 16
10 2 -11
13 16 15
14 -11 -2
15 14 -12
19 -4 8
22 -8 -3
31 -10 -2
33 15 16
37 -12 -7
38 -13 10
39 3 11
42 11 14
49 2 -11
56 2 -11
57 -11 13
60 5 -8
61 15 16
63 -14 7
67 0 2
68 -14 7
72 12 -13
73 -3 9
76 -14 7
77 8 15
78 -8 -3
80 -5 10
81 16 6
82 -1 4
83 16 6
84 10 9
87 -11 13
91 -12 -7
98 12 3
2 2 -11
3 -15 -9
6 -3 -5
8 13 15
9 -1 16
10 2 14
13 13 15
15 14 -12
19 -4 8
22 -8 -3
31 -10 -2
33 10 15
37 -12 -7
38 -11 13
39 3 11
42 11 14
49 -11 13
56 10 15
57 -13 10
60 5 -8
61 10 15
63 -14 7
67 0 2
68 -13 10
72 12 -13
73 -4 8
76 -13 10
77 12 -9
78 -12 -7
80 -5 10
81 -11 13
82 -1 4
83 -11 5
84 10 9
87 -13 10
91 -12 -7
98 12 3
2 2 -11
3 -15 -9
6 12 -9
8 -13 10
9 -1 16
10 3 11
13 13 9
19 -1 4
22 -10 -2
31 -10 -2
33 12 -13
37 -12 -7
38 2 -11
39 0 2
42 11 14
46 -6 -9
49 -11 13
56 10 15
57 13 15
60 5 -8
61 10 15
63 -13 10
67 2 -11
68 -14 7
72 12 -13
73 -4 8
76 16 6
77 0 11
78 -12 -7
80 -5 10
81 13 9
82 2 -11
83 -14 7
84 10 9
87 -10 -5
91 -10 -2
98 12 3
2 2 -9
3 -15 -9
6 2 -11
8 -14 7
10 12 -13
13 16 15
19 3 11
22 2 -11
31 -10 -2
33 12 -13
37 -12 -7
38 13 10
39 2 14
42 11 14
49 -11 13
56 10 15
57 15 16
61 10 15
63 16 6
67 -1 4
68 -8 -3
72 13 15
73 -4 8
76 16 6
77 3 11
78 3 11
80 -5 10
81 16 6
82 -1 4
83 -14 7
84 10 9
87 -10 -2
91 -10 -1
98 12 3
2 2 -9
3 -15 -9
6 13 15
8 -14 7
10 12 -13
13 16 15
19 3 11
22 2 -11
31 -10 -1
33 12 -13
37 -12 -7
38 13 10
39 2 14
42 11 14
49 -11 13
56 3 11
57 -13 10
61 8 15
63 16 6
67 3 11
68 -3 9
72 13 15
73 -4 8
76 16 6
77 -13 10
78 -8 -3
80 -5 10
81 3 11
82 -1 4
83 -14 7
87 -8 -3
91 -12 -7
98 12 3
2 2 -11
3 -15 -9
6 15 16
8 -14 7
10 12 -13
13 16 15
19 -4 8
22 3 11
31 -10 -2
33 12 -13
37 -12 -7
38 13 10
39 2 14
42 11 14
49 -11 13
56 2 -11
57 -13 10
61 11 14
63 13 9
67 3 11
68 -3 9
72 12 -9
73 -4 8
76 -14 7
77 -1 4
78 -8 -3
80 -5 10
81 16 15
82 -1 4
83 16 6
87 -10 -1
91 -12 -7
98 12 3
2 2 -9
3 -15 -9
6 -12 -7
8 -14 7
10 12 -13
13 16 15
19 2 14
22 -1 4
31 -10 -1
33 12 -13
37 -10 -5
38 13 10
39 2 14
42 11 14
49 -11 13
56 16 6
57 -4 8
58 -1 9
61 10 15
63 13 9
67 3 11
68 -4 8
72 12 -9
73 -4 8
76 15 16
77 10 15
78 -4 8
81 16 15
82 -4 8
83 13 9
87 -10 -2
91 -10 -2
98 12 3
2 2 -9
3 -15 -9
6 -2 -1
8 -14 7
10 13 15
13 16 15
19 2 -11
22 3 11
31 -10 -1
37 -10 -5
38 13 10
39 2 14
42 11 14
49 -11 13
56 -13 10
57 -4 8
58 -1 9
61 11 14
63 13 9
67 3 11
68 -1 9
72 12 -9
73 -3 9
76 -11 5
77 -4 8
78 -4 8
81 16 15
82 -3 9
83 -11 5
87 -1 4
91 -12 -7
98 12 3
2 2 -9
3 -15 -9
6 8 -4
8 -14 7
10 13 15
13 -14 7
19 2 -11
22 0 2
31 -10 -1
37 -10 -5
38 13 10
39 2 14
42 10 15
49 -11 13
56 11 14
57 -14 7
58 -1 9
61 16 15
63 13 10
67 3 11
68 -1 4
73 0 11
76 -11 5
77 -14 7
78 -4 8
81 16 15
82 0 2
83 -11 5
87 -1 4
91 -12 -7
98 12 3
2 2 -11
3 -15 -9
6 2 -9
8 -13 10
10 13 15
13 -11 13
19 2 -11
22 -1 4
31 -10 -1
37 -10 -5
38 13 9
39 2 14
42 10 15
49 -13 10
56 11 14
57 -11 13
61 13 10
63 -14 7
67 3 11
68 -1 4
73 -14 7
76 -4 8
77 -8 -3
78 -4 8
81 16 15
82 0 2
83 -11 5
87 -12 -7
91 -15 -9
98 12 3
2 2 -11
3 -12 -7
6 10 15
8 13 9
10 13 15
13 10 15
19 2 -11
22 2 -9
31 -10 -1
37 -10 -5
38 13 9
39 2 14
42 11 14
49 -13 10
56 -12 -7
57 -1 4
61 13 10
63 -14 7
67 0 11
68 -1 4
73 -14 7
76 -4 8
77 8 -4
78 -4 8
81 16 15
82 -4 8
83 -11 5
87 3 11
91 -15 -9
97 2 10
98 12 3
2 2 -11
3 -12 -7
6 8 -4
8 13 9
10 13 15
13 10 15
19 -3 9
22 2 -9
31 -10 -1
37 -10 -5
38 13 9
39 2 14
42 11 14
49 -13 10
56 -14 7
57 11 14
61 13 10
63 -14 7
67 3 11
68 3 11
73 -11 13
76 -4 8
77 0 11
78 -3 9
81 16 15
82 3 11
87 3 11
91 -15 -9
97 2 10
98 12 3
2 2 -11
3 -15 -9
6 0 2
8 13 9
10 11 14
13 10 15
19 10 15
22 -8 -3
31 -10 -1
37 -10 -5
38 13 15
39 2 14
42 11 14
49 -13 10
56 -14 7
57 10 15
61 13 10
63 -4 8
67 -3 9
68 0 11
73 -11 13
76 16 6
77 -10 -5
78 -3 9
81 16 15
82 -12 -7
87 -10 -1
91 -15 -9
98 12 3
2 2 -11
3 -12 -7
4 11 10
6 0 2
8 -14 7
10 11 14
13 13 9
19 10 15
22 -11 13
31 -10 -2
37 -8 -3
38 16 6
39 2 14
42 8 15
49 -13 10
56 -14 7
57 16 6
61 13 10
63 15 16
67 3 11
68 16 6
73 -11 13
76 -3 9
77 -10 -5
78 -4 8
81 16 15
82 -12 -7
87 8 15
98 12 3
2 2 -11
3 -12 -7
6 0 2
8 12 3
10 11 14
13 13 9
19 3 11
22 15 16
25 -7 -2
31 -10 -5
35 -13 -1
37 -12 -7
38 16 6
39 2 14
42 10 15
49 -13 10
56 -14 7
57 0 11
61 13 10
63 3 11
67 -1 4
68 -10 -2
73 16 6
76 -11 13
77 -10 -5
78 -4 8
81 16 15
82 -10 -5
87 8 15
98 12 3
2 2 -11
3 -10 -5
6 3 -1
8 16 6
10 11 14
13 13 9
19 8 15
22 15 16
29 1 7
31 -8 -3
35 -13 -1
37 -12 -7
38 13 15
42 10 15
56 -14 7
57 0 11
63 16 6
67 -1 4
68 -3 9
73 -3 9
76 -11 13
77 -10 -2
78 -4 8
81 16 15
82 -8 -3
87 10 15
98 12 3
2 2 -11
3 -10 -5
6 3 -1
8 16 6
13 13 9
19 16 6
22 15 16
27 -5 -1
31 -13 -1
35 -13 -1
37 -12 -7
38 13 15
42 15 16
56 -14 7
57 3 11
63 -3 9
67 -3 9
68 8 15
73 10 15
77 8 15
78 -4 8
81 16 15
82 -10 -2
87 15 16
94 3 -1
98 12 3
2 2 -11
3 -10 -5
6 3 -1
8 -14 7
10 11 14
13 13 9
19 16 6
22 -4 8
31 -13 -1
35 -13 -1
37 -12 -7
38 13 15
42 8 15
56 13 15
57 -4 8
63 -14 7
67 -3 9
68 10 15
73 0 2
77 -5 -8
78 0 11
82 -3 -5
87 8 15
98 12 3
2 2 -11
3 -10 -5
6 0 -2
8 -14 7
10 11 14
13 13 9
22 -6 -14
31 -13 -1
35 -13 -1
37 -12 -7
38 15 16
42 8 15
56 13 15
57 8 -4
61 13 10
63 3 11
67 -3 9
68 0 2
73 -14 7
77 0 -10
78 -3 9
82 -10 -5
87 -13 -1
98 12 3
2 2 -11
3 -10 -5
6 -2 -1
8 -14 7
13 13 9
22 -6 -14
31 -13 -1
35 -13 -1
37 -12 -7
38 10 15
42 8 15
56 13 15
57 8 -4
63 2 -9
67 -3 9
68 0 2
73 -14 7
77 -4 8
78 -3 9
82 -10 -5
87 -8 -3
98 12 3
3 -10 -5
6 0 2
8 -14 7
13 -14 7
22 -5 -8
31 -10 -2
35 -13 -1
37 -12 -7
38 10 15
42 3 11
56 13 15
57 8 -4
63 2 -9
67 -3 9
68 0 2
73 3 11
77 1 -8
78 -3 9
82 -10 -5
87 14 -4
3 -12 -7
6 0 -2
8 15 16
13 -14 7
22 -5 -8
31 -10 -2
35 -13 -1
37 -12 -7
38 10 15
42 3 11
46 -6 -9
56 13 15
57 8 -4
63 -1 4
67 -3 9
68 0 2
73 -1 4
77 -12 -7
78 -3 9
82 -10 -5
86 -5 -8
87 14 -4
3 -12 -7
6 0 -2
8 15 16
13 -14 7
22 -5 -8
31 -10 -2
35 -13 -1
37 -12 -7
38 10 15
42 3 11
56 13 9
57 8 -4
63 2 -9
67 -3 9
68 0 2
73 8 -4
77 -14 7
78 -3 9
82 -10 -5
87 12 -6
3 -12 -7
6 0 -2
8 15 16
13 13 9
22 -5 -8
31 -10 -1
35 -13 -1
37 -12 -7
38 10 15
42 3 11
56 13 9
57 8 -4
61 13 10
63 13 9
67 -3 9
68 -1 4
73 2 -9
77 3 11
78 -3 9
82 -10 -5
87 -1 4
3 -12 -7
6 3 -1
8 15 16
13 13 9
22 -5 -8
31 -10 -1
35 -13 -1
37 -12 -7
38 10 15
41 -9 -3
42 11 14
56 8 15
57 7 -1
63 13 9
67 -3 9
68 3 11
73 8 -4
77 3 11
78 -3 9
87 -14 7
3 -12 -7
6 0 2
8 15 16
13 13 9
22 -5 -8
31 -10 -2
35 -13 -1
37 -10 -2
38 10 15
40 -13 2
41 -9 -3
42 8 15
56 13 15
57 7 -1
63 13 15
67 -3 9
68 -10 -2
73 8 -4
77 3 11
78 -3 9
87 2 -9
3 -12 -7
6 0 2
8 15 16
13 13 9
22 -8 -9
31 -13 2
35 -13 -1
37 -10 -1
40 -13 2
41 -9 -3
42 11 14
56 13 15
57 7 1
63 13 15
67 -3 9
68 -10 -2
73 8 -4
77 0 2
78 -3 9
85 7 1
87 2 -9
88 7 -1
3 -12 -7
6 0 2
13 13 9
22 -8 -9
31 -13 2
35 -13 -1
37 -10 -1
40 -13 2
42 3 11
56 13 15
57 7 1
63 8 15
67 -3 9
68 -10 -2
73 8 15
77 0 2
78 -4 8
85 7 1
87 2 -9
88 7 -1
6 2 -4
13 13 9
22 -5 -8
25 -7 -2
31 -10 -2
37 -10 -1
42 3 11
56 13 15
57 7 1
63 13 15
67 -3 9
68 -10 -2
73 13 15
77 0 2
78 -4 8
85 7 1
87 13 15
88 7 -1
6 -1 4
13 13 9
22 2 -9
31 -10 -1
37 -8 -3
42 3 11
56 -14 7
57 7 1
63 13 15
68 -10 -2
73 7 6
77 0 2
78 -3 9
85 7 1
87 8 -4
88 7 -1
6 -1 4
22 -3 -5
31 -8 -3
37 -8 -3
42 3 11
56 13 15
57 7 1
59 7 6
63 8 15
68 -10 -2
73 7 6
77 0 2
78 0 11
85 7 1
87 0 11
88 7 -1
6 -1 4
22 2 -9
31 -8 -3
37 -10 -5
42 0 11
56 -14 7
57 7 1
59 7 6
63 3 11
68 -10 -2
73 7 6
77 0 2
78 -3 9
85 7 1
87 -13 2
6 -1 4
22 2 -9
29 1 7
31 -8 -3
37 -8 -3
42 13 15
56 -14 7
63 13 15
67 -3 9
68 -10 -2
73 7 6
77 0 2
78 -3 9
85 7 1
87 -6 -9
6 -1 4
22 2 -9
29 1 7
31 -8 -3
37 -8 -3
42 13 15
56 -14 7
63 16 15
68 -10 -2
73 7 6
78 -4 8
85 7 1
87 8 15
6 -1 4
22 2 -9
31 -10 -1
37 -8 -3
42 11 10
56 -14 7
63 0 11
68 -10 -2
73 7 6
78 -4 8
85 7 1
87 7 -10
6 -1 4
22 2 -9
31 -10 5
37 -8 -3
42 8 15
56 -14 7
63 0 11
68 -10 -2
73 3 11
78 -4 8
85 8 -4
87 8 15
4 11 10
6 -1 4
22 2 -9
31 -8 -3
37 -10 -5
42 11 10
56 -14 7
63 0 11
68 -10 -2
73 3 11
78 -4 8
85 8 -4
87 12 -9
22 2 -9
31 -8 -3
37 -10 -1
42 2 14
56 -14 7
63 0 11
73 8 15
85 8 -4
87 12 -9
22 2 -9
31 -8 -3
37 -10 -1
42 3 11
56 -14 7
63 0 11
73 8 15
87 8 15
22 2 -9
31 -8 -3
37 -10 -1
42 11 14
56 -13 10
63 0 11
73 2 10
87 13 15
22 2 -9
31 -8 -3
37 -10 -1
42 3 11
56 -14 7
63 0 11
73 9 9
87 13 15
22 2 -9
31 -8 -3
37 -10 -1
42 2 14
56 -14 7
63 0 11
73 2 10
87 -14 7
22 2 -9
37 -10 -1
42 13 15
56 -15 14
63 0 11
73 13 15
85 8 -4
87 7 -10
22 2 -9
42 3 15
56 -15 14
63 0 11
73 7 6
87 -13 2
22 2 -9
42 3 11
56 -15 14
63 0 11
73 7 6
87 14 -4
42 2 14
56 16 6
63 0 11
73 7 6
87 12 -13
42 10 9
56 -13 10
63 0 11
73 7 -1
87 12 -9
42 0 11
56 12 7
63 0 11
73 -14 7
87 12 -13
42 3 15
56 12 7
63 0 11
73 -14 7
87 12 -13
42 9 9
56 16 15
63 0 11
73 -14 7
87 12 -13
4 11 10
17 9 9
42 9 9
56 16 15
63 0 11
73 -14 7
87 10 15
42 10 15
56 13 10
63 0 11
87 12 -6
42 10 15
56 13 15
63 0 11
87 2 -11
42 10 9
56 13 15
63 0 11
87 2 -11
42 8 15
56 13 15
63 0 11
87 4 -10
42 8 15
56 13 15
87 2 -11
42 3 11
56 13 15
87 -14 -8
42 3 11
56 13 15
87 5 -13
42 3 11
56 13 15
87 9 0
42 3 11
56 13 15
87 9 0
42 3 11
87 12 3
42 3 11
56 13 15
87 14 -4
42 3 11
87 9 0
42 3 11
87 8 15
87 -6 -9
46 -6 -9
87 -6 -9
87 -6 -9
87 -6 -9
87 -8 -9
87 0 -10
87 5 -8
87 5 -8
87 5 -8
87 -3 -5
87 -3 -5
87 -3 -5
87 7 -10
87 -12 -7
87 -2 -11
87 5 -8
87 -6 -14
87 -6 -14
87 8 15
87 8 15
87 8 15
87 8 15
87 8 15
-1 -1 -1
72
92
94
44
68
90
13
48
55
10
67
3
21
61
41
57
19
73
74
54
40
86
93
0
11
28
5
23
56
1
17
30
87
64
69
45
31
37
70
96
47
34
91
35
36
50
26
58
18
46
33
52
98
89
14
15
59
81
12
80
84
60
16
6
85
82
65
20
38
27
29
32
63
49
4
78
42
7
22
8
25
53
39
43
71
75
24
76
77
2
95
51
83
62
88
9
79
97
66
