0 21 42 63 84 105 125 146 167 188 209 230 250 271 292 271 250 230 209 188 167 146 125 105 84 63 42 21 0 0 0 0 0 0 0 0 0 0 0 0 0 0 0 0 0 0 0 0 
21 42 63 84 105 125 146 167 188 209 230 250 271 292 313 292 271 250 230 209 188 167 146 125 105 84 63 42 21 0 0 0 0 0 0 0 0 0 0 0 0 0 0 0 0 0 0 0 
42 63 84 105 125 146 167 188 209 230 250 271 292 313 334 313 292 271 250 230 209 188 167 146 125 105 84 63 42 21 0 0 0 0 0 0 0 0 0 0 0 0 0 0 0 0 0 21 
63 84 105 125 146 167 188 209 230 250 271 292 313 334 355 334 313 292 271 250 230 209 188 167 146 125 105 84 63 42 21 0 0 0 0 0 0 0 0 0 0 0 0 0 0 0 21 42 
84 105 125 146 167 188 209 230 250 271 292 313 334 355 375 355 334 313 292 271 250 230 209 188 167 146 125 105 84 63 42 21 0 0 0 0 0 0 0 0 0 0 0 0 0 21 42 63 
105 125 146 167 188 209 230 250 271 292 313 334 355 375 396 375 355 334 313 292 271 250 230 209 188 167 146 125 105 84 63 42 21 0 0 0 0 0 0 0 0 0 0 0 21 42 63 84 
125 146 167 188 209 230 250 271 292 313 334 355 375 396 417 396 375 355 334 313 292 271 250 230 209 188 167 146 125 105 84 63 42 21 0 0 0 0 0 0 0 0 0 21 42 63 84 105 
146 167 188 209 230 250 271 292 313 334 355 375 396 417 438 417 396 375 355 334 313 292 271 250 230 209 188 167 146 125 105 84 63 42 21 0 0 0 0 0 0 0 21 42 63 84 105 125 
167 188 209 230 250 271 292 313 334 355 375 396 417 438 459 438 417 396 375 355 334 313 292 271 250 230 209 188 167 146 125 105 84 63 42 21 0 0 0 0 0 21 42 63 84 105 125 146 
188 209 230 250 271 292 313 334 355 375 396 417 438 459 480 459 438 417 396 375 355 334 313 292 271 250 230 209 188 167 146 125 105 84 63 42 21 0 0 0 21 42 63 84 105 125 146 167 
209 230 250 271 292 313 334 355 375 396 417 438 459 480 500 480 459 438 417 396 375 355 334 313 292 271 250 230 209 188 167 146 125 105 84 63 42 21 0 21 42 63 84 105 125 146 167 188 
230 250 271 292 313 334 355 375 396 417 438 459 480 500 1000 500 480 459 438 417 396 375 355 334 313 292 271 250 230 209 188 167 146 125 105 84 63 42 21 42 63 84 105 125 146 167 188 209 
209 230 250 271 292 313 334 355 375 396 417 438 459 480 500 480 459 438 417 396 375 355 334 313 292 271 250 230 209 188 167 146 125 105 84 63 42 21 0 21 42 63 84 105 125 146 167 188 
188 209 230 250 271 292 313 334 355 375 396 417 438 459 480 459 438 417 396 375 355 334 313 292 271 250 230 209 188 167 146 125 105 84 63 42 21 0 0 0 21 42 63 84 105 125 146 167 
167 188 209 230 250 271 292 313 334 355 375 396 417 438 459 438 417 396 375 355 334 313 292 271 250 230 209 188 167 146 125 105 84 63 42 21 0 0 0 0 0 21 42 63 84 105 125 146 
146 167 188 209 230 250 271 292 313 334 355 375 396 417 438 417 396 375 355 334 313 292 271 250 230 209 188 167 146 125 105 84 63 42 21 0 0 0 0 0 0 0 21 42 63 84 105 125 
125 146 167 188 209 230 250 271 292 313 334 355 375 396 417 396 375 355 334 313 292 271 250 230 209 188 167 146 125 105 84 63 42 21 0 0 0 0 0 0 0 0 0 21 42 63 84 105 
105 125 146 167 188 209 230 250 271 292 313 334 355 375 396 375 355 334 313 292 271 250 230 209 188 167 146 125 105 84 63 42 21 0 0 0 0 0 0 0 0 0 0 0 21 42 63 84 
84 105 125 146 167 188 209 230 250 271 292 313 334 355 375 355 334 313 292 271 250 230 209 188 167 146 125 105 84 63 42 21 0 0 0 0 0 0 0 0 0 0 0 0 0 21 42 63 
63 84 105 125 146 167 188 209 230 250 271 292 313 334 355 334 313 292 271 250 230 209 188 167 146 125 105 84 63 42 21 0 0 0 0 0 0 0 0 0 0 0 0 0 0 0 21 42 
42 63 84 105 125 146 167 188 209 230 250 271 292 313 334 313 292 271 250 230 209 188 167 146 125 105 84 63 42 21 0 0 0 0 0 0 0 0 0 0 0 0 0 0 0 0 0 21 
21 42 63 84 105 125 146 167 188 209 230 250 271 292 313 292 271 250 230 209 188 167 146 125 105 84 63 42 21 0 0 0 0 0 0 0 0 0 0 0 0 0 0 0 0 0 0 0 
0 21 42 63 84 105 125 146 167 188 209 230 250 271 292 271 250 230 209 188 167 146 125 105 84 63 42 21 0 0 0 0 0 0 0 0 0 0 0 0 0 0 0 0 0 0 0 0 
0 0 21 42 63 84 105 125 146 167 188 209 230 250 271 250 230 209 188 167 146 125 105 84 63 42 21 0 0 0 0 0 0 0 0 0 0 0 0 0 0 0 0 0 0 0 0 0 
0 0 0 21 42 63 84 105 125 146 167 188 209 230 250 230 209 188 167 146 125 105 84 63 42 21 0 0 0 0 0 0 0 0 0 0 0 0 0 0 0 0 0 0 0 0 0 0 
0 0 0 0 21 42 63 84 105 125 146 167 188 209 230 209 188 167 146 125 105 84 63 42 21 0 0 0 0 0 0 0 0 0 0 0 0 0 0 0 0 0 0 0 0 0 0 0 
0 0 0 0 0 21 42 63 84 105 125 146 167 188 209 188 167 146 125 105 84 63 42 21 0 0 0 0 0 0 0 0 0 0 0 0 0 0 0 0 0 0 0 0 0 0 0 0 
0 0 0 0 0 0 21 42 63 84 105 125 146 167 188 167 146 125 105 84 63 42 21 0 0 0 0 0 0 0 0 0 0 0 0 0 0 0 0 0 0 0 0 0 0 0 0 0 
0 0 0 0 0 0 0 21 42 63 84 105 125 146 167 146 125 105 84 63 42 21 0 0 0 0 0 0 0 0 0 0 0 0 0 0 0 0 0 0 0 0 0 0 0 0 0 0 
0 0 0 0 0 0 0 0 21 42 63 84 105 125 146 125 105 84 63 42 21 0 0 0 0 0 0 0 0 0 0 0 0 0 0 0 0 0 0 0 0 0 0 0 0 0 0 0 
0 0 0 0 0 0 0 0 0 21 42 63 84 105 125 105 84 63 42 21 0 0 0 0 0 0 0 0 0 0 0 0 0 0 0 0 0 0 0 0 0 0 0 0 0 0 0 0 
0 0 0 0 0 0 0 0 0 0 21 42 63 84 105 84 63 42 21 0 0 0 0 0 0 0 0 0 0 0 0 0 0 0 0 0 0 0 0 0 0 0 0 0 0 0 0 0 
0 0 0 0 0 0 0 0 0 0 0 21 42 63 84 63 42 21 0 0 0 0 0 0 0 0 0 0 0 0 0 0 0 0 0 0 0 0 0 0 0 0 0 0 0 0 0 0 
0 0 0 0 0 0 0 0 0 0 0 0 21 42 63 42 21 0 0 0 0 0 0 0 0 0 0 0 0 0 0 0 0 0 0 0 0 0 0 0 0 0 0 0 0 0 0 0 
0 0 0 0 0 0 0 0 0 0 0 0 0 21 42 21 0 0 0 0 0 0 0 0 0 0 0 0 0 0 0 0 0 0 0 0 0 0 0 0 0 0 0 0 0 0 0 0 
0 0 0 0 0 0 0 0 0 0 0 0 0 0 21 0 0 0 0 0 0 0 0 0 0 0 0 0 0 0 0 0 0 0 0 0 0 0 0 0 0 0 0 0 0 0 0 0 
0 0 0 0 0 0 0 0 0 0 0 0 0 21 42 21 0 0 0 0 0 0 0 0 0 0 0 0 0 0 0 0 0 0 0 0 0 0 0 0 0 0 0 0 0 0 0 0 
0 0 0 0 0 0 0 0 0 0 0 0 21 42 63 42 21 0 0 0 0 0 0 0 0 0 0 0 0 0 0 0 0 0 0 0 0 0 0 0 0 0 0 0 0 0 0 0 
0 0 0 0 0 0 0 0 0 0 0 21 42 63 84 63 42 21 0 0 0 0 0 0 0 0 0 0 0 0 0 0 0 0 0 0 0 0 0 0 0 0 0 0 0 0 0 0 
0 0 0 0 0 0 0 0 0 0 21 42 63 84 105 84 63 42 21 0 0 0 0 0 0 0 0 0 0 0 0 0 0 0 0 0 0 0 0 0 0 0 0 0 0 0 0 0 
0 0 0 0 0 0 0 0 0 21 42 63 84 105 125 105 84 63 42 21 0 0 0 0 0 0 0 0 0 0 0 0 0 0 0 0 0 0 0 0 0 0 0 0 0 0 0 0 
0 0 0 0 0 0 0 0 21 42 63 84 105 125 146 125 105 84 63 42 21 0 0 0 0 0 0 0 0 0 0 0 0 0 0 0 0 0 0 0 0 0 0 0 0 0 0 0 
0 0 0 0 0 0 0 21 42 63 84 105 125 146 167 146 125 105 84 63 42 21 0 0 0 0 0 0 0 0 0 0 0 0 0 0 0 0 0 0 0 0 0 0 0 0 0 0 
0 0 0 0 0 0 21 42 63 84 105 125 146 167 188 167 146 125 105 84 63 42 21 0 0 0 0 0 0 0 0 0 0 0 0 0 0 0 0 0 0 0 0 0 0 0 0 0 
0 0 0 0 0 21 42 63 84 105 125 146 167 188 209 188 167 146 125 105 84 63 42 21 0 0 0 0 0 0 0 0 0 0 0 0 0 0 0 0 0 0 0 0 0 0 0 0 
0 0 0 0 21 42 63 84 105 125 146 167 188 209 230 209 188 167 146 125 105 84 63 42 21 0 0 0 0 0 0 0 0 0 0 0 0 0 0 0 0 0 0 0 0 0 0 0 
0 0 0 21 42 63 84 105 125 146 167 188 209 230 250 230 209 188 167 146 125 105 84 63 42 21 0 0 0 0 0 0 0 0 0 0 0 0 0 0 0 0 0 0 0 0 0 0 
0 0 21 42 63 84 105 125 146 167 188 209 230 250 271 250 230 209 188 167 146 125 105 84 63 42 21 0 0 0 0 0 0 0 0 0 0 0 0 0 0 0 0 0 0 0 0 0 
0 0 1
1 0 1
2 0 1
3 0 1
4 0 1
4 0 1
4 0 1
5 0 1
5 0 1
6 0 1
7 0 1
8 0 1
8 0 1
9 0 1
10 0 1
11 0 1
12 0 1
13 0 1
14 0 1
15 0 1
15 0 1
16 0 1
17 0 1
18 0 1
19 0 1
19 0 1
20 0 1
21 0 1
21 0 1
22 0 1
22 0 1
22 0 1
22 0 1
23 0 1
24 0 1
25 0 1
25 0 1
26 0 1
26 0 1
27 0 1
28 0 1
29 0 1
30 0 1
31 0 1
32 0 1
33 0 1
34 0 1
35 0 1
36 0 1
37 0 1
38 0 1
39 0 1
39 0 1
39 0 1
39 0 1
39 0 1
39 0 1
39 0 1
39 0 1
39 0 1
39 0 1
39 0 1
39 0 1
39 0 1
39 0 1
39 0 1
39 0 1
39 0 1
40 0 1
41 0 1
41 0 1
41 0 1
41 0 1
41 0 1
41 0 1
42 0 1
42 0 1
42 0 1
42 0 1
42 0 1
43 0 1
44 0 1
45 0 1
46 0 1
47 0 1
48 0 1
49 0 1
49 0 1
49 0 1
49 0 1
49 0 1
49 0 1
49 0 1
49 0 1
49 0 1
49 0 1
49 0 1
49 0 1
49 0 1
49 0 1
50 0 1
50 0 1
50 0 1
51 0 1
52 0 1
53 0 1
54 0 1
55 0 1
56 0 1
57 0 1
57 0 1
57 0 1
58 0 1
58 0 1
59 0 1
60 0 1
61 0 1
62 0 1
63 0 1
64 0 1
64 0 1
64 0 1
64 0 1
64 0 1
64 0 1
64 0 1
64 0 1
39 0 -1
39 0 -1
49 0 -1
39 0 -1
49 0 -1
49 0 -1
41 0 -1
39 0 -1
42 0 -1
64 0 -1
64 0 -1
64 0 -1
64 0 -1
64 0 -1
64 0 -1
64 0 -1
64 0 -1
64 0 -1
22 0 -1
42 0 -1
39 0 -1
39 0 -1
50 0 -1
8 0 -1
22 0 -1
25 0 -1
15 0 -1
15 0 -1
15 0 -1
15 0 -1
4 0 -1
5 0 -1
17 0 -1
64 0 -1
39 0 -1
36 0 -1
36 0 -1
36 0 -1
43 0 -1
50 0 -1
0 0 -1
55 0 -1
13 0 -1
13 0 -1
36 0 -1
36 0 -1
36 0 -1
36 0 -1
36 0 -1
50 0 -1
50 0 -1
65 0 -1
66 0 -1
66 0 -1
67 0 -1
68 0 -1
69 0 -1
70 0 -1
71 0 -1
71 0 -1
72 0 -1
73 0 -1
74 0 -1
74 0 -1
75 0 -1
76 0 -1
76 0 -1
76 0 -1
77 0 -1
78 0 -1
78 0 -1
78 0 -1
79 0 -1
80 0 -1
81 0 -1
82 0 -1
82 0 -1
82 0 -1
83 0 -1
36 0 -1
21 0 -1
52 0 -1
21 0 -1
1 0 -1
16 0 -1
19 0 -1
74 0 -1
10 0 -1
57 0 -1
57 0 -1
32 0 -1
32 0 -1
32 0 -1
32 0 -1
32 0 -1
32 0 -1
32 0 -1
32 0 -1
32 0 -1
32 0 -1
32 0 -1
32 0 -1
32 0 -1
10 0 -1
7 0 -1
31 0 -1
24 0 -1
24 0 -1
57 0 -1
48 0 -1
38 0 -1
29 0 -1
26 0 -1
25 0 -1
25 0 -1
63 0 -1
15 0 -1
15 0 -1
41 0 -1
29 0 -1
34 0 -1
34 0 -1
33 0 -1
16 0 -1
22 0 -1
22 0 -1
22 0 -1
46 0 -1
2 0 -1
9 0 -1
72 0 -1
44 0 -1
58 0 -1
45 0 -1
78 0 -1
60 0 -1
82 0 -1
82 0 -1
82 0 -1
83 0 -1
7 0 -1
69 0 -1
70 0 -1
59 0 -1
62 0 -1
62 0 -1
62 0 -1
16 0 -1
76 0 -1
76 0 -1
26 0 -1
25 0 -1
25 0 -1
37 0 -1
30 0 -1
30 0 -1
30 0 -1
39 0 -1
6 0 -1
35 0 -1
82 0 -1
36 0 -1
40 0 -1
61 0 -1
11 0 -1
51 0 -1
20 0 -1
3 0 -1
53 0 -1
53 0 -1
54 0 -1
74 0 -1
9 0 -1
27 0 -1
23 0 -1
23 0 -1
23 0 -1
75 0 -1
60 0 -1
52 0 -1
46 0 -1
46 0 -1
32 0 -1
82 0 -1
82 0 -1
5 0 -1
22 0 -1
22 0 -1
20 0 -1
48 0 -1
48 0 -1
48 0 -1
48 0 -1
48 0 -1
48 0 -1
39 1 -1
39 1 -1
39 1 -1
39 1 -1
39 1 -1
39 1 -1
39 1 -1
39 1 -1
32 1 -1
36 1 -1
36 1 -1
36 1 -1
36 1 -1
36 1 -1
36 1 -1
36 1 -1
49 1 -1
39 1 -1
82 1 -1
82 1 -1
82 1 -1
82 1 -1
82 1 -1
82 1 -1
15 1 -1
15 1 -1
15 1 -1
15 1 -1
64 1 -1
64 1 -1
64 1 -1
64 1 -1
64 1 -1
64 1 -1
48 1 -1
48 1 -1
48 1 -1
48 1 -1
48 1 -1
48 1 -1
48 1 -1
49 1 -1
64 1 -1
25 1 -1
42 1 -1
22 1 -1
48 1 -1
48 1 -1
50 1 -1
48 1 -1
22 1 -1
22 1 -1
39 1 -1
74 1 -1
16 1 -1
16 1 -1
82 1 -1
82 1 -1
49 1 -1
42 1 -1
41 1 -1
41 1 -1
76 1 -1
29 1 -1
32 1 -1
4 1 -1
57 1 -1
72 1 -1
72 1 -1
36 1 -1
71 1 -1
77 1 -1
34 1 -1
34 1 -1
34 1 -1
15 1 -1
15 1 -1
4 1 -1
4 1 -1
19 1 -1
50 1 -1
17 1 -1
17 1 -1
17 1 -1
17 1 -1
21 1 -1
5 1 -1
25 1 -1
25 1 -1
73 1 -1
13 1 -1
25 1 -1
39 1 -1
26 1 -1
68 1 -1
24 1 -1
24 1 -1
52 1 -1
52 1 -1
15 1 -1
15 1 -1
15 1 -1
15 1 -1
60 1 -1
4 1 -1
24 1 -1
43 1 -1
23 1 -1
16 1 -1
38 1 -1
30 1 -1
5 1 -1
69 1 -1
81 1 -1
67 1 -1
67 1 -1
67 1 -1
67 1 -1
44 1 -1
40 1 -1
11 1 -1
11 1 -1
78 1 -1
78 1 -1
78 1 -1
78 1 -1
78 1 -1
70 1 -1
70 1 -1
70 1 -1
70 1 -1
70 1 -1
31 1 -1
45 1 -1
58 1 -1
58 1 -1
26 1 -1
26 1 -1
26 1 -1
26 1 -1
3 1 -1
6 1 -1
29 1 -1
55 1 -1
79 1 -1
59 1 -1
59 1 -1
59 1 -1
10 1 -1
10 1 -1
1 1 -1
46 1 -1
78 1 -1
78 1 -1
19 1 -1
66 1 -1
7 1 -1
62 1 -1
20 1 -1
20 1 -1
27 1 -1
5 1 -1
5 1 -1
61 1 -1
61 1 -1
76 1 -1
54 1 -1
67 1 -1
53 1 -1
83 1 -1
18 1 -1
49 1 -1
63 1 -1
12 1 -1
48 1 -1
38 1 -1
19 1 -1
19 1 -1
33 1 -1
23 1 -1
14 1 -1
71 1 -1
2 1 -1
83 1 -1
31 1 -1
35 1 -1
35 1 -1
35 1 -1
35 1 -1
35 1 -1
78 1 -1
56 1 -1
47 1 -1
65 1 -1
25 1 -1
25 1 -1
25 1 -1
25 1 -1
25 1 -1
25 1 -1
25 1 -1
25 1 -1
25 1 -1
25 1 -1
25 1 -1
25 1 -1
25 1 -1
25 1 -1
39 -3 -1
39 -3 -1
36 -3 -1
39 -3 -1
15 -3 -1
15 -3 -1
15 -3 -1
15 -3 -1
15 -3 -1
15 -3 -1
82 -3 -1
32 -3 -1
25 -3 -1
49 -3 -1
49 -3 -1
49 -3 -1
78 -3 -1
36 -3 -1
15 -3 -1
49 -3 -1
39 -3 -1
39 -3 -1
39 -3 -1
39 -3 -1
39 -3 -1
48 -3 -1
48 -3 -1
64 -3 -1
78 -3 -1
78 -3 -1
78 -3 -1
26 -3 -1
49 -3 -1
42 -3 -1
67 -3 -1
67 -3 -1
48 -3 -1
22 -3 -1
22 -3 -1
22 -3 -1
22 -3 -1
22 -3 -1
22 -3 -1
48 -3 -1
25 -3 -1
39 -3 -1
49 -3 -1
50 -3 -1
76 -3 -1
4 -3 -1
4 -3 -1
4 -3 -1
4 -3 -1
4 -3 -1
4 -3 -1
4 -3 -1
39 -1 5
49 -1 5
49 -1 5
49 -1 5
15 -1 5
36 -1 5
39 -1 5
36 -1 5
36 -1 5
36 -1 5
36 -1 5
36 -1 5
39 2 5
49 2 5
49 2 5
49 2 5
15 2 5
15 2 5
82 2 5
49 2 5
49 2 5
39 2 5
39 2 5
78 2 5
32 2 5
22 2 5
32 2 5
36 2 5
36 2 5
25 2 5
42 2 5
67 2 5
26 2 5
50 2 5
36 2 5
36 2 5
82 2 5
82 2 5
82 2 5
82 2 5
82 2 5
82 2 5
82 2 5
5 2 5
5 2 5
78 2 5
15 2 5
15 2 5
15 2 5
15 2 5
15 2 5
70 2 5
41 2 5
74 2 5
64 2 5
70 2 5
76 2 5
35 2 5
39 2 5
57 2 5
17 2 5
72 2 5
71 2 5
71 2 5
71 2 5
16 2 5
50 2 5
36 2 5
58 2 5
10 2 5
24 2 5
24 2 5
24 2 5
77 2 5
77 2 5
19 2 5
19 2 5
25 2 5
11 2 5
11 2 5
34 2 5
34 2 5
67 2 5
67 2 5
13 2 5
13 2 5
13 2 5
13 2 5
13 2 5
13 2 5
20 2 5
20 2 5
61 2 5
19 2 5
13 2 5
82 2 5
29 2 5
32 2 5
39 2 5
40 2 5
27 2 5
19 2 5
66 2 5
41 2 5
41 2 5
41 2 5
76 2 5
76 2 5
40 2 5
5 2 5
5 2 5
7 2 5
7 2 5
7 2 5
7 2 5
7 2 5
7 2 5
7 2 5
7 2 5
7 2 5
7 2 5
49 2 5
26 2 5
26 2 5
26 2 5
26 2 5
26 2 5
26 2 5
26 2 5
26 2 5
26 2 5
71 2 5
54 2 5
18 2 5
52 2 5
73 2 5
43 2 5
61 2 5
45 2 5
45 2 5
26 2 5
8 2 5
8 2 5
8 2 5
8 2 5
8 2 5
8 2 5
8 2 5
8 2 5
8 2 5
8 2 5
8 2 5
8 2 5
73 2 5
83 2 5
38 2 5
38 2 5
64 2 5
81 2 5
68 2 5
46 2 5
40 2 5
75 2 5
0 2 5
69 2 5
80 2 5
62 2 5
59 2 5
59 2 5
53 2 5
53 2 5
48 2 5
3 2 5
37 2 5
12 2 5
49 2 5
49 2 5
35 2 5
35 2 5
35 2 5
35 2 5
6 2 5
56 2 5
31 2 5
28 2 5
34 2 5
34 2 5
34 2 5
34 2 5
34 2 5
34 2 5
34 2 5
34 2 5
30 2 5
30 2 5
30 2 5
79 2 5
53 2 5
1 2 5
11 2 5
15 2 5
42 2 5
22 2 5
10 2 5
60 2 5
51 2 5
51 2 5
23 2 5
83 2 5
44 2 5
14 2 5
78 2 5
35 2 5
35 2 5
35 2 5
35 2 5
80 2 5
55 2 5
55 2 5
55 2 5
55 2 5
0 2 5
4 2 5
47 2 5
63 2 5
63 2 5
71 2 5
55 2 5
34 2 5
24 2 5
41 2 5
56 2 5
21 2 5
44 2 5
45 2 5
57 2 5
49 2 5
67 2 5
25 2 5
38 2 5
38 2 5
65 2 5
65 2 5
65 2 5
65 2 5
65 2 5
65 2 5
65 2 5
33 2 5
56 2 5
42 2 5
28 2 5
77 2 5
77 2 5
66 2 5
72 2 5
12 2 5
57 2 5
57 2 5
63 2 5
63 2 5
74 2 5
74 2 5
74 2 5
49 2 5
36 2 5
36 2 5
7 2 5
24 2 5
9 2 5
8 2 5
49 2 5
34 2 5
5 2 5
27 2 5
23 2 5
25 2 5
46 2 5
78 2 5
2 2 5
39 2 5
39 2 5
48 2 5
17 2 5
65 2 5
65 2 5
65 2 5
65 2 5
65 2 5
65 2 5
65 2 5
65 2 5
65 2 5
65 2 5
65 2 5
65 2 5
65 2 5
65 2 5
35 2 5
26 2 5
7 2 5
65 2 5
44 2 5
41 2 5
29 2 5
59 2 5
59 2 5
46 2 5
31 2 5
50 2 5
75 2 5
53 2 5
47 2 5
12 2 5
12 2 5
12 2 5
12 2 5
30 2 5
11 2 5
28 2 5
29 2 5
19 2 5
19 2 5
49 2 5
49 2 5
49 2 5
69 2 5
69 2 5
37 2 5
7 2 5
61 2 5
58 2 5
60 2 5
80 2 5
63 2 5
9 2 5
47 2 5
35 2 5
64 2 5
64 2 5
64 2 5
13 2 5
51 2 5
20 2 5
0 2 5
0 2 5
0 2 5
0 2 5
0 2 5
0 2 5
0 2 5
0 2 5
0 2 5
0 2 5
0 2 5
0 2 5
0 2 5
0 2 5
25 2 5
25 2 5
13 2 5
25 2 5
23 2 5
71 2 5
39 2 5
11 2 5
22 2 5
27 2 5
73 2 5
65 2 5
12 2 5
82 2 5
82 2 5
69 2 5
69 2 5
2 2 5
76 2 5
14 2 5
14 2 5
67 2 5
15 2 5
25 2 5
77 2 5
77 2 5
0 2 5
0 2 5
19 2 5
66 2 5
55 2 5
55 2 5
55 2 5
40 2 5
40 2 5
4 2 5
4 2 5
65 2 5
43 2 5
32 2 5
79 2 5
35 2 5
24 2 5
83 2 5
83 2 5
83 2 5
83 2 5
83 2 5
83 2 5
83 2 5
83 2 5
83 2 5
83 2 5
83 2 5
36 2 5
31 2 5
15 2 5
3 2 5
35 2 5
35 2 5
35 2 5
35 2 5
35 2 5
35 2 5
35 2 5
35 2 5
35 2 5
35 2 5
35 2 5
35 2 5
35 2 5
25 2 5
25 2 5
25 2 5
25 2 5
25 2 5
62 2 5
74 2 5
64 2 5
72 2 5
10 2 5
10 2 5
10 2 5
10 2 5
10 2 5
10 2 5
10 2 5
10 2 5
10 2 5
10 2 5
4 2 5
83 2 5
39 2 5
39 2 5
39 2 5
39 2 5
39 2 5
39 2 5
6 2 5
6 2 5
6 2 5
6 2 5
40 2 5
2 2 5
22 2 5
22 2 5
55 2 5
42 2 5
22 2 5
16 2 5
16 2 5
0 2 5
22 2 5
48 2 5
52 2 5
44 2 5
44 2 5
44 2 5
44 2 5
44 2 5
44 2 5
39 0 -7
39 0 -7
15 0 -7
82 0 -7
49 0 -7
22 0 -7
22 0 -7
22 0 -7
15 0 -7
26 0 -7
26 0 -7
26 0 -7
26 0 -7
26 0 -7
26 0 -7
32 0 -7
78 0 -7
22 0 -7
26 0 -7
26 0 -7
26 0 -7
82 0 -7
39 0 -7
22 0 -7
34 0 -7
35 0 -7
25 0 -7
25 0 -7
10 0 -7
82 0 -7
67 0 -7
67 0 -7
48 0 -7
49 0 -7
7 0 -7
0 0 -7
5 0 -7
42 0 -7
42 0 -7
83 0 -7
67 0 -7
67 0 -7
67 0 -7
67 0 -7
67 0 -7
64 0 -7
82 0 -7
32 0 -7
13 0 -7
8 0 -7
19 0 -7
71 0 -7
35 0 -7
35 0 -7
35 0 -7
35 0 -7
74 0 -7
74 0 -7
41 0 -7
77 0 -7
77 0 -7
77 0 -7
77 0 -7
77 0 -7
77 0 -7
34 0 -7
50 0 -7
24 0 -7
24 0 -7
5 0 -7
41 0 -7
57 0 -7
64 0 -7
10 0 -7
32 0 -7
76 0 -7
70 0 -7
11 0 -7
11 0 -7
11 0 -7
11 0 -7
11 0 -7
11 0 -7
11 0 -7
11 0 -7
11 0 -7
11 0 -7
11 0 -7
11 0 -7
67 0 -7
67 0 -7
67 0 -7
65 0 -7
39 0 -7
64 0 -7
16 0 -7
16 0 -7
16 0 -7
22 0 -7
48 0 -7
17 0 -7
17 0 -7
50 0 -7
4 0 -7
11 0 -7
58 0 -7
27 0 -7
27 0 -7
27 0 -7
27 0 -7
27 0 -7
27 0 -7
27 0 -7
39 -6 2
39 -6 2
39 -6 2
49 -6 2
49 -6 2
49 -6 2
49 -6 2
49 -6 2
15 -6 2
15 -6 2
49 -6 2
15 -6 2
82 -6 2
22 -6 2
22 -6 2
22 -6 2
35 -6 2
35 -6 2
35 -6 2
35 -6 2
26 -6 2
26 -6 2
67 -6 2
34 -6 2
10 -6 2
26 -6 2
78 -6 2
78 -6 2
83 -6 2
77 -6 2
0 -6 2
35 -6 2
49 -6 2
32 -6 2
39 -6 2
65 -6 2
5 -6 2
4 -6 2
41 -6 2
11 -6 2
67 -6 2
7 -6 2
7 -6 2
7 -6 2
7 -6 2
15 -6 2
36 -6 2
5 -6 2
42 -6 2
35 -6 2
35 -6 2
13 -6 2
71 -6 2
8 -6 2
24 -6 2
24 -6 2
50 -6 2
50 -6 2
50 -6 2
64 -6 2
11 -6 2
19 -6 2
74 -6 2
35 -6 2
16 -6 2
83 -6 2
25 -6 2
0 -6 2
17 -6 2
17 -6 2
57 -6 2
48 -6 2
15 -6 2
69 -6 2
76 -6 2
76 -6 2
70 -6 2
39 -6 2
55 -6 2
78 -6 2
34 -6 2
58 -6 2
58 -6 2
58 -6 2
77 -6 2
12 -6 2
16 -6 2
10 -6 2
44 -6 2
59 -6 2
29 -6 2
40 -6 2
40 -6 2
40 -6 2
20 -6 2
72 -6 2
72 -6 2
61 -6 2
38 -6 2
53 -6 2
53 -6 2
53 -6 2
53 -6 2
8 -6 2
36 -6 2
6 -6 2
64 -6 2
66 -6 2
59 -6 2
59 -6 2
59 -6 2
59 -6 2
49 -6 2
31 -6 2
80 -6 2
25 -6 2
45 -6 2
73 -6 2
26 -6 2
46 -6 2
35 -6 2
56 -6 2
63 -6 2
75 -6 2
81 -6 2
39 -6 2
14 -6 2
23 -6 2
10 -6 2
47 -6 2
47 -6 2
47 -6 2
23 -6 2
23 -6 2
23 -6 2
23 -6 2
23 -6 2
54 -6 2
54 -6 2
30 -6 2
26 -6 2
22 -6 2
62 -6 2
17 -6 2
17 -6 2
17 -6 2
17 -6 2
17 -6 2
17 -6 2
17 -6 2
10 -6 2
52 -6 2
51 -6 2
43 -6 2
79 -6 2
59 -6 2
78 -6 2
78 -6 2
18 -6 2
4 -6 2
68 -6 2
13 -6 2
21 -6 2
21 -6 2
21 -6 2
21 -6 2
76 -6 2
56 -6 2
56 -6 2
28 -6 2
60 -6 2
60 -6 2
60 -6 2
35 -6 2
2 -6 2
38 -6 2
34 -6 2
77 -6 2
54 -6 2
54 -6 2
47 -6 2
6 -6 2
1 -6 2
37 -6 2
25 -6 2
25 -6 2
74 -6 2
4 -6 2
25 -6 2
79 -6 2
3 -6 2
48 -6 2
48 -6 2
48 -6 2
72 -6 2
63 -6 2
63 -6 2
63 -6 2
35 -6 2
3 -6 2
63 -6 2
63 -6 2
43 -6 2
43 -6 2
43 -6 2
57 -6 2
60 -6 2
60 -6 2
23 -6 2
23 -6 2
23 -6 2
23 -6 2
23 -6 2
23 -6 2
23 -6 2
23 -6 2
54 -6 2
23 -6 2
5 -6 2
11 -6 2
33 -6 2
33 -6 2
33 -6 2
39 -6 2
41 -6 2
9 -6 2
82 -6 2
82 -6 2
49 -6 2
49 -6 2
49 -6 2
3 -6 2
3 -6 2
7 -6 2
67 -6 2
67 -6 2
67 -6 2
14 -6 2
64 -6 2
64 -6 2
64 -6 2
64 -6 2
64 -6 2
31 -6 2
39 -6 2
62 -6 2
62 -6 2
62 -6 2
62 -6 2
62 -6 2
62 -6 2
80 -6 2
23 -6 2
64 -6 2
35 -6 2
38 -6 2
15 -6 2
15 -6 2
15 -6 2
15 -6 2
15 -6 2
15 -6 2
15 -6 2
15 -6 2
70 -6 2
70 -6 2
71 -6 2
78 -6 2
16 -6 2
16 -6 2
16 -6 2
16 -6 2
16 -6 2
61 -6 2
36 -6 2
28 -6 2
76 -6 2
26 -6 2
42 -6 2
74 -6 2
21 -6 2
62 -6 2
15 -6 2
69 -6 2
40 -6 2
73 -6 2
52 -6 2
19 -6 2
15 -6 2
15 -6 2
15 -6 2
15 -6 2
15 -6 2
15 -6 2
68 -6 2
14 -6 2
14 -6 2
14 -6 2
14 -6 2
14 -6 2
14 -6 2
14 -6 2
14 -6 2
14 -6 2
14 -6 2
14 -6 2
39 9 0
82 9 0
26 9 0
26 9 0
26 9 0
49 9 0
35 9 0
22 9 0
67 9 0
78 9 0
82 9 0
82 9 0
82 9 0
82 9 0
34 9 0
82 9 0
15 9 0
49 9 0
10 9 0
10 9 0
26 9 0
32 9 0
83 9 0
32 9 0
0 9 0
5 9 0
49 9 0
49 9 0
7 9 0
77 9 0
77 9 0
49 9 0
11 9 0
11 9 0
11 9 0
11 9 0
11 9 0
11 9 0
34 9 0
34 9 0
26 9 0
25 9 0
16 9 0
17 9 0
42 9 0
65 9 0
65 9 0
65 9 0
65 9 0
65 9 0
65 9 0
41 9 0
8 9 0
24 9 0
24 9 0
50 9 0
71 9 0
71 9 0
71 9 0
71 9 0
74 9 0
13 9 0
34 9 0
76 9 0
24 9 0
24 9 0
24 9 0
24 9 0
59 9 0
19 9 0
65 9 0
16 9 0
23 9 0
23 9 0
23 9 0
23 9 0
23 9 0
23 9 0
23 9 0
35 -4 5
35 -4 5
35 -4 5
35 -4 5
49 -4 5
35 -4 5
35 -4 5
35 -4 5
35 -4 5
35 -4 5
35 -4 5
35 -4 5
11 1 -9
11 1 -9
26 1 -9
39 1 -9
67 1 -9
82 1 -9
22 1 -9
22 1 -9
77 1 -9
77 1 -9
27 1 -9
27 1 -9
27 1 -9
27 1 -9
27 1 -9
27 1 -9
27 1 -9
27 1 -9
39 -3 7
39 -3 7
39 -3 7
1 9 24
2 12 15
3 -23 1
5 -1 -11
6 12 15
7 -4 12
8 3 18
9 -23 1
10 3 18
11 8 -5
12 12 15
13 3 18
15 -10 -3
16 -8 -8
17 -10 -3
18 19 -4
19 3 18
20 19 -4
21 -23 1
22 -1 -11
24 11 -5
26 8 -5
27 1 -9
28 -14 17
29 -16 21
30 -16 21
31 -16 21
32 -1 -11
33 -23 1
34 5 10
37 -16 21
38 -16 -16
40 22 -2
41 0 21
42 0 -21
43 -23 1
45 -16 -16
46 23 12
47 -13 12
49 10 2
50 -16 -3
51 23 12
52 -23 1
53 -12 11
54 -23 1
55 12 13
56 -13 12
57 17 -4
58 8 -15
59 -12 11
60 -23 1
61 22 -2
62 -16 0
63 -12 11
65 13 6
66 23 12
67 -1 -11
68 23 12
69 12 13
70 17 -4
71 16 4
72 -23 1
73 -21 -11
74 -2 17
75 -21 -11
76 0 -21
77 -1 -11
78 -10 -3
79 -23 1
80 -21 -11
81 -21 -11
82 10 4
83 3 18
0 3 18
1 9 24
2 12 13
3 -23 1
5 0 -21
6 12 13
7 3 18
8 13 6
9 -23 1
10 13 6
11 8 -5
12 22 5
13 3 18
15 -13 0
16 -8 -8
17 -8 -8
18 19 -4
19 3 18
20 17 -4
21 -23 1
22 -10 -3
24 11 -5
26 -1 -11
27 1 -9
28 -23 1
29 -11 -21
30 18 -9
31 -16 21
32 17 -4
33 -14 17
34 13 6
37 -16 21
38 -23 1
40 -13 12
41 0 21
42 0 21
43 -13 12
44 2 5
45 -16 -16
46 20 18
47 -23 1
49 10 2
50 -16 -3
51 24 -3
52 -14 17
53 -23 1
54 -13 12
55 -12 11
56 -23 1
57 9 24
58 17 -4
59 -5 17
60 -13 12
61 8 -15
62 -16 0
63 -23 1
65 10 4
66 18 -9
67 -1 -11
68 23 12
69 0 22
70 8 -15
71 17 -4
72 22 -2
73 9 24
74 -16 0
75 9 24
76 17 -4
77 0 -21
78 -16 0
79 -23 1
80 9 24
81 -21 -11
82 5 10
83 3 18
0 13 6
1 8 -21
2 21 7
3 -23 1
5 -10 -3
6 12 15
7 13 6
8 6 14
9 9 24
10 -2 17
11 8 -5
12 18 -17
13 16 7
15 -4 11
16 -10 -3
17 -8 -8
18 22 -2
19 3 18
20 22 -2
21 -13 12
22 -9 -4
24 17 -4
26 11 -5
27 1 -9
28 9 24
29 -11 -21
30 9 24
31 -13 12
32 -13 0
33 -14 17
34 6 14
37 -16 21
38 9 24
40 9 24
41 0 22
42 -16 0
43 9 24
44 2 5
45 -17 -13
46 22 -2
47 -23 1
49 10 2
50 -16 -3
51 24 -3
52 9 24
53 0 -7
54 -12 11
55 0 22
56 22 -2
57 9 24
58 -4 -17
59 -8 -8
60 -12 11
61 -16 21
62 -23 1
63 -5 17
65 5 10
66 9 24
67 -1 -11
68 23 12
69 0 21
70 22 -2
71 17 -4
72 9 24
73 23 12
74 -16 0
75 8 -21
76 -16 0
77 0 -21
78 -13 0
79 -23 1
80 23 12
81 -21 -11
82 5 10
83 3 18
0 6 14
1 13 23
2 21 7
3 -23 1
5 -10 -3
6 12 15
7 13 6
8 17 5
9 18 -17
10 -4 12
11 8 -5
12 -16 21
13 0 21
15 -4 11
16 -9 -4
17 -13 0
18 17 -4
19 -2 17
20 20 -7
21 -13 12
22 11 -5
24 16 4
26 -10 -3
27 1 -9
28 18 -17
29 -11 -21
30 23 12
31 23 12
32 0 -21
33 9 24
34 16 4
37 -15 21
38 -13 12
40 9 24
41 0 22
42 17 -4
43 -8 -8
45 18 -17
46 21 7
47 18 -17
49 10 2
50 -16 -3
51 24 -3
52 18 -17
53 -8 -8
54 -12 11
55 0 21
56 24 -3
57 18 -17
58 -8 -8
59 -23 1
60 -5 17
61 -16 -16
62 -10 -3
63 12 15
65 5 10
66 18 -17
67 -1 -11
68 -23 1
69 -16 21
70 22 -2
71 11 -5
72 -16 0
73 20 18
74 -13 0
75 23 12
76 -16 0
77 8 -15
78 17 -4
79 -23 1
80 18 -9
81 -21 -11
82 -10 -3
83 3 18
0 5 10
1 13 23
2 13 23
3 24 -3
5 -13 0
6 13 23
7 13 6
8 16 7
9 -14 17
10 -4 11
12 0 -7
13 18 -17
15 -4 12
16 -13 0
17 -9 -4
18 -21 -11
19 -2 17
20 23 12
21 18 -9
22 -13 0
24 16 4
26 5 10
27 1 -9
28 18 -9
29 -11 -21
30 -12 -19
31 23 12
32 -10 -3
33 9 24
34 -4 11
37 -15 21
38 20 18
40 9 24
41 6 14
42 18 -17
43 -15 -13
45 23 12
46 21 7
47 -7 -20
49 10 2
50 -16 -3
51 22 -2
52 18 -17
53 18 -17
54 -12 11
55 0 21
56 24 -3
57 -21 -11
58 -8 -8
59 18 -17
60 18 -17
61 -12 -19
62 -13 12
63 9 24
65 5 10
66 -16 21
67 -1 -11
68 -22 9
69 -16 21
70 22 -2
71 11 -5
72 -10 -3
73 8 -21
74 17 -4
75 23 12
76 18 -17
77 0 22
78 -4 -17
79 -23 1
80 -12 -19
81 -19 -12
82 -10 -3
83 3 18
0 17 5
1 14 23
2 9 24
3 22 -2
5 -13 0
6 13 23
7 13 6
8 16 4
9 12 15
10 -4 11
12 9 24
13 18 -17
15 -4 12
16 -8 -8
17 -8 -8
18 23 12
19 -2 17
20 9 24
21 18 -17
22 -8 -8
24 10 4
26 -9 -4
27 1 -9
28 18 -9
29 -11 -21
30 20 18
31 23 12
32 0 -21
33 18 -17
34 -2 17
37 -15 21
38 18 -9
40 8 -21
41 6 14
42 -10 -3
43 -12 11
45 23 12
46 21 7
47 -12 11
49 10 2
50 -16 -3
51 -23 1
52 13 -15
53 12 15
54 -12 11
55 -21 -11
56 22 -2
57 23 12
58 -8 -8
59 19 -18
60 18 -17
61 -12 -19
62 -5 17
63 -13 12
65 5 10
66 -16 21
67 -1 -11
68 20 18
69 -12 -19
70 23 12
71 11 -5
72 -13 0
73 8 -21
74 17 -4
75 20 18
76 23 12
77 -10 -3
78 -4 -17
79 24 -3
80 -7 -20
81 -21 -7
82 10 2
83 3 18
0 16 4
1 18 -17
2 18 -17
3 -22 9
5 -13 0
6 13 23
8 16 7
9 8 -21
10 -4 11
12 8 -21
13 18 -17
15 -4 12
16 -16 0
17 -16 0
18 8 -21
19 -2 17
20 9 24
21 -21 -11
22 -4 11
24 17 5
26 -9 -4
27 1 -9
28 -21 -11
29 -11 -21
30 12 15
31 -22 9
32 -4 -17
33 18 -17
34 3 18
37 -15 21
38 8 -15
40 12 15
41 3 18
42 23 12
43 20 18
45 -22 9
46 21 7
47 -14 17
49 10 2
50 -16 -3
51 -23 1
52 13 -15
53 -5 17
54 -13 12
55 18 -17
56 -18 -6
57 12 15
58 -8 -8
59 20 18
60 19 -18
61 -15 -13
62 -22 9
63 -15 -13
65 5 10
66 -16 21
67 -1 -11
68 -22 9
69 -21 -11
70 -21 -11
71 11 -5
72 -21 -11
73 -14 17
74 17 -4
75 -14 17
76 -21 -11
77 17 -4
78 -4 -17
79 -22 9
80 -16 -16
81 18 -17
82 10 2
83 3 18
0 16 4
1 13 -15
2 3 18
3 -21 -11
5 -13 0
6 13 23
8 17 5
9 -7 -20
10 -2 17
12 3 18
13 18 -17
15 -4 12
16 -16 -3
17 -16 -3
18 18 -17
19 3 18
20 9 24
21 20 18
22 -4 11
24 19 -4
26 -1 -11
27 1 -9
28 20 -7
29 -11 -21
30 -22 9
31 -22 9
32 -4 -17
33 18 -17
34 -2 17
37 -15 21
38 -5 17
40 18 -17
41 18 -17
42 23 12
43 -5 17
45 21 7
46 -22 9
47 12 15
49 10 2
50 -16 0
51 -23 1
52 13 -15
53 8 -21
54 -14 17
55 18 -9
56 23 12
57 0 -21
58 -8 -8
59 20 18
60 -15 -8
61 -7 -20
62 18 -17
63 -15 -8
65 5 10
66 -14 17
67 -1 -11
68 -13 12
69 -14 17
70 -16 -3
71 11 -5
72 -16 -3
73 -14 18
74 19 -4
75 12 15
76 -21 -11
77 0 21
78 -1 -11
79 22 -2
80 -16 -16
81 -16 -16
82 10 2
83 6 14
0 16 4
1 8 -15
2 3 18
3 -21 -11
5 -13 0
6 13 23
8 10 12
9 13 -15
10 -12 11
12 3 18
13 19 -18
15 -4 12
16 -4 -17
17 -4 -17
18 18 -17
19 3 18
20 9 24
21 8 -21
22 -4 11
24 16 7
26 -1 -11
27 1 -9
28 20 -7
30 8 -21
31 20 18
32 0 -21
33 -16 -16
34 -4 11
38 -12 11
40 0 -21
41 -21 -11
42 23 12
43 8 -15
45 21 7
46 22 5
47 -15 -8
49 10 4
50 -10 -3
51 -23 1
52 8 -15
53 -13 12
54 -14 18
55 18 -9
56 21 7
57 3 18
58 -15 -8
59 21 24
60 8 -21
61 -14 17
62 18 -17
63 -16 -16
65 6 14
66 -16 -16
67 -1 -11
68 22 -2
69 3 18
70 -16 -3
71 11 -5
72 -18 -6
73 -14 18
74 18 -17
75 21 7
76 -21 -11
77 -8 -8
78 -2 17
79 22 -2
80 -16 21
81 18 -9
82 10 2
83 5 10
0 17 5
1 20 18
2 8 -21
3 -21 -11
8 5 10
9 13 -15
10 5 10
12 8 -15
13 19 -18
15 -4 12
16 0 -21
17 -8 -8
18 18 -17
19 0 21
20 9 24
21 -12 11
22 5 10
24 16 7
26 -8 -8
27 1 -9
28 13 -15
30 -14 17
31 -12 11
32 -2 17
33 -16 -16
34 0 21
38 -22 9
40 21 24
41 -21 -11
42 23 12
43 17 -4
45 20 18
46 19 -4
47 -18 -6
49 10 4
50 -10 -3
51 -23 1
52 8 -15
53 -13 12
54 -14 18
55 20 -7
56 18 -17
57 8 -15
58 -15 -8
59 12 15
60 -14 17
61 -13 12
62 18 -17
63 -8 -8
65 6 14
66 20 18
67 -1 -11
68 21 24
69 8 -21
70 -16 -3
72 -15 -8
73 -13 12
74 21 7
75 21 7
76 -21 -11
77 20 18
78 0 -21
79 22 -2
80 -14 17
81 18 -9
82 10 2
83 0 21
0 17 5
1 -21 -11
2 8 -21
3 -18 -6
8 8 14
9 8 -15
10 0 21
12 -21 -11
13 19 -18
15 -4 12
16 0 -21
17 0 -7
18 19 -18
19 -5 17
20 9 24
21 -7 -20
22 -2 17
24 16 7
26 -9 -4
27 1 -9
28 13 -15
30 20 18
31 -23 1
32 -2 17
33 -16 -16
34 3 18
38 -22 9
40 -21 -11
41 -21 -11
42 23 12
43 0 -7
45 -13 12
46 19 -4
47 -8 -8
49 10 4
50 -10 -3
51 -23 1
52 19 -18
53 -16 21
54 -14 18
55 3 18
56 17 -4
57 -7 -20
58 -15 -8
59 14 23
60 -14 17
61 -13 12
62 18 -17
63 0 -7
65 6 14
66 -7 -20
67 -1 -11
68 24 -3
69 21 7
70 -16 0
72 -8 -8
73 -12 11
74 -21 -11
75 12 13
76 -19 -12
77 20 18
78 -8 -8
79 22 -2
80 -15 -13
81 13 -15
83 -2 17
0 17 5
1 12 15
2 8 -21
3 -21 -7
8 22 5
9 19 -18
10 6 14
12 -7 -20
13 18 -17
15 -4 12
16 0 -21
17 0 -7
18 8 -15
19 -5 17
20 9 24
21 17 -4
22 -4 12
24 16 7
26 -4 -17
28 13 -15
30 21 7
31 12 13
32 0 21
33 -16 -16
34 8 14
38 -22 9
40 20 18
41 -21 -11
42 23 12
43 -7 -20
45 -22 9
46 19 -4
47 0 -7
49 10 4
50 -10 -3
51 -23 1
52 18 -9
53 -16 21
54 -14 18
55 3 18
56 18 -9
57 -12 -19
58 -9 -4
59 12 15
60 -14 17
61 -13 12
62 18 -17
63 -8 -8
65 6 14
66 -21 -11
68 21 7
69 22 5
70 -18 -6
72 -17 -10
73 -13 12
74 16 4
75 22 5
76 -21 -7
77 12 15
78 -5 17
79 22 -2
80 -17 -13
81 21 24
83 -2 17
0 17 5
1 -7 -20
2 8 -21
3 -19 -12
8 -12 11
9 14 23
10 8 14
12 12 13
13 19 -18
15 -4 12
16 0 -21
17 0 -7
18 -16 -16
19 -5 17
20 9 24
21 13 -15
22 -4 11
24 16 7
26 -9 -4
28 8 -15
30 -21 -11
31 21 24
32 -2 17
33 -15 -13
34 8 14
38 21 7
40 8 -15
41 -19 -12
42 23 12
43 -9 -4
45 -14 17
46 19 -4
47 -21 -11
49 10 4
50 -10 -3
51 -23 1
52 14 23
53 -16 21
54 -14 18
55 3 18
56 -7 -20
57 19 -4
58 -8 -8
59 14 23
60 -14 17
61 -14 18
62 18 -17
63 20 18
65 6 14
66 -13 12
68 21 7
69 20 18
70 19 -4
72 -9 -4
73 -7 -20
74 16 4
75 22 5
76 -21 -7
77 12 15
78 8 -15
79 22 -2
80 -17 -13
81 -23 1
83 -2 17
0 17 5
1 0 -21
2 8 -21
3 -17 -10
8 16 4
9 -21 -11
10 5 10
12 -12 11
13 19 -18
15 -4 12
16 0 -21
17 -9 -4
18 -17 -13
19 -5 17
21 21 7
22 -4 11
24 16 7
26 16 4
28 19 -18
30 -21 -11
31 -14 18
32 -8 -8
33 19 -18
34 8 14
38 -21 -11
40 13 -15
41 -21 -7
42 23 12
43 -16 0
45 -14 18
46 23 12
47 -9 -4
51 -23 1
52 14 23
53 -16 21
54 -12 11
55 3 18
56 19 -18
57 0 21
58 -17 -10
59 23 12
60 -14 17
61 -12 11
63 18 -9
66 17 -4
68 22 5
69 17 -4
70 -16 -16
72 -9 -4
73 -7 -20
74 -7 -20
75 19 -4
76 18 -9
77 12 15
78 8 -15
79 22 -2
80 -19 -12
81 24 -3
83 -2 17
0 17 5
1 -13 12
3 18 -9
8 12 13
9 18 -9
10 10 12
12 -18 -6
13 13 -15
15 -4 12
16 -4 -17
17 -4 -17
18 -7 -20
21 -18 -6
22 -4 11
24 16 7
26 17 -4
28 17 -4
30 -21 -11
31 12 15
32 -8 -8
33 19 -18
34 10 12
38 0 -7
40 -8 -8
41 -21 -7
42 -22 9
43 -16 0
45 -12 11
46 23 12
47 -4 -17
51 -23 1
52 13 -15
53 -16 21
54 -12 11
55 3 18
56 19 -4
57 0 21
58 0 -7
59 -18 -6
60 -14 17
61 -14 17
63 22 5
66 19 -4
68 21 7
69 23 12
70 20 18
72 -9 -4
73 -12 -19
74 -9 -4
75 -22 9
76 -8 -8
77 12 13
78 5 10
79 22 -2
80 -19 -12
81 -7 -20
83 -2 17
1 -13 12
3 -16 -3
8 -21 -11
9 -4 -17
10 12 13
12 0 -21
13 13 -15
16 -7 -20
17 -12 11
18 -12 -19
21 -18 -6
22 -4 11
24 16 7
26 8 -15
28 17 -4
30 -21 -11
31 -7 -20
32 -8 -8
33 19 -18
34 8 14
38 12 13
40 -12 11
41 -21 -7
42 23 12
43 -16 0
45 -7 -20
46 23 12
47 0 -7
51 -23 1
52 13 -15
53 -16 21
54 -13 12
55 3 18
56 20 18
57 0 21
58 -7 -20
59 0 -21
60 -14 18
61 20 18
63 22 5
66 19 -4
68 -22 9
69 -7 -20
70 20 18
72 -16 -3
73 12 15
74 0 -21
75 16 4
76 19 -18
77 23 12
78 -4 -17
79 22 -2
80 -19 -12
81 -12 -19
83 -2 17
1 -14 18
3 -16 0
8 5 10
9 0 -21
10 12 13
12 19 -18
13 13 -15
16 0 -7
17 -15 -8
18 20 18
21 -18 -6
22 -4 11
24 16 7
26 17 -4
28 17 -4
30 -21 -11
31 -7 -20
32 -8 -8
33 24 -19
34 12 15
37 -15 21
38 -7 -20
40 -12 11
41 -21 -7
42 20 18
43 -16 0
45 12 15
46 21 7
47 -17 -10
51 -23 1
52 13 -15
53 -14 18
54 -16 21
55 3 18
56 8 -15
57 0 21
58 -16 0
59 3 18
60 -13 12
61 -16 -16
63 22 5
66 22 -2
68 -22 9
69 -13 12
70 -13 12
72 -16 -3
73 -22 9
74 23 12
75 16 4
76 24 -19
77 21 24
78 -4 -17
79 19 -4
80 -19 -12
81 -13 12
83 0 22
0 17 5
1 -14 17
3 -16 0
8 5 10
9 0 -21
10 10 12
12 21 24
13 13 -15
16 8 -15
17 -13 12
18 18 -9
21 -18 -6
22 -4 11
24 16 7
26 19 -4
28 17 -4
30 -19 -13
31 -13 12
32 -8 -8
33 23 -20
34 0 22
38 -7 -20
40 -12 11
41 -21 -7
42 21 7
43 -8 -8
45 21 24
46 21 7
47 -17 -10
51 -23 1
52 19 -18
53 -14 18
54 -16 21
55 3 18
56 -12 11
57 0 22
58 0 -7
59 13 -15
60 -14 17
61 -16 -16
63 21 7
66 13 -15
68 20 18
69 -12 11
70 -8 -8
73 -12 11
74 8 -15
75 16 4
76 23 -20
77 -13 12
78 -4 -17
79 -23 1
80 -19 -12
81 -12 11
83 0 22
0 17 5
1 -12 11
3 -16 0
8 5 10
9 -12 -19
10 12 15
12 13 -15
13 24 -19
16 0 -7
17 8 -15
18 0 -21
21 -18 -6
24 16 4
26 0 -21
28 17 -4
30 -19 -13
31 -13 12
32 -9 -4
33 19 -18
34 12 13
38 -7 -20
40 -23 1
41 -21 -7
42 21 7
43 -8 -8
45 21 24
46 16 7
47 -17 -10
51 24 -3
52 23 -20
53 -14 17
54 -16 21
55 3 18
56 -21 -11
57 -12 11
58 0 -7
59 8 -15
60 20 18
61 -16 -16
63 24 -3
66 24 -3
68 12 13
69 -12 11
70 -8 -8
73 8 -15
74 -14 18
75 16 4
76 23 -20
77 -15 -13
78 -4 -17
79 22 -2
80 -19 -12
81 8 -15
83 0 22
0 17 5
1 -14 18
3 -15 -8
8 5 10
9 8 -15
10 12 15
12 -13 12
13 18 -9
16 -12 11
17 8 -15
18 13 -15
21 -18 -6
24 16 7
26 0 -21
28 17 -4
30 -19 -12
31 19 -18
32 -8 -8
33 13 -15
34 -12 11
38 -7 -20
40 -22 9
42 21 7
43 -21 -11
45 21 24
46 21 7
47 -19 -12
51 -23 1
52 21 24
53 -14 17
54 -16 21
55 3 18
56 -21 -11
57 -14 18
58 0 -7
59 8 -15
60 20 18
61 -17 -13
63 16 4
66 24 -3
68 12 15
69 12 15
70 -9 -4
73 8 -15
74 3 18
75 16 7
76 23 -20
77 -15 -13
79 19 -4
80 -19 -13
81 12 15
83 0 22
1 19 -18
3 -13 12
8 5 10
9 12 13
10 5 10
12 -13 12
13 18 -9
16 -7 -20
17 8 -15
18 0 -21
21 -18 -6
24 21 7
26 0 21
28 17 -4
30 -17 -10
31 8 -15
32 -7 -20
33 21 24
34 5 10
38 -8 -8
40 8 -15
42 -22 9
43 -21 -11
45 -16 21
46 16 7
47 -19 -12
51 22 -2
52 8 -15
53 -16 21
54 -14 17
55 3 18
56 13 -15
57 -14 18
58 0 -7
59 0 -21
60 20 18
61 -14 17
63 24 -3
66 20 -7
68 16 7
69 -14 18
70 12 15
73 0 -21
74 13 -15
75 -23 1
76 23 -20
77 -17 -10
79 19 -4
80 -19 -13
81 12 15
83 0 22
1 23 12
3 -13 12
8 3 18
9 12 13
10 8 14
12 -13 12
13 8 -15
16 -12 -19
17 13 -15
18 14 23
24 21 7
26 10 12
28 17 -4
30 19 -18
31 -14 17
32 -7 -20
33 -12 -19
34 8 -15
38 -14 17
40 8 -15
42 -22 9
43 -15 -8
45 19 -18
46 16 7
47 -19 -12
51 22 -2
52 8 -15
53 -16 -16
54 -16 21
55 3 18
56 24 -19
57 -14 18
58 0 -7
59 -7 -20
60 20 18
61 -15 -8
63 24 -3
66 24 -3
68 21 7
69 8 -15
70 0 -21
73 -23 1
74 -12 11
75 16 7
76 23 -20
77 -17 -10
79 19 -4
80 -19 -13
81 20 18
83 0 21
1 23 12
3 -13 12
8 -2 17
9 12 13
10 10 12
12 -13 12
13 23 -20
16 -2 17
17 0 -21
18 -13 12
24 21 7
26 -12 11
28 17 -4
30 -15 -8
31 10 12
32 -12 -19
33 -21 -11
34 -9 -4
38 -14 17
40 8 -15
42 21 7
43 -17 -10
45 -14 17
46 -22 9
47 -19 -12
51 22 -2
52 18 -9
53 -16 -16
54 -16 21
55 -2 17
56 23 -20
57 -14 18
59 13 -15
60 20 18
61 -15 -8
63 22 5
66 24 -3
68 -12 11
69 5 10
70 0 -21
73 -23 1
74 -8 -8
75 16 7
76 19 -18
77 -15 -8
79 19 -4
80 -19 -13
81 19 -18
83 0 21
1 23 12
3 -12 11
8 12 15
9 12 13
10 3 18
12 -13 12
13 21 24
16 0 22
17 0 -21
18 -13 12
24 10 12
26 -8 -8
30 13 -15
31 -8 -8
32 8 -15
33 -7 -20
34 -9 -4
38 -16 21
40 8 -15
42 22 5
43 -17 -10
45 0 -21
46 -22 9
47 -19 -12
51 22 -2
52 18 -9
53 -12 -19
54 -16 21
55 -2 17
56 23 -20
57 -14 18
59 23 -20
60 20 18
61 -15 -8
63 22 5
66 24 -3
68 12 13
69 21 24
70 19 -18
73 21 7
74 -7 -20
75 16 7
76 13 -15
77 -15 -13
79 19 -4
80 -19 -13
81 0 -21
83 0 21
1 23 12
3 -12 11
8 0 21
9 12 13
10 16 7
12 -14 17
13 24 -19
16 0 21
17 -7 -20
18 -13 12
24 10 12
26 -15 -8
30 23 -20
31 -8 -8
32 -8 -8
33 19 -18
34 -8 -8
38 -16 21
40 8 -15
42 20 18
43 -17 -10
45 22 5
46 -23 1
47 -19 -12
51 22 -2
52 18 -9
53 -16 -16
54 -12 -19
55 -2 17
56 -12 -19
57 -14 18
59 23 -20
60 20 18
61 -21 -11
62 18 -17
63 22 5
66 24 -3
68 12 13
69 19 -18
70 3 18
73 21 7
74 -12 -19
75 22 5
76 21 24
77 -17 -13
79 19 -4
80 -17 -13
81 -8 -8
83 3 18
1 23 12
3 -22 9
8 19 -18
9 12 13
10 8 14
12 -12 -19
13 24 -19
16 -7 -20
17 -7 -20
18 -13 12
24 16 7
26 -15 -8
30 24 -19
31 23 -20
32 -8 -8
33 8 -15
34 -9 -4
38 -16 21
40 8 -15
42 -13 12
43 -15 -8
45 23 -20
46 16 4
47 -19 -12
51 22 -2
52 18 -9
53 -7 -20
54 -16 21
55 0 22
56 -12 -19
57 -14 18
59 24 -19
60 20 18
61 -21 -11
62 18 -17
63 16 7
66 24 -3
68 12 13
69 21 24
70 -22 9
73 21 7
74 -8 -8
75 22 5
76 8 -15
77 -8 -8
79 19 -4
80 -17 -10
81 -22 9
83 3 18
3 -22 9
8 19 -18
9 12 13
10 0 22
12 -22 9
13 14 23
16 -2 17
17 8 -15
18 -12 11
24 12 15
26 -15 -8
30 24 -19
31 0 -21
32 8 -15
33 8 -15
34 -13 12
38 -16 21
40 13 -15
42 -22 9
43 -9 -4
45 8 -15
46 12 15
47 -19 -12
51 22 -2
52 18 -9
53 -7 -20
54 -22 9
55 0 -21
56 -12 -19
57 -14 18
59 24 -19
60 20 18
61 -21 -11
62 18 -17
63 16 7
66 24 -3
68 12 13
69 0 -21
70 -14 17
74 0 21
75 16 7
76 24 -19
77 -8 -8
79 19 -4
80 -17 -10
81 -14 17
3 -14 17
8 19 -18
9 12 13
10 16 4
12 -2 17
13 -21 -11
16 -7 -20
17 0 21
18 0 21
24 22 5
26 -16 0
30 21 24
31 -15 -13
32 -16 0
33 8 -15
34 -13 12
38 -16 21
40 19 -18
42 -23 1
43 -21 -11
45 -13 12
46 16 4
47 -19 -12
51 22 -2
52 24 -19
53 -7 -20
54 -22 9
55 8 14
56 -12 -19
57 -14 18
59 -21 -11
60 20 18
61 -19 -13
62 18 -17
63 16 7
66 24 -3
68 10 12
69 0 -21
70 -7 -20
74 -12 -19
75 10 12
76 13 -15
77 -8 -8
80 -17 -10
81 10 12
3 -14 17
8 19 -18
10 0 21
12 -2 17
13 18 -17
16 -13 12
17 0 -21
18 -7 -20
20 9 24
24 22 5
26 -7 -20
30 -7 -20
31 -21 -11
32 -16 0
33 18 -9
34 -16 0
38 -16 21
40 13 -15
42 -23 1
43 -16 -16
45 10 12
46 21 24
51 22 -2
52 24 -19
53 -15 -13
54 -12 11
55 8 14
56 -12 -19
59 19 -18
61 -19 -13
62 18 -17
63 16 7
66 24 -3
68 10 12
69 0 21
70 21 24
74 0 -21
75 16 7
76 8 -15
77 -8 -8
80 -17 -10
81 10 12
3 -14 17
8 18 -17
10 0 21
12 -2 17
13 21 24
16 -16 -16
17 0 21
18 0 22
24 22 5
26 -15 -13
30 -7 -20
31 24 -19
32 -16 0
33 18 -9
34 -16 0
40 13 -15
42 -23 1
43 -19 -13
45 -16 0
46 -13 12
51 22 -2
52 -21 -11
53 -16 -16
54 -12 11
55 8 14
56 -12 -19
59 18 -17
61 -21 -11
62 19 -18
63 -22 9
68 10 12
69 0 22
70 16 4
74 0 -21
75 16 7
76 -19 -13
80 -17 -10
81 10 12
3 -14 17
8 18 -17
10 5 10
12 -2 17
13 -21 -11
16 13 -15
17 0 21
18 -16 0
24 22 5
26 8 -15
30 -7 -20
31 16 7
32 -15 -8
34 -16 0
40 13 -15
42 -23 1
43 -17 -13
45 -21 -11
46 10 12
51 22 -2
52 14 23
53 -16 -16
54 -12 11
55 5 10
56 -12 -19
59 -21 -11
61 24 -19
62 19 -18
63 16 7
68 12 15
69 0 22
70 16 7
75 16 4
76 -16 -16
81 10 12
8 18 -17
10 8 -15
12 -2 17
13 -19 -13
16 -15 -8
17 0 21
18 -16 0
24 22 5
26 -7 -20
30 -16 -16
31 16 7
32 -16 -16
34 -15 -8
40 14 23
42 -23 1
43 13 -15
45 -21 -11
46 22 -2
51 22 -2
52 23 -20
53 24 -19
55 5 10
56 -12 -19
59 -16 -16
61 24 -19
63 22 -2
68 12 15
69 0 22
70 13 -15
75 16 4
76 14 23
81 10 12
8 18 -17
10 14 23
12 -2 17
13 -19 -13
16 5 10
17 0 21
18 -15 -8
24 22 5
26 16 7
30 -15 -13
31 -15 -8
32 -16 -16
34 -7 -20
40 24 -19
43 13 -15
45 24 -19
46 16 7
51 22 5
52 23 -20
53 -17 -13
55 5 10
56 -12 -19
59 14 23
61 -16 -16
63 22 -2
68 12 15
69 0 22
70 16 4
75 22 -2
76 14 23
79 19 -4
81 10 12
8 18 -17
10 14 23
13 -19 -13
16 5 10
18 -15 -8
24 22 5
26 -21 -11
30 -15 -13
31 -15 -8
32 -21 -11
34 -7 -20
40 8 -15
43 13 -15
45 22 -2
46 -22 9
51 -16 0
52 23 -20
53 -17 -13
54 -12 11
55 5 10
56 -12 -19
59 8 -15
61 -16 0
63 22 -2
68 12 15
69 0 22
70 5 10
75 16 7
76 14 23
81 10 12
10 14 23
16 5 10
18 -16 -16
26 -21 -11
30 -15 -13
31 -15 -8
32 14 23
34 -21 -11
40 23 -20
43 13 -15
45 13 -15
46 8 -15
51 20 -7
52 13 -15
53 -15 -13
54 -12 11
55 10 12
59 8 -15
61 -16 0
63 16 4
68 12 15
69 0 22
70 24 -19
75 -22 9
76 21 24
81 10 12
10 -13 12
16 5 10
18 -16 -16
26 -21 -11
30 -15 -13
31 -15 -8
32 5 10
34 -13 12
40 23 -20
43 13 -15
45 -15 -8
46 23 -20
51 20 -7
52 24 -19
53 23 -20
55 10 12
59 8 -15
61 -16 0
63 16 4
68 12 15
69 0 22
70 -13 12
75 -22 9
76 13 -15
81 10 12
10 -7 -20
16 5 10
18 -16 -16
26 -21 -11
30 -15 -13
31 -15 -8
32 5 10
34 -9 -4
40 23 -20
43 20 -7
45 16 7
46 20 -7
51 20 -7
52 24 -19
53 -13 12
55 0 22
59 8 -15
61 -16 0
63 16 4
69 0 22
70 14 23
75 -22 9
76 21 24
81 10 12
10 -7 -20
16 8 14
18 24 -19
26 -21 -11
31 -15 -8
32 5 10
34 -9 -4
40 23 -20
43 13 -15
45 16 7
46 21 24
51 20 -7
52 14 23
53 -13 12
55 14 23
59 8 -15
61 -16 0
63 16 4
69 0 22
70 14 23
76 22 -2
81 10 12
10 21 24
16 8 14
18 24 -19
26 -21 -11
31 -16 -16
34 -9 -4
40 23 -20
43 13 -15
45 16 7
46 21 24
51 20 -7
52 -16 -16
53 -15 -8
55 -13 12
59 8 -15
61 -15 -8
63 16 7
69 0 22
70 14 23
76 -7 -20
81 10 12
10 13 -15
16 8 14
18 24 -19
26 -21 -11
31 -16 0
34 -9 -4
40 23 -20
43 24 -19
45 16 7
46 21 24
51 20 -7
52 21 24
53 -15 -8
55 -13 12
59 8 -15
61 21 24
63 22 -2
70 14 23
76 22 -2
10 13 -15
16 8 14
18 24 -19
26 -21 -11
31 -16 0
34 -9 -4
40 23 -20
43 22 -2
45 16 7
46 24 -19
52 -7 -20
53 -15 -8
55 -13 12
63 -16 0
76 22 -2
10 13 -15
16 8 14
18 24 -19
31 -15 -8
34 -9 -4
40 23 -20
43 -16 -16
46 24 -19
52 -7 -20
53 -16 0
55 -13 12
63 -16 0
76 -15 -8
81 10 12
16 16 4
18 24 -19
31 22 -2
40 23 -20
43 18 -9
46 24 -19
52 -7 -20
53 -16 -16
55 -13 12
63 22 -2
76 -15 -8
16 10 12
18 -16 -16
31 22 -2
43 18 -9
52 -7 -20
53 -7 -20
55 -13 12
63 22 -2
76 -15 -8
81 10 12
16 10 12
18 -16 -16
31 -16 0
40 23 -20
43 16 4
46 24 -19
52 -7 -20
53 -16 0
55 -13 12
63 22 -2
76 -15 -8
16 8 14
18 -16 -16
31 -17 -13
34 -9 -4
43 -15 -8
52 -17 -13
53 -17 -13
55 -13 12
63 22 -2
76 -17 -13
16 8 14
18 -16 -16
31 -15 -8
43 8 -15
52 -17 -13
53 -15 -8
55 -13 12
63 22 -2
76 -17 -13
80 -17 -10
16 16 4
18 -16 -16
21 -18 -6
31 -17 -10
43 8 -15
52 -16 -16
53 -7 -20
55 -13 12
63 17 5
76 -7 -20
80 -17 -10
16 3 18
18 -16 -16
21 -18 -6
31 -18 -6
43 14 23
52 -16 -16
53 -7 -20
55 -13 12
63 16 4
76 -7 -20
80 -17 -10
16 3 18
18 -17 -13
21 -18 -6
26 -21 -11
31 -15 -8
43 14 23
52 -16 -16
53 -7 -20
55 -13 12
56 -12 -19
63 17 -4
69 0 22
76 16 4
80 -17 -10
13 -19 -13
16 3 18
18 -7 -20
21 -16 0
26 -21 -11
31 -15 -8
43 22 -2
52 -16 -16
53 -11 -21
55 -13 12
63 22 5
69 0 22
76 -18 -6
80 -17 -10
16 3 18
18 -18 -6
21 -16 0
26 -21 -11
31 -18 -6
43 8 14
52 -16 -16
53 -7 -20
55 -13 12
63 13 6
76 -18 -6
80 -17 -10
16 6 14
18 -17 -10
21 -15 -8
26 -21 -11
31 22 -2
40 23 -20
43 8 14
52 -16 -16
53 -7 -20
55 -13 12
63 -16 0
72 -16 -3
76 -18 -6
80 -17 -10
16 10 12
18 -15 -13
21 -15 -8
26 -21 -11
30 -15 -13
31 22 -2
43 8 14
53 -7 -20
63 22 -2
72 -16 -3
76 -18 -6
80 -17 -10
5 -13 0
16 10 12
18 -15 -13
21 -18 -6
26 -21 -11
31 -17 -13
43 -18 -6
53 -7 -20
63 22 -2
66 24 -3
76 -18 -6
16 -5 17
18 -15 -13
21 -15 -8
31 -16 0
43 21 24
53 -7 -20
63 22 -2
76 -18 -6
5 -13 0
16 -5 17
18 -18 -6
21 -15 -8
31 -16 0
43 13 23
53 -7 -20
63 22 -2
76 -16 0
16 12 15
18 -17 -13
31 -16 0
43 -6 2
53 -7 -20
63 22 -2
76 -17 -13
16 12 15
18 -7 -20
43 16 4
53 -12 -19
63 22 -2
76 -17 -10
16 12 15
18 -7 -20
29 -11 -21
43 16 4
45 16 7
53 -11 -21
63 22 -2
76 -18 -6
16 12 15
18 -15 -13
29 -11 -21
43 9 0
53 -7 -20
76 -21 -11
16 6 14
18 -7 -20
43 16 4
53 -4 -17
76 -15 -13
16 3 18
18 -7 -20
43 16 7
53 -17 -13
76 20 -7
16 12 15
18 -7 -20
43 10 4
53 -15 21
68 12 15
76 -18 -6
16 12 15
18 -7 -20
43 18 -9
53 -18 -6
68 12 15
76 -17 -13
16 12 15
18 -7 -20
43 -22 9
68 12 15
76 -17 -13
16 12 15
18 -7 -20
43 0 -21
68 12 15
76 -17 -13
16 12 15
43 5 10
53 -18 -6
68 12 15
76 -17 -13
16 12 15
43 5 10
68 12 15
76 -17 -13
16 12 15
43 12 15
68 8 14
76 -17 -13
43 5 10
68 8 14
76 -17 -13
43 5 10
76 -17 -13
43 5 10
76 -17 -13
32 5 10
43 5 10
68 8 14
76 -17 -13
32 5 10
43 5 10
76 -17 -13
32 5 10
43 5 10
76 -17 -13
32 5 10
76 -17 -13
32 16 4
76 -17 -13
32 16 4
76 -17 -13
32 16 4
76 -17 -10
80 -17 -10
32 16 4
76 -17 -10
80 -17 -10
32 16 4
76 -17 -10
80 -17 -10
32 16 4
76 -17 -10
80 -17 -10
32 16 4
76 -17 -10
80 -17 -10
32 16 4
76 -17 -10
80 -17 -13
32 16 4
76 -17 -10
80 -17 -13
-1 -1 -1
74
62
9
43
26
41
81
79
73
82
80
7
24
55
32
27
83
21
33
31
5
44
28
4
64
14
57
15
75
37
45
47
77
72
35
29
22
46
50
25
63
56
59
11
13
76
61
54
17
2
36
68
49
53
38
40
39
42
18
8
69
67
71
65
16
10
60
23
6
20
78
0
48
66
19
58
51
34
30
70
52
1
3
12
