100 167 234 300 367 300 234 167 100 34 0 0 0 0 34 
34 100 167 234 300 234 167 100 34 0 0 0 0 0 0 
0 34 100 167 234 167 100 34 0 0 0 0 0 0 0 
0 0 34 100 167 100 34 0 0 0 0 0 0 0 0 
0 0 0 34 100 34 0 0 0 0 0 0 0 0 0 
0 0 0 34 100 34 0 0 0 0 0 0 0 0 0 
0 0 34 100 167 100 34 0 0 0 0 0 0 0 0 
0 34 100 167 234 167 100 34 0 0 0 0 0 0 0 
34 100 167 234 300 234 167 100 34 0 0 0 0 0 0 
100 167 234 300 367 300 234 167 100 34 0 0 0 0 34 
167 234 300 367 434 367 300 234 167 100 34 0 0 34 100 
234 300 367 434 500 434 367 300 234 167 100 34 34 100 167 
300 367 434 500 1000 500 434 367 300 234 167 100 100 167 234 
234 300 367 434 500 434 367 300 234 167 100 34 34 100 167 
167 234 300 367 434 367 300 234 167 100 34 0 0 34 100 
0 0 0
1 0 0
1 0 0
1 0 0
1 0 0
2 0 0
2 0 0
2 0 0
3 0 0
4 0 0
5 0 0
5 0 0
5 0 0
5 0 0
5 0 0
5 0 0
6 0 0
7 0 0
8 0 0
9 0 0
9 0 0
10 0 0
10 0 0
11 0 0
12 0 0
13 0 0
14 0 0
14 0 0
15 0 0
15 0 0
16 0 0
17 0 0
17 0 0
17 0 0
17 0 0
17 0 0
17 0 0
17 0 0
5 1 0
5 1 0
5 1 0
1 1 0
1 1 0
17 1 0
14 1 0
11 1 0
6 1 0
4 1 0
4 1 0
10 1 0
10 1 0
14 1 0
9 1 0
9 1 0
9 1 0
18 1 0
18 1 0
18 1 0
19 1 0
20 1 0
21 1 0
21 1 0
22 1 0
23 1 0
23 1 0
24 1 0
25 1 0
26 1 0
27 1 0
27 1 0
28 1 0
28 1 0
28 1 0
28 1 0
28 1 0
28 1 0
28 1 0
28 1 0
28 1 0
29 1 0
30 1 0
31 1 0
32 1 0
32 1 0
33 1 0
34 1 0
35 1 0
36 1 0
37 1 0
38 1 0
39 1 0
39 1 0
39 1 0
39 1 0
40 1 0
40 1 0
40 1 0
41 1 0
41 1 0
41 1 0
42 1 0
42 1 0
43 1 0
44 1 0
45 1 0
46 1 0
47 1 0
47 1 0
48 1 0
49 1 0
49 1 0
49 1 0
49 1 0
49 1 0
49 1 0
49 1 0
49 1 0
49 1 0
49 1 0
49 1 0
28 0 1
5 0 1
5 0 1
5 0 1
5 0 1
5 0 1
5 0 1
28 0 1
39 0 1
28 0 1
17 0 1
17 0 1
5 0 1
5 0 1
5 0 1
49 0 1
18 0 1
18 0 1
14 0 1
14 0 1
14 0 1
40 0 1
9 0 1
1 0 1
32 0 1
47 0 1
47 0 1
47 0 1
47 0 1
47 0 1
47 0 1
47 0 1
47 0 1
47 0 1
47 0 1
5 0 1
41 0 1
41 0 1
41 0 1
41 0 1
41 0 1
41 0 1
41 0 1
41 0 1
41 0 1
41 0 1
41 0 1
41 0 1
41 0 1
41 0 1
41 0 1
10 0 1
23 0 1
17 0 1
38 0 1
38 0 1
38 0 1
38 0 1
43 0 1
43 0 1
30 0 1
30 0 1
30 0 1
30 0 1
41 0 1
41 0 1
19 0 1
43 0 1
43 0 1
43 0 1
43 0 1
43 0 1
43 0 1
43 0 1
28 0 1
28 0 1
28 0 1
28 0 1
36 0 1
14 0 1
41 0 1
50 0 1
51 0 1
52 0 1
53 0 1
54 0 1
54 0 1
55 0 1
56 0 1
57 0 1
58 0 1
59 0 1
60 0 1
61 0 1
62 0 1
63 0 1
63 0 1
64 0 1
65 0 1
65 0 1
66 0 1
67 0 1
68 0 1
69 0 1
70 0 1
71 0 1
71 0 1
72 0 1
73 0 1
73 0 1
73 0 1
73 0 1
73 0 1
74 0 1
75 0 1
76 0 1
4 0 1
20 0 1
27 0 1
27 0 1
29 0 1
35 0 1
35 0 1
37 0 1
33 0 1
48 0 1
74 0 1
74 0 1
74 0 1
74 0 1
74 0 1
74 0 1
74 0 1
74 0 1
42 0 1
19 0 1
19 0 1
13 0 1
74 0 1
74 0 1
74 0 1
55 0 1
34 0 1
34 0 1
34 0 1
34 0 1
34 0 1
34 0 1
34 0 1
34 0 1
34 0 1
5 0 1
5 0 1
5 0 1
5 0 1
2 0 1
14 0 1
24 0 1
3 0 1
31 0 1
56 0 1
7 0 1
72 0 1
72 0 1
11 0 1
11 0 1
8 0 1
15 0 1
15 0 1
15 0 1
15 0 1
15 0 1
1 0 1
5 0 1
17 0 1
72 0 1
72 0 1
72 0 1
72 0 1
57 0 1
57 0 1
6 0 1
6 0 1
6 0 1
72 0 1
72 0 1
72 0 1
41 0 1
45 0 1
45 0 1
45 0 1
45 0 1
45 0 1
20 0 1
2 0 1
25 0 1
18 0 1
22 0 1
18 0 1
18 0 1
18 0 1
4 0 1
40 0 1
37 0 1
37 0 1
18 0 1
12 0 1
62 0 1
56 0 1
56 0 1
6 0 1
17 0 1
11 0 1
5 0 1
71 0 1
21 0 1
46 0 1
46 0 1
27 0 1
32 0 1
32 0 1
32 0 1
0 0 1
37 0 1
60 0 1
21 0 1
48 0 1
48 0 1
48 0 1
48 0 1
29 0 1
16 0 1
52 0 1
52 0 1
70 0 1
10 0 1
10 0 1
72 0 1
18 0 1
45 0 1
26 0 1
28 0 1
29 0 1
29 0 1
29 0 1
40 0 1
13 0 1
54 0 1
29 0 1
29 0 1
68 0 1
43 0 1
43 0 1
43 0 1
43 0 1
56 0 1
14 0 1
23 0 1
33 0 1
50 0 1
73 0 1
27 0 1
38 0 1
6 0 1
61 0 1
35 0 1
75 0 1
37 0 1
60 0 1
31 0 1
75 0 1
57 0 1
69 0 1
69 0 1
11 0 1
11 0 1
11 0 1
11 0 1
11 0 1
11 0 1
11 0 1
5 0 -1
5 0 -1
5 0 -1
5 0 -1
5 0 -1
5 0 -1
5 0 -1
41 0 -1
41 0 -1
5 0 -1
5 0 -1
5 0 -1
43 0 -1
28 0 -1
28 0 -1
28 0 -1
28 0 -1
41 0 -1
74 0 -1
74 0 -1
74 0 -1
74 0 -1
74 0 -1
41 0 -1
47 0 -1
72 0 -1
18 0 -1
74 0 -1
43 0 -1
43 0 -1
43 0 -1
43 0 -1
43 0 -1
43 0 -1
43 0 -1
43 0 -1
43 0 -1
43 0 -1
43 0 -1
43 0 -1
17 0 -1
34 0 -1
74 0 -1
5 0 -1
14 0 -1
14 0 -1
5 0 -1
49 0 -1
29 0 -1
47 0 -1
73 0 -1
28 0 -1
28 0 -1
40 0 -1
40 0 -1
30 0 -1
49 0 -1
28 0 -1
28 0 -1
28 0 -1
28 0 -1
28 0 -1
32 0 -1
5 0 -1
5 0 -1
5 0 -1
30 0 -1
30 0 -1
30 0 -1
30 0 -1
30 0 -1
30 0 -1
30 0 -1
30 0 -1
14 0 -1
14 0 -1
14 0 -1
14 0 -1
14 0 -1
14 0 -1
14 0 -1
14 0 -1
14 0 -1
14 0 -1
14 0 -1
14 0 -1
14 0 -1
14 0 -1
14 0 -1
14 0 -1
14 0 -1
14 0 -1
17 0 -1
47 0 -1
45 0 -1
45 0 -1
18 0 -1
69 0 -1
10 0 -1
57 0 -1
1 0 -1
1 0 -1
1 0 -1
6 0 -1
37 0 -1
37 0 -1
27 0 -1
27 0 -1
48 0 -1
71 0 -1
18 0 -1
27 0 -1
52 0 -1
19 0 -1
39 0 -1
63 0 -1
63 0 -1
9 0 -1
9 0 -1
9 0 -1
9 0 -1
9 0 -1
9 0 -1
9 0 -1
11 0 -1
28 0 -1
28 0 -1
28 0 -1
68 0 -1
28 0 -1
30 0 -1
55 0 -1
61 0 -1
15 0 -1
9 0 -1
9 0 -1
9 0 -1
9 0 -1
35 0 -1
35 0 -1
35 0 -1
70 0 -1
70 0 -1
6 0 -1
41 0 -1
69 0 -1
67 0 -1
50 0 -1
20 0 -1
74 0 -1
36 0 -1
2 0 -1
2 0 -1
66 0 -1
60 0 -1
42 0 -1
42 0 -1
42 0 -1
64 0 -1
38 0 -1
4 0 -1
70 0 -1
3 0 -1
7 0 -1
7 0 -1
55 0 -1
59 0 -1
59 0 -1
59 0 -1
59 0 -1
59 0 -1
54 0 -1
51 0 -1
51 0 -1
51 0 -1
51 0 -1
51 0 -1
13 0 -1
13 0 -1
67 0 -1
10 0 -1
49 0 -1
30 0 -1
71 0 -1
71 0 -1
71 0 -1
71 0 -1
71 0 -1
71 0 -1
71 0 -1
71 0 -1
71 0 -1
71 0 -1
71 0 -1
71 0 -1
71 0 -1
71 0 -1
71 0 -1
71 0 -1
71 0 -1
71 0 -1
71 0 -1
71 0 -1
71 0 -1
71 0 -1
71 0 -1
71 0 -1
71 0 -1
71 0 -1
71 0 -1
71 0 -1
71 0 -1
5 -1 0
5 -1 0
14 -1 0
28 -1 0
28 -1 0
43 -1 0
43 -1 0
43 -1 0
43 -1 0
5 -1 0
41 -1 0
74 -1 0
41 -1 0
41 -1 0
41 -1 0
41 -1 0
41 -1 0
14 -1 0
30 -1 0
30 -1 0
30 -1 0
43 -1 0
9 -1 0
9 -1 0
28 -1 0
28 -1 0
28 -1 0
17 -1 0
17 -1 0
41 -1 0
41 -1 0
41 -1 0
18 -1 0
28 -1 0
28 -1 0
28 -1 0
28 -1 0
28 -1 0
28 -1 0
28 -1 0
28 -1 0
17 -1 0
47 -1 0
17 -1 0
17 -1 0
17 -1 0
17 -1 0
17 -1 0
17 -1 0
17 -1 0
17 -1 0
17 -1 0
47 -1 0
71 -1 0
72 -1 0
17 -1 0
49 -1 0
49 -1 0
49 -1 0
30 -1 0
5 -1 0
34 -1 0
49 -1 0
59 -1 0
41 -1 0
41 -1 0
41 -1 0
1 -1 0
34 -1 0
34 -1 0
34 -1 0
34 -1 0
34 -1 0
34 -1 0
34 -1 0
34 -1 0
34 -1 0
34 -1 0
34 -1 0
34 -1 0
5 1 1
5 1 1
5 1 1
5 1 1
5 1 1
5 1 1
41 1 1
43 1 1
28 1 1
43 1 1
43 1 1
5 1 1
5 1 1
5 1 1
5 1 1
5 1 1
5 1 1
5 1 1
5 1 1
5 1 1
5 1 1
41 -1 1
28 -1 1
28 -1 1
28 -1 1
28 -1 1
43 -1 1
43 -1 1
43 -1 1
43 -1 1
43 -1 1
43 -1 1
41 -1 1
28 -1 1
28 -1 1
28 -1 1
14 -1 1
5 -1 1
5 -1 1
5 -1 1
5 -1 1
5 -1 1
14 -1 1
5 -1 1
74 -1 1
34 -1 1
11 -1 1
30 -1 1
28 -1 1
5 -1 1
5 -1 1
5 -1 1
5 -1 1
5 -1 1
5 -1 1
5 -1 1
5 -1 1
5 -1 1
28 -1 1
34 -1 1
34 -1 1
34 -1 1
72 -1 1
9 -1 1
9 -1 1
47 -1 1
18 -1 1
5 -1 1
5 -1 1
34 -1 1
18 -1 1
17 -1 1
43 -1 1
43 -1 1
43 -1 1
43 -1 1
43 -1 1
30 -1 1
45 -1 1
45 -1 1
43 -1 1
29 -1 1
29 -1 1
73 -1 1
73 -1 1
73 -1 1
73 -1 1
73 -1 1
73 -1 1
6 -1 1
28 -1 1
11 -1 1
11 -1 1
11 -1 1
11 -1 1
5 -1 1
69 -1 1
69 -1 1
42 -1 1
63 -1 1
37 -1 1
37 -1 1
37 -1 1
37 -1 1
28 -1 1
51 -1 1
17 -1 1
70 -1 1
40 -1 1
40 -1 1
40 -1 1
40 -1 1
40 -1 1
40 -1 1
57 -1 1
57 -1 1
17 -1 1
51 -1 1
51 -1 1
51 -1 1
51 -1 1
51 -1 1
51 -1 1
51 -1 1
51 -1 1
51 -1 1
28 -1 -1
28 -1 -1
28 -1 -1
28 -1 -1
28 -1 -1
28 -1 -1
28 -1 -1
28 -1 -1
28 -1 -1
28 -1 -1
28 -1 -1
28 -1 -1
28 -1 -1
28 -1 -1
28 -1 -1
28 -1 -1
28 -1 -1
28 -1 -1
28 -1 -1
43 -1 -1
28 -1 -1
71 -1 -1
43 -1 -1
28 -1 -1
28 -1 -1
71 -1 -1
71 -1 -1
71 -1 -1
41 -1 -1
41 -1 -1
41 -1 -1
41 -1 -1
41 -1 -1
28 -1 -1
14 -1 -1
14 -1 -1
14 -1 -1
14 -1 -1
71 -1 -1
71 -1 -1
9 -1 -1
9 -1 -1
9 -1 -1
9 -1 -1
9 -1 -1
9 -1 -1
34 -1 -1
34 -1 -1
34 -1 -1
34 -1 -1
41 -1 -1
30 -1 -1
34 -1 -1
34 -1 -1
34 -1 -1
14 -1 -1
17 -1 -1
17 -1 -1
73 -1 -1
14 -1 -1
37 -1 -1
37 -1 -1
40 -1 -1
40 -1 -1
45 -1 -1
45 -1 -1
37 -1 -1
71 -1 -1
18 -1 -1
47 -1 -1
74 -1 -1
74 -1 -1
34 -1 -1
34 -1 -1
34 -1 -1
57 -1 -1
57 -1 -1
73 -1 -1
6 -1 -1
42 -1 -1
51 -1 -1
49 -1 -1
29 -1 -1
1 -1 -1
1 -1 -1
45 -1 -1
70 -1 -1
7 -1 -1
67 -1 -1
40 -1 -1
40 -1 -1
69 -1 -1
69 -1 -1
72 -1 -1
72 -1 -1
28 -1 -1
38 -1 -1
38 -1 -1
38 -1 -1
38 -1 -1
38 -1 -1
38 -1 -1
38 -1 -1
38 -1 -1
38 -1 -1
38 -1 -1
38 -1 -1
38 -1 -1
38 -1 -1
38 -1 -1
38 -1 -1
35 -1 -1
32 -1 -1
74 -1 -1
63 -1 -1
37 -1 -1
68 -1 -1
43 -1 -1
50 -1 -1
4 -1 -1
43 -1 -1
35 -1 -1
35 -1 -1
45 -1 -1
2 -1 -1
2 -1 -1
13 -1 -1
69 -1 -1
39 -1 -1
52 -1 -1
71 -1 -1
59 -1 -1
49 -1 -1
49 -1 -1
49 -1 -1
49 -1 -1
38 -1 -1
38 -1 -1
74 -1 -1
28 -1 -1
31 -1 -1
33 -1 -1
33 -1 -1
58 -1 -1
30 -1 -1
30 -1 -1
76 -1 -1
25 -1 -1
12 -1 -1
8 -1 -1
62 -1 -1
24 -1 -1
64 -1 -1
56 -1 -1
65 -1 -1
65 -1 -1
38 -1 -1
22 -1 -1
22 -1 -1
22 -1 -1
22 -1 -1
21 -1 -1
46 -1 -1
46 -1 -1
46 -1 -1
46 -1 -1
46 -1 -1
46 -1 -1
46 -1 -1
46 -1 -1
11 -1 -1
11 -1 -1
11 -1 -1
27 -1 -1
27 -1 -1
27 -1 -1
27 -1 -1
27 -1 -1
54 -1 -1
45 -1 -1
63 -1 -1
33 -1 -1
75 -1 -1
53 -1 -1
15 -1 -1
20 -1 -1
68 -1 -1
68 -1 -1
68 -1 -1
68 -1 -1
68 -1 -1
68 -1 -1
68 -1 -1
68 -1 -1
68 -1 -1
68 -1 -1
68 -1 -1
68 -1 -1
68 -1 -1
68 -1 -1
68 -1 -1
68 -1 -1
28 -2 0
28 -2 0
28 -2 0
43 -2 0
43 -2 0
41 -2 0
41 -2 0
41 -2 0
41 -2 0
41 -2 0
41 -2 0
41 -2 0
41 -2 0
41 -2 0
41 -2 0
41 -2 0
38 -2 0
41 -2 0
34 -2 0
34 -2 0
28 -2 0
43 -2 0
9 -2 0
17 -2 0
34 -2 0
14 -2 0
41 -2 0
28 -2 0
28 -2 0
28 -2 0
28 -2 0
28 -2 0
28 -2 0
40 -2 0
45 -2 0
45 -2 0
45 -2 0
38 -2 0
46 -2 0
68 -2 0
68 -2 0
68 -2 0
37 -2 0
27 -2 0
27 -2 0
27 -2 0
27 -2 0
27 -2 0
27 -2 0
34 -2 0
30 -2 0
49 -2 0
73 -2 0
43 -2 0
27 -2 0
47 -2 0
47 -2 0
47 -2 0
47 -2 0
28 -2 0
28 -2 0
28 -2 0
72 -2 0
68 -2 0
68 -2 0
68 -2 0
1 -2 0
1 -2 0
43 -2 0
18 -2 0
18 -2 0
47 -2 0
47 -2 0
32 -2 0
32 -2 0
51 -2 0
51 -2 0
51 -2 0
51 -2 0
28 -2 0
35 -2 0
35 -2 0
9 -2 0
9 -2 0
9 -2 0
9 -2 0
9 -2 0
9 -2 0
9 -2 0
9 -2 0
9 -2 0
6 -2 0
6 -2 0
6 -2 0
49 -2 0
74 -2 0
41 -2 0
41 -2 0
41 -2 0
41 -2 0
39 -2 0
57 -2 0
57 -2 0
57 -2 0
57 -2 0
57 -2 0
57 -2 0
34 -2 0
42 -2 0
6 -2 0
22 -2 0
11 -2 0
51 -2 0
51 -2 0
51 -2 0
70 -2 0
32 -2 0
32 -2 0
32 -2 0
41 -2 0
14 -2 0
10 -2 0
10 -2 0
7 -2 0
7 -2 0
48 -2 0
63 -2 0
47 -2 0
20 -2 0
20 -2 0
71 -2 0
2 -2 0
13 -2 0
54 -2 0
21 -2 0
52 -2 0
69 -2 0
60 -2 0
64 -2 0
64 -2 0
15 -2 0
36 -2 0
4 -2 0
4 -2 0
4 -2 0
39 -2 0
39 -2 0
39 -2 0
39 -2 0
61 -2 0
58 -2 0
11 -2 0
11 -2 0
11 -2 0
11 -2 0
11 -2 0
11 -2 0
55 -2 0
62 -2 0
62 -2 0
62 -2 0
62 -2 0
29 -2 0
25 -2 0
4 -2 0
3 -2 0
3 -2 0
3 -2 0
33 -2 0
71 -2 0
49 -2 0
49 -2 0
8 -2 0
23 -2 0
41 -2 0
41 -2 0
41 -2 0
41 -2 0
41 -2 0
41 -2 0
41 -2 0
59 -2 0
52 -2 0
52 -2 0
19 -2 0
76 -2 0
76 -2 0
76 -2 0
63 -2 0
42 -2 0
42 -2 0
20 -2 0
67 -2 0
38 -2 0
38 -2 0
38 -2 0
38 -2 0
17 -2 0
17 -2 0
17 -2 0
17 -2 0
17 -2 0
17 -2 0
17 -2 0
65 -2 0
16 -2 0
16 -2 0
16 -2 0
16 -2 0
26 -2 0
18 -2 0
4 -2 0
4 -2 0
4 -2 0
4 -2 0
76 -2 0
76 -2 0
76 -2 0
76 -2 0
76 -2 0
76 -2 0
34 -2 0
11 -2 0
11 -2 0
11 -2 0
57 -2 0
0 -2 0
5 -2 0
5 -2 0
66 -2 0
24 -2 0
68 -2 0
68 -2 0
68 -2 0
68 -2 0
68 -2 0
68 -2 0
68 -2 0
17 -2 0
66 -2 0
3 -2 0
42 -2 0
44 -2 0
28 -2 0
50 -2 0
50 -2 0
46 -2 0
33 -2 0
37 -2 0
9 -2 0
38 -2 0
24 -2 0
54 -2 0
44 -2 0
44 -2 0
7 -2 0
31 -2 0
53 -2 0
53 -2 0
53 -2 0
53 -2 0
53 -2 0
23 -2 0
12 -2 0
12 -2 0
12 -2 0
12 -2 0
12 -2 0
12 -2 0
42 -2 0
63 -2 0
63 -2 0
63 -2 0
39 -2 0
60 -2 0
66 -2 0
20 -2 0
20 -2 0
20 -2 0
20 -2 0
20 -2 0
20 -2 0
20 -2 0
20 -2 0
20 -2 0
20 -2 0
20 -2 0
43 -2 0
43 -2 0
34 -2 0
34 -2 0
0 -2 0
19 -2 0
19 -2 0
19 -2 0
10 -2 0
56 -2 0
62 -2 0
74 -2 0
27 -2 0
13 -2 0
13 -2 0
75 -2 0
14 -2 0
43 -2 0
47 -2 0
17 -2 0
69 -2 0
69 -2 0
69 -2 0
69 -2 0
69 -2 0
69 -2 0
69 -2 0
69 -2 0
69 -2 0
69 -2 0
69 -2 0
69 -2 0
69 -2 0
69 -2 0
69 -2 0
69 -2 0
69 -2 0
69 -2 0
41 -1 2
41 -1 2
28 -1 2
28 -1 2
28 -1 2
43 -1 2
41 -1 2
43 -1 2
41 -1 2
41 -1 2
41 -1 2
41 -1 2
41 -1 2
41 -1 2
41 -1 2
41 -1 2
28 -1 -2
28 -1 -2
28 -1 -2
28 -1 -2
28 -1 -2
28 -1 -2
28 -2 -1
28 -2 -1
38 -2 -1
9 -2 -1
9 -2 -1
9 -2 -1
38 -2 -1
38 -2 -1
38 -2 -1
38 -2 -1
38 -2 -1
38 -2 -1
38 -2 -1
38 -2 -1
9 -3 -1
9 -3 -1
20 -3 -1
20 -3 -1
20 -3 -1
38 -3 -1
28 -3 -1
38 -3 -1
43 -3 -1
43 -3 -1
43 -3 -1
43 -3 -1
43 -3 -1
43 -3 -1
43 -3 -1
43 -3 -1
43 -3 -1
43 -3 -1
43 -3 -1
43 -3 -1
43 -3 -1
43 -3 -1
43 -3 -1
20 -4 0
43 -4 0
69 -4 0
69 -4 0
69 -4 0
20 -4 0
20 -4 0
20 -4 0
20 -4 0
9 -4 0
76 -4 0
76 -4 0
76 -4 0
76 -4 0
76 -4 0
76 -4 0
76 -4 0
76 -4 0
20 -4 0
57 -4 0
57 -4 0
57 -4 0
57 -4 0
57 -4 0
57 -4 0
57 -4 0
57 -4 0
57 -4 0
57 -4 0
57 -4 0
57 -4 0
57 -4 0
57 -4 0
57 -4 0
57 -4 0
57 -4 0
14 3 -1
9 3 -1
14 3 -1
14 3 -1
14 3 -1
30 3 -1
71 3 -1
71 3 -1
74 3 -1
74 3 -1
74 3 -1
74 3 -1
74 3 -1
74 3 -1
74 3 -1
74 3 -1
74 3 -1
74 3 -1
74 3 -1
74 3 -1
74 3 -1
74 3 -1
47 2 2
18 2 2
18 2 2
40 2 2
40 2 2
14 2 2
30 2 2
72 2 2
9 2 2
45 2 2
73 2 2
37 2 2
40 2 2
40 2 2
40 2 2
27 2 2
32 2 2
40 2 2
47 2 2
6 2 2
39 2 2
63 2 2
63 2 2
63 2 2
1 2 2
18 2 2
42 2 2
5 2 2
5 2 2
27 2 2
29 2 2
4 2 2
4 2 2
4 2 2
49 2 2
49 2 2
35 2 2
7 2 2
52 2 2
1 2 2
1 2 2
1 2 2
13 2 2
2 2 2
42 2 2
70 2 2
10 2 2
15 2 2
19 2 2
19 2 2
48 2 2
13 2 2
13 2 2
30 2 2
10 2 2
10 2 2
2 2 2
2 2 2
12 2 2
3 2 2
63 2 2
63 2 2
63 2 2
42 2 2
42 2 2
62 2 2
46 2 2
46 2 2
50 2 2
55 2 2
67 2 2
16 2 2
16 2 2
54 2 2
29 2 2
59 2 2
30 2 2
12 2 2
64 2 2
20 2 2
61 2 2
61 2 2
60 2 2
22 2 2
22 2 2
30 2 2
30 2 2
30 2 2
4 2 2
8 2 2
8 2 2
8 2 2
8 2 2
8 2 2
8 2 2
8 2 2
8 2 2
8 2 2
8 2 2
8 2 2
8 2 2
14 1 -3
14 1 -3
14 1 -3
14 1 -3
14 1 -3
14 1 -3
14 1 -3
14 1 -3
47 0 4
40 0 4
9 0 4
30 0 4
30 0 4
30 0 4
30 0 4
30 0 4
30 0 4
30 0 4
30 0 4
30 0 4
30 0 4
30 0 4
20 -5 0
20 -5 0
57 -5 0
57 -5 0
57 -5 0
57 -5 0
76 -5 0
57 -5 0
57 -5 0
57 -5 0
9 -5 0
57 -5 0
76 -5 0
76 -5 0
57 -5 0
27 -5 0
27 -5 0
32 -5 0
20 -5 0
39 -5 0
4 -5 0
32 -5 0
47 -5 0
62 -5 0
62 -5 0
62 -5 0
45 -5 0
45 -5 0
27 -5 0
27 -5 0
27 -5 0
27 -5 0
27 -5 0
27 -5 0
69 -5 0
69 -5 0
6 -5 0
19 -5 0
37 -5 0
37 -5 0
45 -5 0
42 -5 0
53 -5 0
53 -5 0
53 -5 0
53 -5 0
40 4 1
18 4 1
47 4 1
18 4 1
18 4 1
18 4 1
18 4 1
63 4 1
72 4 1
72 4 1
73 4 1
73 4 1
1 4 1
1 4 1
1 4 1
1 4 1
1 4 1
1 4 1
1 4 1
1 4 1
1 4 1
29 4 1
42 4 1
2 4 1
4 4 1
4 4 1
4 4 1
29 4 1
29 4 1
29 4 1
29 4 1
29 4 1
29 4 1
29 4 1
29 4 1
29 4 1
29 4 1
29 4 1
29 4 1
29 4 1
29 4 1
45 4 1
13 4 1
1 4 1
18 4 1
37 4 1
72 4 1
35 4 1
35 4 1
13 4 1
6 4 1
6 4 1
6 4 1
6 4 1
6 4 1
6 4 1
6 4 1
6 4 1
6 4 1
6 4 1
29 4 1
29 4 1
27 4 1
4 4 1
10 4 1
32 4 1
70 4 1
70 4 1
70 4 1
70 4 1
70 4 1
70 4 1
70 4 1
70 4 1
70 4 1
70 4 1
70 4 1
70 4 1
70 4 1
70 4 1
70 4 1
70 4 1
70 4 1
70 4 1
70 4 1
70 4 1
70 4 1
70 4 1
70 4 1
70 4 1
70 4 1
70 4 1
29 3 2
29 3 2
6 3 2
1 3 2
1 3 2
18 3 2
8 3 2
8 3 2
40 3 2
40 3 2
63 3 2
72 3 2
29 3 2
35 3 2
72 3 2
47 3 2
73 3 2
42 3 2
42 3 2
73 3 2
73 3 2
73 3 2
29 3 2
2 3 2
35 3 2
4 3 2
60 3 2
60 3 2
8 3 2
40 3 2
70 3 2
22 3 2
63 3 2
63 3 2
3 3 2
3 3 2
12 3 2
67 3 2
67 3 2
67 3 2
67 3 2
3 3 2
13 3 2
74 3 2
74 3 2
74 3 2
2 3 2
1 3 2
1 3 2
50 3 2
50 3 2
50 3 2
50 3 2
50 3 2
50 3 2
50 3 2
50 3 2
50 3 2
50 3 2
50 3 2
50 3 2
50 3 2
16 3 2
36 3 2
33 3 2
33 3 2
33 3 2
33 3 2
54 3 2
31 3 2
66 3 2
1 3 2
24 3 2
74 3 2
46 3 2
70 3 2
73 3 2
25 3 2
25 3 2
58 3 2
58 3 2
58 3 2
0 3 2
65 3 2
65 3 2
21 3 2
21 3 2
21 3 2
46 3 2
52 3 2
32 3 2
7 3 2
63 3 2
16 3 2
75 3 2
24 3 2
19 3 2
19 3 2
23 3 2
56 3 2
45 3 2
45 3 2
48 3 2
13 3 2
9 3 2
9 3 2
9 3 2
9 3 2
9 3 2
9 3 2
9 3 2
73 3 2
36 3 2
36 3 2
36 3 2
36 3 2
36 3 2
36 3 2
36 3 2
50 2 3
8 2 3
8 2 3
8 2 3
1 2 3
63 2 3
63 2 3
18 2 3
18 2 3
9 2 3
9 2 3
9 2 3
9 2 3
8 2 3
8 2 3
50 2 3
29 2 3
29 2 3
6 2 3
73 2 3
72 2 3
72 2 3
40 2 3
30 2 3
30 2 3
30 2 3
30 2 3
30 2 3
2 2 3
18 2 3
4 2 3
35 2 3
42 2 3
42 2 3
9 2 3
67 2 3
60 2 3
67 2 3
67 2 3
67 2 3
67 2 3
67 2 3
2 2 3
24 2 3
24 2 3
33 2 3
33 2 3
30 2 3
35 2 3
46 2 3
65 2 3
47 2 3
16 2 3
45 2 3
54 2 3
29 2 3
29 2 3
29 2 3
31 2 3
58 2 3
48 2 3
48 2 3
48 2 3
48 2 3
48 2 3
10 2 3
10 2 3
10 2 3
10 2 3
10 2 3
10 2 3
10 2 3
10 2 3
10 2 3
10 2 3
10 2 3
10 2 3
29 2 3
47 2 3
3 2 3
37 2 3
31 2 3
31 2 3
31 2 3
9 2 3
60 2 3
22 2 3
22 2 3
22 2 3
0 2 3
8 2 3
52 2 3
13 2 3
13 2 3
64 2 3
64 2 3
64 2 3
10 2 3
10 2 3
10 2 3
10 2 3
10 2 3
10 2 3
10 2 3
10 2 3
10 2 3
10 2 3
36 2 3
36 2 3
36 2 3
36 2 3
36 2 3
10 2 3
23 2 3
6 2 3
19 2 3
26 2 3
26 2 3
26 2 3
26 2 3
26 2 3
26 2 3
26 2 3
61 2 3
61 2 3
61 2 3
16 2 3
25 2 3
29 2 3
44 2 3
56 2 3
66 2 3
48 2 3
21 2 3
15 2 3
49 2 3
32 2 3
32 2 3
76 2 3
76 2 3
76 2 3
76 2 3
76 2 3
76 2 3
76 2 3
76 2 3
76 2 3
76 2 3
76 2 3
76 2 3
76 2 3
76 2 3
76 2 3
76 2 3
76 2 3
76 2 3
76 2 3
76 2 3
76 2 3
76 2 3
76 2 3
76 2 3
14 1 -4
9 1 -4
9 1 -4
9 1 -4
9 1 -4
9 1 -4
9 1 -4
9 1 -4
9 1 -4
14 1 -4
47 1 -4
40 1 -4
9 1 -4
14 1 -4
14 1 -4
14 1 -4
14 1 -4
14 1 -4
9 1 -4
9 1 -4
18 1 -4
18 1 -4
18 1 -4
42 1 -4
42 1 -4
42 1 -4
42 1 -4
14 1 -4
37 1 -4
9 1 -4
72 1 -4
72 1 -4
72 1 -4
72 1 -4
72 1 -4
72 1 -4
72 1 -4
72 1 -4
72 1 -4
72 1 -4
72 1 -4
72 1 -4
72 1 -4
72 1 -4
72 1 -4
72 1 -4
45 1 -4
45 1 -4
32 1 -4
46 1 -4
46 1 -4
4 1 -4
4 1 -4
39 1 -4
39 1 -4
35 1 -4
35 1 -4
35 1 -4
35 1 -4
35 1 -4
35 1 -4
35 1 -4
72 0 -5
9 0 -5
9 0 -5
9 0 -5
9 0 -5
9 0 -5
9 0 -5
41 -2 3
20 -2 3
41 -2 3
41 -2 3
27 -2 3
41 -2 3
41 -2 3
41 -2 3
41 -2 3
4 -2 3
41 -2 3
10 -2 3
10 -2 3
10 -2 3
10 -2 3
10 -2 3
10 -2 3
10 -2 3
20 -3 3
20 -3 3
27 -3 3
27 -3 3
27 -3 3
27 -3 3
27 -3 3
20 -4 -2
57 -4 -2
45 -4 -2
62 -4 -2
46 -4 -2
46 -4 -2
4 -4 -2
4 -4 -2
4 -4 -2
4 -4 -2
4 -4 -2
4 -4 -2
4 -4 -2
4 -4 -2
4 -4 -2
39 -4 -2
39 -4 -2
39 -4 -2
39 -4 -2
39 -4 -2
39 -4 -2
39 -4 -2
39 -4 -2
39 -4 -2
39 -4 -2
39 -4 -2
39 -4 -2
39 -4 -2
39 -4 -2
39 -4 -2
39 -4 -2
47 -4 -2
57 -4 -2
40 -4 -2
13 -4 -2
13 -4 -2
42 -4 -2
32 -4 -2
62 -4 -2
62 -4 -2
19 -4 -2
19 -4 -2
7 -4 -2
43 -4 -2
54 -4 -2
38 -4 -2
44 -4 -2
0 -4 -2
22 -4 -2
16 -4 -2
16 -4 -2
16 -4 -2
16 -4 -2
16 -4 -2
16 -4 -2
16 -4 -2
16 -4 -2
16 -4 -2
16 -4 -2
16 -4 -2
16 -4 -2
16 -4 -2
16 -4 -2
16 -4 -2
16 -4 -2
16 -4 -2
16 -4 -2
16 -4 -2
16 -4 -2
16 -4 -2
16 -4 -2
16 -4 -2
16 -4 -2
3 -4 -2
3 -4 -2
63 -4 -2
63 -4 -2
63 -4 -2
45 -4 -2
45 -4 -2
45 -4 -2
45 -4 -2
45 -4 -2
45 -4 -2
37 -4 -2
37 -4 -2
37 -4 -2
37 -4 -2
37 -4 -2
37 -4 -2
37 -4 -2
42 -4 -2
52 -4 -2
52 -4 -2
55 -4 -2
55 -4 -2
21 -4 -2
60 -4 -2
12 -4 -2
23 -4 -2
45 -4 -2
25 -4 -2
24 -4 -2
38 -4 -2
65 -4 -2
53 -4 -2
53 -4 -2
66 -4 -2
66 -4 -2
66 -4 -2
59 -4 -2
59 -4 -2
54 -4 -2
15 -4 -2
18 -4 -2
66 -4 -2
75 -4 -2
2 -4 -2
73 -4 -2
73 -4 -2
20 -4 -2
20 -4 -2
40 -4 -2
55 -4 -2
55 -4 -2
61 -4 -2
38 -4 -2
59 -4 -2
59 -4 -2
59 -4 -2
59 -4 -2
59 -4 -2
59 -4 -2
59 -4 -2
59 -4 -2
59 -4 -2
59 -4 -2
16 -5 -1
16 -5 -1
16 -5 -1
16 -5 -1
39 -5 -1
39 -5 -1
4 -5 -1
16 -5 -1
4 -5 -1
57 -5 -1
53 -5 -1
45 -5 -1
45 -5 -1
45 -5 -1
53 -5 -1
4 -5 -1
4 -5 -1
39 -5 -1
62 -5 -1
62 -5 -1
62 -5 -1
62 -5 -1
62 -5 -1
62 -5 -1
29 5 1
29 5 1
29 5 1
29 5 1
70 5 1
50 5 1
50 5 1
50 5 1
50 5 1
50 5 1
50 5 1
50 5 1
50 5 1
50 5 1
50 5 1
50 5 1
50 5 1
50 5 1
1 5 -1
6 5 -1
29 5 -1
1 5 -1
18 5 -1
18 5 -1
18 5 -1
18 5 -1
18 5 -1
40 5 -1
46 5 -1
18 5 -1
6 5 -1
63 5 -1
74 5 -1
74 5 -1
74 5 -1
74 5 -1
74 5 -1
74 5 -1
33 5 -1
33 5 -1
33 5 -1
33 5 -1
33 5 -1
33 5 -1
42 5 -1
42 5 -1
42 5 -1
42 5 -1
65 5 -1
74 5 -1
74 5 -1
74 5 -1
73 5 -1
23 5 -1
58 5 -1
58 5 -1
67 5 -1
45 5 -1
45 5 -1
54 5 -1
54 5 -1
54 5 -1
54 5 -1
54 5 -1
22 5 -1
22 5 -1
60 5 -1
47 5 -1
2 5 -1
24 5 -1
24 5 -1
24 5 -1
40 5 -1
64 5 -1
42 5 -1
40 5 -1
20 5 -1
7 5 -1
7 5 -1
3 5 -1
48 5 -1
4 5 -1
21 5 -1
21 5 -1
21 5 -1
0 5 -1
61 5 -1
61 5 -1
52 5 -1
52 5 -1
52 5 -1
31 5 -1
31 5 -1
1 5 -1
56 5 -1
15 5 -1
15 5 -1
25 5 -1
25 5 -1
31 5 -1
32 5 -1
13 5 -1
47 5 -1
47 5 -1
6 5 -1
55 5 -1
72 5 -1
73 5 -1
26 5 -1
1 5 -1
1 5 -1
1 5 -1
75 5 -1
75 5 -1
22 5 -1
1 5 -1
1 5 -1
1 5 -1
0 5 -1
19 5 -1
74 5 -1
74 5 -1
74 5 -1
74 5 -1
25 5 -1
0 5 -1
12 5 -1
24 5 -1
45 5 -1
66 5 -1
37 5 -1
37 5 -1
37 5 -1
52 5 -1
1 5 -1
1 5 -1
48 5 -1
73 5 -1
73 5 -1
73 5 -1
73 5 -1
73 5 -1
73 5 -1
73 5 -1
73 5 -1
29 4 2
29 4 2
29 4 2
70 4 2
29 4 2
29 4 2
29 4 2
29 4 2
29 4 2
70 4 2
1 4 2
29 4 2
1 4 2
8 4 2
70 4 2
18 4 2
67 4 2
67 4 2
67 4 2
70 4 2
70 4 2
70 4 2
70 4 2
70 4 2
67 4 2
67 4 2
67 4 2
67 4 2
67 4 2
67 4 2
67 4 2
67 4 2
70 4 2
36 4 2
6 4 2
6 4 2
6 4 2
33 4 2
40 4 2
67 4 2
18 4 2
67 4 2
67 4 2
48 4 2
6 4 2
50 4 2
26 4 2
26 4 2
26 4 2
26 4 2
26 4 2
26 4 2
26 4 2
29 4 2
2 4 2
63 4 2
18 4 2
63 4 2
63 4 2
31 4 2
31 4 2
24 4 2
47 4 2
63 4 2
63 4 2
63 4 2
63 4 2
63 4 2
63 4 2
63 4 2
63 4 2
63 4 2
63 4 2
63 4 2
63 4 2
63 4 2
63 4 2
63 4 2
63 4 2
63 4 2
63 4 2
63 4 2
63 4 2
63 4 2
63 4 2
63 4 2
63 4 2
63 4 2
63 4 2
1 4 -2
1 4 -2
1 4 -2
18 4 -2
1 4 -2
1 4 -2
29 4 -2
29 4 -2
29 4 -2
18 4 -2
29 4 -2
33 4 -2
74 4 -2
74 4 -2
72 4 -2
72 4 -2
72 4 -2
72 4 -2
72 4 -2
72 4 -2
72 4 -2
72 4 -2
72 4 -2
72 4 -2
67 4 -2
1 4 -2
40 4 -2
40 4 -2
54 4 -2
74 4 -2
73 4 -2
46 4 -2
46 4 -2
6 4 -2
73 4 -2
33 4 -2
72 4 -2
47 4 -2
23 4 -2
23 4 -2
0 4 -2
72 4 -2
42 4 -2
21 4 -2
21 4 -2
60 4 -2
37 4 -2
37 4 -2
7 4 -2
7 4 -2
15 4 -2
25 4 -2
25 4 -2
25 4 -2
15 4 -2
3 4 -2
61 4 -2
58 4 -2
23 4 -2
26 4 -2
75 4 -2
45 4 -2
33 4 -2
75 4 -2
75 4 -2
2 4 -2
2 4 -2
65 4 -2
52 4 -2
48 4 -2
22 4 -2
22 4 -2
22 4 -2
37 4 -2
37 4 -2
37 4 -2
37 4 -2
37 4 -2
37 4 -2
37 4 -2
72 3 -3
72 3 -3
1 3 -3
1 3 -3
1 3 -3
1 3 -3
1 3 -3
1 3 -3
1 3 -3
1 3 -3
1 3 -3
1 3 -3
1 3 -3
1 3 -3
1 3 -3
1 3 -3
1 3 -3
1 3 -3
1 3 -3
1 3 -3
1 3 -3
1 3 -3
1 3 -3
1 3 -3
1 3 -3
1 3 -3
1 3 -3
1 3 -3
1 3 -3
29 2 4
29 2 4
67 2 4
76 2 4
76 2 4
67 2 4
8 2 4
8 2 4
26 2 4
67 2 4
30 2 4
18 2 4
18 2 4
18 2 4
18 2 4
18 2 4
18 2 4
18 2 4
18 2 4
18 2 4
18 2 4
18 2 4
8 2 4
18 2 4
10 2 4
30 2 4
18 2 4
18 2 4
18 2 4
18 2 4
2 2 4
18 2 4
18 2 4
18 2 4
18 2 4
18 2 4
48 2 4
76 2 4
76 2 4
76 2 4
76 2 4
76 2 4
76 2 4
76 2 4
42 2 4
64 2 4
22 2 4
6 2 4
42 2 4
26 2 4
26 2 4
31 2 4
40 2 4
40 2 4
76 2 4
32 2 4
40 2 4
30 2 4
30 2 4
30 2 4
30 2 4
30 2 4
30 2 4
30 2 4
30 2 4
65 2 4
65 2 4
65 2 4
65 2 4
30 2 4
67 2 4
65 2 4
65 2 4
65 2 4
65 2 4
65 2 4
65 2 4
18 1 5
18 1 5
18 1 5
18 1 5
72 0 -6
72 0 -6
72 0 -6
72 0 -6
72 0 -6
72 0 -6
72 0 -6
72 0 -6
72 0 -6
72 0 -6
47 0 6
47 0 6
47 0 6
2 0 6
42 0 6
42 0 6
42 0 6
42 0 6
18 0 6
18 0 6
18 0 6
40 0 6
30 0 6
30 0 6
30 0 6
30 0 6
30 0 6
30 0 6
30 0 6
30 0 6
30 0 6
48 0 6
40 0 6
42 0 6
13 0 6
30 0 6
47 0 6
6 0 6
22 0 6
22 0 6
22 0 6
22 0 6
30 0 6
45 0 6
45 0 6
45 0 6
22 0 6
32 0 6
12 0 6
15 0 6
31 0 6
31 0 6
15 0 6
60 0 6
7 0 6
7 0 6
40 0 6
40 0 6
3 0 6
21 0 6
13 0 6
48 0 6
24 0 6
24 0 6
56 0 6
61 0 6
52 0 6
26 0 6
26 0 6
26 0 6
26 0 6
26 0 6
18 0 6
61 0 6
61 0 6
61 0 6
58 0 6
46 0 6
46 0 6
55 0 6
55 0 6
44 0 6
44 0 6
44 0 6
44 0 6
44 0 6
44 0 6
44 0 6
44 0 6
44 0 6
44 0 6
44 0 6
44 0 6
44 0 6
44 0 6
44 0 6
44 0 6
44 0 6
44 0 6
9 -1 -5
9 -1 -5
9 -1 -5
9 -1 -5
9 -1 -5
9 -1 -5
9 -1 -5
9 -1 -5
9 -1 -5
9 -1 -5
9 -1 -5
9 -1 -5
9 -1 -5
9 -1 -5
9 -1 -5
9 -1 -5
46 -1 -5
46 -1 -5
46 -1 -5
42 -1 -5
45 -1 -5
45 -1 -5
45 -1 -5
45 -1 -5
20 -1 -5
20 -1 -5
20 -1 -5
47 -1 -5
72 -1 -5
13 -1 -5
13 -1 -5
13 -1 -5
13 -1 -5
13 -1 -5
13 -1 -5
13 -1 -5
13 -1 -5
13 -1 -5
13 -1 -5
9 -1 -5
9 -1 -5
9 -1 -5
9 -1 -5
47 -1 -5
22 -1 -5
72 -1 -5
4 -1 -5
39 -1 -5
39 -1 -5
39 -1 -5
39 -1 -5
39 -1 -5
45 -1 -5
45 -1 -5
40 -1 -5
47 -1 -5
20 -1 -5
20 -1 -5
20 -1 -5
20 -1 -5
20 -1 -5
20 -1 -5
20 -1 -5
20 -1 -5
20 -1 -5
20 -1 -5
20 -1 -5
20 -1 -5
20 -1 -5
20 -1 -5
20 -1 -5
20 -1 -5
20 -1 -5
20 -1 -5
20 -1 -5
20 -1 -5
20 -1 -5
20 -1 -5
20 -1 -5
39 -2 -4
45 -2 -4
45 -2 -4
13 -2 -4
4 -2 -4
4 -2 -4
4 -2 -4
13 -2 -4
13 -2 -4
13 -2 -4
13 -2 -4
13 -2 -4
13 -2 -4
20 -2 -4
20 -2 -4
20 -2 -4
20 -2 -4
45 -2 -4
45 -2 -4
45 -2 -4
45 -2 -4
45 -2 -4
45 -2 -4
45 -2 -4
45 -2 -4
45 -2 -4
45 -2 -4
45 -2 -4
47 -3 4
47 -3 4
47 -3 4
47 -3 4
47 -3 4
47 -3 4
47 -3 4
47 -3 4
42 -3 4
27 -3 4
27 -3 4
27 -3 4
27 -3 4
27 -3 4
32 -3 4
22 -3 4
22 -3 4
22 -3 4
22 -3 4
22 -3 4
22 -3 4
22 -3 4
22 -3 4
27 -3 4
48 -3 4
40 -3 4
12 -3 4
12 -3 4
12 -3 4
6 -3 4
4 -3 4
4 -3 4
4 -3 4
2 -3 4
19 -3 4
31 -3 4
31 -3 4
31 -3 4
31 -3 4
32 -3 4
32 -3 4
61 -3 4
61 -3 4
15 -3 4
15 -3 4
15 -3 4
24 -3 4
55 -3 4
3 -3 4
46 -3 4
66 -3 4
66 -3 4
66 -3 4
66 -3 4
66 -3 4
66 -3 4
66 -3 4
66 -3 4
66 -3 4
46 -3 4
7 -3 4
12 -3 4
12 -3 4
0 -3 4
0 -3 4
0 -3 4
10 -3 4
10 -3 4
10 -3 4
10 -3 4
10 -3 4
10 -3 4
10 -3 4
10 -3 4
10 -3 4
10 -3 4
10 -3 4
10 -3 4
10 -3 4
10 -3 4
10 -3 4
10 -3 4
10 -3 4
10 -3 4
10 -3 4
10 -3 4
10 -3 4
10 -3 4
10 -3 4
10 -3 4
52 -3 4
48 -3 4
48 -3 4
48 -3 4
10 -3 4
10 -3 4
15 -3 4
10 -3 4
40 -3 4
48 -3 4
21 -3 4
21 -3 4
64 -3 4
0 -3 4
60 -3 4
60 -3 4
75 -3 4
75 -3 4
10 -3 4
10 -3 4
6 -3 4
12 -3 4
60 -3 4
60 -3 4
60 -3 4
60 -3 4
60 -3 4
60 -3 4
60 -3 4
60 -3 4
60 -3 4
60 -3 4
60 -3 4
60 -3 4
60 -3 4
60 -3 4
60 -3 4
60 -3 4
60 -3 4
60 -3 4
60 -3 4
27 -4 3
27 -4 3
27 -4 3
57 -4 3
47 -4 3
4 -4 3
22 -4 3
48 -4 3
66 -4 3
32 -4 3
15 -4 3
27 -4 3
27 -4 3
60 -4 3
22 -4 3
10 -4 3
15 -4 3
31 -4 3
52 -4 3
16 -4 3
16 -4 3
16 -4 3
16 -4 3
16 -4 3
22 -4 3
22 -4 3
39 -4 3
39 -4 3
12 -4 3
22 -4 3
22 -4 3
60 -4 3
57 -4 3
19 -4 3
6 -4 3
6 -4 3
27 -4 3
27 -4 3
27 -4 3
27 -4 3
27 -4 3
27 -4 3
27 -4 3
27 -4 3
27 -4 3
27 -4 3
42 -4 3
46 -4 3
46 -4 3
32 -4 3
32 -4 3
32 -4 3
32 -4 3
32 -4 3
32 -4 3
32 -4 3
32 -4 3
32 -4 3
32 -4 3
32 -4 3
32 -4 3
32 -4 3
32 -4 3
16 -5 -2
39 -5 -2
39 -5 -2
4 -5 -2
59 -5 -2
59 -5 -2
16 -5 -2
16 -5 -2
16 -5 -2
39 -5 -2
39 -5 -2
46 -5 -2
62 -5 -2
59 -5 -2
59 -5 -2
59 -5 -2
53 -5 -2
52 -5 -2
52 -5 -2
59 -5 -2
62 -5 -2
7 -5 -2
7 -5 -2
19 -5 -2
46 -5 -2
46 -5 -2
46 -5 -2
19 -5 -2
62 -5 -2
16 -5 -2
16 -5 -2
54 -5 -2
57 -5 -2
57 -5 -2
57 -5 -2
57 -5 -2
66 -5 -2
59 -5 -2
64 -5 -2
64 -5 -2
64 -5 -2
64 -5 -2
59 -5 -2
55 -5 -2
6 -5 -2
6 -5 -2
6 -5 -2
6 -5 -2
6 -5 -2
6 -5 -2
6 -5 -2
29 5 2
29 5 2
29 5 2
67 5 2
67 5 2
67 5 2
63 5 2
63 5 2
50 5 2
29 5 2
50 5 2
50 5 2
50 5 2
50 5 2
50 5 2
8 5 2
8 5 2
8 5 2
8 5 2
8 5 2
8 5 2
8 5 2
8 5 2
8 5 2
8 5 2
8 5 2
8 5 2
8 5 2
8 5 2
8 5 2
8 5 2
8 5 2
8 5 2
8 5 2
37 5 -2
73 5 -2
73 5 -2
29 5 -2
73 5 -2
33 5 -2
33 5 -2
1 5 -2
54 5 -2
54 5 -2
37 5 -2
1 5 -2
46 5 -2
29 5 -2
29 5 -2
25 5 -2
39 5 -2
64 5 -2
39 5 -2
7 5 -2
7 5 -2
7 5 -2
7 5 -2
7 5 -2
3 5 -2
75 5 -2
21 5 -2
58 5 -2
67 5 -2
67 5 -2
67 5 -2
67 5 -2
67 5 -2
67 5 -2
67 5 -2
67 5 -2
67 5 -2
73 5 -2
40 5 -2
40 5 -2
40 5 -2
56 5 -2
56 5 -2
67 5 -2
0 5 -2
24 5 -2
42 5 -2
42 5 -2
42 5 -2
52 5 -2
1 5 -2
19 5 -2
19 5 -2
61 5 -2
61 5 -2
7 5 -2
55 5 -2
66 5 -2
66 5 -2
1 5 -2
52 5 -2
15 5 -2
75 5 -2
61 5 -2
31 5 -2
31 5 -2
31 5 -2
31 5 -2
31 5 -2
31 5 -2
31 5 -2
31 5 -2
13 -1 -6
13 -1 -6
13 -1 -6
13 -1 -6
13 -1 -6
20 -1 -6
20 -1 -6
20 -1 -6
13 -1 -6
13 -1 -6
13 -1 -6
13 -1 -6
13 -1 -6
13 -1 -6
9 -1 -6
20 -1 -6
20 -1 -6
4 -1 -6
4 -1 -6
4 -1 -6
4 -1 -6
4 -1 -6
4 -1 -6
4 -1 -6
72 -1 -6
46 -1 -6
13 -1 -6
20 -1 -6
20 -1 -6
20 -1 -6
20 -1 -6
72 -1 -6
72 -1 -6
21 -1 -6
21 -1 -6
21 -1 -6
21 -1 -6
21 -1 -6
21 -1 -6
72 -1 -6
4 -1 -6
4 -1 -6
4 -1 -6
24 -1 -6
42 -1 -6
47 -1 -6
72 -1 -6
72 -1 -6
72 -1 -6
72 -1 -6
72 -1 -6
72 -1 -6
72 -1 -6
72 -1 -6
23 -1 -6
4 -1 -6
55 -1 -6
66 -1 -6
48 -1 -6
9 -1 -6
12 -1 -6
12 -1 -6
12 -1 -6
19 -1 -6
40 -1 -6
3 -1 -6
2 -1 -6
0 -1 -6
39 -1 -6
48 -1 -6
48 -1 -6
61 -1 -6
61 -1 -6
61 -1 -6
61 -1 -6
61 -1 -6
61 -1 -6
29 -7 1
52 -7 1
19 -7 1
19 -7 1
19 -7 1
19 -7 1
54 -7 1
54 -7 1
40 -7 1
46 -7 1
0 -7 1
3 -7 1
57 -7 1
57 -7 1
15 -7 1
7 -7 1
33 -7 1
16 -7 1
53 -7 1
53 -7 1
53 -7 1
53 -7 1
53 -7 1
66 -7 1
64 -7 1
64 -7 1
64 -7 1
64 -7 1
48 -7 1
48 -7 1
48 -7 1
48 -7 1
48 -7 1
48 -7 1
48 -7 1
48 -7 1
48 -7 1
48 -7 1
48 -7 1
64 -7 1
53 -7 1
29 -7 1
75 -7 1
53 -7 1
53 -7 1
55 -7 1
67 -7 1
25 -7 1
19 -7 1
19 -7 1
39 -7 1
39 -7 1
39 -7 1
58 -7 1
2 -7 1
58 -7 1
58 -7 1
23 -7 1
23 -7 1
23 -7 1
23 -7 1
23 -7 1
23 -7 1
23 -7 1
47 -7 1
47 -7 1
47 -7 1
57 -7 1
12 -7 1
22 -7 1
22 -7 1
16 -7 1
24 -7 1
24 -7 1
24 -7 1
24 -7 1
24 -7 1
75 -7 1
75 -7 1
19 -7 1
19 -7 1
19 -7 1
19 -7 1
19 -7 1
19 -7 1
19 -7 1
56 -7 1
42 -7 1
33 -7 1
67 -7 1
54 -7 1
54 -7 1
40 -7 1
47 -7 1
52 -7 1
52 -7 1
53 -7 1
26 -7 1
6 -7 1
40 -7 1
54 -7 1
21 -7 1
75 -7 1
6 -7 1
53 -7 1
23 -7 1
67 -7 1
67 -7 1
67 -7 1
67 -7 1
67 -7 1
67 -7 1
19 -7 1
42 -7 1
15 -7 1
3 -7 1
3 -7 1
55 -7 1
55 -7 1
55 -7 1
55 -7 1
67 -7 1
7 -7 1
7 -7 1
64 -7 1
29 -7 1
4 -7 1
4 -7 1
66 -7 1
66 -7 1
66 -7 1
6 -7 1
67 -7 1
66 -7 1
66 -7 1
58 -7 1
73 -7 1
24 -7 1
53 -7 1
67 -7 1
46 -7 1
57 -7 1
3 -7 1
3 -7 1
25 -7 1
55 -7 1
26 -7 1
26 -7 1
26 -7 1
73 -7 1
39 -7 1
2 -7 1
23 -7 1
53 -7 1
53 -7 1
53 -7 1
19 -7 1
19 -7 1
19 -7 1
19 -7 1
53 -7 1
23 -7 1
0 -7 1
0 -7 1
56 -7 1
16 -7 1
62 -7 1
48 -7 1
48 -7 1
48 -7 1
48 -7 1
48 -7 1
26 -7 1
16 -7 1
4 -7 1
52 -7 1
12 -7 1
67 -7 1
67 -7 1
67 -7 1
67 -7 1
67 -7 1
67 -7 1
67 -7 1
67 -7 1
67 -7 1
67 -7 1
67 -7 1
29 6 2
29 6 2
29 6 2
29 6 2
29 6 2
29 6 2
29 6 2
29 6 2
29 6 2
29 6 2
29 6 2
48 6 2
48 6 2
29 6 2
26 6 2
67 6 2
19 6 2
19 6 2
19 6 2
19 6 2
19 6 2
19 6 2
19 6 2
39 6 -2
39 6 -2
31 6 -2
7 6 -2
37 6 -2
29 6 -2
54 6 -2
54 6 -2
54 6 -2
54 6 -2
31 6 -2
31 6 -2
31 6 -2
31 6 -2
31 6 -2
31 6 -2
31 6 -2
31 6 -2
31 6 -2
31 6 -2
31 6 -2
16 6 -2
73 6 -2
73 6 -2
73 6 -2
73 6 -2
73 6 -2
73 6 -2
73 6 -2
73 6 -2
73 6 -2
73 6 -2
73 6 -2
64 6 -2
64 6 -2
75 6 -2
52 6 -2
52 6 -2
52 6 -2
37 6 -2
23 6 -2
33 6 -2
33 6 -2
64 6 -2
64 6 -2
24 6 -2
54 6 -2
55 6 -2
0 6 -2
73 6 -2
58 6 -2
58 6 -2
58 6 -2
58 6 -2
3 6 -2
73 6 -2
56 6 -2
39 6 -2
25 6 -2
37 6 -2
37 6 -2
31 6 -2
31 6 -2
31 6 -2
31 6 -2
31 6 -2
31 6 -2
31 6 -2
66 6 -2
66 6 -2
66 6 -2
66 6 -2
66 6 -2
66 6 -2
66 6 -2
7 6 -2
24 6 -2
24 6 -2
24 6 -2
66 6 -2
73 6 -2
73 6 -2
73 6 -2
73 6 -2
73 6 -2
73 6 -2
73 6 -2
58 6 -2
58 6 -2
58 6 -2
58 6 -2
58 6 -2
58 6 -2
58 6 -2
58 6 -2
58 6 -2
58 6 -2
58 6 -2
58 6 -2
58 6 -2
58 6 -2
58 6 -2
58 6 -2
58 6 -2
58 6 -2
58 6 -2
58 6 -2
58 6 -2
58 6 -2
1 5 -3
1 5 -3
1 5 -3
1 5 -3
54 5 -3
1 5 -3
1 5 -3
1 5 -3
1 5 -3
7 5 -3
31 5 -3
31 5 -3
31 5 -3
31 5 -3
1 5 -3
1 5 -3
1 5 -3
1 5 -3
7 5 -3
73 5 -3
37 5 -3
7 5 -3
7 5 -3
7 5 -3
33 5 -3
7 5 -3
7 5 -3
7 5 -3
7 5 -3
7 5 -3
7 5 -3
7 5 -3
1 5 -3
66 5 -3
66 5 -3
66 5 -3
66 5 -3
66 5 -3
66 5 -3
66 5 -3
66 5 -3
66 5 -3
29 4 4
29 4 4
29 4 4
29 4 4
29 4 4
29 4 4
29 4 4
29 4 4
29 4 4
29 4 4
29 4 4
29 4 4
29 4 4
29 4 4
29 4 4
26 4 4
26 4 4
26 4 4
26 4 4
29 4 4
29 4 4
29 4 4
29 4 4
29 4 4
29 4 4
29 4 4
33 4 4
26 4 4
42 4 4
63 4 4
29 4 4
40 4 4
55 4 4
55 4 4
55 4 4
26 4 4
26 4 4
15 4 4
15 4 4
15 4 4
63 4 4
18 4 4
18 4 4
0 4 4
0 4 4
0 4 4
56 4 4
56 4 4
3 4 4
26 4 4
26 4 4
26 4 4
26 4 4
26 4 4
26 4 4
26 4 4
26 4 4
26 4 4
26 4 4
26 4 4
26 4 4
26 4 4
26 4 4
26 4 4
13 1 -7
21 1 -7
72 1 -7
72 1 -7
72 1 -7
72 1 -7
72 1 -7
72 1 -7
72 1 -7
72 1 -7
72 1 -7
72 1 -7
72 1 -7
72 1 -7
72 1 -7
72 1 -7
72 1 -7
72 1 -7
72 1 -7
72 1 -7
72 1 -7
72 1 -7
72 1 -7
72 1 -7
72 1 -7
72 1 -7
72 1 -7
72 1 -7
72 1 -7
72 1 -7
72 1 -7
72 1 -7
72 1 -7
72 1 -7
72 1 -7
72 1 -7
72 1 -7
72 1 -7
72 1 -7
72 1 -7
72 1 -7
72 1 -7
72 1 -7
72 1 -7
12 1 -7
13 1 -7
42 1 -7
25 1 -7
25 1 -7
25 1 -7
25 1 -7
25 1 -7
25 1 -7
25 1 -7
25 1 -7
25 1 -7
25 1 -7
25 1 -7
25 1 -7
25 1 -7
47 -2 6
13 -2 6
21 -2 6
47 -2 6
22 -2 6
44 -2 6
44 -2 6
44 -2 6
44 -2 6
21 -2 6
13 -2 6
15 -2 6
13 -2 6
44 -2 6
47 -2 6
12 -2 6
4 -2 6
0 -2 6
75 -2 6
44 -2 6
3 -2 6
33 -2 6
22 -2 6
24 -2 6
4 -2 6
15 -2 6
4 -2 6
56 -2 6
56 -2 6
56 -2 6
42 -2 6
47 -2 6
47 -2 6
47 -2 6
47 -2 6
47 -2 6
47 -2 6
47 -2 6
47 -2 6
47 -2 6
46 -2 6
46 -2 6
2 -2 6
33 -2 6
52 -2 6
54 -2 6
54 -2 6
54 -2 6
54 -2 6
54 -2 6
54 -2 6
13 -2 6
46 -2 6
75 -2 6
55 -2 6
55 -2 6
40 -2 6
61 -2 6
44 -2 6
3 -2 6
61 -2 6
3 -2 6
75 -2 6
75 -2 6
75 -2 6
75 -2 6
75 -2 6
75 -2 6
75 -2 6
60 -2 6
54 -2 6
54 -2 6
54 -2 6
54 -2 6
54 -2 6
54 -2 6
54 -2 6
54 -2 6
54 -2 6
60 -2 6
56 -2 6
56 -2 6
56 -2 6
56 -2 6
56 -2 6
56 -2 6
56 -2 6
56 -2 6
56 -2 6
56 -2 6
13 -3 -6
13 -3 -6
4 -3 -6
39 -3 -6
39 -3 -6
13 -3 -6
13 -3 -6
13 -3 -6
16 -3 -6
16 -3 -6
16 -3 -6
16 -3 -6
54 -3 -6
47 -3 -6
47 -3 -6
47 -3 -6
47 -3 -6
47 -3 -6
47 -3 -6
47 -3 -6
47 -3 -6
47 -3 -6
47 -3 -6
47 -3 -6
47 -3 -6
47 -3 -6
21 -3 -6
54 -3 -6
39 -3 -6
39 -3 -6
13 -3 -6
13 -3 -6
46 -3 -6
75 -3 -6
75 -3 -6
61 -3 -6
16 -3 -6
16 -3 -6
16 -3 -6
16 -3 -6
12 -3 -6
12 -3 -6
12 -3 -6
12 -3 -6
12 -3 -6
12 -3 -6
12 -3 -6
12 -3 -6
16 -4 -5
16 -4 -5
13 -4 -5
13 -4 -5
13 -4 -5
39 -4 -5
13 -4 -5
13 -4 -5
13 -4 -5
13 -4 -5
13 -4 -5
13 -4 -5
13 -4 -5
13 -4 -5
13 -4 -5
16 -5 -4
16 -5 -4
16 -5 -4
16 -5 -4
16 -5 -4
16 -5 -4
16 -5 -4
16 -5 -4
39 -6 -3
39 -6 -3
39 -6 -3
39 -6 -3
39 -6 -3
39 -6 -3
39 -6 -3
39 -6 -3
39 -6 -3
39 -6 -3
39 -6 -3
39 -6 -3
39 -6 -3
39 -6 -3
64 -6 -3
7 -6 -3
16 -6 -3
4 -6 -3
4 -6 -3
4 -6 -3
4 -6 -3
16 -6 -3
52 -6 -3
16 -6 -3
24 -6 -3
24 -6 -3
48 -6 -3
39 -6 -3
7 -6 -3
7 -6 -3
7 -6 -3
46 -6 -3
46 -6 -3
46 -6 -3
46 -6 -3
46 -6 -3
46 -6 -3
46 -6 -3
7 7 -2
58 7 -2
58 7 -2
58 7 -2
58 7 -2
39 7 -2
39 7 -2
39 7 -2
39 7 -2
39 7 -2
39 7 -2
39 7 -2
39 7 -2
39 7 -2
31 7 -2
31 7 -2
58 7 -2
7 7 -2
64 7 -2
58 7 -2
39 7 -2
24 7 -2
24 7 -2
37 7 -2
7 7 -2
7 7 -2
7 7 -2
73 7 -2
73 7 -2
73 7 -2
37 7 -2
48 7 -2
73 7 -2
39 7 -2
39 7 -2
52 7 -2
52 7 -2
52 7 -2
52 7 -2
52 7 -2
0 7 -2
0 7 -2
52 7 -2
33 7 -2
37 7 -2
48 7 -2
66 7 -2
66 7 -2
66 7 -2
66 7 -2
66 7 -2
66 7 -2
66 7 -2
66 7 -2
37 7 -2
58 7 -2
58 7 -2
58 7 -2
55 7 -2
23 7 -2
23 7 -2
23 7 -2
23 7 -2
23 7 -2
23 7 -2
23 7 -2
23 7 -2
23 7 -2
23 7 -2
23 7 -2
37 7 -2
37 7 -2
37 7 -2
59 7 -2
66 7 -2
66 7 -2
15 7 -2
66 7 -2
66 7 -2
66 7 -2
66 7 -2
66 7 -2
66 7 -2
7 7 -2
39 7 -2
54 7 -2
54 7 -2
66 7 -2
75 7 -2
37 7 -2
2 7 -2
4 7 -2
23 7 -2
23 7 -2
3 7 -2
3 7 -2
3 7 -2
3 7 -2
3 7 -2
3 7 -2
3 7 -2
3 7 -2
3 7 -2
3 7 -2
3 7 -2
4 2 7
21 2 7
42 2 7
25 2 7
33 2 7
75 2 7
2 2 7
2 2 7
2 2 7
2 2 7
21 2 7
25 2 7
2 2 7
75 2 7
40 2 7
54 2 7
33 2 7
40 2 7
40 2 7
0 2 7
42 2 7
21 2 7
21 2 7
2 2 7
2 2 7
24 2 7
0 2 7
55 2 7
15 2 7
22 2 7
22 2 7
22 2 7
18 2 7
25 2 7
21 2 7
21 2 7
64 2 7
64 2 7
64 2 7
44 2 7
44 2 7
24 2 7
24 2 7
25 2 7
25 2 7
25 2 7
24 2 7
24 2 7
25 2 7
48 2 7
42 2 7
47 2 7
47 2 7
44 2 7
44 2 7
54 2 7
64 2 7
21 2 7
21 2 7
21 2 7
21 2 7
21 2 7
21 2 7
21 2 7
21 2 7
21 2 7
21 2 7
21 2 7
47 -2 -7
47 -2 -7
47 -2 -7
4 -2 -7
4 -2 -7
4 -2 -7
4 -2 -7
4 -2 -7
54 -2 -7
54 -2 -7
54 -2 -7
54 -2 -7
54 -2 -7
54 -2 -7
54 -2 -7
54 -2 -7
54 -2 -7
47 -4 6
75 -4 6
56 -4 6
47 -4 6
22 -4 6
22 -4 6
4 -4 6
47 -4 6
64 -4 6
33 -4 6
33 -4 6
15 -4 6
15 -4 6
56 -4 6
15 -4 6
15 -4 6
15 -4 6
15 -4 6
15 -4 6
15 -4 6
15 -4 6
55 -4 6
22 -4 6
0 -4 6
55 -4 6
24 -4 6
56 -4 6
0 -4 6
0 -4 6
0 -4 6
0 -4 6
0 -4 6
0 -4 6
15 -5 5
47 -5 5
47 -5 5
47 -5 5
47 -5 5
47 -5 5
48 -6 4
15 -6 4
22 -6 4
22 -6 4
22 -6 4
22 -6 4
22 -6 4
22 -6 4
22 -6 4
22 -6 4
22 -6 4
22 -6 4
22 -6 4
48 -7 3
48 -7 3
48 -7 3
48 -7 3
48 -7 3
23 -7 3
48 -7 3
23 -7 3
23 -7 3
23 -7 3
23 -7 3
23 -7 3
23 -7 3
23 -7 3
23 -7 3
39 -7 -3
7 -7 -3
7 -7 -3
7 -7 -3
7 -7 -3
7 -7 -3
7 -7 -3
39 -7 -3
39 -7 -3
39 -7 -3
39 -7 -3
39 -7 -3
39 -7 -3
24 -7 -3
7 -7 -3
7 -7 -3
7 -7 -3
7 -7 -3
7 -7 -3
52 -7 -3
66 -7 -3
48 -7 -3
75 -7 -3
75 -7 -3
75 -7 -3
75 -7 -3
75 -7 -3
7 7 -3
39 7 -3
39 7 -3
39 7 -3
39 7 -3
39 7 -3
39 7 -3
39 7 -3
66 7 -3
66 7 -3
66 7 -3
66 7 -3
66 7 -3
39 7 -3
39 7 -3
66 7 -3
66 7 -3
39 7 -3
39 7 -3
39 7 -3
39 7 -3
39 7 -3
39 7 -3
39 7 -3
29 5 5
29 5 5
29 5 5
29 5 5
29 5 5
29 5 5
29 5 5
29 5 5
29 5 5
29 5 5
29 5 5
29 5 5
29 5 5
29 5 5
42 5 5
40 5 5
33 5 5
26 5 5
26 5 5
26 5 5
26 5 5
2 5 5
24 5 5
55 5 5
64 5 5
64 5 5
64 5 5
48 5 5
52 5 5
24 5 5
26 5 5
26 5 5
26 5 5
40 5 5
15 5 5
42 5 5
42 5 5
42 5 5
24 5 5
24 5 5
24 5 5
42 5 5
24 5 5
2 5 5
64 5 5
64 5 5
64 5 5
64 5 5
48 5 5
26 5 5
26 5 5
42 5 5
42 5 5
42 5 5
42 5 5
29 5 5
29 5 5
15 5 5
26 5 5
2 5 5
24 5 5
29 5 5
55 5 5
64 5 5
33 5 5
33 5 5
33 5 5
52 5 5
52 5 5
52 5 5
52 5 5
52 5 5
52 5 5
29 5 5
29 5 5
4 5 5
4 5 5
4 5 5
4 5 5
4 5 5
4 5 5
2 7 -7
7 5 -6
15 -5 -7
24 5 -6
29 5 6
33 -6 -6
40 7 -7
42 4 7
48 -7 6
52 5 -6
55 -6 -6
64 6 6
2 7 -7
7 -7 -5
15 -5 -7
24 6 6
29 5 6
33 -5 -7
40 7 -7
42 4 7
48 -7 6
52 5 -6
55 -6 -6
64 6 5
2 6 6
7 -7 -5
15 -5 -7
24 6 5
29 6 5
33 -5 -7
40 7 -7
42 4 7
52 5 -6
55 -6 -6
64 4 7
2 6 6
7 -7 -5
15 -5 -7
24 6 5
29 6 5
33 -6 -6
40 7 -7
42 5 6
52 5 -6
55 -5 -7
64 5 6
2 5 6
7 -7 -5
15 -6 -6
24 5 6
29 7 4
33 6 5
40 7 -7
42 4 7
52 5 -6
55 -6 -6
64 5 6
2 4 7
7 -7 -5
15 6 6
24 4 7
29 4 7
33 4 7
40 7 -7
42 6 6
52 5 -6
55 -6 -6
64 4 7
2 -5 -7
7 -7 -5
15 6 6
24 7 4
29 7 4
33 6 6
42 6 6
52 5 -6
55 -6 -6
64 4 7
2 -6 -6
7 -7 -5
15 6 5
24 -5 -7
29 7 4
33 -5 -7
42 6 6
52 5 -6
55 -5 -7
64 4 7
2 -6 -6
7 -7 -5
15 7 4
24 2 2
29 7 4
33 -5 -7
42 5 6
52 5 -6
55 -5 -7
64 5 6
2 6 5
15 7 4
24 2 2
29 7 4
33 -6 -6
42 4 7
55 -5 -7
64 5 6
2 6 5
15 7 4
24 2 2
29 7 4
33 -6 -6
42 6 5
55 6 6
64 5 6
2 6 5
15 7 4
24 2 2
29 5 6
33 -6 -6
42 6 5
55 6 6
64 7 4
2 7 4
15 5 6
24 2 2
29 5 6
33 -6 -6
42 6 5
55 6 6
64 -5 -7
76 2 3
2 5 6
15 5 6
24 4 7
29 4 7
33 -6 -6
42 6 5
55 6 6
64 -5 -7
2 -5 -7
15 7 4
24 4 7
29 4 7
33 -5 -7
42 6 5
55 6 6
64 -5 -7
2 2 2
15 7 4
24 -6 -6
29 4 7
33 7 4
42 6 5
55 6 6
64 -5 -7
2 5 -6
15 7 4
24 -6 -6
29 4 7
33 -6 -6
42 6 5
55 6 6
64 -5 -7
2 -6 -6
15 7 4
24 2 2
29 4 7
33 2 2
42 6 5
55 6 6
2 -6 -6
15 7 4
24 2 2
29 4 7
33 5 6
42 6 5
2 5 -6
15 7 4
24 2 2
33 -6 -6
42 6 5
2 5 -6
15 7 4
24 2 2
33 -3 -6
42 6 5
52 5 -6
2 5 -6
15 7 4
24 2 2
33 -7 -5
42 6 5
52 5 -6
2 5 -6
7 -7 -5
15 7 4
24 2 2
33 -7 -5
52 5 -6
2 5 -6
7 -7 -5
24 5 2
33 -7 -5
52 5 -6
2 5 -6
7 -7 -5
24 2 2
33 -7 -5
52 5 -6
2 5 -6
7 -7 -5
24 1 5
33 -7 -5
52 5 -6
2 5 -6
7 -6 -6
24 5 2
33 -7 -5
52 5 -6
2 5 -6
7 -6 -6
8 5 2
24 5 2
33 -7 -5
52 5 -6
2 5 -6
7 -6 -6
8 5 2
24 5 2
52 5 6
2 5 -6
7 -6 -6
8 5 2
24 5 2
52 5 6
2 5 -6
8 5 2
24 5 2
52 5 6
24 5 2
8 5 2
24 5 2
8 5 2
24 5 2
8 5 2
24 5 2
8 5 2
24 5 2
8 5 2
24 5 2
8 2 2
24 5 2
8 2 2
24 5 2
8 2 2
24 5 2
8 2 2
-1 -1 -1
8
46
36
24
38
51
11
17
49
61
71
58
3
7
53
23
12
59
56
27
69
50
15
18
31
55
39
1
68
43
57
34
4
21
66
54
44
42
73
25
26
64
30
2
63
74
16
14
22
52
32
65
37
9
75
29
76
5
28
6
0
70
10
40
13
47
35
19
67
72
41
60
62
33
45
20
48
