270 259 248 238 227 217 206 217 227 238 248 259 270 280 291 301 312 323 333 344 354 365 375 365 354 344 333 323 312 301 291 280 
280 270 259 248 238 227 217 227 238 248 259 270 280 291 301 312 323 333 344 354 365 375 475 375 365 354 344 333 323 312 301 291 
270 259 248 238 227 217 206 217 227 238 248 259 270 280 291 301 312 323 333 344 354 365 375 365 354 344 333 323 312 301 291 280 
259 248 238 227 217 206 195 206 217 227 238 248 259 270 280 291 301 312 323 333 344 354 365 354 344 333 323 312 301 291 280 270 
248 238 227 217 206 195 185 195 206 217 227 238 248 259 270 280 291 301 312 323 333 344 354 344 333 323 312 301 291 280 270 259 
238 227 217 206 195 185 174 185 195 206 217 227 238 248 259 270 280 291 301 312 323 333 344 333 323 312 301 291 280 270 259 248 
227 217 206 195 185 174 164 174 185 195 206 217 227 238 248 259 270 280 291 301 312 323 333 323 312 301 291 280 270 259 248 238 
217 206 195 185 174 164 153 164 174 185 195 206 217 227 238 248 259 270 280 291 301 312 323 312 301 291 280 270 259 248 238 227 
206 195 185 174 164 153 142 153 164 174 185 195 206 217 227 238 248 259 270 280 291 301 312 301 291 280 270 259 248 238 227 217 
195 185 174 164 153 142 132 142 153 164 174 185 195 206 217 227 238 248 259 270 280 291 301 291 280 270 259 248 238 227 217 206 
185 174 164 153 142 132 121 132 142 153 164 174 185 195 206 217 227 238 248 259 270 280 291 280 270 259 248 238 227 217 206 195 
174 164 153 142 132 121 111 121 132 142 153 164 174 185 195 206 217 227 238 248 259 270 280 270 259 248 238 227 217 206 195 185 
164 153 142 132 121 111 100 111 121 132 142 153 164 174 185 195 206 217 227 238 248 259 270 259 248 238 227 217 206 195 185 174 
153 142 132 121 111 100 89 100 111 121 132 142 153 164 174 185 195 206 217 227 238 248 259 248 238 227 217 206 195 185 174 164 
142 132 121 111 100 89 79 89 100 111 121 132 142 153 164 174 185 195 206 217 227 238 248 238 227 217 206 195 185 174 164 153 
132 121 111 100 89 79 68 79 89 100 111 121 132 142 153 164 174 185 195 206 217 227 238 227 217 206 195 185 174 164 153 142 
121 111 100 89 79 68 58 68 79 89 100 111 121 132 142 153 164 174 185 195 206 217 227 217 206 195 185 174 164 153 142 132 
111 100 89 79 68 58 47 58 68 79 89 100 111 121 132 142 153 164 174 185 195 206 217 206 195 185 174 164 153 142 132 121 
121 111 100 89 79 68 58 68 79 89 100 111 121 132 142 153 164 174 185 195 206 217 227 217 206 195 185 174 164 153 142 132 
132 121 111 100 89 79 68 79 89 100 111 121 132 142 153 164 174 185 195 206 217 227 238 227 217 206 195 185 174 164 153 142 
142 132 121 111 100 89 79 89 100 111 121 132 142 153 164 174 185 195 206 217 227 238 248 238 227 217 206 195 185 174 164 153 
153 142 132 121 111 100 89 100 111 121 132 142 153 164 174 185 195 206 217 227 238 248 259 248 238 227 217 206 195 185 174 164 
164 153 142 132 121 111 100 111 121 132 142 153 164 174 185 195 206 217 227 238 248 259 270 259 248 238 227 217 206 195 185 174 
174 164 153 142 132 121 111 121 132 142 153 164 174 185 195 206 217 227 238 248 259 270 280 270 259 248 238 227 217 206 195 185 
185 174 164 153 142 132 121 132 142 153 164 174 185 195 206 217 227 238 248 259 270 280 291 280 270 259 248 238 227 217 206 195 
195 185 174 164 153 142 132 142 153 164 174 185 195 206 217 227 238 248 259 270 280 291 301 291 280 270 259 248 238 227 217 206 
206 195 185 174 164 153 142 153 164 174 185 195 206 217 227 238 248 259 270 280 291 301 312 301 291 280 270 259 248 238 227 217 
217 206 195 185 174 164 153 164 174 185 195 206 217 227 238 248 259 270 280 291 301 312 323 312 301 291 280 270 259 248 238 227 
227 217 206 195 185 174 164 174 185 195 206 217 227 238 248 259 270 280 291 301 312 323 333 323 312 301 291 280 270 259 248 238 
238 227 217 206 195 185 174 185 195 206 217 227 238 248 259 270 280 291 301 312 323 333 344 333 323 312 301 291 280 270 259 248 
248 238 227 217 206 195 185 195 206 217 227 238 248 259 270 280 291 301 312 323 333 344 354 344 333 323 312 301 291 280 270 259 
259 248 238 227 217 206 195 206 217 227 238 248 259 270 280 291 301 312 323 333 344 354 365 354 344 333 323 312 301 291 280 270 
0 0 0
0 0 0
1 0 0
2 0 0
3 0 0
4 0 0
5 0 0
6 0 0
7 0 0
8 0 0
9 0 0
10 0 0
11 0 0
12 0 0
13 0 0
14 0 0
15 0 0
16 0 0
17 0 0
18 0 0
19 0 0
20 0 0
21 0 0
22 0 0
22 0 0
23 0 0
24 0 0
24 0 0
25 0 0
26 0 0
27 0 0
28 0 0
29 0 0
30 0 0
31 0 0
32 0 0
33 0 0
34 0 0
35 0 0
36 0 0
37 0 0
38 0 0
38 0 0
39 0 0
40 0 0
41 0 0
42 0 0
43 0 0
44 0 0
45 0 0
45 0 0
45 0 0
0 1 0
22 1 0
22 1 0
0 0 1
38 0 1
24 0 1
0 0 1
22 0 1
4 0 1
12 0 1
46 0 1
47 0 1
48 0 1
49 0 1
50 0 1
51 0 1
52 0 1
53 0 1
54 0 1
55 0 1
56 0 1
0 0 -2
38 0 -2
0 -2 0
24 2 0
22 2 0
52 2 0
55 2 0
47 2 0
38 2 0
13 2 0
3 2 0
29 2 0
57 2 0
58 2 0
59 2 0
60 2 0
61 2 0
62 2 0
63 2 0
64 2 0
65 2 0
66 2 0
67 2 0
68 2 0
52 1 -3
59 1 -3
24 1 -3
47 1 -3
3 1 -3
29 1 -3
24 0 -5
55 -1 -4
3 -1 -4
52 -1 -4
13 -1 -4
2 -1 -4
12 -1 -4
51 -1 -4
52 5 0
59 5 0
47 5 0
55 0 6
52 0 6
59 0 6
35 0 6
12 0 6
13 0 6
21 0 6
2 0 6
57 0 6
65 0 6
48 0 6
52 -2 4
3 -3 -3
2 -3 -3
55 -4 2
59 -4 2
3 -4 2
59 -4 2
65 -4 2
13 -4 2
41 -4 2
14 -4 2
69 -4 2
70 -4 2
71 -4 2
72 -4 2
73 -4 2
55 1 6
3 -1 -7
13 1 -9
12 1 -9
65 1 -9
41 -3 7
72 -3 7
4 -3 7
1 13 -10
5 -7 6
6 13 -10
7 -13 -13
8 -14 15
9 9 -9
10 -15 13
11 5 -14
12 3 -8
13 5 -6
14 3 -8
15 8 -10
16 -9 13
17 13 -3
18 -15 0
19 -15 0
20 8 -10
21 3 -8
23 8 -10
25 8 -10
26 3 -10
27 -11 14
28 13 -10
30 8 -10
31 -15 13
32 13 -10
33 3 -8
34 -13 -13
35 3 -8
36 -13 -13
37 8 -10
39 8 -10
40 3 -8
41 -10 -1
42 -7 6
43 8 -10
44 -14 15
46 8 -15
49 3 -8
50 3 -8
53 8 -10
54 3 -8
57 3 -8
58 -9 13
60 8 -10
61 8 -10
62 -9 13
63 8 -10
64 -9 10
66 8 -10
67 -9 13
69 13 -7
70 -15 0
71 10 6
72 -7 6
1 8 15
5 -15 0
6 15 -7
7 -14 15
8 14 13
9 -15 3
10 12 -14
11 13 -7
12 -1 -12
14 12 3
15 5 -14
16 13 11
17 -7 6
18 -12 0
19 -7 6
20 5 -14
21 9 -2
23 -15 3
25 12 3
26 12 3
27 13 11
28 -9 13
30 5 -14
31 -14 15
32 -9 13
33 6 -6
34 -14 15
35 -8 -3
36 -14 15
37 12 3
39 5 -14
40 -1 14
42 -5 9
43 12 3
44 -15 13
46 -14 15
49 5 -14
50 -7 6
53 12 3
54 5 -7
58 8 15
60 9 -9
61 -9 10
62 12 -14
63 -1 14
64 -12 -8
67 13 11
69 9 -9
70 10 6
71 3 -10
72 -4 12
1 -9 -11
7 -11 14
8 -15 -9
9 -2 12
10 13 -10
11 -5 -12
14 -11 -3
15 9 -9
16 -13 -13
17 -6 -10
18 -15 3
19 -4 11
20 3 -10
21 9 -2
23 -9 10
25 9 9
26 -7 6
27 14 12
28 -15 3
30 9 -9
31 14 12
34 -9 16
35 -8 -3
36 14 12
37 9 9
39 13 -3
40 13 -3
42 -5 9
43 3 15
50 -12 0
58 8 -15
60 3 -10
61 -15 3
62 8 15
64 -15 3
67 12 15
69 -13 -13
72 -5 9
14 8 7
16 -13 7
19 -4 12
20 5 14
21 9 -3
23 -9 10
25 8 7
26 9 -3
27 12 -14
31 12 15
59 5 7
61 -7 6
67 12 15
31 14 13
-1 -1 -1
15
26
17
12
16
41
43
31
42
13
46
21
9
68
54
49
36
23
32
18
65
56
1
29
8
47
57
50
39
2
58
44
28
63
27
25
45
55
7
62
48
30
19
71
38
6
37
67
4
64
33
11
14
52
69
0
5
72
60
66
70
24
61
10
40
3
59
51
73
35
53
34
22
20
