215 191 167 143 120 96 72 48 24 0 0 0 24 48 72 96 120 143 167 191 215 239 262 286 310 334 358 381 405 429 453 477 453 429 405 381 358 334 310 286 262 239 
239 215 191 167 143 120 96 72 48 24 0 24 48 72 96 120 143 167 191 215 239 262 286 310 334 358 381 405 429 453 477 500 477 453 429 405 381 358 334 310 286 262 
262 239 215 191 167 143 120 96 72 48 24 48 72 96 120 143 167 191 215 239 262 286 310 334 358 381 405 429 453 477 500 1000 500 477 453 429 405 381 358 334 310 286 
239 215 191 167 143 120 96 72 48 24 0 24 48 72 96 120 143 167 191 215 239 262 286 310 334 358 381 405 429 453 477 500 477 453 429 405 381 358 334 310 286 262 
215 191 167 143 120 96 72 48 24 0 0 0 24 48 72 96 120 143 167 191 215 239 262 286 310 334 358 381 405 429 453 477 453 429 405 381 358 334 310 286 262 239 
191 167 143 120 96 72 48 24 0 0 0 0 0 24 48 72 96 120 143 167 191 215 239 262 286 310 334 358 381 405 429 453 429 405 381 358 334 310 286 262 239 215 
167 143 120 96 72 48 24 0 0 0 0 0 0 0 24 48 72 96 120 143 167 191 215 239 262 286 310 334 358 381 405 429 405 381 358 334 310 286 262 239 215 191 
143 120 96 72 48 24 0 0 0 0 0 0 0 0 0 24 48 72 96 120 143 167 191 215 239 262 286 310 334 358 381 405 381 358 334 310 286 262 239 215 191 167 
120 96 72 48 24 0 0 0 0 0 0 0 0 0 0 0 24 48 72 96 120 143 167 191 215 239 262 286 310 334 358 381 358 334 310 286 262 239 215 191 167 143 
96 72 48 24 0 0 0 0 0 0 0 0 0 0 0 0 0 24 48 72 96 120 143 167 191 215 239 262 286 310 334 358 334 310 286 262 239 215 191 167 143 120 
72 48 24 0 0 0 0 0 0 0 0 0 0 0 0 0 0 0 24 48 72 96 120 143 167 191 215 239 262 286 310 334 310 286 262 239 215 191 167 143 120 96 
48 24 0 0 0 0 0 0 0 0 0 0 0 0 0 0 0 0 0 24 48 72 96 120 143 167 191 215 239 262 286 310 286 262 239 215 191 167 143 120 96 72 
24 0 0 0 0 0 0 0 0 0 0 0 0 0 0 0 0 0 0 0 24 48 72 96 120 143 167 191 215 239 262 286 262 239 215 191 167 143 120 96 72 48 
0 0 0 0 0 0 0 0 0 0 0 0 0 0 0 0 0 0 0 0 0 24 48 72 96 120 143 167 191 215 239 262 239 215 191 167 143 120 96 72 48 24 
0 0 0 0 0 0 0 0 0 0 0 0 0 0 0 0 0 0 0 0 0 0 24 48 72 96 120 143 167 191 215 239 215 191 167 143 120 96 72 48 24 0 
0 0 0 0 0 0 0 0 0 0 0 0 0 0 0 0 0 0 0 0 0 0 0 24 48 72 96 120 143 167 191 215 191 167 143 120 96 72 48 24 0 0 
0 0 0 0 0 0 0 0 0 0 0 0 0 0 0 0 0 0 0 0 0 0 0 0 24 48 72 96 120 143 167 191 167 143 120 96 72 48 24 0 0 0 
0 0 0 0 0 0 0 0 0 0 0 0 0 0 0 0 0 0 0 0 0 0 0 0 0 24 48 72 96 120 143 167 143 120 96 72 48 24 0 0 0 0 
0 0 0 0 0 0 0 0 0 0 0 0 0 0 0 0 0 0 0 0 0 0 0 0 0 0 24 48 72 96 120 143 120 96 72 48 24 0 0 0 0 0 
0 0 0 0 0 0 0 0 0 0 0 0 0 0 0 0 0 0 0 0 0 0 0 0 0 0 0 24 48 72 96 120 96 72 48 24 0 0 0 0 0 0 
0 0 0 0 0 0 0 0 0 0 0 0 0 0 0 0 0 0 0 0 0 0 0 0 0 0 0 0 24 48 72 96 72 48 24 0 0 0 0 0 0 0 
0 0 0 0 0 0 0 0 0 0 0 0 0 0 0 0 0 0 0 0 0 0 0 0 0 0 0 0 0 24 48 72 48 24 0 0 0 0 0 0 0 0 
0 0 0 0 0 0 0 0 0 0 0 0 0 0 0 0 0 0 0 0 0 0 0 0 0 0 0 0 0 0 24 48 24 0 0 0 0 0 0 0 0 0 
0 0 0 0 0 0 0 0 0 0 0 0 0 0 0 0 0 0 0 0 0 0 0 0 0 0 0 0 0 0 0 24 0 0 0 0 0 0 0 0 0 0 
0 0 0 0 0 0 0 0 0 0 0 0 0 0 0 0 0 0 0 0 0 0 0 0 0 0 0 0 0 0 24 48 24 0 0 0 0 0 0 0 0 0 
0 0 0 0 0 0 0 0 0 0 0 0 0 0 0 0 0 0 0 0 0 0 0 0 0 0 0 0 0 24 48 72 48 24 0 0 0 0 0 0 0 0 
0 0 0 0 0 0 0 0 0 0 0 0 0 0 0 0 0 0 0 0 0 0 0 0 0 0 0 0 24 48 72 96 72 48 24 0 0 0 0 0 0 0 
0 0 0 0 0 0 0 0 0 0 0 0 0 0 0 0 0 0 0 0 0 0 0 0 0 0 0 24 48 72 96 120 96 72 48 24 0 0 0 0 0 0 
0 0 0 0 0 0 0 0 0 0 0 0 0 0 0 0 0 0 0 0 0 0 0 0 0 0 24 48 72 96 120 143 120 96 72 48 24 0 0 0 0 0 
0 0 0 0 0 0 0 0 0 0 0 0 0 0 0 0 0 0 0 0 0 0 0 0 0 24 48 72 96 120 143 167 143 120 96 72 48 24 0 0 0 0 
0 0 0 0 0 0 0 0 0 0 0 0 0 0 0 0 0 0 0 0 0 0 0 0 24 48 72 96 120 143 167 191 167 143 120 96 72 48 24 0 0 0 
0 0 0 0 0 0 0 0 0 0 0 0 0 0 0 0 0 0 0 0 0 0 0 24 48 72 96 120 143 167 191 215 191 167 143 120 96 72 48 24 0 0 
0 0 0 0 0 0 0 0 0 0 0 0 0 0 0 0 0 0 0 0 0 0 24 48 72 96 120 143 167 191 215 239 215 191 167 143 120 96 72 48 24 0 
0 0 0 0 0 0 0 0 0 0 0 0 0 0 0 0 0 0 0 0 0 24 48 72 96 120 143 167 191 215 239 262 239 215 191 167 143 120 96 72 48 24 
24 0 0 0 0 0 0 0 0 0 0 0 0 0 0 0 0 0 0 0 24 48 72 96 120 143 167 191 215 239 262 286 262 239 215 191 167 143 120 96 72 48 
48 24 0 0 0 0 0 0 0 0 0 0 0 0 0 0 0 0 0 24 48 72 96 120 143 167 191 215 239 262 286 310 286 262 239 215 191 167 143 120 96 72 
72 48 24 0 0 0 0 0 0 0 0 0 0 0 0 0 0 0 24 48 72 96 120 143 167 191 215 239 262 286 310 334 310 286 262 239 215 191 167 143 120 96 
96 72 48 24 0 0 0 0 0 0 0 0 0 0 0 0 0 24 48 72 96 120 143 167 191 215 239 262 286 310 334 358 334 310 286 262 239 215 191 167 143 120 
120 96 72 48 24 0 0 0 0 0 0 0 0 0 0 0 24 48 72 96 120 143 167 191 215 239 262 286 310 334 358 381 358 334 310 286 262 239 215 191 167 143 
143 120 96 72 48 24 0 0 0 0 0 0 0 0 0 24 48 72 96 120 143 167 191 215 239 262 286 310 334 358 381 405 381 358 334 310 286 262 239 215 191 167 
167 143 120 96 72 48 24 0 0 0 0 0 0 0 24 48 72 96 120 143 167 191 215 239 262 286 310 334 358 381 405 429 405 381 358 334 310 286 262 239 215 191 
191 167 143 120 96 72 48 24 0 0 0 0 0 24 48 72 96 120 143 167 191 215 239 262 286 310 334 358 381 405 429 453 429 405 381 358 334 310 286 262 239 215 
0 -2 1
1 -2 1
2 -2 1
3 -2 1
4 -2 1
5 -2 1
5 -2 1
6 -2 1
6 -2 1
6 -2 1
6 -2 1
6 -2 1
7 -2 1
8 -2 1
9 -2 1
9 -2 1
10 -2 1
10 -2 1
11 -2 1
11 -2 1
11 -2 1
11 -2 1
12 -2 1
13 -2 1
13 -2 1
13 -2 1
13 -2 1
14 -2 1
15 -2 1
16 -2 1
17 -2 1
18 -2 1
18 -2 1
18 -2 1
19 -2 1
20 -2 1
21 -2 1
21 -2 1
22 -2 1
23 -2 1
23 -2 1
23 -2 1
24 -2 1
25 -2 1
25 -2 1
26 -2 1
27 -2 1
28 -2 1
28 -2 1
29 -2 1
30 -2 1
31 -2 1
31 -2 1
32 -2 1
32 -2 1
32 -2 1
32 -2 1
33 -2 1
33 -2 1
34 -2 1
35 -2 1
36 -2 1
37 -2 1
38 -2 1
39 -2 1
40 -2 1
40 -2 1
40 -2 1
40 -2 1
41 -2 1
41 -2 1
41 -2 1
41 -2 1
41 -2 1
41 -2 1
41 -2 1
41 -2 1
41 -2 1
41 -2 1
41 -2 1
41 -2 1
41 -2 1
41 -2 1
41 -2 1
41 -2 1
41 -2 1
41 -2 1
42 -2 1
43 -2 1
44 -2 1
45 -2 1
45 -2 1
46 -2 1
47 -2 1
48 -2 1
49 -2 1
50 -2 1
51 -2 1
52 -2 1
53 -2 1
54 -2 1
54 -2 1
54 -2 1
54 -2 1
54 -2 1
54 -2 1
54 -2 1
54 -2 1
54 -2 1
54 -2 1
54 -2 1
54 -2 1
54 -2 1
54 -2 1
54 -2 1
54 -2 1
54 -2 1
54 -2 1
54 -2 1
54 -2 1
54 -2 1
54 -2 1
54 -2 1
54 -2 1
55 -2 1
56 -2 1
57 -2 1
58 -2 1
59 -2 1
60 -2 1
61 -2 1
62 -2 1
63 -2 1
64 -2 1
65 -2 1
66 -2 1
66 -2 1
67 -2 1
68 -2 1
69 -2 1
70 -2 1
70 -2 1
70 -2 1
70 -2 1
70 -2 1
70 -2 1
71 -2 1
71 -2 1
72 -2 1
73 -2 1
74 -2 1
74 -2 1
75 -2 1
76 -2 1
76 -2 1
76 -2 1
77 -2 1
77 -2 1
78 -2 1
79 -2 1
79 -2 1
80 -2 1
81 -2 1
82 -2 1
75 -2 1
20 -2 1
20 -2 1
20 -2 1
20 -2 1
20 -2 1
20 -2 1
13 -2 1
13 -2 1
47 -2 1
14 -2 1
34 -2 1
30 -2 1
72 -2 1
72 -2 1
72 -2 1
26 -2 1
38 -2 1
11 -2 1
11 -2 1
11 -2 1
11 -2 1
70 -2 1
70 -2 1
70 -2 1
66 -2 1
77 -2 1
34 -2 1
34 -2 1
34 -2 1
34 -2 1
34 -2 1
34 -2 1
34 -2 1
34 -2 1
34 -2 1
34 -2 1
34 -2 1
34 -2 1
34 -2 1
34 -2 1
34 -2 1
34 -2 1
34 -2 1
34 -2 1
54 -2 1
57 -2 1
19 -2 1
19 -2 1
44 -2 1
44 -2 1
44 -2 1
44 -2 1
44 -2 1
44 -2 1
44 -2 1
44 -2 1
44 -2 1
44 -2 1
54 -3 1
34 -3 1
41 -3 1
41 -3 1
44 -3 1
54 -3 1
41 -3 1
41 -3 1
44 -3 1
34 -3 1
34 -3 1
34 -3 1
34 -3 1
11 -3 1
70 -3 1
13 -3 1
13 -3 1
41 -3 1
41 -3 1
44 -3 1
44 -3 1
72 -3 1
32 -3 1
32 -3 1
32 -3 1
32 -3 1
32 -3 1
32 -3 1
32 -3 1
32 -3 1
54 0 -6
54 0 -6
54 0 -6
34 0 -6
41 0 -6
34 0 -6
54 0 -6
13 0 -6
70 0 -6
11 0 -6
20 0 -6
20 0 -6
70 0 -6
40 0 -6
11 0 -6
6 0 -6
72 0 -6
19 0 -6
18 0 -6
30 0 -6
23 0 -6
5 0 -6
76 0 -6
66 0 -6
40 0 -6
40 0 -6
44 0 -6
51 0 -6
33 0 -6
33 0 -6
33 0 -6
33 0 -6
33 0 -6
26 0 -6
71 0 -6
65 0 -6
7 0 -6
54 0 -6
12 0 -6
12 0 -6
12 0 -6
40 0 -6
40 0 -6
40 0 -6
40 0 -6
40 0 -6
40 0 -6
40 0 -6
44 0 -6
60 0 -6
45 0 -6
17 0 -6
81 0 -6
26 0 -6
26 0 -6
26 0 -6
26 0 -6
26 0 -6
26 0 -6
26 0 -6
26 0 -6
26 0 -6
26 0 -6
26 0 -6
26 0 -6
26 0 -6
47 0 -6
71 0 -6
71 0 -6
71 0 -6
71 0 -6
71 0 -6
71 0 -6
71 0 -6
71 0 -6
71 0 -6
71 0 -6
9 0 -6
9 0 -6
9 0 -6
9 0 -6
9 0 -6
77 0 -6
77 0 -6
77 0 -6
77 0 -6
25 0 -6
75 0 -6
75 0 -6
75 0 -6
33 0 -6
33 0 -6
33 0 -6
33 0 -6
33 0 -6
33 0 -6
82 0 -6
79 0 -6
15 0 -6
15 0 -6
16 0 -6
58 0 -6
10 0 -6
10 0 -6
21 0 -6
25 0 -6
25 0 -6
14 0 -6
14 0 -6
50 0 -6
50 0 -6
52 0 -6
28 0 -6
56 0 -6
12 0 -6
12 0 -6
31 0 -6
62 0 -6
23 0 -6
43 0 -6
43 0 -6
43 0 -6
43 0 -6
43 0 -6
43 0 -6
43 0 -6
43 0 -6
78 0 -6
38 0 -6
38 0 -6
38 0 -6
48 0 -6
69 0 -6
49 0 -6
41 0 -6
41 0 -6
41 0 -6
59 0 -6
59 0 -6
19 0 -6
29 0 -6
55 0 -6
68 0 -6
68 0 -6
68 0 -6
22 0 -6
15 0 -6
64 0 -6
59 0 -6
67 0 -6
63 0 -6
0 0 -6
2 0 -6
2 0 -6
80 0 -6
80 0 -6
37 0 -6
37 0 -6
37 0 -6
74 0 -6
1 0 -6
73 0 -6
3 0 -6
3 0 -6
3 0 -6
3 0 -6
3 0 -6
42 0 -6
4 0 -6
26 0 -6
27 0 -6
46 0 -6
35 0 -6
28 0 -6
61 0 -6
61 0 -6
39 0 -6
39 0 -6
39 0 -6
79 0 -6
37 0 -6
0 0 -6
47 0 -6
47 0 -6
47 0 -6
60 0 -6
69 0 -6
36 0 -6
24 0 -6
2 0 -6
68 0 -6
68 0 -6
68 0 -6
18 0 -6
36 0 -6
60 0 -6
4 0 -6
4 0 -6
53 0 -6
32 0 -6
63 0 -6
63 0 -6
23 0 -6
23 0 -6
49 0 -6
48 0 -6
57 0 -6
57 0 -6
57 0 -6
18 0 -6
11 0 -6
63 0 -6
63 0 -6
30 0 -6
75 0 -6
58 0 -6
58 0 -6
58 0 -6
58 0 -6
10 0 -6
10 0 -6
10 0 -6
10 0 -6
25 0 -6
25 0 -6
25 0 -6
73 0 -6
4 0 -6
16 0 -6
71 0 -6
26 0 -6
26 0 -6
26 0 -6
26 0 -6
26 0 -6
26 0 -6
26 0 -6
26 0 -6
76 0 -6
76 0 -6
8 0 -6
59 0 -6
34 0 -6
48 0 -6
50 0 -6
8 0 -6
8 0 -6
8 0 -6
8 0 -6
16 0 -6
45 0 -6
71 0 -6
9 0 -6
72 0 -6
77 0 -6
77 0 -6
56 0 -6
56 0 -6
42 0 -6
70 0 -6
70 0 -6
70 0 -6
66 0 -6
19 0 -6
23 0 -6
55 0 -6
46 0 -6
13 0 -6
21 0 -6
79 0 -6
70 0 -6
70 0 -6
51 0 -6
51 0 -6
12 0 -6
77 0 -6
54 0 -6
54 0 -6
54 0 -6
29 0 -6
7 0 -6
75 0 -6
43 0 -6
43 0 -6
43 0 -6
43 0 -6
43 0 -6
43 0 -6
43 0 -6
43 0 -6
43 0 -6
43 0 -6
43 0 -6
43 0 -6
43 0 -6
43 0 -6
43 0 -6
43 0 -6
43 0 -6
26 -1 -5
43 -1 -5
43 -1 -5
54 -1 -5
41 -1 -5
71 -1 -5
43 -1 -5
40 -1 -5
40 -1 -5
40 -1 -5
71 -1 -5
71 -1 -5
33 -1 -5
41 -1 -5
70 -1 -5
26 -1 -5
26 -1 -5
26 -1 -5
26 -1 -5
43 -1 -5
34 -1 -5
40 -1 -5
40 -1 -5
40 -1 -5
40 -1 -5
44 -1 -5
70 -1 -5
70 -1 -5
25 -1 -5
41 -1 -5
9 -1 -5
9 -1 -5
9 -1 -5
9 -1 -5
9 -1 -5
9 -1 -5
9 -1 -5
9 -1 -5
9 -1 -5
9 -1 -5
9 -1 -5
9 -1 -5
54 -5 1
41 -5 1
32 -5 1
32 -5 1
32 -5 1
32 -5 1
32 -5 1
32 -5 1
54 -5 1
44 -5 1
34 -5 1
34 -5 1
34 -5 1
32 -5 1
32 -5 1
32 -5 1
32 -5 1
41 -5 1
40 -5 1
54 -5 1
26 -5 1
70 -5 1
32 -5 1
71 -5 1
33 -5 1
34 -5 1
13 -5 1
13 -5 1
11 -5 1
11 -5 1
11 -5 1
11 -5 1
20 -5 1
12 -5 1
18 -5 1
18 -5 1
18 -5 1
18 -5 1
18 -5 1
18 -5 1
18 -5 1
18 -5 1
18 -5 1
18 -5 1
18 -5 1
71 -5 1
23 -5 1
23 -5 1
10 -5 1
26 -5 1
58 -5 1
77 -5 1
30 -5 1
32 -5 1
32 -5 1
75 -5 1
47 -5 1
11 -5 1
66 -5 1
16 -5 1
58 -5 1
19 -5 1
41 -5 1
6 -5 1
6 -5 1
11 -5 1
11 -5 1
11 -5 1
11 -5 1
50 -5 1
5 -5 1
63 -5 1
34 -5 1
56 -5 1
25 -5 1
48 -5 1
48 -5 1
70 -5 1
15 -5 1
15 -5 1
15 -5 1
7 -5 1
7 -5 1
45 -5 1
20 -5 1
20 -5 1
20 -5 1
20 -5 1
20 -5 1
20 -5 1
20 -5 1
20 -5 1
9 -5 1
9 -5 1
5 -5 1
82 -5 1
82 -5 1
82 -5 1
17 -5 1
68 -5 1
52 -5 1
52 -5 1
65 -5 1
81 -5 1
38 -5 1
38 -5 1
38 -5 1
38 -5 1
37 -5 1
37 -5 1
72 -5 1
76 -5 1
76 -5 1
79 -5 1
28 -5 1
66 -5 1
70 -5 1
70 -5 1
70 -5 1
44 -5 1
44 -5 1
44 -5 1
44 -5 1
21 -5 1
81 -5 1
33 -5 1
33 -5 1
69 -5 1
51 -5 1
78 -5 1
78 -5 1
78 -5 1
78 -5 1
78 -5 1
78 -5 1
78 -5 1
70 -5 1
14 -5 1
4 -5 1
31 -5 1
55 -5 1
3 -5 1
3 -5 1
2 -5 1
2 -5 1
60 -5 1
29 -5 1
29 -5 1
29 -5 1
59 -5 1
6 -5 1
38 -5 1
80 -5 1
67 -5 1
67 -5 1
67 -5 1
67 -5 1
67 -5 1
75 -5 1
42 -5 1
67 -5 1
67 -5 1
67 -5 1
67 -5 1
67 -5 1
54 -5 1
13 -5 1
64 -5 1
64 -5 1
64 -5 1
22 -5 1
22 -5 1
22 -5 1
22 -5 1
22 -5 1
22 -5 1
22 -5 1
22 -5 1
22 -5 1
22 -5 1
22 -5 1
22 -5 1
62 -5 1
54 -5 1
29 -5 1
74 -5 1
41 -5 1
41 -5 1
73 -5 1
73 -5 1
73 -5 1
0 -5 1
2 -5 1
2 -5 1
15 -5 1
66 -5 1
66 -5 1
66 -5 1
66 -5 1
66 -5 1
61 -5 1
27 -5 1
39 -5 1
67 -5 1
67 -5 1
35 -5 1
76 -5 1
38 -5 1
46 -5 1
46 -5 1
46 -5 1
46 -5 1
7 -5 1
69 -5 1
36 -5 1
36 -5 1
36 -5 1
36 -5 1
36 -5 1
36 -5 1
36 -5 1
36 -5 1
36 -5 1
36 -5 1
36 -5 1
47 -5 1
5 -5 1
20 -5 1
14 -5 1
14 -5 1
65 -5 1
16 -5 1
70 -5 1
64 -5 1
1 -5 1
1 -5 1
21 -5 1
11 -5 1
49 -5 1
19 -5 1
32 -5 1
19 -5 1
19 -5 1
53 -5 1
17 -5 1
24 -5 1
7 -5 1
70 -5 1
40 -5 1
41 -5 1
82 -5 1
46 -5 1
46 -5 1
48 -5 1
5 -5 1
23 -5 1
12 -5 1
12 -5 1
42 -5 1
57 -5 1
60 -5 1
60 -5 1
60 -5 1
8 -5 1
30 -5 1
28 -5 1
28 -5 1
28 -5 1
28 -5 1
23 -5 1
23 -5 1
51 -5 1
9 -5 1
9 -5 1
9 -5 1
9 -5 1
9 -5 1
4 -5 1
4 -5 1
9 -5 1
37 -5 1
66 -5 1
81 -5 1
22 -5 1
51 -5 1
23 -5 1
14 -5 1
14 -5 1
14 -5 1
14 -5 1
14 -5 1
14 -5 1
14 -5 1
14 -5 1
14 -5 1
14 -5 1
14 -5 1
14 -5 1
14 -5 1
14 -5 1
14 -5 1
14 -5 1
14 -5 1
14 -5 1
14 -5 1
14 -5 1
14 -5 1
14 -5 1
14 -5 1
14 -5 1
14 -5 1
14 -5 1
14 -5 1
14 -5 1
14 -5 1
32 -5 1
34 -5 1
34 -5 1
43 -5 1
49 -5 1
54 -5 1
38 -5 1
57 -5 1
57 -5 1
57 -5 1
57 -5 1
57 -5 1
57 -5 1
57 -5 1
57 -5 1
57 -5 1
57 -5 1
57 -5 1
27 -5 1
82 -5 1
82 -5 1
80 -5 1
63 -5 1
77 -5 1
77 -5 1
77 -5 1
37 -5 1
37 -5 1
37 -5 1
37 -5 1
37 -5 1
37 -5 1
37 -5 1
37 -5 1
78 -5 1
14 -5 1
46 -5 1
12 -5 1
76 -5 1
2 -5 1
2 -5 1
26 -5 1
30 -5 1
73 -5 1
73 -5 1
73 -5 1
73 -5 1
73 -5 1
3 -5 1
5 -5 1
5 -5 1
5 -5 1
5 -5 1
5 -5 1
5 -5 1
5 -5 1
5 -5 1
71 -5 1
71 -5 1
4 -5 1
80 -5 1
70 -5 1
13 -5 1
22 -5 1
50 -5 1
53 -5 1
53 -5 1
41 -5 1
17 -5 1
52 -5 1
52 -5 1
52 -5 1
52 -5 1
52 -5 1
52 -5 1
52 -5 1
52 -5 1
52 -5 1
52 -5 1
52 -5 1
52 -5 1
54 1 6
41 1 6
41 1 6
41 1 6
34 1 6
14 1 6
14 1 6
14 1 6
14 1 6
14 1 6
14 1 6
14 1 6
14 1 6
14 1 6
41 0 8
41 0 8
41 0 8
41 0 8
41 0 8
54 0 8
54 0 8
54 0 8
54 0 8
14 0 8
54 0 8
54 0 8
54 0 8
54 0 8
54 0 8
54 0 8
54 0 8
14 0 8
70 0 8
34 0 8
11 0 8
11 0 8
11 0 8
70 0 8
70 0 8
14 0 8
20 0 8
18 0 8
44 0 8
44 0 8
41 0 8
11 0 8
11 0 8
11 0 8
37 0 8
67 0 8
67 0 8
22 0 8
5 0 8
5 0 8
5 0 8
5 0 8
5 0 8
5 0 8
5 0 8
5 0 8
5 0 8
5 0 8
5 0 8
5 0 8
41 -10 0
34 -10 0
70 -10 0
70 -10 0
70 -10 0
70 -10 0
20 -10 0
34 -10 0
34 -10 0
18 -10 0
54 -10 0
67 -10 0
67 -10 0
67 -10 0
67 -10 0
67 -10 0
67 -10 0
11 -10 0
22 -10 0
22 -10 0
22 -10 0
22 -10 0
37 -10 0
37 -10 0
18 -10 0
57 -10 0
52 -10 0
52 -10 0
52 -10 0
52 -10 0
52 -10 0
52 -10 0
52 -10 0
52 -10 0
32 -10 0
32 -10 0
32 -10 0
52 -10 0
36 -10 0
78 -10 0
41 -10 0
38 -10 0
38 -10 0
73 -10 0
52 -10 0
13 -10 0
13 -10 0
78 -10 0
66 -10 0
66 -10 0
66 -10 0
66 -10 0
66 -10 0
66 -10 0
66 -10 0
66 -10 0
66 -10 0
66 -10 0
66 -10 0
66 -10 0
66 -10 0
66 -10 0
66 -10 0
67 -10 0
44 -10 0
44 -10 0
46 -10 0
46 -10 0
19 -10 0
44 -10 0
23 -10 0
23 -10 0
12 -10 0
12 -10 0
12 -10 0
12 -10 0
23 -10 0
22 -10 0
76 -10 0
52 -10 0
46 -10 0
46 -10 0
46 -10 0
46 -10 0
46 -10 0
46 -10 0
30 -10 0
30 -10 0
30 -10 0
30 -10 0
30 -10 0
34 -10 0
6 -10 0
76 -10 0
77 -10 0
64 -10 0
28 -10 0
82 -10 0
7 -10 0
64 -10 0
22 -10 0
22 -10 0
32 -10 0
2 -10 0
2 -10 0
2 -10 0
78 -10 0
57 -10 0
57 -10 0
57 -10 0
57 -10 0
60 -10 0
66 -10 0
66 -10 0
66 -10 0
32 -10 0
41 -10 0
41 -10 0
71 -10 0
54 -10 0
48 -10 0
51 -10 0
51 -10 0
47 -10 0
58 -10 0
58 -10 0
58 -10 0
58 -10 0
58 -10 0
58 -10 0
58 -10 0
58 -10 0
58 -10 0
58 -10 0
75 -10 0
75 -10 0
75 -10 0
75 -10 0
75 -10 0
67 -10 0
72 -10 0
29 -10 0
4 -10 0
82 -10 0
82 -10 0
10 -10 0
10 -10 0
38 -10 0
22 -10 0
15 -10 0
25 -10 0
25 -10 0
33 -10 0
45 -10 0
79 -10 0
21 -10 0
56 -10 0
56 -10 0
40 -10 0
71 -10 0
71 -10 0
71 -10 0
71 -10 0
71 -10 0
71 -10 0
50 -10 0
3 -10 0
3 -10 0
3 -10 0
45 -10 0
60 -10 0
59 -10 0
76 -10 0
55 -10 0
12 -10 0
12 -10 0
12 -10 0
32 -10 0
73 -10 0
76 -10 0
16 -10 0
81 -10 0
3 -10 0
0 -10 0
32 -10 0
26 -10 0
68 -10 0
68 -10 0
68 -10 0
37 -10 0
49 -10 0
49 -10 0
49 -10 0
65 -10 0
65 -10 0
65 -10 0
65 -10 0
65 -10 0
65 -10 0
65 -10 0
1 -19 11
2 -15 -8
3 9 -12
4 9 -12
6 9 7
7 11 21
8 9 -12
10 8 -9
11 -1 10
12 -8 -9
13 -3 15
15 11 21
16 9 -12
17 11 -19
18 -6 8
19 -3 15
20 -14 1
21 7 15
22 -15 2
23 11 -1
24 7 15
25 9 -12
26 0 -12
27 20 -9
28 -4 19
29 8 16
30 15 0
31 8 16
33 8 -6
34 -3 15
35 8 16
36 -5 13
37 -8 -9
38 -5 13
39 9 -12
40 8 -6
41 -8 5
42 9 -12
45 8 16
46 -17 0
47 9 -12
48 9 -12
49 8 16
50 9 -12
51 8 16
53 8 16
54 -1 10
55 8 16
56 9 -12
57 -8 -9
58 -10 -5
59 8 16
60 -17 0
61 8 16
62 8 16
63 8 -9
64 -17 0
66 -9 -3
67 -14 1
68 9 -12
69 8 16
70 -9 -3
71 -10 -7
72 12 6
73 -5 13
74 8 16
75 -15 -8
76 -17 0
77 8 -6
78 -5 13
79 12 6
80 9 -12
81 13 7
82 -18 7
0 14 10
1 -19 11
2 -18 7
3 -4 -20
4 -15 -8
6 -17 -19
7 12 -20
8 -15 -8
10 8 -6
11 -1 10
12 -8 -9
13 9 7
15 11 21
16 13 7
17 11 -19
18 -5 13
19 -17 0
20 -14 1
21 20 5
22 -15 2
23 15 0
24 7 15
25 13 7
26 0 -12
27 20 -9
28 -4 19
29 -17 -19
30 -11 10
31 13 7
33 5 -9
34 -3 15
35 -13 18
36 -5 13
37 -10 -7
38 11 -1
39 16 -3
40 0 -12
41 -6 8
42 16 -3
45 3 16
46 -15 2
47 9 -12
48 9 -12
49 -17 -19
50 11 -11
51 20 5
53 8 16
54 -1 10
55 16 -3
56 16 -3
57 -10 -5
58 -10 -7
59 20 5
60 -9 17
61 9 -12
62 8 16
63 9 -12
64 21 2
66 -9 -3
67 -8 5
68 16 -3
69 11 21
70 -8 5
71 -10 -7
72 -17 -19
73 -9 11
74 8 16
75 9 -12
76 -15 2
77 -4 -17
78 -3 15
79 12 6
80 13 7
81 -14 17
82 11 21
0 13 7
1 -19 11
2 9 -12
3 13 7
4 -18 -7
6 -17 -19
7 20 5
8 -4 -20
10 9 -12
11 -6 8
12 -8 -9
13 -15 2
15 11 -19
16 -4 -20
17 11 21
18 -8 5
19 12 6
20 -14 1
21 -12 -19
22 -15 2
23 3 12
24 7 15
25 14 10
26 0 -12
27 20 -9
28 -9 17
29 20 -9
30 -17 -9
31 12 6
33 -3 -19
34 -14 1
35 -13 18
36 -5 13
37 -8 -9
38 -4 -17
39 20 5
40 0 -12
41 6 6
42 14 10
45 8 16
46 -14 1
47 11 -11
48 9 -12
49 20 5
50 20 5
51 -12 -19
53 14 10
54 -1 10
55 16 -3
56 20 5
57 -6 8
58 -17 0
59 19 2
60 9 7
61 9 -12
62 8 16
63 16 -3
64 -9 11
66 -9 -3
67 -9 -3
68 16 -3
69 14 10
70 -8 5
71 -10 -7
72 -17 -19
73 -15 2
74 14 10
75 8 -6
76 21 2
77 12 -3
78 -3 15
79 12 6
80 13 7
81 -14 17
82 8 16
0 12 6
1 -19 11
2 11 -11
3 -19 11
4 13 7
6 20 -9
7 9 7
8 -3 -19
10 9 -12
11 3 8
12 -11 -9
13 3 12
15 12 -20
16 -4 -20
17 11 21
18 -8 5
19 12 6
20 -15 2
21 13 7
22 -17 0
23 -11 -9
24 7 15
25 12 6
26 0 -12
27 20 -9
28 -9 17
29 -19 11
30 8 16
31 20 -9
33 11 -4
34 6 6
35 -13 18
36 -5 13
37 -15 2
38 -4 -17
39 13 7
40 3 -14
41 -14 1
42 -17 -9
45 13 7
46 -14 1
47 8 -9
48 11 -11
49 20 5
50 8 16
51 -12 -19
53 8 -16
54 -1 10
55 20 5
56 -17 -9
57 -6 8
58 -9 11
59 20 5
60 -9 11
61 9 -12
62 8 16
63 16 -3
64 -11 -9
66 -10 -5
67 -15 2
68 16 -3
69 13 7
70 -8 5
71 -8 -9
72 -17 -19
73 -6 8
74 14 10
75 9 -4
76 -9 11
77 12 -3
78 -3 15
79 -19 11
80 20 5
81 -9 17
82 12 -20
0 -19 11
1 20 5
2 11 -11
3 -14 17
4 20 5
6 18 -7
7 -15 2
8 -3 -19
10 9 -12
11 -5 13
12 -8 -9
13 3 12
15 12 -20
16 -19 11
17 12 -20
18 -14 1
19 12 6
20 -14 1
21 13 7
22 -17 0
23 -15 7
24 7 15
25 -4 -20
26 0 -12
27 18 -7
28 -3 15
29 -4 -20
30 8 16
31 20 -9
33 11 -4
34 6 6
35 -13 18
36 -5 13
37 8 -6
38 -4 -17
39 -18 -7
40 5 -9
41 11 -1
42 -3 -19
45 8 -18
46 -15 7
47 8 -9
48 11 -11
49 20 -9
50 8 16
51 -12 -19
53 -18 -7
54 -1 10
55 20 5
56 -17 -9
57 -8 5
58 -8 -9
59 20 5
60 19 -18
61 11 -11
62 8 16
63 18 -7
64 -11 -9
66 -10 -5
67 -17 0
68 20 5
69 -19 11
70 -6 8
71 8 -6
72 -17 -19
73 -6 8
74 14 10
75 9 -4
76 -17 -9
77 12 -3
78 -3 15
79 8 16
80 8 16
81 -9 17
82 12 -20
0 17 15
1 -18 7
2 12 -11
3 -14 17
4 -19 11
6 -3 15
7 -15 2
8 -3 21
10 9 -12
11 -5 13
12 -15 -8
13 -5 13
15 11 -19
16 18 -7
17 12 -20
18 -5 13
19 13 7
20 -9 -3
21 -19 11
22 -14 1
23 -15 7
24 7 15
25 -19 11
26 0 -12
27 20 -9
28 -17 7
29 -4 -20
30 7 15
31 20 -9
33 9 -5
34 6 6
35 -13 18
36 -3 15
37 -4 -17
38 -4 -17
39 -4 -20
40 -10 -7
41 11 -1
42 -4 -20
45 9 -12
46 21 2
47 8 -9
48 8 -16
49 20 -9
50 -3 -19
51 -12 -19
53 -9 17
54 -1 10
55 19 2
56 8 16
57 -5 13
58 9 -12
59 20 5
60 8 16
61 20 5
62 8 16
63 18 -7
64 -11 -9
66 -9 -3
67 -17 0
68 -15 -8
69 3 16
70 -8 -9
71 -10 -5
72 -17 -19
73 -11 10
74 14 10
75 9 -5
76 -17 -9
77 12 -3
78 -5 13
79 8 16
80 14 10
81 -9 17
82 20 -9
0 17 15
1 14 10
2 12 -11
3 -14 17
4 -4 -17
6 -15 2
7 -5 13
8 -3 21
10 9 -5
11 -3 15
12 5 -9
13 11 -1
15 11 -19
16 11 -11
17 8 16
18 -9 -3
19 12 6
20 -17 0
21 -18 7
22 -14 1
23 -15 7
24 7 15
25 -18 -7
26 0 -12
27 16 -3
28 -17 7
29 -4 -20
30 7 15
31 -19 11
33 9 -4
34 6 6
35 -13 18
36 -5 13
37 -4 -17
38 -4 19
39 -19 11
40 -10 -5
41 -9 -3
42 -3 21
45 9 -12
46 -9 -3
47 8 -9
48 8 -16
49 18 -7
50 -15 -8
51 -12 -19
53 -4 19
54 -1 10
55 -19 11
56 8 16
57 -17 0
58 -9 -16
59 19 2
60 20 5
61 20 5
62 7 15
63 -18 -7
64 -11 -9
66 -14 1
67 -17 0
68 11 -11
69 20 -9
70 -10 -5
71 -10 -5
72 -17 -19
73 -8 5
74 14 10
75 15 0
76 -17 0
77 12 -3
78 -4 19
79 8 16
80 -17 -9
81 -4 19
82 20 -9
0 20 5
1 14 10
2 12 -11
3 -14 17
4 -4 -17
6 -19 11
7 -5 13
8 -9 -16
10 5 -9
11 -3 15
12 -4 -17
13 19 -18
15 12 -20
16 11 -11
17 19 -18
18 3 8
19 20 5
20 -5 13
21 -19 11
22 -14 1
23 -15 7
24 8 16
25 -14 17
26 0 -12
27 20 5
28 -17 7
29 -4 -17
30 7 15
31 9 -12
33 9 -4
34 6 6
35 -13 18
36 -5 13
37 0 -12
38 0 -12
39 11 -13
40 -8 -9
41 3 8
42 -3 21
45 8 -16
46 -9 -3
47 8 -9
48 8 -16
49 19 2
50 -15 -8
51 -12 -19
53 -14 17
54 -1 10
55 -19 11
56 8 16
57 -10 -7
58 -9 -16
59 -18 7
60 19 2
61 -19 11
62 7 15
63 20 5
64 -11 -9
66 -14 1
67 21 2
68 11 -11
69 9 -12
70 -14 1
71 -10 -5
72 -17 -19
73 -4 19
74 14 10
75 15 0
76 9 7
77 12 -3
78 5 9
79 3 16
80 -17 -9
81 -17 -19
82 20 -9
0 20 5
1 14 10
2 11 -13
3 -17 -19
4 -4 -17
6 -19 11
7 -9 11
8 -9 -16
10 11 -4
11 -3 15
12 -18 -7
13 0 -12
15 12 -20
16 11 -11
17 11 -13
18 11 -1
19 12 -20
20 -5 13
21 -19 11
22 -8 5
23 -15 7
24 8 16
25 -3 21
26 5 -9
27 20 5
28 -17 6
29 -3 21
30 8 16
31 9 -12
33 11 -4
34 6 6
35 -13 18
36 -5 13
37 -5 13
38 0 -12
39 19 -18
40 -4 -17
41 3 8
42 -3 -19
45 20 -9
46 -9 -3
47 8 -9
48 8 -16
49 19 2
50 -15 -8
51 -12 -19
53 20 -9
54 -1 10
55 -18 7
56 8 16
57 19 2
58 -9 -16
59 -18 7
60 -12 -13
61 -3 -19
62 7 15
63 11 -4
64 -11 -9
66 -10 -5
67 21 2
68 11 -13
69 9 -12
70 -14 1
71 5 -9
72 -17 -19
73 -4 19
74 13 7
75 11 -4
76 -12 -13
77 12 -3
78 5 9
79 11 21
80 -17 -19
81 -9 11
82 20 -9
0 20 5
1 14 10
2 16 -3
3 -9 17
4 -9 -16
6 -19 11
7 -5 13
8 20 5
10 3 -14
11 -3 15
12 -18 -7
13 0 -12
15 8 16
16 11 -11
17 9 -12
18 6 6
19 12 -20
20 -8 -9
21 -19 11
22 -8 5
23 -17 7
24 3 16
25 17 15
26 8 -6
27 20 5
28 -18 7
29 -9 -16
30 9 7
31 11 -13
33 9 -5
34 6 6
35 -13 18
36 -5 13
37 6 6
38 0 -12
39 8 -16
40 -3 -19
41 3 8
42 -4 -20
45 -3 21
46 -9 -3
47 8 -6
48 8 -18
49 15 0
50 8 -6
51 -12 -19
53 3 16
54 -1 10
55 13 7
56 3 16
57 3 8
58 -6 8
59 13 7
60 -6 8
61 13 7
62 7 15
63 8 -6
64 -11 -9
66 -15 2
67 21 2
68 8 -9
69 18 -7
70 -14 1
71 0 -12
72 19 -18
73 -4 19
74 17 15
75 16 -3
76 -11 -9
77 12 -3
78 5 9
79 8 -18
80 -17 -19
81 -9 -16
82 20 -9
0 -19 11
1 14 10
2 8 -6
3 17 15
4 -9 -16
6 -15 7
7 -4 19
8 -4 -20
10 0 -12
11 -3 15
12 -18 -7
13 0 -12
15 12 -11
16 11 -11
17 9 -12
18 0 -12
19 12 -20
20 6 6
21 -17 7
22 -15 7
23 -15 2
24 3 16
25 17 15
26 5 -9
27 -17 -9
28 -18 7
29 -4 19
30 9 7
31 8 -16
33 9 -5
34 3 8
35 -13 18
36 -5 13
37 -5 13
38 0 -12
39 -9 17
40 -11 -9
41 -5 13
42 -4 -20
45 -19 11
46 -9 -3
47 5 -9
48 8 -9
49 15 0
50 17 15
51 -12 -19
53 20 5
54 -1 10
55 -18 -7
56 13 7
57 -9 11
58 -11 -9
59 20 -9
60 -6 8
61 -17 -9
62 7 15
63 8 -6
64 -10 -7
66 -14 1
67 21 2
68 8 -9
69 8 -18
70 -15 2
71 9 -5
72 19 -18
73 -5 13
74 -19 11
75 16 -3
76 -14 1
77 12 -3
78 5 9
79 8 -18
80 -9 -16
81 -19 11
82 20 -9
0 -19 11
1 14 10
2 8 -6
3 -15 -8
4 -3 21
6 -17 6
7 -5 13
8 -4 -20
10 0 -12
11 -3 15
12 -18 -7
13 0 -12
15 19 -18
16 11 -13
17 9 -12
18 0 -12
19 12 -20
20 6 6
21 -17 7
22 -9 -3
23 -9 11
24 3 16
25 20 5
26 3 -14
27 -17 -9
28 20 5
29 13 7
30 9 7
31 8 -16
33 12 -3
34 11 -1
35 -13 18
36 -6 8
37 -5 13
38 0 -12
39 3 16
40 -3 21
41 -15 2
42 -4 -20
45 17 15
46 -10 -5
47 18 -7
48 8 16
49 15 0
50 17 15
51 -12 -19
53 -12 -13
54 -1 10
55 20 -9
56 8 -18
57 9 -12
58 -11 -9
59 -19 11
60 -5 13
61 20 -9
62 7 15
63 8 -6
64 -10 -7
66 -8 5
67 -17 6
68 8 -9
69 12 -20
70 -10 -7
71 9 -5
72 19 -18
73 -4 -17
74 20 5
75 11 -1
76 -5 13
77 12 -3
78 5 9
79 8 -18
80 -12 -13
81 -19 11
82 20 -9
0 -19 11
1 14 10
2 8 -6
3 -12 -13
4 -3 21
6 -9 11
7 -9 17
8 -4 -20
10 0 -12
11 -3 15
12 -18 -7
13 5 -9
15 11 -11
16 11 -13
17 9 -12
18 -4 19
19 11 -19
20 6 6
21 -17 7
22 -9 -3
23 -6 8
24 8 16
25 -17 -19
26 3 -14
27 -17 -9
28 -15 7
29 -5 13
30 9 7
31 8 -16
33 6 6
34 -6 8
35 -13 18
36 -9 11
37 11 -1
38 0 -12
39 -8 5
40 9 -5
41 9 -4
42 -4 -20
45 17 15
46 -9 11
47 8 -16
48 3 -14
49 15 0
50 14 10
51 -12 -19
53 -9 -16
54 -1 10
55 -9 11
56 17 15
57 6 6
58 -12 -13
59 16 -3
60 -11 10
61 17 15
62 7 15
63 9 -5
64 -12 -13
66 -10 -7
67 19 2
68 8 -16
69 12 -20
70 6 6
71 -9 -3
72 19 -18
73 3 8
74 12 6
75 11 -1
76 -17 -19
77 12 -3
78 3 8
79 8 16
80 -15 -8
81 -19 11
82 18 -7
0 -19 11
1 13 7
2 8 -6
3 -12 -13
4 -4 -20
6 -5 13
7 -9 17
8 3 16
10 0 -12
12 -18 -7
13 5 -9
15 -17 -19
16 11 -13
17 9 -12
18 -15 2
19 14 10
20 6 6
21 -17 6
22 -9 -3
23 -5 13
24 14 10
25 5 9
26 8 -9
27 -17 -9
28 -15 7
29 3 -14
30 6 6
31 8 -18
33 8 -9
34 9 7
35 -13 18
36 -4 19
37 17 15
38 0 -12
39 -9 -16
40 9 -5
41 0 -12
42 -4 -20
45 18 -7
46 19 2
47 8 -18
48 -4 -17
49 15 0
50 17 15
51 -12 -19
53 18 -7
55 -9 11
56 8 -9
57 -4 -17
58 -15 -8
59 -17 -9
60 -11 10
61 17 15
62 7 15
63 12 -3
64 -15 -8
66 -10 -7
67 -15 2
68 8 -6
69 12 -20
70 3 8
71 -9 -3
72 19 -18
73 -4 -20
74 9 7
75 11 -1
76 8 16
77 11 -4
78 6 6
79 11 -19
80 -4 -20
81 -19 11
82 -17 -9
0 -18 7
1 13 7
2 8 -9
3 -15 7
4 -4 19
6 -5 13
7 -9 17
8 3 16
10 3 -14
12 -18 -7
13 -4 -17
15 -17 -19
16 11 -13
17 9 -12
18 -4 -17
19 9 7
20 6 6
21 -9 11
22 -10 -5
23 -8 5
24 13 7
25 -15 7
26 -8 -9
27 -17 -9
28 -15 2
29 20 5
30 6 6
31 11 -19
33 13 7
34 -15 2
35 -13 18
36 2 13
37 17 15
38 0 -12
39 20 -9
40 9 -5
41 0 -12
42 -4 19
45 -17 -9
46 19 2
47 12 -3
48 20 5
49 15 0
50 17 15
51 -12 -19
53 18 -7
55 -9 11
56 -9 -16
57 8 16
58 -12 -13
59 -15 -8
60 -11 10
61 14 10
63 3 -14
64 -8 -9
66 -10 -7
67 -15 7
68 8 -6
69 12 -20
70 6 6
71 -9 -3
72 19 -18
73 -4 -20
74 12 -20
75 11 -1
76 -6 8
77 12 -3
78 -6 8
79 12 -20
80 -3 21
81 -19 11
82 -15 -8
0 17 15
1 13 7
2 12 -3
3 -15 7
4 -11 -9
6 -5 13
7 -9 17
8 -4 19
10 -4 -17
12 -18 -7
13 3 -14
15 -17 -19
16 11 -13
17 9 -12
18 -15 7
19 11 21
20 -6 8
21 17 15
22 -10 -5
23 -11 10
24 17 15
25 8 -9
26 -8 -9
27 -18 -7
28 13 7
29 12 -20
30 6 6
31 8 -18
33 13 7
34 -8 5
35 -14 17
36 3 12
37 8 16
38 3 -14
39 20 -9
40 9 -5
41 0 -12
42 -4 19
45 -17 -9
46 19 2
47 20 -9
48 20 5
49 16 -3
50 13 7
51 -12 -19
53 13 7
55 -17 7
56 -3 21
57 -15 7
58 13 7
59 -4 -20
60 -11 10
61 14 10
63 13 7
64 -8 -9
66 -10 -7
67 -10 -5
68 5 -9
69 11 -19
70 -17 0
71 -9 -3
72 19 -18
73 8 16
74 -19 11
75 11 -1
76 20 5
77 11 -1
78 8 16
79 8 -16
80 -3 -19
81 -19 11
82 -15 -8
0 17 15
1 17 15
2 12 -3
3 -15 7
4 6 6
6 -5 13
7 -9 17
8 3 -14
10 -3 -19
12 -18 -7
13 3 -14
15 -17 -19
16 11 -13
17 9 -12
18 8 -16
19 12 -11
20 -6 8
21 19 2
22 -10 -5
23 -19 11
24 -3 21
25 5 -9
26 -10 -7
27 -18 -7
28 -19 11
29 12 -20
30 9 7
31 11 -19
33 13 7
34 5 9
35 -14 17
36 -4 -17
37 14 10
38 -3 -19
39 20 -9
40 9 -5
41 0 -12
42 -4 -17
45 -17 -9
46 -15 -8
47 11 -4
48 20 5
49 16 -3
50 -19 11
51 -12 -19
53 9 -12
55 -11 10
56 -12 -13
57 -18 7
58 -9 -3
59 9 7
60 -11 10
61 16 -3
63 13 7
64 -8 -9
66 -9 -3
67 -8 -9
68 9 -5
69 8 16
70 -9 -3
71 -8 5
72 19 -18
73 13 7
74 16 -3
75 11 -1
76 16 -3
77 16 -3
78 14 10
79 3 12
80 -3 -19
81 -11 10
82 -15 -8
0 17 15
1 12 6
2 9 -5
3 -18 7
4 6 6
6 -5 13
7 -9 17
8 3 -14
10 8 -16
12 -18 -7
13 3 -14
15 -17 -19
16 11 -13
17 9 -12
18 -8 -9
19 9 -12
20 11 -1
21 9 -12
22 -10 -5
23 -19 11
24 3 12
25 16 -3
26 -10 -7
27 -15 -8
28 14 10
29 12 -20
30 5 9
31 11 -19
33 13 7
34 15 0
35 -14 17
36 -4 -17
37 3 8
38 -3 -19
39 -12 -13
40 9 -4
41 0 -12
42 -4 19
45 -17 -9
46 -11 -9
47 16 -3
48 20 5
49 21 2
50 5 9
51 -12 -19
53 16 -3
55 -9 -16
56 -9 -3
57 -17 7
58 19 2
59 12 6
60 -8 5
61 3 16
63 13 7
64 -9 -3
66 -15 2
67 -10 -7
68 8 16
69 8 16
70 -14 1
71 -15 -8
72 19 -18
73 13 7
74 15 0
75 11 -1
76 -15 7
77 16 -3
78 11 -1
79 9 -12
80 -3 -19
81 -15 7
82 -15 -8
0 17 15
1 19 2
2 13 7
3 -18 7
4 6 6
6 -5 13
7 -9 17
8 3 -14
10 11 -11
12 -18 -7
13 3 -14
15 -17 -19
16 11 -13
17 8 -16
18 -8 -9
19 -17 -19
20 -8 5
21 -15 -8
22 -10 -5
23 -9 -3
24 3 12
25 16 -3
26 -10 -7
27 -17 -9
28 14 10
29 12 -20
30 13 7
31 11 -19
33 13 7
34 -17 0
35 -14 17
36 -4 -17
37 3 8
38 -3 -19
39 17 15
40 11 -4
41 0 -12
42 3 16
45 -17 -9
46 -8 5
47 11 -1
48 20 5
49 13 7
50 5 9
51 -12 -19
53 -19 11
55 14 10
56 -19 11
57 9 -5
58 -8 5
59 15 0
60 -15 7
61 -15 7
63 20 -9
64 -17 -9
66 -17 0
67 -10 -7
68 12 -20
69 8 16
70 -14 1
71 -15 -8
72 20 -9
73 19 2
74 3 16
75 11 -1
76 -15 7
77 16 -3
78 11 -1
79 -4 19
80 -3 -19
81 17 15
82 16 -3
0 17 15
1 19 2
2 11 -1
3 -18 7
4 6 6
6 -5 13
7 -9 17
8 3 -14
10 11 -11
12 -18 -7
13 9 -12
15 -17 -19
16 12 -11
17 8 -16
18 -8 -9
19 -17 -19
20 3 8
21 -17 0
22 -10 -5
23 -9 -3
24 3 12
25 16 -3
26 -10 -7
27 18 -7
28 20 5
29 11 -19
30 3 12
31 12 -20
33 13 7
34 11 -1
35 -14 17
36 -4 -17
37 3 8
38 -3 -19
39 8 16
40 9 -5
41 0 -12
42 3 16
45 -17 -9
46 -12 -13
47 -17 -9
48 20 5
49 20 -9
50 3 12
51 -12 -19
53 -19 11
55 14 10
56 -19 11
57 9 -4
58 8 16
59 6 6
60 -4 19
61 -17 7
63 -17 -9
64 -9 -16
66 -9 -3
67 -10 -7
68 12 -11
69 8 16
70 -14 1
71 -11 -9
72 12 -20
73 21 2
74 11 21
75 12 -3
76 -15 7
77 9 -5
78 20 -9
79 5 9
80 -3 -19
81 -13 18
82 -17 -9
0 17 15
1 20 5
2 18 -7
3 -18 7
4 6 6
6 -5 13
7 -9 17
8 3 -14
10 11 -11
12 -18 -7
13 0 -12
15 -4 -20
16 11 -13
17 8 -16
18 -8 -9
19 -17 -19
20 3 8
21 -17 -19
22 -10 -5
23 -15 -8
24 3 12
25 18 -7
26 -8 -9
27 19 2
28 12 6
29 11 -19
30 3 8
31 12 -20
33 13 7
34 3 12
35 -14 17
36 -4 -17
37 3 8
38 -3 -19
39 14 10
40 12 -3
41 0 -12
42 3 16
45 -15 -8
46 16 -3
47 0 -12
48 20 5
49 11 -1
50 19 -18
53 -8 5
55 14 10
56 -19 11
57 11 -1
58 8 16
59 -15 2
60 -4 19
61 19 -18
63 -17 -9
64 -9 -16
66 -9 -3
67 16 -3
68 3 -14
69 8 16
70 -14 1
71 16 -3
72 -13 18
73 21 2
74 3 12
75 15 0
76 -15 7
77 13 7
78 20 -9
79 -3 -19
80 -4 -17
81 -13 18
82 -17 -9
0 17 15
1 19 2
2 20 -9
3 -18 7
4 5 9
6 -5 13
7 -9 17
8 3 -14
10 11 -11
12 -18 -7
13 3 16
15 -3 -19
16 11 -13
17 8 -16
18 -10 -7
19 19 -18
20 3 8
21 -6 8
22 -10 -5
23 -14 1
24 2 13
25 18 -7
26 -10 -5
27 -17 -19
28 13 7
29 11 -19
30 3 8
31 12 -20
33 13 7
34 9 -4
35 -14 17
36 -4 -20
37 5 9
38 0 -12
39 14 10
40 12 -3
41 5 -9
42 3 16
45 -15 -8
46 15 0
47 20 -9
48 19 2
49 15 0
50 12 -20
53 -8 5
55 14 10
56 -19 11
57 11 -1
58 8 16
59 -15 2
60 -4 19
61 19 -18
63 -17 -9
64 -4 -17
66 -8 5
67 11 -1
68 12 -3
69 8 16
70 -14 1
71 -15 -8
72 -13 18
73 21 2
74 -17 -9
75 9 -4
76 -17 7
77 18 -7
78 20 -9
79 17 15
80 -4 19
81 -13 18
82 16 -3
0 17 15
1 -17 7
2 6 6
3 -18 7
4 5 9
7 -9 17
8 3 -14
10 11 -11
12 -18 -7
13 -4 19
15 20 -9
16 9 -12
17 8 -16
18 5 -9
19 19 -18
20 5 9
21 20 -9
22 -10 -5
23 13 7
24 -4 19
25 12 -3
26 -11 -9
27 -12 -13
28 -11 10
29 11 -19
30 3 8
31 12 -20
33 13 7
34 15 0
35 -14 17
36 -4 -20
37 5 9
38 0 -12
39 14 10
40 8 -9
41 0 -12
42 3 16
45 -15 -8
46 -17 -9
47 13 7
48 19 2
49 12 6
50 9 7
53 -8 5
55 14 10
56 -15 7
57 11 -1
58 8 16
59 -15 2
60 3 12
61 12 -20
63 -17 -9
64 -4 -17
66 -8 5
67 11 -1
68 11 -4
69 8 16
70 -15 7
71 9 -4
72 -17 -19
73 21 2
74 -15 -8
75 13 7
76 -17 7
77 12 6
78 3 16
79 20 -9
80 -4 -20
81 -13 18
82 -11 -9
0 17 15
1 -17 7
2 -4 19
3 -18 7
4 3 8
7 -9 17
8 3 -14
10 11 -11
12 -18 -7
13 6 6
15 20 -9
16 11 -19
17 8 -16
18 -3 -19
19 19 -18
20 3 12
21 20 -9
22 -10 -5
23 13 7
24 -4 -20
25 8 16
26 -11 -9
27 19 -18
28 -17 -19
29 11 -19
30 3 8
31 12 -20
33 12 6
34 15 0
35 -14 17
36 -4 19
37 3 12
38 0 -12
39 14 10
40 11 -4
41 0 -12
42 -9 17
45 -15 -8
46 8 16
47 -4 19
48 19 2
49 12 6
50 6 6
53 -6 8
55 17 15
56 -11 10
57 11 -1
58 3 16
59 -15 2
60 -4 -20
61 -17 -19
63 -17 -9
64 -4 -17
66 -8 5
67 15 0
68 11 -4
69 8 -16
70 -15 7
71 -14 1
72 -19 11
73 20 5
74 -11 10
75 13 7
76 -17 7
77 12 6
78 -17 0
79 20 -9
80 -4 -20
81 17 15
82 20 -9
0 17 15
1 -17 7
2 -9 11
3 -18 7
4 3 8
7 -9 17
8 3 -14
10 12 -11
12 -18 -7
13 2 13
15 20 -9
16 11 -4
17 8 -18
18 20 -9
19 19 -18
20 8 16
21 -17 -9
22 -10 -5
23 13 7
24 5 9
25 -12 -13
26 -9 -3
27 19 -18
28 -17 -19
29 11 21
30 2 13
31 12 -20
33 12 6
34 15 0
35 -14 17
36 -15 7
37 3 12
38 -4 -20
39 14 10
40 9 -12
41 0 -12
42 -3 -19
45 -15 -8
46 20 -9
47 -4 19
48 21 2
49 12 -3
50 19 -18
53 -15 7
55 5 9
56 -17 -19
57 11 -1
58 8 -9
59 -15 2
60 -4 -20
61 8 16
63 -15 -8
64 -4 -17
66 -8 5
67 20 -9
68 11 -4
69 8 -16
70 -17 0
71 8 -6
72 -9 -16
73 19 2
74 11 -19
75 13 7
76 -15 7
77 9 -12
78 -17 0
79 18 -7
80 -9 17
81 3 16
82 -12 -13
0 17 15
1 -15 7
2 -9 11
3 -18 7
4 3 8
7 -4 19
8 3 -14
10 8 -9
12 -18 -7
13 5 9
15 19 -18
16 11 -4
17 11 -11
18 -19 11
19 17 15
20 -9 11
21 -17 -9
22 -10 -5
23 13 7
24 -9 17
25 -9 11
26 -4 -17
27 -17 -19
28 19 2
29 11 21
30 2 13
31 12 -20
33 9 7
34 15 0
35 -14 17
36 6 6
37 3 8
38 -4 -20
39 14 10
40 6 6
41 0 -12
42 -13 18
45 -15 -8
46 16 -3
47 -4 19
48 -15 7
49 12 -3
50 19 -18
53 -9 11
55 12 6
56 12 6
57 11 -1
58 8 -9
59 -15 2
60 -3 21
61 8 16
63 -17 -9
64 -9 -16
66 -11 -9
67 -9 -3
68 11 -19
69 8 -16
70 21 2
71 8 -6
72 -9 -16
73 -14 1
74 9 -12
75 12 6
76 -15 7
77 19 2
78 -17 0
79 18 -7
80 -3 -19
81 3 16
82 19 2
0 17 15
1 -11 10
2 -9 -3
3 -18 7
4 3 8
7 -4 19
8 3 -14
10 0 -12
12 -18 -7
13 5 9
15 19 -18
16 11 -4
17 11 -11
18 9 -12
19 17 15
20 9 -4
21 -17 -9
22 -10 -5
23 13 7
24 8 -18
25 3 -14
26 -4 -17
27 -17 -19
28 17 15
29 9 -12
30 3 16
31 12 -20
33 20 5
34 15 0
35 -14 17
36 -9 17
37 6 6
38 -4 -20
39 14 10
40 6 6
41 0 -12
42 -9 11
45 -15 -8
46 16 -3
47 -9 11
48 -15 7
49 12 -3
50 19 -18
53 6 6
55 -19 11
56 12 6
57 11 -1
58 8 -9
59 -15 2
60 -3 21
61 8 16
63 20 -9
64 -11 -9
66 -9 -3
67 -6 8
68 11 -1
69 8 -16
70 21 2
71 8 -6
72 -9 -16
73 -19 11
74 9 -12
75 12 6
76 -15 7
77 20 5
78 -17 0
79 18 -7
80 -3 -19
81 3 16
82 19 2
0 17 15
1 14 10
2 3 -14
3 -18 7
4 3 8
7 -4 19
8 3 -14
10 0 -12
12 -18 -7
13 3 8
15 19 -18
16 11 -4
17 12 -11
18 9 -12
19 19 -18
20 20 5
21 -17 -9
22 -10 -5
23 13 7
24 8 -18
25 3 -14
26 -4 -17
27 -17 -19
28 -9 -16
29 9 -12
30 3 12
31 12 -20
33 3 8
34 15 0
35 -14 17
36 -9 -16
37 6 6
38 -4 -20
39 14 10
40 11 -1
41 0 -12
42 -17 -19
45 -15 -8
46 16 -3
47 -9 11
48 -15 7
49 12 -3
50 19 -18
53 -15 -8
55 3 12
56 14 10
57 9 -4
58 8 -18
59 -15 2
60 2 13
61 5 9
63 20 -9
64 -11 -9
66 -9 -3
67 -10 -5
68 9 -4
69 8 -16
70 21 2
71 8 -6
72 -14 17
73 -19 11
74 19 -18
75 19 2
76 -15 7
77 9 -4
78 -17 0
79 18 -7
80 -3 -19
81 3 16
82 21 2
0 17 15
1 21 2
2 3 -14
3 -18 7
4 3 8
7 -4 19
8 3 -14
10 9 -4
12 -18 -7
13 -8 -9
15 19 -18
16 11 -4
17 12 -11
18 9 -12
19 17 15
20 20 5
21 -11 -9
22 -10 -5
23 13 7
24 11 21
25 19 2
26 -3 -19
27 -17 -19
28 -8 5
29 9 -12
30 12 6
31 12 -20
33 5 9
34 15 0
35 -14 17
36 -9 -16
37 6 6
38 -4 -20
39 14 10
40 11 -1
41 0 -12
42 8 16
45 -17 -9
46 21 2
47 -9 17
48 -15 7
49 12 -3
50 19 -18
53 -15 -8
55 -15 7
56 19 2
57 11 -4
58 17 15
59 -15 2
60 2 13
61 17 15
63 -15 -8
64 -4 -20
66 -9 -3
67 11 -1
68 -9 11
69 8 -16
70 -8 5
71 8 -6
72 -9 -16
73 -19 11
74 19 -18
75 9 7
76 -15 7
77 14 10
78 -17 0
79 18 -7
80 -3 21
81 -9 17
82 -17 -19
0 14 10
1 21 2
2 3 -14
3 -18 7
4 3 12
7 -4 19
8 0 -12
10 11 -13
12 -18 -7
13 17 15
15 19 -18
16 8 -9
17 8 -18
18 9 -12
19 -12 -13
20 20 5
21 -15 -8
22 -10 -5
23 13 7
24 11 -19
25 0 -12
26 -3 -19
27 12 -11
28 9 -12
29 9 -12
30 -6 8
31 12 -20
33 5 9
34 15 0
35 -14 17
36 -9 -16
37 6 6
38 -4 -17
39 14 10
40 9 -4
41 0 -12
42 8 16
45 -18 -7
46 21 2
47 3 -14
48 -17 7
49 12 -3
50 -17 -19
53 -15 -8
55 -15 7
56 9 7
57 11 -4
58 8 16
59 -15 2
60 -9 -16
61 -12 -13
63 20 -9
64 0 -12
66 -9 -3
67 11 -1
68 -4 19
69 8 -16
70 -8 5
71 8 -6
72 -9 -16
73 14 10
74 9 -12
75 14 10
76 -15 7
77 -9 -3
78 -17 0
79 18 -7
80 -4 -20
81 -9 17
82 12 -11
0 -19 11
1 21 2
2 0 -12
3 -18 7
4 3 12
7 -9 11
8 5 -9
10 11 -13
12 -18 -7
13 17 15
15 19 -18
16 8 -9
17 8 -18
18 3 -14
19 20 -9
20 14 10
21 -12 -13
22 -10 -5
23 13 7
24 2 13
25 -9 -16
26 -3 -19
27 -11 -9
28 9 7
29 9 -12
30 -6 8
31 12 -20
33 5 9
34 15 0
35 -9 17
36 9 -12
37 6 6
38 -3 21
39 17 15
40 9 -4
41 3 -14
42 8 16
45 -18 -7
46 -18 -7
47 3 -14
48 -17 7
49 12 -3
50 11 21
53 -11 -9
55 -15 7
56 21 2
57 16 -3
58 5 -9
59 -15 2
60 -13 18
61 -11 10
63 -11 -9
64 0 -12
66 -8 -9
67 6 6
68 12 6
69 8 -16
70 -8 5
71 8 -6
72 -12 -13
73 21 2
74 -9 -16
75 14 10
76 -15 7
77 -9 -3
78 -17 0
79 18 -7
80 -4 -20
81 -3 21
82 -18 -7
0 8 16
1 -9 11
2 0 -12
4 9 7
7 -9 11
8 8 -16
10 11 -19
12 -17 -9
13 17 15
16 8 -9
17 8 -18
18 9 -4
19 20 -9
20 21 2
21 -11 -9
22 -10 -5
23 13 7
24 3 -14
25 -11 -9
26 -3 -19
27 9 -12
28 -18 -7
29 12 -11
30 -6 8
31 12 -20
33 5 9
34 15 0
35 -13 18
36 9 -12
37 6 6
38 -3 21
39 17 15
40 11 -1
41 5 -9
42 8 16
45 -11 -9
46 20 5
47 8 16
48 -17 7
50 -14 17
53 -10 -7
55 -15 7
56 5 9
57 11 -4
58 14 10
59 -15 2
60 -17 -19
61 11 21
63 -12 -13
64 -4 -20
66 -9 11
67 20 5
68 20 -9
69 8 -16
70 -8 5
71 8 -6
72 -12 -13
73 17 15
74 20 -9
75 14 10
76 -17 7
77 6 6
78 -17 0
79 18 -7
80 -9 -16
81 3 12
82 11 -11
0 8 16
1 -9 11
2 0 -12
4 3 8
7 -9 17
8 3 -14
10 11 -19
12 -17 -9
13 14 10
16 11 -11
17 8 -18
18 9 -4
19 18 -7
20 21 2
21 -18 -7
22 -10 -5
23 13 7
24 6 6
25 -11 -9
26 -3 -19
27 9 -12
28 -18 -7
29 12 -11
30 6 6
31 12 -20
33 5 9
35 -17 -19
36 9 -12
37 9 7
38 -9 -16
39 17 15
40 11 -1
41 5 -9
42 2 13
45 -11 -9
46 20 5
47 -3 21
48 -17 6
50 -14 17
53 -17 0
55 -15 7
56 -9 11
57 21 2
58 9 7
59 -15 2
60 -14 17
61 8 -16
63 18 -7
64 -4 -20
66 -17 0
67 20 5
68 -19 11
69 8 -16
70 -8 5
71 8 -6
72 -13 18
73 17 15
74 -3 -19
75 14 10
76 -17 6
77 -17 0
78 -17 0
79 18 -7
80 -3 -19
81 -11 10
82 18 -7
0 8 16
1 -9 11
2 0 -12
4 3 8
7 -9 11
8 8 -18
10 18 -7
12 -17 -9
13 17 15
16 11 -11
17 8 -18
18 8 -9
19 18 -7
20 17 15
21 -18 -7
22 -10 -5
23 13 7
24 6 6
25 9 -4
26 -4 -17
27 9 -12
28 20 -9
29 11 -13
30 6 6
31 12 -20
33 5 9
35 -17 -19
36 9 -12
37 3 12
38 -9 -16
39 17 15
40 11 -1
41 5 -9
42 8 -18
45 -11 -9
46 -17 0
47 -3 21
48 -17 7
50 -14 17
53 -17 0
55 -15 7
56 -9 11
57 12 -11
58 -3 21
60 -4 -17
61 8 -18
63 -17 -19
64 -4 -20
66 -6 8
67 21 2
68 3 12
69 8 -16
70 -8 5
71 8 -6
72 -13 18
73 11 -1
74 3 -14
75 14 10
76 -15 7
77 -4 19
78 -17 0
79 16 -3
80 -9 17
81 -11 10
82 18 -7
0 8 16
1 -9 11
2 0 -12
4 3 8
7 -3 21
8 -4 -17
10 18 -7
12 -17 -9
13 -19 11
16 11 -11
17 11 -19
18 19 2
19 18 -7
20 17 15
21 -12 -13
22 -10 -5
23 13 7
24 9 7
25 9 -4
26 -8 -9
27 9 -12
28 20 -9
29 11 -13
30 6 6
31 12 -20
33 5 9
35 -14 17
36 11 -19
37 6 6
38 -9 -16
39 17 15
40 11 -1
41 5 -9
42 8 -18
45 -11 -9
46 -17 0
47 -3 -19
48 -19 11
50 -14 17
53 -17 0
55 -15 7
56 3 12
57 12 -11
58 12 -20
60 -4 -17
61 19 2
63 -18 -7
64 -3 -19
66 -6 8
67 9 -4
68 -9 17
69 8 -16
70 -8 5
71 8 -6
72 -13 18
73 11 -1
74 3 -14
75 9 7
76 -15 7
77 12 -11
78 -17 0
79 -18 -7
80 -3 21
81 -11 10
82 18 -7
0 8 16
1 -17 6
2 0 -12
4 3 8
7 -4 -20
8 -4 -17
10 11 -1
13 -19 11
16 11 -11
17 3 -14
18 19 2
19 18 -7
20 17 15
21 18 -7
22 -10 -5
23 13 7
24 14 10
25 -4 19
26 -8 -9
27 9 -12
28 20 -9
29 11 -13
30 6 6
31 11 21
33 5 9
35 -13 18
36 18 -7
37 6 6
38 -9 -16
39 17 15
40 16 -3
41 5 -9
42 11 21
45 -11 -9
46 11 -1
47 -3 -19
48 -17 0
50 -19 11
53 -17 -19
55 -15 7
56 -9 11
57 9 -5
58 12 -20
60 12 -20
61 9 7
63 19 2
64 -12 -13
66 -10 -5
67 -9 11
68 -9 17
69 8 -16
70 -9 11
72 -13 18
73 9 7
74 3 -14
75 20 5
76 -17 7
77 -18 -7
78 21 2
79 20 -9
80 -13 18
81 -11 10
82 -18 -7
0 8 16
1 -9 17
2 0 -12
4 3 8
7 -13 18
8 -4 -17
10 20 -9
13 20 5
16 11 -11
17 11 21
18 21 2
19 18 -7
20 9 7
21 20 -9
22 -10 -5
23 13 7
24 -9 11
25 -4 19
26 -10 -7
27 9 -12
28 20 -9
29 8 -18
30 6 6
31 12 -20
33 14 10
35 -19 11
36 -3 -19
37 6 6
38 -9 -16
39 17 15
40 16 -3
41 5 -9
42 3 -14
45 -11 -9
46 11 -1
47 -17 -19
48 -17 0
50 -19 11
53 21 2
55 -15 7
56 6 6
57 16 -3
58 11 21
60 11 -19
61 -9 11
63 -9 -16
64 -12 -13
66 -9 -3
67 9 7
68 -9 17
69 8 -16
70 -17 6
72 -13 18
73 -17 0
74 -4 -17
75 6 6
76 -17 6
77 20 -9
78 -14 1
79 19 2
80 -13 18
81 -11 10
82 11 -4
0 8 16
1 -9 17
2 0 -12
4 3 8
7 -14 17
8 -4 -17
10 20 -9
13 8 16
16 11 -11
17 11 21
18 18 -7
19 18 -7
20 14 10
21 20 -9
22 -10 -5
24 6 6
25 -4 19
26 -4 -20
27 9 -12
28 20 -9
29 8 -18
30 5 9
31 11 -19
33 6 6
35 -19 11
36 -3 -19
37 5 9
38 -4 -20
39 17 15
40 11 -1
41 5 -9
42 3 12
46 11 -1
47 -4 -17
48 19 2
50 -13 18
53 -8 -9
55 -17 6
56 3 -14
57 16 -3
58 11 -19
60 5 9
61 18 -7
63 5 -9
64 -17 -19
66 -10 -7
67 9 7
68 -9 -16
69 8 -16
70 -9 -3
72 -13 18
73 18 -7
74 -4 -17
75 14 10
76 -17 6
77 -15 -8
78 -14 1
79 18 -7
80 -13 18
81 -11 10
82 -8 -9
0 3 16
1 -9 17
2 0 -12
4 3 8
7 -13 18
8 5 -9
10 8 16
13 12 6
16 11 -11
17 11 21
18 -17 0
19 18 -7
20 14 10
21 -15 -8
22 -10 -5
24 6 6
25 -4 19
26 5 -9
27 9 -12
28 20 -9
29 8 -18
30 2 13
31 11 21
33 6 6
35 -19 11
36 -3 -19
37 5 9
38 -4 -17
39 17 15
40 11 -1
41 3 -14
42 3 12
46 20 5
47 -18 -7
48 -15 7
50 -13 18
53 -3 21
55 -17 6
56 -4 19
57 16 -3
58 11 -19
60 -8 5
61 18 -7
63 -17 -19
64 -4 -17
66 -11 10
67 12 6
68 -4 -20
69 8 -16
70 -11 10
72 -14 17
73 6 6
74 -4 -20
75 14 10
76 -17 6
77 12 -11
78 -14 1
79 16 -3
80 -17 -19
81 -11 10
82 -10 -7
0 3 16
1 -9 17
2 0 -12
4 3 8
7 -4 -20
8 -3 -19
10 8 16
13 -9 11
16 11 -11
17 11 21
18 -17 0
19 16 -3
20 12 6
21 -15 -8
22 -10 -5
24 6 6
25 -4 19
26 3 -14
27 9 -12
28 20 -9
29 8 -18
30 14 10
31 11 -19
33 6 6
35 -19 11
36 3 -14
37 12 6
38 -8 -9
39 17 15
40 12 6
41 -4 -17
42 12 -20
46 18 -7
47 -18 -7
48 -15 7
50 -13 18
53 -9 -3
55 -17 6
56 12 -11
57 16 -3
58 11 -19
60 -9 -3
61 -18 -7
63 12 -11
64 -18 -7
66 21 2
67 18 -7
68 -14 17
69 8 -16
70 -8 -9
72 -14 17
73 12 6
74 12 6
75 14 10
76 -17 6
77 21 2
78 -14 1
79 -15 -8
80 -17 -19
81 -9 11
82 -8 -9
0 3 16
1 -9 17
2 0 -12
4 3 8
7 -4 -20
8 -3 -19
10 8 16
13 -9 11
16 12 -11
17 8 -9
18 -17 0
19 18 -7
20 -4 -17
21 -15 -8
22 -10 -5
24 12 6
25 -4 19
26 -3 21
27 9 -12
28 20 -9
29 8 -18
30 14 10
31 12 -20
33 3 8
35 -19 11
36 -3 21
37 12 6
38 -3 -19
40 9 -4
41 3 -14
42 12 -20
46 21 2
47 -18 -7
48 -17 0
50 -13 18
53 12 -11
55 20 5
56 11 -11
57 16 -3
58 12 -20
60 -9 -3
61 -18 -7
63 -10 -7
64 -18 -7
66 -14 1
67 16 -3
68 -3 21
69 8 -16
70 20 5
72 -13 18
73 -9 11
74 12 6
75 16 -3
76 -17 6
77 21 2
78 -14 1
79 -15 -8
80 -17 -19
81 -11 10
82 20 5
0 3 16
1 -9 17
2 0 -12
4 3 8
7 -4 -20
8 3 -14
10 8 16
13 -9 -3
16 12 -11
17 8 -9
18 20 5
19 -18 -7
20 14 10
21 18 -7
22 -10 -5
24 -3 21
25 -4 -17
26 9 -5
27 9 -12
30 14 10
31 12 -11
33 3 8
35 -19 11
36 -4 -17
37 12 6
38 3 -14
40 9 -5
41 -8 -9
42 12 -20
46 9 -4
47 3 12
48 -14 1
50 -13 18
53 12 -11
55 20 5
56 -14 1
57 11 -1
58 12 -20
60 -6 8
61 18 -7
63 -10 -7
64 -15 -8
66 21 2
67 -4 -17
68 -4 -17
69 8 -16
70 19 2
72 -13 18
73 -3 21
74 6 6
75 16 -3
76 -17 6
77 21 2
78 19 2
79 -15 -8
80 -17 -19
81 -11 10
82 20 5
0 3 16
1 -9 17
2 0 -12
4 5 9
7 -4 -20
8 -3 -19
10 8 16
13 3 -14
16 11 -11
17 8 -9
18 19 2
19 -18 -7
20 -10 -7
21 18 -7
22 -10 -5
24 3 8
25 -3 -19
26 -12 -13
27 9 -12
30 14 10
31 11 -13
33 5 9
35 -19 11
36 -8 -9
37 12 6
38 -8 -9
40 9 -5
41 -8 -9
42 12 -20
46 9 -4
47 3 12
48 -17 0
50 -13 18
53 12 -11
55 20 5
56 -17 0
57 18 -7
58 12 -20
60 -6 8
61 -9 -16
63 -4 -20
64 -8 -9
66 -9 11
67 6 6
68 -8 5
69 8 -16
70 -17 0
72 -4 -20
73 -3 21
74 11 21
75 16 -3
76 -17 6
77 21 2
78 -17 0
79 -15 -8
80 -17 -19
81 -11 10
82 20 5
0 3 16
1 -9 17
2 0 -12
4 6 6
7 -4 -17
8 11 -19
10 8 16
13 3 -14
16 9 -5
17 8 -9
18 -17 0
19 -18 -7
20 -10 -7
21 -8 -9
22 -10 -5
24 3 8
25 -3 -19
26 -8 -9
27 11 -11
30 14 10
31 11 -13
33 5 9
35 -19 11
36 -8 -9
37 12 6
38 -4 19
40 11 -4
41 -4 -17
42 12 -20
46 11 -4
47 3 12
48 -8 5
50 -13 18
53 12 -11
55 20 5
56 -4 -17
57 18 -7
58 12 -20
60 3 8
61 -9 -16
63 -3 21
64 -8 -9
66 -9 11
67 3 8
68 14 10
69 8 -16
70 -17 0
72 -4 -20
73 3 12
74 11 21
75 16 -3
76 -17 6
77 21 2
78 21 2
79 12 -11
80 -17 -19
81 -11 10
82 20 5
0 3 16
1 -9 17
2 0 -12
4 6 6
7 3 16
8 3 16
10 8 16
13 3 -14
16 12 -11
17 8 -9
18 -4 -17
19 -18 -7
20 -10 -7
21 -8 -9
24 5 9
25 -9 17
26 -8 -9
27 11 -11
30 14 10
31 11 -13
33 5 9
36 -9 -3
37 12 6
38 -4 19
40 9 -4
41 -3 -19
42 11 -19
46 18 -7
47 -6 8
48 -8 5
50 -13 18
53 12 -20
55 20 5
56 -8 5
57 18 -7
58 12 -20
60 -9 11
61 -9 -16
63 -3 -19
64 -14 1
66 -9 11
67 -8 -9
68 19 2
70 -14 1
72 -4 -20
73 -9 17
74 11 21
75 16 -3
76 -17 6
77 19 2
78 21 2
79 -18 -7
80 -17 -19
81 -11 10
82 20 5
0 8 16
1 -9 17
2 0 -12
4 6 6
7 3 16
8 3 16
10 8 16
13 3 16
16 12 -11
17 8 -9
18 -4 -17
19 -15 -8
20 -10 -7
21 -8 -9
24 5 9
25 3 12
26 3 -14
27 11 -13
30 14 10
31 11 -13
33 5 9
36 -3 -19
37 12 6
38 -4 19
40 5 -9
41 -4 -17
42 11 -19
46 18 -7
47 -6 8
48 -17 6
50 -13 18
53 11 -11
55 20 5
56 11 -1
57 18 -7
58 12 -20
60 -8 -9
61 -9 -16
63 -14 17
64 -14 1
66 -9 11
67 19 2
68 19 2
70 11 -1
72 -4 -20
73 -15 7
74 11 21
75 16 -3
76 -17 6
77 -9 11
78 21 2
79 21 2
80 -17 -19
81 -11 10
82 20 5
0 8 16
1 -14 17
2 0 -12
4 6 6
7 -4 19
8 -4 -20
10 8 16
13 -3 -19
16 11 -1
17 8 -9
18 -4 -17
19 -15 -8
20 -10 -7
21 -15 -8
24 5 9
25 -3 -19
26 3 -14
27 11 -13
30 14 10
31 11 -13
33 5 9
36 5 -9
37 12 6
38 -12 -13
40 9 7
41 9 -5
42 11 -19
46 18 -7
47 -8 5
48 16 -3
50 -13 18
51 -12 -19
53 19 2
55 -17 0
56 11 -1
57 18 -7
58 12 -20
60 -17 -19
61 -9 -16
63 -14 17
64 -14 1
66 -9 11
67 9 -5
68 -18 -7
70 3 8
72 -9 17
73 -15 7
74 11 21
75 16 -3
76 -17 7
77 -9 17
78 21 2
79 11 -4
80 -14 17
81 -11 10
82 20 5
0 8 16
1 -4 19
2 0 -12
7 3 16
8 -4 -20
10 8 16
13 -3 -19
16 11 -13
17 8 -9
18 -4 -17
19 19 2
20 -10 -7
21 -8 -9
24 5 9
25 2 13
26 3 -14
27 11 -11
30 14 10
31 9 -12
33 5 9
36 5 -9
38 -4 -20
40 19 2
41 -3 21
42 12 -20
46 9 -5
47 -8 5
48 16 -3
50 -13 18
51 -12 -19
53 19 2
55 21 2
56 9 -4
57 18 -7
58 12 -20
60 21 2
61 -9 -16
63 21 2
64 -14 1
66 -9 11
67 -4 19
68 -18 -7
70 11 -1
72 -12 -19
73 -4 19
74 11 21
75 16 -3
76 -17 7
77 -17 -19
78 -17 0
79 11 -11
80 -12 -13
81 -11 10
82 20 5
0 8 16
1 -11 10
2 0 -12
7 -3 -19
8 -3 -19
10 8 16
13 -3 21
16 11 -13
17 8 -9
18 -4 -17
19 19 2
20 -10 -7
21 -10 -7
24 5 9
25 11 -1
26 3 -14
27 9 -5
30 14 10
31 9 -12
33 5 9
36 5 -9
38 -3 21
40 11 -11
41 -3 21
42 12 -20
46 -15 -8
47 -8 5
48 11 -1
51 -12 -19
53 -9 17
55 -15 7
56 9 -5
57 18 -7
58 11 -19
60 21 2
61 -9 -16
63 9 7
64 -14 1
66 -9 11
67 -4 19
68 -18 -7
70 -4 19
72 -4 19
73 -9 -16
74 11 21
75 16 -3
76 -17 7
77 -17 -19
78 -17 0
79 -17 0
80 -12 -13
81 -11 10
82 20 5
0 3 16
1 -9 -16
7 -3 -19
8 -3 21
10 8 16
13 -9 -16
16 11 -13
17 8 -9
18 -4 -17
19 18 -7
20 -10 -7
21 -9 -16
22 -10 -5
24 5 9
25 -14 17
26 3 -14
27 3 -14
30 14 10
31 11 -11
33 5 9
36 5 -9
38 -9 -16
40 -9 -3
41 9 -12
42 12 -20
46 21 2
47 -8 5
48 11 -1
51 -12 -19
53 -4 19
55 -17 6
56 -9 17
57 18 -7
58 11 -19
60 21 2
61 -4 19
63 3 12
64 -14 1
66 -9 11
67 -15 -8
68 18 -7
70 -10 -7
72 -12 -13
73 9 -4
74 11 21
75 16 -3
76 -15 7
77 -17 -19
78 -17 0
79 19 2
80 -9 -16
81 -11 10
0 3 16
1 -17 -19
7 -3 -19
8 -4 -20
10 8 16
13 -14 17
16 11 -13
17 8 -9
18 -4 -17
19 18 -7
20 -9 -3
21 -9 -16
22 -10 -5
24 5 9
25 -8 -9
26 -9 -16
27 11 -19
30 14 10
31 11 -19
33 5 9
36 5 -9
38 -9 17
40 18 -7
41 -8 -9
42 12 -20
46 14 10
47 -8 5
48 19 2
51 -12 -19
53 -17 -19
55 -17 6
56 14 10
57 18 -7
58 12 -20
60 21 2
61 -9 17
63 3 12
64 -14 1
66 -9 11
67 -15 -8
68 14 10
70 -8 -9
72 -17 -19
73 -17 -19
74 11 21
75 16 -3
76 -15 7
77 -3 21
78 -17 0
79 9 -5
80 -9 -16
81 -11 10
0 3 16
1 2 13
7 -3 -19
8 2 13
10 8 16
13 -14 17
16 5 -9
17 8 -9
19 11 -1
20 -8 -9
21 21 2
24 3 8
25 9 -5
26 -9 -16
27 11 -19
30 9 7
31 12 -11
33 5 9
36 5 -9
38 -9 17
40 9 -5
41 -10 -7
42 11 21
46 -17 6
47 -8 5
48 19 2
53 9 -5
55 21 2
56 -14 17
57 18 -7
58 11 -19
60 21 2
61 -8 -9
63 14 10
64 -14 1
66 -9 11
67 14 10
68 -17 -19
70 -8 -9
72 -17 -19
73 11 -1
74 11 21
76 -17 6
77 -3 21
78 19 2
79 9 -4
80 -9 -16
81 -11 10
0 3 16
1 -6 8
7 -3 -19
8 -12 -13
10 8 16
13 -14 17
16 11 -11
17 8 -9
19 -18 -7
20 -9 -3
21 -17 -19
24 5 9
25 -6 8
26 5 -9
27 9 -12
30 14 10
31 12 -11
33 5 9
36 9 -12
38 -4 19
40 -4 -20
41 -10 -7
42 11 21
46 14 10
48 19 2
53 9 -5
55 21 2
56 -10 -7
58 12 -20
60 21 2
61 -8 -9
63 -8 -9
66 -9 11
67 -17 -19
68 9 7
70 -9 17
72 -3 21
73 11 -1
74 11 -19
76 -17 6
77 -3 21
78 -15 -8
79 -10 -7
80 -9 -16
81 -11 10
0 3 16
1 -3 21
7 -3 -19
8 -12 -13
10 8 16
13 -14 17
16 11 -19
19 -18 -7
20 -9 -3
21 12 -11
24 9 7
25 -6 8
26 5 -9
27 3 -14
30 3 8
31 11 -13
33 5 9
36 9 -5
38 -4 19
40 -4 -20
41 12 -11
42 11 21
46 -8 -9
48 19 2
53 9 -5
55 -17 7
56 9 -12
58 12 -20
60 21 2
61 -10 -7
63 11 -11
66 -9 11
67 -17 -19
68 9 7
70 -15 -8
72 -3 21
73 11 -1
74 12 -20
76 -17 6
77 -14 17
78 -15 -8
79 -17 -19
80 -9 -16
81 -11 10
0 3 16
1 -3 21
7 -3 -19
8 -12 -13
10 8 16
13 -17 -19
16 11 -19
19 -15 -8
20 -9 -3
21 11 -11
24 9 7
25 -4 -20
26 5 -9
27 8 16
30 3 8
31 3 -14
33 5 9
36 -8 -9
38 -4 19
40 -9 -3
41 11 -11
42 11 21
46 9 7
48 19 2
53 9 -5
55 21 2
56 9 -12
58 12 -11
60 21 2
61 -15 -8
63 11 -11
66 -9 11
67 -17 -19
68 14 10
70 -17 7
72 -14 17
73 11 -1
74 12 -20
76 -17 6
77 -8 -9
78 -15 7
79 -12 -13
80 -9 -16
81 -11 10
0 3 16
1 -3 21
7 -3 -19
8 -8 -9
10 8 16
13 -14 17
16 3 -14
19 -15 -8
20 -15 -8
21 -8 -9
24 5 9
25 -4 -20
26 5 -9
27 -3 21
30 3 8
31 3 -14
33 3 12
36 -8 -9
38 -4 19
40 -9 -3
41 11 -1
42 11 21
46 -17 7
53 9 -5
55 21 2
56 9 -12
58 -17 -19
60 21 2
61 -3 21
63 11 -11
66 -9 11
67 -12 -13
68 -14 17
70 -10 -7
72 -9 17
73 11 -4
74 12 -20
76 -17 6
77 -10 -7
78 -18 -7
79 12 -11
80 -9 -16
81 -11 10
0 3 16
1 -14 17
8 -3 21
10 8 16
12 -17 -9
13 -12 -13
16 3 -14
19 -15 -8
20 -10 -7
21 -4 19
24 9 7
25 -4 -20
26 5 -9
27 -18 -7
30 3 8
31 11 -11
33 3 12
36 -8 -9
38 -4 19
40 -18 -7
41 -4 19
42 11 21
46 -17 -19
53 9 -5
55 -15 7
56 -8 -9
58 14 10
60 21 2
61 -9 -3
63 11 -11
66 -9 11
67 -12 -13
68 11 -1
70 9 -4
72 -12 -13
73 5 9
74 11 -19
76 -17 6
77 -18 -7
78 -17 7
79 12 -11
80 -9 -16
0 3 16
1 -14 17
8 11 -19
10 8 16
12 -17 -9
13 -12 -13
16 3 -14
18 -4 -17
19 -15 -8
20 -8 -9
21 -9 -3
24 -6 8
25 -4 -20
27 -18 -7
30 3 8
31 11 -11
33 3 12
36 -10 -7
38 -9 17
40 -9 -3
41 11 -13
46 -6 8
53 9 -5
55 -17 0
56 12 -11
58 12 -20
60 21 2
61 -9 -3
63 -3 21
66 -9 11
67 -12 -13
68 11 -1
70 9 -4
72 -15 7
73 -9 -3
74 11 -19
76 -17 6
77 11 -19
78 -17 7
79 12 -11
80 -9 -16
0 3 16
1 -14 17
8 11 -19
10 8 16
13 -12 -13
16 3 -14
18 -4 -17
19 -15 -8
20 -15 -8
21 14 10
24 3 12
25 -4 -20
27 -18 -7
30 3 8
31 11 -11
33 3 12
36 -3 21
38 -9 17
40 -9 -3
41 5 9
46 14 10
53 9 -5
55 21 2
56 12 -11
58 14 10
60 21 2
61 -9 -3
63 -4 19
66 -9 11
67 -12 -13
68 11 -1
70 3 -14
72 -9 11
73 -8 -9
74 11 -13
76 -15 7
77 11 -19
78 -17 7
79 12 -11
80 -9 -16
0 3 16
1 -14 17
8 11 -19
10 8 16
13 -17 -19
16 3 -14
19 -15 -8
20 -10 -7
21 9 7
24 2 13
25 -4 -20
27 -18 -7
30 3 8
31 11 -11
33 3 12
36 -10 -7
38 -9 17
40 -9 -16
41 5 9
46 9 -4
53 9 -5
55 14 10
56 8 16
58 11 -11
60 21 2
61 -14 17
63 -4 19
66 -9 11
67 -12 -13
68 11 -1
70 9 -12
72 11 -19
73 -8 -9
74 11 -13
76 -15 7
77 11 -19
78 -17 7
79 12 -11
80 -12 -13
0 3 16
1 -17 -19
8 11 -19
10 8 16
13 -17 -19
16 3 -14
19 -15 -8
20 -9 -3
21 9 7
24 5 9
27 -18 -7
30 3 8
31 11 -11
33 3 12
36 -8 -9
38 -9 17
40 12 -11
41 5 9
46 -10 -7
53 9 -5
55 -14 17
56 8 16
58 14 10
60 21 2
61 3 -14
62 7 15
63 -4 19
66 -9 11
67 -12 -13
68 11 -1
70 -3 21
72 11 -19
73 -8 -9
74 11 -13
76 -15 7
77 12 -20
78 -17 7
79 12 -11
80 -12 -13
0 3 16
1 -3 21
8 11 -19
10 3 16
13 -17 -19
16 3 -14
17 8 -9
19 -15 -8
20 -12 -13
21 9 7
24 5 9
27 -18 -7
30 3 8
31 12 -20
36 11 -11
38 -9 17
40 12 -11
41 2 13
46 -17 0
53 9 -5
55 -6 8
56 8 16
58 14 10
60 21 2
61 -17 -19
62 7 15
63 -4 19
67 -12 -13
68 11 -1
70 9 -5
72 -9 -16
73 -8 -9
74 12 -20
76 -15 7
77 14 10
78 -17 7
79 11 -13
80 -14 17
0 3 16
1 -6 8
8 12 -20
10 3 16
13 11 -19
16 3 -14
19 -15 -8
20 -12 -13
21 9 7
24 5 9
27 -18 -7
30 3 8
31 11 -19
36 12 -11
38 -9 17
40 -6 8
41 9 -4
46 -9 -16
50 -13 18
53 9 -5
55 14 10
56 2 13
58 11 -13
60 21 2
61 -17 -19
62 7 15
63 -4 19
67 -12 -13
68 11 -1
70 -14 17
72 -9 -16
73 -8 -9
74 12 -20
76 -15 7
77 -6 8
78 -17 7
79 12 -11
80 -17 -19
0 3 16
1 -6 8
8 11 -19
10 12 -20
13 11 -19
16 3 -14
19 -15 -8
20 -12 -13
21 9 7
24 5 9
27 -18 -7
30 3 8
31 3 -14
36 -10 -7
38 -9 17
40 14 10
41 0 -6
46 -10 -7
53 9 -5
55 -17 0
56 2 13
58 11 -13
60 21 2
61 -17 -19
62 7 15
63 -4 19
67 -12 -13
68 11 -1
70 -9 -3
72 -9 -16
73 -8 -9
74 11 -11
76 -15 7
77 -6 8
78 -17 7
79 12 -11
80 -17 -19
0 3 16
1 -14 17
8 11 -19
10 12 -20
13 11 -19
16 3 -14
19 -15 -8
20 -12 -13
21 9 7
24 5 9
27 -18 -7
30 3 8
31 9 -12
36 -10 -7
38 -9 17
40 11 -13
41 14 10
46 -3 21
53 9 -5
55 -18 -7
56 14 10
58 8 16
61 -17 -19
62 7 15
63 -4 19
67 -12 -13
68 11 -1
70 -6 8
72 -9 -16
73 -8 -9
74 11 -11
76 -15 7
77 -9 -3
78 -17 7
79 12 -11
80 -17 -19
0 3 16
1 -14 17
8 11 -19
10 14 10
13 12 -20
16 3 -14
19 -15 -8
20 -18 -7
21 9 7
24 5 9
27 -18 -7
30 3 8
31 3 -14
36 3 -14
38 -9 17
40 11 -13
41 12 -11
46 -14 17
53 9 -5
55 -18 -7
56 8 16
58 -3 21
61 -17 -19
63 -4 19
67 -12 -13
68 11 -1
70 14 10
72 -9 -16
73 -8 -9
74 11 -11
76 -15 7
77 3 -14
78 -17 7
79 12 -11
80 -14 17
0 8 16
1 3 16
8 11 -19
10 2 13
13 12 -20
16 3 -14
19 -15 -8
20 -17 -19
21 9 7
24 5 9
27 -18 -7
30 3 8
31 3 -14
36 3 -14
40 9 -12
41 -4 19
46 -17 0
53 9 -5
55 -18 -7
56 14 10
58 -3 21
61 -17 -19
63 -3 21
67 -12 -13
68 11 -1
70 14 10
72 -9 -16
73 -8 -9
76 -15 7
77 3 -14
78 -17 7
79 12 -11
80 -4 19
0 8 16
1 3 16
8 11 -19
10 2 13
13 12 -20
16 11 -13
19 -15 -8
20 -17 -19
24 5 9
27 -18 -7
31 8 16
36 3 -14
40 11 -4
41 14 10
46 -17 0
53 9 -5
55 -18 -7
56 -6 8
58 -3 21
61 -17 -19
63 -3 21
67 -12 -13
68 11 -1
70 14 10
72 -9 -16
73 -8 -9
76 -15 7
77 3 -14
78 -17 7
79 12 -11
80 -4 19
0 3 16
1 -3 21
8 11 -19
10 2 13
13 12 -20
16 11 -13
19 -15 -8
20 -17 -19
24 5 9
27 -18 -7
31 8 16
36 -3 21
40 -14 17
41 -4 19
46 -17 0
53 9 -5
55 -17 6
56 8 16
58 -4 19
61 -14 17
63 -6 8
67 -12 -13
68 11 -1
70 14 10
73 -8 -9
76 -15 7
77 3 -14
78 -17 7
79 12 -11
80 -12 -19
0 3 16
1 -17 7
8 11 -19
10 2 13
13 12 -20
16 11 -13
19 -15 -8
20 -14 17
27 -18 -7
31 8 16
36 -3 21
40 -17 0
41 11 -4
46 -17 0
51 -12 -19
53 9 -5
55 -17 6
56 12 -20
58 3 -14
61 -14 17
63 -17 -19
67 -12 -13
68 11 -1
70 14 10
73 -8 -9
76 -15 7
77 3 -14
78 -17 6
79 12 -11
80 -12 -19
0 3 16
1 -4 19
3 -18 7
8 11 -19
10 2 13
13 12 -20
16 11 -13
20 -10 -7
27 -18 -7
31 8 16
36 -3 21
40 3 -14
41 9 -12
46 -17 0
51 -12 -19
53 9 -4
55 -17 6
56 3 -14
58 -14 17
61 3 -14
63 -17 -19
68 11 -4
70 14 10
73 -8 -9
76 -17 7
77 3 -14
78 -17 6
79 12 -11
80 -12 -19
0 3 16
1 -4 19
8 11 -19
10 2 13
13 12 -20
16 11 -13
20 -8 -9
31 8 16
36 -3 21
40 3 -14
41 -17 0
46 -17 0
51 -12 -19
53 9 -4
55 -17 6
56 12 -20
58 -8 -9
61 14 10
63 -17 -19
68 11 -4
70 14 10
73 -8 -9
76 -15 7
77 -6 8
78 -15 7
79 12 -11
80 -8 -9
0 3 16
1 -13 18
8 11 -19
13 12 -20
16 11 -13
20 -10 -7
31 8 16
36 -3 21
40 -4 19
41 -15 7
46 -17 0
50 -13 18
53 9 -4
55 -17 7
56 9 -4
58 3 -14
61 14 10
63 -17 -19
68 11 -4
70 3 -14
73 -10 -7
76 -17 6
77 -6 8
78 -15 7
79 12 -11
80 -8 -9
0 3 16
1 -13 18
8 11 -19
13 12 -20
16 11 -13
20 -17 -19
31 8 16
36 -3 21
40 11 -1
41 14 10
46 -17 0
50 -13 18
53 9 -4
55 -17 7
56 -4 19
58 14 10
61 3 -14
63 3 -14
68 11 -4
70 3 -14
73 -9 -3
76 -17 6
77 -6 8
78 -15 7
79 12 -11
80 -8 -9
0 3 16
1 -13 18
13 12 -20
16 11 -13
20 -17 -19
31 8 16
36 -3 21
40 -10 -7
41 14 10
46 -17 0
50 -13 18
53 9 -4
55 -17 7
56 -10 -7
58 -9 -3
61 -10 -7
63 3 -14
68 11 -4
70 12 -20
73 -10 -7
76 -17 6
77 -6 8
78 -15 7
79 12 -11
80 -8 -9
0 3 16
1 -13 18
13 12 -20
20 -17 -19
31 8 16
40 9 -12
41 14 10
46 -17 6
50 -13 18
53 9 -4
55 -17 7
56 -10 -7
58 -17 -19
61 -4 19
63 3 -14
68 11 -4
70 9 -4
73 -10 -7
76 -17 6
77 -6 8
78 -15 7
79 12 -11
80 -8 -9
1 -13 18
13 12 -20
20 -17 -19
31 8 16
40 -17 -19
41 14 10
46 -9 -3
50 -13 18
53 9 -4
55 -17 7
56 -10 -7
58 -17 -19
61 -4 19
63 3 -14
68 11 -4
70 9 -4
73 -10 -7
76 -17 6
77 -6 8
78 -15 7
79 12 -11
1 -17 -19
13 12 -20
20 -17 -19
27 -18 -7
40 -17 -19
41 14 10
46 -4 19
50 -13 18
53 9 -5
55 -17 7
56 -9 -3
58 9 -5
61 -17 -19
63 3 -14
68 11 -1
70 9 -4
73 -10 -7
76 -17 6
77 -6 8
78 -15 7
79 12 -11
1 -17 -19
13 12 -20
20 -17 -19
22 -10 -5
27 -18 -7
40 -17 -19
46 -4 19
50 -13 18
53 11 -4
55 -17 7
56 11 -4
58 9 -5
61 -17 -19
63 3 -14
68 11 -4
70 11 -4
73 -10 -7
76 -17 6
77 -6 8
78 -15 7
79 12 -11
1 -17 -19
13 12 -20
20 -10 -5
22 -10 -5
40 -14 17
46 11 -1
49 12 -3
50 -13 18
53 9 -4
55 -17 7
56 12 -20
58 9 -5
61 -17 -19
63 3 -14
68 9 -5
70 -17 -19
73 -9 -3
76 -17 6
77 -6 8
78 -15 7
80 -8 -9
1 -14 17
13 -17 -19
20 -17 -19
22 -10 -5
40 -17 -19
41 14 10
46 -17 -19
53 9 -4
55 -17 7
56 -14 17
58 11 -4
61 12 -20
68 11 -4
70 -17 -19
73 -9 -3
76 -17 6
77 -6 8
78 -15 7
1 -14 17
13 12 -20
20 -17 -19
22 -10 -5
34 15 0
40 -17 -19
46 11 -4
53 9 -4
55 -17 7
56 -14 17
58 -14 17
61 11 -1
68 11 -1
70 -17 -19
73 -9 -3
77 -6 8
78 -15 7
1 -14 17
13 12 -20
20 -17 -19
22 -10 -5
27 -18 -7
34 15 0
40 -9 -3
46 15 0
53 9 -4
55 -17 7
56 -17 0
58 -14 17
61 9 -5
68 11 -4
70 -17 -19
73 -10 -5
77 -6 8
79 12 -11
1 -14 17
13 12 -20
20 -17 -19
22 -10 -5
34 15 0
40 12 -20
46 15 0
53 9 -4
55 -17 7
56 -10 -7
58 -14 17
61 9 -5
68 15 0
70 9 -5
73 -9 -3
77 -6 8
79 12 -11
1 -14 17
13 11 -19
20 12 -20
22 -10 -5
34 15 0
40 12 -20
46 15 0
53 9 -4
55 -17 7
56 11 -1
58 -14 17
61 11 -4
68 15 0
70 15 0
73 -9 -3
76 -17 6
77 -6 8
79 12 -11
1 -14 17
13 11 -19
20 12 -20
22 -10 -5
34 15 0
40 12 -20
46 9 -12
53 9 -4
55 -17 7
56 -17 -19
58 -14 17
61 11 -4
68 15 0
70 15 0
73 -9 -3
77 -6 8
79 12 -11
1 -14 17
8 11 -19
13 11 -19
20 -4 19
22 -10 -5
34 11 -1
40 12 -20
46 -9 -3
53 9 -4
55 -17 7
56 -10 -7
58 -14 17
61 -17 0
68 15 0
70 15 0
73 -10 -7
79 12 -11
1 -9 17
8 11 -19
13 11 -19
20 9 -5
22 -10 -5
34 11 -1
40 12 -20
46 -9 -3
53 9 -4
56 19 -18
58 -14 17
61 11 -1
68 9 -5
70 15 0
73 -9 -3
1 -13 18
8 11 -19
13 11 -19
20 -17 0
22 -10 -5
34 11 -4
40 12 -20
46 -9 -3
53 9 -4
56 19 -18
58 -14 17
61 11 -1
67 -12 -13
68 9 -5
70 15 0
73 -10 -5
1 -4 19
8 11 -19
13 11 -19
20 -17 0
34 11 -4
40 12 -20
46 -9 -3
53 9 -4
56 -17 -19
58 -14 17
61 11 -1
67 -12 -13
68 9 -5
73 -12 -13
1 -4 19
8 11 -19
13 11 -19
20 -17 0
34 11 -4
40 12 -20
46 -9 -3
53 9 -4
56 -17 -19
58 -14 17
61 11 -1
67 -12 -13
68 9 -5
73 -17 0
1 -4 19
8 11 -19
13 11 -19
20 -17 0
34 11 -4
40 12 -20
46 -9 -3
56 -17 -19
58 -14 17
61 11 -1
67 -12 -13
68 9 -5
73 -1 -5
1 -14 17
8 12 -20
13 11 -19
20 -17 0
34 11 -4
40 12 -20
46 -9 -3
56 -17 -19
58 -14 17
61 11 -1
68 9 -5
73 -9 -3
1 -14 17
8 12 -20
20 -17 0
34 11 -4
40 12 -20
46 -9 -3
56 -17 -19
58 -14 17
61 9 -12
68 9 -5
73 -9 -3
1 -14 17
8 9 -12
20 -17 0
40 12 -20
46 -9 -3
50 -13 18
56 -14 17
58 -14 17
61 -17 -19
73 -9 -3
1 -9 17
8 9 -12
20 -17 0
46 -10 -7
56 -14 17
58 -17 -19
61 -17 -19
73 -9 -3
1 -5 13
8 9 -12
46 -10 -7
56 -14 17
58 -4 19
61 -17 -19
73 -9 -3
1 -5 13
8 9 -12
46 -10 -7
56 -14 17
58 -4 19
61 -17 -19
73 -9 -3
1 -5 13
8 9 -12
46 -10 -7
56 -14 17
58 -14 17
61 -17 -19
1 -4 19
8 9 -12
46 -10 -7
56 -14 17
58 -4 19
61 -17 -19
1 -5 13
8 9 -12
46 -10 -7
56 -14 17
58 -4 19
61 -17 -19
1 -9 11
8 9 -12
46 -10 -7
56 -14 17
58 -4 19
61 -17 -19
1 -3 15
46 -10 -7
56 -14 17
58 -4 19
61 -17 -19
1 -3 15
46 -10 -7
56 -14 17
58 -4 19
61 -17 -19
1 -3 15
46 -10 -7
56 -14 17
58 -4 19
61 -17 -19
1 -5 13
46 -10 -7
56 -14 17
58 -4 19
61 -17 -19
1 3 16
46 -10 -7
56 -14 17
58 -4 19
61 -17 -19
1 -4 19
46 -10 -7
58 -4 19
61 -17 -19
1 3 16
46 -10 -7
58 -4 19
61 -17 -19
1 11 -1
46 -10 -7
58 -4 19
61 -17 -19
1 11 -1
46 -10 -7
58 -4 19
1 11 -1
46 -10 -7
1 11 -1
46 -10 -7
1 -12 -13
46 -10 -7
1 -12 -13
46 -10 -7
1 -12 -13
46 -10 -7
1 -12 -13
46 -10 -7
1 -12 -19
46 -10 -7
1 -9 11
46 -10 -7
1 -9 11
46 -10 -7
1 -9 11
46 -10 -7
1 -9 11
46 -10 -7
1 -9 11
46 -10 -7
1 -9 11
1 -9 11
1 -5 13
1 -11 10
1 -11 10
1 -11 10
1 -11 10
1 -11 10
1 -15 7
1 -9 17
1 -9 17
1 -11 10
1 -12 -19
61 -17 -19
1 -19 11
61 -17 -19
1 -8 5
61 -17 -19
1 -11 10
61 -17 -19
1 -5 13
61 -17 -19
1 -9 -16
61 -17 -19
1 -3 15
1 -15 7
1 -15 7
1 -13 18
1 -8 5
1 -19 11
1 -19 11
1 -5 13
1 -4 -20
1 -9 11
1 11 -1
1 -3 15
1 -3 15
1 -3 15
1 -4 -20
1 -4 -20
1 2 13
1 2 13
1 2 13
1 -5 13
1 2 13
10 2 13
1 2 13
10 2 13
1 2 13
1 2 13
1 2 13
1 2 13
1 2 13
1 2 13
1 2 13
1 -1 10
1 3 12
1 -3 15
1 3 12
1 -5 13
1 -1 10
1 -3 21
1 -6 8
1 8 16
1 -3 -19
1 -9 17
1 -11 10
1 -11 10
1 2 13
1 -4 -17
1 -12 -19
1 -12 -19
1 -4 -20
1 -4 -20
1 -9 -16
61 -17 -19
1 -9 -16
1 -9 -16
1 -9 17
1 -9 17
1 -12 -19
1 -12 -19
1 -12 -19
1 -12 -19
1 -9 -16
1 -3 -19
1 -14 17
46 -10 -7
1 -12 -13
1 -4 -17
1 -9 11
1 -11 10
1 -9 11
1 -9 11
1 -9 11
1 -9 11
1 -9 17
1 -9 17
1 -9 11
1 -9 11
1 -13 18
1 -9 17
1 -13 18
1 -8 5
1 3 12
1 -9 -3
1 17 15
1 17 15
1 -19 11
1 5 9
46 -10 -7
1 -17 0
1 -17 0
1 -17 0
20 -17 0
1 -17 0
20 -17 0
1 -17 0
1 -17 0
1 -14 1
1 -17 0
1 -17 0
1 -17 0
1 -17 0
1 -17 6
1 -10 0
1 -10 0
1 16 -3
1 16 -3
1 16 -3
1 16 -3
1 16 -3
1 16 -3
1 16 -3
1 16 -3
1 16 -3
1 15 0
1 16 -3
1 16 -3
75 16 -3
1 16 -3
75 16 -3
1 16 -3
1 16 -3
1 16 -3
1 16 -3
1 -17 0
1 11 -4
1 15 0
1 15 0
1 15 0
1 15 0
1 11 -1
1 20 -9
1 20 -9
1 16 -3
1 20 5
1 20 -9
1 11 -4
1 11 -4
1 11 -4
1 12 -3
1 12 -3
1 12 -3
1 12 -3
49 12 -3
1 12 -3
49 12 -3
1 12 -3
49 12 -3
1 12 -3
49 12 -3
1 12 -3
49 12 -3
1 12 -3
49 12 -3
1 12 -3
49 11 -1
49 11 -1
49 11 -1
49 11 -1
49 11 -1
-1 -1 -1
80
59
2
42
76
3
15
8
66
6
0
10
41
62
1
48
61
74
12
36
40
67
25
55
77
13
78
43
47
71
82
72
11
81
65
44
9
58
21
51
57
54
63
4
7
28
26
18
49
64
31
30
16
68
5
38
32
50
14
35
45
37
75
79
33
24
22
29
69
70
53
73
20
23
60
52
39
17
34
56
19
27
46
