407 375 344 313 282 250 219 188 157 125 94 63 32 0 32 63 94 125 157 188 219 250 282 313 344 375 407 438 469 500 469 438 
375 344 313 282 250 219 188 157 125 94 63 32 0 0 0 32 63 94 125 157 188 219 250 282 313 344 375 407 438 469 438 407 
344 313 282 250 219 188 157 125 94 63 32 0 0 0 0 0 32 63 94 125 157 188 219 250 282 313 344 375 407 438 407 375 
313 282 250 219 188 157 125 94 63 32 0 0 0 0 0 0 0 32 63 94 125 157 188 219 250 282 313 344 375 407 375 344 
282 250 219 188 157 125 94 63 32 0 0 0 0 0 0 0 0 0 32 63 94 125 157 188 219 250 282 313 344 375 344 313 
250 219 188 157 125 94 63 32 0 0 0 0 0 0 0 0 0 0 0 32 63 94 125 157 188 219 250 282 313 344 313 282 
219 188 157 125 94 63 32 0 0 0 0 0 0 0 0 0 0 0 0 0 32 63 94 125 157 188 219 250 282 313 282 250 
188 157 125 94 63 32 0 0 0 0 0 0 0 0 0 0 0 0 0 0 0 32 63 94 125 157 188 219 250 282 250 219 
157 125 94 63 32 0 0 0 0 0 0 0 0 0 0 0 0 0 0 0 0 0 32 63 94 125 157 188 219 250 219 188 
125 94 63 32 0 0 0 0 0 0 0 0 0 0 0 0 0 0 0 0 0 0 0 32 63 94 125 157 188 219 188 157 
94 63 32 0 0 0 0 0 0 0 0 0 0 0 0 0 0 0 0 0 0 0 0 0 32 63 94 125 157 188 157 125 
63 32 0 0 0 0 0 0 0 0 0 0 0 0 0 0 0 0 0 0 0 0 0 0 0 32 63 94 125 157 125 94 
32 0 0 0 0 0 0 0 0 0 0 0 0 0 0 0 0 0 0 0 0 0 0 0 0 0 32 63 94 125 94 63 
0 0 0 0 0 0 0 0 0 0 0 0 0 0 0 0 0 0 0 0 0 0 0 0 0 0 0 32 63 94 63 32 
0 0 0 0 0 0 0 0 0 0 0 0 0 0 0 0 0 0 0 0 0 0 0 0 0 0 0 0 32 63 32 0 
0 0 0 0 0 0 0 0 0 0 0 0 0 0 0 0 0 0 0 0 0 0 0 0 0 0 0 0 0 32 0 0 
0 0 0 0 0 0 0 0 0 0 0 0 0 0 0 0 0 0 0 0 0 0 0 0 0 0 0 0 32 63 32 0 
0 0 0 0 0 0 0 0 0 0 0 0 0 0 0 0 0 0 0 0 0 0 0 0 0 0 0 32 63 94 63 32 
32 0 0 0 0 0 0 0 0 0 0 0 0 0 0 0 0 0 0 0 0 0 0 0 0 0 32 63 94 125 94 63 
63 32 0 0 0 0 0 0 0 0 0 0 0 0 0 0 0 0 0 0 0 0 0 0 0 32 63 94 125 157 125 94 
94 63 32 0 0 0 0 0 0 0 0 0 0 0 0 0 0 0 0 0 0 0 0 0 32 63 94 125 157 188 157 125 
125 94 63 32 0 0 0 0 0 0 0 0 0 0 0 0 0 0 0 0 0 0 0 32 63 94 125 157 188 219 188 157 
157 125 94 63 32 0 0 0 0 0 0 0 0 0 0 0 0 0 0 0 0 0 32 63 94 125 157 188 219 250 219 188 
188 157 125 94 63 32 0 0 0 0 0 0 0 0 0 0 0 0 0 0 0 32 63 94 125 157 188 219 250 282 250 219 
219 188 157 125 94 63 32 0 0 0 0 0 0 0 0 0 0 0 0 0 32 63 94 125 157 188 219 250 282 313 282 250 
250 219 188 157 125 94 63 32 0 0 0 0 0 0 0 0 0 0 0 32 63 94 125 157 188 219 250 282 313 344 313 282 
282 250 219 188 157 125 94 63 32 0 0 0 0 0 0 0 0 0 32 63 94 125 157 188 219 250 282 313 344 375 344 313 
313 282 250 219 188 157 125 94 63 32 0 0 0 0 0 0 0 32 63 94 125 157 188 219 250 282 313 344 375 407 375 344 
344 313 282 250 219 188 157 125 94 63 32 0 0 0 0 0 32 63 94 125 157 188 219 250 282 313 344 375 407 438 407 375 
375 344 313 282 250 219 188 157 125 94 63 32 0 0 0 32 63 94 125 157 188 219 250 282 313 344 375 407 438 469 438 407 
407 375 344 313 282 250 219 188 157 125 94 63 32 0 32 63 94 125 157 188 219 250 282 313 344 375 407 438 469 500 469 438 
438 407 375 344 313 282 250 219 188 157 125 94 63 32 63 94 125 157 188 219 250 282 313 344 375 407 438 469 500 1000 500 469 
0 2 0
1 2 0
1 2 0
1 2 0
1 2 0
2 2 0
3 2 0
4 2 0
5 2 0
6 2 0
7 2 0
7 2 0
8 2 0
9 2 0
10 2 0
11 2 0
12 2 0
13 2 0
14 2 0
14 2 0
1 0 3
1 0 3
10 0 3
10 0 3
3 0 3
5 0 3
13 0 3
12 0 3
13 0 3
11 0 3
9 0 3
15 0 3
16 0 3
17 0 3
18 0 3
19 0 3
20 0 3
21 0 3
22 0 3
23 0 3
24 0 3
25 0 3
26 0 3
27 0 3
28 0 3
29 0 3
30 0 3
30 0 3
31 0 3
32 0 3
32 0 3
32 0 3
32 0 3
32 0 3
32 0 3
32 0 3
32 0 3
32 0 3
32 0 3
32 0 3
33 0 3
34 0 3
35 0 3
36 0 3
37 0 3
37 0 3
38 0 3
39 0 3
40 0 3
41 0 3
42 0 3
43 0 3
44 0 3
45 0 3
45 0 3
46 0 3
47 0 3
47 0 3
48 0 3
49 0 3
50 0 3
51 0 3
52 0 3
53 0 3
54 0 3
55 0 3
56 0 3
57 0 3
58 0 3
59 0 3
59 0 3
60 0 3
60 0 3
61 0 3
62 0 3
63 0 3
64 0 3
65 0 3
66 0 3
67 0 3
68 0 3
52 0 3
47 0 3
4 0 3
0 0 3
37 0 3
37 0 3
37 0 3
37 0 3
1 3 1
32 3 1
32 3 1
10 3 1
30 3 1
30 3 1
30 3 1
60 3 1
47 3 1
47 3 1
13 3 1
29 3 1
56 3 1
37 3 1
37 3 1
25 3 1
62 3 1
19 3 1
45 3 1
45 3 1
52 3 1
26 3 1
67 3 1
67 3 1
34 3 1
47 3 1
44 3 1
65 3 1
43 3 1
43 3 1
1 5 0
30 5 0
1 5 0
1 5 0
47 5 0
10 5 0
29 5 0
56 5 0
5 5 0
26 5 0
43 5 0
56 5 0
56 5 0
56 5 0
19 5 0
23 5 0
53 5 0
53 5 0
63 5 0
27 5 0
25 5 0
9 5 0
41 5 0
55 5 0
48 5 0
17 5 0
52 5 0
51 5 0
43 5 0
35 5 0
35 5 0
35 5 0
35 5 0
35 5 0
35 5 0
1 4 1
1 4 1
32 -3 3
30 -3 3
37 -3 3
37 -3 3
32 -3 3
47 -3 3
29 -3 3
10 -3 3
10 -3 3
10 -3 3
10 -3 3
60 -3 3
37 -3 3
37 -3 3
37 -3 3
37 -3 3
37 -3 3
37 -3 3
26 -3 3
19 -3 3
19 -3 3
19 -3 3
19 -3 3
56 -3 3
53 -3 3
67 -3 3
23 -3 3
45 -3 3
19 -3 3
4 -3 3
62 -3 3
44 -3 3
55 -3 3
41 -3 3
51 -3 3
63 -3 3
63 -3 3
9 -3 3
48 -3 3
48 -3 3
7 -3 3
27 -3 3
27 -3 3
25 -3 3
5 -3 3
2 -3 3
10 -3 3
13 -3 3
64 -3 3
52 -3 3
65 -3 3
65 -3 3
62 -3 3
22 -3 3
6 -3 3
50 -3 3
37 -3 3
15 -3 3
15 -3 3
15 -3 3
55 -3 3
55 -3 3
10 -4 -2
19 -4 -2
65 -4 -2
65 -4 -2
65 -4 -2
10 -5 1
19 -5 1
29 -5 1
32 -5 1
32 -5 1
62 -5 1
26 -5 1
26 -5 1
45 -5 1
63 -5 1
29 -5 1
64 -5 1
44 -5 1
41 -5 1
2 -5 1
5 -5 1
9 -5 1
51 -5 1
13 -5 1
65 -5 1
30 -5 1
7 -5 1
60 -5 1
48 -5 1
47 -5 1
23 -5 1
59 -5 1
6 -5 1
20 -5 1
37 -5 1
33 -5 1
64 -5 1
22 -5 1
58 -5 1
4 -5 1
4 -5 1
49 -5 1
16 -5 1
57 -5 1
18 -5 1
39 -5 1
39 -5 1
15 -5 1
42 -5 1
27 -5 1
13 -5 1
24 -5 1
17 -5 1
20 -5 1
20 -5 1
30 2 -4
30 2 -4
30 2 -4
30 2 -4
30 2 -4
32 3 4
10 3 4
19 3 4
19 3 4
19 3 4
56 3 4
29 3 4
1 3 4
26 3 4
32 3 4
64 3 4
5 3 4
62 3 4
51 3 4
4 3 4
23 3 4
23 3 4
23 3 4
26 -1 -7
62 -1 -7
13 -1 -7
47 -1 -7
4 -1 -7
64 -1 -7
60 -1 -7
60 -1 -7
48 -1 -7
29 -1 -7
29 -1 -7
45 -1 -7
9 -1 -7
15 -1 -7
63 -1 -7
44 -1 -7
51 -1 -7
41 -1 -7
39 -1 -7
2 -1 -7
5 -1 -7
52 -1 -7
42 -1 -7
48 -1 -7
16 -1 -7
16 -1 -7
6 -1 -7
17 -1 -7
7 -1 -7
27 -1 -7
67 -1 -7
10 -1 -7
53 -1 -7
53 -1 -7
50 -1 -7
62 -1 -7
62 -1 -7
25 -1 -7
34 -1 -7
33 -1 -7
56 -1 -7
3 -1 -7
57 -1 -7
59 -1 -7
58 -1 -7
11 -1 -7
12 -1 -7
0 -1 -7
28 -1 -7
28 -1 -7
38 -1 -7
40 -1 -7
40 -1 -7
5 7 1
5 7 1
5 7 1
5 7 1
32 5 3
19 1 7
19 1 7
10 1 7
19 1 7
10 1 7
29 1 7
19 1 7
32 1 7
32 1 7
32 1 7
32 1 7
32 1 7
32 1 7
32 1 7
47 1 7
47 1 7
47 1 7
10 -6 3
20 -6 3
20 -6 3
13 -6 3
10 -6 3
10 -6 3
37 -6 3
37 -6 3
26 -6 3
19 -6 3
4 -6 3
9 -6 3
29 -6 3
64 -6 3
37 -6 3
63 -6 3
2 -6 3
17 -6 3
44 -6 3
62 -6 3
42 -6 3
39 -6 3
48 -6 3
41 -6 3
34 -6 3
55 -6 3
45 -6 3
60 -6 3
6 -6 3
15 -6 3
16 -6 3
52 -6 3
10 -6 3
8 -6 3
41 -6 3
38 -6 3
19 -6 3
29 -6 3
28 -6 3
26 -6 3
0 -6 3
66 -6 3
7 -6 3
46 -6 3
25 -6 3
11 -6 3
36 -6 3
31 -6 3
50 -6 3
45 -6 3
51 -6 3
33 -6 3
3 -6 3
3 -6 3
57 -6 3
60 -6 3
54 -6 3
12 -6 3
20 -6 3
65 -6 3
21 -6 3
15 -6 3
58 -6 3
18 -6 3
49 -6 3
67 -6 3
45 -6 3
45 -6 3
5 7 2
29 7 2
56 7 2
1 7 2
1 7 2
19 7 2
41 7 2
1 7 2
7 7 2
2 7 2
15 7 2
15 7 2
15 7 2
15 7 2
56 4 -5
56 4 -5
56 4 -5
56 4 -5
56 4 -5
56 4 -5
56 4 -5
30 4 -5
53 4 -5
60 4 -5
16 4 -5
48 4 -5
29 4 -5
4 4 -5
12 4 -5
12 4 -5
12 4 -5
12 4 -5
19 1 8
32 1 8
47 1 8
47 1 8
10 1 8
10 1 8
10 1 8
10 1 8
10 1 8
51 10 0
67 10 0
50 10 0
11 10 0
29 10 0
29 10 0
29 10 0
29 10 0
29 10 0
60 1 -9
53 1 -9
56 1 -9
62 1 -9
60 1 -9
58 1 -9
56 1 -9
48 1 -9
17 1 -9
59 1 -9
16 1 -9
42 1 -9
44 1 -9
22 1 -9
18 1 -9
39 1 -9
39 1 -9
39 1 -9
39 1 -9
39 1 -9
39 1 -9
39 1 -9
28 1 -9
16 1 -9
54 1 -9
36 1 -9
49 1 -9
49 1 -9
24 1 -9
24 1 -9
0 1 -9
31 1 -9
66 1 -9
25 1 -9
52 1 -9
46 1 -9
18 1 -9
40 1 -9
30 1 -9
18 1 -9
3 1 -9
6 1 -9
21 1 -9
51 1 -9
4 1 -9
68 1 -9
34 1 -9
8 1 -9
50 1 -9
57 1 -9
27 1 -9
27 1 -9
27 1 -9
27 1 -9
27 1 -9
27 1 -9
27 1 -9
27 1 -9
2 -10 4
3 16 1
4 -7 -7
6 -7 -7
7 10 3
8 10 -11
9 -10 4
11 -14 -11
13 -10 4
16 -7 -7
17 -7 -7
18 10 -11
19 -3 9
21 -7 -7
22 10 3
24 11 0
25 0 14
26 -10 4
28 2 -13
31 10 -11
33 11 0
34 -10 4
36 3 -11
38 11 0
39 -2 -9
41 10 3
42 11 0
44 10 3
46 -10 4
48 -4 -8
49 10 -11
50 15 -13
51 -8 11
52 0 14
53 6 -10
54 11 0
56 8 -4
57 10 -11
58 8 -4
59 8 -4
60 -2 -9
61 10 -11
62 -4 -8
63 10 3
64 11 0
66 11 0
67 11 0
68 10 -11
0 11 0
2 -3 9
3 -8 11
4 -4 -8
6 -10 4
7 -10 4
8 11 8
9 -2 11
11 -14 -11
13 -3 9
16 0 14
17 -10 4
18 11 0
19 -5 6
21 -7 -7
22 15 -13
24 10 -2
25 -2 -15
26 -5 6
28 2 -13
31 11 0
33 -8 11
34 -5 11
36 11 0
38 15 -13
39 1 -11
41 -3 9
42 -12 -8
44 0 14
46 -13 5
48 -7 -7
49 -2 -15
50 -13 12
51 -10 4
52 -10 4
53 1 -11
54 15 -13
56 8 -3
57 10 -2
58 8 -3
59 0 14
60 -2 -9
61 16 1
62 -2 -9
63 -10 4
64 16 1
66 16 1
67 8 6
68 16 1
0 16 1
2 10 3
3 -7 -7
4 -5 -14
6 0 14
7 8 6
8 11 8
9 8 6
11 15 -13
13 10 3
16 10 -11
17 -12 -8
18 8 -3
19 -1 10
21 -4 -8
22 -13 12
24 -15 8
25 -8 11
26 -5 6
28 2 -13
31 16 1
33 -15 8
34 -3 9
38 -13 12
39 -1 -10
41 15 -13
42 15 -13
44 -3 13
46 -8 11
48 -1 -10
49 0 14
50 -11 14
51 -15 16
52 -13 5
53 3 -11
54 -15 16
56 6 -10
57 15 -13
58 11 -4
59 -15 8
60 -1 -10
61 -8 11
62 -2 -9
64 15 -13
66 11 -4
67 16 1
68 -15 8
0 -8 11
2 16 1
3 -7 -7
4 -1 -10
6 7 -12
7 -3 9
9 15 -13
11 -12 -8
13 10 3
16 10 -11
17 -15 -5
18 15 -13
19 -1 10
21 -4 -8
22 13 -13
24 -8 11
25 15 -13
26 -5 6
31 8 -3
33 0 14
34 -8 11
38 8 -13
39 -1 -11
41 -15 16
42 -11 14
44 15 -13
46 16 1
48 0 14
49 -5 -14
50 -14 -11
51 -3 13
52 -8 11
53 8 -4
54 -13 12
56 3 -11
57 7 -12
58 3 -11
59 -13 12
60 1 -11
61 3 -11
64 -8 11
66 8 -3
67 -15 8
68 -15 8
0 15 -13
2 16 1
3 -7 -7
4 -5 -14
6 -3 13
7 -8 11
9 15 -13
11 -9 -11
13 10 3
16 10 -11
17 -4 -8
18 0 14
19 -1 10
21 -4 -8
22 13 -13
24 16 1
25 8 -13
26 -5 6
31 -2 -15
33 7 -12
34 16 1
38 -15 -5
39 -1 -11
41 -13 12
42 -13 12
44 -15 16
46 15 -13
48 -2 -15
49 -8 -15
50 0 14
51 15 -13
52 -8 11
53 8 -4
54 -15 -5
56 8 -4
57 3 -11
58 1 -11
59 -15 16
60 -1 -10
61 -15 16
64 -3 13
66 8 -4
67 8 -4
68 -13 12
0 15 -13
2 -13 5
4 -2 -15
6 6 -10
7 -1 10
9 15 -13
11 -9 -11
13 10 3
17 -9 -11
18 -2 -15
19 -2 11
21 -4 -8
22 -15 16
24 15 -13
25 -15 -5
26 -3 9
31 0 14
33 -8 -15
34 -15 -5
38 -9 -11
41 8 -13
42 -13 12
44 8 -13
46 10 3
48 -5 6
49 1 -11
50 -15 8
51 -7 15
52 -13 12
53 6 -10
54 13 -13
56 11 -4
58 6 -10
59 -8 11
60 -1 -10
61 -2 -15
64 -3 13
66 10 -2
68 -13 5
0 -15 16
2 10 3
3 -7 -7
4 -12 -8
6 10 3
7 -13 12
9 13 -13
11 -10 -12
13 16 1
17 -5 -14
18 -2 -15
19 -5 6
21 -4 -8
22 8 -13
24 15 -13
25 1 -11
26 -5 11
31 0 14
33 15 -13
34 -15 -5
38 16 1
41 7 -12
42 -8 11
44 -1 10
46 10 3
48 16 1
49 10 3
50 -13 5
51 7 7
52 -8 14
53 8 -3
54 14 -12
58 6 -10
59 -8 11
60 -1 -10
61 -4 -8
64 -2 11
66 10 3
68 -8 11
0 8 -13
2 16 1
4 -9 -11
6 16 1
7 -13 5
9 13 -13
11 -14 -11
13 10 -2
17 -2 -15
18 -5 -14
19 -5 6
21 -4 -8
22 -14 -11
24 13 -13
25 -12 -8
26 -5 11
31 0 14
33 -9 -11
38 10 3
41 6 -10
42 -13 5
44 15 -13
46 -12 -8
48 -12 -8
49 -3 13
50 -15 8
51 10 3
52 -8 14
53 8 -3
54 -14 -11
58 1 -11
59 -13 5
61 10 -2
64 -3 9
66 8 6
68 -8 11
2 -15 8
4 16 1
6 -1 10
7 -15 8
9 15 -13
11 -8 -15
13 8 6
17 15 -13
18 -3 13
21 -4 -8
22 -3 13
24 13 -13
25 13 -13
26 -5 11
33 -10 -12
38 -15 8
41 16 1
42 -10 -12
44 13 -13
46 -3 9
48 -8 11
49 -2 11
50 -8 11
51 -1 10
52 -8 11
53 7 -12
54 -8 -15
58 7 -12
59 -13 12
61 10 -2
64 -13 12
66 7 7
68 -8 14
2 10 -2
4 -4 -8
6 -2 11
7 16 1
9 14 -12
11 -5 -14
13 -13 5
17 15 -13
18 -8 -15
21 -4 -8
22 -1 10
24 14 -12
25 16 1
33 -3 13
41 16 1
42 -9 -11
44 -12 -8
46 -3 13
48 1 -11
49 -3 9
50 16 1
51 16 1
52 -8 11
53 10 -2
54 10 3
58 6 -10
59 -2 11
61 8 -3
64 -13 12
66 6 -10
68 -8 14
2 16 1
4 -3 13
6 1 -11
7 -3 13
9 -15 16
11 -11 14
13 16 1
17 15 -13
18 -8 -15
24 14 -12
25 -3 13
33 -2 11
34 -15 -5
41 -15 -5
42 -10 -12
44 -12 -8
46 7 -12
48 7 -12
49 -3 9
50 -13 5
51 -13 5
52 -8 11
54 10 3
58 -2 -15
59 -3 13
61 8 -3
64 -11 14
68 -8 14
2 -15 -5
4 13 -13
6 -5 -14
7 -11 14
9 -15 16
11 -13 12
13 -13 5
17 15 -13
18 -8 -15
24 14 -12
25 -5 -14
33 1 -11
34 16 1
41 16 1
42 -8 -15
44 -10 -12
46 8 -3
48 -9 -11
50 7 7
51 16 1
54 10 3
58 -2 -15
61 7 -12
64 -8 -15
2 -15 -5
4 13 -13
6 7 7
7 -11 14
9 -15 16
11 -13 12
18 -10 -12
25 -10 -12
28 2 -13
33 -5 -14
34 -12 -8
41 8 6
42 -5 -14
44 -9 -11
48 -9 -11
50 8 6
51 16 1
54 10 3
58 -2 -15
61 8 6
64 -8 -15
2 -15 -5
4 7 -12
6 13 -13
7 -7 15
18 -2 -15
25 -2 11
33 -5 -14
34 -15 -5
41 8 6
42 -14 -11
44 -12 -8
48 -9 -11
50 7 7
58 -5 -14
61 13 -13
64 -8 -15
2 -12 -8
4 -10 -12
6 -2 -15
7 -11 14
18 -11 14
25 -2 11
33 -5 -14
41 7 7
44 7 -12
48 -9 -11
50 13 -13
58 -5 -14
61 -11 14
6 -2 -15
7 -11 14
8 11 8
13 -13 5
18 1 -11
33 -11 14
41 -13 5
44 7 -12
48 -9 -11
50 11 8
58 -5 -14
61 -5 -14
6 -2 -15
7 -7 15
8 7 7
13 -13 5
18 13 -13
33 -11 14
41 -13 5
44 7 -12
58 -5 -14
61 -5 -14
6 -2 -15
7 -11 14
13 8 6
18 13 -13
33 -7 15
58 1 -11
13 8 6
-1 -1 -1
46
56
26
17
23
51
5
25
49
31
65
27
55
47
62
50
40
34
36
14
15
10
3
58
35
6
13
63
61
42
60
67
53
18
30
54
39
68
32
2
0
28
29
59
48
16
44
66
22
8
38
33
21
43
41
9
37
57
64
7
1
12
4
24
19
11
52
45
20
