564 552 540 527 515 503 491 479 467 455 442 430 418 406 394 382 370 358 345 333 321 333 345 358 370 382 394 406 418 430 442 455 467 479 491 503 515 527 540 552 564 576 588 576 
552 540 527 515 503 491 479 467 455 442 430 418 406 394 382 370 358 345 333 321 309 321 333 345 358 370 382 394 406 418 430 442 455 467 479 491 503 515 527 540 552 564 576 564 
540 527 515 503 491 479 467 455 442 430 418 406 394 382 370 358 345 333 321 309 297 309 321 333 345 358 370 382 394 406 418 430 442 455 467 479 491 503 515 527 540 552 564 552 
527 515 503 491 479 467 455 442 430 418 406 394 382 370 358 345 333 321 309 297 285 297 309 321 333 345 358 370 382 394 406 418 430 442 455 467 479 491 503 515 527 540 552 540 
515 503 491 479 467 455 442 430 418 406 394 382 370 358 345 333 321 309 297 285 273 285 297 309 321 333 345 358 370 382 394 406 418 430 442 455 467 479 491 503 515 527 540 527 
503 491 479 467 455 442 430 418 406 394 382 370 358 345 333 321 309 297 285 273 260 273 285 297 309 321 333 345 358 370 382 394 406 418 430 442 455 467 479 491 503 515 527 515 
491 479 467 455 442 430 418 406 394 382 370 358 345 333 321 309 297 285 273 260 248 260 273 285 297 309 321 333 345 358 370 382 394 406 418 430 442 455 467 479 491 503 515 503 
479 467 455 442 430 418 406 394 382 370 358 345 333 321 309 297 285 273 260 248 236 248 260 273 285 297 309 321 333 345 358 370 382 394 406 418 430 442 455 467 479 491 503 491 
467 455 442 430 418 406 394 382 370 358 345 333 321 309 297 285 273 260 248 236 224 236 248 260 273 285 297 309 321 333 345 358 370 382 394 406 418 430 442 455 467 479 491 479 
455 442 430 418 406 394 382 370 358 345 333 321 309 297 285 273 260 248 236 224 212 224 236 248 260 273 285 297 309 321 333 345 358 370 382 394 406 418 430 442 455 467 479 467 
442 430 418 406 394 382 370 358 345 333 321 309 297 285 273 260 248 236 224 212 200 212 224 236 248 260 273 285 297 309 321 333 345 358 370 382 394 406 418 430 442 455 467 455 
430 418 406 394 382 370 358 345 333 321 309 297 285 273 260 248 236 224 212 200 188 200 212 224 236 248 260 273 285 297 309 321 333 345 358 370 382 394 406 418 430 442 455 442 
442 430 418 406 394 382 370 358 345 333 321 309 297 285 273 260 248 236 224 212 200 212 224 236 248 260 273 285 297 309 321 333 345 358 370 382 394 406 418 430 442 455 467 455 
455 442 430 418 406 394 382 370 358 345 333 321 309 297 285 273 260 248 236 224 212 224 236 248 260 273 285 297 309 321 333 345 358 370 382 394 406 418 430 442 455 467 479 467 
467 455 442 430 418 406 394 382 370 358 345 333 321 309 297 285 273 260 248 236 224 236 248 260 273 285 297 309 321 333 345 358 370 382 394 406 418 430 442 455 467 479 491 479 
479 467 455 442 430 418 406 394 382 370 358 345 333 321 309 297 285 273 260 248 236 248 260 273 285 297 309 321 333 345 358 370 382 394 406 418 430 442 455 467 479 491 503 491 
491 479 467 455 442 430 418 406 394 382 370 358 345 333 321 309 297 285 273 260 248 260 273 285 297 309 321 333 345 358 370 382 394 406 418 430 442 455 467 479 491 503 515 503 
503 491 479 467 455 442 430 418 406 394 382 370 358 345 333 321 309 297 285 273 260 273 285 297 309 321 333 345 358 370 382 394 406 418 430 442 455 467 479 491 503 515 527 515 
515 503 491 479 467 455 442 430 418 406 394 382 370 358 345 333 321 309 297 285 273 285 297 309 321 333 345 358 370 382 394 406 418 430 442 455 467 479 491 503 515 527 540 527 
527 515 503 491 479 467 455 442 430 418 406 394 382 370 358 345 333 321 309 297 285 297 309 321 333 345 358 370 382 394 406 418 430 442 455 467 479 491 503 515 527 540 552 540 
540 527 515 503 491 479 467 455 442 430 418 406 394 382 370 358 345 333 321 309 297 309 321 333 345 358 370 382 394 406 418 430 442 455 467 479 491 503 515 527 540 552 564 552 
552 540 527 515 503 491 479 467 455 442 430 418 406 394 382 370 358 345 333 321 309 321 333 345 358 370 382 394 406 418 430 442 455 467 479 491 503 515 527 540 552 564 576 564 
564 552 540 527 515 503 491 479 467 455 442 430 418 406 394 382 370 358 345 333 321 333 345 358 370 382 394 406 418 430 442 455 467 479 491 503 515 527 540 552 564 576 588 576 
576 564 552 540 527 515 503 491 479 467 455 442 430 418 406 394 382 370 358 345 333 345 358 370 382 394 406 418 430 442 455 467 479 491 503 515 527 540 552 564 576 588 600 588 
588 576 564 552 540 527 515 503 491 479 467 455 442 430 418 406 394 382 370 358 345 358 370 382 394 406 418 430 442 455 467 479 491 503 515 527 540 552 564 576 588 600 612 600 
600 588 576 564 552 540 527 515 503 491 479 467 455 442 430 418 406 394 382 370 358 370 382 394 406 418 430 442 455 467 479 491 503 515 527 540 552 564 576 588 600 612 625 612 
612 600 588 576 564 552 540 527 515 503 491 479 467 455 442 430 418 406 394 382 370 382 394 406 418 430 442 455 467 479 491 503 515 527 540 552 564 576 588 600 612 625 637 625 
625 612 600 588 576 564 552 540 527 515 503 491 479 467 455 442 430 418 406 394 382 394 406 418 430 442 455 467 479 491 503 515 527 540 552 564 576 588 600 612 625 637 649 637 
637 625 612 600 588 576 564 552 540 527 515 503 491 479 467 455 442 430 418 406 394 406 418 430 442 455 467 479 491 503 515 527 540 552 564 576 588 600 612 625 637 649 661 649 
649 637 625 612 600 588 576 564 552 540 527 515 503 491 479 467 455 442 430 418 406 418 430 442 455 467 479 491 503 515 527 540 552 564 576 588 600 612 625 637 649 661 673 661 
661 649 637 625 612 600 588 576 564 552 540 527 515 503 491 479 467 455 442 430 418 430 442 455 467 479 491 503 515 527 540 552 564 576 588 600 612 625 637 649 661 673 685 673 
673 661 649 637 625 612 600 588 576 564 552 540 527 515 503 491 479 467 455 442 430 442 455 467 479 491 503 515 527 540 552 564 576 588 600 612 625 637 649 661 673 685 697 685 
685 673 661 649 637 625 612 600 588 576 564 552 540 527 515 503 491 479 467 455 442 455 467 479 491 503 515 527 540 552 564 576 588 600 612 625 637 649 661 673 685 697 709 697 
697 685 673 661 649 637 625 612 600 588 576 564 552 540 527 515 503 491 479 467 455 467 479 491 503 515 527 540 552 564 576 588 600 612 625 637 649 661 673 685 697 709 977 709 
685 673 661 649 637 625 612 600 588 576 564 552 540 527 515 503 491 479 467 455 442 455 467 479 491 503 515 527 540 552 564 576 588 600 612 625 637 649 661 673 685 697 709 697 
673 661 649 637 625 612 600 588 576 564 552 540 527 515 503 491 479 467 455 442 430 442 455 467 479 491 503 515 527 540 552 564 576 588 600 612 625 637 649 661 673 685 697 685 
661 649 637 625 612 600 588 576 564 552 540 527 515 503 491 479 467 455 442 430 418 430 442 455 467 479 491 503 515 527 540 552 564 576 588 600 612 625 637 649 661 673 685 673 
649 637 625 612 600 588 576 564 552 540 527 515 503 491 479 467 455 442 430 418 406 418 430 442 455 467 479 491 503 515 527 540 552 564 576 588 600 612 625 637 649 661 673 661 
637 625 612 600 588 576 564 552 540 527 515 503 491 479 467 455 442 430 418 406 394 406 418 430 442 455 467 479 491 503 515 527 540 552 564 576 588 600 612 625 637 649 661 649 
625 612 600 588 576 564 552 540 527 515 503 491 479 467 455 442 430 418 406 394 382 394 406 418 430 442 455 467 479 491 503 515 527 540 552 564 576 588 600 612 625 637 649 637 
612 600 588 576 564 552 540 527 515 503 491 479 467 455 442 430 418 406 394 382 370 382 394 406 418 430 442 455 467 479 491 503 515 527 540 552 564 576 588 600 612 625 637 625 
600 588 576 564 552 540 527 515 503 491 479 467 455 442 430 418 406 394 382 370 358 370 382 394 406 418 430 442 455 467 479 491 503 515 527 540 552 564 576 588 600 612 625 612 
588 576 564 552 540 527 515 503 491 479 467 455 442 430 418 406 394 382 370 358 345 358 370 382 394 406 418 430 442 455 467 479 491 503 515 527 540 552 564 576 588 600 612 600 
576 564 552 540 527 515 503 491 479 467 455 442 430 418 406 394 382 370 358 345 333 345 358 370 382 394 406 418 430 442 455 467 479 491 503 515 527 540 552 564 576 588 600 588 
0 0 0
0 0 0
1 0 0
2 0 0
3 0 0
4 0 0
5 0 0
6 0 0
7 0 0
8 0 0
9 0 0
0 2 1
10 2 1
11 2 1
12 2 1
13 2 1
14 2 1
15 2 1
16 2 1
17 2 1
18 2 1
19 2 1
20 2 1
21 2 1
22 2 1
23 2 1
24 2 1
25 2 1
26 2 1
27 2 1
28 2 1
29 2 1
30 2 1
31 2 1
32 2 1
0 4 -1
15 4 -1
27 4 -1
32 4 -1
21 4 -1
23 4 -1
33 4 -1
34 4 -1
35 4 -1
36 4 -1
37 4 -1
38 4 -1
39 4 -1
40 4 -1
41 4 -1
42 4 -1
43 4 -1
44 4 -1
44 4 -1
45 4 -1
46 4 -1
47 4 -1
48 4 -1
49 4 -1
50 4 -1
51 4 -1
52 4 -1
53 4 -1
54 4 -1
55 4 -1
56 4 -1
57 4 -1
58 4 -1
59 4 -1
60 4 -1
61 4 -1
62 4 -1
63 4 -1
64 4 -1
65 4 -1
66 4 -1
67 4 -1
68 4 -1
69 4 -1
70 4 -1
0 -2 -4
44 -2 -4
63 -2 -4
58 -2 -4
27 -2 -4
27 -2 -4
36 -2 -4
66 -2 -4
21 -2 -4
52 -2 -4
23 -2 -4
10 -2 -4
17 -2 -4
12 -2 -4
57 -2 -4
13 -2 -4
71 -2 -4
72 -2 -4
63 -2 -4
67 -2 -4
31 -2 -4
61 -2 -4
25 -2 -4
56 -2 -4
72 -2 -4
28 -2 -4
1 -2 -4
51 -2 -4
11 -2 -4
54 -2 -4
18 -2 -4
5 -2 -4
39 -2 -4
3 -2 -4
68 -2 -4
15 -2 -4
38 -2 -4
37 -2 -4
4 -2 -4
48 -2 -4
30 -2 -4
24 -2 -4
65 -2 -4
19 -2 -4
62 -2 -4
63 1 -6
27 1 -6
72 1 -6
63 -3 -4
27 -3 -4
57 -3 -4
57 -3 -4
27 -6 -1
63 -6 -1
63 -6 -1
39 -4 -4
23 -4 -4
27 -4 -4
61 -4 -4
19 -4 -4
67 -4 -4
0 -4 -4
58 -4 -4
56 -4 -4
66 -4 -4
28 -4 -4
11 -4 -4
31 -4 -4
25 -4 -4
29 -4 -4
29 -4 -4
23 1 -8
23 1 -8
0 1 -8
56 1 -8
19 1 -8
28 1 -8
39 1 -8
27 1 -8
58 1 -8
66 1 -8
52 1 -8
67 1 -8
21 1 -8
61 1 -8
36 1 -8
13 1 -8
44 1 -8
11 1 -8
1 10 10
2 19 12
3 1 16
4 10 -8
5 16 8
6 -19 21
7 15 15
8 16 19
10 16 8
12 16 8
13 -12 4
14 16 19
15 1 16
16 17 20
17 16 8
18 10 -8
19 -11 -2
20 16 19
21 3 12
22 16 19
23 -3 -13
24 -18 1
25 1 16
26 16 19
27 9 -2
28 -11 -2
30 -5 17
31 10 -8
33 16 19
34 16 19
35 16 19
36 9 -2
37 20 5
38 -3 -13
39 -2 11
40 16 19
41 16 19
42 -3 -13
43 16 19
44 4 7
45 -3 -13
46 16 19
47 16 19
48 -21 -5
49 16 19
50 -3 -13
51 20 5
52 4 7
53 -19 21
54 20 -6
55 -3 -13
56 -11 -2
58 4 7
59 16 19
60 -3 -13
61 10 -8
64 16 19
65 20 5
66 4 7
67 -2 11
68 -21 -5
69 -18 -15
71 16 19
0 4 7
2 -20 -9
3 3 12
4 -11 -2
5 20 5
6 -18 -15
7 20 5
8 -18 -15
10 7 16
12 1 16
13 -2 16
14 -20 -9
15 -12 4
16 -18 -15
17 20 5
18 7 -15
19 -13 -1
20 -18 -15
21 13 1
22 15 15
23 9 -6
24 -12 -11
25 -17 2
26 17 20
27 9 -6
28 -13 -1
30 -3 -13
31 -3 -13
33 -18 -15
34 17 20
35 17 20
36 1 16
37 15 11
38 -21 -5
39 -12 4
40 17 20
41 -14 -14
42 -20 -9
43 -20 -9
44 8 5
45 -21 -5
46 -20 -9
47 -18 -15
48 -3 -13
49 -18 -15
50 15 11
51 16 8
52 9 -6
54 7 16
55 -8 -14
56 -13 -1
58 13 1
59 -18 -15
60 -4 -14
64 -14 -14
65 6 18
66 -13 -1
67 2 11
68 3 -17
69 -18 14
2 -10 21
3 3 -17
4 -3 -16
5 -19 4
6 17 20
7 -19 11
8 19 -13
10 1 16
12 3 -17
13 1 16
14 -5 17
15 -7 10
16 -10 21
19 -15 -1
20 -14 16
21 1 16
22 -10 21
23 -11 -2
24 8 5
25 9 -6
26 15 15
27 10 -2
28 -8 -14
30 7 16
31 3 -17
33 1 16
34 15 15
35 15 11
36 4 20
37 15 15
38 -19 -4
39 -11 -2
40 17 20
41 -5 17
42 -21 -5
43 -5 17
44 9 -2
45 21 -7
46 -20 -9
47 -14 -14
49 16 -19
50 16 8
51 15 11
52 3 -17
54 -8 -14
55 -9 -16
56 -8 -14
60 1 16
64 1 16
65 -9 -16
66 20 -6
67 2 11
68 -3 12
2 12 -19
3 -5 17
5 -17 2
6 -10 21
7 9 -6
10 3 12
12 -13 12
13 3 12
14 0 -21
15 -8 -14
16 20 -6
19 -12 -11
20 -10 21
21 -2 16
22 5 -19
23 -13 -1
25 -12 -15
26 16 -19
27 9 -2
28 -7 10
30 -13 -1
31 -13 -1
33 -2 16
34 15 11
35 15 15
36 3 -17
37 16 8
38 -19 -4
40 17 20
41 -19 4
42 20 -6
43 3 -17
44 10 -2
45 20 -6
49 -14 16
50 16 9
51 16 9
52 1 16
54 -13 -1
55 -4 -14
56 -3 12
60 -13 -1
64 -19 4
66 -21 -5
68 3 12
3 5 -19
6 -14 16
10 3 -17
12 -7 10
13 -5 17
14 -13 12
16 21 -7
19 -13 1
21 -2 11
22 4 20
23 -13 1
25 -19 4
26 15 11
28 -19 -4
30 -19 4
31 -15 -1
34 16 -19
35 16 8
36 3 12
37 19 12
38 20 -6
41 -13 -1
42 -13 -1
43 0 -21
45 -19 -4
49 15 15
50 15 15
54 -4 -14
55 -12 -15
60 16 -19
64 -18 1
68 -2 11
6 -14 16
12 -12 4
19 -19 -4
21 7 16
23 -12 -11
25 15 11
26 6 19
28 -4 -14
30 -12 4
31 -13 1
34 6 18
37 -19 4
41 15 11
45 -17 -5
49 19 12
54 -12 -11
64 19 12
12 -13 1
23 -4 -14
25 -12 4
28 -12 -11
30 -12 -11
31 -18 1
41 -12 -11
48 -3 -13
49 15 11
12 -19 11
23 -7 10
28 -13 1
30 -13 1
41 -12 -11
28 -15 -1
-1 -1 -1
47
37
34
45
63
11
8
39
24
57
49
54
17
67
4
70
21
23
41
15
72
42
46
69
40
3
43
38
9
65
5
14
52
59
44
30
50
18
22
0
26
1
6
56
35
10
19
7
66
32
31
29
55
16
62
2
64
61
33
12
27
36
58
68
25
71
20
51
60
13
48
28
53
