100 100 0
274557 718094
310111 723287
331571 638126
287488 734285
216213 401928
675800 538201
395733 666580
746376 609440
752581 616151
215484 491970
180109 549181
337157 625092
296981 648148
329312 554050
352857 584694
381785 669248
406004 707177
317323 635899
617665 720821
330619 695403
309997 720337
704975 517583
331433 652805
339944 807147
338369 764097
206039 701578
235541 580802
395353 668760
783576 446003
790447 568233
338730 620820
603654 353362
339841 625341
275491 645809
346039 580596
343535 748453
388424 571243
577910 702384
168157 532191
749398 508600
320562 653653
711705 499411
283365 641544
261168 439288
245129 476666
327443 566944
385181 667276
276326 711204
413870 590653
364850 687184
386758 560489
236390 569729
348642 515222
223500 695215
207863 781104
789752 523286
212870 352337
365434 568086
323759 722752
783330 518079
307273 713860
295089 621668
582512 681102
688094 565185
817069 564871
486306 426130
674045 700361
228689 463529
259406 703646
330115 567571
339726 651015
634851 427224
357084 639108
651263 462451
266608 507444
125640 433571
329238 615017
214378 750556
236711 626549
167665 458444
395749 728311
693556 501102
321323 749363
353210 679351
256343 440550
301585 674793
307905 663374
351731 676353
296109 652613
180860 431337
251298 439524
484816 730315
829354 600305
387759 724417
292012 547381
224414 594132
751759 609596
706264 710144
356682 676113
389885 557817
281543 413824
387411 330216
297077 639403
213981 332466
182917 387188
562357 425270
530884 288992
428801 390632
346516 866044
389527 598761
540817 418276
317674 390229
532559 562324
368383 464664
344501 436725
350531 670212
496712 678515
316760 854738
449793 301066
371113 551821
265514 336827
526340 339853
247140 267377
230383 327587
489721 365432
278210 671048
249133 682835
353139 627958
527756 648541
380671 344338
537326 292397
291118 303661
461363 683869
343691 353266
417942 323297
461663 294437
438332 408780
385718 682991
318214 708859
273679 715531
494572 445889
345151 339466
556436 654151
451056 496165
500638 332024
251894 329955
375784 741025
266608 358388
322523 781829
356263 426990
477332 353185
207092 382583
480293 488794
174223 403011
361668 691384
597374 539619
396154 182069
520443 235368
460763 490224
323552 623635
243261 358342
468689 454716
436536 414464
353398 708048
245367 446973
210662 348314
531173 633858
397178 366469
484375 466840
499460 345814
286891 407913
200862 392265
237942 448110
359762 801275
504488 701030
506942 367137
343289 363359
563346 606774
504091 426312
365158 368960
201583 422228
388190 232425
367280 454747
351311 629809
425592 280096
359065 373050
334375 698974
573651 448272
261316 391293
174189 389444
552727 595561
258203 424857
483867 391550
349639 818223
641551 618103
529784 648642
389142 430459
372492 338627
493715 292687
159779 337820
