100 100 63
703479 336856
632831 553199
555523 815441
614610 670501
540468 370973
613188 449782
141769 580682
355805 301553
419479 594285
306973 346667
681340 409359
400891 288784
292041 495621
465069 350292
575033 792877
758508 333225
773324 367960
525059 780827
432301 157357
776261 455417
364287 428777
661748 493503
346599 385221
331404 523809
685169 412937
116911 534401
509443 480811
760883 302615
550041 855530
788443 371055
666638 226442
677927 331141
493084 667541
392945 723364
426005 306940
466062 359816
617650 389178
443109 676795
529497 659101
815613 403289
549367 461884
569642 640544
577540 799887
546863 717667
326883 443805
715623 550777
161300 594589
570153 855149
638601 314858
392563 303676
810519 294921
408579 365963
588255 557917
677757 374758
264270 693348
403028 305719
572718 523100
757484 436412
781287 361088
401559 380264
800717 306256
595278 869870
649378 438483
139228 583752
574524 765523
488872 445318
588996 744404
762850 417858
236036 499656
596291 536388
614628 433534
477789 643408
366482 304984
373017 308338
393702 267610
693123 459701
340948 448071
338970 390675
420928 678958
884825 346423
539277 455519
635372 456822
505151 639547
344835 403412
522214 747335
260346 527807
849847 352417
475952 655567
440591 350340
381609 449107
447126 632366
597182 478733
114992 540648
385467 661010
276069 468760
502523 513204
468972 662480
799661 402102
715232 393768
265705 584213
450379 401887
623294 715258
365339 414526
623375 364050
432010 377005
434949 364261
489992 283298
638202 289277
424034 361755
701828 266271
702293 670731
534164 453107
741657 662210
382489 360224
623801 309281
725699 119109
449739 460801
586973 537199
482355 586374
407829 417039
665306 637519
652949 701531
448956 390091
371922 561304
683317 201874
523003 371503
651572 717228
667339 246395
518900 352859
331361 577753
730898 211758
619381 252397
354111 422930
615404 629356
173401 575631
430537 415378
752425 448282
457417 370139
620473 507999
240107 599012
443988 182045
536098 427533
423490 314096
543889 393005
255577 859923
804838 716305
640028 565175
609848 283207
448621 339981
682810 424372
293104 422721
302567 550747
727409 688074
726916 550457
416255 436066
632847 441887
671128 749809
761048 644478
724370 202980
301284 736449
573994 605298
613776 250195
418167 434742
670487 740781
600381 457129
677296 686675
769932 743563
784685 723144
459034 381314
362012 360892
630007 498257
690224 730923
613673 564983
366378 534332
619793 468596
467921 420182
614527 511994
703973 677912
436603 640944
532412 412631
452332 332127
447378 415989
687512 695969
606698 660773
384296 401500
534254 499479
253188 608648
366340 599004
645300 696929
703603 685080
598442 482162
250707 583129
683119 696066
592118 326511
507600 360037
618337 343530
750607 551093
408152 435448
277296 526700
473436 431638
371304 349464
403848 653982
400276 278827
564632 463646
352614 352500
475752 834100
465821 316642
379551 521885
350576 573918
348144 422037
301825 435975
377415 322589
776655 449852
858325 389046
396176 359974
312707 464661
560410 758362
456682 352355
469088 270232
311918 745746
427918 266312
389669 334149
406713 721924
431700 762664
226985 488192
414241 546263
568799 372440
453000 312782
405751 301159
296701 433933
469092 310271
794508 281842
374720 686768
315964 214660
669062 270015
742809 356157
361460 285393
332735 317795
783831 385498
805892 299830
307127 408110
246528 205814
507448 716008
424546 627951
477376 421649
286722 439160
637104 717499
473014 245112
449058 377213
584585 617440
479459 742997
449913 447625
454407 634711
365533 524862
196078 359898
423532 344557
711561 403630
378007 267327
487713 712857
364732 407750
206571 360780
515294 720668
669718 535368
