100 100 37
645968 774370
554441 706076
386496 790647
503647 708486
460947 513569
748477 743522
473696 494248
688067 673228
812017 576713
509143 402990
584038 807957
634604 624820
527592 462049
723262 592654
614982 741026
72179 315061
655589 742047
543869 519374
435777 327668
472038 424781
641918 875115
601766 527099
363790 288296
795572 721281
496992 335882
596181 418950
482032 416635
157229 562014
581456 429048
464788 430318
488538 355708
632898 666627
726843 546439
724453 737590
585107 730070
500251 535006
462647 355601
451622 553752
742384 742315
561883 434170
510094 494650
623186 417754
767351 737752
494746 367679
451286 793526
560055 507685
448117 504247
476764 383220
514177 441770
435516 367511
631511 639457
623155 670478
394764 466711
550816 343822
217436 418361
788488 721236
555350 683955
564616 725373
568535 472687
454046 485755
588872 763629
740536 698654
536550 615822
500727 482417
432832 406322
434041 264259
548880 573791
408405 469892
218862 360234
585659 713788
634773 820350
458865 417311
441116 425257
594514 660250
432902 442475
387455 463881
493028 323995
737990 706465
591652 451229
464300 563407
564232 392444
737020 501161
200611 300177
419571 355076
280759 384176
459317 338788
647239 741527
602353 654590
487292 440037
639199 788896
448339 459715
364001 406078
459530 494151
442255 417521
492562 410998
660957 893435
618327 324041
721058 691364
676479 641936
265325 622393
421244 754879
767495 265504
839138 148038
483346 754859
273511 642819
495482 716435
322030 594337
304016 573621
318973 658148
598997 551480
769136 712889
356935 318603
750845 565110
719471 584107
295479 632520
266769 597887
427173 699333
782652 213604
441632 776001
389347 647010
286964 623341
350383 268708
616751 579198
586111 558244
209159 658915
350166 584936
926742 311316
633863 363776
835727 535243
375519 678653
436329 292729
378015 294967
240406 772767
512972 715195
738016 511007
461668 698002
462579 657399
589271 266591
435855 259645
858925 536934
336712 635354
412620 663505
397770 371212
471812 300520
323254 297671
619843 285874
401470 689980
672115 462515
793259 457910
868897 274951
390281 632281
411411 242497
811618 385498
372141 597711
807762 614255
802766 224470
654424 203968
383261 820118
793035 688095
796860 541288
722023 298583
707652 349644
753136 445736
208859 686672
401170 640473
502075 714928
306288 609967
702159 373720
801889 605581
312952 688403
261783 609520
298611 644243
331957 700154
707632 258289
811725 714642
474745 688976
526309 369470
804441 664139
506072 236368
429980 728046
357840 749954
587810 207120
838601 704936
767876 482850
924541 298129
291167 641706
789403 582206
760647 574343
405557 713764
771612 292951
231243 604087
656305 290665
433854 195717
914682 584840
334311 679685
411297 324000
310442 696766
705288 235456
654881 365262
722046 303759
583180 505701
416436 839669
464427 609424
530550 267100
457411 627127
317694 251324
550047 286641
501258 640054
446041 236673
710953 182625
561791 528083
647061 285232
419770 280399
556873 194371
437402 335174
476364 336771
387659 670325
420196 731107
597595 583756
578758 601161
518941 595367
491879 321183
611799 510935
707499 327968
606363 72438
543999 284591
564909 328536
416971 318614
509616 287317
413596 540159
516913 527926
602521 619857
542056 622534
492441 232197
507323 491761
515226 655071
285294 816657
