100 100 0
340921 402332
597900 614972
622132 425248
263986 286050
189527 862583
642251 560805
365763 570876
344313 862769
528128 412613
698928 685473
465935 382192
384001 359803
406457 271110
654397 372978
652878 671407
598179 482153
544456 372408
258789 247337
342631 361232
603229 667173
564220 459975
285663 438158
236780 792466
517304 436163
447189 277224
451734 346093
549831 594903
603449 579702
368510 178098
419130 239944
680782 638657
319257 795616
300947 738357
662316 576385
644340 384866
620729 578925
310031 437626
273590 360225
641271 595092
733945 624833
713005 726612
575376 537793
670441 702966
371190 361721
502644 268731
650009 432603
463885 311191
664849 537464
626388 605536
343762 291724
498548 611365
614684 581013
302397 766148
288532 782668
642720 635406
246060 864460
221424 791759
593736 362603
266426 726735
222767 895523
548324 475676
630036 543821
438874 302956
193654 368135
232297 846958
282308 338711
570341 649144
488269 398375
232444 346528
624383 511956
386421 848944
618332 594033
451748 528829
620949 616444
206871 738767
637498 551335
614398 510374
289748 776507
742397 591291
647289 659623
289918 828169
265068 388890
453864 343943
223951 795929
604660 517656
455307 231802
388771 296863
249393 731889
214977 893388
674687 376143
675954 670523
221534 902477
707804 597991
337550 701034
644928 499724
477725 531236
329902 336336
598633 655257
586818 366502
639146 570629
402282 578714
130538 511775
216944 443805
403484 753839
679292 233561
696341 272246
848915 191735
761325 295977
198360 486434
731814 239582
182712 487844
376409 650119
178493 395232
430009 676821
778581 190965
246812 496012
746889 261396
303630 699123
336153 635313
821818 159290
734598 223482
212407 617708
420913 611077
420155 708555
218243 602090
721581 224950
793193 197097
234798 515500
682898 218079
773919 255027
774491 184908
192251 470059
181992 490251
404167 555257
290029 704685
332391 727711
338527 682987
149879 544993
793220 258417
179200 538614
773378 194071
428768 707677
717957 272226
355610 626117
263806 393750
307408 476046
311806 707308
841500 181740
363483 782538
372543 500470
224085 412262
104819 590340
698347 210583
244556 440846
784155 202342
691513 668380
283258 803663
313945 743999
736727 238053
364268 690027
145443 512992
270877 477832
842494 177828
438920 659714
779017 251121
725320 334354
752595 263240
635352 251632
217373 423839
649058 274463
776597 261373
788806 275131
277946 452714
192667 533880
221546 474974
344154 729236
371110 719715
184298 522397
591399 237555
770063 276421
776756 285766
130567 528528
402556 601807
443641 622899
385922 804609
371286 621177
678959 274674
760529 125380
289756 649502
221882 553914
401995 623942
487202 525456
748818 276992
307425 677002
363292 746103
230254 483932
375913 551456
357012 741103
391915 647667
200863 454903
