100 100 0
591382 531906
756623 221852
649540 553229
349985 260500
511910 507409
684950 709529
479456 512929
817212 573646
469458 663807
332190 259108
678087 590243
409536 189154
789574 200283
424632 389532
328096 609452
717222 537422
569543 457142
558537 674399
565333 607440
337638 248028
759022 585522
604017 520844
540350 390527
749031 626712
710347 595504
557980 431424
410611 100248
336419 233728
562578 570594
707298 699181
695046 614405
646063 581403
685083 617936
526731 550833
709479 167842
542501 519671
707054 316531
698370 731768
573291 525678
379668 203124
582684 650622
569814 471327
632356 622743
677668 764563
750297 309132
615633 567412
388214 454569
737456 230313
564948 486983
510834 722596
556445 523011
628117 561532
517479 483643
469012 428116
545572 638947
524716 488807
689276 262586
582321 565519
274219 351726
222092 574796
716433 703352
779352 317998
563853 655163
718983 736141
531117 439223
310810 438120
528360 570375
364994 169557
510295 635138
623879 604997
853899 276425
716060 526550
737707 711811
653421 492835
472620 472761
759728 199571
708236 253137
748226 595803
768453 265353
407595 487283
492624 658870
538561 544252
507443 621084
723168 789025
383579 240092
774861 281313
532534 560122
734751 202598
680305 576289
498081 507311
343676 221191
532982 498352
452661 703053
424642 753700
619583 587244
793968 211407
685369 507482
457041 465562
748879 319287
587127 612019
313141 296696
350689 577771
288033 297259
331764 312706
509723 346568
469164 138893
486764 463473
249463 336419
329006 663726
338165 333597
206778 357543
418461 746606
527299 586400
285864 330050
337077 269742
554673 341666
536475 688728
632528 507597
447912 635231
510747 570913
247470 386328
635757 643217
629662 385144
505483 461234
299746 475470
534409 467479
424766 487162
309229 315754
286154 370042
694128 402772
640013 528424
398181 501005
486046 301326
581643 273040
635195 738798
407550 687763
331675 534429
500355 673692
583904 670494
514803 721465
511898 617050
418629 603209
480431 644208
343716 303715
206927 355570
327582 504585
472438 399042
283856 332748
500817 362427
361188 636693
482426 661029
392600 645448
355344 292572
390278 324712
636657 729937
403291 580730
600882 696255
470995 398357
373075 322679
409714 648048
449430 504978
388504 302187
541880 291153
341777 659983
505063 689159
443733 415536
612693 477441
871883 686400
302066 247021
231662 324839
499170 622570
468996 511651
180352 372221
510673 318463
268618 336724
560606 605800
353105 308763
387278 521777
792053 789663
459992 575821
268676 345963
757742 215096
666414 792490
682003 179904
587222 656026
769669 656269
278003 287072
302516 289038
495991 743107
576981 663519
548491 319651
458356 489234
532332 337568
600533 261213
352529 556961
490508 372852
641134 179915
454496 659494
629469 621146
328459 498091
