100 100 0
716342 594869
548687 236868
562548 243792
272958 208406
311692 243091
592366 621030
340116 323724
497867 404131
457806 320551
198090 293056
243172 358349
431477 521539
413596 591848
265273 169049
620056 279447
246494 286592
302908 256583
440739 483643
226201 245594
861193 640726
240609 253912
637216 568346
708157 641093
617144 602158
494903 261613
461142 516112
300397 381480
300546 172199
482877 519353
264807 204626
478477 284893
308920 236643
290703 185010
381741 496289
499639 245138
810072 646432
264738 214272
714319 685680
667480 585181
486700 246426
808063 790209
597373 571469
236544 189548
726518 582338
543769 327857
244893 283073
754600 741113
486576 306432
225605 384285
506156 270472
657763 542202
543929 249967
438452 560538
297624 349122
448489 549747
375205 170797
557932 250546
259920 384026
713591 598958
416990 375283
564411 713553
309951 354346
286157 240326
659199 625046
533109 450422
447703 409622
442673 556521
401808 503254
390470 677038
620493 703413
250827 434419
566167 309749
489545 260523
230481 292208
241131 326094
442115 199933
268025 247923
299478 207735
255057 290978
593948 285920
565450 331653
642857 554692
395088 366356
261209 439094
511522 250793
451650 343730
500113 224810
420133 290877
866409 742610
273505 189210
421569 509651
286210 217595
262612 178023
217762 318831
577257 260650
566632 294010
527840 239998
553027 249878
258830 277068
585957 687529
684173 661367
664796 645685
223561 668875
723903 797621
750410 811447
779721 508562
184495 698516
666244 712875
301299 721817
325627 429209
363737 610299
301259 731725
509029 368464
671924 740166
799918 352807
558591 500530
584717 578457
302972 433578
248110 541214
858710 554935
493102 458278
441908 504612
245599 463548
256108 434763
356713 606766
519724 365317
205914 816981
523437 480147
662044 649555
442965 438677
232564 543100
707295 733712
229393 603876
122795 386138
523638 234008
202070 748258
214403 330163
621523 676600
689525 645754
728536 754826
191709 793091
200701 749282
288937 238361
757122 549320
295704 602941
212992 728401
233270 798072
317220 493375
288293 469720
666820 737904
333903 188140
735152 726590
208934 573827
445570 406500
296708 697751
708148 409890
787336 713899
399679 741731
351496 437296
841168 606048
642251 752282
610409 640031
695678 706413
213515 709991
705277 685351
237193 707992
453834 379437
262160 581680
867621 658484
545200 427721
108370 448229
683512 744521
791220 566341
455695 336847
697299 524232
305124 686690
669206 737169
143081 565185
816870 542860
203927 679874
694936 279085
668920 664751
462019 646928
365903 752911
835410 435557
784210 464333
414364 388856
441925 420433
782268 768304
286183 222717
712214 713127
232940 715191
784279 762993
584760 406394
691103 781435
681162 770037
153589 495461
599237 419192
292452 351374
309699 531970
