100 100 0
556602 173424
644382 116837
588032 232930
707135 735156
567110 363630
240200 411185
539512 320999
343173 421040
595753 256043
638783 250726
631618 198354
702491 207233
454702 287823
690759 147988
664615 703312
382774 555684
590994 215972
305169 381704
688101 790728
614034 248901
723394 741957
548349 252352
503165 469964
324732 441442
223649 303048
361827 642693
760671 773451
367824 469476
684638 809734
379055 559328
828537 776274
282441 296309
612116 209129
364951 581472
587836 161675
151124 142937
618044 248649
269595 368087
691142 777137
607131 701425
640578 125621
147468 293546
202294 261063
451705 495972
736975 760975
808405 828328
622879 232311
255259 384491
739171 693022
586133 292569
207884 239743
593974 274138
652077 824464
688236 112745
461592 511854
615145 767457
554658 308943
251036 451037
355617 292898
720671 823761
315798 401113
704033 675950
231714 171280
645010 695869
627613 110031
639896 743983
606354 369032
611377 156892
211224 355279
259758 507406
239211 279433
211072 304030
481901 442821
609615 268731
224502 239369
224391 422483
258432 211882
440510 340611
318319 480644
238705 429316
623044 732824
547918 675393
416756 538926
273691 194105
664736 727521
687922 830355
195712 332265
675290 712755
330948 422647
247985 356485
686500 815864
641859 137245
302300 606647
608827 327986
691983 828134
682433 68695
706928 793747
612535 804174
330530 487504
603576 189096
518680 806888
628734 594234
172491 464050
607539 707201
457214 733942
363194 579670
756875 682021
131245 413529
541628 742602
229903 457622
192175 492048
599510 676913
651913 768775
707724 726176
283005 462391
514404 839732
284326 703932
624876 628027
297409 444720
161364 635018
227851 453760
225221 508410
115676 478345
581828 745521
200782 478271
644201 566183
107401 561512
495188 796465
271884 662374
133332 595230
168388 624838
683428 511998
500700 868397
206023 665246
573645 882429
219168 452947
633877 691838
571585 716246
574887 677040
596048 615086
294946 502051
306149 493627
166006 617603
264909 640546
542302 845361
684525 388699
339745 498224
391933 477230
283096 469824
270192 416800
261588 652329
248760 634207
611940 795968
678761 735514
84327 450537
483340 833038
324324 513016
277618 493145
712103 605867
190648 687622
319505 497631
424223 480014
506293 670209
574176 673129
230279 645578
218388 550138
207704 689326
626288 516041
559398 663830
400738 806340
243505 548270
118516 497023
523158 765329
204086 701906
203534 407782
333065 376680
621940 606918
582543 635621
643260 560604
289247 401045
660928 981018
218355 646618
619155 835790
622416 731193
261267 550971
190156 595301
326095 516974
477224 726010
264127 423588
248010 575233
220567 554284
176845 570824
71007 435056
653274 591813
293591 429832
246106 454407
141049 473501
246488 427675
348393 416614
158216 453234
