100 100 0
506013 355817
310753 786647
696529 533887
648019 506720
693917 714205
610205 494955
604289 446228
317984 542695
198654 555856
588254 583017
324423 697751
372740 581356
486344 549284
770840 592344
269689 643740
626633 744368
739243 315822
536755 541891
711656 474804
312351 542865
361954 585487
794649 290684
711955 354357
566966 660379
502367 572578
514281 596841
554495 250126
760453 445784
304163 401878
361563 672834
793962 305762
670947 245660
710252 578251
292780 651084
584161 671990
282971 605713
291673 707920
705781 536077
780669 395886
260104 575958
557361 209328
547269 256799
510411 588233
429577 656888
683481 733974
721481 516646
201006 707060
562215 686830
187550 741780
701471 565766
610427 646210
477955 208557
807221 483930
412400 358955
585808 587403
545592 532086
498626 536431
341911 368296
684677 702975
472665 331169
761753 538786
460270 285787
788037 475943
106779 488892
799136 277982
660248 461329
558482 282652
391681 384060
711808 470240
579688 584552
477921 552186
396349 292658
525683 522863
708406 315870
464855 672384
773576 348888
192860 600292
700209 373991
541740 721078
502187 280286
765456 349133
642053 468198
521621 569901
522708 282831
306862 631495
746391 399082
289302 546134
207864 612640
531737 573101
95319 430299
596133 679556
662651 113727
538500 274754
524290 527588
565630 231640
507089 580552
161866 436394
749522 333493
114537 478495
671744 560008
300963 378126
356444 795334
779669 619012
396184 812050
323161 404821
429320 310711
757760 606757
276929 207005
815442 673353
776914 515035
193601 511484
704340 619620
204891 559888
380645 557336
235706 262461
475901 517330
197151 276443
278775 526344
126705 434154
391382 723908
384722 399278
552331 336636
286758 382627
338523 180043
352652 329129
338491 468163
380358 777786
218765 230920
673736 621992
205605 368582
268887 654335
345340 459671
246552 595447
209191 758417
312577 403734
282856 573139
419703 733618
340326 431621
825236 607042
431394 501323
528702 298884
686510 638802
327937 343138
122511 522126
406894 583403
446856 799471
341549 342512
727710 614205
645137 543799
345451 382524
279053 228995
246209 711462
400436 737400
278670 395667
210918 565125
255036 295183
696539 634016
396178 666653
179643 503565
449477 471190
864594 680697
325282 641938
282759 192621
361036 350990
774410 636277
327741 454378
508834 422072
472221 571139
622398 543430
410287 440934
793630 630482
272845 395892
312448 349667
355760 368815
439026 837035
192185 580130
358870 352647
353394 680040
409012 335713
519344 815449
238607 274369
351534 396546
226316 240887
394747 352223
680404 564907
346838 307605
293917 397278
284280 616341
394682 533896
405741 536734
814053 624438
289084 479600
249274 454551
352797 452809
492029 351115
335210 410965
321596 97201
782702 585980
765872 716576
318628 801878
