214
99 51
141 375 75
0 110 233 250
415 317 49 424 404
215 59 120 456 18 87
184 132 128 177 305 381 228
318 138 104 425 58 308 325 316
69 29 173 277 274 26 217 44 363
387 246 269 86 153 193 140 100 324 260
194 21 337 392 222 365 17 360 191 127 406
71 452 271 95 323 237 160 94 268 55 207 148
407 330 203 399 395 31 11 339 451 257 410 280 68
85 423 216 102 240 198 114 118 210 146 10 413 389 298
433 169 34 196 89 462 234 447 165 93 147 343 265 252 12
145 175 411 181 290 66 73 385 427 432 457 418 276 449 105 426
326 176 235 115 1 417 14 258 206 357 36 150 345 231 218 356 201
211 64 412 232 124 310 204 429 430 144 81 88 168 6 239 284 380 388
80 39 113 28 164 159 108 264 179 313 434 142 446 134 342 185 334 238 67
286 19 288 78 9 61 402 354 454 135 369 192 152 47 262 355 208 361 119 227
2 126 267 304 302 190 74 281 428 289 436 13 409 197 328 435 37 348 172 52 195
70 448 440 221 137 167 282 7 48 273 272 79 248 442 458 43 359 202 437 335 244 98
162 143 200 295 349 312 464 46 205 283 157 130 151 393 441 254 400 401 242 163 279 4 382
30 122 364 270 390 379 368 101 414 331 62 125 158 372 97 183 229 307 285 416 463 117 223 396
341 3 166 24 171 460 35 8 189 438 77 129 332 373 378 212 291 299 199 377 327 384 53 394 111
306 383 23 121 76 226 90 398 178 243 329 353 294 106 321 92 455 358 256 386 419 293 116 5 174 461
16 296 84 453 362 209 253 443 300 371 350 338 65 322 72 376 344 366 370 186 154 63 103 340 139 251 187
45 278 56 54 297 149 352 263 155 445 109 287 292 303 188 220 32 42 20 255 351 107 408 275 311 213 320 182
314 180 83 25 136 245 230 57 38 391 247 241 41 301 397 422 219 33 96 170 319 420 336 40 82 156 161 309 112
27 315 450 133 236 403 333 249 266 91 15 439 431 421 131 224 444 347 374 123 22 261 459 259 367 225 405 346 50 60
