343
392 63
402 237 177
232 305 196 299
437 288 49 338 6
159 140 276 317 352 236
84 377 449 287 72 348 349
60 327 167 414 427 53 313 198
322 362 221 409 422 314 310 158 24
397 127 77 71 125 181 155 231 222 303
267 86 290 66 369 451 160 413 455 218 152
278 252 123 207 241 446 121 211 134 398 11 141
133 89 272 370 36 3 90 245 144 149 448 382 242
64 380 112 233 188 316 271 319 98 375 344 318 406 165
97 131 460 461 16 371 216 18 404 401 56 376 23 328 103
240 44 300 209 223 410 296 283 164 33 275 295 41 291 329 220
192 120 351 142 59 347 70 386 122 424 111 438 440 257 153 12 238
230 31 363 54 135 284 226 255 339 432 184 17 350 187 138 453 172 323
147 407 395 235 178 107 109 139 356 354 259 136 399 42 367 39 212 76 320
450 457 355 34 30 21 130 27 108 162 93 333 433 100 325 57 378 151 251 104
148 201 292 202 420 359 247 48 8 37 78 249 274 25 311 364 361 408 332 412 331
191 101 217 306 176 55 373 452 116 5 435 74 183 200 385 425 61 92 190 315 456 391
146 189 254 368 45 447 326 381 281 43 462 229 129 51 258 115 204 26 463 94 13 337 9
268 341 168 87 383 261 444 443 365 35 65 80 62 0 29 459 128 47 428 334 75 390 163 96
166 342 358 175 262 277 387 289 73 106 67 22 20 353 118 294 282 219 393 7 126 357 304 330 215
308 246 366 210 69 279 213 110 321 68 411 458 102 260 157 384 10 298 388 335 83 286 88 263 396 442
464 169 145 179 434 441 52 105 114 228 431 124 309 430 2 360 225 1 85 429 143 239 50 307 150 417 174
403 137 224 256 421 185 426 265 293 40 4 32 416 46 280 199 79 270 405 173 439 415 15 419 214 117 301 205
82 195 374 203 264 312 208 180 119 336 14 324 346 58 156 244 161 340 170 418 197 171 372 193 394 250 91 95 99
194 379 243 81 206 38 186 345 132 423 302 454 113 297 28 182 269 273 389 266 285 248 445 400 234 19 227 253 436 154
