461
88 65
330 284 94
326 205 295 162
234 147 369 368 159
308 100 212 361 312 310
273 23 287 112 144 432 277
237 180 223 329 335 399 263 171
219 358 76 349 225 415 294 146 108
298 91 453 285 26 161 63 140 49 321
151 240 385 405 116 4 455 367 429 291 22
182 446 363 47 214 155 391 62 123 157 109 293
247 129 238 460 0 388 282 437 93 145 412 215 274
69 307 325 315 265 347 141 438 426 390 71 278 16 105
344 323 210 204 253 319 174 269 403 229 46 44 222 122 102
449 439 428 103 7 320 200 268 239 427 380 317 322 397 80 58
289 197 207 53 248 168 35 15 338 364 42 148 64 413 252 297 379
201 154 352 357 78 334 158 55 311 142 221 81 52 57 51 220 14 433
331 184 28 41 430 82 378 383 178 96 339 13 217 377 318 188 300 417 257
370 83 255 119 245 170 327 137 18 101 434 163 402 185 249 243 6 9 302 309
224 333 139 271 275 66 183 113 50 37 256 120 230 236 199 416 260 408 410 425 135
235 43 167 324 31 124 213 121 193 192 384 56 266 452 423 340 143 17 342 328 73 176
34 19 276 12 306 59 398 462 32 191 97 409 305 386 125 436 431 267 211 177 202 27 149
29 111 262 290 414 387 90 360 181 85 372 365 456 288 173 404 424 371 45 216 447 261 30 98
228 458 67 33 348 38 254 166 346 258 418 206 150 152 231 350 341 406 382 36 351 8 128 218 400
286 457 134 251 61 450 451 422 126 127 441 24 138 72 153 362 95 366 336 189 353 270 3 77 232 54
343 381 279 283 356 198 133 463 296 292 74 314 132 209 195 299 99 130 79 1 11 359 411 419 75 233 68
264 435 259 459 454 337 114 345 92 303 20 443 60 373 10 281 203 448 160 313 84 396 394 421 2 70 169 272
244 280 250 21 464 401 118 355 227 316 332 208 444 242 39 395 440 179 376 175 241 164 445 5 196 40 407 156 110
48 172 190 25 106 354 104 374 165 86 136 187 393 301 420 375 442 389 186 246 194 89 87 115 107 304 226 131 117 392
