83
-8199 -10000000 -8198 10000000
-5901 -10000000 -5900 10000000
-3971 -10000000 -3970 10000000
-2259 -10000000 -2258 10000000
177 -10000000 178 10000000
1966 -10000000 1967 10000000
4040 -10000000 4041 10000000
6380 -10000000 6381 10000000
8053 -10000000 8054 10000000
-10000000 -9975 10000000 -9974
-10000000 -9503 10000000 -9502
-10000000 -9229 10000000 -9228
-10000000 -8704 10000000 -8703
-10000000 -8606 10000000 -8605
-10000000 -8166 10000000 -8165
-10000000 -7978 10000000 -7977
-10000000 -7798 10000000 -7797
-10000000 -7581 10000000 -7580
-10000000 -7192 10000000 -7191
-10000000 -6836 10000000 -6835
-10000000 -6768 10000000 -6767
-10000000 -6369 10000000 -6368
-10000000 -6215 10000000 -6214
-10000000 -5871 10000000 -5870
-10000000 -5860 10000000 -5859
-10000000 -5592 10000000 -5591
-10000000 -5168 10000000 -5167
-10000000 -4928 10000000 -4927
-10000000 -4742 10000000 -4741
-10000000 -4214 10000000 -4213
-10000000 -4078 10000000 -4077
-10000000 -3979 10000000 -3978
-10000000 -3547 10000000 -3546
-10000000 -3525 10000000 -3524
-10000000 -3173 10000000 -3172
-10000000 -2800 10000000 -2799
-10000000 -2386 10000000 -2385
-10000000 -2318 10000000 -2317
-10000000 -1987 10000000 -1986
-10000000 -1954 10000000 -1953
-10000000 -1712 10000000 -1711
-10000000 -1224 10000000 -1223
-10000000 -1030 10000000 -1029
-10000000 -578 10000000 -577
-10000000 -428 10000000 -427
-10000000 -146 10000000 -145
-10000000 34 10000000 35
-10000000 450 10000000 451
-10000000 807 10000000 808
-10000000 925 10000000 926
-10000000 1371 10000000 1372
-10000000 1373 10000000 1374
-10000000 1667 10000000 1668
-10000000 1977 10000000 1978
-10000000 2078 10000000 2079
-10000000 2517 10000000 2518
-10000000 2798 10000000 2799
-10000000 3004 10000000 3005
-10000000 3276 10000000 3277
-10000000 3488 10000000 3489
-10000000 3669 10000000 3670
-10000000 4194 10000000 4195
-10000000 4257 10000000 4258
-10000000 4705 10000000 4706
-10000000 4988 10000000 4989
-10000000 5164 10000000 5165
-10000000 5428 10000000 5429
-10000000 5641 10000000 5642
-10000000 6047 10000000 6048
-10000000 6315 10000000 6316
-10000000 6449 10000000 6450
-10000000 6723 10000000 6724
-10000000 7066 10000000 7067
-10000000 7388 10000000 7389
-10000000 7654 10000000 7655
-10000000 7784 10000000 7785
-10000000 8330 10000000 8331
-10000000 8553 10000000 8554
-10000000 8758 10000000 8759
-10000000 9110 10000000 9111
-10000000 9495 10000000 9496
-10000000 9835 10000000 9836
-10000000 9898 10000000 9899
