96
-7622 -10000000 -7621 10000000
-5480 -10000000 -5479 10000000
-3341 -10000000 -3340 10000000
-1155 -10000000 -1154 10000000
1011 -10000000 1012 10000000
3370 -10000000 3371 10000000
5597 -10000000 5598 10000000
7717 -10000000 7718 10000000
-10000000 -9826 10000000 -9825
-10000000 -9615 10000000 -9614
-10000000 -9275 10000000 -9274
-10000000 -9003 10000000 -9002
-10000000 -8940 10000000 -8939
-10000000 -8649 10000000 -8648
-10000000 -8361 10000000 -8360
-10000000 -8125 10000000 -8124
-10000000 -8001 10000000 -8000
-10000000 -7748 10000000 -7747
-10000000 -7546 10000000 -7545
-10000000 -7270 10000000 -7269
-10000000 -6945 10000000 -6944
-10000000 -6933 10000000 -6932
-10000000 -6664 10000000 -6663
-10000000 -6365 10000000 -6364
-10000000 -6188 10000000 -6187
-10000000 -5939 10000000 -5938
-10000000 -5727 10000000 -5726
-10000000 -5540 10000000 -5539
-10000000 -5296 10000000 -5295
-10000000 -5020 10000000 -5019
-10000000 -4841 10000000 -4840
-10000000 -4589 10000000 -4588
-10000000 -4401 10000000 -4400
-10000000 -4188 10000000 -4187
-10000000 -3981 10000000 -3980
-10000000 -3751 10000000 -3750
-10000000 -3540 10000000 -3539
-10000000 -3200 10000000 -3199
-10000000 -3003 10000000 -3002
-10000000 -2815 10000000 -2814
-10000000 -2604 10000000 -2603
-10000000 -2349 10000000 -2348
-10000000 -2129 10000000 -2128
-10000000 -1857 10000000 -1856
-10000000 -1701 10000000 -1700
-10000000 -1491 10000000 -1490
-10000000 -1235 10000000 -1234
-10000000 -981 10000000 -980
-10000000 -735 10000000 -734
-10000000 -665 10000000 -664
-10000000 -388 10000000 -387
-10000000 -107 10000000 -106
-10000000 115 10000000 116
-10000000 336 10000000 337
-10000000 550 10000000 551
-10000000 814 10000000 815
-10000000 1035 10000000 1036
-10000000 1163 10000000 1164
-10000000 1459 10000000 1460
-10000000 1677 10000000 1678
-10000000 1948 10000000 1949
-10000000 2119 10000000 2120
-10000000 2403 10000000 2404
-10000000 2509 10000000 2510
-10000000 2799 10000000 2800
-10000000 3008 10000000 3009
-10000000 3217 10000000 3218
-10000000 3495 10000000 3496
-10000000 3672 10000000 3673
-10000000 3940 10000000 3941
-10000000 4146 10000000 4147
-10000000 4367 10000000 4368
-10000000 4664 10000000 4665
-10000000 4802 10000000 4803
-10000000 5096 10000000 5097
-10000000 5118 10000000 5119
-10000000 5430 10000000 5431
-10000000 5721 10000000 5722
-10000000 5954 10000000 5955
-10000000 6177 10000000 6178
-10000000 6387 10000000 6388
-10000000 6613 10000000 6614
-10000000 6898 10000000 6899
-10000000 6938 10000000 6939
-10000000 7274 10000000 7275
-10000000 7563 10000000 7564
-10000000 7803 10000000 7804
-10000000 7853 10000000 7854
-10000000 8108 10000000 8109
-10000000 8385 10000000 8386
-10000000 8658 10000000 8659
-10000000 8979 10000000 8980
-10000000 9119 10000000 9120
-10000000 9195 10000000 9196
-10000000 9477 10000000 9478
-10000000 9933 10000000 9934
