94
-9548 -10000000 -9547 10000000
-8988 -10000000 -8987 10000000
-8751 -10000000 -8750 10000000
-8687 -10000000 -8686 10000000
-8565 -10000000 -8564 10000000
-8423 -10000000 -8422 10000000
-7904 -10000000 -7903 10000000
-7810 -10000000 -7809 10000000
-7648 -10000000 -7647 10000000
-7525 -10000000 -7524 10000000
-7485 -10000000 -7484 10000000
-7245 -10000000 -7244 10000000
-7175 -10000000 -7174 10000000
-6768 -10000000 -6767 10000000
-6405 -10000000 -6404 10000000
-6303 -10000000 -6302 10000000
-6227 -10000000 -6226 10000000
-6177 -10000000 -6176 10000000
-5995 -10000000 -5994 10000000
-5632 -10000000 -5631 10000000
-5251 -10000000 -5250 10000000
-4809 -10000000 -4808 10000000
-4723 -10000000 -4722 10000000
-4420 -10000000 -4419 10000000
-4147 -10000000 -4146 10000000
-3889 -10000000 -3888 10000000
-3615 -10000000 -3614 10000000
-3316 -10000000 -3315 10000000
-3085 -10000000 -3084 10000000
-2998 -10000000 -2997 10000000
-2907 -10000000 -2906 10000000
-2616 -10000000 -2615 10000000
-2407 -10000000 -2406 10000000
-2108 -10000000 -2107 10000000
-1811 -10000000 -1810 10000000
-1765 -10000000 -1764 10000000
-1322 -10000000 -1321 10000000
-1235 -10000000 -1234 10000000
-966 -10000000 -965 10000000
-836 -10000000 -835 10000000
-569 -10000000 -568 10000000
-214 -10000000 -213 10000000
-136 -10000000 -135 10000000
114 -10000000 115 10000000
556 -10000000 557 10000000
642 -10000000 643 10000000
955 -10000000 956 10000000
1350 -10000000 1351 10000000
1554 -10000000 1555 10000000
1874 -10000000 1875 10000000
2029 -10000000 2030 10000000
2219 -10000000 2220 10000000
2368 -10000000 2369 10000000
2531 -10000000 2532 10000000
2625 -10000000 2626 10000000
2940 -10000000 2941 10000000
3209 -10000000 3210 10000000
3481 -10000000 3482 10000000
3607 -10000000 3608 10000000
3897 -10000000 3898 10000000
4195 -10000000 4196 10000000
4374 -10000000 4375 10000000
4647 -10000000 4648 10000000
4764 -10000000 4765 10000000
5045 -10000000 5046 10000000
5334 -10000000 5335 10000000
5405 -10000000 5406 10000000
5705 -10000000 5706 10000000
6019 -10000000 6020 10000000
6156 -10000000 6157 10000000
6374 -10000000 6375 10000000
6477 -10000000 6478 10000000
6705 -10000000 6706 10000000
6824 -10000000 6825 10000000
7191 -10000000 7192 10000000
7402 -10000000 7403 10000000
7454 -10000000 7455 10000000
7857 -10000000 7858 10000000
8202 -10000000 8203 10000000
8245 -10000000 8246 10000000
8340 -10000000 8341 10000000
8556 -10000000 8557 10000000
8858 -10000000 8859 10000000
9264 -10000000 9265 10000000
9529 -10000000 9530 10000000
9639 -10000000 9640 10000000
-10000000 -7931 10000000 -7930
-10000000 -5339 10000000 -5338
-10000000 -3478 10000000 -3477
-10000000 -916 10000000 -915
-10000000 993 10000000 994
-10000000 3179 10000000 3180
-10000000 5529 10000000 5530
-10000000 7837 10000000 7838
