83
-9676 -10000000 -9675 10000000
-9441 -10000000 -9440 10000000
-9124 -10000000 -9123 10000000
-8811 -10000000 -8810 10000000
-8461 -10000000 -8460 10000000
-8448 -10000000 -8447 10000000
-8136 -10000000 -8135 10000000
-7835 -10000000 -7834 10000000
-7530 -10000000 -7529 10000000
-7209 -10000000 -7208 10000000
-7036 -10000000 -7035 10000000
-6791 -10000000 -6790 10000000
-6451 -10000000 -6450 10000000
-6117 -10000000 -6116 10000000
-5834 -10000000 -5833 10000000
-5640 -10000000 -5639 10000000
-5307 -10000000 -5306 10000000
-4994 -10000000 -4993 10000000
-4740 -10000000 -4739 10000000
-4413 -10000000 -4412 10000000
-4116 -10000000 -4115 10000000
-3973 -10000000 -3972 10000000
-3562 -10000000 -3561 10000000
-3316 -10000000 -3315 10000000
-3097 -10000000 -3096 10000000
-2775 -10000000 -2774 10000000
-2525 -10000000 -2524 10000000
-2522 -10000000 -2521 10000000
-2232 -10000000 -2231 10000000
-1862 -10000000 -1861 10000000
-1593 -10000000 -1592 10000000
-1273 -10000000 -1272 10000000
-940 -10000000 -939 10000000
-691 -10000000 -690 10000000
-416 -10000000 -415 10000000
-158 -10000000 -157 10000000
44 -10000000 45 10000000
331 -10000000 332 10000000
638 -10000000 639 10000000
890 -10000000 891 10000000
1066 -10000000 1067 10000000
1249 -10000000 1250 10000000
1587 -10000000 1588 10000000
1896 -10000000 1897 10000000
2228 -10000000 2229 10000000
2497 -10000000 2498 10000000
2720 -10000000 2721 10000000
2873 -10000000 2874 10000000
3220 -10000000 3221 10000000
3556 -10000000 3557 10000000
3690 -10000000 3691 10000000
4001 -10000000 4002 10000000
4373 -10000000 4374 10000000
4728 -10000000 4729 10000000
4961 -10000000 4962 10000000
4970 -10000000 4971 10000000
5347 -10000000 5348 10000000
5620 -10000000 5621 10000000
5951 -10000000 5952 10000000
6246 -10000000 6247 10000000
6538 -10000000 6539 10000000
6881 -10000000 6882 10000000
7234 -10000000 7235 10000000
7452 -10000000 7453 10000000
7660 -10000000 7661 10000000
7910 -10000000 7911 10000000
8267 -10000000 8268 10000000
8625 -10000000 8626 10000000
8710 -10000000 8711 10000000
8983 -10000000 8984 10000000
9189 -10000000 9190 10000000
9636 -10000000 9637 10000000
9691 -10000000 9692 10000000
-10000000 -7923 10000000 -7922
-10000000 -6420 10000000 -6419
-10000000 -4372 10000000 -4371
-10000000 -2487 10000000 -2486
-10000000 -708 10000000 -707
-10000000 815 10000000 816
-10000000 2371 10000000 2372
-10000000 4513 10000000 4514
-10000000 6168 10000000 6169
-10000000 8076 10000000 8077
