72
-9758 -10000000 -9757 10000000
-9587 -10000000 -9586 10000000
-9029 -10000000 -9028 10000000
-8538 -10000000 -8537 10000000
-8364 -10000000 -8363 10000000
-7798 -10000000 -7797 10000000
-7794 -10000000 -7793 10000000
-7484 -10000000 -7483 10000000
-6997 -10000000 -6996 10000000
-6528 -10000000 -6527 10000000
-6518 -10000000 -6517 10000000
-5985 -10000000 -5984 10000000
-5754 -10000000 -5753 10000000
-5320 -10000000 -5319 10000000
-4938 -10000000 -4937 10000000
-4716 -10000000 -4715 10000000
-4272 -10000000 -4271 10000000
-4254 -10000000 -4253 10000000
-3565 -10000000 -3564 10000000
-3518 -10000000 -3517 10000000
-2929 -10000000 -2928 10000000
-2872 -10000000 -2871 10000000
-2375 -10000000 -2374 10000000
-1793 -10000000 -1792 10000000
-1785 -10000000 -1784 10000000
-1348 -10000000 -1347 10000000
-1216 -10000000 -1215 10000000
-587 -10000000 -586 10000000
-521 -10000000 -520 10000000
139 -10000000 140 10000000
143 -10000000 144 10000000
809 -10000000 810 10000000
859 -10000000 860 10000000
1415 -10000000 1416 10000000
1636 -10000000 1637 10000000
2000 -10000000 2001 10000000
2242 -10000000 2243 10000000
2598 -10000000 2599 10000000
3030 -10000000 3031 10000000
3449 -10000000 3450 10000000
3683 -10000000 3684 10000000
4321 -10000000 4322 10000000
4389 -10000000 4390 10000000
4632 -10000000 4633 10000000
5178 -10000000 5179 10000000
5190 -10000000 5191 10000000
5792 -10000000 5793 10000000
5897 -10000000 5898 10000000
6360 -10000000 6361 10000000
6854 -10000000 6855 10000000
6859 -10000000 6860 10000000
7470 -10000000 7471 10000000
7499 -10000000 7500 10000000
7850 -10000000 7851 10000000
8277 -10000000 8278 10000000
8676 -10000000 8677 10000000
8706 -10000000 8707 10000000
9409 -10000000 9410 10000000
9993 -10000000 9994 10000000
-10000000 -8395 10000000 -8394
-10000000 -7169 10000000 -7168
-10000000 -5618 10000000 -5617
-10000000 -4424 10000000 -4423
-10000000 -2736 10000000 -2735
-10000000 -1271 10000000 -1270
-10000000 -275 10000000 -274
-10000000 1384 10000000 1385
-10000000 2695 10000000 2696
-10000000 4360 10000000 4361
-10000000 5873 10000000 5874
-10000000 6723 10000000 6724
-10000000 8796 10000000 8797
