95
-9621 -10000000 -9620 10000000
-9337 -10000000 -9336 10000000
-9251 -10000000 -9250 10000000
-8995 -10000000 -8994 10000000
-8824 -10000000 -8823 10000000
-8669 -10000000 -8668 10000000
-8368 -10000000 -8367 10000000
-8234 -10000000 -8233 10000000
-8012 -10000000 -8011 10000000
-7763 -10000000 -7762 10000000
-7320 -10000000 -7319 10000000
-7125 -10000000 -7124 10000000
-6934 -10000000 -6933 10000000
-6850 -10000000 -6849 10000000
-6566 -10000000 -6565 10000000
-6365 -10000000 -6364 10000000
-6067 -10000000 -6066 10000000
-5882 -10000000 -5881 10000000
-5859 -10000000 -5858 10000000
-5635 -10000000 -5634 10000000
-5360 -10000000 -5359 10000000
-5272 -10000000 -5271 10000000
-5037 -10000000 -5036 10000000
-4816 -10000000 -4815 10000000
-4430 -10000000 -4429 10000000
-4371 -10000000 -4370 10000000
-4074 -10000000 -4073 10000000
-3894 -10000000 -3893 10000000
-3594 -10000000 -3593 10000000
-3252 -10000000 -3251 10000000
-3056 -10000000 -3055 10000000
-2871 -10000000 -2870 10000000
-2694 -10000000 -2693 10000000
-2521 -10000000 -2520 10000000
-2265 -10000000 -2264 10000000
-1936 -10000000 -1935 10000000
-1785 -10000000 -1784 10000000
-1458 -10000000 -1457 10000000
-1221 -10000000 -1220 10000000
-1014 -10000000 -1013 10000000
-856 -10000000 -855 10000000
-632 -10000000 -631 10000000
-313 -10000000 -312 10000000
-123 -10000000 -122 10000000
136 -10000000 137 10000000
358 -10000000 359 10000000
494 -10000000 495 10000000
811 -10000000 812 10000000
1101 -10000000 1102 10000000
1306 -10000000 1307 10000000
1606 -10000000 1607 10000000
1801 -10000000 1802 10000000
1923 -10000000 1924 10000000
2136 -10000000 2137 10000000
2374 -10000000 2375 10000000
2616 -10000000 2617 10000000
2939 -10000000 2940 10000000
3090 -10000000 3091 10000000
3329 -10000000 3330 10000000
3569 -10000000 3570 10000000
3575 -10000000 3576 10000000
3608 -10000000 3609 10000000
3831 -10000000 3832 10000000
4162 -10000000 4163 10000000
4435 -10000000 4436 10000000
4619 -10000000 4620 10000000
4861 -10000000 4862 10000000
5195 -10000000 5196 10000000
5587 -10000000 5588 10000000
5852 -10000000 5853 10000000
6070 -10000000 6071 10000000
6226 -10000000 6227 10000000
6526 -10000000 6527 10000000
6576 -10000000 6577 10000000
6944 -10000000 6945 10000000
7223 -10000000 7224 10000000
7347 -10000000 7348 10000000
7421 -10000000 7422 10000000
7672 -10000000 7673 10000000
7897 -10000000 7898 10000000
8071 -10000000 8072 10000000
8108 -10000000 8109 10000000
8233 -10000000 8234 10000000
8734 -10000000 8735 10000000
9129 -10000000 9130 10000000
9527 -10000000 9528 10000000
9690 -10000000 9691 10000000
9979 -10000000 9980 10000000
-10000000 -7398 10000000 -7397
-10000000 -4748 10000000 -4747
-10000000 -2302 10000000 -2301
-10000000 -147 10000000 -146
-10000000 2270 10000000 2271
-10000000 5014 10000000 5015
-10000000 7268 10000000 7269
