90
-9691 -10000000 -9690 10000000
-9167 -10000000 -9166 10000000
-9147 -10000000 -9146 10000000
-8888 -10000000 -8887 10000000
-8651 -10000000 -8650 10000000
-8271 -10000000 -8270 10000000
-8164 -10000000 -8163 10000000
-8087 -10000000 -8086 10000000
-7694 -10000000 -7693 10000000
-7388 -10000000 -7387 10000000
-7297 -10000000 -7296 10000000
-7161 -10000000 -7160 10000000
-6860 -10000000 -6859 10000000
-6549 -10000000 -6548 10000000
-6488 -10000000 -6487 10000000
-6323 -10000000 -6322 10000000
-6113 -10000000 -6112 10000000
-5761 -10000000 -5760 10000000
-5555 -10000000 -5554 10000000
-5134 -10000000 -5133 10000000
-4873 -10000000 -4872 10000000
-4864 -10000000 -4863 10000000
-4374 -10000000 -4373 10000000
-4007 -10000000 -4006 10000000
-3935 -10000000 -3934 10000000
-3500 -10000000 -3499 10000000
-3490 -10000000 -3489 10000000
-3241 -10000000 -3240 10000000
-2939 -10000000 -2938 10000000
-2523 -10000000 -2522 10000000
-2114 -10000000 -2113 10000000
-2053 -10000000 -2052 10000000
-1965 -10000000 -1964 10000000
-1902 -10000000 -1901 10000000
-1509 -10000000 -1508 10000000
-1084 -10000000 -1083 10000000
-960 -10000000 -959 10000000
-858 -10000000 -857 10000000
-613 -10000000 -612 10000000
-443 -10000000 -442 10000000
-203 -10000000 -202 10000000
106 -10000000 107 10000000
298 -10000000 299 10000000
716 -10000000 717 10000000
813 -10000000 814 10000000
1102 -10000000 1103 10000000
1510 -10000000 1511 10000000
1788 -10000000 1789 10000000
1879 -10000000 1880 10000000
1983 -10000000 1984 10000000
2157 -10000000 2158 10000000
2440 -10000000 2441 10000000
2725 -10000000 2726 10000000
3064 -10000000 3065 10000000
3400 -10000000 3401 10000000
3673 -10000000 3674 10000000
3894 -10000000 3895 10000000
4085 -10000000 4086 10000000
4405 -10000000 4406 10000000
4476 -10000000 4477 10000000
4902 -10000000 4903 10000000
5178 -10000000 5179 10000000
5218 -10000000 5219 10000000
5684 -10000000 5685 10000000
5800 -10000000 5801 10000000
6074 -10000000 6075 10000000
6401 -10000000 6402 10000000
6418 -10000000 6419 10000000
6608 -10000000 6609 10000000
6886 -10000000 6887 10000000
7259 -10000000 7260 10000000
7660 -10000000 7661 10000000
7894 -10000000 7895 10000000
8358 -10000000 8359 10000000
8499 -10000000 8500 10000000
8789 -10000000 8790 10000000
9185 -10000000 9186 10000000
9250 -10000000 9251 10000000
9417 -10000000 9418 10000000
9748 -10000000 9749 10000000
9940 -10000000 9941 10000000
-10000000 -7864 10000000 -7863
-10000000 -5861 10000000 -5860
-10000000 -4019 10000000 -4018
-10000000 -1832 10000000 -1831
-10000000 -48 10000000 -47
-10000000 2140 10000000 2141
-10000000 3726 10000000 3727
-10000000 5764 10000000 5765
-10000000 7651 10000000 7652
