68
-9426 -10000000 -9425 10000000
-8902 -10000000 -8901 10000000
-8677 -10000000 -8676 10000000
-8473 -10000000 -8472 10000000
-8171 -10000000 -8170 10000000
-7888 -10000000 -7887 10000000
-7631 -10000000 -7630 10000000
-7126 -10000000 -7125 10000000
-6766 -10000000 -6765 10000000
-6604 -10000000 -6603 10000000
-6083 -10000000 -6082 10000000
-5616 -10000000 -5615 10000000
-5150 -10000000 -5149 10000000
-4975 -10000000 -4974 10000000
-4573 -10000000 -4572 10000000
-4166 -10000000 -4165 10000000
-3874 -10000000 -3873 10000000
-3454 -10000000 -3453 10000000
-3117 -10000000 -3116 10000000
-2974 -10000000 -2973 10000000
-2434 -10000000 -2433 10000000
-2114 -10000000 -2113 10000000
-1605 -10000000 -1604 10000000
-1260 -10000000 -1259 10000000
-933 -10000000 -932 10000000
-538 -10000000 -537 10000000
-225 -10000000 -224 10000000
196 -10000000 197 10000000
668 -10000000 669 10000000
928 -10000000 929 10000000
1334 -10000000 1335 10000000
1717 -10000000 1718 10000000
2057 -10000000 2058 10000000
2557 -10000000 2558 10000000
2757 -10000000 2758 10000000
3149 -10000000 3150 10000000
3504 -10000000 3505 10000000
3708 -10000000 3709 10000000
4027 -10000000 4028 10000000
4433 -10000000 4434 10000000
4833 -10000000 4834 10000000
5169 -10000000 5170 10000000
5686 -10000000 5687 10000000
6185 -10000000 6186 10000000
6615 -10000000 6616 10000000
6988 -10000000 6989 10000000
7271 -10000000 7272 10000000
7800 -10000000 7801 10000000
8111 -10000000 8112 10000000
8288 -10000000 8289 10000000
8555 -10000000 8556 10000000
8836 -10000000 8837 10000000
9354 -10000000 9355 10000000
9805 -10000000 9806 10000000
-10000000 -8400 10000000 -8399
-10000000 -7009 10000000 -7008
-10000000 -5487 10000000 -5486
-10000000 -4757 10000000 -4756
-10000000 -3146 10000000 -3145
-10000000 -1628 10000000 -1627
-10000000 -576 10000000 -575
-10000000 829 10000000 830
-10000000 1891 10000000 1892
-10000000 3389 10000000 3390
-10000000 4653 10000000 4654
-10000000 6056 10000000 6057
-10000000 7396 10000000 7397
-10000000 9185 10000000 9186
