98
-9787 -10000000 -9786 10000000
-9639 -10000000 -9638 10000000
-9335 -10000000 -9334 10000000
-9069 -10000000 -9068 10000000
-8985 -10000000 -8984 10000000
-8680 -10000000 -8679 10000000
-8404 -10000000 -8403 10000000
-8293 -10000000 -8292 10000000
-8065 -10000000 -8064 10000000
-7825 -10000000 -7824 10000000
-7629 -10000000 -7628 10000000
-7388 -10000000 -7387 10000000
-7229 -10000000 -7228 10000000
-6994 -10000000 -6993 10000000
-6793 -10000000 -6792 10000000
-6561 -10000000 -6560 10000000
-6342 -10000000 -6341 10000000
-6108 -10000000 -6107 10000000
-5921 -10000000 -5920 10000000
-5742 -10000000 -5741 10000000
-5492 -10000000 -5491 10000000
-5299 -10000000 -5298 10000000
-5126 -10000000 -5125 10000000
-4819 -10000000 -4818 10000000
-4601 -10000000 -4600 10000000
-4399 -10000000 -4398 10000000
-4193 -10000000 -4192 10000000
-3961 -10000000 -3960 10000000
-3760 -10000000 -3759 10000000
-3518 -10000000 -3517 10000000
-3335 -10000000 -3334 10000000
-3109 -10000000 -3108 10000000
-2978 -10000000 -2977 10000000
-2659 -10000000 -2658 10000000
-2507 -10000000 -2506 10000000
-2264 -10000000 -2263 10000000
-2054 -10000000 -2053 10000000
-1837 -10000000 -1836 10000000
-1592 -10000000 -1591 10000000
-1415 -10000000 -1414 10000000
-1192 -10000000 -1191 10000000
-971 -10000000 -970 10000000
-752 -10000000 -751 10000000
-491 -10000000 -490 10000000
-351 -10000000 -350 10000000
-141 -10000000 -140 10000000
116 -10000000 117 10000000
257 -10000000 258 10000000
560 -10000000 561 10000000
747 -10000000 748 10000000
995 -10000000 996 10000000
1150 -10000000 1151 10000000
1431 -10000000 1432 10000000
1635 -10000000 1636 10000000
1846 -10000000 1847 10000000
2018 -10000000 2019 10000000
2321 -10000000 2322 10000000
2466 -10000000 2467 10000000
2627 -10000000 2628 10000000
2971 -10000000 2972 10000000
3059 -10000000 3060 10000000
3346 -10000000 3347 10000000
3581 -10000000 3582 10000000
3641 -10000000 3642 10000000
3921 -10000000 3922 10000000
4188 -10000000 4189 10000000
4428 -10000000 4429 10000000
4622 -10000000 4623 10000000
4806 -10000000 4807 10000000
5056 -10000000 5057 10000000
5234 -10000000 5235 10000000
5515 -10000000 5516 10000000
5641 -10000000 5642 10000000
5903 -10000000 5904 10000000
6113 -10000000 6114 10000000
6282 -10000000 6283 10000000
6556 -10000000 6557 10000000
6735 -10000000 6736 10000000
7077 -10000000 7078 10000000
7123 -10000000 7124 10000000
7373 -10000000 7374 10000000
7643 -10000000 7644 10000000
7829 -10000000 7830 10000000
8070 -10000000 8071 10000000
8372 -10000000 8373 10000000
8434 -10000000 8435 10000000
8672 -10000000 8673 10000000
8886 -10000000 8887 10000000
9123 -10000000 9124 10000000
9414 -10000000 9415 10000000
9539 -10000000 9540 10000000
9769 -10000000 9770 10000000
-10000000 -7162 10000000 -7161
-10000000 -4295 10000000 -4294
-10000000 -1465 10000000 -1464
-10000000 1347 10000000 1348
-10000000 4345 10000000 4346
-10000000 7105 10000000 7106
