44
0 1 U -1
1 0 U 0
2 0 U 0
3 1 U 1
4 0 U 3
5 0 U 4
6 1 U 4
7 1 U 6
8 1 U 7
9 0 U -1
10 0 U -1
11 1 U 10
12 0 U 11
13 1 U 12
14 1 U 13
15 0 U 14
16 1 U 15
17 0 U -1
18 0 U 17
19 1 U 18
20 0 U 19
21 1 U 20
22 0 U 21
23 1 U -1
24 1 U -1
25 0 U 23
26 1 U 23
27 1 U 26
28 0 U 22
29 0 U 27
30 0 U 29
31 1 U 30
32 0 U 31
33 0 U -1
34 0 U 32
35 1 U -1
36 1 U 33
37 0 U 36
38 0 U 36
39 1 U 37
40 0 U 39
41 0 U 40
42 0 U 41
43 1 U 42
44
0 1 U -1
1 1 U 0
2 0 U 0
3 1 U 1
4 0 U 3
5 0 U 4
6 1 U 4
7 1 U 6
8 1 U 7
9 0 U -1
10 1 U 9
11 1 U 10
12 0 U 11
13 1 U 9
14 1 U 12
15 0 U 14
16 1 U 15
17 0 U -1
18 0 U 17
19 1 U 18
20 0 U 19
21 1 U 20
22 0 U 21
23 0 U -1
24 0 U 23
25 0 U 22
26 0 U 23
27 1 U 26
28 0 U 27
29 0 U 28
30 0 U 29
31 1 U 30
32 0 U 31
33 0 U -1
34 0 U 32
35 1 U 30
36 1 U 33
37 0 U 36
38 0 U 36
39 1 U 37
40 0 U 39
41 0 U 40
42 0 U 41
43 1 U 42
44
0 1 U -1
1 1 U 0
2 0 U 0
3 1 U 1
4 0 U 3
5 0 U 4
6 1 U 4
7 1 U 6
8 1 U 7
9 0 U -1
10 1 U 9
11 1 U 10
12 0 U 11
13 1 U 9
14 1 U 12
15 0 U 14
16 1 U 15
17 0 U -1
18 0 U 17
19 1 U 18
20 0 U 19
21 1 U 20
22 0 U 21
23 0 U -1
24 0 U 23
25 0 U 22
26 0 U 23
27 1 U 26
28 0 U 27
29 0 U 28
30 0 U 29
31 1 U 30
32 0 U 31
33 0 U -1
34 0 U 32
35 1 U 30
36 1 U 33
37 0 U 36
38 0 U 36
39 1 U 37
40 0 U 39
41 0 U 40
42 0 U 41
43 1 U 42
44
0 1 U -1
1 1 U 0
2 0 U 0
3 1 U 1
4 0 U 3
5 0 U 4
6 1 U 5
7 1 U 6
8 1 U -1
9 0 U 8
10 1 U 5
11 1 U 9
12 0 U 11
13 1 U 4
14 1 U 12
15 0 U 14
16 1 U 15
17 0 U -1
18 0 U 17
19 1 U 18
20 0 U 19
21 1 U 20
22 0 U 21
23 0 U -1
24 0 U 23
25 0 U 22
26 0 U 23
27 1 U 26
28 0 U 27
29 0 U 28
30 0 U 29
31 1 U 30
32 0 U 31
33 0 U -1
34 0 U 32
35 1 U 30
36 1 U 33
37 0 U 36
38 0 U 36
39 1 U 37
40 0 U 39
41 0 U 40
42 0 U 41
43 1 U 42
44
0 1 U -1
1 1 U 0
2 0 U 0
3 1 U 1
4 0 U 3
5 0 U 4
6 1 U 5
7 1 U 6
8 1 U -1
9 0 U 8
10 1 U 5
11 1 U 9
12 0 U 11
13 1 U 7
14 1 U 12
15 0 U 14
16 1 U 15
17 0 U -1
18 0 U 17
19 1 U 18
20 0 U 19
21 1 U 20
22 0 U 21
23 0 U -1
24 0 U 23
25 0 U 22
26 0 U 23
27 1 U 26
28 0 U 27
29 0 U 28
30 0 U 29
31 1 U 30
32 0 U 31
33 0 U -1
34 0 U 32
35 1 U 30
36 1 U 33
37 0 U 36
38 0 U 36
39 1 U 37
40 0 U 39
41 0 U 40
42 0 U 41
43 1 U 42
44
0 1 U -1
1 1 U 0
2 0 U 0
3 1 U 1
4 0 U 3
5 0 U 1
6 1 U 4
7 1 U 6
8 1 U 7
9 0 U 8
10 1 U 4
11 1 U 9
12 0 U -1
13 1 U 8
14 1 U 12
15 0 U 14
16 1 U 15
17 0 U 16
18 0 U 17
19 1 U 18
20 0 U -1
21 1 U 20
22 0 U 21
23 0 U 22
24 0 U 22
25 0 U 24
26 0 U 24
27 1 U 26
28 0 U 27
29 0 U 28
30 0 U 19
31 1 U 29
32 0 U -1
33 0 U 32
34 0 U 31
35 1 U 29
36 1 U 33
37 0 U 36
38 0 U 36
39 1 U 37
40 0 U 39
41 0 U 40
42 0 U 41
43 1 U 42
44
0 0 U -1
1 1 U -1
2 0 U 0
3 1 U 2
4 0 U 3
5 0 U 4
6 1 U 4
7 1 U 6
8 1 U -1
9 0 U 8
10 1 U 9
11 1 U 10
12 0 U 11
13 1 U 12
14 1 U 13
15 0 U 14
16 1 U -1
17 0 U 16
18 0 U 17
19 1 U 18
20 0 U 15
21 1 U 19
22 0 U 21
23 0 U -1
24 0 U -1
25 0 U 24
26 1 U 24
27 1 U 26
28 0 U 27
29 0 U 28
30 0 U 29
31 1 U 30
32 0 U 31
33 0 U -1
34 0 U 32
35 0 U -1
36 0 U 33
37 0 U 36
38 0 U 36
39 1 U 37
40 0 U 39
41 0 U 40
42 0 U 41
43 1 U 42
44
0 1 U -1
1 1 U 0
2 0 U 0
3 1 U 1
4 0 U 3
5 0 U 1
6 1 U 4
7 1 U 6
8 1 U 7
9 0 U 8
10 1 U 4
11 1 U 9
12 0 U -1
13 1 U 8
14 1 U 12
15 0 U 14
16 1 U 15
17 0 U 16
18 0 U 17
19 1 U 18
20 0 U -1
21 1 U 20
22 0 U 21
23 0 U 22
24 0 U 23
25 0 U 23
26 0 U 24
27 1 U 26
28 0 U 27
29 0 U 28
30 0 U 19
31 1 U 29
32 0 U -1
33 0 U 32
34 0 U 33
35 0 U 33
36 1 U 34
37 0 U 31
38 1 U 32
39 1 U 36
40 0 U 39
41 0 U 40
42 0 U 41
43 1 U 42
44
0 1 U -1
1 1 U 0
2 0 U 0
3 1 U 1
4 0 U 3
5 0 U 1
6 1 U 4
7 1 U 6
8 1 U 7
9 0 U 8
10 1 U 4
11 1 U 9
12 0 U -1
13 1 U 7
14 1 U 12
15 0 U 14
16 1 U 15
17 0 U 16
18 0 U 17
19 1 U 18
20 0 U -1
21 1 U 20
22 0 U 21
23 0 U 22
24 0 U 22
25 0 U 24
26 0 U 24
27 1 U 26
28 0 U 27
29 0 U 28
30 0 U 19
31 1 U 29
32 0 U -1
33 0 U 31
34 0 U 32
35 1 U 29
36 1 U 34
37 0 U 36
38 0 U 36
39 1 U 37
40 0 U 39
41 0 U 40
42 0 U 41
43 1 U 42
44
0 1 U -1
1 1 U 0
2 0 U 0
3 1 U 1
4 1 U 3
5 1 U 1
6 1 U 4
7 1 U 6
8 0 U 7
9 0 U -1
10 1 U 4
11 0 U 9
12 1 U 11
13 1 U 12
14 1 U 13
15 1 U 14
16 1 U -1
17 0 U 16
18 0 U 17
19 1 U 18
20 1 U 19
21 1 U 20
22 0 U -1
23 0 U 22
24 0 U 22
25 1 U 24
26 0 U 24
27 1 U 25
28 0 U 27
29 0 U 28
30 0 U 21
31 1 U 29
32 0 U 31
33 0 U -1
34 0 U 33
35 1 U 29
36 1 U 34
37 0 U 32
38 0 U 36
39 1 U 38
40 0 U 39
41 0 U 40
42 0 U 41
43 1 U 42
44
0 1 U -1
1 0 U 0
2 0 U 0
3 1 U 1
4 0 U 3
5 0 U 1
6 0 U 4
7 1 U 6
8 1 U 7
9 0 U 8
10 1 U 4
11 1 U 9
12 0 U -1
13 1 U 8
14 1 U 12
15 0 U 14
16 1 U 15
17 0 U 16
18 0 U 17
19 1 U 18
20 1 U -1
21 1 U 20
22 0 U 21
23 0 U 22
24 0 U 22
25 0 U 24
26 0 U -1
27 1 U 25
28 0 U 27
29 0 U 28
30 0 U 19
31 1 U 29
32 1 U -1
33 0 U 32
34 0 U 31
35 0 U 32
36 1 U 33
37 0 U 36
38 0 U 36
39 1 U 37
40 0 U 39
41 0 U 40
42 0 U 41
43 1 U 42
44
0 1 U -1
1 1 U 0
2 0 U 0
3 1 U 1
4 0 U 3
5 0 U 4
6 1 U 4
7 1 U 6
8 1 U 7
9 0 U -1
10 1 U 9
11 1 U 10
12 0 U 11
13 1 U 9
14 1 U 12
15 0 U 14
16 1 U 15
17 0 U -1
18 0 U 17
19 1 U 18
20 0 U 19
21 1 U 20
22 0 U 21
23 0 U -1
24 0 U 23
25 0 U 22
26 0 U 23
27 1 U 26
28 0 U 27
29 0 U 28
30 0 U 29
31 1 U 30
32 0 U 31
33 0 U -1
34 0 U 32
35 1 U -1
36 1 U 33
37 0 U 36
38 0 U 36
39 1 U 37
40 0 U 39
41 0 U 40
42 0 U 41
43 1 U 42
44
0 1 U -1
1 1 U 0
2 0 U 0
3 1 U 1
4 0 U 3
5 0 U 4
6 1 U 4
7 1 U 6
8 1 U 7
9 0 U -1
10 1 U 9
11 1 U 10
12 0 U 11
13 1 U 9
14 1 U 12
15 0 U 14
16 1 U 15
17 0 U -1
18 0 U 17
19 1 U 18
20 0 U 19
21 1 U 20
22 0 U 21
23 0 U -1
24 0 U 23
25 0 U 22
26 0 U 23
27 1 U 26
28 0 U 27
29 0 U 28
30 0 U 29
31 1 U 30
32 0 U 31
33 0 U -1
34 0 U 32
35 1 U -1
36 1 U 33
37 0 U 36
38 0 U 36
39 1 U 37
40 0 U 39
41 0 U 40
42 0 U 41
43 1 U 42
44
0 1 U -1
1 1 U 0
2 0 U 0
3 1 U 1
4 0 U 3
5 0 U 4
6 1 U 4
7 1 U 6
8 1 U 7
9 0 U -1
10 1 U 9
11 1 U 10
12 0 U 11
13 1 U 9
14 1 U 12
15 0 U 14
16 1 U 15
17 0 U -1
18 0 U 17
19 1 U 18
20 0 U 19
21 1 U 20
22 0 U 21
23 0 U -1
24 0 U 23
25 0 U 22
26 0 U 23
27 1 U 26
28 0 U 27
29 0 U 28
30 0 U 29
31 1 U 30
32 0 U 31
33 0 U -1
34 0 U 32
35 1 U -1
36 1 U 33
37 0 U 30
38 0 U 36
39 1 U 38
40 0 U 39
41 0 U 40
42 0 U 41
43 1 U 42
44
0 1 U -1
1 1 U 0
2 0 U 0
3 1 U 1
4 0 U 3
5 0 U 4
6 1 U 4
7 1 U 6
8 1 U 7
9 0 U 8
10 0 U 8
11 1 U 10
12 0 U -1
13 1 U 12
14 1 U 13
15 0 U 14
16 1 U 15
17 0 U 16
18 0 U 17
19 1 U 18
20 0 U -1
21 1 U 20
22 0 U 21
23 0 U 22
24 1 U 22
25 0 U 24
26 0 U 24
27 1 U 26
28 0 U 27
29 0 U 28
30 0 U 29
31 1 U 30
32 0 U -1
33 0 U 32
34 0 U 31
35 1 U 32
36 1 U 33
37 0 U 36
38 0 U 36
39 1 U 37
40 0 U 39
41 0 U 40
42 0 U 41
43 1 U 42
44
0 0 U -1
1 1 U -1
2 0 U 0
3 1 U 2
4 0 U 3
5 0 U 4
6 1 U 4
7 1 U 6
8 1 U -1
9 0 U 8
10 0 U 8
11 1 U 10
12 0 U 11
13 1 U 12
14 1 U 13
15 0 U 14
16 1 U -1
17 0 U 15
18 0 U 16
19 1 U 18
20 0 U 19
21 1 U 20
22 0 U 21
23 0 U -1
24 0 U -1
25 0 U 24
26 0 U 24
27 1 U 26
28 0 U 27
29 0 U 28
30 0 U 22
31 1 U 29
32 0 U 31
33 1 U 32
34 0 U -1
35 0 U -1
36 0 U 34
37 0 U 36
38 0 U 36
39 1 U 37
40 0 U 39
41 0 U 40
42 0 U 41
43 1 U 42
44
0 1 U -1
1 1 U 0
2 0 U 0
3 1 U 1
4 0 U 3
5 0 U 1
6 1 U 4
7 1 U 6
8 1 U 7
9 0 U 8
10 1 U 4
11 1 U 9
12 0 U -1
13 1 U 12
14 1 U 13
15 0 U 14
16 1 U 15
17 0 U 16
18 0 U 17
19 1 U 18
20 0 U -1
21 1 U 20
22 0 U 21
23 0 U 22
24 1 U 22
25 0 U 24
26 1 U 24
27 1 U 26
28 0 U 27
29 0 U 28
30 0 U 29
31 1 U 30
32 0 U -1
33 0 U 32
34 0 U 31
35 0 U 32
36 1 U 33
37 0 U 36
38 0 U 36
39 1 U 37
40 0 U 39
41 0 U 40
42 0 U 41
43 1 U 42
44
0 1 U -1
1 1 U 0
2 0 U 0
3 1 U 1
4 0 U 3
5 0 U 4
6 1 U 4
7 1 U 6
8 1 U 7
9 0 U 8
10 0 U 8
11 1 U 10
12 0 U -1
13 1 U 12
14 1 U 13
15 0 U 14
16 1 U 15
17 0 U 16
18 0 U 17
19 1 U 18
20 0 U -1
21 1 U 20
22 0 U 21
23 0 U 22
24 0 U 22
25 0 U 24
26 0 U 24
27 1 U 26
28 0 U 27
29 0 U 28
30 0 U 29
31 1 U 30
32 0 U -1
33 0 U 32
34 0 U 31
35 1 U 32
36 1 U 33
37 0 U 36
38 0 U 36
39 1 U 37
40 0 U 39
41 0 U 40
42 0 U 41
43 1 U 42
44
0 1 U -1
1 1 U 0
2 0 U 0
3 1 U 1
4 0 U 3
5 0 U 4
6 1 U 4
7 1 U 6
8 1 U 7
9 0 U 8
10 0 U 8
11 1 U 10
12 0 U -1
13 1 U 12
14 1 U 13
15 0 U 14
16 1 U 15
17 0 U 16
18 0 U 17
19 1 U 18
20 0 U -1
21 1 U 20
22 0 U 21
23 0 U 22
24 0 U 22
25 0 U 24
26 0 U 24
27 1 U 26
28 0 U 27
29 0 U 28
30 0 U 29
31 1 U 30
32 0 U -1
33 0 U 32
34 0 U 31
35 1 U 32
36 1 U 33
37 0 U 36
38 0 U 36
39 1 U 37
40 0 U 39
41 0 U 40
42 0 U 41
43 1 U 42
44
0 1 U -1
1 1 U 0
2 0 U 0
3 1 U 1
4 0 U 3
5 0 U 1
6 1 U 4
7 1 U 6
8 1 U 7
9 0 U 8
10 1 U 4
11 1 U 9
12 0 U -1
13 1 U 12
14 1 U 13
15 0 U 14
16 1 U 15
17 0 U 16
18 0 U 17
19 1 U 18
20 0 U -1
21 1 U 20
22 0 U 21
23 0 U 22
24 0 U 22
25 0 U 24
26 0 U 24
27 1 U 26
28 0 U 27
29 0 U 28
30 0 U 29
31 1 U 30
32 0 U -1
33 0 U 32
34 0 U 31
35 1 U 30
36 1 U 33
37 0 U 36
38 0 U 36
39 1 U 37
40 0 U 39
41 0 U 40
42 0 U 41
43 1 U 42
44
0 1 U -1
1 1 U 0
2 0 U 0
3 1 U 1
4 0 U 3
5 0 U 1
6 1 U 4
7 1 U 6
8 1 U 7
9 0 U 8
10 1 U 4
11 1 U 9
12 0 U -1
13 1 U 12
14 1 U 13
15 0 U 14
16 1 U 15
17 0 U 16
18 0 U 17
19 1 U 18
20 0 U -1
21 1 U 20
22 0 U 21
23 0 U 22
24 0 U 22
25 0 U 24
26 0 U 24
27 1 U 26
28 0 U 27
29 0 U 28
30 0 U 29
31 1 U 30
32 0 U -1
33 1 U 32
34 0 U 31
35 1 U 32
36 1 U 33
37 0 U 36
38 0 U 36
39 1 U 37
40 0 U 39
41 0 U 40
42 0 U 41
43 1 U 42
44
0 1 U -1
1 1 U 0
2 0 U 0
3 1 U 1
4 0 U 3
5 0 U 4
6 1 U 4
7 1 U 6
8 1 U 7
9 0 U 8
10 0 U 8
11 1 U 10
12 0 U -1
13 1 U 12
14 1 U 13
15 0 U 14
16 1 U 15
17 0 U 16
18 0 U 17
19 1 U 18
20 0 U -1
21 1 U 20
22 0 U 21
23 0 U 22
24 0 U 22
25 0 U 24
26 0 U 24
27 1 U 26
28 0 U 27
29 0 U 28
30 0 U 29
31 1 U 30
32 0 U -1
33 0 U 32
34 0 U 31
35 1 U 32
36 1 U 33
37 0 U 36
38 0 U 36
39 1 U 37
40 0 U 39
41 0 U 40
42 0 U 41
43 1 U 42
44
0 1 U -1
1 1 U 0
2 0 U 0
3 1 U 1
4 0 U 3
5 0 U 4
6 1 U 4
7 1 U 6
8 1 U 7
9 0 U -1
10 0 U -1
11 1 U 10
12 0 U 11
13 1 U 12
14 1 U 13
15 0 U 14
16 1 U 15
17 0 U -1
18 0 U 17
19 1 U 18
20 0 U 19
21 1 U 20
22 0 U 21
23 0 U -1
24 0 U -1
25 1 U 24
26 0 U 24
27 1 U 25
28 0 U 22
29 0 U 27
30 0 U 29
31 1 U 30
32 0 U 31
33 0 U -1
34 0 U 32
35 1 U -1
36 1 U 33
37 0 U 36
38 0 U 36
39 1 U 37
40 0 U 39
41 0 U 40
42 0 U 41
43 1 U 42
44
0 0 U -1
1 1 U 0
2 0 U 0
3 0 U 1
4 0 U 3
5 0 U -1
6 1 U 4
7 1 U 6
8 1 U 7
9 0 U 8
10 1 U 4
11 1 U -1
12 0 U 11
13 1 U 7
14 1 U 12
15 0 U 14
16 1 U 15
17 0 U 16
18 0 U 17
19 1 U -1
20 0 U 18
21 1 U 19
22 0 U 21
23 0 U 22
24 0 U 22
25 0 U 24
26 1 U 24
27 1 U 26
28 0 U 20
29 0 U 27
30 0 U 29
31 1 U 30
32 0 U -1
33 0 U 32
34 0 U 31
35 1 U 32
36 1 U 33
37 0 U 30
38 0 U 36
39 1 U 38
40 0 U 39
41 0 U 40
42 0 U 41
43 1 U 42
44
0 0 U -1
1 1 U 0
2 0 U 0
3 1 U 1
4 0 U 3
5 0 U -1
6 1 U 4
7 1 U 6
8 1 U -1
9 0 U 8
10 1 U 9
11 1 U 10
12 0 U 11
13 1 U 4
14 1 U 12
15 0 U 14
16 1 U -1
17 0 U 15
18 0 U 16
19 1 U 18
20 0 U 19
21 1 U 20
22 0 U 21
23 0 U -1
24 0 U -1
25 0 U 24
26 0 U 25
27 1 U 26
28 0 U 22
29 0 U 27
30 0 U 29
31 1 U 30
32 0 U 31
33 0 U -1
34 0 U 32
35 0 U -1
36 0 U 33
37 0 U 30
38 0 U 36
39 1 U 38
40 0 U 39
41 0 U 40
42 0 U 41
43 1 U 42
44
0 0 U -1
1 1 U -1
2 0 U 0
3 1 U 2
4 0 U 3
5 1 U 4
6 1 U 4
7 1 U 6
8 1 U -1
9 0 U 8
10 1 U 9
11 1 U 10
12 0 U 11
13 1 U -1
14 1 U 12
15 0 U 14
16 1 U -1
17 0 U 15
18 0 U 16
19 1 U 18
20 0 U 19
21 1 U 20
22 0 U 21
23 0 U -1
24 1 U -1
25 0 U 24
26 0 U 25
27 1 U 26
28 0 U 22
29 0 U 27
30 0 U 29
31 1 U 30
32 0 U 31
33 0 U -1
34 0 U 32
35 1 U 25
36 1 U 33
37 0 U 36
38 0 U 37
39 1 U 38
40 0 U 39
41 0 U 40
42 0 U 41
43 1 U 42
44
0 1 U -1
1 0 U 0
2 0 U 0
3 1 U 1
4 0 U 3
5 1 U 4
6 1 U 4
7 1 U 6
8 1 U 7
9 0 U 8
10 0 U 8
11 1 U 10
12 0 U -1
13 1 U 12
14 1 U 13
15 0 U 14
16 1 U 15
17 0 U 16
18 0 U 17
19 1 U 18
20 0 U -1
21 1 U 20
22 0 U 21
23 0 U 22
24 0 U 22
25 0 U 24
26 1 U 24
27 1 U 26
28 0 U 27
29 0 U 28
30 0 U 29
31 1 U 30
32 1 U -1
33 0 U 32
34 0 U 31
35 1 U 32
36 1 U 33
37 0 U 36
38 0 U 36
39 1 U 37
40 0 U 39
41 0 U 40
42 0 U 41
43 1 U 42
44
0 0 U -1
1 0 U 0
2 1 U -1
3 1 U 1
4 0 U 3
5 0 U 0
6 1 U 4
7 1 U -1
8 1 U 6
9 0 U 7
10 1 U 4
11 1 U 9
12 0 U 11
13 0 U 3
14 1 U 12
15 0 U 14
16 1 U -1
17 0 U 15
18 0 U 16
19 1 U 18
20 0 U 19
21 1 U 20
22 0 U 21
23 1 U -1
24 0 U -1
25 0 U 23
26 0 U 25
27 1 U 26
28 0 U 27
29 0 U 28
30 0 U 22
31 1 U 29
32 0 U 31
33 0 U -1
34 0 U 33
35 1 U 33
36 1 U 34
37 0 U 29
38 0 U 32
39 1 U 36
40 0 U 39
41 0 U 40
42 0 U 41
43 1 U 42
44
0 1 U -1
1 1 U 0
2 0 U 0
3 0 U 1
4 0 U 3
5 0 U 1
6 1 U 4
7 1 U 6
8 1 U 7
9 0 U 8
10 1 U 4
11 1 U 9
12 0 U -1
13 1 U 12
14 1 U 13
15 0 U 14
16 1 U 15
17 0 U 16
18 0 U 17
19 1 U 18
20 0 U -1
21 1 U 20
22 0 U 21
23 0 U 22
24 1 U 22
25 0 U 24
26 1 U 24
27 1 U 26
28 0 U 27
29 0 U 28
30 0 U 29
31 1 U 30
32 0 U -1
33 0 U 32
34 0 U 31
35 1 U 32
36 1 U 33
37 1 U 36
38 0 U 36
39 1 U 37
40 0 U 39
41 0 U 40
42 0 U 41
43 1 U 42
44
0 0 U -1
1 1 U -1
2 0 U 0
3 1 U 2
4 0 U 3
5 1 U 4
6 1 U 4
7 1 U 6
8 1 U 7
9 0 U 8
10 1 U -1
11 1 U 10
12 0 U 11
13 1 U 9
14 1 U 12
15 0 U 14
16 1 U 15
17 0 U 16
18 0 U 17
19 1 U -1
20 0 U 18
21 1 U 19
22 0 U 21
23 1 U 22
24 0 U 22
25 0 U 23
26 1 U 23
27 1 U 26
28 0 U 27
29 0 U 28
30 0 U 29
31 1 U 30
32 0 U -1
33 0 U 32
34 0 U 33
35 0 U 33
36 1 U 34
37 0 U 36
38 0 U 36
39 1 U 37
40 0 U 39
41 0 U 40
42 0 U 41
43 1 U 42
44
0 0 U -1
1 1 U 0
2 1 U 1
3 1 U 2
4 0 U 3
5 0 U 0
6 1 U -1
7 1 U 4
8 1 U -1
9 0 U 8
10 1 U 1
11 1 U 9
12 0 U 11
13 1 U 12
14 1 U 13
15 0 U 14
16 1 U 15
17 0 U -1
18 0 U 17
19 1 U 18
20 1 U 19
21 1 U 20
22 0 U 21
23 0 U -1
24 1 U -1
25 0 U 22
26 0 U 19
27 1 U 24
28 0 U 27
29 0 U 28
30 0 U 29
31 1 U 30
32 0 U 31
33 0 U 32
34 0 U 33
35 1 U -1
36 0 U 35
37 0 U 36
38 0 U -1
39 1 U 37
40 0 U 39
41 0 U 40
42 0 U 41
43 0 U 42
44
0 0 U -1
1 1 U -1
2 0 U 0
3 1 U 2
4 0 U 3
5 0 U 0
6 1 U 4
7 1 U 6
8 1 U 7
9 0 U 8
10 1 U 4
11 1 U -1
12 0 U 11
13 1 U 7
14 1 U 12
15 0 U 14
16 1 U 15
17 0 U 16
18 0 U 17
19 1 U -1
20 0 U 18
21 1 U 19
22 0 U 21
23 0 U 22
24 0 U 22
25 0 U 24
26 0 U 25
27 1 U 26
28 0 U 20
29 0 U 27
30 0 U 29
31 1 U 30
32 0 U -1
33 0 U 32
34 0 U 33
35 1 U 24
36 1 U 34
37 0 U 25
38 0 U 31
39 1 U 36
40 0 U 39
41 0 U 40
42 0 U 41
43 1 U 42
44
0 0 U -1
1 1 U 0
2 0 U 0
3 1 U 1
4 0 U 3
5 0 U -1
6 1 U 4
7 1 U 6
8 1 U 7
9 0 U 8
10 1 U 4
11 1 U -1
12 0 U 11
13 1 U 7
14 1 U 12
15 0 U 14
16 1 U 15
17 0 U 16
18 0 U 17
19 1 U 18
20 0 U -1
21 1 U 20
22 0 U 21
23 0 U 22
24 0 U 22
25 0 U 24
26 0 U 25
27 1 U 26
28 0 U 27
29 0 U 28
30 0 U 29
31 1 U 30
32 0 U -1
33 0 U 32
34 0 U 33
35 1 U 25
36 1 U 34
37 0 U 31
38 0 U 36
39 1 U 38
40 0 U 39
41 0 U 40
42 0 U 41
43 1 U 42
44
0 0 U -1
1 0 U -1
2 0 U 0
3 0 U 2
4 0 U 3
5 1 U 0
6 1 U 4
7 1 U 6
8 1 U -1
9 0 U 8
10 1 U 4
11 1 U 9
12 0 U 11
13 0 U 8
14 1 U 12
15 0 U 14
16 1 U 15
17 0 U -1
18 0 U 17
19 1 U 18
20 1 U 19
21 1 U 20
22 0 U 21
23 0 U -1
24 0 U 19
25 0 U 22
26 0 U 23
27 1 U 26
28 0 U 27
29 0 U 28
30 0 U 29
31 1 U 30
32 0 U 31
33 0 U 32
34 0 U -1
35 1 U 30
36 0 U 34
37 0 U 36
38 0 U 36
39 1 U 37
40 0 U 39
41 0 U 40
42 0 U 41
43 0 U 42
44
0 0 U -1
1 1 U -1
2 0 U 0
3 1 U 2
4 1 U 3
5 1 U 0
6 0 U 4
7 1 U 6
8 1 U -1
9 1 U 8
10 1 U 4
11 1 U 9
12 0 U 11
13 0 U 8
14 1 U 12
15 0 U 14
16 1 U 15
17 0 U -1
18 0 U 17
19 1 U 18
20 0 U 19
21 1 U 20
22 0 U 21
23 1 U 22
24 0 U 22
25 0 U -1
26 0 U 25
27 1 U 26
28 0 U 27
29 0 U 28
30 0 U 29
31 0 U 30
32 0 U 31
33 1 U -1
34 0 U 32
35 1 U 33
36 0 U 35
37 1 U -1
38 0 U 33
39 1 U 36
40 0 U 39
41 0 U 40
42 0 U 41
43 1 U 42
44
0 0 U -1
1 1 U 0
2 0 U 0
3 1 U 1
4 0 U 3
5 1 U 4
6 1 U -1
7 1 U 5
8 1 U -1
9 0 U 8
10 1 U 9
11 1 U 10
12 0 U 11
13 1 U -1
14 1 U 12
15 0 U 14
16 1 U -1
17 0 U 15
18 0 U 16
19 1 U 18
20 0 U 19
21 1 U 20
22 0 U 21
23 0 U -1
24 1 U -1
25 1 U 24
26 0 U 24
27 1 U 25
28 0 U 22
29 0 U 27
30 0 U 29
31 1 U 30
32 0 U 31
33 0 U 32
34 0 U -1
35 1 U 30
36 1 U 34
37 0 U 36
38 0 U 36
39 1 U 37
40 0 U 39
41 0 U 40
42 0 U 41
43 1 U 42
44
0 1 U -1
1 1 U 0
2 0 U 0
3 1 U 1
4 0 U 3
5 0 U 1
6 1 U 4
7 1 U 6
8 1 U 7
9 0 U 8
10 1 U 4
11 1 U 9
12 0 U -1
13 1 U 8
14 1 U 12
15 0 U 14
16 1 U 15
17 0 U 16
18 0 U 17
19 1 U 18
20 0 U -1
21 1 U 20
22 0 U 21
23 0 U 22
24 0 U 22
25 0 U 24
26 0 U 24
27 1 U 26
28 0 U 27
29 0 U 28
30 0 U 19
31 1 U 29
32 0 U -1
33 0 U 32
34 0 U 31
35 1 U 29
36 0 U 33
37 0 U 36
38 0 U 36
39 1 U 37
40 0 U 39
41 0 U 40
42 0 U 41
43 1 U 42
44
0 1 U -1
1 1 U 0
2 0 U 0
3 1 U 1
4 0 U 3
5 0 U 1
6 1 U 4
7 1 U 6
8 1 U 7
9 0 U 8
10 1 U 4
11 1 U 9
12 0 U -1
13 1 U 7
14 1 U 12
15 0 U 14
16 1 U 15
17 0 U 16
18 0 U 17
19 1 U 18
20 0 U -1
21 1 U 20
22 0 U 21
23 0 U 22
24 0 U 22
25 0 U 24
26 0 U 24
27 1 U 26
28 0 U 27
29 0 U 28
30 0 U 19
31 1 U 29
32 0 U -1
33 0 U 31
34 0 U 32
35 1 U 29
36 0 U 34
37 0 U 36
38 0 U 36
39 1 U 37
40 0 U 39
41 0 U 40
42 0 U 41
43 1 U 42
44
0 1 U -1
1 1 U 0
2 0 U 0
3 1 U 1
4 1 U 3
5 1 U 1
6 1 U 4
7 1 U 6
8 0 U 7
9 0 U -1
10 1 U 4
11 0 U 9
12 1 U 11
13 1 U 12
14 1 U 13
15 1 U 14
16 0 U -1
17 0 U 16
18 0 U 17
19 1 U 18
20 1 U 19
21 1 U 20
22 0 U -1
23 0 U 22
24 0 U 22
25 1 U 24
26 0 U 24
27 1 U 25
28 0 U 27
29 0 U 28
30 0 U 21
31 1 U 29
32 0 U 31
33 0 U -1
34 0 U 33
35 1 U 29
36 1 U 34
37 0 U 32
38 0 U 36
39 1 U 38
40 0 U 39
41 0 U 40
42 0 U 41
43 1 U 42
44
0 1 U -1
1 0 U 0
2 0 U 0
3 1 U 1
4 0 U 3
5 0 U 4
6 1 U 4
7 1 U 6
8 1 U 7
9 0 U -1
10 0 U -1
11 1 U 10
12 0 U 11
13 1 U 12
14 1 U 13
15 0 U 14
16 1 U 15
17 0 U -1
18 0 U 17
19 1 U 18
20 0 U 19
21 1 U 20
22 0 U 21
23 1 U -1
24 1 U -1
25 0 U 23
26 1 U 10
27 1 U 26
28 0 U 22
29 0 U 27
30 0 U 29
31 1 U 30
32 0 U 31
33 0 U -1
34 0 U 32
35 1 U -1
36 1 U 33
37 0 U 36
38 0 U 36
39 1 U 37
40 0 U 39
41 0 U 40
42 0 U 41
43 1 U 42
44
0 1 U -1
1 1 U 0
2 0 U 0
3 1 U 1
4 0 U 3
5 0 U 1
6 1 U 4
7 1 U 6
8 1 U 7
9 0 U 8
10 1 U 4
11 1 U 9
12 0 U -1
13 1 U 8
14 1 U 12
15 0 U 14
16 1 U 15
17 0 U 16
18 0 U 17
19 1 U 18
20 0 U -1
21 1 U 20
22 0 U 21
23 0 U 22
24 0 U 23
25 0 U 23
26 0 U 25
27 1 U 26
28 0 U 27
29 0 U 28
30 0 U 19
31 1 U 29
32 0 U -1
33 0 U 32
34 0 U 33
35 0 U 33
36 1 U 34
37 0 U 31
38 1 U 32
39 1 U 36
40 0 U 39
41 0 U 40
42 0 U 41
43 1 U 42
44
0 1 U -1
1 1 U 0
2 0 U 0
3 1 U 1
4 0 U 3
5 0 U 4
6 1 U 4
7 1 U 6
8 1 U 7
9 0 U -1
10 1 U 9
11 1 U 10
12 0 U 11
13 0 U 9
14 1 U 12
15 0 U 14
16 1 U 15
17 0 U -1
18 0 U 17
19 1 U 18
20 0 U 19
21 1 U 20
22 0 U 21
23 0 U -1
24 0 U 23
25 0 U 22
26 0 U 23
27 1 U 26
28 0 U 27
29 0 U 28
30 0 U 29
31 1 U 30
32 0 U 31
33 0 U -1
34 0 U 32
35 1 U 30
36 1 U 33
37 0 U 36
38 0 U 36
39 1 U 37
40 0 U 39
41 0 U 40
42 0 U 41
43 1 U 42
44
0 1 U -1
1 1 U 0
2 0 U 0
3 1 U 1
4 0 U 3
5 0 U 4
6 1 U 4
7 1 U 6
8 1 U 7
9 0 U -1
10 1 U 9
11 1 U 10
12 0 U 11
13 1 U 9
14 1 U 12
15 0 U 14
16 1 U 15
17 0 U -1
18 0 U 17
19 1 U 18
20 0 U 19
21 1 U 20
22 0 U 21
23 0 U -1
24 1 U 23
25 0 U 22
26 0 U 23
27 1 U 26
28 0 U 27
29 0 U 28
30 0 U 29
31 1 U 30
32 0 U 31
33 0 U -1
34 0 U 32
35 1 U 30
36 1 U 33
37 0 U 36
38 0 U 36
39 1 U 37
40 0 U 39
41 0 U 40
42 0 U 41
43 1 U 42
44
0 1 U -1
1 1 U 0
2 0 U 0
3 1 U 1
4 1 U 3
5 1 U 1
6 0 U 4
7 1 U 6
8 0 U 7
9 0 U -1
10 1 U 4
11 0 U 9
12 1 U 11
13 1 U 12
14 1 U 13
15 1 U 14
16 0 U -1
17 0 U 16
18 0 U 17
19 1 U 18
20 1 U 19
21 1 U 20
22 0 U -1
23 0 U 22
24 0 U 22
25 1 U 24
26 0 U 24
27 1 U 25
28 0 U 27
29 0 U 28
30 0 U 21
31 1 U 29
32 0 U 31
33 0 U -1
34 0 U 33
35 1 U 29
36 1 U 34
37 0 U 32
38 0 U 36
39 1 U 38
40 0 U 39
41 0 U 40
42 0 U 41
43 1 U 42
44
0 1 U -1
1 1 U 0
2 0 U 0
3 1 U 1
4 0 U 3
5 0 U 4
6 0 U 5
7 1 U 6
8 1 U -1
9 0 U 8
10 1 U 5
11 1 U 9
12 0 U 11
13 1 U 7
14 1 U 12
15 0 U 14
16 1 U 15
17 0 U -1
18 0 U 17
19 1 U 18
20 0 U 19
21 1 U 20
22 0 U 21
23 0 U -1
24 0 U 23
25 0 U 22
26 0 U 23
27 1 U 26
28 0 U 27
29 0 U 28
30 0 U 29
31 1 U 30
32 0 U 31
33 0 U -1
34 0 U 32
35 1 U 30
36 1 U 33
37 0 U 36
38 0 U 36
39 1 U 37
40 0 U 39
41 0 U 40
42 0 U 41
43 1 U 42
44
0 0 U -1
1 1 U -1
2 0 U 0
3 1 U 2
4 0 U 3
5 0 U 4
6 1 U 4
7 1 U 6
8 1 U -1
9 0 U 8
10 1 U 9
11 1 U 10
12 0 U 11
13 1 U 12
14 1 U 13
15 0 U 14
16 1 U -1
17 0 U 16
18 0 U 17
19 1 U 18
20 0 U 15
21 1 U 19
22 0 U 21
23 0 U -1
24 1 U -1
25 0 U 24
26 0 U 24
27 1 U 26
28 0 U 27
29 0 U 28
30 0 U 29
31 1 U 30
32 0 U 31
33 0 U -1
34 0 U 32
35 0 U -1
36 0 U 33
37 0 U 36
38 0 U 36
39 1 U 37
40 0 U 39
41 0 U 40
42 0 U 41
43 1 U 42
44
0 1 U -1
1 1 U 0
2 0 U 0
3 1 U 1
4 0 U 3
5 0 U 4
6 0 U 5
7 1 U 6
8 1 U -1
9 0 U 8
10 1 U 5
11 1 U 9
12 0 U 11
13 1 U 4
14 1 U 12
15 0 U 14
16 1 U 15
17 0 U -1
18 0 U 17
19 1 U 18
20 0 U 19
21 1 U 20
22 0 U 21
23 0 U -1
24 0 U 23
25 0 U 22
26 0 U 23
27 1 U 26
28 0 U 27
29 0 U 28
30 0 U 29
31 1 U 30
32 0 U 31
33 0 U -1
34 0 U 32
35 1 U 30
36 1 U 33
37 0 U 36
38 0 U 36
39 1 U 37
40 0 U 39
41 0 U 40
42 0 U 41
43 1 U 42
44
0 1 U -1
1 1 U 0
2 0 U 0
3 1 U 1
4 1 U 3
5 1 U 1
6 0 U 4
7 1 U 6
8 0 U 7
9 0 U -1
10 1 U 4
11 0 U 9
12 1 U 11
13 1 U 12
14 1 U 13
15 1 U 14
16 0 U -1
17 0 U 16
18 0 U 17
19 1 U 18
20 0 U 19
21 1 U 20
22 0 U -1
23 0 U 22
24 0 U 22
25 1 U 24
26 0 U 24
27 1 U 25
28 0 U 27
29 0 U 28
30 0 U 21
31 1 U 29
32 0 U 31
33 0 U -1
34 0 U 33
35 1 U 29
36 1 U 34
37 0 U 32
38 0 U 36
39 1 U 38
40 0 U 39
41 0 U 40
42 0 U 41
43 1 U 42
44
0 1 U -1
1 1 U 0
2 0 U 0
3 1 U 1
4 1 U 3
5 1 U 1
6 1 U 4
7 1 U 6
8 0 U 7
9 0 U -1
10 1 U 4
11 0 U 9
12 1 U 11
13 1 U 12
14 1 U 13
15 1 U 14
16 0 U -1
17 0 U 16
18 0 U 17
19 1 U 18
20 0 U 19
21 1 U 20
22 0 U -1
23 0 U 22
24 0 U 22
25 1 U 24
26 0 U 24
27 1 U 25
28 0 U 27
29 0 U 28
30 0 U 21
31 1 U 29
32 0 U 31
33 0 U -1
34 0 U 33
35 1 U 29
36 1 U 34
37 0 U 32
38 0 U 36
39 1 U 38
40 0 U 39
41 0 U 40
42 0 U 41
43 1 U 42
44
0 1 U -1
1 0 U 0
2 0 U 0
3 1 U 1
4 0 U 3
5 0 U 4
6 1 U 4
7 1 U 6
8 1 U 7
9 0 U -1
10 0 U -1
11 1 U 10
12 0 U 11
13 1 U 12
14 1 U 13
15 0 U 14
16 1 U 15
17 0 U -1
18 0 U 17
19 1 U 18
20 0 U 19
21 1 U 20
22 0 U 21
23 1 U -1
24 1 U -1
25 0 U 23
26 1 U 10
27 1 U 26
28 0 U 22
29 0 U 27
30 0 U 29
31 1 U 30
32 0 U 31
33 0 U -1
34 0 U 32
35 1 U 29
36 1 U 33
37 0 U 36
38 0 U 36
39 1 U 37
40 0 U 39
41 0 U 40
42 0 U 41
43 1 U 42
44
0 1 U -1
1 1 U 0
2 0 U 0
3 1 U 1
4 0 U 3
5 0 U 4
6 1 U 4
7 1 U 6
8 1 U 7
9 0 U -1
10 1 U 9
11 1 U 10
12 0 U 11
13 0 U 9
14 1 U 12
15 0 U 14
16 1 U 15
17 0 U -1
18 0 U 17
19 1 U 18
20 0 U 19
21 1 U 20
22 0 U 21
23 0 U -1
24 1 U 23
25 0 U 22
26 0 U 23
27 1 U 26
28 0 U 27
29 0 U 28
30 0 U 29
31 1 U 30
32 0 U 31
33 0 U -1
34 0 U 32
35 1 U 30
36 1 U 33
37 0 U 36
38 0 U 36
39 1 U 37
40 0 U 39
41 0 U 40
42 0 U 41
43 1 U 42
44
0 1 U -1
1 1 U 0
2 0 U 0
3 1 U 1
4 0 U 3
5 0 U 4
6 0 U 5
7 1 U 6
8 1 U -1
9 0 U 8
10 1 U 5
11 1 U 9
12 0 U 11
13 1 U 4
14 1 U 12
15 0 U 14
16 1 U 15
17 0 U -1
18 0 U 17
19 1 U 18
20 0 U 19
21 1 U 20
22 0 U 21
23 0 U -1
24 0 U 23
25 0 U 22
26 0 U 23
27 1 U 26
28 0 U 27
29 0 U 28
30 0 U 29
31 1 U 30
32 0 U 31
33 0 U -1
34 0 U 32
35 1 U 30
36 1 U 33
37 0 U 36
38 0 U 36
39 1 U 37
40 0 U 39
41 0 U 40
42 0 U 41
43 1 U 42
44
0 1 U -1
1 0 U 0
2 0 U 0
3 1 U 1
4 0 U 3
5 0 U 4
6 1 U 4
7 1 U 6
8 1 U 7
9 0 U -1
10 0 U -1
11 1 U 10
12 0 U 11
13 1 U 12
14 1 U 13
15 0 U 14
16 1 U 15
17 0 U -1
18 0 U 17
19 1 U 18
20 0 U 19
21 1 U 20
22 0 U 21
23 1 U -1
24 1 U -1
25 0 U 23
26 1 U 10
27 1 U 26
28 0 U 22
29 0 U 27
30 0 U 29
31 1 U 30
32 0 U 31
33 0 U -1
34 0 U 32
35 0 U 29
36 1 U 33
37 0 U 36
38 0 U 36
39 1 U 37
40 0 U 39
41 0 U 40
42 0 U 41
43 1 U 42
44
0 1 U -1
1 1 U 0
2 0 U 0
3 1 U 1
4 1 U 3
5 1 U 1
6 1 U 4
7 1 U 6
8 0 U 7
9 0 U -1
10 1 U 4
11 0 U 9
12 1 U 11
13 1 U 12
14 0 U 13
15 1 U 14
16 0 U -1
17 0 U 16
18 0 U 17
19 1 U 18
20 0 U 19
21 1 U 20
22 0 U -1
23 0 U 22
24 0 U 22
25 1 U 24
26 0 U 24
27 1 U 25
28 0 U 27
29 0 U 28
30 0 U 21
31 1 U 29
32 0 U 31
33 0 U -1
34 0 U 33
35 1 U 29
36 1 U 34
37 0 U 32
38 0 U 36
39 1 U 38
40 0 U 39
41 0 U 40
42 0 U 41
43 1 U 42
44
0 1 U -1
1 1 U 0
2 0 U 0
3 1 U 1
4 1 U 3
5 1 U 1
6 1 U 4
7 1 U 6
8 1 U 7
9 0 U -1
10 1 U 4
11 0 U 9
12 1 U 11
13 1 U 12
14 0 U 13
15 1 U 14
16 0 U -1
17 0 U 16
18 0 U 17
19 1 U 18
20 0 U 19
21 1 U 20
22 0 U -1
23 0 U 22
24 0 U 22
25 1 U 24
26 0 U 24
27 1 U 25
28 0 U 27
29 0 U 28
30 0 U 21
31 1 U 29
32 0 U 31
33 0 U -1
34 0 U 33
35 1 U 29
36 1 U 34
37 0 U 32
38 0 U 36
39 1 U 38
40 0 U 39
41 0 U 40
42 0 U 41
43 1 U 42
44
0 1 U -1
1 1 U 0
2 0 U 0
3 1 U 1
4 1 U 3
5 0 U 4
6 1 U 4
7 1 U 6
8 1 U 7
9 0 U -1
10 1 U 9
11 1 U 10
12 0 U 11
13 0 U 9
14 1 U 12
15 0 U 14
16 1 U 15
17 0 U -1
18 0 U 17
19 1 U 18
20 0 U 19
21 1 U 20
22 0 U 21
23 0 U -1
24 1 U 23
25 0 U 22
26 0 U 23
27 1 U 26
28 0 U 27
29 0 U 28
30 0 U 29
31 1 U 30
32 0 U 31
33 0 U -1
34 0 U 32
35 1 U 30
36 1 U 33
37 0 U 36
38 0 U 36
39 1 U 37
40 0 U 39
41 0 U 40
42 0 U 41
43 1 U 42
44
0 1 U -1
1 1 U 0
2 0 U 0
3 1 U 1
4 1 U 3
5 1 U 1
6 1 U 4
7 0 U 6
8 1 U 7
9 0 U -1
10 1 U 4
11 0 U 9
12 1 U 11
13 1 U 12
14 0 U 13
15 1 U 14
16 0 U -1
17 0 U 16
18 0 U 17
19 1 U 18
20 0 U 19
21 1 U 20
22 0 U -1
23 0 U 22
24 0 U 22
25 1 U 24
26 0 U 24
27 1 U 25
28 0 U 27
29 0 U 28
30 0 U 21
31 1 U 29
32 0 U 31
33 0 U -1
34 0 U 33
35 1 U 29
36 1 U 34
37 0 U 32
38 0 U 36
39 1 U 38
40 0 U 39
41 0 U 40
42 0 U 41
43 1 U 42
44
0 1 U -1
1 1 U 0
2 0 U 0
3 1 U 1
4 1 U 3
5 0 U 4
6 1 U 4
7 1 U 6
8 1 U 7
9 0 U -1
10 1 U 9
11 1 U 10
12 0 U 11
13 0 U 9
14 1 U 12
15 0 U 14
16 1 U 15
17 0 U -1
18 0 U 17
19 1 U 18
20 0 U 19
21 1 U 20
22 0 U 21
23 0 U -1
24 0 U 23
25 0 U 22
26 0 U 23
27 1 U 26
28 0 U 27
29 0 U 28
30 0 U 29
31 1 U 30
32 0 U 31
33 0 U -1
34 0 U 32
35 1 U 30
36 1 U 33
37 0 U 36
38 0 U 36
39 1 U 37
40 0 U 39
41 0 U 40
42 0 U 41
43 1 U 42
44
0 0 U -1
1 1 U -1
2 0 U 0
3 1 U 2
4 0 U 3
5 0 U 4
6 1 U 4
7 1 U 6
8 1 U -1
9 0 U 8
10 1 U 9
11 1 U 10
12 0 U 11
13 1 U 12
14 1 U 13
15 0 U 14
16 1 U -1
17 0 U 16
18 0 U 17
19 1 U 18
20 0 U 15
21 1 U 19
22 0 U 21
23 0 U -1
24 1 U -1
25 0 U 24
26 0 U 24
27 1 U 26
28 0 U 27
29 0 U 28
30 0 U 29
31 1 U 30
32 0 U 31
33 0 U -1
34 0 U 32
35 0 U -1
36 1 U 33
37 0 U 36
38 0 U 36
39 1 U 37
40 0 U 39
41 0 U 40
42 0 U 41
43 1 U 42
44
0 1 U -1
1 1 U 0
2 0 U 0
3 0 U 1
4 1 U 3
5 1 U 1
6 1 U 4
7 0 U 6
8 1 U 7
9 0 U -1
10 1 U 4
11 0 U 9
12 1 U 11
13 1 U 12
14 0 U 13
15 1 U 14
16 0 U -1
17 0 U 16
18 0 U 17
19 1 U 18
20 0 U 19
21 1 U 20
22 0 U -1
23 0 U 22
24 0 U 22
25 1 U 24
26 0 U 24
27 1 U 25
28 0 U 27
29 0 U 28
30 0 U 21
31 1 U 29
32 0 U 31
33 0 U -1
34 0 U 33
35 1 U 29
36 1 U 34
37 0 U 32
38 0 U 36
39 1 U 38
40 0 U 39
41 0 U 40
42 0 U 41
43 1 U 42
44
0 1 U -1
1 1 U 0
2 0 U 0
3 1 U 1
4 0 U 3
5 0 U 1
6 0 U 4
7 1 U 6
8 1 U 7
9 0 U 8
10 1 U 4
11 1 U 9
12 0 U -1
13 1 U 7
14 1 U 12
15 0 U 14
16 1 U 15
17 0 U 16
18 0 U 17
19 1 U 18
20 0 U -1
21 1 U 20
22 0 U 21
23 0 U 22
24 0 U 22
25 0 U 24
26 0 U 24
27 1 U 26
28 0 U 27
29 0 U 28
30 0 U 19
31 1 U 29
32 1 U -1
33 0 U 31
34 0 U 32
35 1 U 29
36 0 U 34
37 0 U 36
38 0 U 36
39 1 U 37
40 0 U 39
41 0 U 40
42 0 U 41
43 1 U 42
44
0 1 U -1
1 1 U 0
2 0 U 0
3 1 U 1
4 0 U 3
5 0 U 1
6 0 U 4
7 1 U 6
8 1 U 7
9 0 U 8
10 1 U 4
11 1 U 9
12 0 U -1
13 1 U 7
14 1 U 12
15 0 U 14
16 1 U 15
17 0 U 16
18 0 U 17
19 1 U 18
20 0 U -1
21 1 U 20
22 0 U 21
23 0 U 22
24 0 U 22
25 0 U 24
26 1 U 24
27 1 U 26
28 0 U 27
29 0 U 28
30 0 U 19
31 1 U 29
32 1 U -1
33 0 U 31
34 0 U 32
35 1 U 29
36 0 U 34
37 0 U 36
38 0 U 36
39 1 U 37
40 0 U 39
41 0 U 40
42 0 U 41
43 1 U 42
44
0 1 U -1
1 1 U 0
2 0 U 0
3 1 U 1
4 0 U 3
5 0 U 4
6 0 U 5
7 1 U 6
8 1 U -1
9 0 U 8
10 1 U 5
11 1 U 9
12 0 U 11
13 1 U 4
14 1 U 12
15 0 U 14
16 1 U 15
17 0 U -1
18 0 U 17
19 1 U 18
20 0 U 19
21 0 L 20
22 0 U 21
23 0 U -1
24 0 U 23
25 0 U 22
26 0 U 23
27 1 U 26
28 0 U 27
29 0 U 28
30 0 U 29
31 1 U 30
32 0 U 31
33 0 U -1
34 0 U 32
35 1 U 30
36 1 U 33
37 0 U 36
38 0 U 36
39 1 U 37
40 0 U 39
41 0 U 40
42 0 U 41
43 1 U 42
44
0 1 U -1
1 1 U 0
2 0 U 0
3 1 U 1
4 1 U 3
5 0 U 4
6 0 U 5
7 1 U 6
8 1 U -1
9 0 U 8
10 1 U 5
11 1 U 9
12 0 U 11
13 1 U 4
14 1 U 12
15 0 U 14
16 1 U 15
17 0 U -1
18 0 U 17
19 1 U 18
20 0 U 19
21 0 L 20
22 0 U 21
23 0 U -1
24 0 U 23
25 0 U 22
26 0 U 23
27 1 U 26
28 0 U 27
29 0 U 28
30 0 U 29
31 1 U 30
32 0 U 31
33 0 U -1
34 0 U 32
35 1 U 30
36 1 U 33
37 0 U 36
38 0 U 36
39 1 U 37
40 0 U 39
41 0 U 40
42 0 U 41
43 1 U 42
44
0 1 U -1
1 1 U 0
2 0 U 0
3 1 U 1
4 0 U 3
5 0 U 1
6 0 U 4
7 1 U 6
8 1 U 7
9 0 U 8
10 1 U 4
11 1 U 9
12 0 U -1
13 1 U 7
14 1 U 12
15 0 U 14
16 1 U 15
17 0 U 16
18 0 U 17
19 1 U 18
20 0 U -1
21 1 U 20
22 0 U 21
23 0 U 22
24 0 U 22
25 0 U 24
26 1 U 24
27 1 U 26
28 0 U 27
29 0 U 28
30 0 U 19
31 1 U 29
32 1 U -1
33 0 U 31
34 0 U 32
35 0 U 29
36 0 U 34
37 0 U 36
38 0 U 36
39 1 U 37
40 0 U 39
41 0 U 40
42 0 U 41
43 1 U 42
44
0 1 U -1
1 1 U 0
2 0 U 0
3 1 U 1
4 0 U 3
5 0 U 1
6 0 U 4
7 1 U 6
8 1 U 7
9 0 U 8
10 1 U 4
11 1 U 9
12 0 U -1
13 1 U 7
14 1 U 12
15 0 U 14
16 1 U 15
17 0 U 16
18 0 U 17
19 1 U 18
20 0 U -1
21 1 U 20
22 0 U 21
23 0 U 22
24 0 U 22
25 0 U 24
26 1 U 24
27 1 U 26
28 0 U 27
29 0 U 28
30 0 U 19
31 1 U 29
32 1 U -1
33 0 U 31
34 0 U 32
35 1 U 29
36 0 U 34
37 0 U 36
38 0 U 19
39 1 U 37
40 0 U 39
41 0 U 40
42 0 U 41
43 1 U 42
44
0 1 U -1
1 1 U 0
2 0 U 0
3 1 U 1
4 1 U 3
5 0 U 4
6 0 U 5
7 1 U 6
8 1 U -1
9 0 U 8
10 1 U 5
11 1 U 9
12 0 U 11
13 1 U 4
14 1 U 12
15 0 U 14
16 1 U 15
17 0 U -1
18 0 U 17
19 1 U 18
20 0 U 19
21 0 L 20
22 0 U 21
23 0 U -1
24 0 U 23
25 0 U 22
26 0 U 23
27 1 U 26
28 0 U 27
29 0 U 28
30 0 U 29
31 1 U 30
32 0 U 31
33 0 U -1
34 0 U 32
35 1 U 30
36 1 U 33
37 0 U 36
38 0 U 36
39 1 U 37
40 0 U 39
41 0 U 40
42 0 U 41
43 1 U 42
44
0 1 U -1
1 1 U 0
2 0 U 0
3 1 U 1
4 0 U 3
5 0 U 1
6 0 U 4
7 1 U 6
8 1 U 7
9 0 U 8
10 1 U 4
11 1 U 9
12 0 U -1
13 1 U 7
14 1 U 12
15 0 U 14
16 0 U 15
17 0 U 16
18 0 U 17
19 1 U 18
20 0 U -1
21 1 U 20
22 0 U 21
23 0 U 22
24 0 U 22
25 0 U 24
26 1 U 24
27 1 U 26
28 0 U 27
29 0 U 28
30 0 U 19
31 1 U 29
32 1 U -1
33 0 U 31
34 0 U 32
35 1 U 29
36 0 U 34
37 0 U 36
38 0 U 19
39 1 U 37
40 0 U 39
41 0 U 40
42 0 U 41
43 1 U 42
44
0 1 U -1
1 0 U 0
2 0 U 0
3 1 U 1
4 0 U 3
5 0 U 4
6 1 U 4
7 1 U 6
8 1 U 7
9 0 U -1
10 0 U -1
11 1 U 10
12 0 U 11
13 1 U 12
14 1 U 13
15 0 U 14
16 1 U 15
17 0 U -1
18 0 U 17
19 1 U 18
20 0 U 19
21 1 U 20
22 0 U 21
23 1 U -1
24 1 U -1
25 0 U 23
26 0 U 10
27 1 U 26
28 0 U 22
29 0 U 27
30 0 U 29
31 1 U 30
32 0 U 31
33 0 U -1
34 0 U 32
35 0 U 29
36 1 U 33
37 0 U 36
38 0 U 36
39 1 U 37
40 0 U 39
41 0 U 40
42 0 U 41
43 1 U 42
44
0 1 U -1
1 1 U 0
2 0 U 0
3 1 U 1
4 1 U 3
5 0 U 4
6 1 U 4
7 1 U 6
8 1 U 7
9 0 U -1
10 1 U 9
11 1 U 10
12 0 U 11
13 0 U 2
14 1 U 12
15 0 U 14
16 1 U 15
17 0 U -1
18 0 U 17
19 1 U 18
20 0 U 19
21 1 U 20
22 0 U 21
23 0 U -1
24 1 U 23
25 0 U 22
26 0 U 23
27 1 U 26
28 0 U 27
29 0 U 28
30 0 U 29
31 1 U 30
32 0 U 31
33 0 U -1
34 0 U 32
35 1 U 30
36 1 U 33
37 0 U 36
38 0 U 36
39 1 U 37
40 0 U 39
41 0 U 40
42 0 U 41
43 1 U 42
44
0 1 U -1
1 1 U 0
2 0 U 0
3 1 U 1
4 0 U 3
5 0 U 1
6 0 U 4
7 1 U 6
8 1 U 7
9 0 U 8
10 1 U 4
11 1 U 9
12 0 U -1
13 1 U 7
14 1 U 12
15 0 U 14
16 1 U 15
17 0 U 16
18 0 U 17
19 1 U 18
20 0 U -1
21 1 U 20
22 0 U 21
23 0 U 22
24 0 U 22
25 0 U 24
26 0 U 24
27 1 U 26
28 0 U 27
29 0 U 28
30 0 U 19
31 1 U 29
32 1 U -1
33 0 U 31
34 0 U 32
35 1 U 29
36 0 U 34
37 0 U 36
38 0 U 19
39 1 U 37
40 0 U 39
41 0 U 40
42 0 U 41
43 1 U 42
44
0 1 U -1
1 1 U 0
2 0 U 0
3 0 U 1
4 1 U 3
5 1 U 1
6 1 U 4
7 0 U 6
8 1 U 7
9 0 U -1
10 1 U 4
11 0 U 9
12 1 U 11
13 1 U 12
14 0 U 13
15 1 U 14
16 0 U -1
17 0 U 16
18 0 U 17
19 1 U 18
20 0 U 19
21 1 U 20
22 0 U -1
23 0 U 22
24 0 U 22
25 1 U 24
26 0 U 24
27 1 U 25
28 0 U 27
29 0 U 28
30 0 U 21
31 1 U 29
32 0 U 31
33 0 U -1
34 0 U 33
35 1 U 29
36 1 U 34
37 0 U 32
38 0 U 36
39 1 U 38
40 1 U 39
41 0 U 40
42 0 U 41
43 1 U 42
