340921 402332 340921 402332 402282 578714 402282 578714
329902 336336 329902 336336 443641 622899 443641 622899
343762 291724 343762 291724 402556 601807 402556 601807
388771 296863 388771 296863 371286 621177 371286 621177
406457 271110 406457 271110 355610 626117 355610 626117
438874 302956 438874 302956 376409 650119 376409 650119
447189 277224 447189 277224 391915 647667 391915 647667
455307 231802 455307 231802 420913 611077 420913 611077
419130 239944 419130 239944 401995 623942 401995 623942
368510 178098 368510 178098 375913 551456 375913 551456
258789 247337 258789 247337 270877 477832 270877 477832
263986 286050 263986 286050 246812 496012 246812 496012
232444 346528 232444 346528 192667 533880 192667 533880
193654 368135 193654 368135 149879 544993 149879 544993
265068 388890 265068 388890 130567 528528 130567 528528
273590 360225 273590 360225 130538 511775 130538 511775
282308 338711 282308 338711 145443 512992 145443 512992
342631 361232 342631 361232 198360 486434 198360 486434
384001 359803 384001 359803 182712 487844 182712 487844
371190 361721 371190 361721 181992 490251 181992 490251
310031 437626 310031 437626 179200 538614 179200 538614
285663 438158 285663 438158 184298 522397 184298 522397
365763 570876 365763 570876 104819 590340 104819 590340
266426 726735 266426 726735 234798 515500 234798 515500
300947 738357 300947 738357 221882 553914 221882 553914
319257 795616 319257 795616 218243 602090 218243 602090
289918 828169 289918 828169 212407 617708 212407 617708
386421 848944 386421 848944 289756 649502 289756 649502
344313 862769 344313 862769 290029 704685 290029 704685
246060 864460 246060 864460 336153 635313 336153 635313
222767 895523 222767 895523 307425 677002 307425 677002
221534 902477 221534 902477 311806 707308 311806 707308
214977 893388 214977 893388 303630 699123 303630 699123
189527 862583 189527 862583 338527 682987 338527 682987
232297 846958 232297 846958 364268 690027 364268 690027
223951 795929 223951 795929 371110 719715 371110 719715
236780 792466 236780 792466 357012 741103 357012 741103
221424 791759 221424 791759 363292 746103 363292 746103
206871 738767 206871 738767 385922 804609 385922 804609
249393 731889 249393 731889 363483 782538 363483 782538
288532 782668 288532 782668 344154 729236 344154 729236
289748 776507 289748 776507 332391 727711 332391 727711
302397 766148 302397 766148 313945 743999 313945 743999
337550 701034 337550 701034 283258 803663 283258 803663
498548 611365 498548 611365 420155 708555 420155 708555
549831 594903 549831 594903 403484 753839 403484 753839
603449 579702 603449 579702 428768 707677 428768 707677
626388 605536 626388 605536 430009 676821 430009 676821
642720 635406 642720 635406 438920 659714 438920 659714
713005 726612 713005 726612 691513 668380 691513 668380
742397 591291 742397 591291 725320 334354 725320 334354
733945 624833 733945 624833 761325 295977 761325 295977
707804 597991 707804 597991 788806 275131 788806 275131
680782 638657 680782 638657 776756 285766 776756 285766
675954 670523 675954 670523 770063 276421 770063 276421
698928 685473 698928 685473 776597 261373 776597 261373
670441 702966 670441 702966 793220 258417 793220 258417
652878 671407 652878 671407 779017 251121 779017 251121
647289 659623 647289 659623 773919 255027 773919 255027
603229 667173 603229 667173 746889 261396 746889 261396
598633 655257 598633 655257 752595 263240 752595 263240
570341 649144 570341 649144 748818 276992 748818 276992
597900 614972 597900 614972 731814 239582 731814 239582
620949 616444 620949 616444 721581 224950 721581 224950
614684 581013 614684 581013 682898 218079 682898 218079
618332 594033 618332 594033 679292 233561 679292 233561
620729 578925 620729 578925 698347 210583 698347 210583
641271 595092 641271 595092 734598 223482 734598 223482
662316 576385 662316 576385 773378 194071 773378 194071
642251 560805 642251 560805 778581 190965 778581 190965
637498 551335 637498 551335 784155 202342 784155 202342
630036 543821 630036 543821 793193 197097 793193 197097
624383 511956 624383 511956 848915 191735 848915 191735
614398 510374 614398 510374 841500 181740 841500 181740
604660 517656 604660 517656 842494 177828 842494 177828
575376 537793 575376 537793 821818 159290 821818 159290
598179 482153 598179 482153 760529 125380 760529 125380
564220 459975 564220 459975 774491 184908 774491 184908
528128 412613 528128 412613 736727 238053 736727 238053
465935 382192 465935 382192 717957 272226 717957 272226
488269 398375 488269 398375 696341 272246 696341 272246
517304 436163 517304 436163 649058 274463 649058 274463
548324 475676 548324 475676 678959 274674 678959 274674
451748 528829 451748 528829 635352 251632 635352 251632
477725 531236 477725 531236 591399 237555 591399 237555
502644 268731 502644 268731 487202 525456 487202 525456
463885 311191 463885 311191 404167 555257 404167 555257
453864 343943 453864 343943 372543 500470 372543 500470
451734 346093 451734 346093 372543 500470 372543 500470
544456 372408 544456 372408 307408 476046 307408 476046
586818 366502 586818 366502 263806 393750 263806 393750
593736 362603 593736 362603 244556 440846 244556 440846
593736 362603 593736 362603 244556 440846 244556 440846
654397 372978 654397 372978 277946 452714 277946 452714
654397 372978 654397 372978 277946 452714 277946 452714
654397 372978 654397 372978 277946 452714 277946 452714
644340 384866 644340 384866 230254 483932 230254 483932
644340 384866 644340 384866 221546 474974 221546 474974
644340 384866 644340 384866 192251 470059 192251 470059
644340 384866 644340 384866 192251 470059 192251 470059
