904548 534097 904548 534097 641964 469458 641964 469458
896810 516710 896810 516710 653758 481347 653758 481347
849765 561325 849765 561325 628265 460259 628265 460259
858635 498789 858635 498789 636973 451092 636973 451092
734701 440843 734701 440843 691276 450820 691276 450820
726426 415098 726426 415098 702346 459035 702346 459035
673075 391999 673075 391999 771467 460892 771467 460892
522476 201481 522476 201481 810721 529140 810721 529140
528026 242601 528026 242601 828412 555104 828412 555104
484287 234301 484287 234301 781003 537361 781003 537361
504237 136865 504237 136865 670933 503313 670933 503313
462386 190308 462386 190308 670015 528066 670015 528066
435656 205980 435656 205980 686745 548788 686745 548788
423791 158219 423791 158219 657325 582857 657325 582857
384920 191280 384920 191280 639616 625517 639616 625517
409884 218494 409884 218494 643801 601594 643801 601594
420405 228559 420405 228559 643003 607561 643003 607561
426015 427535 426015 427535 649381 746640 649381 746640
416883 519648 416883 519648 571883 681161 571883 681161
466980 487428 466980 487428 564979 621485 564979 621485
458606 479796 458606 479796 510218 615926 510218 615926
436952 508767 436952 508767 550014 571924 550014 571924
451556 526719 451556 526719 577447 588963 577447 588963
462849 571539 462849 571539 601978 599529 601978 599529
496343 601785 496343 601785 615312 551044 615312 551044
514540 632187 514540 632187 635808 500762 635808 500762
498992 631319 498992 631319 607534 504891 607534 504891
484278 653528 484278 653528 589653 515463 589653 515463
501774 707267 501774 707267 555289 472366 555289 472366
511093 749441 511093 749441 518682 456904 518682 456904
493830 788131 493830 788131 479081 460787 479081 460787
642715 752651 642715 752651 361839 357707 361839 357707
568696 716701 568696 716701 375581 304125 375581 304125
553693 741808 553693 741808 350372 289450 350372 289450
550317 698642 550317 698642 322695 276058 322695 276058
505506 688287 505506 688287 347893 289965 347893 289965
463595 667751 463595 667751 363068 322454 363068 322454
416274 714288 416274 714288 380319 318285 380319 318285
542116 630178 542116 630178 538997 394013 538997 394013
549006 623333 549006 623333 565902 410411 565902 410411
545104 606396 545104 606396 605226 415063 605226 415063
517028 593816 517028 593816 638789 411569 638789 411569
507101 590779 507101 590779 642302 436187 642302 436187
526046 583439 526046 583439 652445 451574 652445 451574
525627 566180 525627 566180 638407 460222 638407 460222
536205 576916 536205 576916 645041 471022 645041 471022
545082 577812 545082 577812 635451 475744 635451 475744
553180 566252 553180 566252 639027 461419 639027 461419
587424 560753 587424 560753 664847 471930 664847 471930
707225 544059 707225 544059 568027 454786 568027 454786
721489 482202 721489 482202 526973 406217 526973 406217
742302 483487 742302 483487 518396 427197 518396 427197
777121 527592 777121 527592 534674 431899 534674 431899
812716 448268 812716 448268 504335 512192 504335 512192
805833 432276 805833 432276 510069 506007 510069 506007
844483 430402 844483 430402 479459 479795 479459 479795
884590 440619 884590 440619 442763 461918 442763 461918
863022 432921 863022 432921 431140 466342 431140 466342
854533 414793 854533 414793 432901 445893 432901 445893
788237 363020 788237 363020 332889 386209 332889 386209
749648 376357 749648 376357 348729 349145 348729 349145
743923 405797 743923 405797 342710 323207 342710 323207
700942 393054 700942 393054 340738 303935 340738 303935
643935 422926 643935 422926 322432 295257 322432 295257
598303 498986 598303 498986 330864 321586 330864 321586
565868 523435 565868 523435 323673 337734 323673 337734
553290 520251 553290 520251 322498 344421 322498 344421
557287 540984 557287 540984 322907 345655 322907 345655
550092 550986 550092 550986 320759 354973 320759 354973
558170 562465 558170 562465 318465 372109 318465 372109
583098 568830 583098 568830 299404 347852 299404 347852
584300 548974 584300 548974 298217 328238 298217 328238
544983 559835 544983 559835 290287 367784 290287 367784
516584 565781 516584 565781 261668 363257 261668 363257
513953 561933 513953 561933 262408 359659 262408 359659
489412 558903 489412 558903 252355 380701 252355 380701
489394 573521 489394 573521 267071 386593 267071 386593
454473 596796 454473 596796 284705 395415 284705 395415
449702 602254 449702 602254 274134 393158 274134 393158
417412 586909 417412 586909 286981 356506 286981 356506
374830 621109 374830 621109 242595 334263 242595 334263
376040 597759 376040 597759 260187 335272 260187 335272
344844 546621 344844 546621 250366 307758 250366 307758
314468 543256 314468 543256 282415 322984 282415 322984
302843 519210 302843 519210 299411 323344 299411 323344
224064 523476 224064 523476 331643 386398 331643 386398
222891 499343 222891 499343 342245 381111 342245 381111
201417 584841 201417 584841 437891 444542 437891 444542
284583 591688 284583 591688 502265 499338 502265 499338
295774 580817 295774 580817 496424 474511 496424 474511
328462 555139 328462 555139 534259 485178 534259 485178
413463 517784 413463 517784 589841 555069 589841 555069
467627 491850 467627 491850 647056 567470 647056 567470
467627 491850 467627 491850 647056 567470 647056 567470
510086 508776 510086 508776 659605 589028 659605 589028
510086 508776 510086 508776 663029 610017 663029 610017
492005 515729 492005 515729 696770 614676 696770 614676
515759 555034 515759 555034 699968 658551 699968 658551
515759 555034 515759 555034 699968 658551 699968 658551
515759 555034 515759 555034 699968 658551 699968 658551
