80
95000 30000
90000 30000
90000 25000
95000 25000
95000 20000
95000 15000
95000 10000
90000 10000
85000 10000
80000 10000
80000 5000
75000 5000
75000 10000
70000 10000
70000 15000
70000 20000
65000 20000
65000 15000
60000 15000
60000 20000
60000 25000
60000 30000
55000 30000
55000 25000
50000 25000
45000 25000
40000 25000
35000 25000
35000 30000
30000 30000
25000 30000
25000 35000
25000 40000
30000 40000
30000 35000
35000 35000
35000 40000
40000 40000
45000 40000
45000 45000
50000 45000
55000 45000
55000 40000
60000 40000
60000 35000
65000 35000
65000 40000
70000 40000
70000 45000
65000 45000
60000 45000
60000 50000
60000 55000
65000 55000
65000 60000
70000 60000
70000 65000
70000 70000
70000 75000
75000 75000
80000 75000
85000 75000
85000 70000
85000 65000
90000 65000
95000 65000
95000 60000
95000 55000
95000 50000
90000 50000
90000 55000
85000 55000
85000 50000
85000 45000
85000 40000
90000 40000
95000 40000
100000 40000
100000 35000
100000 30000
