160
90000 37500
87500 37500
85000 37500
85000 35000
82500 35000
82500 32500
82500 30000
80000 30000
80000 27500
82500 27500
82500 25000
80000 25000
77500 25000
77500 22500
77500 20000
80000 20000
82500 20000
82500 17500
80000 17500
77500 17500
77500 15000
75000 15000
75000 12500
75000 10000
72500 10000
72500 7500
70000 7500
67500 7500
67500 10000
65000 10000
65000 7500
62500 7500
60000 7500
60000 10000
57500 10000
57500 12500
57500 15000
57500 17500
55000 17500
55000 20000
57500 20000
57500 22500
57500 25000
55000 25000
55000 27500
55000 30000
57500 30000
60000 30000
60000 32500
57500 32500
55000 32500
52500 32500
52500 30000
50000 30000
47500 30000
45000 30000
42500 30000
40000 30000
40000 27500
37500 27500
37500 25000
40000 25000
40000 22500
37500 22500
37500 20000
40000 20000
40000 17500
37500 17500
35000 17500
35000 15000
35000 12500
32500 12500
30000 12500
27500 12500
25000 12500
22500 12500
22500 10000
22500 7500
22500 5000
20000 5000
20000 7500
17500 7500
15000 7500
12500 7500
12500 5000
10000 5000
10000 2500
7500 2500
7500 5000
7500 7500
7500 10000
7500 12500
10000 12500
12500 12500
12500 15000
10000 15000
7500 15000
7500 17500
7500 20000
7500 22500
7500 25000
7500 27500
7500 30000
7500 32500
5000 32500
5000 35000
7500 35000
10000 35000
12500 35000
15000 35000
17500 35000
20000 35000
20000 32500
22500 32500
25000 32500
27500 32500
30000 32500
30000 35000
30000 37500
32500 37500
35000 37500
35000 35000
37500 35000
40000 35000
40000 32500
42500 32500
45000 32500
47500 32500
50000 32500
50000 35000
52500 35000
55000 35000
57500 35000
57500 37500
55000 37500
55000 40000
57500 40000
57500 42500
57500 45000
60000 45000
62500 45000
65000 45000
67500 45000
67500 42500
70000 42500
70000 45000
72500 45000
75000 45000
75000 42500
75000 40000
77500 40000
80000 40000
82500 40000
82500 42500
85000 42500
87500 42500
90000 42500
90000 40000
92500 40000
92500 37500
