80
80000 55000
75000 55000
70000 55000
70000 50000
70000 45000
75000 45000
75000 40000
75000 35000
80000 35000
80000 30000
75000 30000
75000 25000
75000 20000
75000 15000
75000 10000
70000 10000
65000 10000
60000 10000
55000 10000
50000 10000
50000 15000
45000 15000
45000 20000
45000 25000
45000 30000
45000 35000
45000 40000
40000 40000
40000 35000
35000 35000
30000 35000
25000 35000
25000 40000
25000 45000
30000 45000
35000 45000
35000 50000
40000 50000
45000 50000
45000 55000
40000 55000
35000 55000
35000 60000
35000 65000
35000 70000
30000 70000
25000 70000
25000 75000
30000 75000
30000 80000
35000 80000
35000 85000
35000 90000
40000 90000
45000 90000
50000 90000
55000 90000
60000 90000
65000 90000
65000 85000
65000 80000
65000 75000
60000 75000
60000 70000
55000 70000
55000 65000
55000 60000
55000 55000
55000 50000
60000 50000
65000 50000
65000 55000
65000 60000
65000 65000
70000 65000
75000 65000
80000 65000
85000 65000
85000 60000
85000 55000
