80
85000 55000
80000 55000
80000 50000
80000 45000
75000 45000
75000 40000
70000 40000
65000 40000
65000 35000
70000 35000
70000 30000
70000 25000
65000 25000
60000 25000
60000 20000
60000 15000
55000 15000
50000 15000
50000 10000
45000 10000
40000 10000
40000 5000
35000 5000
30000 5000
25000 5000
20000 5000
15000 5000
15000 10000
15000 15000
15000 20000
20000 20000
20000 25000
20000 30000
25000 30000
30000 30000
30000 25000
30000 20000
25000 20000
25000 15000
30000 15000
35000 15000
40000 15000
45000 15000
45000 20000
45000 25000
50000 25000
50000 30000
55000 30000
55000 35000
60000 35000
60000 40000
55000 40000
55000 45000
50000 45000
50000 40000
50000 35000
45000 35000
40000 35000
40000 40000
40000 45000
40000 50000
45000 50000
45000 55000
50000 55000
50000 60000
55000 60000
60000 60000
60000 65000
60000 70000
65000 70000
70000 70000
70000 75000
75000 75000
80000 75000
80000 70000
85000 70000
90000 70000
90000 65000
90000 60000
90000 55000
