80
80000 25000
75000 25000
75000 20000
70000 20000
70000 25000
65000 25000
65000 20000
60000 20000
55000 20000
50000 20000
50000 15000
45000 15000
40000 15000
40000 10000
35000 10000
35000 15000
30000 15000
25000 15000
20000 15000
20000 20000
15000 20000
10000 20000
10000 25000
10000 30000
10000 35000
5000 35000
5000 40000
5000 45000
5000 50000
5000 55000
5000 60000
10000 60000
10000 65000
10000 70000
15000 70000
20000 70000
20000 75000
25000 75000
30000 75000
30000 70000
35000 70000
40000 70000
40000 65000
40000 60000
45000 60000
45000 55000
50000 55000
50000 50000
55000 50000
55000 45000
55000 40000
55000 35000
50000 35000
45000 35000
40000 35000
35000 35000
30000 35000
30000 30000
30000 25000
35000 25000
40000 25000
40000 30000
45000 30000
50000 30000
55000 30000
60000 30000
60000 35000
65000 35000
65000 40000
65000 45000
65000 50000
70000 50000
70000 45000
75000 45000
80000 45000
85000 45000
85000 40000
85000 35000
85000 30000
85000 25000
