160
82500 50000
82500 47500
80000 47500
80000 45000
80000 42500
77500 42500
77500 40000
75000 40000
72500 40000
70000 40000
67500 40000
67500 37500
67500 35000
67500 32500
70000 32500
70000 30000
70000 27500
72500 27500
75000 27500
77500 27500
77500 25000
77500 22500
75000 22500
75000 20000
75000 17500
75000 15000
75000 12500
72500 12500
72500 10000
70000 10000
70000 7500
67500 7500
65000 7500
62500 7500
62500 10000
60000 10000
57500 10000
55000 10000
55000 12500
52500 12500
52500 15000
52500 17500
52500 20000
52500 22500
52500 25000
52500 27500
55000 27500
55000 30000
55000 32500
57500 32500
60000 32500
60000 35000
60000 37500
60000 40000
60000 42500
57500 42500
57500 45000
55000 45000
55000 47500
52500 47500
52500 50000
50000 50000
50000 52500
50000 55000
47500 55000
47500 57500
47500 60000
45000 60000
42500 60000
40000 60000
37500 60000
35000 60000
35000 57500
32500 57500
32500 55000
32500 52500
32500 50000
32500 47500
32500 45000
32500 42500
32500 40000
35000 40000
35000 37500
35000 35000
35000 32500
35000 30000
32500 30000
32500 27500
30000 27500
27500 27500
25000 27500
25000 25000
22500 25000
20000 25000
17500 25000
17500 27500
15000 27500
12500 27500
12500 30000
12500 32500
12500 35000
12500 37500
10000 37500
10000 40000
10000 42500
10000 45000
10000 47500
12500 47500
15000 47500
17500 47500
17500 50000
17500 52500
17500 55000
17500 57500
20000 57500
22500 57500
25000 57500
27500 57500
27500 60000
27500 62500
27500 65000
27500 67500
27500 70000
30000 70000
32500 70000
35000 70000
37500 70000
40000 70000
40000 67500
42500 67500
42500 65000
45000 65000
47500 65000
50000 65000
52500 65000
52500 62500
55000 62500
55000 60000
57500 60000
60000 60000
60000 57500
62500 57500
65000 57500
65000 60000
67500 60000
70000 60000
72500 60000
75000 60000
77500 60000
77500 62500
77500 65000
80000 65000
82500 65000
85000 65000
85000 62500
85000 60000
85000 57500
85000 55000
85000 52500
85000 50000
