100 0 82
339332 824263
428073 291986
854253 441316
372298 653468
435443 314305
365150 592093
753462 429170
326321 544022
283085 625259
484693 328681
302406 554059
410364 314543
803846 623739
701599 289973
298038 510831
519149 771835
344529 549988
774335 367714
406700 332967
437058 613898
807964 491776
324756 557832
285961 307657
306084 678137
424496 539479
446957 311887
353487 524085
445844 322331
433786 742077
445250 809185
303473 289223
762429 509292
347996 661142
414844 469516
698778 768763
464883 348608
370171 811149
353693 581882
359414 317894
662114 353642
367413 470032
642710 670238
415084 711098
722224 229835
853159 581687
785621 472521
291563 610743
305592 722882
455799 304846
448849 305167
412534 678490
794035 260498
231147 559708
405218 600586
323528 395884
381964 664847
255274 774441
265658 404726
696102 520240
360639 293084
439074 261912
691017 488162
426393 346195
504397 319450
441638 726254
518762 772858
372800 295788
390843 832420
198584 659125
858973 581298
387949 634665
463598 312705
431141 516738
825625 514118
176236 598979
495391 908545
672474 395829
675793 430747
369442 277594
408019 257082
389568 319567
547593 483820
286301 600236
442160 336531
437753 326989
325513 510772
718291 433274
452653 580053
797515 698966
450644 322240
698599 714997
334689 262524
628527 398172
399548 600708
339514 464746
817195 412580
691860 683370
426396 602840
465477 535985
322502 660257
565878 540190
711782 658916
626140 528288
615276 537395
310753 405413
505341 585270
673707 556052
683338 490041
563180 455124
583984 224872
616123 455275
518231 661756
630671 663473
536737 583666
535930 499475
571956 609181
463936 565496
594706 626468
728634 358724
697706 571817
806966 538034
532306 631625
278379 408703
439199 470237
531896 660752
615807 587394
658039 592827
559604 667016
443978 581599
588121 568394
583395 662457
573879 548591
670842 559925
483359 396818
492791 552126
411643 463913
766685 447414
226688 583591
579509 591886
498754 386820
637404 559534
484960 323223
490071 370125
649652 643594
331095 683998
579831 624355
734979 625365
713982 277217
717196 580885
553192 594289
564340 661569
769307 259318
477150 534476
204915 635976
276942 722934
620196 545612
654224 436690
561592 672420
558626 656584
782851 380661
658349 698918
554513 621676
665331 626278
544445 344878
541361 585058
624866 581647
295637 616978
593776 534546
774975 557744
659556 544087
587717 515248
548197 593086
720463 588713
355494 517204
735688 457645
716127 429474
533638 686154
539429 646656
296246 672306
762277 312877
580349 630441
723400 603423
