100 0 30
661303 343763
407772 272587
328961 340848
794465 692140
807388 697116
622267 469912
364220 445785
587269 530281
532916 362067
406006 396395
764699 181261
731130 254272
389237 394018
551232 288689
351304 271041
567140 321218
323354 318551
807829 709843
514721 398335
524534 247281
784060 698220
507601 435607
718961 646749
453350 349962
325635 342671
728005 282384
398449 291054
352574 214146
501143 402643
253470 318948
670406 272411
834725 594740
830322 586518
799870 632888
828233 651958
825129 612349
425853 310417
687588 589025
323328 261444
288886 376221
503143 282962
216694 557182
431642 529559
823233 639531
542316 337623
594426 381819
443839 230745
839697 617285
405330 428605
321550 331554
845789 622930
706753 767450
513822 382949
461979 302058
228269 443517
367366 401155
757554 178959
537383 250849
340092 369392
494315 415467
287588 486752
876197 614848
357596 307565
468358 307614
789242 640109
233062 575166
888298 645326
780631 644628
479637 316967
755970 677407
824249 675606
825442 80776
418555 290130
692215 364093
800291 711818
489289 371295
772052 665243
178112 631783
744800 693097
525164 382308
291120 287939
535574 388034
834639 818764
342489 357526
396982 355478
552920 302327
748640 161133
373541 328905
316651 344766
469152 241533
759080 666003
554609 417915
548232 310156
360235 326952
457588 385914
730796 290765
526840 529964
504503 587853
855212 687694
676636 376433
391494 343707
541489 375436
836861 593622
531773 573303
529088 468222
840385 590699
511904 286242
335552 540044
246325 330296
469673 230150
458805 437364
201574 412630
159035 321348
773180 584566
459874 251238
715308 571710
782418 606602
429197 275893
547418 290811
35567 468008
759413 537074
488722 320550
556378 233819
542950 305746
547477 308125
533456 247002
527636 521682
768021 663763
557985 211727
282835 537620
