100 0 30
220529 284839
568000 770499
169520 166570
431026 738242
648072 180990
228826 402817
463653 650150
329407 363376
617390 734998
442264 618994
658564 718694
289437 318296
647976 760334
467157 700156
576739 667882
226437 339443
344380 402762
334468 378135
187430 193480
564942 672053
500413 710000
527589 689382
602242 797490
114142 223178
463805 666110
221239 365046
479479 638793
65290 46329
213381 279589
270139 315135
516808 294225
212104 229653
713476 292849
181486 262167
372531 691425
542099 696138
376381 674818
542980 646065
279119 432038
601974 729252
473799 714885
625761 768664
167709 209355
249609 280542
555469 670835
513324 742174
590425 752360
177120 220722
655866 744954
565412 790520
446784 683348
505664 643090
532773 724817
122896 282656
561434 738618
494830 703596
433364 689063
461899 695822
566523 671755
611540 765518
489674 277731
677319 711788
764405 395194
151764 259613
373451 474181
572116 754392
358231 708845
320664 291503
194830 344048
641312 744019
178606 305537
549765 728337
529023 803300
157450 263148
532638 668826
299204 317730
163607 197148
274506 374230
388042 681726
136525 299961
270514 346538
235815 263776
153770 280082
579501 772395
534221 631703
299019 300530
557115 784558
189209 323750
121428 184043
236906 357122
510501 728807
551261 655457
534668 779769
213449 329011
642451 222208
166464 314797
579159 673534
561077 786652
533000 776585
188658 397051
376645 426899
427637 345610
584873 787325
585062 696737
624875 545682
551094 409133
594521 646512
347646 198609
150324 512398
540837 546545
305662 525415
57112 660967
518224 297109
295581 599730
238004 633158
373625 386683
605649 652933
601744 625317
141348 553076
592053 216647
684154 220893
426324 392166
341865 278492
539154 670441
209737 586110
236825 594393
638115 621844
607622 537705
331676 618947
398184 409770
