100 0 27
267769 412132
387640 651038
352103 616959
578918 542984
203153 299593
242385 313659
297403 421743
689619 676747
564210 247429
399085 535020
768547 579853
458653 135966
433744 181968
271253 358538
276923 494978
460513 581809
359899 617105
513507 242331
398629 513277
439761 448800
326514 419632
540749 197642
567796 238805
221552 594386
206689 320486
391956 295448
542211 210059
213903 201056
242026 583538
597212 667041
370264 512336
449032 625225
389494 518467
628004 92281
236566 522578
285796 535602
259007 426614
316246 511096
540639 135329
292717 416248
613439 244802
457543 241341
454063 581678
322286 483098
261900 276021
609282 554567
219290 458401
493270 211879
319948 611305
270515 484488
497810 203926
314795 479195
226469 367883
303068 482563
281651 566518
344475 696988
215038 471528
487102 212334
356596 466510
330226 489117
262422 509098
601151 338785
284137 483263
556949 281716
477177 359237
476921 411875
270262 495318
581194 145514
281186 460415
304086 584467
459923 628594
254860 528345
273303 493759
282269 532378
297455 383089
241423 377176
417560 242573
350904 579980
758775 637217
243145 606268
299649 632002
490836 445568
234818 243743
536643 246345
340494 416133
320150 438425
252031 400390
297083 494965
496007 317448
472372 235147
293341 355027
275505 379603
211146 497282
264041 452052
421086 222000
388325 454313
397587 580822
416155 539618
253188 511643
559103 185701
272812 647649
441430 382494
759050 237344
713219 296024
219334 717811
805876 664617
824795 672119
739355 436880
818717 708829
829302 753924
444036 418579
646723 225018
759829 337064
819392 734747
225085 903421
303786 671718
741034 692776
874950 302669
747108 221777
856178 790674
435579 463681
717605 224121
413331 256238
813828 105684
423884 249814
833166 724248
764723 183679
