100 0 38
491206 665225
692630 536281
274064 209011
461527 553370
334770 604156
338275 383433
805068 450073
682520 570697
600799 470477
315726 582916
477855 639760
296166 585369
858187 456059
251457 526616
847295 387775
658360 469937
326102 395012
691141 316025
421245 586690
365933 709509
601873 432636
643070 671231
309062 636920
288100 556488
612484 665460
322815 607978
495576 401002
534645 710791
406230 618665
845347 277261
297251 568006
414088 203059
450630 256196
565179 649260
524747 619938
850464 405964
683796 330852
617748 609267
678307 620348
339582 220827
708595 624528
352246 228716
368366 295105
622657 668847
830372 570415
385812 254468
305558 591924
270423 646417
346362 163067
691493 547168
380697 200419
660769 450522
745777 433151
796372 312450
320802 210191
364705 284222
754120 518854
476285 644128
632711 685094
410902 782611
721978 604359
732389 405238
287415 521614
236852 330493
315018 592448
394985 578359
687456 568341
353871 681727
433965 562079
558326 559505
455379 665562
283626 613288
694149 504029
328175 667383
458837 762157
420035 586748
540214 627646
652967 601454
304527 633717
366306 358486
686551 572833
436548 733384
361795 593871
797334 450442
392031 254994
281189 231320
293250 552719
590681 350917
605885 421884
352410 655889
754712 419238
300458 630772
329238 589102
437662 696059
373985 612118
550551 578231
577237 578023
423522 259314
535687 624000
311355 628985
702291 318651
278704 688320
300985 781245
653545 544459
728044 360056
191446 783451
671444 369399
497099 493313
667291 313984
679984 270043
499733 488145
672210 302000
673439 300818
703099 362481
488789 384486
653599 257913
526971 260399
630422 486447
538542 443032
247827 769698
635797 699740
240186 799927
617992 538190
683324 270767
755974 418322
500653 256785
639187 353744
460364 507778
268454 732706
656657 493689
285306 724001
298565 788033
227597 781213
636158 539150
537192 704374
662526 318047
649137 316824
713736 286087
