100 0 42
846673 427867
821890 781142
712832 526109
295297 697469
821344 649697
346016 640691
387945 718431
746210 509789
314201 739773
730842 410312
226133 662770
426255 613822
759381 476719
716512 486877
604687 462470
773372 517204
584050 353835
840790 458626
373670 604361
688169 566916
248581 698929
281540 629090
655709 577879
650162 575836
856211 673503
340010 260872
565538 495631
289791 232212
395498 680818
749706 657286
721101 526564
730331 602410
753867 500635
669808 547013
537337 575758
736178 698368
806379 450098
646804 549807
449489 255334
372326 733470
809213 507099
702975 562894
758445 590889
731807 534226
729410 608050
770558 515729
607578 443872
587856 378351
621811 558358
759811 522716
840851 448079
270863 639283
749829 480582
283075 736035
678911 586672
840940 688122
304900 624373
486438 323018
678689 397215
666020 589861
616938 421098
760888 791621
676036 484502
198353 674859
647874 445434
637021 535342
256641 612062
761669 675594
479717 729959
745471 652841
761412 417308
740841 468139
711629 492648
303718 216523
375564 689155
711259 670488
562882 640399
766232 716859
258479 287276
669067 522990
347608 252113
273949 799097
190438 230796
275034 714460
166128 255422
274992 613046
659356 574599
664554 521265
304996 276330
786378 717045
706292 459885
782924 561518
691241 559893
303161 590089
708461 559224
765228 664633
410587 727129
301038 187226
818069 478018
891004 753818
460668 553862
178933 758425
342857 756343
311162 855351
123107 811964
211915 761761
723457 693564
285881 366307
296897 414359
368017 592565
327473 427496
509739 668929
325877 456177
334983 777563
285053 839315
646441 383732
222502 307658
607566 561312
245524 392544
530556 501047
228177 825627
567313 563762
514552 509336
327727 789967
144634 751262
430493 601190
346332 558992
381339 396392
300708 738969
202616 294486
521810 526556
264274 335349
276480 319106
678584 530499
193629 758009
485921 487264
219511 769141
455271 458190
567418 507953
395167 441347
381076 625019
305434 416240
