100 0 35
250154 78208
415450 719369
168663 111965
375483 691543
343015 733016
356504 629598
718014 167398
375453 353722
474178 143027
822310 202661
480819 636246
301632 714943
319805 583478
182109 364990
285369 611260
245008 358775
591715 515763
384903 742863
712764 471018
388295 208384
495077 533536
690548 653459
173891 415192
386012 662199
395633 596513
242861 126159
132752 439570
143542 790750
286333 829552
232685 641575
144456 405169
652286 98319
813990 247305
509728 394797
679776 619103
561015 545355
640099 238476
707421 295964
357191 563196
190732 314929
278449 630458
848123 258162
121131 438227
628383 175314
395118 810396
136415 207083
783700 306203
774085 246164
171197 360284
315020 738044
670770 159547
245884 199173
377452 178151
506014 643999
453679 733522
603679 500295
386943 594943
413490 805682
715048 518016
763214 182283
344860 629945
98903 282453
312046 83674
561668 382079
521379 346942
783668 243628
383623 624698
274617 177400
379145 599580
348872 792237
167665 392584
742295 287162
405608 689584
164111 396510
362264 701439
719939 235722
159022 232652
312909 360467
596705 384938
338335 663816
132631 509579
503984 466653
483212 519719
736862 282132
281755 208947
252733 322992
343774 781774
340805 817182
350813 678974
199678 181771
235680 570371
355517 197659
377126 138842
725561 560744
247016 389210
371075 740839
265901 610359
89963 250467
693754 202029
528551 203537
351847 692714
415718 230971
276012 283267
384416 796002
586691 299785
287930 598992
197587 189409
486178 233976
826282 426119
302837 807686
520426 360401
659224 494235
235264 722985
356533 764126
364924 699290
322674 627300
479498 191968
678423 620341
516815 373949
242247 444872
187615 570774
375170 644628
330285 758762
767727 518653
336947 268736
225301 440205
716194 600414
433734 198248
486901 231232
187876 783131
163656 517924
336116 657867
615875 574196
885569 471463
335117 619208
