20
0 131 516 257 25 807 172 15 31 862 664 55 347 16 240 643 196 988 41 103
613 208 23 992 51 432 543 558 567 42 149 219 170 701 302 18 903 708 676 6
876 915 5 320 85 892 933 41 68 20 49 279 173 63 925 352 72 741 690 37
287 856 294 570 460 176 14 76 36 712 1 6 1 898 230 54 411 41 672 11
873 544 882 296 361 749 680 531 218 964 14 32 40 688 432 5 604 675 25 134
541 230 271 17 364 338 57 156 646 198 674 601 188 864 79 916 100 41 367 80
135 101 545 687 196 625 160 103 595 752 246 761 865 69 58 465 101 728 80 210
53 139 476 115 574 986 67 709 54 182 717 12 14 143 803 273 341 1 570 28
21 272 26 380 66 850 541 361 142 24 54 2 135 16 299 568 4 415 123 140
607 466 76 797 683 228 894 533 638 39 3 599 4 13 255 83 238 932 239 192
484 665 221 762 249 881 79 249 232 579 764 772 424 495 22 59 905 418 62 607
53 19 141 354 268 999 419 505 67 780 461 934 182 250 462 124 746 43 899 26
723 224 46 22 914 524 20 210 10 106 117 466 448 340 214 5 151 896 118 142
633 208 932 319 213 188 4 882 36 610 101 885 180 905 66 341 703 349 343 219
270 592 374 668 979 79 60 60 378 733 847 535 966 452 673 87 71 394 474 420
331 273 752 664 233 2 140 6 426 184 799 188 839 279 445 313 582 86 653 207
729 260 138 410 698 992 6 483 889 687 375 118 439 85 677 881 13 10 223 235
325 12 470 424 16 330 654 35 263 398 778 55 407 10 700 15 379 4 19 913
111 39 137 477 527 134 492 273 9 195 270 27 341 111 488 80 303 383 206 87
806 478 707 34 45 436 659 6 279 356 506 13 39 14 4 241 92 13 605 37
0 1820 7763 7622 457 19154 4705 293 454 13791 8694 1262 6068 278 5806 8727 4828 23868 498 2977
11524 4285 536 15633 1062 12548 13339 12587 12852 1012 4374 4440 3163 17467 7951 200 15709 15000 19472 123
25616 24418 130 8758 1887 21346 27003 626 834 372 893 4516 2744 1186 17461 8931 1623 11741 14225 744
3986 25332 8518 6945 7019 1948 256 2229 631 11664 15 70 24 24890 6735 953 6333 566 12213 268
24351 11737 19892 4885 6345 14037 8655 11528 6282 25043 219 751 838 10192 7126 107 15256 8590 343 2251
6322 4580 3127 446 7452 8738 905 4646 16005 3022 19057 9481 4699 19967 915 16186 1940 583 5500 1124
3726 2583 11885 12561 4269 17814 2490 1629 12853 10270 6693 12950 19241 1791 640 13316 2894 9443 2159 2231
1581 2283 6415 1952 9280 26413 855 13494 1215 4602 9219 174 326 2117 18913 5598 6366 10 10951 706
529 3067 662 11256 1316 13757 10740 6973 1975 468 1304 47 2032 250 7054 6123 102 9572 3662 2571
8126 7320 2181 19882 17371 6711 12479 7767 17875 683 74 15597 45 272 5356 2257 6562 23777 3291 3486
12973 13295 2395 18318 3374 20613 793 6989 5944 9655 17358 21642 9107 12223 535 1757 17773 8669 1858 6258
1519 250 2150 9393 6473 20909 6909 13364 1535 18961 11552 20450 4455 4420 7915 3368 12877 814 12646 776
21289 2547 795 330 23599 11844 442 5128 298 3059 1373 8107 10071 8269 4097 119 2215 15561 1997 4016
17920 5122 16104 8776 4291 3528 59 24498 644 13201 2790 12215 2258 9925 1667 8453 20361 6463 7563 2343
6454 10080 9320 12682 10933 869 1255 1176 3990 20880 18619 12908 9702 12602 17480 2504 1634 11796 7756 7294
6254 3361 19562 11701 6542 26 2181 107 8246 3225 19599 2210 16705 2902 12577 8712 8151 1115 19172 3550
19755 6508 2230 8497 12876 12318 162 11949 23045 14835 6327 1269 5167 1536 7762 11528 331 135 5474 4427
7206 286 11811 12420 317 5492 13795 662 4468 10139 21260 1184 11265 167 10974 303 6315 60 226 25654
1428 810 1688 5633 9084 1583 8173 3830 159 4085 2817 581 7610 2738 12360 1532 3326 8025 5118 1455
10072 7257 17186 405 996 9578 8906 148 3467 7753 7028 235 1113 192 42 5650 2025 164 11158 920
