20
0 14 163 79 118 641 360 360 3 96 78 371 449 37 18 221 2 9 436 280
45 73 657 510 5 55 254 75 495 70 403 97 121 45 903 315 712 221 1 920
157 702 644 78 993 750 478 813 3 282 123 137 15 3 24 38 483 668 695 94
104 5 28 24 928 40 1 14 44 766 529 72 695 901 805 336 74 438 380 929
292 252 18 218 214 378 637 962 51 121 35 361 153 71 21 270 90 57 51 840
93 442 980 439 271 497 601 145 136 964 614 28 5 810 735 80 547 873 573 341
13 6 736 807 84 40 896 231 296 359 548 162 374 425 109 915 239 198 31 54
91 30 65 38 16 146 979 741 725 80 63 741 686 274 27 324 19 577 39 375
186 335 3 454 621 511 94 51 641 867 5 460 63 206 726 204 111 726 10 291
109 428 43 223 171 171 492 201 456 85 128 323 914 322 316 709 946 347 863 235
245 26 210 9 46 635 63 211 43 820 818 904 886 422 421 601 98 68 194 732
920 3 2 719 7 11 12 733 8 13 352 617 128 176 5 369 784 157 676 163
132 864 242 95 588 447 49 12 802 475 138 140 19 685 409 317 311 836 888 488
538 11 524 459 73 3 566 617 93 100 344 115 716 120 574 427 1 249 18 126
23 26 757 891 417 864 777 942 36 30 157 859 403 250 20 17 3 837 74 445
566 856 473 4 104 522 169 193 450 612 363 4 311 116 407 269 511 977 385 630
409 244 405 53 103 227 397 18 704 461 245 83 32 741 123 17 132 57 688 455
911 872 238 9 1 328 493 308 336 633 11 456 10 668 882 71 192 97 648 15
377 230 776 170 204 179 67 25 586 456 134 133 899 47 821 301 329 10 392 5
446 457 15 727 94 134 51 59 434 421 820 31 6 641 79 204 738 161 563 637
0 236 2516 1275 3477 9174 8201 7786 33 1715 1299 10313 5167 918 507 2533 34 248 8713 4105
623 1608 19564 10520 96 1217 4084 2061 7010 1279 9056 1637 2685 1151 16182 3633 12841 4424 25 10774
2020 19925 13439 920 26870 20238 13532 10213 78 6891 2853 2164 380 67 658 982 9807 14447 7575 1559
2419 56 499 717 18308 1163 30 414 1317 8110 11421 2153 20390 20418 13030 4807 1797 5938 7616 16202
5802 3253 292 3086 3586 4419 18019 13687 1484 3583 565 7792 2204 835 354 6644 2600 701 1483 9039
2486 7509 27379 4454 2998 9894 13232 4077 3044 15408 8421 361 54 19337 18823 1428 11173 22339 7208 7373
389 73 16261 15380 1677 519 9137 5982 7939 6827 5530 2954 6096 6794 1296 16636 4225 4633 654 1390
1026 469 972 1139 393 3367 24913 21455 7893 1381 1403 21621 7074 4349 393 8749 423 16351 1026 5062
3838 6020 81 10472 14475 14553 2647 727 15148 24632 137 6907 785 4736 7912 3535 2040 7477 165 4241
2771 11042 811 2937 4859 4724 12785 4648 12211 1954 2051 3373 14343 6699 9311 9487 27758 10194 24441 3570
3928 714 6046 108 866 13238 1442 3800 815 21953 16523 13334 24450 4527 11209 13491 1430 1719 5766 17142
26101 46 36 14021 91 290 176 8255 153 343 10083 15086 3177 3490 85 4437 10464 4605 19063 3166
1649 19847 3259 1368 8234 9513 1404 203 15516 8279 3994 3095 514 18094 10772 3417 8279 20217 23438 8095
9704 252 5440 5811 1403 84 12099 14322 1981 1266 7966 1225 11026 1209 15891 7521 26 3539 433 2016
576 765 15521 12816 10343 19561 8426 25007 490 746 1913 16032 6689 5822 205 212 85 19090 852 4842
15221 12276 9640 54 2000 7223 4147 4659 5791 14337 5695 114 8147 1894 11137 3927 10467 20769 6538 9799
5821 4540 11436 1458 2731 4513 5253 226 19951 11889 6926 848 893 9984 3025 180 3503 622 18192 9209
25168 23117 2726 141 19 3577 7786 3953 5189 17146 142 8722 275 10700 15055 1708 2565 1671 10987 373
4586 2710 19676 1883 2667 3058 1267 572 11486 11087 1411 1925 15808 637 19294 6563 8276 250 10683 53
4967 5893 192 17717 2734 1584 869 1703 8262 10071 24023 417 123 11875 861 2673 15666 3339 8604 17310
