20
0 773 312 403 581 263 992 157 889 275 94 22 527 26 408 91 45 10 842 150
29 373 518 24 796 337 7 280 423 233 22 10 83 85 164 70 669 414 32 14
395 534 10 827 332 5 361 228 555 187 451 294 65 833 514 918 461 870 338 425
217 42 204 70 818 458 337 884 226 914 204 204 838 157 879 3 3 11 50 82
169 386 228 189 910 934 315 229 312 897 119 506 747 245 157 60 7 32 386 167
825 275 808 536 26 225 125 218 974 2 42 837 146 922 152 665 40 148 313 15
747 95 282 7 941 198 183 256 955 197 995 14 179 712 644 174 114 770 161 69
11 332 570 966 113 580 738 173 743 151 978 849 347 969 6 323 711 49 775 821
478 425 812 257 246 17 140 322 4 382 18 281 522 726 9 71 13 7 18 558
65 263 945 9 9 783 13 690 311 563 113 465 256 520 108 21 158 764 259 21
136 428 174 367 53 5 709 914 543 6 51 997 138 416 933 704 27 26 392 736
15 610 196 127 268 294 312 204 279 420 54 656 7 742 108 630 340 290 58 266
373 105 768 18 162 40 79 641 928 223 113 803 37 540 388 205 20 306 311 6
126 74 55 11 548 339 302 111 288 554 38 856 997 106 864 92 53 252 45 104
596 344 39 172 158 367 11 183 265 142 323 20 130 375 485 673 727 251 141 207
162 798 65 63 16 990 235 3 372 849 165 471 77 273 243 808 681 32 682 760
725 176 228 47 14 41 594 938 924 2 619 225 5 13 114 847 109 110 474 304
206 79 14 277 457 19 667 2 717 400 4 436 657 573 219 144 465 224 18 38
271 775 640 301 561 120 666 830 252 6 391 938 10 157 238 600 604 308 282 80
18 32 93 491 520 8 3 291 194 7 5 993 400 902 186 538 80 7 13 867
0 10658 4580 4152 12429 3040 12079 3756 22018 8185 2549 504 13338 352 7203 1087 754 256 8929 2781
696 5564 12975 720 16613 3545 190 4365 4867 5816 335 139 2147 2072 1795 1006 17605 7559 619 242
9267 10288 257 10460 6574 102 8597 4631 12079 5005 11354 7337 1682 9542 14939 24720 10230 17452 5799 4637
2937 872 5903 1628 24133 12130 9305 12028 4090 22904 2417 5896 22962 2948 21403 75 53 297 926 1183
2539 5570 3064 4050 11383 20266 5825 6803 9013 25437 3262 11382 22191 6094 4666 731 88 742 10002 2146
14911 7295 12056 8044 593 3438 3234 3683 20169 24 1243 15430 2461 19753 3082 8129 1057 3097 8255 392
18797 2427 7852 116 16240 5142 4468 5653 15091 5243 10679 230 5278 12265 18613 3792 2433 9555 1774 738
150 6384 14249 22546 1612 13323 8023 5124 16186 2772 29145 19651 5825 16248 100 7458 20781 1359 9036 10058
4813 10836 11568 5923 6655 386 1739 7594 86 5636 415 3271 6816 16578 99 2057 271 74 388 7023
1407 7804 17776 203 210 16617 242 8740 6429 13277 2480 8468 6595 14947 2127 502 4669 19596 3647 544
2388 10891 2118 10605 1198 65 14343 24740 6241 119 1008 17767 2996 10799 10730 12106 332 694 7964 17462
165 14324 3981 3387 7062 6800 8521 2504 4047 6125 846 12129 175 19040 2384 9991 4065 3316 1653 5481
4744 1575 12999 407 4767 694 2049 17521 27682 5519 1719 16799 425 12346 10385 2648 269 6106 6408 154
1584 1327 831 317 16368 6019 8454 1163 4624 14946 548 17359 28208 2556 16675 2470 1028 3855 1054 2919
16876 9919 697 3741 3317 8771 280 2270 7215 3624 4577 485 1741 10236 11560 10083 16256 3194 2293 6155
1662 18200 793 691 431 17590 5789 30 8097 16087 2493 12925 1701 4696 7052 12092 13013 504 17180 21233
15866 3071 5780 1072 396 1203 12166 14024 19460 37 9301 2751 128 281 2534 17546 2098 1888 12493 3347
2985 940 245 6574 7057 317 7052 51 11471 4513 67 5870 15107 10895 6319 1905 4768 4632 460 789
7959 11654 12291 3679 5775 2114 9084 21611 6745 88 8754 21144 250 1571 4437 13850 15644 5639 6317 1466
358 812 1162 7543 12431 148 43 2939 2818 132 51 17880 6780 16540 3141 6638 1670 158 231 15025
