20
0 971 621 279 62 33 366 181 807 334 343 986 390 56 889 609 600 226 87 271
24 821 595 57 231 454 608 69 935 190 26 702 153 75 262 945 327 4 29 93
325 471 717 787 795 47 115 89 162 277 235 616 54 573 526 23 633 250 929 436
120 853 2 233 916 901 364 126 264 997 449 75 34 729 325 56 383 65 546 455
25 98 754 92 623 581 73 349 203 34 239 694 480 303 91 473 682 827 23 410
367 19 274 779 450 763 72 4 2 555 633 229 524 96 1 1 584 383 10 359
531 91 410 923 5 507 229 956 188 778 735 20 30 701 708 339 6 616 31 288
46 366 490 438 588 424 708 263 3 44 195 793 329 892 4 721 263 363 596 365
455 215 1 101 767 263 463 1 133 23 381 882 742 8 480 109 36 39 356 100
68 560 335 6 626 835 711 690 210 28 588 36 264 180 267 651 202 665 131 176
124 9 790 489 673 214 363 50 160 184 1 487 243 336 565 281 5 671 60 16
372 237 75 292 965 56 186 323 628 374 153 33 191 228 395 275 170 354 13 368
153 104 356 125 29 949 833 110 498 412 324 38 183 683 711 176 338 56 904 149
322 675 811 334 100 465 536 29 175 24 23 345 414 605 58 350 2 42 128 200
64 305 110 804 145 35 873 613 289 26 20 784 346 651 685 604 236 500 69 822
53 956 438 439 331 136 131 205 232 14 77 646 72 977 177 855 718 580 129 9
55 582 592 140 97 649 271 405 355 930 826 452 84 5 76 3 11 2 765 519
212 26 174 468 134 714 542 354 613 64 444 30 38 302 325 240 146 213 478 798
403 665 1 846 16 360 385 138 91 11 12 525 925 94 573 165 173 255 523 340
357 395 11 116 748 34 488 3 831 714 41 83 695 23 506 589 112 827 7 560
0 16893 9714 4335 1854 554 10929 2995 10115 5750 8139 16539 4742 697 20963 6679 7245 2454 933 5453
433 15078 15408 1210 4575 11282 10103 1424 16639 3151 691 11708 2237 2165 6897 26794 5704 57 469 2334
9434 9247 10170 16445 9698 1324 1709 2139 2675 4048 4551 12660 1477 16562 7429 632 7980 5686 20160 6448
3147 9440 30 6266 12281 20612 7461 2834 3682 26325 7775 1813 844 12797 8902 1376 6150 1820 6692 8341
467 2865 8193 1643 9607 17245 1395 4027 4007 436 3512 18987 5204 4192 2173 11518 7652 22739 305 12291
9074 293 4832 9780 9996 18289 2003 72 23 14723 16239 5889 6779 2242 24 29 6206 10859 242 8275
15717 1140 6486 27081 70 10131 5414 24462 5426 8379 8221 485 533 12742 19446 5294 171 15792 689 6897
755 6519 6836 6420 6623 12190 8785 4868 78 897 4792 12736 5307 14149 78 20368 5162 9467 11810 10692
6737 2869 23 1832 18189 2676 12694 19 3041 324 11116 19883 18822 136 10653 3033 856 949 8913 2186
1895 6926 8039 134 7160 20620 18022 7477 3465 602 15088 451 3144 2237 7287 11737 6016 18958 3867 3830
1498 115 17912 11073 16214 2247 3921 1438 2924 4639 14 12041 4870 6202 9025 5267 108 14064 1342 442
6374 4474 787 6834 13781 570 5209 7208 10559 3955 2878 843 2344 4123 4396 7348 1705 6727 330 6649
3470 2534 9631 3717 543 20790 9909 3111 8745 5598 8123 889 2357 12255 17828 3279 7605 1053 17196 2622
9519 7913 24322 4294 2924 9055 12283 809 3203 529 266 5427 9783 12968 1168 10342 42 830 2870 4130
1288 6386 2742 19697 1776 474 15320 10505 4506 664 281 13181 4319 16725 7963 6221 5205 5454 1247 23826
1268 27757 8248 12209 5752 2310 3193 4778 2950 178 1068 15026 1680 21679 4787 12643 11513 16991 1462 247
699 9211 13333 2793 2703 14904 3341 7735 5254 13827 20891 13519 1213 143 1315 38 316 52 21635 9731
2535 726 2861 5237 3886 9571 13831 8192 9793 1901 10100 808 702 4061 3386 3753 3790 3222 10231 23435
4395 15368 26 11390 185 9469 4533 4094 2142 262 176 5553 22368 2325 10876 3489 1810 5947 10781 5548
10490 8892 196 2649 18525 892 12087 55 10813 8306 1154 1336 20314 609 11927 17620 2701 12490 188 6984
