91 71
62 84
92 27
77 21
20 84
63 43
80 3
93 85
58 25
49 22
64 61
73 15
4 77
71 57
95 82
23 79
50 95
29 76
81 85
52 30
94 25
11 81
48 38
41 51
2 24
86 90
13 91
85 15
0 98
65 19
75 14
97 23
66 98
44 10
33 74
57 13
7 78
9 59
92 32
38 21
25 26
76 95
39 60
91 87
92 4
52 11
47 36
68 80
1 16
74 51
68 83
83 19
96 45
89 89
81 40
53 59
60 82
29 87
23 46
50 90
78 55
42 62
94 22
34 54
63 67
53 12
29 75
99 58
20 99
49 83
76 49
88 5
8 68
75 3
22 42
56 8
89 18
37 79
77 96
98 16
2 40
8 19
69 37
55 48
33 17
66 31
8 49
55 1
2 87
45 27
63 7
77 35
56 20
92 95
78 28
70 2
18 1
61 14
38 74
14 37
