79
19 6 0 
5 6 1 
8 6 2 
9 6 3 
13 6 4 
19 6 5 
10 6 6 
10 6 6 
12 6 6 
3 5 0 
15 5 0 
18 5 6 
16 5 5 
3 5 4 
15 5 3 
2 5 2 
10 5 2 
4 4 0 
14 4 1 
13 4 2 
6 4 6 
1 4 5 
16 4 5 
12 4 4 
8 4 3 
14 4 3 
17 4 3 
1 3 0 
1 3 1 
13 3 1 
15 3 2 
17 3 2 
19 3 3 
18 3 4 
5 3 5 
9 3 5 
13 3 5 
15 2 6 
14 2 5 
6 2 4 
4 2 3 
7 2 3 
2 2 2 
11 2 2 
19 2 1 
14 2 0 
18 2 0 
19 2 0 
0 1 0 
17 1 0 
17 1 1 
0 1 6 
17 1 6 
12 1 5 
9 1 4 
6 1 3 
5 1 2 
11 1 2 
15 1 2 
13 0 0 
3 0 1 
18 0 1 
3 0 2 
9 0 2 
14 0 2 
1 0 3 
10 0 3 
13 0 3 
0 0 4 
9 0 4 
5 0 6 
7 0 6 
12 0 6 
6 0 5 
7 0 5 
12 0 5 
13 0 5 
13 0 5 
19 0 5 
