L L U L U L U L L U 
D D L D L D L D D L 
R R D R D R D R R D 
U U R U R U R U U R 
L L U L L L U L L U 
D D L D U D L D D L 
R R D R D R D R R D 
U U R U R U R U U R 
D L L U L D L U D D 
R R U R U R R L D U 
3
3
3
3
3
3
3
3
3
3
3
3
3
3
3
0
0
0
0
0
0
0
0
2
2
2
2
2
2
2
2
2
2
2
2
2
2
2
2
2
2
2
2
2
2
2
2
1
4
5
5
5
5
5
6
7
7
7
7
4
4
4
4
7
4
1
4
4
4
4
4
4
4
4
4
5
5
5
5
5
5
5
5
5
6
6
6
6
6
6
6
5
4
4
4
4
4
4
4
5
5
5
5
5
5
5
6
6
6
6
6
6
6
6
6
6
6
6
6
6
7
4
4
4
4
4
4
4
4
4
4
4
4
4
7
6
6
6
6
6
6
6
6
6
6
6
6
6
7
4
4
4
4
4
4
4
4
4
4
4
4
4
7
6
6
6
6
6
6
6
6
6
6
6
6
6
7
4
4
4
4
4
4
4
4
4
4
4
4
4
7
6
6
6
6
6
6
6
6
6
6
6
6
6
7
4
4
4
4
4
4
7
4
4
4
4
4
4
4
5
6
6
6
6
7
7
4
4
4
7
7
4
7
7
7
7
7
7
6
6
6
6
6
6
5
5
6
6
5
6
6
7
7
