20 8 1000 34380 166
0.12800 0.99783 0.52396
0.87608 0.99990 0.83445
0.43657 0.06610 0.56407
0.16896 0.79589 0.81241
0.14732 0.50532 0.88529
0.27748 0.17224 0.62454
0.85975 0.00944 0.29233
0.80077 0.61656 0.59956
0.41343 0.45514 0.62923
0.33554 0.44584 0.72024
0.54524 0.55096 0.67572
0.54833 0.50880 0.65273
0.56502 0.37341 0.59466
0.43911 0.52703 0.63546
0.49023 0.50315 0.58133
0.57436 0.42874 0.54347
0.39442 0.30103 0.64155
0.33911 0.68170 0.68051
0.63481 0.53549 0.60214
0.46076 0.63795 0.71402
0.25469 0.61684 0.75359
0.59162 0.36633 0.53059
0.33686 0.38192 0.71105
0.66595 0.69696 0.70560
0.51936 0.60276 0.68771
0.55355 0.24989 0.48994
0.27484 0.49434 0.73395
0.47184 0.44213 0.57232
0.27624 0.64097 0.69959
0.38303 0.40885 0.67995
0.43502 0.61048 0.60307
0.62655 0.41019 0.50797
0.52393 0.66812 0.69121
0.52991 0.63318 0.69244
0.48146 0.35665 0.61121
0.47951 0.45380 0.67613
0.62134 0.33762 0.49244
0.44424 0.58154 0.65273
0.57619 0.50048 0.64094
0.44408 0.54148 0.63377
0.47193 0.37584 0.57982
0.36669 0.66296 0.75639
0.65174 0.19808 0.43802
0.31437 0.53606 0.67653
0.40051 0.40266 0.63003
0.26338 0.54420 0.79010
0.42722 0.32163 0.59707
0.48182 0.55467 0.60192
0.48017 0.26442 0.57721
0.35729 0.64780 0.58067
0.44393 0.73314 0.74801
0.42741 0.38920 0.61673
0.53581 0.71804 0.68155
0.52068 0.41703 0.64727
0.48719 0.45076 0.60628
0.52222 0.46884 0.65819
0.62411 0.47191 0.62695
0.43553 0.55825 0.64483
0.42023 0.62153 0.77990
0.46724 0.49833 0.63985
0.30717 0.47257 0.72645
0.37629 0.39707 0.63553
0.47507 0.40495 0.58775
0.42733 0.51613 0.58723
0.42667 0.38915 0.62161
0.50612 0.57021 0.55499
0.57631 0.29659 0.55098
0.46424 0.29212 0.60172
0.48989 0.53370 0.64449
0.37704 0.48166 0.66499
0.73077 0.27030 0.47899
0.31575 0.53571 0.74391
0.25644 0.75330 0.57817
0.56550 0.35919 0.51883
0.47961 0.44223 0.58715
0.59650 0.50157 0.61126
0.46951 0.41316 0.61585
0.37251 0.53479 0.69698
0.34241 0.60071 0.65619
0.57755 0.41765 0.61402
0.45466 0.44222 0.65362
0.27756 0.65584 0.66097
0.36122 0.44432 0.64685
0.39932 0.37674 0.65856
0.38728 0.64000 0.60176
0.38645 0.48132 0.64973
0.67000 0.47361 0.58626
0.66203 0.52819 0.62050
0.33233 0.57118 0.64620
0.33012 0.43306 0.72378
0.31890 0.59566 0.60135
0.45057 0.31503 0.58265
0.46551 0.59361 0.67219
0.61522 0.56762 0.67850
0.40484 0.50545 0.66000
0.39199 0.52044 0.74322
0.54631 0.69389 0.71333
0.36854 0.40512 0.72893
0.41931 0.44554 0.65784
0.44544 0.57834 0.63391
0.64592 0.69927 0.71370
0.53784 0.52919 0.62493
0.37376 0.51395 0.65021
0.44598 0.32996 0.61888
0.40074 0.42173 0.71065
0.49721 0.49371 0.61169
0.43437 0.48656 0.67701
0.49744 0.63789 0.68573
0.19539 0.70207 0.72930
0.45703 0.46148 0.68450
0.49315 0.39937 0.56268
0.44073 0.52764 0.69939
0.47880 0.40632 0.56245
0.58089 0.62702 0.61761
0.42234 0.64631 0.64788
0.34429 0.37941 0.67347
0.43475 0.33300 0.62032
0.47631 0.56081 0.67284
0.53182 0.30055 0.56905
0.53208 0.70356 0.71030
0.50002 0.52255 0.65413
0.33879 0.57106 0.67066
0.31481 0.64984 0.68083
0.71677 0.29403 0.50096
0.59201 0.66648 0.61939
0.45221 0.54148 0.66006
0.38389 0.34780 0.67760
0.29242 0.55797 0.76910
0.53122 0.41251 0.64224
0.33510 0.56049 0.63377
0.44330 0.53455 0.67069
0.28685 0.65340 0.63073
0.46472 0.79767 0.72124
0.68830 0.52003 0.56293
0.66500 0.37795 0.54832
0.50185 0.45868 0.61003
0.42019 0.54434 0.65798
0.49598 0.55956 0.65810
0.48390 0.57918 0.61136
0.52378 0.23435 0.52720
0.52354 0.50410 0.59610
0.43277 0.35869 0.60925
0.52514 0.54887 0.62861
0.54711 0.37965 0.64026
0.39038 0.53454 0.66313
0.39706 0.49214 0.64886
0.52396 0.54867 0.52262
0.58289 0.52731 0.60323
0.47264 0.22927 0.56116
0.58966 0.46159 0.54114
0.59389 0.64167 0.62199
0.61786 0.56977 0.67277
0.47987 0.60230 0.68477
0.46306 0.63680 0.68130
0.38733 0.51559 0.66355
0.40076 0.32198 0.59934
0.36527 0.52582 0.75973
0.49385 0.44588 0.60998
0.37159 0.40834 0.60134
0.30738 0.48976 0.76975
0.54581 0.30629 0.51060
0.59046 0.61338 0.63387
0.37365 0.57641 0.60042
0.36105 0.25798 0.62966
0.29239 0.48294 0.69306
0.32386 0.62568 0.59653
0.44727 0.25962 0.61050
0.47793 0.48736 0.57153
0.53735 0.40729 0.59761
0.40440 0.53264 0.70747
0.48716 0.59286 0.68634
0.41472 0.65783 0.65015
0.50996 0.29959 0.60105
0.36515 0.56656 0.64234
0.41882 0.34335 0.61778
0.43273 0.51782 0.65701
0.40498 0.30345 0.57158
0.41017 0.43688 0.64822
0.48689 0.55194 0.67611
0.57236 0.46820 0.63366
0.45385 0.66777 0.65751
0.40621 0.59681 0.72879
0.32138 0.55968 0.59765
0.56852 0.52449 0.55263
0.39686 0.54662 0.64329
0.57396 0.37905 0.58998
0.50001 0.66219 0.67750
0.33373 0.60398 0.61352
0.39593 0.46907 0.66082
0.37233 0.41172 0.67340
0.44183 0.65207 0.59755
0.37561 0.50016 0.55897
0.62834 0.57143 0.66950
0.31651 0.59015 0.71949
0.50382 0.46726 0.61074
0.58862 0.47169 0.61893
0.45676 0.54022 0.67650
0.59942 0.41782 0.56408
0.29172 0.45118 0.69761
0.68563 0.39931 0.56810
0.50686 0.57015 0.66434
0.34906 0.38893 0.63290
0.27836 0.63625 0.64449
0.43072 0.68929 0.66986
0.21267 0.75664 0.76353
0.34655 0.39686 0.71841
0.58525 0.53274 0.58585
0.45632 0.34967 0.52039
0.39730 0.47426 0.58386
0.45804 0.46443 0.64351
0.40903 0.48222 0.60868
0.36108 0.59523 0.59401
0.32661 0.55178 0.62546
0.50773 0.43357 0.57071
0.42344 0.51856 0.63823
0.58453 0.64611 0.67468
0.42705 0.60516 0.65535
0.50205 0.38288 0.60636
0.56036 0.35311 0.57969
0.50510 0.67564 0.62888
0.42944 0.39516 0.64488
0.38784 0.51170 0.58681
0.32799 0.27047 0.64524
0.48800 0.65067 0.61323
0.32584 0.62252 0.66024
0.60003 0.64632 0.72684
0.59398 0.64449 0.60912
0.35347 0.55152 0.62661
0.40561 0.61035 0.72561
0.50299 0.59740 0.64553
0.53247 0.66548 0.71589
0.59953 0.68785 0.71256
0.37732 0.43190 0.66681
0.49096 0.44732 0.65071
0.40832 0.47969 0.58725
0.45566 0.52998 0.67739
0.19421 0.63779 0.73972
0.36519 0.52848 0.63816
0.34592 0.56311 0.57714
0.40969 0.30007 0.60956
0.61431 0.44491 0.57281
0.68586 0.51692 0.57050
0.46524 0.77733 0.72018
0.35314 0.43135 0.65266
0.41766 0.54753 0.67668
0.53607 0.42727 0.56292
0.29818 0.55885 0.68179
0.43199 0.46270 0.69135
0.44475 0.49816 0.71600
0.31454 0.58765 0.70915
0.54858 0.33106 0.55597
0.50570 0.38180 0.61953
0.33959 0.40345 0.66801
0.53741 0.44167 0.61075
0.56081 0.44996 0.53781
0.46747 0.51472 0.68379
0.42709 0.48500 0.65678
0.60440 0.23531 0.48026
0.69930 0.46924 0.55824
0.31757 0.64125 0.59219
0.61469 0.54852 0.65266
0.46094 0.46278 0.61819
0.57227 0.46129 0.60193
0.47097 0.62151 0.66163
0.39088 0.49808 0.66356
0.40107 0.51045 0.70085
0.41558 0.58301 0.71470
0.35762 0.65889 0.66384
0.68319 0.48384 0.59977
0.51166 0.27789 0.60739
0.49618 0.35613 0.60371
0.35131 0.54019 0.70289
0.43421 0.46705 0.65216
0.48345 0.76312 0.62274
0.42242 0.41171 0.58210
0.42633 0.64407 0.65366
0.37083 0.61571 0.69254
0.36857 0.50679 0.67971
0.41818 0.41976 0.59705
0.56416 0.64239 0.64955
0.57640 0.61187 0.68482
0.59081 0.72295 0.74827
0.36589 0.41879 0.65463
0.39007 0.46777 0.71266
0.46865 0.71408 0.68612
0.45557 0.38715 0.62023
0.37515 0.43804 0.63623
0.50215 0.64403 0.61939
0.32572 0.47591 0.65132
0.55167 0.51418 0.63923
0.50356 0.41251 0.61150
0.56069 0.50324 0.51400
0.51813 0.45746 0.58764
0.38001 0.34491 0.60211
0.54682 0.79490 0.69561
0.39434 0.59972 0.68715
0.39943 0.45182 0.58795
0.57161 0.67008 0.67925
0.47633 0.43287 0.62709
0.60224 0.55845 0.63320
0.49890 0.47864 0.51455
0.44682 0.72782 0.62066
0.68666 0.68016 0.66649
0.42775 0.75784 0.70611
0.63019 0.60448 0.68888
0.38863 0.37402 0.53573
0.40126 0.56083 0.66201
0.60682 0.41940 0.55206
0.41834 0.66660 0.71611
0.35612 0.61258 0.70260
0.62370 0.55497 0.66135
0.32804 0.47486 0.75013
0.59873 0.51924 0.64160
0.45410 0.58058 0.66636
0.39396 0.40343 0.69758
0.57693 0.49739 0.59116
0.45233 0.55954 0.65202
0.61786 0.28370 0.54393
0.39334 0.41575 0.58844
0.50117 0.60325 0.69112
0.43074 0.39494 0.59566
0.61714 0.49552 0.62521
0.34618 0.56997 0.70294
0.36305 0.58443 0.63254
0.45777 0.41344 0.59929
0.45827 0.30686 0.62831
0.31806 0.57290 0.61080
0.41693 0.40801 0.63127
0.38656 0.51923 0.67259
0.53020 0.54667 0.59014
0.34408 0.59942 0.66852
0.47262 0.55188 0.65935
0.47110 0.62925 0.67103
0.55173 0.67872 0.68246
0.45208 0.44455 0.58343
0.48814 0.56822 0.72032
0.55311 0.41713 0.60260
0.66244 0.46537 0.60734
0.40670 0.68075 0.78728
0.43326 0.59510 0.64820
0.47645 0.44214 0.66154
0.37201 0.46723 0.70628
0.42585 0.54841 0.71698
0.57030 0.52146 0.65615
0.36169 0.24678 0.63114
0.38725 0.62519 0.57984
0.48694 0.50591 0.67559
0.55794 0.70261 0.73909
0.42868 0.61187 0.74470
0.33654 0.68432 0.60583
0.25819 0.41475 0.73653
0.29643 0.48688 0.71045
0.28312 0.64631 0.61130
0.51971 0.35432 0.60462
0.42511 0.46639 0.66000
0.45288 0.52181 0.68434
0.49788 0.54902 0.63243
0.55433 0.43118 0.59220
0.30352 0.58623 0.73336
0.50692 0.65653 0.65082
0.45752 0.43112 0.59588
0.38293 0.79813 0.70750
0.30378 0.57798 0.68339
0.32572 0.61982 0.64553
0.48998 0.42492 0.62309
0.42885 0.24666 0.60570
0.36822 0.46187 0.66693
0.42784 0.60708 0.69234
0.61366 0.37843 0.56099
0.38029 0.43256 0.67290
0.71780 0.63358 0.60034
0.56843 0.39851 0.58781
0.38282 0.64172 0.58898
0.42315 0.41181 0.63717
0.34782 0.75279 0.63608
0.41719 0.49939 0.63168
0.48594 0.40987 0.56873
0.37415 0.46373 0.69282
0.42869 0.48650 0.66175
0.51092 0.50518 0.58567
0.41961 0.37873 0.59036
0.50862 0.39523 0.52719
0.59294 0.65806 0.64813
0.46141 0.53949 0.58143
0.54259 0.70402 0.73051
0.42981 0.60970 0.57166
0.32277 0.40136 0.66755
0.51640 0.53429 0.60000
0.45288 0.61172 0.71376
0.49477 0.47148 0.66710
0.46662 0.50077 0.61991
0.35778 0.53666 0.67209
0.34604 0.57620 0.67389
0.32324 0.46205 0.62604
0.64315 0.52171 0.63213
0.47050 0.66722 0.66516
0.50117 0.59487 0.71555
0.46925 0.39806 0.61243
0.68511 0.67140 0.69314
0.56421 0.73452 0.71841
0.44528 0.55370 0.65148
0.25244 0.65444 0.77275
0.38538 0.60731 0.65450
0.51531 0.59377 0.53686
0.37420 0.48908 0.62167
0.56547 0.68954 0.64689
0.53867 0.24350 0.53255
0.53436 0.30507 0.57318
0.41224 0.35973 0.62993
0.53778 0.46890 0.65079
0.38865 0.34042 0.66212
0.57875 0.55627 0.61737
0.41302 0.52084 0.68279
0.46886 0.63049 0.68698
0.55320 0.41272 0.55091
0.56648 0.31984 0.59975
0.54317 0.38851 0.60738
0.36204 0.63155 0.64011
0.67642 0.45065 0.55166
0.55354 0.22876 0.51948
0.48836 0.37215 0.63722
0.38165 0.61596 0.74171
0.33738 0.36476 0.64368
0.53687 0.65130 0.65811
0.51902 0.41673 0.47424
0.57742 0.57588 0.66385
0.39168 0.46232 0.63273
0.41070 0.33609 0.61873
0.25422 0.55937 0.63826
0.40548 0.55776 0.63401
0.40053 0.54130 0.65364
0.30201 0.58513 0.56454
0.38386 0.69588 0.68410
0.41017 0.54534 0.66361
0.40107 0.58390 0.66141
0.49951 0.45301 0.57273
0.63300 0.64084 0.67370
0.61327 0.46692 0.62764
0.32331 0.56981 0.65141
0.37727 0.46784 0.71139
0.56285 0.32333 0.57185
0.36324 0.44958 0.70018
0.48685 0.47028 0.59955
0.60091 0.58860 0.65030
0.31181 0.63819 0.75621
0.30757 0.42214 0.65569
0.54764 0.34104 0.59050
0.58521 0.52108 0.57927
0.56314 0.49127 0.58019
0.30710 0.49054 0.67823
0.56824 0.54788 0.61574
0.33751 0.54022 0.69873
0.33225 0.53185 0.67738
0.38310 0.52796 0.65736
0.56732 0.55408 0.59334
0.24335 0.75540 0.59832
0.26251 0.64748 0.65644
0.58279 0.67070 0.71459
0.51232 0.51680 0.60247
0.40999 0.42883 0.66505
0.49575 0.56332 0.70228
0.35403 0.50237 0.69010
0.24263 0.69254 0.68969
0.33998 0.42774 0.63639
0.52273 0.60672 0.71992
0.39978 0.49013 0.67864
0.47096 0.42454 0.65277
0.45248 0.57179 0.61672
0.48631 0.71021 0.74785
0.33478 0.49612 0.69770
0.41978 0.50352 0.65084
0.55002 0.61776 0.62642
0.45890 0.29829 0.58220
0.39790 0.53572 0.70466
0.37391 0.44164 0.71538
0.49464 0.41524 0.60700
0.42047 0.73782 0.59100
0.41378 0.39508 0.67720
0.46688 0.58666 0.66076
0.58812 0.44991 0.55584
0.33753 0.56040 0.72081
0.38102 0.47744 0.66591
0.52340 0.53025 0.56040
0.55726 0.65304 0.67990
0.57005 0.23332 0.52504
0.57814 0.46594 0.59714
0.36101 0.33344 0.63249
0.47021 0.53947 0.59369
0.40706 0.78938 0.57539
0.35756 0.46874 0.67506
0.33069 0.62476 0.77019
0.41944 0.57666 0.65358
0.29765 0.57766 0.67043
0.48155 0.40519 0.60653
0.29664 0.56668 0.72837
0.38335 0.65231 0.75754
0.50530 0.62492 0.66036
0.56434 0.50462 0.64532
0.44129 0.43377 0.61699
0.44818 0.44261 0.63140
0.46354 0.56746 0.70047
0.39453 0.44715 0.60030
0.47889 0.60253 0.66558
0.52995 0.57731 0.62747
0.35550 0.62018 0.63501
0.63331 0.42203 0.53917
0.54979 0.39127 0.61815
0.59044 0.33160 0.55283
0.24213 0.64179 0.61635
0.52158 0.57894 0.59599
0.51185 0.36741 0.59476
0.69220 0.50700 0.61251
0.43914 0.48500 0.51648
0.36381 0.42806 0.73753
0.59619 0.26873 0.50588
0.50517 0.69729 0.76663
0.66090 0.84770 0.73345
0.32162 0.47171 0.67189
0.51519 0.62523 0.70645
0.46996 0.52737 0.63988
0.36074 0.70438 0.56911
0.44639 0.77958 0.63855
0.48590 0.53630 0.69180
0.44039 0.58090 0.76836
0.37532 0.42765 0.65809
0.50986 0.52565 0.69363
0.43182 0.39865 0.59898
0.58159 0.62649 0.61848
0.61446 0.65786 0.73619
0.37545 0.38413 0.62763
0.70074 0.54442 0.61214
0.49381 0.50670 0.68682
0.51348 0.54475 0.72153
0.62514 0.47544 0.57766
0.33776 0.51108 0.73883
0.40441 0.35260 0.62908
0.43197 0.58821 0.75926
0.36713 0.37251 0.60903
0.46391 0.68988 0.68645
0.46618 0.69539 0.62719
0.34564 0.61576 0.61367
0.63268 0.67935 0.68981
0.39378 0.74113 0.63399
0.38492 0.38523 0.60838
0.61380 0.55357 0.68720
0.49069 0.49126 0.65601
0.70973 0.26956 0.44312
0.40402 0.57751 0.67170
0.25364 0.66700 0.74030
0.48655 0.55422 0.69571
0.44246 0.32015 0.60996
0.56056 0.69850 0.63682
0.48934 0.52587 0.63146
0.36364 0.34083 0.65088
0.33744 0.31569 0.63234
0.57003 0.45575 0.54408
0.37368 0.30843 0.61557
0.28452 0.55689 0.69439
0.71100 0.73301 0.72076
0.46961 0.55296 0.57426
0.47265 0.61771 0.64036
0.38916 0.43925 0.64846
0.48880 0.67612 0.73121
0.50549 0.39109 0.55159
0.43700 0.43335 0.63154
0.45431 0.54450 0.67675
0.26678 0.66260 0.79040
0.39808 0.61874 0.60669
0.50983 0.51137 0.62734
0.35734 0.53240 0.69758
0.49954 0.71500 0.62714
0.31442 0.61505 0.69887
0.41232 0.66677 0.71171
0.47318 0.49326 0.54630
0.34786 0.75396 0.58896
0.38101 0.49288 0.64735
0.37224 0.67665 0.60160
0.49194 0.53863 0.69299
0.42383 0.69979 0.69304
0.53121 0.80346 0.76599
0.44490 0.55845 0.67020
0.41565 0.54099 0.68183
0.49759 0.26403 0.57801
0.63828 0.64553 0.71398
0.50402 0.52119 0.56072
0.35111 0.32628 0.61099
0.56329 0.45973 0.56515
0.41207 0.47525 0.68223
0.49972 0.35698 0.61275
0.37947 0.58929 0.77153
0.33875 0.55959 0.63985
0.38422 0.55453 0.56306
0.65193 0.39454 0.51964
0.39418 0.54578 0.73715
0.47169 0.53341 0.56041
0.58881 0.60314 0.57737
0.63599 0.53580 0.61858
0.51579 0.57934 0.69339
0.35679 0.41371 0.67802
0.42876 0.29017 0.60522
0.53894 0.34673 0.52396
0.43433 0.57275 0.66734
0.37770 0.35872 0.64507
0.49144 0.53149 0.68966
0.47094 0.50074 0.60492
0.48599 0.41851 0.64673
0.51344 0.28789 0.59879
0.32771 0.54922 0.61324
0.50623 0.47910 0.57592
0.47882 0.61179 0.57760
0.47911 0.49133 0.66881
0.49192 0.67439 0.71488
0.34602 0.71367 0.72808
0.53169 0.38777 0.61338
0.33578 0.46204 0.58320
0.30365 0.68799 0.66926
0.40930 0.60068 0.72552
0.47319 0.33115 0.60642
0.61427 0.33607 0.54900
0.41141 0.43872 0.63307
0.48788 0.49191 0.60235
0.41869 0.48701 0.62683
0.40112 0.33111 0.57399
0.52520 0.66071 0.72875
0.34183 0.59080 0.64653
0.34237 0.64082 0.66842
0.45691 0.54794 0.55566
0.40251 0.47954 0.67547
0.48783 0.46572 0.66017
0.37959 0.50875 0.71468
0.39115 0.47025 0.70671
0.72795 0.78840 0.72553
0.45482 0.58016 0.60014
0.43971 0.39888 0.61184
0.51701 0.64564 0.69396
0.81174 0.30748 0.47341
0.42839 0.48134 0.61384
0.51628 0.44450 0.58958
0.58529 0.52530 0.61151
0.43885 0.55596 0.63787
0.49903 0.64521 0.64899
0.52073 0.57443 0.69732
0.31351 0.56041 0.66356
0.51015 0.66250 0.63672
0.40510 0.40967 0.63367
0.40307 0.58086 0.74192
0.41141 0.70041 0.57574
0.41512 0.25218 0.61344
0.59619 0.60509 0.60943
0.25319 0.43195 0.69480
0.54778 0.33315 0.57646
0.35567 0.71830 0.67337
0.45794 0.41784 0.59903
0.38968 0.49379 0.63854
0.42726 0.53329 0.67360
0.37980 0.55241 0.59130
0.54178 0.66072 0.72366
0.53614 0.73026 0.71545
0.28686 0.47376 0.74308
0.43793 0.39991 0.66049
0.29795 0.59717 0.68595
0.33244 0.55729 0.70665
0.69987 0.19911 0.44674
0.37843 0.73348 0.73307
0.37983 0.67526 0.51555
0.63280 0.56518 0.64041
0.49207 0.41466 0.62075
0.41876 0.44814 0.63931
0.37535 0.42745 0.65821
0.42806 0.29259 0.60140
0.52010 0.69948 0.66899
0.40098 0.55085 0.66531
0.56638 0.69254 0.63715
0.46652 0.47122 0.64103
0.40746 0.53769 0.71092
0.47748 0.44140 0.61855
0.44205 0.49616 0.64944
0.45535 0.42469 0.68467
0.53922 0.53214 0.59358
0.52485 0.62300 0.63044
0.44654 0.72169 0.66929
0.50763 0.60785 0.63275
0.40930 0.36532 0.66037
0.54180 0.62145 0.70693
0.51056 0.42155 0.54855
0.38755 0.43551 0.65747
0.42701 0.56706 0.70594
0.42210 0.63929 0.69565
0.61827 0.33036 0.52326
0.42038 0.59474 0.62939
0.41658 0.34756 0.64833
0.36237 0.48590 0.65085
0.62453 0.29083 0.51925
0.47431 0.36614 0.59824
0.41263 0.59042 0.75324
0.58217 0.29390 0.52926
0.44997 0.36380 0.64464
0.38039 0.60742 0.58765
0.45562 0.37110 0.64611
0.49694 0.53214 0.53483
0.61557 0.61638 0.70046
0.29459 0.67179 0.70196
0.26761 0.60453 0.72661
0.34520 0.51135 0.66556
0.36260 0.46665 0.69043
0.46531 0.23708 0.58668
0.38382 0.34660 0.63130
0.38760 0.59323 0.65065
0.46186 0.41884 0.64892
0.33088 0.39946 0.62835
0.60575 0.51233 0.67670
0.49599 0.53005 0.68067
0.34061 0.52416 0.68426
0.48114 0.75435 0.73435
0.58982 0.48754 0.63959
0.29188 0.40490 0.72869
0.32070 0.46781 0.72172
0.42132 0.55262 0.60545
0.32061 0.42366 0.69267
0.48038 0.47858 0.67784
0.51143 0.74784 0.65317
0.59588 0.52003 0.62464
0.42065 0.53912 0.68941
0.50370 0.24279 0.58438
0.59023 0.34637 0.57527
0.49058 0.64235 0.61514
0.42914 0.72673 0.64147
0.58951 0.45128 0.60570
0.48134 0.42304 0.61235
0.36261 0.45930 0.71032
0.33757 0.69400 0.66825
0.50225 0.61381 0.62869
0.35831 0.56193 0.67826
0.53802 0.77050 0.71019
0.46302 0.41960 0.65987
0.47667 0.43949 0.60638
0.47379 0.55675 0.69882
0.32979 0.57985 0.71427
0.42207 0.44899 0.65317
0.39862 0.70925 0.68055
0.32761 0.61691 0.69598
0.51350 0.41611 0.64253
0.28132 0.62855 0.65854
0.34261 0.65599 0.62921
0.41880 0.56287 0.67039
0.49369 0.34022 0.53406
0.37686 0.41971 0.59277
0.32114 0.45753 0.69885
0.40640 0.48578 0.65670
0.52092 0.56317 0.66705
0.30934 0.74065 0.65720
0.35168 0.56937 0.62955
0.46933 0.39046 0.60541
0.31158 0.51413 0.65080
0.46218 0.36353 0.64676
0.49338 0.48950 0.65802
0.39865 0.75431 0.64112
0.49369 0.35791 0.56770
0.40823 0.28396 0.58068
0.57117 0.56277 0.59290
0.51076 0.51789 0.59910
0.58364 0.49702 0.62720
0.50309 0.59326 0.62891
0.30767 0.70770 0.55505
0.46798 0.39048 0.57238
0.61093 0.61750 0.62299
0.37125 0.64437 0.66339
0.40022 0.34303 0.65246
0.35803 0.52464 0.60898
0.52472 0.48847 0.64988
0.41313 0.56015 0.66382
0.31705 0.52136 0.58317
0.59818 0.46583 0.55682
0.36220 0.37687 0.65086
0.29639 0.65440 0.64694
0.44039 0.38903 0.53045
0.43672 0.60235 0.57693
0.43020 0.41173 0.62546
0.25883 0.59736 0.65908
0.60369 0.54212 0.60641
0.58486 0.60966 0.58832
0.55861 0.90496 0.70458
0.33799 0.39878 0.64275
0.44230 0.51619 0.67914
0.47671 0.62710 0.67554
0.37003 0.70171 0.70089
0.48202 0.65668 0.67716
0.47543 0.38462 0.62078
0.51252 0.35575 0.59969
0.65350 0.16804 0.47387
0.38722 0.42068 0.64709
0.47407 0.59871 0.65971
0.34626 0.67204 0.66714
0.36371 0.50456 0.59679
0.44427 0.47498 0.62418
0.56993 0.34743 0.46672
0.41118 0.58264 0.66836
0.41767 0.64463 0.59675
0.50810 0.63991 0.65383
0.46696 0.57394 0.66006
0.38476 0.55620 0.65994
0.57392 0.27694 0.54669
0.27997 0.58043 0.75916
0.52795 0.45563 0.62129
0.53601 0.39096 0.59329
0.36002 0.69575 0.62824
0.39832 0.41726 0.62938
0.38579 0.75251 0.62039
0.43837 0.43965 0.53907
0.51106 0.62897 0.70869
0.40134 0.57535 0.61609
0.50261 0.41589 0.56518
0.58452 0.50597 0.63106
0.44669 0.68494 0.72355
0.36339 0.72299 0.63767
0.35178 0.74256 0.60361
0.54253 0.47785 0.54738
0.40308 0.51464 0.63678
0.35393 0.31472 0.63297
0.35062 0.47155 0.70266
0.32921 0.63177 0.64355
0.53908 0.25762 0.50743
0.38581 0.47106 0.64833
0.57752 0.28713 0.55400
0.38085 0.45315 0.70460
0.32339 0.59115 0.65338
0.40832 0.31563 0.65209
0.37531 0.74065 0.61985
0.34502 0.57263 0.70305
0.37632 0.68327 0.72652
0.56648 0.50469 0.66551
0.58222 0.48706 0.59787
0.60779 0.18877 0.49387
0.44685 0.53985 0.68581
0.37858 0.64714 0.62620
0.32945 0.53371 0.64433
0.49177 0.52429 0.71793
0.41660 0.67968 0.65867
0.44818 0.37463 0.58335
0.39540 0.43717 0.59396
0.37198 0.68151 0.78124
0.49710 0.50288 0.63366
0.35276 0.51728 0.65684
0.45903 0.50433 0.67717
0.50505 0.34288 0.57745
0.31760 0.59582 0.75651
0.47690 0.34759 0.63466
0.44805 0.70120 0.62182
0.39287 0.76679 0.78110
0.36870 0.49483 0.63447
0.55498 0.54364 0.62320
0.59486 0.52008 0.65542
0.70899 0.41871 0.55211
0.48937 0.49583 0.64911
0.42925 0.54565 0.61561
0.46467 0.43133 0.62540
0.63647 0.28664 0.55503
0.48317 0.55780 0.59320
0.47782 0.55372 0.69072
0.33608 0.66254 0.74338
0.40282 0.35264 0.68285
0.44676 0.39122 0.65080
0.43594 0.73024 0.65637
0.41008 0.57111 0.64690
0.59869 0.34031 0.56817
0.55593 0.39703 0.57255
0.47024 0.37829 0.58099
0.32106 0.46605 0.71046
0.47299 0.35748 0.56411
0.40025 0.55309 0.67421
0.45173 0.27796 0.55393
0.46315 0.36078 0.60848
0.64249 0.54072 0.58907
0.57026 0.73833 0.70278
0.45291 0.44143 0.68714
0.48798 0.43795 0.68566
0.63489 0.74736 0.74170
0.36343 0.59903 0.65058
0.55862 0.65915 0.73346
0.40208 0.33472 0.60052
0.47261 0.62061 0.63663
0.29358 0.48975 0.69734
0.37789 0.57993 0.73284
0.49098 0.33833 0.55958
0.37440 0.55367 0.68034
0.40233 0.67076 0.67976
0.40228 0.71504 0.65271
0.21428 0.54662 0.77575
0.57717 0.58595 0.64097
0.31926 0.38764 0.66721
0.56875 0.47685 0.67671
0.27123 0.70838 0.73383
0.52216 0.42280 0.56398
0.53058 0.52918 0.60097
0.21445 0.69239 0.70046
0.33767 0.47725 0.67580
0.47605 0.70401 0.60195
0.35714 0.70249 0.54219
0.44200 0.48083 0.69604
0.61991 0.46853 0.60381
0.41214 0.42282 0.62631
0.44734 0.16856 0.59005
0.42647 0.56089 0.59777
0.26593 0.64191 0.62109
0.53008 0.44607 0.65159
0.69702 0.25974 0.48793
0.59436 0.36142 0.48661
0.43379 0.32934 0.57206
0.50855 0.45690 0.60623
0.43841 0.53926 0.71840
0.43938 0.33684 0.61298
0.36698 0.68534 0.62350
0.58635 0.23835 0.43939
0.47615 0.26479 0.58025
0.61042 0.57538 0.62867
0.46033 0.40668 0.63686
0.57021 0.55202 0.65567
0.66924 0.53087 0.61906
0.35384 0.42991 0.62279
0.59128 0.50215 0.56288
0.50970 0.50905 0.66419
0.48913 0.52726 0.66567
0.53761 0.64723 0.69216
0.58847 0.41117 0.61496
0.29495 0.45400 0.65179
0.46436 0.36435 0.64484
0.58785 0.38042 0.58831
0.52911 0.29612 0.55228
0.57547 0.45022 0.58215
0.36771 0.46115 0.75986
0.58787 0.25125 0.53183
0.47546 0.52553 0.70119
0.29458 0.44856 0.71157
0.52062 0.30780 0.60273
0.25413 0.80178 0.67373
0.58904 0.60766 0.63051
0.61064 0.43432 0.55993
0.42862 0.47971 0.71805
0.40656 0.30906 0.58374
0.46140 0.67746 0.66991
0.57500 0.51604 0.59964
0.50725 0.60251 0.56056
0.64731 0.21846 0.45834
0.39736 0.63373 0.74076
0.63655 0.57270 0.63121
0.49547 0.31729 0.56737
0.53763 0.37016 0.57695
0.52061 0.40515 0.55680
0.32838 0.64519 0.64781
0.47436 0.53523 0.62179
0.43263 0.39778 0.58310
0.45087 0.50771 0.65104
0.41315 0.52293 0.66000
0.55228 0.51997 0.65307
0.55400 0.39682 0.60269
0.50872 0.61004 0.72715
0.58236 0.45263 0.60130
0.39152 0.51691 0.67231
0.41410 0.34154 0.62491
0.36659 0.46806 0.71105
0.54567 0.52255 0.57961
0.44818 0.58725 0.71964
0.32658 0.52139 0.65153
0.39612 0.51849 0.70276
0.35199 0.43471 0.67975
0.46483 0.37137 0.60874
0.42026 0.35158 0.63778
0.47116 0.68068 0.64217
0.46244 0.79029 0.73211
0.50053 0.54522 0.68212
0.42688 0.52642 0.69658
0.23231 0.57011 0.65927
0.49134 0.30379 0.55093
0.51624 0.51592 0.60857
0.36686 0.48584 0.71016
0.45979 0.45956 0.60781
0.50036 0.49964 0.61517
0.46702 0.63539 0.62417
0.49282 0.51095 0.70334
0.34640 0.57951 0.57681
0.42110 0.45876 0.62035
0.31715 0.48074 0.70173
0.35781 0.50320 0.63689
0.44288 0.49929 0.71693
0.63679 0.43443 0.61412
0.48838 0.70860 0.62911
0.45617 0.45428 0.58267
0.64348 0.37241 0.54905
0.40358 0.29396 0.59007
0.38842 0.57602 0.71089
0.41593 0.48368 0.58990
0.35350 0.44433 0.64091
0.61863 0.45598 0.58054
0.41519 0.79396 0.61907
0.37128 0.39099 0.66673
0.49729 0.37031 0.57198
0.50148 0.42682 0.63805
0.50369 0.57380 0.66285
0.59289 0.66500 0.64125
0.48043 0.46578 0.66175
0.42519 0.19400 0.58451
0.69385 0.46390 0.56089
0.59800 0.64423 0.67354
0.33335 0.60190 0.64937
0.47832 0.46366 0.57665
0.43889 0.27566 0.58353
0.36773 0.65889 0.71490
0.36060 0.40001 0.62545
