20 15 1000 14353 27
0.56320 0.39270 0.64553
0.49621 0.90166 0.19779
0.65675 0.71909 0.56118
0.86429 0.92316 0.76459
0.95316 0.53149 0.93561
0.92047 0.35894 0.56946
0.77042 0.38133 0.58554
0.78139 0.47825 0.55441
0.52501 0.62225 0.90628
0.50926 0.66281 0.18558
0.92435 0.32959 0.33925
0.05045 0.29679 0.86584
0.86536 0.10447 0.36735
0.42715 0.52712 0.55401
0.69356 0.49869 0.98204
0.67476 0.57691 0.50431
0.72839 0.61617 0.64246
0.69718 0.55929 0.55136
0.67026 0.51232 0.68397
0.59605 0.50342 0.58052
0.71693 0.44830 0.50784
0.63470 0.47634 0.60437
0.66707 0.59565 0.57720
0.69746 0.48829 0.60370
0.76846 0.44115 0.59235
0.70428 0.59534 0.57123
0.63637 0.51134 0.59727
0.59338 0.59557 0.52281
0.64743 0.47100 0.63675
0.65486 0.42372 0.60480
0.65138 0.52362 0.55887
0.58807 0.52974 0.50714
0.74438 0.46490 0.55191
0.58850 0.54951 0.54896
0.73121 0.51897 0.58462
0.57044 0.46106 0.65750
0.71710 0.48869 0.58246
0.69708 0.41931 0.57741
0.71077 0.47430 0.59960
0.58363 0.55986 0.62728
0.64009 0.45965 0.57845
0.67810 0.40731 0.63386
0.63176 0.59942 0.60421
0.73920 0.49837 0.65183
0.69723 0.46383 0.60751
0.64391 0.52473 0.55168
0.62301 0.58604 0.49047
0.72044 0.56924 0.58226
0.74530 0.49396 0.59259
0.74722 0.51812 0.58669
0.64027 0.45931 0.60679
0.68841 0.51382 0.55273
0.60591 0.52725 0.63247
0.70646 0.55980 0.73691
0.71480 0.50738 0.63411
0.78266 0.50712 0.59741
0.75584 0.58354 0.58785
0.63268 0.46819 0.57009
0.66986 0.50724 0.64087
0.64607 0.52958 0.49954
0.60323 0.46125 0.64229
0.64321 0.41688 0.63615
0.69782 0.55185 0.59043
0.71158 0.54947 0.70985
0.55057 0.41799 0.66431
0.66279 0.50830 0.67797
0.62915 0.49070 0.62871
0.71388 0.52950 0.65920
0.62767 0.61669 0.46945
0.65086 0.55342 0.62510
0.62878 0.51708 0.55872
0.73547 0.53795 0.58702
0.70635 0.46075 0.58585
0.66228 0.47415 0.47530
0.66377 0.51357 0.59503
0.70439 0.51566 0.67192
0.76720 0.55777 0.62388
0.61570 0.55844 0.67401
0.76830 0.49419 0.56621
0.66862 0.53157 0.54930
0.64059 0.51411 0.65716
0.59549 0.55470 0.60210
0.64486 0.50205 0.51112
0.66723 0.62184 0.56134
0.64903 0.53640 0.51841
0.68778 0.47705 0.55436
0.72077 0.45451 0.54598
0.69839 0.52242 0.57970
0.63667 0.49237 0.71290
0.65389 0.37989 0.63365
0.64845 0.55602 0.67248
0.61094 0.48400 0.62568
0.71179 0.48956 0.57967
0.70558 0.49106 0.55500
0.71697 0.48683 0.55210
0.61546 0.55234 0.56485
0.65219 0.46570 0.72361
0.56890 0.52891 0.64235
0.59856 0.53519 0.67266
0.75753 0.43573 0.62980
0.70765 0.44193 0.64856
0.67879 0.45731 0.63494
0.73899 0.55938 0.63645
0.68412 0.60178 0.49693
0.66775 0.52306 0.62838
0.68473 0.49369 0.56530
0.60777 0.52546 0.53576
0.70580 0.56265 0.64141
0.70637 0.61415 0.52624
0.63218 0.49586 0.61813
0.68453 0.51546 0.56585
0.58867 0.54551 0.64521
0.65624 0.52516 0.63118
0.59837 0.48831 0.54212
0.60845 0.62316 0.48379
0.62333 0.49928 0.65584
0.70648 0.51868 0.62568
0.63375 0.53406 0.57745
0.71860 0.60542 0.60898
0.69507 0.57736 0.58768
0.59845 0.51495 0.64902
0.79058 0.44261 0.63675
0.69962 0.49190 0.50301
0.70472 0.54434 0.76031
0.75380 0.59213 0.57839
0.59669 0.54495 0.55695
0.75945 0.65596 0.63679
0.55867 0.44534 0.67718
0.61066 0.53459 0.60865
0.69445 0.46769 0.60504
0.66008 0.55662 0.61968
0.60134 0.54971 0.58990
0.75602 0.44812 0.60713
0.76569 0.58264 0.60102
0.66185 0.60813 0.54036
0.65146 0.51712 0.58720
0.55844 0.44682 0.68435
0.68501 0.61961 0.74538
0.71323 0.56211 0.60707
0.68806 0.45150 0.59836
0.71278 0.49364 0.58530
0.70573 0.46621 0.60481
0.70263 0.41255 0.61720
0.66000 0.49636 0.55163
0.70656 0.51215 0.65900
0.68149 0.48930 0.60563
0.72188 0.52842 0.66196
0.68193 0.57232 0.50714
0.73741 0.46595 0.64356
0.66142 0.49772 0.63291
0.64356 0.61662 0.62490
0.67131 0.49949 0.70116
0.64757 0.55997 0.51313
0.64643 0.51263 0.69792
0.71048 0.45268 0.54198
0.72702 0.43104 0.53150
0.68602 0.48718 0.59889
0.67841 0.43578 0.56876
0.66114 0.46643 0.53424
0.69522 0.54847 0.48823
0.64456 0.58955 0.47472
0.66175 0.57848 0.53806
0.59952 0.47825 0.57060
0.77167 0.39414 0.51074
0.62319 0.52491 0.68107
0.60065 0.46697 0.63754
0.76207 0.53590 0.57889
0.64828 0.53443 0.60648
0.79910 0.53673 0.59937
0.70065 0.50156 0.65276
0.60876 0.54997 0.61501
0.69215 0.45380 0.50523
0.67819 0.54217 0.53435
0.71954 0.48766 0.69139
0.62147 0.62654 0.55063
0.61254 0.44371 0.57218
0.72357 0.45520 0.61481
0.69341 0.49914 0.57224
0.63993 0.42082 0.66494
0.67726 0.47333 0.57456
0.64387 0.48720 0.57901
0.73575 0.51161 0.66970
0.74053 0.47858 0.55773
0.63879 0.55249 0.70692
0.72259 0.43402 0.54722
0.56724 0.47629 0.63880
0.67985 0.56981 0.62825
0.61081 0.60640 0.61795
0.73260 0.53500 0.54158
0.67381 0.54422 0.67297
0.73941 0.45516 0.59884
0.68925 0.52062 0.64535
0.58238 0.43246 0.63778
0.68609 0.55675 0.50605
0.69575 0.50617 0.61393
0.69022 0.52764 0.61280
0.71582 0.40283 0.57678
0.66704 0.50651 0.56316
0.67816 0.48048 0.54337
0.74355 0.56818 0.66250
0.60183 0.50321 0.67055
0.69152 0.57796 0.56916
0.75123 0.46401 0.59318
0.65398 0.59631 0.58372
0.71534 0.56325 0.61909
0.59616 0.50043 0.56931
0.70671 0.60578 0.48898
0.73937 0.51969 0.63616
0.62128 0.55432 0.57150
0.75537 0.54521 0.58734
0.63223 0.55710 0.59367
0.65004 0.54755 0.55945
0.71212 0.53376 0.62359
0.64893 0.48712 0.60468
0.74636 0.46642 0.56165
0.67386 0.55749 0.58441
0.70462 0.54899 0.50419
0.60006 0.52326 0.59314
0.70597 0.51125 0.64926
0.69383 0.51440 0.65568
0.66541 0.49598 0.60527
0.64010 0.51175 0.69889
0.74730 0.42271 0.52110
0.63477 0.57492 0.59734
0.66610 0.47320 0.57063
0.77191 0.59594 0.66245
0.49969 0.45255 0.59011
0.76363 0.55680 0.66724
0.74350 0.53202 0.51845
0.65461 0.57063 0.61924
0.66157 0.62271 0.55475
0.57697 0.49941 0.63130
0.60963 0.56545 0.66595
0.61294 0.50466 0.50907
0.65132 0.53530 0.64065
0.63214 0.54273 0.63174
0.62105 0.48871 0.59374
0.60179 0.46111 0.63369
0.51530 0.53879 0.66957
0.63013 0.63879 0.51740
0.58949 0.61105 0.61348
0.69952 0.41353 0.62236
0.65717 0.47918 0.58086
0.55189 0.55603 0.62704
0.71195 0.48231 0.66771
0.69528 0.51434 0.58429
0.68195 0.51780 0.62953
0.64815 0.57497 0.54494
0.74443 0.53839 0.55586
0.50533 0.42370 0.75334
0.74098 0.44164 0.60185
0.71865 0.45861 0.60301
0.71060 0.53016 0.54947
0.63260 0.52232 0.69054
0.69043 0.48384 0.71969
0.59014 0.49094 0.57466
0.70756 0.49377 0.68462
0.65669 0.50769 0.60523
0.68772 0.49535 0.47704
0.68514 0.52798 0.64591
0.65980 0.55940 0.64720
0.58808 0.53165 0.56765
0.70203 0.43744 0.57761
0.68538 0.54679 0.56993
0.73939 0.47970 0.56313
0.67081 0.52750 0.64835
0.64912 0.55807 0.67602
0.55026 0.52899 0.55913
0.63412 0.45426 0.63552
0.69569 0.60263 0.61164
0.69497 0.53761 0.64022
0.59951 0.53573 0.66165
0.70651 0.56894 0.58360
0.60994 0.63744 0.64328
0.69186 0.51236 0.56517
0.62909 0.57101 0.59629
0.69871 0.40468 0.59058
0.76443 0.62254 0.58117
0.63798 0.51110 0.73971
0.71264 0.58160 0.70535
0.66839 0.55171 0.55581
0.75573 0.43117 0.51252
0.75080 0.47866 0.55510
0.64596 0.58365 0.52063
0.60615 0.51040 0.51494
0.75528 0.56317 0.61612
0.53854 0.53484 0.57290
0.69628 0.50474 0.61589
0.64936 0.55385 0.67924
0.70216 0.57674 0.62462
0.63234 0.46211 0.60478
0.66644 0.51457 0.65787
0.70540 0.50431 0.53113
0.72885 0.57284 0.65623
0.73387 0.52370 0.56025
0.57378 0.60584 0.42643
0.65214 0.53164 0.56519
0.66546 0.50637 0.63593
0.65170 0.49393 0.47225
0.70467 0.45649 0.55925
0.62165 0.55140 0.59949
0.61487 0.58739 0.44132
0.74206 0.51131 0.53856
0.65615 0.45219 0.62146
0.77028 0.48440 0.58564
0.70233 0.58386 0.53389
0.73095 0.39668 0.49049
0.71838 0.48594 0.66142
0.65776 0.48679 0.56700
0.65665 0.53082 0.56476
0.72868 0.52576 0.63289
0.74564 0.50711 0.71940
0.77063 0.45811 0.52932
0.67645 0.41340 0.54797
0.63373 0.54707 0.66203
0.68134 0.59136 0.47911
0.71387 0.54401 0.56163
0.63361 0.49062 0.61413
0.67806 0.57024 0.63945
0.67618 0.50308 0.58873
0.60789 0.58535 0.54785
0.66507 0.65229 0.64643
0.75816 0.44113 0.52527
0.67406 0.61637 0.43562
0.78407 0.44044 0.49584
0.61562 0.52975 0.52244
0.60863 0.46118 0.56486
0.77047 0.44560 0.50533
0.60869 0.54393 0.66244
0.70290 0.49294 0.59268
0.70548 0.52816 0.55653
0.69404 0.48077 0.54970
0.66494 0.57871 0.52225
0.66982 0.46959 0.51448
0.61052 0.52352 0.65528
0.67749 0.55725 0.64290
0.70317 0.41498 0.60416
0.71126 0.52242 0.63016
0.70524 0.59634 0.72970
0.64789 0.57147 0.69183
0.58585 0.44488 0.69761
0.75578 0.49327 0.54008
0.74867 0.37690 0.56094
0.62430 0.55723 0.55226
0.64149 0.55421 0.64653
0.60044 0.50922 0.60355
0.69444 0.56280 0.61130
0.68804 0.54017 0.63299
0.66600 0.54517 0.68306
0.49256 0.41501 0.69936
0.73203 0.49018 0.63947
0.69273 0.58744 0.66310
0.70809 0.58990 0.64366
0.64964 0.53450 0.60531
0.74891 0.65399 0.56932
0.64033 0.53068 0.65335
0.68056 0.45241 0.65051
0.74293 0.50539 0.67278
0.68533 0.43225 0.61155
0.73212 0.48980 0.52643
0.69116 0.45322 0.60593
0.68431 0.48969 0.48605
0.59148 0.54405 0.66218
0.62932 0.55492 0.57920
0.69039 0.52068 0.59886
0.65675 0.50083 0.66707
0.62559 0.53812 0.56399
0.56641 0.50664 0.58526
0.63182 0.54002 0.69994
0.76928 0.47612 0.66226
0.70222 0.46781 0.59797
0.68404 0.64534 0.51722
0.68481 0.51492 0.59472
0.62194 0.51307 0.65406
0.69573 0.64241 0.53066
0.65882 0.60909 0.52427
0.63593 0.44747 0.64595
0.74912 0.48885 0.66283
0.70809 0.62170 0.50831
0.69988 0.49984 0.63375
0.73952 0.38223 0.47706
0.74044 0.50158 0.70622
0.74117 0.48365 0.68050
0.74332 0.65802 0.65700
0.63195 0.40691 0.56290
0.70125 0.49082 0.68661
0.58273 0.49660 0.56373
0.78359 0.57441 0.57745
0.56389 0.56879 0.52986
0.69082 0.41743 0.55201
0.71204 0.61125 0.62088
0.70464 0.54772 0.52307
0.61332 0.42661 0.62119
0.62949 0.53511 0.57603
0.69569 0.49460 0.63905
0.64677 0.50047 0.65966
0.61804 0.53653 0.50149
0.63824 0.52992 0.56780
0.78603 0.48947 0.59087
0.75107 0.43355 0.53849
0.66816 0.57881 0.64007
0.63021 0.47826 0.60869
0.73167 0.52665 0.70189
0.67845 0.60216 0.56241
0.63622 0.50958 0.60818
0.68812 0.51629 0.61390
0.56669 0.49801 0.55918
0.72842 0.49946 0.52804
0.69164 0.59613 0.58525
0.72822 0.48237 0.54174
0.59280 0.51590 0.65150
0.65323 0.56686 0.64793
0.65328 0.46833 0.57932
0.65700 0.49036 0.60039
0.66104 0.51350 0.68159
0.59373 0.50199 0.56120
0.73459 0.47326 0.58555
0.73199 0.58119 0.51640
0.63084 0.42621 0.68427
0.67059 0.58062 0.59811
0.56469 0.44876 0.60267
0.69813 0.49897 0.58491
0.65294 0.46836 0.56748
0.62433 0.56859 0.70172
0.70025 0.49765 0.71752
0.71136 0.45919 0.60958
0.67456 0.43875 0.54770
0.61410 0.47898 0.68899
0.71904 0.51671 0.53805
0.65508 0.51304 0.61702
0.71644 0.55832 0.60760
0.60030 0.69241 0.42373
0.80284 0.47678 0.57678
0.68255 0.49574 0.49621
0.62192 0.57582 0.55658
0.70431 0.46270 0.59340
0.71150 0.45144 0.70273
0.63988 0.55545 0.56948
0.65818 0.48733 0.64350
0.64704 0.54114 0.58647
0.63943 0.56510 0.59077
0.73966 0.62298 0.57788
0.69885 0.49356 0.55337
0.57211 0.52030 0.53441
0.67361 0.52962 0.57335
0.66754 0.58139 0.55340
0.70666 0.52580 0.60872
0.69315 0.49086 0.71247
0.73123 0.54220 0.62191
0.75005 0.45703 0.55846
0.71575 0.49980 0.55562
0.67816 0.58899 0.71843
0.69651 0.52780 0.64292
0.57937 0.55230 0.55992
0.72972 0.52489 0.64866
0.70742 0.63457 0.60037
0.69106 0.45187 0.58592
0.62101 0.50428 0.62352
0.66324 0.39912 0.54006
0.54947 0.49204 0.62670
0.69940 0.45273 0.57152
0.68024 0.52255 0.55301
0.73633 0.48107 0.60260
0.69572 0.50320 0.72114
0.69051 0.54309 0.71368
0.76280 0.48191 0.65653
0.64494 0.51820 0.57160
0.68252 0.42811 0.62057
0.73831 0.51047 0.61788
0.65607 0.49592 0.58228
0.71430 0.53387 0.56207
0.68515 0.55018 0.64795
0.67473 0.49451 0.53979
0.70278 0.60341 0.47232
0.66494 0.48131 0.65355
0.53739 0.46111 0.57933
0.76259 0.47092 0.52868
0.60742 0.51759 0.57858
0.74415 0.56401 0.74639
0.68837 0.52642 0.56638
0.56155 0.49698 0.61504
0.68531 0.43049 0.60088
0.68222 0.40921 0.52986
0.76171 0.46832 0.67161
0.63664 0.48306 0.55130
0.55428 0.51098 0.60360
0.66239 0.55021 0.50278
0.51017 0.50605 0.67224
0.67107 0.54905 0.66086
0.73583 0.56590 0.61178
0.70044 0.58121 0.53629
0.70446 0.43696 0.48508
0.72025 0.52978 0.62763
0.69176 0.49577 0.66790
0.57366 0.46552 0.60329
0.70635 0.51417 0.61159
0.67551 0.53475 0.62452
0.72284 0.44472 0.55366
0.63522 0.58439 0.64346
0.68173 0.55522 0.65015
0.70148 0.58103 0.52649
0.69772 0.57480 0.69850
0.73613 0.49989 0.59073
0.73071 0.43053 0.51422
0.75652 0.52234 0.66033
0.60282 0.47386 0.53123
0.73429 0.48484 0.62062
0.80375 0.49682 0.63634
0.74493 0.59962 0.55030
0.75125 0.37554 0.53125
0.67237 0.48588 0.55873
0.56992 0.59126 0.52145
0.68296 0.46003 0.61968
0.67137 0.53365 0.67358
0.65888 0.49636 0.61409
0.60806 0.52559 0.56971
0.65226 0.50572 0.62019
0.56263 0.52898 0.59670
0.64584 0.62179 0.69719
0.73249 0.51249 0.57902
0.45369 0.47570 0.66351
0.74135 0.48989 0.59693
0.64748 0.52427 0.70622
0.74460 0.44412 0.69546
0.55916 0.57038 0.57201
0.59356 0.57619 0.68456
0.65420 0.48698 0.58550
0.66207 0.51393 0.59218
0.59421 0.68819 0.55424
0.65859 0.42606 0.63987
0.69962 0.55875 0.64811
0.68347 0.62336 0.57071
0.61886 0.48770 0.62530
0.70643 0.45500 0.64526
0.66416 0.53647 0.57970
0.68141 0.44804 0.57083
0.54390 0.51433 0.64383
0.62518 0.59226 0.60280
0.70570 0.49449 0.64548
0.66390 0.44530 0.53111
0.67900 0.51914 0.58473
0.66573 0.49295 0.57536
0.71287 0.64969 0.58439
0.68251 0.54836 0.58821
0.67615 0.58207 0.66915
0.71576 0.42878 0.59635
0.70448 0.50581 0.60062
0.64160 0.63416 0.51151
0.71286 0.49678 0.59773
0.73751 0.57501 0.77762
0.69436 0.51902 0.61310
0.62058 0.47412 0.63123
0.68109 0.47441 0.60045
0.77886 0.47989 0.67967
0.73781 0.48255 0.57984
0.50151 0.49083 0.74247
0.72692 0.55366 0.55452
0.62090 0.57345 0.57607
0.68832 0.53114 0.54969
0.74229 0.39188 0.46317
0.64777 0.55045 0.68906
0.70436 0.53875 0.66237
0.73554 0.52988 0.59182
0.66749 0.48733 0.68910
0.69678 0.52816 0.66027
0.56491 0.48232 0.58392
0.69431 0.51142 0.67554
0.66996 0.67894 0.58783
0.61689 0.52264 0.68667
0.66302 0.42442 0.55756
0.72867 0.45462 0.58859
0.62632 0.54843 0.48305
0.57133 0.48975 0.59798
0.67907 0.59493 0.62949
0.66612 0.55898 0.66561
0.70429 0.52093 0.54717
0.67422 0.51496 0.58853
0.67031 0.51610 0.53992
0.66036 0.52325 0.59599
0.68803 0.50898 0.63024
0.62209 0.50237 0.55683
0.68780 0.52457 0.57219
0.65401 0.56031 0.65737
0.66240 0.58742 0.54932
0.72050 0.45778 0.60084
0.56326 0.52242 0.64664
0.68855 0.51440 0.54915
0.64526 0.46193 0.62462
0.73606 0.60737 0.64512
0.59018 0.54795 0.55056
0.71448 0.50182 0.66355
0.63219 0.54882 0.56788
0.58134 0.53762 0.61268
0.70415 0.51036 0.58657
0.58751 0.48669 0.60461
0.62543 0.54689 0.57878
0.71822 0.52184 0.60232
0.63959 0.51575 0.58997
0.80554 0.52306 0.64269
0.59036 0.47711 0.59002
0.65038 0.59578 0.56488
0.73944 0.46780 0.52395
0.76207 0.51476 0.53147
0.72561 0.52315 0.49879
0.71119 0.45890 0.65314
0.56453 0.51139 0.61987
0.65463 0.56130 0.66132
0.61305 0.56208 0.51045
0.71800 0.52570 0.57962
0.66046 0.47509 0.61391
0.73768 0.53724 0.65144
0.57939 0.41851 0.56710
0.65129 0.49476 0.66673
0.69170 0.50224 0.53259
0.67312 0.48454 0.63670
0.66720 0.47634 0.53446
0.58750 0.57528 0.56191
0.64659 0.53830 0.64208
0.58586 0.49697 0.65548
0.67435 0.49758 0.58415
0.69798 0.57534 0.58138
0.66221 0.47589 0.65247
0.64316 0.53886 0.62801
0.67315 0.41792 0.61904
0.60193 0.49363 0.63399
0.72892 0.52022 0.51762
0.65057 0.51771 0.64991
0.73580 0.50757 0.56891
0.67104 0.51974 0.59492
0.51831 0.45982 0.54977
0.67877 0.50649 0.62784
0.52557 0.51749 0.71525
0.76585 0.51072 0.73334
0.62020 0.51795 0.68332
0.66156 0.51828 0.56775
0.75714 0.58013 0.66616
0.64630 0.45509 0.66488
0.56890 0.45454 0.61919
0.64485 0.57673 0.56015
0.63089 0.57224 0.61887
0.62395 0.45169 0.65375
0.72419 0.51130 0.67105
0.70317 0.49023 0.63408
0.61114 0.50290 0.65824
0.70714 0.49742 0.43379
0.69694 0.52255 0.57280
0.60492 0.41259 0.67443
0.63856 0.59877 0.52002
0.63898 0.52331 0.68210
0.62076 0.54827 0.62802
0.52206 0.44587 0.57228
0.69040 0.53385 0.68832
0.62210 0.61867 0.51826
0.56123 0.57981 0.61449
0.67402 0.45436 0.57048
0.79600 0.43001 0.55958
0.56321 0.53139 0.60383
0.75012 0.51484 0.68504
0.66995 0.56721 0.60509
0.78066 0.66784 0.63074
0.64819 0.57159 0.70362
0.75401 0.47027 0.62408
0.73048 0.49986 0.71075
0.64772 0.46779 0.60911
0.75412 0.61918 0.60786
0.73908 0.43930 0.53118
0.72322 0.46262 0.64785
0.66545 0.57555 0.47055
0.58482 0.59316 0.56048
0.71008 0.45318 0.59582
0.68180 0.56398 0.58385
0.78305 0.50911 0.61625
0.67239 0.45501 0.58938
0.64180 0.43504 0.63176
0.69195 0.48510 0.57036
0.66889 0.59080 0.52119
0.71437 0.50738 0.60585
0.73005 0.51150 0.53611
0.71063 0.52843 0.65078
0.70678 0.45094 0.60288
0.65945 0.48054 0.70463
0.58429 0.44212 0.60758
0.68585 0.49110 0.59812
0.68540 0.53621 0.62634
0.72080 0.56546 0.68165
0.77028 0.49535 0.50177
0.73682 0.46293 0.52811
0.72144 0.54606 0.67792
0.68260 0.57629 0.62219
0.62410 0.52147 0.64747
0.67627 0.54468 0.48933
0.74091 0.37072 0.53053
0.78011 0.53093 0.64083
0.73707 0.49255 0.55077
0.65415 0.58431 0.53817
0.76815 0.51576 0.62465
0.61212 0.51211 0.68681
0.67615 0.53515 0.53480
0.70092 0.59969 0.68248
0.69968 0.59578 0.59918
0.72676 0.42475 0.47915
0.65616 0.54402 0.54382
0.70814 0.50818 0.51312
0.62821 0.47459 0.60495
0.53023 0.52404 0.64429
0.66560 0.55045 0.60153
0.67441 0.33418 0.49172
0.64782 0.54100 0.56556
0.78527 0.47917 0.54760
0.73556 0.43735 0.66447
0.67598 0.50698 0.56066
0.70931 0.48818 0.66894
0.67567 0.56389 0.57276
0.68095 0.50354 0.59866
0.67966 0.48084 0.59767
0.59900 0.44590 0.62923
0.62979 0.56473 0.66652
0.62165 0.48276 0.65184
0.56084 0.43839 0.61423
0.73030 0.44467 0.57183
0.56088 0.56775 0.58497
0.81520 0.38951 0.55792
0.59080 0.55477 0.54431
0.73392 0.64128 0.62860
0.68462 0.46829 0.56417
0.65538 0.54337 0.61038
0.61352 0.51369 0.58030
0.73788 0.55014 0.67594
0.66431 0.56129 0.59958
0.72090 0.61839 0.54585
0.73949 0.40206 0.53773
0.58807 0.46328 0.67407
0.75917 0.45527 0.61390
0.66696 0.54391 0.63517
0.62654 0.51598 0.63636
0.67142 0.50092 0.56239
0.71934 0.54835 0.60926
0.69940 0.44811 0.60772
0.72241 0.48586 0.64824
0.67011 0.58770 0.61616
0.68361 0.55521 0.54186
0.64831 0.53563 0.53220
0.73601 0.46725 0.65502
0.64597 0.55123 0.64258
0.57985 0.60846 0.47637
0.72069 0.52524 0.64376
0.72074 0.57586 0.53855
0.76397 0.46237 0.64687
0.65436 0.52492 0.55112
0.69672 0.50021 0.64923
0.67056 0.52512 0.57170
0.75668 0.49618 0.51267
0.59541 0.61374 0.51341
0.68401 0.65481 0.69710
0.70648 0.48223 0.56540
0.74591 0.52574 0.66896
0.65593 0.54079 0.65903
0.61183 0.51134 0.64547
0.76112 0.48758 0.56110
0.61614 0.46155 0.61482
0.70748 0.45230 0.67629
0.62239 0.61892 0.44750
0.63453 0.53945 0.61831
0.66829 0.51458 0.60450
0.59754 0.40708 0.56952
0.78599 0.45662 0.62853
0.63682 0.52884 0.54791
0.54752 0.48831 0.63641
0.73667 0.62149 0.71916
0.65837 0.55385 0.69595
0.68530 0.62661 0.57507
0.72646 0.49034 0.51175
0.64822 0.48520 0.63634
0.60304 0.58812 0.56695
0.67909 0.47417 0.64275
0.65192 0.51046 0.57918
0.73157 0.48944 0.58297
0.57728 0.50640 0.62379
0.63428 0.48766 0.64318
0.71714 0.50408 0.50526
0.67486 0.42476 0.65965
0.68643 0.50777 0.58960
0.46310 0.39572 0.65392
0.60583 0.55447 0.71236
0.64627 0.46255 0.69600
0.71347 0.48373 0.62350
0.73862 0.49851 0.67647
0.65103 0.54330 0.60482
0.69213 0.53097 0.65786
0.55170 0.49333 0.61370
0.71600 0.43274 0.58612
0.60010 0.55791 0.56162
0.65658 0.51725 0.61247
0.75620 0.42204 0.56676
0.65759 0.61147 0.58577
0.70678 0.57887 0.60780
0.66658 0.50623 0.61996
0.62960 0.48889 0.61735
0.70700 0.48064 0.55669
0.64409 0.49188 0.74842
0.69459 0.56600 0.62700
0.70687 0.62103 0.60297
0.76475 0.39645 0.63243
0.72527 0.49038 0.62397
0.62394 0.62591 0.55240
0.52666 0.53654 0.66851
0.73638 0.49757 0.60640
0.64342 0.57534 0.63230
0.74916 0.46521 0.55185
0.74913 0.49859 0.50906
0.65947 0.53732 0.60703
0.76526 0.51593 0.57125
0.66954 0.54256 0.62891
0.68987 0.56776 0.59285
0.70025 0.49659 0.70680
0.63349 0.57327 0.59208
0.63957 0.54969 0.58777
0.55507 0.48158 0.62257
0.68434 0.48175 0.58674
0.66278 0.61440 0.71061
0.75182 0.48499 0.61739
0.70975 0.48706 0.58385
0.58531 0.48171 0.74845
0.60152 0.45450 0.53871
0.64903 0.53535 0.62343
0.64909 0.47301 0.57228
0.71456 0.54434 0.63141
0.70583 0.51047 0.53504
0.70369 0.63819 0.56408
0.62959 0.46864 0.56932
0.68538 0.43403 0.55354
0.69358 0.42591 0.60186
0.68751 0.47265 0.56398
0.72591 0.55168 0.60659
0.59969 0.57760 0.62914
0.61472 0.48089 0.53440
0.61538 0.58725 0.55170
0.66696 0.54874 0.62060
0.68386 0.46121 0.39581
0.69991 0.59389 0.63386
0.71214 0.62339 0.63633
0.64599 0.54788 0.68580
0.60822 0.54628 0.61252
0.62833 0.55593 0.54938
0.71851 0.54652 0.58926
0.73581 0.69783 0.66333
0.85481 0.49744 0.79357
0.61911 0.51413 0.54004
0.58538 0.54545 0.53351
0.60152 0.64155 0.51410
0.73972 0.55606 0.55650
0.68356 0.52146 0.66659
0.73391 0.54816 0.66869
0.67345 0.49434 0.66073
0.69474 0.60986 0.63646
0.63749 0.61166 0.67291
0.65614 0.54204 0.64143
0.69235 0.54129 0.58539
0.60962 0.51230 0.63414
0.68698 0.41582 0.55226
0.62156 0.49120 0.59086
0.61398 0.66380 0.46773
0.71852 0.51593 0.64383
0.61227 0.53941 0.65773
0.62176 0.49157 0.68410
0.63393 0.46738 0.65211
0.75463 0.48373 0.58234
0.65837 0.44103 0.66265
0.70957 0.46328 0.61843
0.64587 0.56173 0.53480
0.66601 0.56599 0.63986
0.58923 0.48942 0.66362
0.58831 0.45805 0.68880
0.58776 0.45530 0.66494
0.68076 0.59906 0.60459
0.72721 0.54825 0.49907
0.63261 0.54538 0.57414
0.57105 0.55960 0.67951
0.57832 0.41690 0.61132
0.75253 0.47689 0.56889
0.66298 0.52449 0.64512
0.68321 0.46090 0.64309
0.68126 0.49547 0.64311
0.70211 0.46289 0.68945
0.67587 0.50888 0.64886
0.68643 0.56066 0.44732
0.74037 0.57320 0.69809
0.59706 0.49927 0.64506
0.73445 0.44251 0.62845
0.57909 0.49219 0.60421
0.59445 0.57332 0.63649
0.58674 0.56084 0.59722
0.60946 0.56797 0.45361
0.64375 0.45880 0.61722
0.67287 0.48505 0.54780
0.73061 0.45294 0.61325
0.70018 0.58229 0.61579
0.73885 0.50026 0.54001
0.70996 0.53395 0.47645
0.59731 0.54450 0.62734
0.67347 0.56586 0.57826
0.66125 0.53739 0.47683
0.60958 0.55518 0.63194
0.67538 0.53915 0.52844
0.75475 0.47390 0.64496
0.60875 0.48697 0.59245
0.69763 0.49927 0.67697
0.65055 0.51102 0.61849
0.74875 0.52051 0.45962
0.74978 0.51529 0.59173
0.55540 0.46963 0.67317
0.59327 0.45265 0.68062
0.73720 0.60251 0.59675
0.68197 0.44503 0.58118
0.60590 0.56582 0.58786
0.59851 0.62891 0.57214
0.79649 0.41750 0.54251
0.74551 0.51558 0.69987
0.74382 0.56285 0.58418
0.59138 0.50010 0.74324
0.73125 0.50211 0.67453
0.71605 0.60748 0.62066
0.69345 0.44866 0.62286
0.59262 0.45294 0.56299
0.68029 0.50831 0.51491
0.63884 0.50823 0.63313
0.70232 0.53180 0.60262
0.62896 0.58910 0.56469
0.53767 0.45972 0.68365
0.69363 0.50149 0.56960
0.71839 0.52588 0.55397
0.68998 0.49872 0.60804
0.75100 0.48543 0.58765
0.61306 0.55737 0.55331
0.71781 0.51453 0.56037
0.66725 0.39564 0.71540
0.74835 0.45623 0.57356
0.60879 0.49967 0.61744
0.58363 0.47517 0.64790
0.55575 0.43683 0.65613
0.64711 0.45284 0.56357
0.73704 0.41948 0.64282
0.72496 0.44820 0.57991
0.68872 0.42094 0.67002
0.64275 0.42502 0.62339
0.55819 0.50458 0.59997
0.71904 0.51555 0.55561
0.67124 0.52522 0.65900
0.71596 0.49997 0.57633
0.64021 0.52532 0.53523
0.66733 0.51413 0.67146
0.68207 0.55634 0.65658
0.65910 0.51641 0.56201
0.63771 0.47371 0.49367
0.71502 0.54101 0.61904
0.69889 0.54361 0.63687
0.70884 0.51656 0.60918
0.56606 0.46132 0.63612
0.61752 0.43931 0.63928
0.62129 0.50142 0.64127
0.68266 0.55171 0.46874
0.63883 0.52478 0.45184
0.58799 0.55699 0.53883
0.71266 0.57871 0.58244
0.57349 0.52129 0.58248
0.59247 0.47599 0.72067
0.74878 0.47106 0.64259
0.67352 0.54110 0.62612
0.68843 0.54094 0.59335
0.68611 0.53529 0.72375
0.65667 0.42177 0.59622
0.70341 0.52987 0.64166
0.78010 0.62989 0.64481
0.53022 0.52150 0.69837
0.67096 0.51638 0.54736
0.59572 0.48726 0.57448
0.63124 0.53558 0.61320
0.62374 0.55663 0.62327
0.69063 0.57538 0.60291
0.70247 0.49175 0.56910
0.64107 0.52574 0.66828
0.63418 0.55223 0.60289
0.70822 0.55684 0.51211
0.71742 0.55978 0.55582
0.64913 0.54646 0.52580
0.53739 0.48929 0.67924
0.72735 0.34877 0.46189
0.61650 0.59620 0.51720
0.63372 0.43407 0.64677
0.72011 0.53293 0.64011
0.49937 0.40607 0.63319
0.67249 0.59260 0.48781
0.60730 0.49025 0.63710
0.64128 0.52322 0.60335
0.57776 0.55267 0.62701
0.61125 0.40836 0.54848
0.63327 0.50345 0.62436
0.69908 0.52871 0.64030
0.78386 0.47928 0.60287
0.75306 0.55269 0.54092
0.68299 0.46661 0.63255
0.58226 0.48054 0.61269
0.67066 0.51694 0.51334
0.72493 0.50737 0.62713
0.56841 0.56423 0.57850
0.60130 0.61024 0.66725
0.68566 0.49153 0.68352
0.75108 0.58931 0.64328
0.63617 0.58384 0.62276
0.67482 0.53720 0.63625
0.64717 0.61138 0.57288
0.70333 0.64350 0.60236
0.68628 0.53480 0.59745
0.69368 0.50989 0.60660
0.67266 0.47669 0.55887
