20 16 1000 5097 90
0.60159 0.01629 0.85431
0.31854 0.42864 0.38571
0.91437 0.27275 0.41958
0.98039 0.86659 0.76654
0.35155 0.28056 0.53012
0.64787 0.04703 0.53283
0.95407 0.62728 0.97158
0.53056 0.99526 0.75324
0.11186 0.44981 0.82219
0.90206 0.69160 0.20263
0.58855 0.08891 0.16583
0.67206 0.38645 0.92211
0.74860 0.66961 0.29293
0.28703 0.79649 0.08347
0.20759 0.32502 0.22961
0.30463 0.51801 0.48470
0.55022 0.53680 0.50978
0.56273 0.51814 0.46462
0.49288 0.41994 0.48365
0.63439 0.52508 0.47739
0.60569 0.54120 0.54944
0.50048 0.49724 0.55694
0.40964 0.35484 0.46444
0.57627 0.52750 0.47547
0.54264 0.39839 0.40640
0.60674 0.38597 0.52541
0.62558 0.43256 0.59857
0.67582 0.44075 0.46031
0.53986 0.47677 0.59041
0.59481 0.37738 0.58886
0.49311 0.47626 0.50936
0.58251 0.39717 0.62129
0.64189 0.42133 0.40962
0.59596 0.43307 0.50789
0.70071 0.61507 0.55648
0.55115 0.55937 0.43412
0.62964 0.53377 0.44685
0.53238 0.39552 0.43276
0.65282 0.48186 0.53067
0.53777 0.52424 0.56936
0.67750 0.63232 0.61586
0.47940 0.45772 0.43132
0.62408 0.45661 0.55390
0.59740 0.46594 0.47859
0.57705 0.44545 0.49717
0.51772 0.53553 0.52236
0.69138 0.51748 0.59911
0.56501 0.41402 0.51060
0.67950 0.47331 0.48277
0.53814 0.45860 0.46339
0.58553 0.43071 0.50715
0.64540 0.50565 0.63931
0.63833 0.50470 0.59040
0.46404 0.40197 0.52933
0.61315 0.46967 0.57646
0.57850 0.51464 0.53392
0.55152 0.52805 0.56101
0.61215 0.51120 0.67049
0.66492 0.43688 0.51834
0.60974 0.54984 0.69020
0.54334 0.32735 0.56630
0.58796 0.38528 0.55091
0.62694 0.32795 0.45913
0.61039 0.48897 0.48456
0.62949 0.44865 0.52456
0.62122 0.61180 0.69533
0.49964 0.42469 0.59683
0.57587 0.46227 0.50297
0.58969 0.46265 0.46562
0.49401 0.42208 0.52565
0.63176 0.39460 0.49496
0.50789 0.50435 0.54215
0.70379 0.43138 0.50077
0.54775 0.44395 0.43880
0.47155 0.49670 0.43340
0.52528 0.45592 0.42949
0.49921 0.47432 0.50136
0.55667 0.45133 0.44771
0.57316 0.40426 0.59099
0.58885 0.43873 0.52234
0.67570 0.63391 0.40941
0.64197 0.52407 0.50468
0.54388 0.53347 0.60505
0.48868 0.45057 0.52865
0.60758 0.59835 0.49811
0.52984 0.52938 0.53656
0.67913 0.51973 0.68557
0.63223 0.44193 0.56371
0.56238 0.55036 0.52601
0.61560 0.46084 0.48892
0.55293 0.44939 0.57536
0.54816 0.47661 0.58399
0.67363 0.51571 0.59774
0.63351 0.39394 0.40962
0.56012 0.50469 0.49352
0.54573 0.45580 0.53350
0.53254 0.43026 0.52283
0.51029 0.46014 0.46068
0.59294 0.43842 0.53357
0.70855 0.52979 0.40765
0.58028 0.60520 0.58531
0.56580 0.59368 0.46091
0.67560 0.49533 0.54212
0.54021 0.39948 0.58774
0.56866 0.43781 0.45862
0.47978 0.47907 0.50691
0.40227 0.37581 0.54995
0.69149 0.55673 0.56192
0.56688 0.53644 0.44588
0.56815 0.36259 0.45689
0.63483 0.55757 0.41679
0.47779 0.44377 0.46993
0.54371 0.35483 0.50637
0.48987 0.43574 0.54135
0.55337 0.48947 0.52717
0.63551 0.39048 0.53483
0.49155 0.51125 0.47676
0.69927 0.56206 0.65321
0.53964 0.46189 0.59047
0.54036 0.63598 0.57608
0.59032 0.51517 0.45460
0.54636 0.45075 0.39353
0.50064 0.51159 0.45990
0.56599 0.45976 0.51411
0.58510 0.37671 0.61691
0.43051 0.50106 0.45530
0.55310 0.36833 0.50351
0.63845 0.47106 0.48744
0.67323 0.50007 0.54273
0.72788 0.54121 0.67912
0.72515 0.37371 0.56754
0.66899 0.43707 0.57184
0.56100 0.35939 0.48466
0.54555 0.45967 0.46920
0.59074 0.34439 0.61608
0.57732 0.35143 0.60714
0.46510 0.43112 0.58719
0.52853 0.42589 0.47769
0.67109 0.47994 0.60711
0.55375 0.37685 0.47781
0.54166 0.53995 0.43203
0.57384 0.41410 0.39293
0.53365 0.47415 0.52964
0.62668 0.43650 0.52071
0.54137 0.46724 0.53180
0.52587 0.45069 0.47506
0.58967 0.41946 0.36470
0.61241 0.37249 0.47890
0.44984 0.52880 0.48298
0.59679 0.41921 0.55178
0.63838 0.37942 0.52261
0.49825 0.45468 0.45056
0.64125 0.37038 0.51336
0.61215 0.44541 0.52212
0.69761 0.51726 0.61443
0.58870 0.53481 0.56264
0.56148 0.46629 0.38023
0.54740 0.55991 0.37272
0.65003 0.36348 0.57966
0.49612 0.44070 0.64498
0.53539 0.40152 0.51038
0.55831 0.46903 0.47151
0.62607 0.54112 0.59768
0.67235 0.44787 0.52016
0.59083 0.38284 0.46845
0.57800 0.46996 0.44315
0.55270 0.45729 0.53882
0.52459 0.49206 0.58933
0.62356 0.49604 0.63425
0.53857 0.59938 0.53898
0.53053 0.46949 0.52948
0.44538 0.39789 0.53148
0.55311 0.46468 0.53932
0.60209 0.41696 0.44113
0.61461 0.52774 0.59558
0.64331 0.52669 0.43544
0.48450 0.48473 0.50653
0.57381 0.33918 0.58440
0.54795 0.39968 0.50489
0.53978 0.34223 0.49718
0.43148 0.52623 0.36368
0.53556 0.53965 0.52923
0.58394 0.38302 0.54867
0.51370 0.56074 0.48742
0.59110 0.48261 0.53510
0.60704 0.52119 0.45477
0.52879 0.55887 0.38603
0.59976 0.52442 0.42097
0.60224 0.48967 0.51482
0.53806 0.49336 0.54209
0.57191 0.41988 0.61465
0.50240 0.33566 0.56276
0.49987 0.46743 0.57379
0.51469 0.42014 0.45496
0.47640 0.46765 0.48071
0.58766 0.52280 0.56140
0.62610 0.50415 0.49592
0.45829 0.42752 0.54572
0.50104 0.34194 0.55188
0.59356 0.48549 0.43856
0.51547 0.33058 0.39768
0.46669 0.40092 0.48871
0.55415 0.41161 0.53202
0.54979 0.71488 0.54411
0.52808 0.42131 0.58503
0.60670 0.40771 0.59016
0.64773 0.38160 0.42570
0.57149 0.43727 0.61916
0.50718 0.55549 0.50427
0.63933 0.40945 0.68891
0.53850 0.44471 0.47007
0.62464 0.43519 0.57280
0.68447 0.39616 0.50321
0.71449 0.56292 0.60421
0.61869 0.43236 0.36284
0.59110 0.35869 0.59132
0.54811 0.50789 0.54603
0.55651 0.37171 0.60550
0.56189 0.32049 0.42472
0.66534 0.61883 0.65365
0.62435 0.38709 0.62535
0.59796 0.56819 0.58498
0.58735 0.40873 0.51515
0.53709 0.41128 0.55577
0.60944 0.37485 0.53079
0.45436 0.47829 0.48061
0.58736 0.50824 0.63584
0.66404 0.52882 0.50338
0.62900 0.46777 0.53253
0.61924 0.67241 0.52307
0.54783 0.38303 0.45124
0.61519 0.28098 0.55861
0.50535 0.53492 0.49954
0.36104 0.35488 0.44291
0.52303 0.60872 0.43492
0.61876 0.42393 0.59677
0.57857 0.46451 0.55989
0.58250 0.43493 0.68622
0.66775 0.62894 0.65138
0.53579 0.43180 0.47058
0.55956 0.40562 0.56296
0.67582 0.60163 0.54813
0.56866 0.34086 0.59115
0.58854 0.43984 0.54950
0.51582 0.35897 0.45180
0.68715 0.35915 0.52534
0.53680 0.37822 0.41142
0.56473 0.37896 0.68378
0.69265 0.55992 0.49115
0.54900 0.61679 0.54327
0.61771 0.24041 0.39587
0.61486 0.46244 0.51807
0.54167 0.47252 0.56649
0.47004 0.45451 0.53971
0.59991 0.31283 0.57563
0.59891 0.56222 0.49489
0.53530 0.49649 0.52074
0.51332 0.47721 0.54082
0.61145 0.61680 0.51152
0.53589 0.45645 0.46672
0.49337 0.52724 0.63125
0.67779 0.46022 0.51814
0.64191 0.56942 0.55103
0.53830 0.34239 0.51940
0.41335 0.39995 0.55062
0.49847 0.45450 0.57786
0.51785 0.48493 0.59881
0.61746 0.47311 0.57998
0.54972 0.42985 0.45061
0.44495 0.34786 0.58102
0.63760 0.49800 0.36333
0.48126 0.51718 0.49547
0.54893 0.51340 0.57717
0.55815 0.52318 0.53454
0.50919 0.54018 0.63484
0.59950 0.47059 0.49981
0.48304 0.57942 0.30886
0.46665 0.44973 0.50604
0.58595 0.37768 0.48109
0.58033 0.49125 0.48901
0.59800 0.47825 0.46236
0.55890 0.47309 0.57545
0.62734 0.46367 0.66407
0.48508 0.49041 0.49856
0.72724 0.55012 0.60147
0.62331 0.46324 0.43649
0.53899 0.51107 0.54078
0.59754 0.49133 0.35507
0.64036 0.40808 0.58344
0.52354 0.49166 0.58142
0.47570 0.54624 0.53829
0.51718 0.36958 0.48108
0.53531 0.46207 0.55675
0.65949 0.43811 0.61109
0.58593 0.49767 0.49160
0.47830 0.38848 0.47139
0.59867 0.52747 0.47341
0.50540 0.53722 0.52207
0.61489 0.50410 0.52064
0.59012 0.42783 0.58389
0.64249 0.54924 0.52239
0.52878 0.49392 0.45988
0.56346 0.58186 0.48639
0.62826 0.54496 0.61321
0.58806 0.30498 0.60096
0.42443 0.45210 0.46164
0.54308 0.41274 0.48485
0.55263 0.60908 0.59015
0.56142 0.50694 0.57429
0.45076 0.46887 0.44000
0.52489 0.42293 0.54458
0.51849 0.49572 0.55324
0.65484 0.45958 0.58252
0.62492 0.43987 0.51718
0.56602 0.47391 0.50763
0.56133 0.64836 0.46253
0.58858 0.54216 0.53070
0.47247 0.38688 0.55327
0.47079 0.41155 0.59290
0.54977 0.53360 0.55677
0.59391 0.49200 0.58258
0.56984 0.30263 0.56862
0.58462 0.45768 0.53939
0.69395 0.53553 0.57124
0.62941 0.55901 0.46574
0.62590 0.40809 0.57746
0.54381 0.52305 0.50574
0.67385 0.54376 0.59550
0.53837 0.53163 0.52450
0.54528 0.47747 0.53763
0.60129 0.46810 0.45651
0.52122 0.51340 0.56411
0.57051 0.46651 0.48235
0.48312 0.42141 0.63354
0.58709 0.45592 0.46417
0.64393 0.48368 0.68845
0.50756 0.49901 0.56551
0.54758 0.42542 0.55879
0.60094 0.44016 0.46694
0.60728 0.53693 0.51144
0.65179 0.49760 0.57850
0.64239 0.47893 0.50784
0.56112 0.41889 0.47603
0.51589 0.50752 0.54944
0.50278 0.41131 0.49276
0.57667 0.41389 0.48818
0.60203 0.43184 0.45507
0.54776 0.47894 0.41211
0.60372 0.43323 0.58827
0.68201 0.57230 0.53648
0.45397 0.40880 0.37334
0.62456 0.46086 0.53258
0.59384 0.44981 0.58151
0.59996 0.44161 0.55762
0.63120 0.31378 0.52992
0.65276 0.47281 0.59431
0.54848 0.39318 0.52834
0.46627 0.42791 0.49323
0.51595 0.45380 0.59315
0.64324 0.49300 0.63987
0.57592 0.49304 0.49499
0.47890 0.51473 0.41165
0.59606 0.36818 0.42845
0.55332 0.45290 0.53732
0.61185 0.47433 0.54708
0.66803 0.60400 0.58048
0.54119 0.60765 0.47889
0.56150 0.43917 0.49603
0.54837 0.50940 0.46896
0.61836 0.37129 0.51396
0.51235 0.35524 0.54525
0.51630 0.46098 0.53639
0.47499 0.40107 0.56897
0.45609 0.54711 0.54644
0.58934 0.46533 0.51867
0.54675 0.52440 0.55112
0.65378 0.46805 0.58343
0.46049 0.53663 0.45158
0.69400 0.49157 0.49101
0.51867 0.45998 0.49136
0.55532 0.38090 0.57459
0.62811 0.46231 0.60148
0.62451 0.44832 0.58492
0.62064 0.54221 0.51120
0.52672 0.48478 0.59047
0.56770 0.26713 0.54731
0.63599 0.53785 0.48233
0.56409 0.52976 0.48840
0.59963 0.58122 0.39253
0.55518 0.51526 0.44492
0.62383 0.45501 0.52098
0.50706 0.45670 0.64834
0.54078 0.34499 0.61020
0.50088 0.48065 0.47702
0.47699 0.38487 0.61306
0.58499 0.42862 0.61060
0.48532 0.51953 0.62492
0.53640 0.43698 0.34977
0.54269 0.46226 0.49691
0.48462 0.44339 0.47177
0.58334 0.44791 0.54014
0.57377 0.40266 0.46834
0.57392 0.37452 0.53844
0.59815 0.48631 0.52563
0.60116 0.38702 0.48716
0.58555 0.45688 0.43440
0.64155 0.50914 0.54177
0.60925 0.52921 0.54891
0.64404 0.32331 0.63949
0.60185 0.56450 0.50086
0.63712 0.47020 0.51819
0.57539 0.42343 0.46843
0.55239 0.36224 0.49974
0.45390 0.45950 0.44914
0.54954 0.40867 0.47274
0.48439 0.44655 0.54884
0.65933 0.36776 0.61556
0.66904 0.48240 0.65822
0.50820 0.50517 0.50107
0.56878 0.35767 0.58239
0.59053 0.53832 0.57976
0.40623 0.40460 0.60437
0.44203 0.44628 0.44546
0.55262 0.39829 0.54025
0.59553 0.49411 0.53315
0.62089 0.51204 0.46422
0.60188 0.47830 0.70834
0.65321 0.46902 0.50794
0.60225 0.42393 0.56324
0.69330 0.58465 0.68314
0.50986 0.35472 0.53498
0.67251 0.45192 0.42118
0.64246 0.50259 0.58307
0.64596 0.43892 0.61684
0.50173 0.46979 0.47269
0.57968 0.46431 0.53006
0.67901 0.48465 0.61211
0.58221 0.41552 0.49853
0.61195 0.51918 0.49277
0.57734 0.51557 0.49002
0.46762 0.56001 0.54728
0.53995 0.43763 0.50853
0.49250 0.41656 0.57005
0.74977 0.45409 0.50254
0.51137 0.47234 0.53640
0.61270 0.39866 0.64449
0.63404 0.49899 0.43593
0.64090 0.40323 0.53005
0.65617 0.48792 0.44464
0.62508 0.48027 0.45278
0.47656 0.52044 0.55365
0.45799 0.40690 0.44097
0.62166 0.51574 0.55309
0.43608 0.45706 0.61494
0.67593 0.50018 0.64308
0.62922 0.33663 0.45016
0.45772 0.39391 0.39050
0.56900 0.34764 0.65936
0.55355 0.43250 0.53847
0.51071 0.50522 0.41337
0.56267 0.40200 0.48466
0.54696 0.43563 0.54249
0.68479 0.54758 0.58788
0.43573 0.43830 0.49225
0.61929 0.54086 0.61640
0.55958 0.52976 0.51012
0.52468 0.34468 0.55594
0.64439 0.49123 0.68164
0.60079 0.42574 0.63380
0.60470 0.46433 0.53564
0.49947 0.42997 0.46429
0.47142 0.47932 0.61687
0.66002 0.46207 0.51033
0.58108 0.52683 0.61558
0.53327 0.32734 0.59708
0.61920 0.48555 0.52586
0.52439 0.48960 0.59669
0.66933 0.44399 0.45598
0.51785 0.43669 0.57039
0.62279 0.37298 0.58854
0.54962 0.47006 0.50357
0.57448 0.40496 0.57238
0.56364 0.52246 0.41477
0.63979 0.46656 0.51641
0.69336 0.53576 0.51760
0.61437 0.45390 0.54862
0.64728 0.46773 0.46220
0.44407 0.40032 0.58389
0.60219 0.53918 0.45211
0.56698 0.58965 0.52375
0.61326 0.49565 0.50975
0.60121 0.38506 0.49313
0.46910 0.44041 0.56540
0.37584 0.54721 0.56005
0.46895 0.48764 0.44182
0.72369 0.48363 0.72954
0.48815 0.61738 0.45418
0.68077 0.47841 0.65188
0.57548 0.39684 0.46909
0.52047 0.29472 0.57370
0.49750 0.43408 0.58478
0.59926 0.35311 0.70202
0.64830 0.60871 0.52414
0.57264 0.45160 0.43398
0.64331 0.48453 0.56216
0.66667 0.46519 0.56048
0.59351 0.53398 0.45682
0.56768 0.40164 0.57735
0.52603 0.52112 0.53970
0.55433 0.44800 0.52761
0.58890 0.55380 0.42214
0.57959 0.40010 0.40253
0.49156 0.54835 0.46220
0.63606 0.54210 0.53154
0.64314 0.43314 0.63838
0.58049 0.58415 0.53090
0.54146 0.52266 0.51896
0.60147 0.41849 0.47480
0.59463 0.48944 0.64158
0.59351 0.34767 0.48472
0.59593 0.47103 0.58879
0.48180 0.63051 0.46424
0.50744 0.45544 0.54921
0.62330 0.39739 0.45987
0.54231 0.42071 0.43326
0.54770 0.58834 0.50574
0.54392 0.40393 0.47797
0.70040 0.47315 0.51019
0.60498 0.54548 0.53581
0.70104 0.44542 0.56547
0.67966 0.52185 0.63953
0.55936 0.55594 0.64102
0.63088 0.55611 0.51487
0.57231 0.63100 0.57699
0.64446 0.52210 0.42101
0.62730 0.38830 0.57779
0.62098 0.37619 0.49035
0.44574 0.48876 0.50142
0.59352 0.44659 0.47610
0.57447 0.56254 0.54123
0.52762 0.40583 0.50048
0.62342 0.36879 0.57715
0.59460 0.40989 0.54572
0.51847 0.39390 0.52829
0.57324 0.34233 0.51170
0.57723 0.57182 0.55303
0.56816 0.46387 0.56596
0.44340 0.41792 0.63872
0.58619 0.56871 0.42081
0.47995 0.50763 0.45703
0.57806 0.63351 0.50467
0.70398 0.50069 0.52347
0.42116 0.47377 0.45827
0.66008 0.44855 0.57145
0.56125 0.36783 0.54121
0.55103 0.41458 0.44251
0.65111 0.41428 0.52812
0.65969 0.52782 0.53271
0.70039 0.50673 0.64051
0.64133 0.51912 0.43987
0.71998 0.49610 0.58892
0.52606 0.35384 0.53608
0.58248 0.52825 0.51343
0.62165 0.55884 0.55242
0.54190 0.49030 0.59992
0.62048 0.47884 0.56503
0.39557 0.47585 0.65619
0.43408 0.46784 0.41237
0.61649 0.58877 0.49045
0.59269 0.47280 0.58498
0.50794 0.47412 0.56127
0.60883 0.51262 0.50149
0.56688 0.40343 0.63935
0.57381 0.50301 0.49177
0.62838 0.42171 0.55510
0.49349 0.54772 0.44168
0.62137 0.45516 0.46037
0.62618 0.49467 0.48004
0.61007 0.39241 0.56316
0.55596 0.52142 0.41724
0.69497 0.49879 0.41688
0.52281 0.50047 0.43724
0.59250 0.38326 0.54143
0.55999 0.52506 0.48480
0.59309 0.39869 0.46213
0.64442 0.49795 0.44958
0.53390 0.43314 0.41628
0.50929 0.38217 0.48520
0.48185 0.33585 0.52522
0.56236 0.36025 0.43156
0.55794 0.57511 0.58499
0.56055 0.36450 0.52202
0.54318 0.46628 0.46505
0.48287 0.45256 0.46545
0.64493 0.60181 0.66923
0.73632 0.57483 0.45172
0.51103 0.48386 0.39550
0.57077 0.56138 0.54119
0.62495 0.41998 0.50139
0.50154 0.42436 0.59218
0.57912 0.47782 0.44887
0.60109 0.35970 0.58129
0.59136 0.23867 0.62514
0.47339 0.40000 0.55913
0.54939 0.59102 0.53051
0.60091 0.31459 0.52055
0.62134 0.49267 0.42152
0.63055 0.44435 0.57457
0.61345 0.53217 0.50067
0.58728 0.55139 0.50096
0.57155 0.53013 0.53679
0.60704 0.49189 0.69165
0.55998 0.57110 0.56986
0.64065 0.49407 0.48611
0.57164 0.55641 0.56350
0.46890 0.45102 0.35491
0.55155 0.53102 0.49991
0.55380 0.38724 0.44129
0.56910 0.48109 0.54214
0.62019 0.48093 0.46958
0.54349 0.34112 0.60144
0.68473 0.53053 0.35667
0.58430 0.56743 0.50912
0.59318 0.48812 0.52628
0.54541 0.48771 0.46642
0.58608 0.47534 0.40823
0.59937 0.50232 0.54142
0.62215 0.46249 0.50003
0.48511 0.39768 0.43372
0.57953 0.42933 0.52244
0.47038 0.38539 0.44122
0.66969 0.45377 0.59905
0.65167 0.37791 0.52661
0.58324 0.45150 0.50475
0.57688 0.39629 0.59753
0.66653 0.39941 0.46685
0.61508 0.59499 0.38242
0.57964 0.42604 0.47227
0.58879 0.51132 0.53781
0.57622 0.49711 0.53498
0.57115 0.50106 0.57156
0.61041 0.46867 0.45392
0.60369 0.39788 0.59160
0.56630 0.55789 0.36576
0.50771 0.44180 0.46488
0.67775 0.35829 0.67817
0.47870 0.42646 0.56682
0.68665 0.53991 0.53293
0.48521 0.47608 0.42526
0.52037 0.45176 0.57123
0.61178 0.49478 0.48923
0.67666 0.51823 0.59073
0.67780 0.53083 0.60876
0.56740 0.50522 0.60635
0.60168 0.59919 0.40904
0.57759 0.41285 0.53488
0.52334 0.39747 0.49243
0.53099 0.42403 0.45484
0.64710 0.48039 0.52487
0.46978 0.47502 0.50647
0.49591 0.51078 0.44764
0.38232 0.38313 0.61417
0.79167 0.46373 0.60702
0.60029 0.54017 0.56523
0.58002 0.42993 0.58375
0.48099 0.57169 0.33745
0.42520 0.43956 0.54795
0.53449 0.41037 0.45263
0.60944 0.55032 0.61678
0.52596 0.48089 0.48734
0.48000 0.47930 0.41102
0.71829 0.46457 0.46610
0.67373 0.34228 0.53078
0.58011 0.48107 0.54412
0.58114 0.43965 0.65984
0.49011 0.44029 0.55287
0.54351 0.44512 0.61782
0.56736 0.43328 0.58973
0.52989 0.37289 0.48371
0.49328 0.54388 0.50872
0.58237 0.38819 0.59164
0.55854 0.33527 0.58858
0.57056 0.38878 0.47926
0.52256 0.46506 0.51815
0.60414 0.47319 0.46860
0.53106 0.41154 0.53828
0.60251 0.46099 0.52972
0.62234 0.44646 0.58757
0.62735 0.58092 0.49776
0.65221 0.44025 0.66166
0.65564 0.48267 0.50208
0.54642 0.55663 0.45586
0.60365 0.48435 0.49404
0.64708 0.47409 0.43052
0.56624 0.40493 0.63816
0.42733 0.40756 0.46126
0.56463 0.47769 0.60431
0.57903 0.39253 0.53847
0.56163 0.37846 0.62272
0.56373 0.48188 0.51081
0.55571 0.57406 0.52153
0.43710 0.61212 0.42744
0.63355 0.44332 0.46638
0.59502 0.50705 0.57386
0.57331 0.44697 0.49241
0.45772 0.47528 0.54000
0.47913 0.46958 0.49985
0.60360 0.46366 0.55830
0.56724 0.35001 0.41986
0.54637 0.52202 0.51502
0.45909 0.43165 0.42380
0.49656 0.39348 0.40682
0.51220 0.46438 0.46903
0.53551 0.54664 0.50230
0.67051 0.51411 0.48604
0.54851 0.43512 0.62562
0.57248 0.55481 0.58830
0.54874 0.43155 0.33771
0.61712 0.31615 0.50386
0.66196 0.39146 0.50879
0.64344 0.44354 0.47731
0.61112 0.50132 0.57171
0.58958 0.47115 0.56229
0.44506 0.46825 0.45234
0.65438 0.56632 0.57121
0.67599 0.51680 0.56160
0.56465 0.48338 0.45315
0.62688 0.34455 0.49353
0.58904 0.43890 0.52194
0.54526 0.54313 0.61559
0.59771 0.45231 0.62943
0.54305 0.45649 0.58824
0.53319 0.43620 0.52754
0.53725 0.36876 0.28823
0.56396 0.39534 0.49701
0.69733 0.50507 0.53340
0.61874 0.45116 0.57169
0.41260 0.48790 0.64285
0.48545 0.50394 0.52148
0.53867 0.36744 0.43924
0.37831 0.41753 0.49927
0.62339 0.57343 0.58397
0.54241 0.56006 0.42986
0.53145 0.46657 0.59390
0.56264 0.44232 0.47954
0.58989 0.52881 0.54842
0.60728 0.48461 0.53998
0.54518 0.46208 0.46955
0.45388 0.37749 0.49197
0.62743 0.57996 0.42077
0.55063 0.37408 0.50970
0.61423 0.42035 0.55203
0.62549 0.34979 0.58541
0.56374 0.41045 0.56367
0.41869 0.38266 0.55077
0.48200 0.50146 0.47590
0.56506 0.49515 0.50937
0.57163 0.52428 0.50470
0.67445 0.46006 0.47421
0.61227 0.60115 0.47769
0.55810 0.54545 0.46985
0.52758 0.50823 0.51194
0.51486 0.62466 0.50486
0.58874 0.53753 0.53684
0.48604 0.42425 0.53230
0.51004 0.35484 0.59765
0.54282 0.31629 0.49116
0.69486 0.49277 0.60772
0.63865 0.54356 0.67441
0.65459 0.59971 0.57375
0.55267 0.55689 0.61083
0.59516 0.48244 0.55875
0.55112 0.43298 0.49181
0.56179 0.58811 0.43125
0.43081 0.45067 0.51775
0.72192 0.42242 0.59232
0.53175 0.47160 0.38838
0.52022 0.43771 0.44994
0.60007 0.44733 0.60350
0.53186 0.44488 0.40921
0.67123 0.48177 0.55705
0.64994 0.42025 0.51324
0.71028 0.47519 0.73847
0.47874 0.42741 0.46154
0.60712 0.57611 0.58481
0.44970 0.43460 0.52130
0.56381 0.41740 0.47356
0.56099 0.47339 0.56094
0.67006 0.38300 0.52274
0.53904 0.39296 0.55779
0.43779 0.40714 0.45100
0.61039 0.42671 0.60398
0.55958 0.22427 0.51289
0.63376 0.54810 0.65522
0.61751 0.51638 0.47665
0.58753 0.45835 0.58747
0.55117 0.59216 0.60941
0.50456 0.46699 0.44440
0.56627 0.47322 0.51680
0.60463 0.45276 0.46215
0.46501 0.42213 0.59333
0.60881 0.51553 0.58769
0.53439 0.43758 0.39266
0.51236 0.40382 0.60179
0.52260 0.56873 0.49768
0.60065 0.48879 0.51842
0.62643 0.48633 0.61052
0.58153 0.43356 0.40870
0.44891 0.44025 0.51115
0.54002 0.51718 0.57619
0.57610 0.45237 0.52887
0.48480 0.36694 0.57121
0.53916 0.43606 0.59017
0.52648 0.47382 0.54383
0.59681 0.39159 0.51232
0.40529 0.45996 0.49289
0.55287 0.46003 0.46170
0.63879 0.50329 0.47510
0.53041 0.47400 0.55450
0.57873 0.39628 0.57728
0.59662 0.40337 0.53701
0.62636 0.48232 0.47218
0.50915 0.38921 0.42951
0.63478 0.63289 0.61404
0.56508 0.56604 0.50805
0.59394 0.48866 0.56258
0.71243 0.51574 0.62051
0.58850 0.40066 0.49103
0.64833 0.69412 0.52898
0.64840 0.57104 0.59594
0.42505 0.44309 0.49195
0.54206 0.37452 0.47767
0.63724 0.42368 0.61949
0.44429 0.48697 0.32436
0.54515 0.51774 0.50737
0.63714 0.52522 0.51323
0.67014 0.33573 0.60235
0.59837 0.37265 0.66396
0.65908 0.54788 0.51376
0.50292 0.46011 0.42250
0.56148 0.46128 0.46642
0.53390 0.44185 0.50285
0.60093 0.44257 0.47042
0.52862 0.39420 0.48511
0.53441 0.43095 0.48645
0.60169 0.56059 0.57011
0.62172 0.35733 0.54549
0.69054 0.59742 0.49884
0.62291 0.53029 0.52611
0.52191 0.44357 0.54139
0.55999 0.42330 0.40561
0.57421 0.53520 0.38231
0.46807 0.47937 0.56064
0.56044 0.49868 0.64003
0.59600 0.50724 0.60909
0.60173 0.52453 0.37798
0.50963 0.46291 0.46164
0.56565 0.40276 0.57109
0.59477 0.54394 0.48342
0.63914 0.39568 0.67582
0.58959 0.55634 0.62633
0.55089 0.26462 0.55129
0.66799 0.54616 0.53081
0.54389 0.51379 0.52436
0.55463 0.47683 0.57812
0.50324 0.49417 0.49363
0.51708 0.47823 0.52277
0.54517 0.41078 0.57510
0.52256 0.37514 0.47477
0.58657 0.44739 0.49602
0.61625 0.46252 0.65162
0.58287 0.46840 0.43790
0.63002 0.47166 0.52986
0.46271 0.48811 0.57570
0.50333 0.46031 0.42807
0.61810 0.49451 0.49080
0.58048 0.41971 0.58046
0.49052 0.50135 0.47010
0.52944 0.55456 0.39026
0.62608 0.47938 0.51485
0.58597 0.38027 0.39846
0.45758 0.49285 0.41238
0.61881 0.48049 0.53278
0.61058 0.52871 0.40318
0.59266 0.46608 0.54243
0.72182 0.49760 0.47628
0.52858 0.48301 0.49399
0.50924 0.50075 0.56302
0.56422 0.50241 0.56011
0.68965 0.58290 0.44510
0.59346 0.51052 0.32246
0.50495 0.42362 0.50987
0.56991 0.44841 0.62695
0.50179 0.42968 0.69179
0.53506 0.43721 0.47344
0.56337 0.52238 0.49662
0.68504 0.53554 0.61791
0.44832 0.43861 0.48083
0.54582 0.42973 0.48404
0.62799 0.45266 0.58320
0.52728 0.63586 0.40263
0.60895 0.32998 0.39980
0.55343 0.49179 0.46092
0.58850 0.40597 0.68708
0.58527 0.52720 0.57641
0.57330 0.39433 0.49942
0.44333 0.38024 0.46509
0.55313 0.49934 0.54713
0.68985 0.42823 0.62476
0.59361 0.39493 0.57825
0.67581 0.50223 0.65361
0.49497 0.32309 0.60284
0.60576 0.50585 0.54439
0.56180 0.49281 0.49006
0.43374 0.38458 0.40942
0.59642 0.49252 0.51087
0.52418 0.51936 0.49599
0.65739 0.46630 0.54852
0.53558 0.31223 0.53397
0.61549 0.51276 0.51624
0.59436 0.51226 0.46974
0.64487 0.44415 0.58897
0.49478 0.46735 0.52524
0.61589 0.58568 0.54763
0.67238 0.40362 0.59439
0.56911 0.47338 0.57577
0.53671 0.38014 0.41348
0.65239 0.49849 0.55749
0.57440 0.47802 0.49180
0.61412 0.54388 0.58715
0.51674 0.53851 0.51067
0.61038 0.42285 0.58870
0.59630 0.42593 0.44075
0.54496 0.41990 0.46227
0.59554 0.37683 0.53193
0.54603 0.45649 0.55420
0.54113 0.45741 0.54839
0.72652 0.49576 0.50542
0.48595 0.35880 0.49626
0.56471 0.48066 0.56183
0.66010 0.46147 0.53594
0.57114 0.41432 0.47402
0.65241 0.51956 0.42668
0.56986 0.48549 0.58785
0.52333 0.39796 0.53478
0.56345 0.34961 0.54573
0.53305 0.48541 0.42239
0.64319 0.50603 0.54044
0.46184 0.42371 0.44380
0.64677 0.49644 0.53252
0.69482 0.51376 0.53601
0.58310 0.53361 0.53678
0.56665 0.45380 0.48999
0.49303 0.54876 0.50157
0.62071 0.45620 0.44244
0.56022 0.42529 0.53074
0.59082 0.53693 0.52962
0.51341 0.58429 0.54385
0.55361 0.51139 0.51154
0.61002 0.52986 0.59148
0.53707 0.49408 0.64292
0.49025 0.43658 0.56175
0.69305 0.45601 0.61009
0.62974 0.46339 0.61958
0.48943 0.46452 0.46691
0.64162 0.54110 0.58568
0.61643 0.46874 0.66420
0.58374 0.51003 0.54730
0.50382 0.40691 0.52054
0.52868 0.47588 0.46763
0.62859 0.39849 0.48801
0.64219 0.53917 0.46945
0.47337 0.47752 0.55744
0.65104 0.40110 0.50655
0.52974 0.45415 0.48270
0.54009 0.46707 0.51511
0.61480 0.42401 0.57543
0.64870 0.55714 0.67109
0.56265 0.52043 0.60350
0.61426 0.51816 0.57113
0.46126 0.47582 0.45979
0.64028 0.46302 0.55733
0.58796 0.43011 0.49669
0.51896 0.51885 0.43620
0.62764 0.49829 0.56816
0.61269 0.47044 0.52351
0.42064 0.44050 0.46081
0.60799 0.39795 0.63880
0.54020 0.38653 0.53858
0.68359 0.53223 0.45654
0.56385 0.42873 0.60527
0.50027 0.39015 0.55357
0.52197 0.33800 0.56253
0.54929 0.49292 0.37418
0.47018 0.40140 0.46848
0.52911 0.49046 0.57439
0.58946 0.53217 0.57505
0.55856 0.40735 0.47431
0.53083 0.41307 0.55919
0.52576 0.48107 0.42757
0.59832 0.47970 0.44472
0.68460 0.64007 0.53481
0.51057 0.32305 0.45310
0.60048 0.51415 0.66984
0.52509 0.43022 0.51035
0.56994 0.51141 0.48999
0.53701 0.50397 0.47985
0.64837 0.40524 0.58801
0.54763 0.52072 0.59242
0.63036 0.39838 0.58454
0.54686 0.44031 0.45153
0.64768 0.56716 0.50508
0.61496 0.55505 0.47072
0.56863 0.54609 0.48721
0.60242 0.44486 0.49294
0.56010 0.31943 0.36083
