20 6 1000 10077 59
0.63402 0.30000 0.62347
0.63679 0.31857 0.77360
0.70955 0.53401 0.19465
0.72897 0.39998 0.93588
0.35152 0.92631 0.39001
0.27243 0.24916 0.30570
0.45144 0.43194 0.49761
0.56684 0.34191 0.61617
0.63043 0.39680 0.60747
0.49082 0.68174 0.54398
0.57087 0.41856 0.63228
0.60561 0.41650 0.54233
0.45925 0.44267 0.50730
0.46524 0.31578 0.49620
0.61870 0.34348 0.73604
0.60464 0.53254 0.59195
0.60895 0.47100 0.62412
0.42723 0.59433 0.45512
0.51630 0.61032 0.41187
0.42115 0.39109 0.42511
0.56083 0.52687 0.57662
0.48782 0.57373 0.52812
0.63187 0.33105 0.72406
0.62073 0.39653 0.61016
0.62860 0.49516 0.38102
0.50031 0.60062 0.58545
0.61721 0.47586 0.43259
0.52482 0.36850 0.52281
0.53116 0.53975 0.43733
0.57759 0.40617 0.63119
0.60811 0.46200 0.57766
0.62988 0.48569 0.75100
0.57126 0.58085 0.37095
0.61926 0.51393 0.31658
0.63611 0.39021 0.58810
0.46363 0.57587 0.53415
0.54103 0.50098 0.49845
0.59590 0.35719 0.64811
0.61106 0.46606 0.70209
0.56478 0.31827 0.62025
0.60802 0.47015 0.49693
0.64476 0.38244 0.71600
0.46316 0.33353 0.50161
0.68687 0.38123 0.74316
0.55204 0.49904 0.60650
0.54808 0.45634 0.56678
0.57883 0.49530 0.60514
0.46907 0.33414 0.53373
0.64209 0.36209 0.74813
0.51321 0.40058 0.55580
0.52185 0.63628 0.47767
0.52668 0.62917 0.46415
0.47114 0.48891 0.50358
0.49909 0.53821 0.54246
0.56900 0.43286 0.63044
0.56606 0.37164 0.49077
0.48905 0.38397 0.46824
0.45223 0.56522 0.40059
0.62679 0.39530 0.72700
0.53394 0.54658 0.38754
0.57386 0.51705 0.57095
0.66818 0.34804 0.76111
0.57539 0.35638 0.57910
0.53918 0.37900 0.55736
0.50164 0.52193 0.56444
0.66594 0.46329 0.60673
0.45589 0.32838 0.46738
0.61130 0.51527 0.66860
0.46318 0.59373 0.45285
0.50810 0.35784 0.58332
0.63291 0.50986 0.39005
0.60519 0.34611 0.67072
0.45796 0.50864 0.44729
0.46339 0.32088 0.53917
0.54207 0.54749 0.49317
0.57349 0.36954 0.62386
0.66025 0.46698 0.39578
0.53310 0.43274 0.54383
0.43479 0.73464 0.45654
0.66916 0.44703 0.44086
0.62777 0.35850 0.75262
0.45712 0.44093 0.46912
0.55751 0.52885 0.48871
0.66050 0.38180 0.56003
0.47590 0.54150 0.48341
0.52542 0.56591 0.59892
0.47486 0.57477 0.52294
0.61700 0.35223 0.67581
0.56214 0.55770 0.56478
0.65395 0.36532 0.64662
0.54752 0.54577 0.56631
0.56678 0.51122 0.57405
0.57253 0.46108 0.56861
0.48614 0.34983 0.52533
0.57613 0.46574 0.66333
0.49395 0.40004 0.55931
0.58230 0.52420 0.51544
0.64243 0.40279 0.73389
0.57408 0.42046 0.59850
0.51420 0.48633 0.46269
0.47175 0.63744 0.44309
0.57033 0.44781 0.65162
0.51643 0.37381 0.54652
0.44832 0.71466 0.50545
0.57817 0.50825 0.55755
0.56690 0.41507 0.58881
0.64927 0.39457 0.59000
0.61654 0.40839 0.65220
0.62784 0.40667 0.76289
0.49093 0.55204 0.54175
0.58639 0.38817 0.49371
0.49839 0.45082 0.34353
0.57967 0.42744 0.56041
0.56786 0.43613 0.31989
0.51425 0.41823 0.60253
0.52494 0.61698 0.38135
0.50064 0.41105 0.56861
0.66376 0.37548 0.63981
0.48984 0.41217 0.39108
0.46828 0.64136 0.52335
0.59387 0.39328 0.56997
0.67112 0.39097 0.63941
0.56685 0.40205 0.42663
0.55090 0.49629 0.64939
0.61575 0.47555 0.47342
0.53823 0.37740 0.43404
0.50580 0.30740 0.55763
0.53919 0.48477 0.50464
0.65831 0.49805 0.31069
0.40062 0.33011 0.45543
0.46011 0.48774 0.39988
0.54220 0.37573 0.50924
0.54132 0.40576 0.53615
0.53704 0.39106 0.58613
0.57791 0.52360 0.49374
0.45639 0.58787 0.38751
0.62327 0.44915 0.41241
0.52628 0.46113 0.45672
0.60947 0.49608 0.63580
0.46091 0.36387 0.53032
0.41782 0.59886 0.44528
0.66019 0.38480 0.54581
0.55288 0.42758 0.48991
0.52060 0.49027 0.57867
0.54371 0.55032 0.55204
0.56290 0.58405 0.66773
0.60413 0.39510 0.54663
0.46615 0.42749 0.51572
0.46964 0.44720 0.46870
0.53287 0.44099 0.63310
0.45174 0.50303 0.52276
0.56376 0.32038 0.65825
0.42108 0.71044 0.44970
0.53729 0.37642 0.48072
0.57828 0.39900 0.44997
0.59636 0.37327 0.53398
0.52529 0.41932 0.61689
0.61806 0.39016 0.63577
0.58535 0.51859 0.45404
0.55481 0.48799 0.49010
0.63197 0.43962 0.67530
0.45092 0.45227 0.48846
0.52674 0.45415 0.60627
0.65378 0.39464 0.60972
0.59333 0.35200 0.60957
0.60789 0.49335 0.60829
0.50607 0.45853 0.57770
0.52504 0.40939 0.48557
0.48083 0.58350 0.43023
0.50020 0.41234 0.51870
0.57163 0.51727 0.52521
0.48825 0.43993 0.52573
0.53204 0.43345 0.58432
0.63698 0.33469 0.68555
0.54408 0.58094 0.56873
0.59450 0.45104 0.55754
0.57937 0.42280 0.61344
0.57297 0.38085 0.65750
0.55283 0.32284 0.59247
0.61682 0.52581 0.48889
0.60005 0.48287 0.56894
0.59086 0.45543 0.48264
0.59377 0.50166 0.57800
0.68677 0.49795 0.33203
0.61470 0.44318 0.54878
0.61070 0.46823 0.74021
0.41241 0.31704 0.44034
0.58361 0.48587 0.58039
0.60287 0.47293 0.58409
0.68127 0.42678 0.83224
0.55362 0.47348 0.42883
0.45740 0.61395 0.50502
0.52474 0.59241 0.41789
0.50994 0.37062 0.51094
0.57760 0.39009 0.57338
0.55223 0.46926 0.61275
0.62602 0.46532 0.42340
0.60741 0.44893 0.53429
0.57048 0.40248 0.53711
0.62067 0.46858 0.51303
0.49101 0.62997 0.50551
0.53880 0.35742 0.63213
0.62711 0.36019 0.67567
0.45540 0.60323 0.50052
0.52558 0.36559 0.57515
0.62436 0.49691 0.37043
0.56889 0.57354 0.63953
0.59788 0.45342 0.68503
0.53509 0.37770 0.53627
0.48300 0.37616 0.56747
0.59375 0.38831 0.57131
0.43380 0.72346 0.47591
0.59666 0.46423 0.59950
0.60445 0.52544 0.67480
0.50865 0.59116 0.47787
0.55245 0.46297 0.55976
0.53297 0.32689 0.55388
0.48288 0.70789 0.56186
0.52621 0.58008 0.58214
0.63558 0.39883 0.72365
0.55657 0.51869 0.58317
0.65952 0.46433 0.41774
0.53757 0.59012 0.48829
0.61563 0.52642 0.51008
0.48393 0.64760 0.49628
0.64018 0.47049 0.53085
0.43022 0.65835 0.46721
0.34735 0.34233 0.38938
0.52914 0.55500 0.45148
0.55833 0.44945 0.61034
0.49114 0.61569 0.44986
0.53280 0.49034 0.56158
0.58652 0.44803 0.58538
0.49726 0.59659 0.46833
0.55201 0.38751 0.65124
0.50113 0.52953 0.49671
0.59945 0.36308 0.50281
0.49618 0.54307 0.47778
0.55613 0.46744 0.66333
0.53920 0.36191 0.45404
0.62218 0.45322 0.59373
0.53157 0.54113 0.49191
0.60276 0.49965 0.37103
0.64984 0.40302 0.74256
0.57295 0.38971 0.58897
0.50741 0.31553 0.52042
0.55145 0.65561 0.43216
0.63872 0.38042 0.66605
0.63728 0.41869 0.47443
0.53231 0.51783 0.49548
0.52859 0.59309 0.44718
0.61942 0.38383 0.53574
0.52845 0.33855 0.60283
0.53169 0.51585 0.56360
0.61635 0.39093 0.54522
0.57234 0.43472 0.48803
0.61574 0.42869 0.66659
0.52409 0.48002 0.58418
0.58105 0.34873 0.67659
0.50555 0.42453 0.35567
0.59458 0.40262 0.46674
0.46349 0.51452 0.42928
0.51641 0.59279 0.59232
0.50545 0.40478 0.45762
0.56208 0.48834 0.45468
0.52186 0.43586 0.56856
0.57661 0.38804 0.50235
0.51881 0.45488 0.51053
0.63175 0.41032 0.53898
0.63836 0.42948 0.72703
0.50125 0.43677 0.38693
0.47626 0.39209 0.49967
0.57966 0.53953 0.66575
0.58863 0.44060 0.64987
0.59816 0.36015 0.54559
0.59597 0.46916 0.51804
0.56002 0.44517 0.40611
0.51758 0.41788 0.57461
0.54195 0.51869 0.52477
0.52317 0.59738 0.50908
0.57199 0.47080 0.59971
0.63981 0.43251 0.44416
0.60441 0.46208 0.58823
0.54589 0.41006 0.64912
0.61913 0.36247 0.74012
0.54252 0.33854 0.54831
0.54635 0.52362 0.56786
0.61328 0.39345 0.71470
0.63697 0.40399 0.67318
0.48767 0.61391 0.41693
0.62354 0.45202 0.62770
0.50453 0.34215 0.54798
0.63006 0.40794 0.55355
0.44686 0.32408 0.52234
0.52237 0.33437 0.48042
0.51811 0.54049 0.52936
0.49336 0.40679 0.38847
0.49640 0.67893 0.41764
0.53055 0.54695 0.52365
0.45452 0.34663 0.47955
0.52761 0.35968 0.52912
0.48579 0.51572 0.53366
0.59866 0.46647 0.42433
0.64883 0.45731 0.67322
0.54784 0.52167 0.60749
0.56057 0.41832 0.45786
0.56415 0.39571 0.55778
0.56048 0.55584 0.37896
0.54097 0.54579 0.56600
0.50983 0.64145 0.42480
0.52485 0.36376 0.61262
0.59493 0.39864 0.44388
0.50118 0.47102 0.53506
0.52888 0.55617 0.47851
0.52521 0.57104 0.53392
0.58622 0.38504 0.46563
0.60921 0.38385 0.61456
0.48653 0.35790 0.51615
0.51569 0.54744 0.55999
0.64748 0.41379 0.56468
0.60272 0.41012 0.56359
0.62438 0.34826 0.60026
0.63281 0.40883 0.46869
0.57013 0.48477 0.59066
0.50768 0.51811 0.44169
0.47286 0.69160 0.48896
0.58440 0.52398 0.39092
0.55230 0.50835 0.48532
0.50258 0.34624 0.53574
0.49216 0.60510 0.41861
0.54007 0.58357 0.49433
0.52833 0.34764 0.53025
0.57893 0.53865 0.41103
0.63998 0.33233 0.71789
0.55411 0.33379 0.66684
0.67311 0.37147 0.72834
0.54183 0.39958 0.52776
0.66764 0.37441 0.80105
0.61409 0.45275 0.51365
0.46892 0.37217 0.33066
0.47364 0.47790 0.39939
0.50680 0.45029 0.41054
0.56790 0.49161 0.56025
0.52626 0.43701 0.60310
0.49954 0.46007 0.47480
0.61106 0.40427 0.64663
0.51050 0.60278 0.45787
0.61077 0.45427 0.44593
0.57132 0.38387 0.60156
0.61112 0.50383 0.49579
0.54163 0.45590 0.58559
0.59484 0.41894 0.69853
0.44151 0.49989 0.43577
0.43443 0.68277 0.48233
0.60372 0.41507 0.56609
0.53944 0.61425 0.56571
0.54659 0.36349 0.47392
0.62104 0.37413 0.72364
0.56156 0.35552 0.56097
0.58901 0.58193 0.44406
0.63429 0.51421 0.52417
0.56119 0.37069 0.65024
0.58857 0.50419 0.48617
0.64551 0.39510 0.62093
0.62307 0.43102 0.58474
0.56801 0.36275 0.53123
0.63473 0.49549 0.41428
0.51604 0.60098 0.61771
0.55125 0.41990 0.43974
0.64556 0.49181 0.49933
0.54700 0.42639 0.63960
0.63703 0.41318 0.59829
0.51848 0.63841 0.48156
0.62049 0.47602 0.31924
0.61659 0.51558 0.57992
0.56508 0.32914 0.54510
0.56925 0.48180 0.63528
0.58233 0.41811 0.62582
0.57112 0.55571 0.39814
0.48217 0.48737 0.42031
0.68248 0.44363 0.51750
0.63371 0.36275 0.54952
0.53441 0.48001 0.38888
0.62434 0.43630 0.71682
0.61976 0.41350 0.74202
0.58492 0.33759 0.50592
0.61347 0.49323 0.59275
0.54090 0.57984 0.41720
0.60032 0.42666 0.66117
0.52972 0.35511 0.57344
0.60686 0.50585 0.27350
0.48176 0.53441 0.48822
0.48403 0.36336 0.41199
0.59580 0.41798 0.69607
0.57828 0.44263 0.49850
0.62024 0.43515 0.39540
0.43457 0.32560 0.45985
0.53102 0.43270 0.51223
0.58105 0.53928 0.56663
0.65232 0.41978 0.72656
0.57969 0.54166 0.59314
0.52035 0.32633 0.55843
0.60240 0.60667 0.29515
0.42471 0.46652 0.39110
0.53061 0.68251 0.38573
0.58027 0.57578 0.70558
0.42318 0.54286 0.41247
0.56992 0.44849 0.59197
0.64116 0.48811 0.45345
0.53843 0.63699 0.55772
0.51923 0.52131 0.59464
0.55959 0.37018 0.51762
0.55510 0.51221 0.59776
0.57306 0.45839 0.62763
0.54259 0.51296 0.50312
0.42883 0.30453 0.47920
0.43447 0.78333 0.47075
0.59607 0.53765 0.43899
0.50249 0.67015 0.43379
0.60552 0.40985 0.45386
0.57130 0.50199 0.48038
0.46320 0.59656 0.38317
0.53626 0.67044 0.37804
0.55477 0.36055 0.60518
0.62467 0.34870 0.60759
0.52985 0.60105 0.44970
0.68112 0.46990 0.48046
0.59613 0.42067 0.53918
0.59802 0.35840 0.53400
0.48438 0.60041 0.45557
0.62211 0.37977 0.68477
0.62774 0.40372 0.60742
0.48483 0.34095 0.50668
0.50511 0.31377 0.56466
0.55760 0.43009 0.52849
0.46585 0.41395 0.33447
0.62190 0.32541 0.67610
0.44800 0.58856 0.43791
0.61236 0.53074 0.45518
0.60993 0.45716 0.43248
0.62001 0.52918 0.56587
0.55762 0.62370 0.62521
0.62612 0.51693 0.51672
0.50713 0.36581 0.52769
0.59128 0.45831 0.63317
0.60030 0.34753 0.61545
0.50484 0.48708 0.57648
0.50812 0.31410 0.55875
0.59346 0.45700 0.41780
0.50518 0.32799 0.56968
0.54204 0.33079 0.52720
0.59402 0.32025 0.61696
0.62866 0.37678 0.71323
0.44444 0.38595 0.51783
0.51762 0.58325 0.61060
0.56026 0.38208 0.63507
0.50187 0.49445 0.42313
0.55314 0.44971 0.46200
0.44350 0.45939 0.41483
0.48169 0.63640 0.49186
0.54109 0.34397 0.57110
0.64950 0.42436 0.47620
0.62745 0.47480 0.56684
0.55264 0.45842 0.61693
0.50044 0.51674 0.55924
0.51828 0.51915 0.41046
0.59478 0.43655 0.67362
0.63823 0.38043 0.69079
0.45631 0.63280 0.41164
0.62277 0.38097 0.60254
0.54032 0.50545 0.47490
0.54857 0.44364 0.45630
0.63743 0.35436 0.61290
0.67723 0.37660 0.81854
0.61849 0.53756 0.36153
0.51688 0.45092 0.56024
0.48807 0.67593 0.47983
0.55964 0.58255 0.58965
0.65662 0.41351 0.60388
0.59340 0.36323 0.63975
0.44186 0.66427 0.48264
0.57800 0.45498 0.58224
0.42922 0.62045 0.44578
0.62571 0.43021 0.53740
0.46886 0.74024 0.50313
0.60435 0.45049 0.32751
0.42788 0.35233 0.37854
0.57502 0.44099 0.51196
0.48675 0.68348 0.40581
0.46848 0.64340 0.43019
0.52498 0.32943 0.56530
0.62783 0.41513 0.67190
0.60191 0.50634 0.36926
0.61029 0.37188 0.58355
0.51513 0.51832 0.58190
0.59689 0.37603 0.69206
0.45657 0.56303 0.51570
0.49360 0.44613 0.51424
0.59020 0.40981 0.51589
0.55100 0.51273 0.55669
0.62273 0.45049 0.56018
0.44428 0.46392 0.47837
0.59429 0.40750 0.71637
0.48691 0.51911 0.52179
0.63124 0.40540 0.73022
0.46659 0.46935 0.55272
0.63191 0.38353 0.71256
0.59656 0.43771 0.54416
0.58629 0.52330 0.60609
0.53607 0.41625 0.53411
0.50223 0.33586 0.54314
0.59357 0.35538 0.57240
0.61034 0.42818 0.55305
0.60863 0.39221 0.54642
0.63376 0.52802 0.39851
0.50606 0.61315 0.43415
0.60090 0.42181 0.64807
0.50331 0.58496 0.54344
0.64837 0.40766 0.68884
0.66276 0.47201 0.63317
0.55781 0.44144 0.54885
0.59805 0.45048 0.41406
0.59514 0.48159 0.38001
0.58656 0.41808 0.64385
0.58992 0.35469 0.65435
0.62031 0.39200 0.65406
0.41576 0.42496 0.44418
0.51341 0.45865 0.53592
0.48146 0.61928 0.43664
0.65154 0.42592 0.58768
0.62730 0.42317 0.68489
0.42329 0.36304 0.49649
0.55963 0.34731 0.60320
0.52921 0.65737 0.33442
0.57132 0.56349 0.45978
0.49196 0.39428 0.53764
0.50393 0.35700 0.50670
0.54548 0.52556 0.55767
0.55189 0.33343 0.50859
0.59531 0.48736 0.39969
0.48779 0.47985 0.44557
0.62504 0.35356 0.55718
0.57251 0.47003 0.52985
0.61573 0.40396 0.69141
0.50417 0.37392 0.41956
0.65873 0.45878 0.41171
0.59481 0.40568 0.66695
0.56306 0.54973 0.46040
0.39565 0.68646 0.41960
0.55463 0.51314 0.62314
0.50917 0.36911 0.53779
0.46742 0.50699 0.36167
0.61130 0.36341 0.63345
0.62533 0.51574 0.41321
0.59561 0.38962 0.55322
0.58818 0.53598 0.42440
0.59659 0.42948 0.52610
0.52952 0.40529 0.51433
0.62505 0.49925 0.70550
0.58024 0.43042 0.69786
0.50546 0.34619 0.46302
0.48453 0.36973 0.53698
0.58464 0.46334 0.47174
0.56875 0.40504 0.49456
0.55868 0.52606 0.31547
0.58846 0.41633 0.35279
0.62460 0.47305 0.55631
0.55332 0.54191 0.45384
0.50118 0.43514 0.47834
0.50896 0.49931 0.38786
0.55592 0.49739 0.58127
0.64971 0.44944 0.58854
0.56081 0.44138 0.42516
0.52496 0.45896 0.49420
0.46994 0.33881 0.52981
0.51799 0.53847 0.59435
0.61243 0.35626 0.70951
0.57331 0.55770 0.44166
0.58995 0.37011 0.66814
0.53703 0.43686 0.59566
0.60807 0.47417 0.56979
0.56750 0.38532 0.45531
0.62223 0.39210 0.62884
0.59584 0.43456 0.67638
0.51889 0.51159 0.52286
0.47485 0.37644 0.36846
0.50279 0.54261 0.53411
0.45304 0.64485 0.51989
0.41506 0.70172 0.47240
0.61099 0.33652 0.65100
0.63276 0.41072 0.51914
0.37821 0.60313 0.42922
0.38401 0.46438 0.43605
0.48617 0.65328 0.45170
0.55602 0.52890 0.59225
0.41560 0.69058 0.41652
0.62067 0.45550 0.41467
0.54468 0.37145 0.57364
0.54460 0.38840 0.46046
0.57993 0.47358 0.63155
0.54567 0.47250 0.44085
0.55104 0.39900 0.53295
0.59960 0.39609 0.68015
0.65382 0.46862 0.42573
0.56928 0.43734 0.52206
0.64111 0.43541 0.55471
0.59816 0.41207 0.62172
0.44982 0.52742 0.51047
0.50925 0.38833 0.45853
0.45410 0.35497 0.43461
0.54333 0.56282 0.46723
0.57130 0.56841 0.68661
0.44534 0.72405 0.50925
0.47728 0.54517 0.44701
0.60985 0.46405 0.50575
0.49204 0.35398 0.41498
0.42093 0.74998 0.40262
0.52132 0.41603 0.51818
0.57706 0.39995 0.47446
0.54787 0.65142 0.40290
0.44688 0.52766 0.38104
0.55931 0.37759 0.48087
0.47324 0.47679 0.36816
0.58970 0.39779 0.61483
0.44120 0.47452 0.46454
0.63239 0.37084 0.65129
0.44137 0.64876 0.47010
0.65479 0.38962 0.64352
0.59920 0.45275 0.53636
0.47784 0.44178 0.49194
0.58522 0.43966 0.53491
0.63667 0.41014 0.54464
0.66843 0.48146 0.46057
0.56472 0.48915 0.51485
0.64836 0.38138 0.66901
0.53246 0.50994 0.56384
0.61308 0.41489 0.66230
0.55137 0.54372 0.44815
0.48413 0.58109 0.46839
0.55080 0.44236 0.51684
0.54435 0.57162 0.43613
0.56178 0.46396 0.50482
0.56563 0.44185 0.59256
0.52164 0.56557 0.52758
0.65678 0.49445 0.38063
0.62537 0.46652 0.77268
0.63453 0.44612 0.45850
0.56709 0.48985 0.55829
0.52972 0.33544 0.57792
0.57980 0.50129 0.51833
0.52467 0.48602 0.50998
0.54038 0.39130 0.60422
0.56480 0.49446 0.48773
0.53251 0.40052 0.58063
0.60660 0.37945 0.65261
0.58421 0.35594 0.68653
0.42183 0.53885 0.43811
0.56985 0.39065 0.66762
0.56240 0.37231 0.53717
0.68086 0.39141 0.63681
0.68324 0.42993 0.69886
0.40926 0.32515 0.43221
0.56641 0.59831 0.43325
0.61633 0.36312 0.74395
0.57888 0.49729 0.45428
0.66256 0.42451 0.81167
0.54898 0.48791 0.51778
0.57743 0.44016 0.58952
0.48771 0.58526 0.50275
0.62521 0.41514 0.53876
0.55274 0.59213 0.54031
0.53447 0.45511 0.50074
0.61770 0.49617 0.60810
0.46930 0.33229 0.54071
0.63231 0.43946 0.76775
0.60043 0.42981 0.56717
0.46493 0.53370 0.36144
0.54071 0.46281 0.56740
0.65129 0.42264 0.55498
0.46895 0.49997 0.52393
0.57636 0.40451 0.59474
0.63102 0.38119 0.64050
0.60345 0.58080 0.39062
0.45085 0.37562 0.43581
0.51826 0.45623 0.49555
0.54946 0.34501 0.49413
0.60688 0.55268 0.37398
0.53819 0.41364 0.44411
0.57710 0.40391 0.52957
0.53744 0.44194 0.53250
0.45230 0.32852 0.49275
0.44952 0.51669 0.50147
0.61009 0.40431 0.67792
0.51196 0.64185 0.36388
0.59628 0.46357 0.59445
0.53756 0.34992 0.55828
0.52326 0.57725 0.56788
0.58887 0.42720 0.71871
0.59573 0.44854 0.34552
0.56072 0.41961 0.52198
0.60401 0.40711 0.63624
0.51212 0.34880 0.56510
0.54053 0.33638 0.63328
0.62411 0.53943 0.43700
0.60756 0.41891 0.63008
0.61186 0.43268 0.61883
0.53498 0.57615 0.55885
0.44652 0.28236 0.48562
0.44286 0.40883 0.34377
0.55404 0.39926 0.54156
0.43026 0.35735 0.36324
0.42920 0.47268 0.48368
0.52872 0.56879 0.56066
0.56054 0.34359 0.67201
0.53506 0.39687 0.59673
0.61852 0.34271 0.68129
0.64498 0.38420 0.59294
0.59313 0.39673 0.51869
0.46706 0.39838 0.51600
0.43961 0.59410 0.47550
0.53712 0.40314 0.59226
0.58399 0.39905 0.57001
0.52057 0.48785 0.54098
0.54348 0.34702 0.53699
0.42830 0.44833 0.49973
0.63079 0.39350 0.68155
0.59493 0.46334 0.68501
0.63415 0.33157 0.60332
0.65548 0.35959 0.71267
0.57133 0.41562 0.58425
0.55852 0.53593 0.37046
0.46492 0.55617 0.50398
0.50188 0.45490 0.56833
0.60446 0.40280 0.56848
0.47479 0.50381 0.40182
0.41923 0.35866 0.47748
0.48968 0.35270 0.56878
0.50808 0.52914 0.47475
0.42204 0.47114 0.44938
0.64152 0.35974 0.72718
0.37304 0.36761 0.43645
0.56688 0.37393 0.56862
0.61595 0.42438 0.42774
0.50969 0.50515 0.50898
0.62387 0.33519 0.74590
0.51258 0.39032 0.46176
0.41869 0.44815 0.40808
0.43400 0.72016 0.46409
0.55493 0.42533 0.65083
0.50376 0.52192 0.55067
0.48276 0.43371 0.52407
0.55398 0.43355 0.52965
0.47282 0.45840 0.53889
0.58533 0.40850 0.66944
0.52534 0.42044 0.50488
0.60992 0.42410 0.44717
0.58570 0.43701 0.68919
0.42165 0.33082 0.40435
0.56986 0.44223 0.54950
0.56776 0.46382 0.64385
0.42538 0.57404 0.44548
0.51445 0.37929 0.38105
0.63358 0.36186 0.61122
0.51509 0.60476 0.50279
0.61025 0.39508 0.71588
0.69232 0.49901 0.39361
0.61640 0.44217 0.54384
0.64990 0.48777 0.32584
0.54658 0.49616 0.41081
0.61422 0.44221 0.59455
0.55419 0.45703 0.53791
0.47011 0.36081 0.38993
0.59088 0.38584 0.59885
0.54240 0.46400 0.54139
0.60153 0.41544 0.62643
0.55619 0.40372 0.43629
0.56073 0.47781 0.43566
0.58130 0.48805 0.42406
0.57341 0.39276 0.63480
0.53735 0.44218 0.52978
0.57145 0.43340 0.58720
0.59345 0.34273 0.64902
0.59262 0.47572 0.54585
0.47146 0.61123 0.48388
0.53264 0.59140 0.59615
0.64952 0.46157 0.45308
0.64584 0.38857 0.64283
0.50551 0.40746 0.50189
0.50065 0.44010 0.31346
0.60168 0.50287 0.71785
0.58760 0.36572 0.45803
0.64674 0.41892 0.55232
0.57689 0.37147 0.59771
0.51934 0.64341 0.45488
0.50580 0.41099 0.46214
0.51103 0.64563 0.36565
0.61457 0.38602 0.60699
0.70485 0.40771 0.80895
0.65190 0.44753 0.52712
0.53817 0.59868 0.49179
0.60698 0.38177 0.61266
0.58595 0.39698 0.67510
0.55771 0.35561 0.60610
0.61338 0.57677 0.45504
0.55743 0.41662 0.58443
0.55894 0.38294 0.61015
0.53655 0.38091 0.52438
0.62306 0.37260 0.70345
0.42424 0.48341 0.45421
0.61027 0.52404 0.65364
0.52875 0.38471 0.50086
0.54355 0.55360 0.33593
0.57515 0.35923 0.54223
0.57835 0.56528 0.48362
0.59923 0.43886 0.64247
0.39720 0.33796 0.46321
0.60067 0.33830 0.61742
0.55485 0.40702 0.43966
0.50589 0.45998 0.53109
0.58732 0.43100 0.69088
0.59611 0.40140 0.50178
0.53927 0.33970 0.58553
0.63991 0.41996 0.57352
0.59534 0.36136 0.68726
0.52750 0.42192 0.60923
0.55062 0.36859 0.54280
0.57507 0.41670 0.45786
0.54159 0.38196 0.60525
0.52485 0.55089 0.57568
0.54980 0.44614 0.62197
0.47408 0.57722 0.49297
0.44848 0.54549 0.39188
0.64010 0.40277 0.64295
0.36717 0.29831 0.39645
0.65545 0.36615 0.78436
0.64546 0.37491 0.73451
0.50648 0.48378 0.54954
0.50020 0.43583 0.50533
0.59670 0.49214 0.52170
0.50901 0.52143 0.59875
0.57244 0.40313 0.54426
0.63776 0.47913 0.50471
0.52276 0.44526 0.41163
0.55237 0.36575 0.57045
0.60203 0.37046 0.62552
0.61016 0.40607 0.59895
0.56644 0.39525 0.60774
0.56633 0.38621 0.67064
0.60368 0.34336 0.68630
0.45905 0.45465 0.43884
0.66991 0.39019 0.80181
0.61464 0.45482 0.69148
0.57112 0.55064 0.70532
0.56245 0.45767 0.46552
0.47286 0.36015 0.43787
0.55572 0.52643 0.55996
0.56450 0.39003 0.64431
0.56290 0.34907 0.60862
0.45754 0.38150 0.48134
0.52919 0.40157 0.43550
0.55885 0.47191 0.43112
0.61176 0.38740 0.62722
0.56403 0.47557 0.39149
0.62483 0.35624 0.54358
0.54937 0.51736 0.62190
0.55441 0.49914 0.56489
0.46240 0.64326 0.45800
0.66625 0.38988 0.69596
0.59449 0.41909 0.40745
0.61212 0.35471 0.68109
0.53623 0.36746 0.56107
0.62113 0.44970 0.70651
0.62453 0.45004 0.55848
0.59837 0.40484 0.45079
0.48046 0.36047 0.47412
0.55272 0.42692 0.60788
0.65713 0.36493 0.69838
0.54962 0.44790 0.56780
0.59054 0.42579 0.63721
0.61966 0.58027 0.34218
0.61884 0.51614 0.39350
0.60079 0.42897 0.64888
0.56580 0.39128 0.64257
0.42467 0.57589 0.32589
0.56837 0.42357 0.54946
0.60093 0.54043 0.43691
0.41521 0.33556 0.41904
0.58547 0.48490 0.50191
0.59549 0.44440 0.47385
0.49779 0.54271 0.56666
0.55257 0.45347 0.51575
0.50662 0.51106 0.55991
0.57911 0.42541 0.69672
0.52268 0.57139 0.45531
0.61146 0.45674 0.57415
0.60617 0.48828 0.56914
0.48721 0.41388 0.48589
0.58175 0.35771 0.58002
0.49225 0.47099 0.56133
0.50466 0.43913 0.54657
0.47762 0.53843 0.48839
0.54194 0.54838 0.39728
0.53724 0.43214 0.58296
0.63667 0.33717 0.66646
0.57210 0.45145 0.63219
0.63401 0.43319 0.60948
0.58709 0.41756 0.71427
0.44425 0.33425 0.37403
0.53064 0.52730 0.60131
0.63243 0.41765 0.56448
0.62870 0.38883 0.67798
0.65847 0.56572 0.33236
0.65696 0.39698 0.55184
0.68140 0.47377 0.76070
0.61061 0.44606 0.50832
0.61581 0.34471 0.64042
0.57669 0.59961 0.42888
0.53464 0.36180 0.50457
0.59383 0.43207 0.57657
0.66608 0.42011 0.71207
0.62103 0.50154 0.56021
0.54358 0.32838 0.55338
0.36643 0.47479 0.40207
0.48424 0.71271 0.41802
0.39178 0.31590 0.44500
0.59312 0.40896 0.57086
0.43555 0.71804 0.41113
0.64225 0.45429 0.43995
0.59569 0.43383 0.35052
0.59594 0.51356 0.68932
0.57970 0.49257 0.61923
0.51741 0.44235 0.40326
0.53811 0.48471 0.62510
0.60092 0.45679 0.53094
0.57197 0.44975 0.53479
0.48193 0.45315 0.49933
0.63682 0.39441 0.74392
0.55831 0.33172 0.65436
0.58756 0.51832 0.37025
0.50653 0.36815 0.55595
0.59150 0.43676 0.56287
0.46871 0.41719 0.46049
0.50890 0.43990 0.47417
0.50705 0.55028 0.50696
0.56858 0.36412 0.65412
0.59910 0.43757 0.56535
0.53761 0.33396 0.57466
0.59974 0.36777 0.59595
0.64022 0.45900 0.58071
0.57444 0.37094 0.57747
0.62598 0.41422 0.64498
0.58275 0.45017 0.54804
0.58216 0.42255 0.55482
0.58826 0.47832 0.50289
0.59591 0.46428 0.64688
0.56776 0.48472 0.59035
0.62069 0.50260 0.58738
0.50813 0.49335 0.37465
0.51528 0.55045 0.42526
0.53675 0.43798 0.34690
0.50819 0.33204 0.58685
0.53631 0.59899 0.52523
0.53862 0.38114 0.61629
0.58870 0.50695 0.69123
0.53906 0.46730 0.63148
0.52375 0.34794 0.56448
0.46561 0.46209 0.41652
0.59667 0.44273 0.43308
0.63403 0.47414 0.34947
0.41307 0.41885 0.31725
0.58538 0.46891 0.48980
0.61829 0.38841 0.64706
0.63307 0.43955 0.70038
0.57883 0.39556 0.66335
0.58502 0.48780 0.60444
0.42093 0.44626 0.44077
0.56495 0.46654 0.63179
0.61669 0.39545 0.54709
0.41930 0.49207 0.40877
0.65495 0.46581 0.79230
0.55680 0.45881 0.48595
0.60166 0.45750 0.69792
0.52585 0.45047 0.57789
0.49154 0.45939 0.41911
0.52942 0.47140 0.52132
0.60197 0.44632 0.63617
0.49949 0.40224 0.53380
0.50242 0.39342 0.46122
0.56747 0.44539 0.59326
0.48909 0.70824 0.42802
0.44132 0.70336 0.36793
0.54015 0.43598 0.58085
0.58090 0.39147 0.61162
0.52552 0.56828 0.55600
0.53018 0.51047 0.55156
0.57654 0.37215 0.54429
0.44629 0.47214 0.48660
0.49972 0.66320 0.58215
0.54640 0.36127 0.54509
0.53008 0.48110 0.54122
0.64391 0.43401 0.48062
0.62461 0.45274 0.40904
0.39713 0.72339 0.38714
0.66040 0.38962 0.65176
0.66300 0.38691 0.64424
0.57062 0.35487 0.53734
