20 8 1000 10543 15
0.24695 0.14082 0.40763
0.21643 0.16002 0.49989
0.19778 0.66068 0.56211
0.03681 0.18445 0.62034
0.51344 0.38627 0.30821
0.62905 0.16916 0.03308
0.98101 0.05151 0.17736
0.87147 0.86712 0.66800
0.63362 0.34965 0.32847
0.49765 0.24433 0.22449
0.67797 0.44440 0.41106
0.58480 0.25692 0.28516
0.28163 0.20862 0.45231
0.57923 0.23981 0.32259
0.54263 0.24906 0.38567
0.36047 0.21102 0.41160
0.49619 0.31457 0.41426
0.24561 0.48043 0.53389
0.51016 0.28997 0.37156
0.49960 0.31237 0.35623
0.47847 0.45677 0.49618
0.42034 0.22455 0.36448
0.59103 0.19074 0.23499
0.41282 0.37693 0.48835
0.65746 0.37373 0.32115
0.30523 0.37597 0.45883
0.34944 0.31838 0.44418
0.40322 0.36813 0.42528
0.40184 0.19508 0.28595
0.49572 0.40125 0.38967
0.67490 0.57461 0.50893
0.39573 0.32306 0.45650
0.39722 0.35501 0.40670
0.49769 0.35833 0.39419
0.40636 0.38867 0.50725
0.28148 0.30268 0.49561
0.39045 0.30664 0.43685
0.47096 0.30520 0.36008
0.58402 0.51407 0.49370
0.45844 0.20098 0.24839
0.60357 0.40086 0.39887
0.51414 0.31196 0.33762
0.30506 0.38310 0.48348
0.33483 0.24179 0.45684
0.42615 0.41716 0.49587
0.42153 0.27117 0.39913
0.43561 0.27694 0.37356
0.55282 0.41232 0.40640
0.57340 0.33275 0.37962
0.48869 0.45017 0.38778
0.62353 0.25882 0.26055
0.21494 0.26816 0.50917
0.40746 0.25889 0.32041
0.48188 0.30725 0.37714
0.44380 0.40332 0.51188
0.56473 0.21149 0.24996
0.55093 0.20447 0.37541
0.64202 0.51746 0.47745
0.49925 0.28823 0.37393
0.72139 0.12352 0.28189
0.61429 0.26371 0.36763
0.57961 0.45887 0.43766
0.58080 0.26538 0.28421
0.55829 0.27616 0.29647
0.46596 0.27290 0.33004
0.31555 0.32991 0.44842
0.43982 0.29321 0.42094
0.59804 0.26241 0.23592
0.35080 0.23938 0.42779
0.57833 0.29966 0.42640
0.54600 0.47140 0.42941
0.48409 0.36275 0.38404
0.47167 0.20272 0.37412
0.58558 0.44470 0.45616
0.30236 0.32326 0.46490
0.56382 0.16973 0.34443
0.55633 0.24559 0.37361
0.38194 0.26774 0.38605
0.48427 0.37344 0.43556
0.44548 0.31292 0.43176
0.67769 0.27438 0.29606
0.37418 0.33824 0.48696
0.37348 0.31171 0.44380
0.59464 0.30307 0.39761
0.55152 0.41945 0.43373
0.41653 0.47967 0.38204
0.32453 0.18393 0.43097
0.46150 0.27728 0.44721
0.35857 0.38500 0.45466
0.31237 0.31610 0.47601
0.58775 0.21632 0.33678
0.51049 0.39084 0.36455
0.44057 0.25221 0.31919
0.34588 0.23446 0.40179
0.40952 0.35983 0.41282
0.30030 0.29746 0.50646
0.46269 0.37302 0.45331
0.48431 0.28818 0.37370
0.38950 0.41859 0.47857
0.63713 0.25691 0.36838
0.34215 0.29566 0.41185
0.53947 0.34485 0.45833
0.40842 0.28989 0.36359
0.36019 0.41568 0.41282
0.48577 0.27351 0.32703
0.44383 0.24778 0.31361
0.45193 0.31083 0.41472
0.38262 0.32462 0.48787
0.42681 0.35752 0.45330
0.39965 0.44839 0.50077
0.44792 0.30293 0.36691
0.44570 0.26532 0.30690
0.54993 0.20001 0.36120
0.52746 0.36823 0.36300
0.46787 0.35028 0.42149
0.41808 0.26036 0.33851
0.56954 0.31232 0.38365
0.41351 0.22709 0.32002
0.63825 0.19035 0.36642
0.41953 0.24205 0.41186
0.53414 0.38548 0.38761
0.48405 0.49098 0.47854
0.40466 0.23596 0.37216
0.43862 0.25454 0.38638
0.39222 0.29412 0.40461
0.55605 0.15481 0.30365
0.32951 0.25889 0.38725
0.35829 0.22538 0.38760
0.52498 0.53921 0.50630
0.35585 0.37503 0.41863
0.53422 0.40100 0.44300
0.57166 0.23897 0.28437
0.59517 0.29292 0.37023
0.38696 0.44371 0.55286
0.45486 0.32648 0.40585
0.48137 0.19065 0.35199
0.59576 0.32231 0.31377
0.37507 0.25965 0.39224
0.41169 0.30994 0.37595
0.59591 0.47597 0.46663
0.65475 0.33922 0.39546
0.45896 0.42201 0.49534
0.26242 0.23146 0.48356
0.42563 0.35369 0.38047
0.45328 0.36023 0.41321
0.49314 0.45654 0.52120
0.60289 0.35428 0.44125
0.38472 0.35165 0.43399
0.32101 0.25923 0.47653
0.40626 0.32372 0.42557
0.69586 0.26410 0.30598
0.41480 0.39068 0.50626
0.41648 0.37816 0.44522
0.54059 0.40369 0.39978
0.36481 0.20957 0.36932
0.50759 0.30960 0.28747
0.59653 0.43614 0.41406
0.52305 0.47225 0.48318
0.25006 0.23475 0.47109
0.65141 0.60486 0.51767
0.50118 0.44507 0.50909
0.35554 0.49620 0.47737
0.45314 0.23993 0.34117
0.40407 0.31582 0.40174
0.57990 0.42244 0.42328
0.38096 0.31707 0.50121
0.58719 0.29828 0.32189
0.55233 0.44910 0.50886
0.33715 0.21677 0.41014
0.45857 0.33650 0.44736
0.63738 0.33978 0.39936
0.48766 0.40936 0.44990
0.39528 0.47019 0.46617
0.42640 0.16181 0.36873
0.49800 0.26120 0.36889
0.41513 0.31896 0.38488
0.42403 0.21651 0.38838
0.47996 0.40927 0.50453
0.28977 0.22541 0.49723
0.23905 0.21314 0.49630
0.39251 0.23970 0.40038
0.45219 0.40737 0.45532
0.60295 0.36049 0.34600
0.54936 0.41886 0.42379
0.46680 0.31083 0.39680
0.59129 0.21784 0.34872
0.47747 0.24297 0.30317
0.30144 0.32116 0.44052
0.43470 0.37146 0.41661
0.52070 0.30032 0.32467
0.63659 0.45259 0.39680
0.46878 0.27527 0.30356
0.54734 0.29469 0.36709
0.60378 0.38840 0.32129
0.66170 0.38207 0.36862
0.46158 0.37960 0.43071
0.60615 0.42252 0.43218
0.27495 0.26648 0.44599
0.58871 0.24452 0.32683
0.50315 0.38685 0.40369
0.36574 0.49021 0.53061
0.54508 0.48488 0.49206
0.55725 0.44688 0.43153
0.54141 0.32660 0.34379
0.57423 0.34069 0.38433
0.32005 0.32457 0.41761
0.39188 0.33180 0.42245
0.66977 0.59493 0.54916
0.39391 0.30983 0.42227
0.43940 0.20610 0.29434
0.37575 0.31358 0.46181
0.55569 0.51656 0.45087
0.55540 0.31326 0.34220
0.34095 0.19771 0.42693
0.32851 0.33392 0.47368
0.45418 0.31533 0.38143
0.42273 0.32289 0.38737
0.34892 0.26849 0.44104
0.47287 0.27586 0.39394
0.43655 0.44542 0.47859
0.48994 0.27348 0.38657
0.36082 0.21271 0.40504
0.26916 0.40967 0.47816
0.44573 0.31024 0.33224
0.60202 0.61201 0.55002
0.52264 0.44363 0.47057
0.55505 0.17914 0.30896
0.45266 0.31524 0.44455
0.37174 0.31503 0.39921
0.38879 0.17059 0.40269
0.53587 0.35957 0.47419
0.68567 0.35574 0.40355
0.23635 0.25081 0.48787
0.67715 0.52085 0.49094
0.58729 0.39016 0.38062
0.45238 0.27004 0.38511
0.46499 0.25676 0.34422
0.35457 0.22466 0.40350
0.44673 0.20565 0.39763
0.52357 0.37526 0.39950
0.46677 0.51572 0.49166
0.44821 0.21716 0.35084
0.65863 0.18200 0.28975
0.40289 0.38202 0.44726
0.73031 0.35825 0.37589
0.40995 0.40208 0.51656
0.36709 0.34298 0.46624
0.26739 0.51557 0.55017
0.50458 0.23694 0.31134
0.53412 0.50246 0.48116
0.33713 0.31491 0.48989
0.30477 0.16688 0.42788
0.40223 0.35838 0.40964
0.44174 0.24036 0.42508
0.61904 0.24527 0.25694
0.40009 0.37467 0.48330
0.64297 0.31495 0.26924
0.40363 0.38204 0.48843
0.48247 0.26895 0.40931
0.56715 0.29837 0.28583
0.31490 0.30614 0.45391
0.62656 0.37445 0.35900
0.42999 0.36343 0.42746
0.62517 0.40491 0.41357
0.59714 0.25785 0.31584
0.50463 0.28745 0.38872
0.45305 0.27638 0.34310
0.28027 0.34675 0.48147
0.49966 0.31840 0.39350
0.53897 0.42663 0.40654
0.43281 0.24867 0.39057
0.44047 0.31578 0.37150
0.29250 0.31284 0.49931
0.52309 0.24789 0.25493
0.31444 0.23078 0.45840
0.37327 0.28226 0.40209
0.38414 0.39943 0.49141
0.51331 0.25274 0.35345
0.45422 0.26957 0.33553
0.62678 0.18539 0.29523
0.52433 0.32419 0.25702
0.56420 0.35126 0.32222
0.48939 0.45481 0.49105
0.43741 0.30184 0.38549
0.41121 0.27669 0.40240
0.27740 0.27866 0.48567
0.43810 0.35982 0.42828
0.36896 0.42690 0.47870
0.41480 0.18375 0.27711
0.43450 0.33563 0.46940
0.32743 0.31317 0.48542
0.44843 0.30522 0.41491
0.46749 0.19847 0.34706
0.36390 0.40566 0.42602
0.30162 0.30588 0.45547
0.26977 0.38370 0.47146
0.60979 0.45368 0.48011
0.40016 0.26898 0.34557
0.55923 0.18217 0.30152
0.38168 0.29730 0.45464
0.44385 0.28449 0.42436
0.64154 0.36483 0.40722
0.55281 0.65345 0.58445
0.49516 0.32246 0.42969
0.31589 0.35284 0.45922
0.50509 0.23033 0.37182
0.58038 0.64341 0.54098
0.43739 0.40283 0.41971
0.40234 0.21710 0.35106
0.53854 0.32460 0.43785
0.47301 0.39850 0.42739
0.31588 0.25680 0.49781
0.44409 0.30934 0.45771
0.66309 0.27692 0.31149
0.41913 0.30003 0.40458
0.64515 0.32587 0.42394
0.53253 0.34975 0.38229
0.43894 0.23872 0.42630
0.52675 0.22594 0.37138
0.48247 0.37280 0.39876
0.63625 0.42251 0.42910
0.34461 0.32073 0.51825
0.39367 0.32697 0.41794
0.57067 0.26345 0.30036
0.41846 0.37553 0.49644
0.55401 0.35431 0.37614
0.31907 0.32671 0.45705
0.44831 0.23081 0.40909
0.28580 0.37279 0.53250
0.30349 0.33971 0.47267
0.43581 0.37965 0.43981
0.48199 0.30481 0.38262
0.51441 0.55235 0.49036
0.41854 0.29915 0.43419
0.33262 0.23336 0.42406
0.58668 0.35836 0.34823
0.42637 0.37322 0.46996
0.28790 0.32698 0.46049
0.62079 0.40765 0.38310
0.52864 0.47657 0.45290
0.36099 0.25634 0.41864
0.45593 0.34534 0.42101
0.33130 0.24621 0.41091
0.63081 0.21824 0.31655
0.30941 0.26482 0.43439
0.64238 0.20727 0.29879
0.43695 0.27198 0.31517
0.18816 0.22955 0.52223
0.40134 0.38026 0.52792
0.53715 0.43959 0.50520
0.58903 0.17206 0.27243
0.32957 0.18457 0.41806
0.38675 0.40317 0.50038
0.35055 0.32898 0.38824
0.35094 0.26031 0.38759
0.48621 0.24977 0.34688
0.61055 0.65533 0.58151
0.30408 0.21960 0.44143
0.46412 0.36128 0.41716
0.36423 0.29834 0.43988
0.43868 0.28299 0.36215
0.46991 0.38419 0.43809
0.64396 0.17139 0.30046
0.59771 0.37168 0.36384
0.33234 0.28106 0.41795
0.43076 0.35267 0.44447
0.46461 0.36898 0.39680
0.53816 0.29307 0.24634
0.35683 0.24108 0.41630
0.49130 0.20321 0.23466
0.56603 0.26063 0.28484
0.55140 0.27066 0.36305
0.35494 0.35815 0.41930
0.43084 0.28630 0.40672
0.39593 0.33762 0.44605
0.47450 0.51977 0.51350
0.58243 0.26149 0.30587
0.50513 0.36366 0.43895
0.59468 0.27920 0.29555
0.55909 0.34744 0.45620
0.38761 0.46689 0.43546
0.23997 0.26058 0.50352
0.48283 0.35648 0.42001
0.38883 0.27743 0.46073
0.37779 0.38455 0.43243
0.40937 0.21738 0.30594
0.39692 0.36637 0.41717
0.41678 0.24531 0.43535
0.29737 0.29517 0.50402
0.44649 0.33693 0.42466
0.38889 0.21597 0.34026
0.51284 0.23515 0.32287
0.44941 0.30405 0.37448
0.38563 0.33238 0.45634
0.33652 0.23938 0.44250
0.48080 0.33067 0.35601
0.37820 0.23959 0.43907
0.52444 0.45029 0.40652
0.46369 0.49401 0.51836
0.27595 0.30500 0.47086
0.22794 0.38085 0.51625
0.30258 0.40048 0.46477
0.52595 0.33466 0.38189
0.37186 0.26538 0.45156
0.69306 0.31119 0.34048
0.70788 0.50205 0.47550
0.48097 0.47055 0.54598
0.59388 0.30038 0.26132
0.68145 0.12938 0.30206
0.44282 0.19030 0.31396
0.39157 0.27862 0.38041
0.49623 0.28881 0.42928
0.37759 0.24356 0.44561
0.33654 0.35063 0.49712
0.39304 0.49210 0.50835
0.48573 0.34733 0.40153
0.42375 0.27119 0.46060
0.52980 0.35646 0.38846
0.33372 0.20241 0.42719
0.49804 0.34473 0.33882
0.41599 0.24574 0.40217
0.19341 0.23520 0.53782
0.47562 0.40895 0.46779
0.42144 0.23999 0.41136
0.60461 0.23231 0.22553
0.50158 0.37640 0.41343
0.31009 0.28911 0.47876
0.39932 0.37635 0.46784
0.47613 0.36236 0.42882
0.37077 0.46015 0.39854
0.68367 0.57335 0.47777
0.42718 0.36602 0.44165
0.49702 0.42832 0.47593
0.74424 0.16824 0.24687
0.31078 0.24690 0.45730
0.39878 0.22302 0.39822
0.50701 0.25321 0.36811
0.41315 0.24015 0.40780
0.36462 0.25011 0.38741
0.24238 0.22133 0.51813
0.53115 0.43128 0.47325
0.47532 0.31963 0.38052
0.50884 0.23557 0.33190
0.64007 0.48426 0.46987
0.35801 0.30082 0.48754
0.49772 0.19986 0.36798
0.38322 0.40601 0.51189
0.32620 0.31451 0.49453
0.53410 0.37239 0.43535
0.43125 0.36354 0.42010
0.60023 0.51674 0.46015
0.45907 0.40072 0.39680
0.35938 0.23804 0.37513
0.58865 0.24480 0.28566
0.62566 0.42021 0.39088
0.61020 0.19179 0.28825
0.48706 0.38419 0.40886
0.41851 0.40244 0.52035
0.37142 0.42862 0.55042
0.64952 0.30441 0.40620
0.60959 0.29116 0.35145
0.40628 0.31763 0.41776
0.51355 0.32867 0.41186
0.20763 0.21954 0.49990
0.59758 0.60707 0.59029
0.42100 0.19028 0.39865
0.34737 0.45036 0.49945
0.48796 0.28645 0.33207
0.37636 0.35057 0.39273
0.28799 0.19637 0.41448
0.51471 0.37848 0.41961
0.26654 0.52397 0.52868
0.50076 0.26714 0.31686
0.46660 0.22890 0.39133
0.50992 0.29196 0.33886
0.64912 0.38569 0.42029
0.33635 0.43484 0.48478
0.60874 0.14272 0.32471
0.63347 0.23730 0.24158
0.39533 0.39348 0.47323
0.47111 0.31540 0.40239
0.40875 0.40939 0.37860
0.40187 0.38375 0.35309
0.52025 0.43972 0.46054
0.45011 0.32868 0.40781
0.36706 0.29010 0.44088
0.33191 0.22659 0.38444
0.44713 0.31661 0.38041
0.54711 0.35380 0.39324
0.62478 0.39327 0.40995
0.34003 0.28560 0.44478
0.27557 0.35271 0.48666
0.52678 0.40165 0.43061
0.43428 0.22717 0.30879
0.44237 0.40600 0.42982
0.44379 0.32746 0.36413
0.43396 0.38338 0.43063
0.60642 0.27219 0.29738
0.40353 0.21310 0.35252
0.26818 0.29329 0.50580
0.31196 0.22212 0.40726
0.52647 0.49846 0.54854
0.52052 0.36997 0.41527
0.43720 0.30031 0.41589
0.28660 0.27410 0.43013
0.52982 0.15402 0.34241
0.32614 0.21728 0.40516
0.67392 0.19674 0.30491
0.44837 0.22904 0.35905
0.54283 0.19674 0.33459
0.59031 0.28433 0.29524
0.63122 0.25246 0.29656
0.52197 0.44387 0.49771
0.32418 0.26866 0.42861
0.47674 0.21072 0.37948
0.49574 0.44148 0.40457
0.30384 0.41141 0.47460
0.46077 0.24981 0.28279
0.57113 0.32080 0.40889
0.46079 0.41468 0.43956
0.54654 0.32836 0.38051
0.41240 0.34534 0.45099
0.52680 0.26414 0.35089
0.37706 0.31451 0.47983
0.45360 0.47783 0.43303
0.47129 0.54686 0.49546
0.40544 0.38659 0.53927
0.64000 0.43153 0.48334
0.53817 0.32216 0.37283
0.56404 0.30633 0.27135
0.38155 0.40668 0.46502
0.58775 0.16269 0.33700
0.48606 0.35832 0.45551
0.34420 0.18456 0.35893
0.52042 0.28987 0.35063
0.43409 0.33359 0.46276
0.46825 0.42646 0.42832
0.63102 0.47988 0.49929
0.44236 0.37489 0.50105
0.52966 0.39156 0.42814
0.55195 0.39924 0.36591
0.30408 0.25373 0.43584
0.51142 0.42216 0.42780
0.22221 0.20477 0.49420
0.50479 0.24793 0.34018
0.30782 0.24353 0.41816
0.45956 0.32496 0.41969
0.49418 0.35873 0.38176
0.37054 0.28433 0.36326
0.60893 0.54510 0.50874
0.39615 0.45776 0.46357
0.59152 0.34662 0.39673
0.62262 0.24701 0.28531
0.53965 0.36345 0.43673
0.69680 0.43473 0.42178
0.36997 0.37007 0.47257
0.42347 0.36271 0.43327
0.46527 0.42122 0.47339
0.40410 0.24310 0.37363
0.37828 0.43154 0.38879
0.43627 0.36154 0.41502
0.37331 0.29831 0.48195
0.70223 0.40140 0.34248
0.66799 0.44356 0.43927
0.60761 0.31779 0.37174
0.51135 0.37019 0.40817
0.26515 0.31393 0.49257
0.43009 0.19604 0.31189
0.50932 0.27507 0.38063
0.42148 0.39982 0.50052
0.55016 0.22161 0.37143
0.47056 0.23970 0.29513
0.55787 0.44890 0.45076
0.39194 0.29171 0.35636
0.48028 0.40333 0.43424
0.53278 0.30614 0.37391
0.35033 0.37501 0.44621
0.47429 0.29126 0.41418
0.52406 0.47739 0.43482
0.43303 0.31007 0.41032
0.43501 0.30268 0.38561
0.46216 0.25291 0.34395
0.71988 0.18958 0.24547
0.35297 0.28538 0.43652
0.48487 0.32637 0.38049
0.46885 0.21855 0.31142
0.27481 0.30116 0.45085
0.30170 0.51011 0.48986
0.61158 0.25045 0.37075
0.30303 0.23691 0.43888
0.25904 0.40252 0.48311
0.63910 0.21572 0.24908
0.54647 0.27585 0.31079
0.50567 0.30830 0.41293
0.69293 0.37507 0.34845
0.60156 0.37616 0.40111
0.33314 0.20500 0.47233
0.57548 0.34544 0.45772
0.46366 0.54343 0.47573
0.59158 0.52812 0.49034
0.37030 0.34079 0.48066
0.38635 0.17732 0.40851
0.40668 0.33886 0.42588
0.33489 0.39067 0.46101
0.41897 0.30780 0.44945
0.51910 0.54989 0.48291
0.40420 0.25140 0.37371
0.36127 0.32633 0.49035
0.53772 0.44466 0.41244
0.46068 0.35065 0.45322
0.30600 0.29536 0.49504
0.46707 0.35237 0.40567
0.39090 0.33600 0.48984
0.42472 0.31835 0.39781
0.46214 0.29730 0.37897
0.44427 0.32424 0.40140
0.37683 0.28262 0.51357
0.39320 0.32762 0.47114
0.43899 0.24450 0.32083
0.30230 0.38151 0.48184
0.55928 0.58108 0.60740
0.60257 0.39377 0.39238
0.40572 0.25437 0.38884
0.40651 0.29465 0.39599
0.49234 0.46343 0.50966
0.44667 0.40050 0.38340
0.45083 0.35393 0.48955
0.38937 0.20972 0.34924
0.48774 0.33499 0.32210
0.42283 0.37521 0.40267
0.52750 0.41595 0.41617
0.49320 0.36219 0.45047
0.25208 0.38331 0.48561
0.63137 0.26551 0.33754
0.38459 0.36008 0.44934
0.67056 0.21761 0.27868
0.46821 0.31496 0.44758
0.43762 0.28897 0.48130
0.58587 0.34291 0.31311
0.45452 0.28563 0.31280
0.46078 0.35504 0.40949
0.48979 0.29547 0.42680
0.44809 0.26989 0.37899
0.57909 0.23897 0.31524
0.61104 0.31954 0.23233
0.66593 0.53882 0.51899
0.52781 0.36371 0.41729
0.42966 0.32159 0.41615
0.45169 0.45738 0.47144
0.49488 0.33817 0.35324
0.51941 0.36651 0.39724
0.33477 0.24851 0.41609
0.45851 0.31103 0.45949
0.39611 0.30585 0.34630
0.53280 0.35332 0.42176
0.38112 0.31304 0.36581
0.71540 0.44426 0.45182
0.45879 0.29456 0.39071
0.59495 0.51291 0.48485
0.29471 0.21122 0.40199
0.56719 0.25028 0.40748
0.34708 0.19366 0.46071
0.56092 0.47988 0.49813
0.52242 0.22848 0.30671
0.62071 0.49490 0.43574
0.45286 0.28374 0.40733
0.40725 0.19356 0.37844
0.44482 0.37707 0.48515
0.36165 0.37631 0.47094
0.59443 0.32372 0.44426
0.32678 0.19192 0.37110
0.33907 0.20492 0.37789
0.42127 0.46980 0.51493
0.33977 0.34651 0.45182
0.44871 0.33637 0.41822
0.53529 0.44548 0.49714
0.33519 0.30911 0.44772
0.32616 0.23248 0.40569
0.42607 0.37135 0.43308
0.44628 0.41061 0.51898
0.62220 0.29771 0.33504
0.22963 0.20790 0.47548
0.47114 0.27791 0.33250
0.56410 0.41151 0.44619
0.50715 0.45452 0.41674
0.38022 0.27288 0.42249
0.43917 0.36143 0.40586
0.31088 0.33820 0.40221
0.30106 0.28043 0.47639
0.47163 0.40918 0.46959
0.38297 0.42919 0.53148
0.43918 0.38332 0.44686
0.57119 0.42785 0.47934
0.49215 0.24118 0.28067
0.53690 0.22025 0.27074
0.45500 0.32056 0.32771
0.34001 0.31564 0.44145
0.41105 0.29747 0.41389
0.51666 0.22985 0.31858
0.45099 0.38196 0.47153
0.53947 0.24836 0.24058
0.37878 0.27243 0.40367
0.60187 0.23092 0.25882
0.50919 0.34736 0.29156
0.48653 0.33233 0.36881
0.54075 0.36083 0.36173
0.55723 0.34540 0.35181
0.50101 0.41949 0.47979
0.37756 0.41016 0.42269
0.62871 0.37519 0.41098
0.42153 0.34007 0.42625
0.34965 0.35722 0.44430
0.35049 0.45609 0.50953
0.43935 0.36204 0.44244
0.44566 0.34696 0.45570
0.53995 0.40290 0.35051
0.55973 0.25661 0.27741
0.65244 0.41499 0.41396
0.44872 0.41379 0.41646
0.39734 0.28184 0.44082
0.67607 0.20862 0.30766
0.63144 0.50510 0.46798
0.45005 0.34715 0.35635
0.57519 0.20986 0.34988
0.52477 0.34804 0.45954
0.54257 0.23036 0.37749
0.52527 0.41779 0.35667
0.42295 0.20339 0.35199
0.50414 0.20284 0.31345
0.62180 0.48767 0.42326
0.34881 0.34956 0.43648
0.75238 0.11645 0.26637
0.46727 0.49220 0.46493
0.55980 0.27703 0.33713
0.30228 0.22606 0.44250
0.53244 0.26803 0.37869
0.33796 0.43217 0.43640
0.62766 0.23378 0.32662
0.75963 0.12391 0.26468
0.52502 0.55901 0.51125
0.45473 0.43228 0.54010
0.39063 0.43865 0.51489
0.50699 0.25736 0.33109
0.47157 0.38301 0.36940
0.44938 0.42185 0.50068
0.49709 0.16841 0.31012
0.45732 0.28154 0.32918
0.32406 0.40189 0.51053
0.60640 0.29763 0.33280
0.47679 0.33713 0.39496
0.50531 0.21010 0.34423
0.54160 0.53129 0.51705
0.35967 0.34051 0.46613
0.62427 0.24828 0.25044
0.45754 0.32984 0.42880
0.35864 0.46509 0.44020
0.48490 0.33336 0.45879
0.34591 0.30001 0.45864
0.52340 0.35474 0.38758
0.55409 0.35420 0.43300
0.42716 0.22988 0.37154
0.38997 0.41320 0.37891
0.38168 0.23049 0.39941
0.23544 0.27243 0.49195
0.66245 0.53417 0.45428
0.34096 0.23720 0.41136
0.42267 0.39705 0.43266
0.43466 0.23721 0.35983
0.57124 0.26906 0.29729
0.33353 0.42151 0.51904
0.61346 0.26401 0.34966
0.45027 0.15418 0.40503
0.53045 0.36119 0.30514
0.42716 0.35587 0.44921
0.43406 0.24048 0.35408
0.44766 0.32747 0.40580
0.24863 0.18001 0.49583
0.52226 0.31937 0.31462
0.47154 0.22061 0.38447
0.45333 0.35212 0.47115
0.39238 0.33395 0.42123
0.47994 0.26503 0.43834
0.42349 0.31129 0.43294
0.40455 0.20451 0.31983
0.33430 0.27435 0.42773
0.41093 0.24778 0.40852
0.38735 0.33969 0.40101
0.58850 0.48805 0.43654
0.51030 0.47019 0.51587
0.46356 0.27205 0.39283
0.51024 0.45457 0.51469
0.60508 0.25492 0.15169
0.43160 0.33599 0.38195
0.49230 0.22364 0.30549
0.35682 0.48925 0.48575
0.44416 0.34891 0.47647
0.47255 0.25108 0.35711
0.46224 0.40756 0.46689
0.51323 0.30028 0.35894
0.57930 0.33925 0.37770
0.67802 0.18276 0.31230
0.44582 0.39422 0.51598
0.29417 0.44139 0.52052
0.48698 0.47839 0.45930
0.59595 0.56007 0.46147
0.58021 0.16582 0.30883
0.52261 0.24897 0.29209
0.43702 0.43677 0.47648
0.50406 0.25307 0.27137
0.40895 0.21751 0.42314
0.46464 0.23616 0.32695
0.36068 0.26861 0.45730
0.41641 0.52222 0.52173
0.47830 0.28847 0.28776
0.34671 0.23229 0.42972
0.41991 0.32715 0.36869
0.49843 0.43783 0.42362
0.48302 0.40495 0.45870
0.37612 0.32416 0.38415
0.50964 0.36272 0.40878
0.57118 0.40354 0.42247
0.61452 0.29116 0.26544
0.57184 0.20770 0.33300
0.77834 0.64943 0.55952
0.30175 0.32652 0.51285
0.47231 0.19135 0.32205
0.44936 0.23894 0.26179
0.47157 0.30441 0.42623
0.47273 0.33411 0.37894
0.39746 0.24584 0.32973
0.54469 0.22642 0.31317
0.43980 0.37749 0.46352
0.47889 0.48591 0.45020
0.38794 0.20352 0.41038
0.38769 0.37816 0.43397
0.61660 0.21419 0.33701
0.47726 0.26713 0.32356
0.43006 0.45330 0.47208
0.44204 0.25323 0.46708
0.43505 0.28410 0.32331
0.53758 0.34525 0.32665
0.52556 0.47384 0.45532
0.45676 0.20281 0.28829
0.42686 0.30263 0.42427
0.43125 0.39551 0.48772
0.42859 0.55211 0.50691
0.35426 0.38446 0.51651
0.42470 0.43607 0.44644
0.37963 0.22218 0.41961
0.55342 0.38786 0.35430
0.53264 0.35669 0.37319
0.44460 0.48053 0.47578
0.40079 0.32358 0.49286
0.55520 0.31939 0.43197
0.65219 0.44528 0.50272
0.64252 0.38081 0.35183
0.39384 0.31969 0.43882
0.39367 0.41960 0.45952
0.36183 0.29085 0.44322
0.49899 0.21438 0.27188
0.44546 0.19061 0.37772
0.44899 0.35348 0.43839
0.39039 0.20592 0.39773
0.42122 0.35741 0.48599
0.43649 0.31502 0.37028
0.43539 0.38932 0.46167
0.41399 0.28939 0.39580
0.32512 0.32271 0.41753
0.43333 0.43065 0.49605
0.35422 0.27619 0.39266
0.44194 0.23192 0.38161
0.64352 0.18052 0.28636
0.46238 0.35577 0.49374
0.32022 0.31082 0.45752
0.37603 0.41563 0.47095
0.46591 0.40521 0.50240
0.52654 0.16830 0.31950
0.41807 0.41568 0.41695
0.43515 0.38071 0.45809
0.40433 0.51891 0.52151
0.58371 0.32180 0.39044
0.18542 0.36652 0.53553
0.46823 0.25201 0.25203
0.30549 0.29725 0.47432
0.29057 0.45469 0.53978
0.25557 0.27064 0.46701
0.35052 0.43514 0.45027
0.38631 0.28700 0.37039
0.63231 0.53333 0.52132
0.56973 0.33834 0.29252
0.44624 0.29272 0.35065
0.49493 0.39655 0.35512
0.64854 0.33489 0.42319
0.50122 0.27001 0.33834
0.44682 0.32615 0.40633
0.38532 0.40927 0.45063
0.49068 0.35491 0.39717
0.49080 0.52704 0.50563
0.38523 0.34176 0.43751
0.38100 0.28859 0.41544
0.37610 0.34582 0.45823
0.47411 0.35985 0.36931
0.41042 0.45104 0.47056
0.33604 0.26229 0.46812
0.50401 0.33167 0.44399
0.42978 0.34100 0.39713
0.40017 0.26647 0.40917
0.55915 0.36221 0.40153
0.62792 0.32766 0.38094
0.37271 0.30733 0.49079
0.42141 0.49837 0.54136
0.31322 0.27238 0.42631
0.49385 0.23969 0.36722
0.38006 0.44899 0.56664
0.42343 0.25871 0.35290
0.30898 0.41536 0.46609
0.27617 0.20182 0.45948
0.58933 0.35093 0.29695
0.43411 0.28106 0.45947
0.39809 0.26435 0.38565
0.24959 0.32241 0.50727
0.52541 0.42881 0.43153
0.53649 0.21788 0.24908
0.33395 0.25018 0.46851
0.45602 0.33345 0.38177
0.54694 0.25862 0.34181
0.52331 0.40110 0.40292
0.53047 0.31212 0.41432
0.57638 0.42035 0.38364
0.46378 0.44369 0.44780
0.42527 0.33794 0.46882
0.45374 0.28495 0.40546
0.63384 0.28300 0.33460
0.43846 0.38533 0.39865
0.41704 0.34086 0.37083
0.59605 0.27418 0.36596
0.30398 0.25629 0.40428
0.65977 0.22846 0.26558
0.37962 0.39313 0.50702
0.61648 0.20647 0.28084
0.47891 0.29980 0.41572
0.46350 0.34170 0.39770
0.58714 0.47059 0.47442
0.51904 0.20896 0.23015
0.43853 0.32047 0.42692
0.54607 0.33618 0.27326
0.46263 0.36069 0.39551
0.50953 0.42813 0.44885
0.25280 0.40196 0.49343
0.36067 0.30280 0.50440
0.51143 0.30863 0.32107
0.39722 0.29420 0.43012
0.40837 0.29370 0.43377
0.54422 0.38622 0.38125
0.34656 0.28371 0.40325
0.30649 0.24997 0.45620
0.57856 0.40683 0.41136
0.56262 0.27642 0.40862
0.52182 0.37247 0.42613
0.68163 0.36829 0.37913
0.34317 0.24430 0.42126
0.66482 0.32907 0.39993
0.34441 0.28667 0.44272
0.47934 0.40091 0.45069
0.39233 0.25350 0.35937
0.32440 0.31706 0.50623
0.46895 0.25122 0.27614
0.37729 0.17828 0.38531
0.36249 0.37287 0.45844
0.53774 0.43100 0.41890
0.57782 0.43446 0.38926
0.57513 0.39214 0.36009
0.38185 0.35845 0.43107
0.56448 0.23877 0.26989
0.39638 0.46416 0.44752
0.31412 0.24678 0.44744
0.66212 0.24130 0.34280
0.21084 0.31865 0.51291
0.50236 0.24768 0.27252
0.42062 0.28001 0.36678
0.28670 0.26251 0.46961
0.39815 0.33297 0.38360
0.45679 0.24928 0.39583
0.55677 0.34133 0.38740
0.34075 0.23027 0.40816
0.47368 0.31389 0.35534
0.26509 0.36467 0.47726
0.34772 0.32256 0.38493
0.45618 0.42274 0.47378
0.62946 0.58856 0.53864
0.57488 0.26499 0.35400
0.44308 0.39768 0.51344
0.27549 0.35613 0.50736
0.44584 0.17692 0.26788
0.47325 0.26968 0.37149
0.30983 0.29657 0.45611
0.44716 0.40108 0.40926
0.51965 0.28933 0.39702
0.27395 0.34647 0.52826
0.33074 0.45117 0.48632
0.24668 0.42259 0.53557
0.48523 0.23071 0.37444
0.46703 0.32304 0.41435
0.35025 0.37971 0.43772
0.47563 0.30571 0.41128
0.71207 0.49650 0.48113
0.39152 0.34649 0.46662
0.58083 0.30444 0.33795
