20 12 1000 5506 6244
0.78181 0.47701 0.77385
0.43246 0.68670 0.71886
0.31331 0.42998 0.46426
0.12051 0.10225 0.51203
0.62553 0.59374 0.29230
0.11682 0.72937 0.24837
0.95607 0.31764 0.38994
0.33760 0.77973 0.45745
0.21438 0.66152 0.01479
0.38028 0.11698 0.15781
0.36003 0.20711 0.43067
0.17833 0.72829 0.76669
0.37159 0.42313 0.42155
0.31055 0.51779 0.42435
0.49413 0.42597 0.54871
0.46977 0.48690 0.47954
0.46659 0.30947 0.39399
0.36360 0.41256 0.37412
0.39961 0.43383 0.50823
0.52421 0.43855 0.52530
0.38946 0.47707 0.47982
0.38063 0.49857 0.43787
0.43090 0.46139 0.41075
0.48388 0.53429 0.45009
0.42936 0.53059 0.48366
0.41362 0.47188 0.43211
0.33340 0.51745 0.34005
0.41664 0.56290 0.36010
0.35453 0.53840 0.42455
0.32736 0.50768 0.37685
0.39645 0.46323 0.46352
0.43684 0.55504 0.56040
0.42885 0.48003 0.50396
0.54024 0.46390 0.54899
0.35306 0.56046 0.52216
0.56643 0.51065 0.49554
0.38830 0.35548 0.42250
0.32601 0.49978 0.43905
0.39426 0.45850 0.44310
0.30264 0.60047 0.40891
0.48612 0.45427 0.49204
0.43234 0.40087 0.46810
0.37426 0.55055 0.53601
0.37997 0.48792 0.38976
0.50928 0.39510 0.36500
0.42759 0.45095 0.39333
0.39285 0.62008 0.47964
0.41949 0.42439 0.34215
0.25969 0.43256 0.49291
0.43835 0.53394 0.35203
0.37350 0.53540 0.38862
0.33494 0.45017 0.36441
0.38907 0.56194 0.32943
0.53027 0.41764 0.51836
0.34121 0.46896 0.45612
0.48077 0.50316 0.44578
0.34993 0.47593 0.46313
0.41194 0.48126 0.38711
0.45658 0.48156 0.33372
0.37942 0.46823 0.55068
0.35699 0.48391 0.35154
0.53883 0.39677 0.37778
0.45383 0.42375 0.52894
0.34259 0.32660 0.43294
0.45284 0.46954 0.36864
0.34833 0.51874 0.41032
0.39176 0.53509 0.46432
0.33881 0.48930 0.48993
0.31316 0.46671 0.33995
0.35039 0.49907 0.35870
0.33226 0.55870 0.37430
0.43725 0.43139 0.43048
0.55557 0.47115 0.42316
0.25988 0.57452 0.49916
0.43974 0.57281 0.47727
0.59256 0.39206 0.40681
0.35575 0.59010 0.39734
0.35888 0.44039 0.50149
0.38241 0.34874 0.34954
0.39989 0.50870 0.42896
0.50829 0.41867 0.37831
0.38497 0.44447 0.33352
0.38146 0.54365 0.48846
0.41286 0.49599 0.39651
0.30085 0.38389 0.42261
0.33546 0.47167 0.33679
0.28570 0.42226 0.41732
0.38531 0.57692 0.56120
0.42686 0.50041 0.50070
0.32645 0.52112 0.52753
0.35238 0.47194 0.42895
0.37564 0.44874 0.44110
0.37924 0.57071 0.39768
0.43568 0.50768 0.35384
0.36915 0.53877 0.44112
0.37817 0.48679 0.38859
0.35303 0.43383 0.45370
0.50784 0.51670 0.56562
0.42578 0.46259 0.41216
0.31466 0.57108 0.51027
0.39262 0.48572 0.36408
0.43323 0.51947 0.41351
0.53213 0.46700 0.47615
0.32524 0.45392 0.43410
0.37604 0.59248 0.50876
0.42994 0.49365 0.45540
0.36283 0.57319 0.47368
0.41952 0.49346 0.39947
0.36193 0.39423 0.52574
0.49661 0.50721 0.32890
0.48135 0.35442 0.45014
0.47975 0.54109 0.48968
0.35915 0.45446 0.42411
0.54926 0.45007 0.50220
0.32901 0.54005 0.40595
0.48248 0.42454 0.40152
0.21443 0.54269 0.30398
0.30762 0.39017 0.48362
0.41203 0.50917 0.44048
0.37697 0.61458 0.40518
0.42651 0.49258 0.42328
0.49011 0.51398 0.49198
0.34876 0.47428 0.45878
0.36615 0.45911 0.46915
0.43486 0.51854 0.53464
0.27343 0.47934 0.42348
0.45422 0.51871 0.49072
0.33689 0.49646 0.40754
0.34369 0.39844 0.32285
0.48122 0.53905 0.48092
0.30662 0.53064 0.50862
0.36201 0.32119 0.37830
0.36845 0.48854 0.50043
0.40909 0.50392 0.36274
0.39515 0.61039 0.47492
0.39454 0.48052 0.43855
0.46996 0.54884 0.48928
0.54950 0.45331 0.50168
0.33524 0.52383 0.53457
0.46572 0.50403 0.42618
0.51601 0.38991 0.37007
0.54956 0.43677 0.43749
0.34470 0.44803 0.44597
0.28481 0.54507 0.41838
0.49516 0.53256 0.38353
0.40334 0.52820 0.50660
0.44338 0.49856 0.48020
0.31768 0.50042 0.25004
0.30188 0.60960 0.37642
0.41957 0.51699 0.47673
0.39685 0.53950 0.44716
0.47171 0.53300 0.50845
0.30763 0.55778 0.39593
0.36476 0.46375 0.48727
0.40249 0.59049 0.41949
0.37957 0.50871 0.36191
0.37375 0.54873 0.42891
0.40661 0.50428 0.46919
0.32327 0.54809 0.40816
0.46280 0.47072 0.45628
0.35695 0.47302 0.53457
0.33449 0.55347 0.45134
0.42287 0.48601 0.46439
0.44265 0.49174 0.39660
0.33781 0.40423 0.33850
0.47850 0.55962 0.39666
0.54157 0.42887 0.46157
0.37741 0.52449 0.42170
0.38724 0.52175 0.44697
0.44633 0.43681 0.42783
0.40835 0.35778 0.32554
0.41097 0.45521 0.43989
0.46262 0.41548 0.43112
0.44227 0.51415 0.42347
0.32227 0.55059 0.29117
0.31156 0.53061 0.42795
0.35356 0.55857 0.31656
0.30946 0.55374 0.43893
0.43066 0.47781 0.48923
0.30360 0.43227 0.53755
0.50353 0.42838 0.38775
0.38635 0.53392 0.53969
0.28201 0.63493 0.33472
0.41457 0.47970 0.51714
0.36690 0.42322 0.45612
0.42346 0.51570 0.51995
0.34325 0.41342 0.49674
0.49970 0.49805 0.44021
0.45614 0.55542 0.43470
0.37079 0.51153 0.36583
0.36135 0.58038 0.44030
0.47427 0.47023 0.36493
0.41396 0.45198 0.47016
0.38421 0.52170 0.44620
0.29797 0.49802 0.38248
0.48496 0.48988 0.41673
0.29336 0.55834 0.33676
0.39939 0.41696 0.41048
0.42076 0.49028 0.38177
0.35700 0.39687 0.44765
0.40652 0.37821 0.47402
0.32967 0.48008 0.37760
0.37741 0.38175 0.34667
0.40465 0.36531 0.45845
0.44496 0.54607 0.40625
0.39183 0.48016 0.44155
0.40585 0.46954 0.42417
0.38237 0.57312 0.54605
0.54987 0.47342 0.41192
0.57170 0.48972 0.56897
0.36116 0.44598 0.51459
0.39437 0.52215 0.46459
0.49202 0.40170 0.56737
0.39246 0.48659 0.37535
0.39732 0.51474 0.39025
0.36882 0.53726 0.47508
0.37448 0.51799 0.40296
0.28125 0.46966 0.40427
0.30984 0.57791 0.35915
0.29363 0.56006 0.30541
0.43296 0.47861 0.40571
0.33040 0.55547 0.45473
0.41633 0.48860 0.50252
0.45050 0.55870 0.42917
0.50469 0.48155 0.42184
0.38998 0.57059 0.42559
0.32827 0.55633 0.46095
0.42988 0.53159 0.45576
0.34725 0.49710 0.35836
0.37444 0.52456 0.48984
0.36336 0.45691 0.48423
0.31618 0.52772 0.40006
0.39099 0.52643 0.41245
0.32411 0.55112 0.47407
0.29845 0.32144 0.39389
0.41281 0.53481 0.39069
0.45435 0.45744 0.32808
0.43122 0.43485 0.41235
0.46972 0.45525 0.47069
0.43257 0.58189 0.52408
0.39686 0.52518 0.53559
0.41135 0.55159 0.40479
0.30948 0.54371 0.30527
0.34125 0.46182 0.44016
0.44093 0.42564 0.58807
0.41561 0.40867 0.39569
0.31180 0.45587 0.45788
0.33228 0.58410 0.42102
0.32289 0.57834 0.55176
0.45299 0.45258 0.34511
0.35458 0.52110 0.46881
0.40507 0.51715 0.47079
0.46838 0.49752 0.33464
0.45730 0.49838 0.37451
0.44112 0.44440 0.42307
0.38161 0.37502 0.35621
0.35835 0.50153 0.38968
0.47944 0.41284 0.45813
0.47447 0.50362 0.39805
0.25996 0.56402 0.25023
0.39166 0.51771 0.42475
0.36622 0.52503 0.39012
0.44901 0.42725 0.42423
0.41559 0.48440 0.44336
0.37704 0.48527 0.36700
0.46355 0.49000 0.43722
0.49325 0.51128 0.48421
0.38470 0.44584 0.45595
0.33653 0.44845 0.39268
0.38675 0.47629 0.35665
0.34513 0.56045 0.54665
0.32937 0.51473 0.47105
0.33822 0.41969 0.39962
0.44583 0.42864 0.39346
0.35524 0.47890 0.51852
0.35692 0.62286 0.33319
0.35685 0.44532 0.50146
0.31959 0.54427 0.54220
0.38647 0.42461 0.46775
0.41596 0.44464 0.43486
0.28980 0.40341 0.42961
0.31072 0.48777 0.43867
0.34097 0.60533 0.57379
0.46646 0.51316 0.43874
0.42348 0.40663 0.47512
0.49967 0.52051 0.56748
0.32076 0.39457 0.48272
0.34237 0.38468 0.43652
0.57543 0.45678 0.50511
0.42449 0.40532 0.43056
0.31431 0.53515 0.36205
0.43914 0.41527 0.35422
0.41407 0.48378 0.53855
0.31530 0.58176 0.43250
0.35433 0.58164 0.47245
0.33965 0.57209 0.52168
0.36622 0.56306 0.39209
0.43612 0.35369 0.38270
0.39324 0.53825 0.52716
0.50803 0.38970 0.43987
0.33312 0.44658 0.40463
0.39760 0.50706 0.43294
0.45342 0.43610 0.46615
0.44423 0.46577 0.39786
0.36603 0.53232 0.52625
0.32130 0.50134 0.39952
0.44986 0.51299 0.44617
0.36242 0.54782 0.43168
0.37325 0.37014 0.41167
0.41231 0.48097 0.46289
0.36159 0.49417 0.49241
0.38902 0.46774 0.45725
0.42549 0.46867 0.51728
0.35904 0.58942 0.40579
0.53819 0.47257 0.46349
0.35983 0.35671 0.32018
0.43804 0.38624 0.38946
0.37817 0.49872 0.40410
0.36858 0.53818 0.58980
0.33691 0.39475 0.40911
0.42216 0.55639 0.44729
0.50938 0.43314 0.34787
0.31713 0.53234 0.46123
0.37373 0.50653 0.37871
0.46110 0.56304 0.43554
0.48784 0.46060 0.47390
0.39216 0.56651 0.44720
0.40708 0.35500 0.46586
0.45606 0.44417 0.50283
0.51348 0.50513 0.50580
0.32252 0.32314 0.34413
0.42346 0.51750 0.43776
0.34679 0.43760 0.43184
0.39842 0.45028 0.42087
0.52938 0.47487 0.43607
0.40237 0.44441 0.38481
0.49039 0.45805 0.46705
0.29690 0.40502 0.36126
0.43480 0.46974 0.44649
0.38535 0.51509 0.47816
0.31527 0.44783 0.38604
0.42350 0.48385 0.48548
0.41013 0.54642 0.48734
0.49736 0.52932 0.51236
0.33792 0.42546 0.46931
0.44510 0.60203 0.53883
0.45536 0.47984 0.62982
0.42517 0.55878 0.46992
0.41473 0.51992 0.54614
0.62745 0.45359 0.41068
0.41445 0.49624 0.46118
0.41877 0.51655 0.60480
0.33746 0.47976 0.40040
0.43258 0.37557 0.44881
0.38730 0.42997 0.45246
0.35806 0.47802 0.37130
0.27440 0.51933 0.31269
0.38947 0.49417 0.39354
0.37391 0.41288 0.53345
0.49021 0.46621 0.48857
0.55790 0.50401 0.54935
0.49010 0.47757 0.34402
0.34416 0.43070 0.40486
0.32819 0.53077 0.43020
0.37583 0.44603 0.47025
0.43637 0.35841 0.48526
0.35158 0.58729 0.43830
0.40393 0.52521 0.33741
0.45220 0.43706 0.39674
0.46149 0.51374 0.44464
0.34156 0.35660 0.46046
0.43111 0.53539 0.53449
0.42649 0.49255 0.44022
0.35386 0.46745 0.44863
0.37755 0.45781 0.43781
0.28388 0.38361 0.48782
0.51321 0.46886 0.52176
0.36648 0.53814 0.48384
0.59498 0.34343 0.43507
0.36119 0.49854 0.37295
0.56000 0.51378 0.55943
0.44071 0.59645 0.51235
0.36573 0.57035 0.53344
0.47641 0.50525 0.53902
0.39594 0.61715 0.48976
0.35805 0.43277 0.47946
0.37845 0.58568 0.50155
0.36661 0.39085 0.38705
0.39246 0.54129 0.45705
0.37640 0.46116 0.34905
0.35602 0.49463 0.42258
0.31755 0.44497 0.49760
0.44689 0.52525 0.37844
0.39153 0.62416 0.44295
0.33343 0.37434 0.39266
0.36334 0.56738 0.53681
0.37428 0.55372 0.53270
0.38216 0.46322 0.38081
0.46316 0.45069 0.52000
0.34418 0.33833 0.40608
0.39754 0.48950 0.48593
0.37654 0.55320 0.35013
0.47859 0.51055 0.56095
0.38173 0.45543 0.49811
0.44150 0.51666 0.37395
0.53566 0.32136 0.41826
0.32314 0.51011 0.48204
0.39137 0.57098 0.39973
0.44531 0.52519 0.38451
0.49927 0.40807 0.41257
0.38375 0.59696 0.39089
0.41737 0.52965 0.48405
0.48136 0.56077 0.45629
0.37212 0.34462 0.38182
0.46775 0.43067 0.44200
0.40175 0.40087 0.39816
0.38653 0.49879 0.43931
0.36206 0.52798 0.42503
0.54659 0.53668 0.43096
0.35717 0.47718 0.45623
0.28113 0.57801 0.46898
0.46442 0.48539 0.46050
0.44716 0.58898 0.61405
0.38510 0.57715 0.49811
0.50552 0.44871 0.40409
0.32625 0.54223 0.38465
0.51039 0.51801 0.49554
0.41003 0.45140 0.47229
0.28799 0.41032 0.42418
0.48146 0.53377 0.31479
0.30105 0.59548 0.62473
0.33034 0.58462 0.49703
0.52813 0.48717 0.50987
0.52041 0.48296 0.50962
0.41668 0.52377 0.37892
0.31058 0.46951 0.39044
0.39454 0.41442 0.36626
0.39036 0.55355 0.40789
0.40840 0.55134 0.38321
0.40277 0.49213 0.37693
0.51342 0.53670 0.42566
0.43317 0.45468 0.45967
0.23700 0.41283 0.47079
0.46184 0.41680 0.42238
0.32284 0.40127 0.41993
0.30809 0.41314 0.42019
0.41518 0.50870 0.36647
0.34071 0.45082 0.50513
0.33028 0.37782 0.47409
0.30970 0.54340 0.49610
0.38598 0.44049 0.39460
0.37784 0.52727 0.37726
0.49096 0.41928 0.39819
0.33140 0.55552 0.47896
0.35327 0.51226 0.37234
0.29480 0.30188 0.45971
0.40338 0.45085 0.42515
0.41389 0.50513 0.35803
0.36848 0.36866 0.47085
0.46865 0.37830 0.34488
0.35523 0.40868 0.40874
0.44927 0.46515 0.39985
0.49794 0.43781 0.41357
0.36728 0.46446 0.40796
0.54292 0.34505 0.48976
0.32584 0.51399 0.38050
0.29359 0.41539 0.40664
0.32991 0.55165 0.43820
0.42862 0.51605 0.54605
0.48421 0.53534 0.56894
0.44341 0.53632 0.29698
0.40218 0.39436 0.36129
0.40984 0.47472 0.42327
0.35917 0.37390 0.45139
0.42150 0.52287 0.50159
0.36159 0.56349 0.35078
0.28697 0.51547 0.42773
0.40434 0.58697 0.51289
0.28933 0.56191 0.34384
0.58491 0.45044 0.52941
0.31700 0.55152 0.45938
0.43446 0.53754 0.34743
0.42728 0.58123 0.52511
0.38124 0.52285 0.35984
0.57333 0.37810 0.40750
0.49846 0.45599 0.52424
0.56144 0.45159 0.53755
0.37184 0.42301 0.37603
0.41205 0.36714 0.43337
0.33660 0.49571 0.53672
0.33797 0.33454 0.44515
0.33946 0.39257 0.40303
0.49630 0.35854 0.39832
0.50924 0.50482 0.50000
0.48179 0.44841 0.42358
0.45512 0.51151 0.45358
0.35559 0.46681 0.47403
0.40630 0.52915 0.44177
0.38449 0.55021 0.56421
0.44854 0.39290 0.43494
0.50253 0.42535 0.53728
0.28899 0.36601 0.42041
0.40535 0.55674 0.32079
0.39925 0.37309 0.45386
0.39792 0.54041 0.51063
0.35017 0.55623 0.57662
0.34980 0.56431 0.50539
0.25983 0.58619 0.38821
0.27270 0.52354 0.40357
0.32129 0.53067 0.39491
0.52552 0.44400 0.46032
0.40074 0.58921 0.48299
0.31195 0.47645 0.27244
0.46402 0.46121 0.40213
0.38954 0.58196 0.35002
0.41449 0.53299 0.40974
0.44071 0.51289 0.51253
0.43255 0.43810 0.42021
0.43200 0.50124 0.45633
0.32080 0.57062 0.43291
0.49166 0.56003 0.53237
0.57025 0.41317 0.50391
0.50924 0.37949 0.43982
0.58132 0.47891 0.54416
0.40864 0.31743 0.34367
0.51836 0.36864 0.45812
0.42724 0.46378 0.31972
0.40669 0.40245 0.43405
0.33037 0.54890 0.47472
0.44334 0.45758 0.41549
0.33839 0.38527 0.47190
0.36427 0.37717 0.39556
0.30774 0.30875 0.38582
0.38951 0.55215 0.39360
0.38615 0.43934 0.31579
0.30988 0.40755 0.51943
0.45944 0.35504 0.31650
0.32821 0.45892 0.43765
0.36848 0.49390 0.43701
0.35611 0.58089 0.31333
0.39207 0.46434 0.52098
0.39285 0.46415 0.52189
0.41986 0.46120 0.46153
0.34423 0.40755 0.41356
0.32947 0.48512 0.37391
0.39696 0.49287 0.27248
0.41776 0.47850 0.46760
0.38794 0.51892 0.42880
0.46602 0.54960 0.51181
0.37546 0.45690 0.44354
0.50650 0.31384 0.37947
0.36197 0.53261 0.40633
0.40338 0.44025 0.30371
0.32273 0.48923 0.49482
0.34699 0.53321 0.42150
0.44938 0.51377 0.46779
0.34221 0.31441 0.31518
0.42494 0.50179 0.50490
0.31302 0.41989 0.49435
0.50745 0.47449 0.40422
0.34492 0.47448 0.37001
0.30205 0.53178 0.43588
0.39092 0.48591 0.48665
0.33982 0.47434 0.48720
0.53440 0.40530 0.42546
0.61938 0.41049 0.40688
0.37156 0.35430 0.30992
0.51293 0.51395 0.43420
0.32211 0.46643 0.44954
0.43415 0.50590 0.46288
0.53514 0.53394 0.36023
0.38109 0.58630 0.44250
0.32139 0.51107 0.39442
0.38011 0.49691 0.54220
0.43282 0.53499 0.43568
0.42783 0.47906 0.55660
0.46371 0.41060 0.43805
0.42998 0.48060 0.49996
0.35364 0.48721 0.42340
0.37958 0.53211 0.45324
0.36935 0.48361 0.37550
0.34127 0.49253 0.40658
0.47765 0.52289 0.52164
0.29448 0.49519 0.34995
0.29762 0.38475 0.40755
0.33415 0.50840 0.36881
0.41525 0.38923 0.39373
0.42581 0.49471 0.43827
0.37475 0.51882 0.49677
0.33711 0.58070 0.47020
0.32418 0.58740 0.56520
0.24976 0.53004 0.39662
0.37809 0.28922 0.26237
0.49305 0.44295 0.50290
0.36389 0.52172 0.42552
0.45380 0.53445 0.47689
0.45596 0.36334 0.48777
0.56249 0.41585 0.35291
0.44059 0.42584 0.46994
0.41449 0.44763 0.37529
0.48467 0.55268 0.45582
0.44696 0.35060 0.40438
0.40613 0.50900 0.46232
0.36375 0.59645 0.36610
0.39950 0.36655 0.37988
0.28874 0.54164 0.38980
0.30744 0.61585 0.36721
0.35816 0.62329 0.34733
0.32036 0.42162 0.38970
0.43751 0.54802 0.43354
0.36472 0.59793 0.44782
0.52733 0.51398 0.43815
0.49185 0.52935 0.55722
0.32295 0.42521 0.46591
0.36489 0.46460 0.41352
0.46486 0.49438 0.47080
0.37055 0.49158 0.33256
0.29347 0.60296 0.38577
0.27837 0.42156 0.42111
0.41256 0.49210 0.40005
0.39144 0.54569 0.46968
0.46519 0.44081 0.42329
0.34979 0.41456 0.44510
0.28469 0.46439 0.46590
0.28056 0.52509 0.45815
0.60429 0.43111 0.41282
0.35352 0.47419 0.56572
0.42495 0.50631 0.50519
0.32317 0.46629 0.34002
0.45041 0.47705 0.49053
0.44684 0.48366 0.49141
0.44549 0.56655 0.52177
0.25664 0.57803 0.60878
0.43595 0.50512 0.47754
0.39616 0.51807 0.52035
0.43757 0.54023 0.31409
0.31647 0.56368 0.59476
0.37779 0.48083 0.45162
0.47689 0.42073 0.40853
0.33576 0.53163 0.49583
0.29582 0.63981 0.35042
0.34029 0.56755 0.38694
0.36794 0.37835 0.36550
0.40880 0.38608 0.38093
0.47757 0.54074 0.44846
0.40472 0.55191 0.49328
0.39140 0.44018 0.51506
0.37881 0.55675 0.44554
0.51468 0.45759 0.48920
0.35625 0.33593 0.44657
0.37284 0.51772 0.53134
0.34794 0.55062 0.55528
0.52640 0.42037 0.43866
0.40993 0.55860 0.31851
0.35386 0.37210 0.44161
0.24983 0.43455 0.46572
0.42988 0.54160 0.56125
0.40792 0.46374 0.44307
0.46198 0.55296 0.38679
0.38922 0.60083 0.36071
0.45125 0.49188 0.47627
0.41464 0.37027 0.37907
0.36498 0.40196 0.52730
0.51073 0.36658 0.46786
0.40351 0.58780 0.51171
0.29521 0.50456 0.45928
0.32296 0.49212 0.48299
0.39344 0.46752 0.41015
0.33011 0.57566 0.32436
0.41124 0.43983 0.42125
0.56401 0.43798 0.36563
0.39311 0.52935 0.42166
0.42506 0.52630 0.42823
0.45296 0.47341 0.38828
0.32845 0.45505 0.43708
0.33960 0.47970 0.47851
0.26689 0.61062 0.44383
0.49351 0.44228 0.45163
0.40289 0.56207 0.39745
0.44416 0.47230 0.56175
0.30395 0.50128 0.45020
0.50748 0.45570 0.49102
0.37303 0.37697 0.43638
0.44745 0.45466 0.51072
0.40572 0.44060 0.42820
0.39712 0.29535 0.48120
0.39036 0.43962 0.37356
0.37029 0.52631 0.53348
0.47002 0.48693 0.48822
0.30919 0.40179 0.29849
0.38404 0.50591 0.36895
0.36137 0.52475 0.45969
0.34662 0.52789 0.42190
0.40138 0.44972 0.38915
0.45606 0.44269 0.46041
0.36997 0.49303 0.47885
0.34506 0.42960 0.36828
0.35349 0.60591 0.52233
0.36433 0.38192 0.51155
0.37530 0.59502 0.40359
0.30850 0.52603 0.31642
0.36658 0.61423 0.45564
0.34145 0.35347 0.42966
0.38506 0.44575 0.53391
0.32068 0.49809 0.42984
0.48143 0.48770 0.36262
0.39329 0.55365 0.36949
0.36534 0.44735 0.39733
0.38950 0.56837 0.41004
0.35853 0.49927 0.45623
0.38371 0.41267 0.47471
0.44500 0.44388 0.37137
0.51636 0.52376 0.37875
0.39383 0.44824 0.44922
0.27736 0.56763 0.35722
0.52556 0.49037 0.58151
0.40359 0.49427 0.43354
0.46003 0.57814 0.42930
0.44662 0.55083 0.45818
0.42421 0.49291 0.42545
0.30764 0.53366 0.44592
0.38475 0.54566 0.47657
0.47044 0.53764 0.38588
0.46799 0.50044 0.50952
0.40043 0.47365 0.34364
0.55338 0.38254 0.38972
0.30826 0.50910 0.37101
0.39973 0.56024 0.39462
0.40235 0.55300 0.53101
0.31675 0.48571 0.44652
0.36040 0.57583 0.36140
0.35768 0.59301 0.44981
0.31834 0.56924 0.54473
0.39970 0.42496 0.35393
0.51974 0.51942 0.44415
0.42803 0.39477 0.49049
0.41541 0.48680 0.49173
0.45010 0.43026 0.46621
0.52003 0.42507 0.40181
0.30757 0.65448 0.42492
0.37667 0.54682 0.45995
0.31223 0.55462 0.37269
0.39803 0.48293 0.38788
0.45113 0.49236 0.42777
0.33047 0.57936 0.32125
0.40045 0.54202 0.44371
0.24622 0.45518 0.38082
0.31744 0.53669 0.54487
0.40618 0.53343 0.51290
0.57992 0.45827 0.41120
0.31688 0.62234 0.53021
0.36942 0.54966 0.36834
0.43587 0.43358 0.45638
0.40284 0.56089 0.46586
0.38240 0.52576 0.52686
0.36950 0.59053 0.46330
0.39231 0.50950 0.44391
0.46070 0.43572 0.35688
0.40985 0.49449 0.45835
0.47510 0.60425 0.49558
0.34009 0.46232 0.51043
0.36289 0.39564 0.45181
0.38790 0.62141 0.57738
0.45412 0.48229 0.56727
0.40139 0.41112 0.40268
0.44801 0.46730 0.44430
0.41315 0.43326 0.40998
0.40984 0.54074 0.40786
0.52210 0.39850 0.47028
0.47960 0.40774 0.44376
0.46010 0.53689 0.47553
0.38203 0.46307 0.42553
0.50702 0.46783 0.34762
0.27810 0.36965 0.45075
0.40290 0.49169 0.44153
0.38408 0.50783 0.52420
0.48784 0.55331 0.47311
0.42580 0.59346 0.40091
0.43590 0.44070 0.41743
0.31647 0.58274 0.32884
0.28754 0.42592 0.33752
0.44994 0.38978 0.48525
0.38710 0.50283 0.39110
0.39982 0.45131 0.38597
0.40649 0.55317 0.47913
0.38347 0.47907 0.42630
0.34393 0.39971 0.28019
0.34902 0.45997 0.40948
0.32907 0.59625 0.35331
0.39260 0.49274 0.49031
0.39962 0.54110 0.38995
0.50785 0.50383 0.59019
0.35208 0.49581 0.53658
0.40513 0.39955 0.35753
0.37508 0.48036 0.42853
0.41266 0.47199 0.29307
0.44031 0.50147 0.39007
0.38539 0.41718 0.43427
0.41568 0.45272 0.35176
0.41401 0.56495 0.48644
0.37158 0.57076 0.55958
0.29095 0.46325 0.33345
0.42304 0.53137 0.32864
0.45276 0.51754 0.48828
0.42182 0.52031 0.52183
0.46781 0.51483 0.47824
0.41561 0.54735 0.33890
0.32556 0.49440 0.31400
0.53848 0.43754 0.51101
0.51770 0.44129 0.41518
0.35899 0.52750 0.42498
0.45322 0.44991 0.40162
0.43266 0.48310 0.39818
0.52931 0.52617 0.36530
0.50635 0.48603 0.57369
0.30973 0.52010 0.48203
0.36284 0.39088 0.38445
0.34211 0.44608 0.27764
0.35020 0.53572 0.35693
0.36157 0.53562 0.40668
0.48096 0.49694 0.38599
0.35186 0.49777 0.33957
0.44876 0.45628 0.52480
0.45697 0.39245 0.44553
0.36082 0.43909 0.51591
0.31704 0.59668 0.46850
0.35867 0.49809 0.48548
0.38633 0.48562 0.53688
0.53458 0.51785 0.55001
0.35289 0.53951 0.51160
0.40019 0.41916 0.45429
0.36007 0.53261 0.41483
0.26598 0.34140 0.45451
0.34418 0.56085 0.28612
0.50778 0.47515 0.36246
0.37700 0.45442 0.43020
0.32364 0.52936 0.39591
0.41411 0.51097 0.48778
0.40138 0.51045 0.46863
0.42723 0.52401 0.50200
0.47426 0.54833 0.39578
0.36669 0.53602 0.36749
0.49608 0.44206 0.34425
0.40487 0.35174 0.38851
0.27954 0.56533 0.54691
0.47597 0.52363 0.52835
0.39376 0.54514 0.48039
0.31986 0.49576 0.33798
0.44760 0.57697 0.53391
0.41036 0.53497 0.49117
0.42360 0.51212 0.57966
0.38215 0.45003 0.44235
0.39383 0.49731 0.41457
0.36369 0.52048 0.52089
0.30686 0.54776 0.44995
0.48899 0.54522 0.40577
0.29165 0.58197 0.36873
0.40268 0.41084 0.35436
0.39114 0.42401 0.48576
0.37657 0.44503 0.39671
0.41458 0.49414 0.40561
0.31254 0.45629 0.39612
0.46180 0.56593 0.53504
0.56167 0.48684 0.50808
0.42819 0.43153 0.44553
0.32490 0.61350 0.30668
0.52888 0.42242 0.46589
0.50023 0.51844 0.36668
0.32900 0.57184 0.51392
0.49980 0.43654 0.56599
0.30868 0.49049 0.32192
0.35754 0.48349 0.40209
0.45278 0.45312 0.38204
0.46380 0.49420 0.51904
0.44854 0.47877 0.55062
0.36205 0.40178 0.52980
0.33479 0.48238 0.24758
0.36710 0.39978 0.41143
0.36951 0.52631 0.45706
0.43568 0.60224 0.37230
0.27979 0.54250 0.33533
0.50208 0.54576 0.44087
0.42959 0.40943 0.41330
0.41282 0.51331 0.40345
0.41151 0.45322 0.47935
0.39432 0.54476 0.50594
0.50282 0.39175 0.47496
0.33993 0.49890 0.39628
0.31922 0.46172 0.41232
0.44915 0.50156 0.42600
0.39375 0.49876 0.46773
0.44644 0.37918 0.45584
0.48747 0.31941 0.43948
0.34741 0.58192 0.35521
0.30934 0.38236 0.42786
0.34173 0.47697 0.49079
0.39225 0.32982 0.39882
0.39872 0.38872 0.48026
0.38551 0.58129 0.46767
0.51064 0.38367 0.44388
0.51073 0.39553 0.45066
0.36795 0.54109 0.42223
0.42484 0.52574 0.43992
0.36065 0.56077 0.36914
0.43049 0.59019 0.47710
0.48236 0.55654 0.39957
0.32423 0.48183 0.32614
0.34408 0.42786 0.32806
0.42545 0.48408 0.39260
0.46936 0.50030 0.42974
0.36923 0.45285 0.36837
0.52210 0.45891 0.37558
0.41982 0.43970 0.32009
0.32902 0.51290 0.50908
0.48636 0.52616 0.49604
0.43534 0.49891 0.43738
0.31048 0.64315 0.49763
0.39942 0.45959 0.50440
0.40533 0.49492 0.52223
0.40786 0.51804 0.42516
0.42395 0.55805 0.51170
0.37018 0.48437 0.53266
0.31095 0.61266 0.30571
0.41309 0.55639 0.48812
0.32043 0.51203 0.40194
0.45556 0.51778 0.41843
0.33451 0.42286 0.42704
0.46752 0.41455 0.45911
0.42144 0.54158 0.46741
0.49464 0.41712 0.47230
0.36385 0.53460 0.32834
0.44513 0.38262 0.38372
0.43749 0.52266 0.47433
0.38248 0.46475 0.42003
0.45436 0.42411 0.45545
0.37815 0.53196 0.49244
0.36994 0.50338 0.43896
0.29295 0.47731 0.51866
0.33924 0.58242 0.53856
0.34671 0.47353 0.48156
0.36387 0.54957 0.42669
0.31942 0.51751 0.41925
0.48003 0.47436 0.49005
0.32891 0.40603 0.33108
0.34111 0.55793 0.50220
0.39144 0.37490 0.40453
0.49154 0.43652 0.54415
0.38433 0.50430 0.35748
0.42498 0.45190 0.40844
0.32625 0.56704 0.36898
0.40039 0.50453 0.39721
0.31674 0.43624 0.49109
0.44047 0.41209 0.46267
0.46451 0.56794 0.42650
0.47805 0.50692 0.47965
0.26751 0.59418 0.42928
0.39451 0.57823 0.51425
0.49213 0.42510 0.48649
0.50173 0.40137 0.48238
0.39320 0.54513 0.48969
0.31462 0.58658 0.56060
0.38310 0.54591 0.50811
0.33919 0.47602 0.49146
0.44037 0.52103 0.35964
0.38406 0.48836 0.44480
0.42341 0.47509 0.37661
0.28392 0.36230 0.44998
0.29679 0.55226 0.53881
0.29166 0.54131 0.56619
0.44583 0.26192 0.35889
0.45039 0.60198 0.37185
0.44732 0.41727 0.55301
0.36788 0.51960 0.52628
0.47658 0.59197 0.38378
0.35606 0.38186 0.43467
0.33174 0.56373 0.43264
0.30973 0.49447 0.28829
0.36386 0.57200 0.41183
0.53131 0.34776 0.49016
0.38621 0.52744 0.48424
0.47139 0.45967 0.37102
0.34141 0.41345 0.40946
0.49963 0.37104 0.46425
0.46402 0.43937 0.47329
0.37040 0.50320 0.32223
0.42698 0.50174 0.37574
0.42900 0.46068 0.32814
0.46523 0.51081 0.44741
0.38381 0.46143 0.35431
0.35216 0.48623 0.47323
0.43189 0.49482 0.41243
0.30836 0.56201 0.52409
0.34665 0.48526 0.37387
0.38562 0.54911 0.28365
0.41018 0.49643 0.42566
0.36794 0.60288 0.37457
0.42651 0.48240 0.48539
0.28499 0.55503 0.44763
0.30874 0.41864 0.45370
0.46432 0.50531 0.43500
0.47585 0.48478 0.42114
0.49715 0.56598 0.38967
0.43631 0.47664 0.48617
0.48651 0.50259 0.48995
0.47664 0.35308 0.33730
0.37892 0.45999 0.44553
0.35543 0.50534 0.36701
0.43696 0.49663 0.40386
0.38444 0.59184 0.40901
0.51287 0.44428 0.56075
0.33168 0.34121 0.45058
0.32067 0.48043 0.38018
