20 15 1000 24097 468
0.84204 0.97663 0.97512
0.38247 0.04855 0.88849
0.81726 0.84271 0.93971
0.43386 0.71570 0.00450
0.64015 0.98864 0.09796
0.73761 0.86134 0.81002
0.41542 0.64980 0.33282
0.99741 0.24568 0.82201
0.67799 0.86197 0.93755
0.51237 0.90170 0.49032
0.51721 0.25452 0.64792
0.88792 0.87112 0.72707
0.10206 0.59060 0.88946
0.27126 0.46737 0.63603
0.34766 0.59640 0.39783
0.62923 0.67832 0.67064
0.50950 0.61297 0.67269
0.58347 0.70068 0.63157
0.58212 0.73751 0.66044
0.52054 0.54622 0.68151
0.50493 0.66243 0.65076
0.49511 0.62903 0.51241
0.64605 0.68264 0.54141
0.58803 0.48693 0.60778
0.59104 0.72910 0.56655
0.67066 0.67436 0.58695
0.45313 0.64409 0.60486
0.61638 0.68559 0.66526
0.60821 0.56744 0.67215
0.50676 0.78715 0.65503
0.64488 0.64176 0.71516
0.64787 0.71590 0.73875
0.59008 0.75637 0.60706
0.59181 0.53988 0.59476
0.61074 0.74554 0.68626
0.50118 0.60188 0.61420
0.61119 0.73845 0.60405
0.52696 0.72537 0.55665
0.67114 0.73445 0.81160
0.54908 0.59522 0.54827
0.63705 0.73145 0.69153
0.53930 0.63847 0.69202
0.48920 0.67546 0.68315
0.50247 0.65955 0.52884
0.54942 0.68098 0.62788
0.61845 0.71873 0.66110
0.57165 0.57383 0.62892
0.62889 0.66933 0.67930
0.51469 0.57854 0.64500
0.52378 0.60536 0.43734
0.59006 0.72698 0.64583
0.46985 0.60976 0.52496
0.52268 0.71432 0.59952
0.52169 0.53137 0.73240
0.45440 0.65159 0.54991
0.52307 0.59731 0.54746
0.68723 0.64272 0.76329
0.41251 0.55240 0.74403
0.58807 0.59330 0.74007
0.51209 0.68689 0.52032
0.53035 0.56648 0.73058
0.53570 0.72451 0.66038
0.53175 0.70042 0.54793
0.49899 0.57271 0.58040
0.60521 0.66960 0.54715
0.53623 0.60569 0.58979
0.59507 0.64555 0.69928
0.54933 0.72546 0.51348
0.60521 0.64780 0.65783
0.56034 0.65716 0.60943
0.61424 0.66891 0.62419
0.44958 0.58828 0.72323
0.52410 0.62413 0.65097
0.57254 0.61837 0.63639
0.53978 0.60826 0.50181
0.61504 0.67599 0.67444
0.53921 0.67073 0.65794
0.51416 0.53953 0.59728
0.56472 0.55503 0.61569
0.48735 0.66066 0.72696
0.61903 0.53059 0.74648
0.59211 0.68383 0.52273
0.57221 0.65365 0.54405
0.58733 0.70221 0.62886
0.61092 0.73624 0.58646
0.57975 0.72756 0.55633
0.49606 0.48109 0.56320
0.73973 0.85251 0.84511
0.56069 0.68335 0.59234
0.63400 0.75063 0.60377
0.61821 0.74004 0.61114
0.51763 0.65317 0.77337
0.55430 0.70073 0.49691
0.56680 0.64742 0.69997
0.59572 0.59211 0.72102
0.62691 0.77144 0.66295
0.60352 0.75114 0.73272
0.63516 0.73215 0.71412
0.60487 0.68656 0.62959
0.61049 0.81905 0.47427
0.59540 0.68552 0.58054
0.66542 0.54595 0.62078
0.59850 0.67121 0.59770
0.50292 0.70022 0.49132
0.60324 0.72979 0.66986
0.53316 0.64793 0.57109
0.46088 0.65515 0.47988
0.65394 0.71040 0.74198
0.64183 0.68204 0.72335
0.60201 0.64927 0.63654
0.54667 0.65049 0.60911
0.58486 0.49657 0.74912
0.60694 0.70200 0.64132
0.49787 0.61604 0.52218
0.48230 0.65191 0.41845
0.49952 0.57797 0.49004
0.62831 0.73934 0.66835
0.44988 0.58938 0.71746
0.55914 0.76101 0.61279
0.58305 0.76887 0.78097
0.59450 0.72865 0.63969
0.54171 0.66340 0.71062
0.56157 0.67643 0.75050
0.54248 0.56833 0.63974
0.59217 0.75151 0.62774
0.57369 0.68977 0.60776
0.58724 0.67085 0.69595
0.58210 0.70750 0.50722
0.57294 0.71332 0.62415
0.54408 0.70080 0.58182
0.59216 0.65729 0.73663
0.56166 0.67808 0.57661
0.55361 0.64309 0.63061
0.50122 0.53595 0.58664
0.64554 0.73303 0.60514
0.60761 0.70919 0.64619
0.57666 0.62170 0.59672
0.52524 0.65801 0.70027
0.63709 0.69960 0.69145
0.47179 0.69228 0.54365
0.57238 0.72582 0.49781
0.71777 0.61992 0.75753
0.56834 0.64001 0.70940
0.45580 0.58195 0.61126
0.49596 0.69403 0.58762
0.54311 0.61913 0.68670
0.58478 0.65708 0.75287
0.73545 0.61361 0.76411
0.49968 0.68401 0.55235
0.55909 0.71383 0.57310
0.63776 0.75819 0.63313
0.62144 0.69120 0.67320
0.67947 0.81325 0.68041
0.62571 0.62769 0.69637
0.58540 0.54691 0.65219
0.64363 0.72286 0.70645
0.55059 0.60128 0.63344
0.57303 0.73091 0.58650
0.62523 0.59466 0.69610
0.53928 0.51623 0.69814
0.47201 0.63015 0.66677
0.54603 0.71935 0.52909
0.51963 0.67878 0.52952
0.62041 0.65747 0.51460
0.65151 0.77369 0.47774
0.58511 0.66468 0.74534
0.59038 0.71930 0.72756
0.58445 0.60496 0.64570
0.58906 0.76244 0.59033
0.49310 0.69624 0.56367
0.55196 0.62787 0.57575
0.47876 0.58327 0.65959
0.51950 0.72991 0.65838
0.60383 0.58230 0.74807
0.50411 0.68064 0.51695
0.47939 0.59265 0.67893
0.61095 0.63649 0.67501
0.54662 0.69518 0.62379
0.62919 0.69054 0.71081
0.67679 0.66502 0.65207
0.57097 0.67369 0.53064
0.62689 0.69874 0.69597
0.58436 0.69418 0.65608
0.54510 0.72532 0.57212
0.51840 0.64172 0.64325
0.56924 0.71298 0.61504
0.56130 0.57764 0.65238
0.52170 0.67878 0.76705
0.57584 0.68136 0.68426
0.57639 0.67996 0.66171
0.64553 0.68712 0.66077
0.60322 0.63288 0.68920
0.58647 0.70723 0.64986
0.50390 0.69571 0.62883
0.61451 0.64009 0.74065
0.49272 0.55363 0.66520
0.56672 0.64123 0.61511
0.59360 0.70125 0.59537
0.45028 0.67175 0.45764
0.58734 0.73477 0.66248
0.62373 0.68509 0.70957
0.56182 0.78582 0.64194
0.56876 0.69676 0.65692
0.57954 0.59569 0.66321
0.54459 0.71018 0.60706
0.47608 0.61306 0.56312
0.46893 0.71110 0.77059
0.56777 0.69120 0.54461
0.59290 0.63793 0.67585
0.62217 0.56934 0.70187
0.55145 0.70940 0.58151
0.52129 0.57868 0.64767
0.49461 0.65159 0.65096
0.55685 0.72022 0.66759
0.46514 0.60342 0.65879
0.62075 0.74131 0.71552
0.55632 0.62595 0.59892
0.56561 0.66693 0.69869
0.56346 0.59581 0.65279
0.61500 0.68238 0.65843
0.52948 0.55387 0.54793
0.54489 0.69373 0.56073
0.65379 0.76781 0.54348
0.54157 0.55627 0.69040
0.55642 0.69416 0.66856
0.48846 0.68715 0.67830
0.60917 0.75024 0.67939
0.65008 0.70929 0.71106
0.61851 0.62336 0.75368
0.57862 0.66566 0.60871
0.33526 0.63662 0.65459
0.55228 0.51768 0.74949
0.55603 0.66508 0.62537
0.49241 0.52883 0.67455
0.52401 0.64905 0.63236
0.61127 0.80935 0.69133
0.49363 0.63039 0.53913
0.51168 0.57810 0.60809
0.59163 0.64513 0.65032
0.65966 0.67128 0.59534
0.58846 0.61303 0.63414
0.62057 0.71201 0.62295
0.60529 0.70002 0.61879
0.62220 0.68694 0.59487
0.56777 0.73927 0.48260
0.50238 0.53479 0.70141
0.52377 0.59359 0.61724
0.47250 0.61893 0.65446
0.62940 0.55930 0.71867
0.68692 0.73858 0.70715
0.60353 0.57425 0.65734
0.54902 0.77959 0.51639
0.50880 0.59174 0.66452
0.61187 0.64294 0.63251
0.71704 0.73207 0.72353
0.60929 0.73695 0.57306
0.58355 0.77323 0.61119
0.48504 0.56936 0.74282
0.47625 0.60709 0.70865
0.66596 0.64722 0.69642
0.50897 0.54810 0.69986
0.52161 0.59658 0.52533
0.50510 0.63237 0.58996
0.65840 0.59945 0.69600
0.60942 0.67998 0.74363
0.44458 0.55311 0.63355
0.57623 0.58689 0.60260
0.63993 0.71804 0.65500
0.59219 0.76981 0.57329
0.71239 0.75468 0.73884
0.55999 0.61744 0.59984
0.53065 0.68321 0.58685
0.66757 0.63417 0.57236
0.42049 0.58392 0.65267
0.57606 0.56085 0.65331
0.60850 0.69568 0.64627
0.60594 0.58630 0.75733
0.49196 0.63526 0.69490
0.53588 0.60447 0.53136
0.54406 0.45990 0.64427
0.53071 0.72671 0.51643
0.57952 0.70321 0.60143
0.59213 0.62844 0.65961
0.69036 0.57422 0.66508
0.57706 0.71299 0.66466
0.56474 0.62156 0.63445
0.62014 0.65288 0.66719
0.58609 0.70013 0.74299
0.56379 0.70137 0.62979
0.62261 0.64101 0.69013
0.65609 0.57131 0.77525
0.59129 0.74442 0.71777
0.55772 0.70051 0.65262
0.53365 0.65884 0.63629
0.56348 0.57459 0.69175
0.58498 0.69213 0.72635
0.40864 0.64949 0.63895
0.45803 0.58170 0.61762
0.63900 0.69580 0.70921
0.55709 0.64456 0.60765
0.60337 0.73898 0.67022
0.55803 0.51270 0.71087
0.46320 0.70430 0.54093
0.59479 0.67498 0.74732
0.51951 0.70051 0.69176
0.61380 0.67521 0.75368
0.55946 0.52075 0.71976
0.55194 0.67673 0.64007
0.48343 0.72827 0.47407
0.56369 0.58642 0.60789
0.57588 0.68855 0.67981
0.52706 0.68412 0.59296
0.48820 0.64035 0.65080
0.50155 0.75295 0.45635
0.45508 0.58185 0.56589
0.58883 0.64663 0.61873
0.60787 0.66913 0.64325
0.45576 0.56164 0.65871
0.60240 0.65465 0.66726
0.62327 0.69072 0.58111
0.57485 0.62953 0.72601
0.49496 0.60973 0.53834
0.55594 0.69577 0.58479
0.58312 0.74731 0.70790
0.59165 0.63641 0.71582
0.54699 0.64031 0.58196
0.52183 0.64034 0.54697
0.36133 0.58955 0.76831
0.58507 0.70175 0.59084
0.62540 0.68184 0.75410
0.58439 0.60936 0.55939
0.60180 0.63627 0.65450
0.51424 0.75363 0.51064
0.62919 0.68137 0.59419
0.62067 0.61973 0.72227
0.55409 0.63094 0.58558
0.63457 0.58994 0.61143
0.62543 0.66244 0.70852
0.70798 0.70075 0.66846
0.62247 0.61220 0.78572
0.63162 0.77002 0.53181
0.58898 0.75269 0.53764
0.53101 0.56961 0.63244
0.54283 0.59375 0.66079
0.61307 0.66532 0.64253
0.52536 0.63736 0.62869
0.58484 0.78709 0.46998
0.57281 0.61637 0.59228
0.50618 0.66355 0.56155
0.66802 0.73124 0.73846
0.57454 0.69410 0.66692
0.57402 0.79191 0.73563
0.58588 0.65991 0.62522
0.68889 0.70732 0.74125
0.54132 0.68682 0.64790
0.54797 0.63336 0.72710
0.55863 0.66155 0.57094
0.51279 0.68154 0.68641
0.49333 0.67000 0.45404
0.53582 0.62490 0.63712
0.49785 0.61623 0.68585
0.59124 0.65619 0.65808
0.57490 0.55880 0.74648
0.58921 0.69067 0.72088
0.56118 0.71943 0.56291
0.63161 0.69929 0.60719
0.61705 0.69242 0.63313
0.51581 0.61901 0.61238
0.48745 0.72134 0.43013
0.57641 0.64571 0.58181
0.42778 0.63652 0.56751
0.66005 0.65955 0.70258
0.51786 0.70659 0.68104
0.62330 0.81296 0.53248
0.49822 0.66947 0.67345
0.55434 0.65715 0.57351
0.75660 0.53538 0.68275
0.56340 0.52892 0.64537
0.61353 0.65368 0.62287
0.51647 0.67025 0.57181
0.52518 0.62080 0.56037
0.44167 0.64412 0.74908
0.49566 0.66205 0.50339
0.61316 0.61045 0.56761
0.56482 0.71471 0.60828
0.54486 0.64713 0.64136
0.57499 0.67969 0.58345
0.54964 0.56690 0.55828
0.63714 0.66554 0.70618
0.63166 0.68615 0.63029
0.45388 0.65681 0.51200
0.57792 0.63077 0.58504
0.48589 0.57596 0.50088
0.67737 0.69113 0.73111
0.59317 0.72181 0.58138
0.45400 0.43779 0.67759
0.54295 0.58080 0.67854
0.53451 0.64108 0.64690
0.49582 0.69986 0.61672
0.59614 0.71240 0.69144
0.56082 0.68979 0.66291
0.52419 0.70040 0.55744
0.67309 0.76798 0.64336
0.60120 0.57320 0.62139
0.52816 0.63674 0.59656
0.45083 0.56433 0.66394
0.51917 0.70097 0.69220
0.66193 0.46976 0.68359
0.47877 0.66492 0.61830
0.49523 0.54222 0.49514
0.58088 0.68712 0.61679
0.54989 0.64694 0.55398
0.52757 0.54804 0.68738
0.54198 0.72770 0.58047
0.52759 0.64040 0.50161
0.56176 0.64557 0.60876
0.57404 0.71336 0.65582
0.52919 0.71474 0.47785
0.51972 0.73221 0.56749
0.56793 0.71030 0.58586
0.50770 0.58752 0.63439
0.65924 0.59046 0.77305
0.58272 0.60995 0.64370
0.64533 0.72133 0.52179
0.58409 0.68686 0.60011
0.42124 0.61661 0.51949
0.57548 0.50856 0.55530
0.56544 0.62605 0.61118
0.59008 0.73185 0.57373
0.65814 0.66577 0.66498
0.68694 0.62883 0.72368
0.65705 0.74212 0.54673
0.45070 0.60169 0.54459
0.48813 0.62777 0.54355
0.60066 0.67198 0.57508
0.60851 0.60862 0.64881
0.55482 0.68431 0.65099
0.48773 0.62991 0.65530
0.61142 0.64048 0.69193
0.49500 0.59424 0.52302
0.55886 0.66024 0.50651
0.54494 0.74294 0.52005
0.55341 0.60860 0.75366
0.62571 0.67317 0.68240
0.54529 0.56192 0.69928
0.68686 0.74056 0.62848
0.42416 0.55355 0.62028
0.62516 0.69499 0.66939
0.62874 0.57113 0.66631
0.70675 0.54566 0.72184
0.49605 0.60282 0.68364
0.54583 0.67047 0.54699
0.52325 0.70927 0.41207
0.62315 0.71061 0.55506
0.52667 0.67604 0.56250
0.54785 0.62780 0.69437
0.58017 0.63012 0.61701
0.46446 0.64064 0.64793
0.57920 0.58161 0.58953
0.68948 0.52203 0.74213
0.61370 0.60694 0.60692
0.60317 0.67287 0.55930
0.61621 0.72403 0.76037
0.57742 0.67961 0.53915
0.47298 0.64229 0.64421
0.56541 0.65192 0.67627
0.47852 0.75009 0.54384
0.59935 0.50315 0.67509
0.64030 0.49683 0.73392
0.52016 0.67894 0.65070
0.68305 0.73087 0.69226
0.62249 0.75776 0.64605
0.58528 0.67910 0.73262
0.57995 0.67140 0.65540
0.64283 0.62279 0.56885
0.58682 0.71632 0.51658
0.58886 0.63734 0.68576
0.59928 0.61432 0.69165
0.59805 0.70288 0.54865
0.73260 0.78115 0.80519
0.67726 0.61387 0.65300
0.46363 0.61736 0.69701
0.56319 0.73700 0.48295
0.62850 0.78628 0.54529
0.52716 0.64035 0.65000
0.59528 0.68752 0.71619
0.47324 0.62234 0.57450
0.56961 0.70236 0.55124
0.67269 0.67527 0.65090
0.61743 0.65918 0.71671
0.61084 0.60191 0.70581
0.66528 0.51291 0.62647
0.56727 0.67837 0.53964
0.56132 0.70207 0.52485
0.63252 0.74494 0.69989
0.55934 0.60571 0.66141
0.50355 0.59139 0.60796
0.71208 0.73837 0.74329
0.58783 0.57029 0.69387
0.64085 0.69161 0.62037
0.52264 0.62068 0.58135
0.57030 0.58768 0.58532
0.44014 0.60547 0.60937
0.56888 0.72409 0.64058
0.58172 0.71238 0.63559
0.57747 0.74007 0.68826
0.63354 0.62102 0.77788
0.56949 0.62010 0.53795
0.68654 0.69402 0.62399
0.69599 0.65032 0.69561
0.55307 0.64648 0.64561
0.64447 0.75409 0.73858
0.58131 0.62207 0.62815
0.55567 0.68174 0.68139
0.64422 0.71156 0.74838
0.59768 0.62919 0.74184
0.55415 0.64393 0.61862
0.52697 0.69782 0.61683
0.54035 0.76402 0.55422
0.54523 0.57196 0.68853
0.56125 0.59009 0.69214
0.64642 0.74035 0.72721
0.65247 0.71723 0.55194
0.62914 0.68328 0.65028
0.57941 0.64681 0.68398
0.50514 0.61164 0.54141
0.62299 0.76615 0.62553
0.51905 0.70404 0.52131
0.61837 0.61314 0.73956
0.56268 0.63285 0.74482
0.65625 0.70884 0.62702
0.48054 0.60207 0.57226
0.64535 0.79165 0.69288
0.56069 0.60901 0.69310
0.51415 0.62208 0.50594
0.59655 0.65273 0.61453
0.64609 0.73142 0.65027
0.54140 0.67542 0.64295
0.65189 0.78559 0.84471
0.50085 0.66227 0.71383
0.54102 0.61352 0.66412
0.60309 0.68087 0.56117
0.51009 0.59699 0.59627
0.59805 0.68760 0.71654
0.60583 0.61377 0.75003
0.58088 0.67657 0.68681
0.65997 0.69871 0.70445
0.63008 0.76788 0.66526
0.47595 0.50505 0.60425
0.58892 0.63490 0.66861
0.63230 0.53229 0.63252
0.66568 0.61952 0.64801
0.57545 0.71310 0.64730
0.57341 0.71855 0.66457
0.63593 0.68350 0.72257
0.58084 0.61986 0.63267
0.75338 0.68988 0.78384
0.55649 0.59002 0.63682
0.55676 0.60480 0.66976
0.45909 0.57266 0.63698
0.54949 0.73741 0.67850
0.60984 0.62228 0.72526
0.53573 0.68596 0.57457
0.55439 0.63805 0.59141
0.42732 0.51673 0.68011
0.50071 0.58461 0.58020
0.54181 0.61905 0.68775
0.54776 0.70688 0.58722
0.50403 0.60478 0.69358
0.65439 0.69503 0.70555
0.44307 0.69876 0.54122
0.48662 0.61346 0.54047
0.64508 0.71267 0.60870
0.46314 0.62464 0.65867
0.59148 0.64685 0.45983
0.64842 0.59465 0.62072
0.60209 0.70568 0.69768
0.48034 0.54698 0.68532
0.51408 0.56517 0.65569
0.57404 0.72528 0.65682
0.62042 0.75213 0.64828
0.58108 0.65033 0.78233
0.47000 0.69086 0.62476
0.64551 0.58075 0.74483
0.63906 0.66463 0.68699
0.48709 0.69194 0.58880
0.61354 0.68684 0.74632
0.62348 0.74433 0.61286
0.51804 0.59429 0.62066
0.57876 0.70442 0.60453
0.54247 0.74650 0.64299
0.50338 0.63004 0.64302
0.51382 0.57234 0.68083
0.61027 0.65573 0.63342
0.55669 0.62612 0.74090
0.50445 0.63296 0.69026
0.48958 0.73629 0.52881
0.61789 0.68180 0.67813
0.55431 0.65094 0.63288
0.54764 0.69915 0.69539
0.56193 0.69733 0.60523
0.65777 0.66972 0.74258
0.55583 0.60288 0.76212
0.56374 0.65901 0.75464
0.60049 0.62922 0.64615
0.60007 0.74681 0.70378
0.62616 0.71659 0.69255
0.54365 0.70552 0.50376
0.39632 0.64449 0.71895
0.65591 0.70344 0.69059
0.52658 0.70739 0.53941
0.62296 0.68444 0.73004
0.53673 0.61716 0.67595
0.59020 0.68994 0.59824
0.64202 0.61210 0.66139
0.62277 0.62811 0.56102
0.55461 0.64556 0.66293
0.59252 0.67536 0.56130
0.57952 0.65988 0.67440
0.61723 0.60428 0.68157
0.53525 0.75902 0.62438
0.58795 0.61068 0.65654
0.52789 0.72236 0.61197
0.52641 0.61955 0.63653
0.59959 0.52225 0.67425
0.51558 0.72308 0.66930
0.46398 0.63505 0.51889
0.48259 0.56253 0.63109
0.59334 0.66029 0.67008
0.63136 0.67433 0.68504
0.50966 0.66674 0.61304
0.52677 0.73308 0.52263
0.61439 0.65422 0.62640
0.61887 0.66600 0.56337
0.58229 0.71047 0.58648
0.59171 0.70208 0.74363
0.59517 0.71801 0.60815
0.63868 0.74711 0.61725
0.51020 0.58779 0.54229
0.48582 0.66383 0.57906
0.64771 0.63850 0.60890
0.52652 0.52705 0.77340
0.52366 0.72295 0.40828
0.53949 0.67812 0.58474
0.60994 0.64219 0.76853
0.55023 0.65635 0.60197
0.50950 0.64670 0.54260
0.45551 0.66743 0.57080
0.68622 0.71989 0.76265
0.51584 0.68989 0.58211
0.56959 0.72979 0.64774
0.59872 0.79068 0.54506
0.44982 0.63198 0.58731
0.56815 0.48783 0.77762
0.53603 0.68103 0.56115
0.63061 0.61963 0.72608
0.67197 0.74645 0.70551
0.62806 0.72455 0.51435
0.64787 0.69144 0.65943
0.62808 0.79504 0.57308
0.56981 0.63234 0.60167
0.72949 0.63847 0.73095
0.51818 0.55451 0.70784
0.53263 0.65695 0.65827
0.50251 0.66545 0.71682
0.71122 0.72001 0.71355
0.53381 0.60824 0.64926
0.61375 0.76756 0.57605
0.55465 0.55322 0.59558
0.64846 0.65718 0.63938
0.65152 0.63885 0.65890
0.64967 0.77040 0.52754
0.64530 0.64668 0.59221
0.48411 0.65278 0.52017
0.64406 0.74754 0.55049
0.50880 0.69158 0.74543
0.52842 0.69724 0.48062
0.56655 0.74077 0.63471
0.45211 0.70439 0.64742
0.55639 0.58857 0.66670
0.62576 0.63012 0.58090
0.55976 0.62344 0.66208
0.53328 0.70688 0.65298
0.53860 0.59133 0.62266
0.63028 0.74079 0.57573
0.50800 0.62453 0.67067
0.68288 0.75431 0.63947
0.48296 0.58710 0.55980
0.53204 0.57564 0.65109
0.55521 0.63471 0.65186
0.63066 0.69419 0.57295
0.59563 0.73589 0.59245
0.57986 0.57054 0.72222
0.56474 0.62415 0.64007
0.54475 0.67138 0.49671
0.56725 0.64228 0.73628
0.59971 0.74089 0.67458
0.58435 0.68213 0.54751
0.66345 0.65943 0.72344
0.65044 0.67896 0.70868
0.46833 0.57114 0.59838
0.62524 0.71851 0.62449
0.56995 0.61737 0.57283
0.47662 0.55133 0.68109
0.58952 0.61061 0.67280
0.65109 0.67807 0.74727
0.60541 0.56293 0.64372
0.68399 0.65319 0.67129
0.62707 0.66565 0.64772
0.54589 0.61219 0.65226
0.56028 0.63968 0.67612
0.58075 0.54801 0.76953
0.57442 0.68034 0.58531
0.51183 0.69264 0.58775
0.59576 0.70561 0.69626
0.68724 0.80636 0.65799
0.67237 0.78555 0.60685
0.53643 0.65899 0.48495
0.58118 0.73809 0.63490
0.55303 0.73461 0.48026
0.48797 0.66064 0.47730
0.44106 0.56473 0.61849
0.63487 0.72192 0.62846
0.51114 0.53737 0.70412
0.59337 0.72235 0.57461
0.54034 0.63455 0.61228
0.47948 0.72726 0.52853
0.56880 0.69677 0.57862
0.58551 0.67414 0.66053
0.50676 0.62507 0.59733
0.53515 0.69173 0.61504
0.48010 0.61180 0.48095
0.61780 0.69536 0.60090
0.59640 0.72887 0.56625
0.59329 0.63459 0.68615
0.60508 0.74665 0.61367
0.60638 0.62415 0.66840
0.67269 0.74229 0.66030
0.57594 0.74671 0.47434
0.48701 0.66105 0.58763
0.60965 0.71716 0.77178
0.60019 0.67383 0.61663
0.52276 0.60555 0.46650
0.54795 0.62794 0.59511
0.51010 0.67254 0.56375
0.55498 0.67287 0.51647
0.62748 0.72348 0.77688
0.59864 0.57873 0.69785
0.63580 0.74725 0.72058
0.56841 0.74610 0.54810
0.61844 0.79306 0.66654
0.52731 0.63624 0.60368
0.60641 0.71712 0.55615
0.56863 0.72488 0.59782
0.60833 0.63575 0.73601
0.56036 0.69171 0.68490
0.53473 0.74932 0.44917
0.61791 0.65680 0.69016
0.55356 0.53900 0.58985
0.65223 0.62827 0.65356
0.55535 0.62983 0.71363
0.57995 0.81609 0.62562
0.48437 0.53677 0.69852
0.64246 0.62555 0.77976
0.53462 0.72724 0.63795
0.42741 0.61098 0.49957
0.59885 0.61846 0.65591
0.66619 0.76775 0.65539
0.53090 0.53169 0.65568
0.56088 0.70548 0.66415
0.61458 0.72069 0.68231
0.52100 0.57360 0.67213
0.74723 0.59796 0.69526
0.53459 0.71883 0.67130
0.53800 0.72189 0.49732
0.62102 0.64893 0.74398
0.40517 0.61034 0.54612
0.55393 0.68019 0.62720
0.68234 0.58640 0.69021
0.51305 0.65899 0.57723
0.63139 0.69064 0.72525
0.58224 0.60977 0.69593
0.63219 0.52439 0.63158
0.67050 0.48537 0.75338
0.59583 0.68626 0.56224
0.60837 0.77046 0.58064
0.60325 0.72672 0.72412
0.63976 0.73337 0.66959
0.62489 0.66377 0.64466
0.59520 0.64996 0.71116
0.60419 0.69938 0.60792
0.62382 0.66187 0.79305
0.63051 0.59077 0.72146
0.56390 0.70921 0.63706
0.62550 0.71070 0.66934
0.53459 0.57970 0.62541
0.45003 0.61170 0.58714
0.58248 0.57208 0.77424
0.56116 0.55092 0.72239
0.61177 0.72210 0.66216
0.56063 0.62038 0.54888
0.57017 0.71861 0.67856
0.40858 0.60703 0.63336
0.58277 0.59914 0.66404
0.73295 0.66595 0.67132
0.52262 0.60419 0.64083
0.66276 0.50684 0.75037
0.55207 0.75060 0.72282
0.49709 0.64754 0.49978
0.61689 0.77397 0.54379
0.58055 0.68125 0.74283
0.58253 0.73894 0.64997
0.49033 0.54417 0.70590
0.51317 0.61538 0.65324
0.53111 0.52804 0.67329
0.56915 0.76660 0.59299
0.50021 0.60049 0.59015
0.66066 0.82731 0.57101
0.61084 0.64161 0.66816
0.65489 0.56126 0.67096
0.53680 0.63636 0.60877
0.57880 0.77516 0.38548
0.59197 0.72023 0.48659
0.58091 0.68319 0.58257
0.48031 0.56061 0.71592
0.44668 0.69288 0.58514
0.49757 0.60866 0.66236
0.61507 0.72847 0.65522
0.46913 0.61628 0.57175
0.62793 0.77751 0.62134
0.58508 0.67744 0.71071
0.55815 0.62288 0.59341
0.58960 0.67220 0.62953
0.71746 0.71500 0.69597
0.68939 0.63002 0.74382
0.56640 0.68894 0.68056
0.61369 0.80474 0.58951
0.62720 0.69551 0.61676
0.61685 0.53714 0.66401
0.57639 0.58861 0.59803
0.62728 0.70661 0.72004
0.42731 0.65487 0.65633
0.59155 0.61109 0.67008
0.65698 0.71318 0.70134
0.61226 0.63689 0.70516
0.48798 0.60410 0.70425
0.56304 0.63190 0.67690
0.51076 0.65557 0.62775
0.63080 0.79425 0.62448
0.64490 0.66722 0.62905
0.49139 0.62520 0.62914
0.46757 0.66229 0.59805
0.62196 0.75614 0.61119
0.53084 0.58091 0.59908
0.63110 0.58488 0.59664
0.64445 0.72637 0.69573
0.56028 0.55108 0.70609
0.57453 0.58678 0.71073
0.51138 0.65098 0.68432
0.65233 0.70414 0.66666
0.68208 0.62945 0.62905
0.61022 0.80560 0.56947
0.53994 0.66639 0.64448
0.59385 0.68071 0.66304
0.51941 0.64792 0.59210
0.63719 0.62156 0.60730
0.56749 0.68557 0.62441
0.55778 0.68004 0.62542
0.47180 0.52787 0.66406
0.54050 0.64670 0.51766
0.68672 0.62066 0.58107
0.61249 0.67732 0.74282
0.56568 0.57298 0.71356
0.47805 0.62062 0.57241
0.52994 0.54804 0.57113
0.56472 0.74154 0.57076
0.59534 0.73061 0.62891
0.62991 0.65892 0.56907
0.60434 0.66856 0.60211
0.54499 0.70308 0.51943
0.50518 0.64839 0.65297
0.54427 0.67230 0.70899
0.58006 0.55412 0.67297
0.57752 0.49955 0.75345
0.58057 0.55534 0.70665
0.53897 0.62679 0.61864
0.64655 0.78537 0.67553
0.47195 0.59590 0.64301
0.56214 0.60773 0.53976
0.56205 0.67671 0.69006
0.52341 0.65280 0.64254
0.54419 0.62657 0.49498
0.65463 0.73853 0.62799
0.52259 0.67649 0.66808
0.47511 0.65060 0.71753
0.70733 0.75704 0.77713
0.53128 0.64001 0.77146
0.55205 0.70941 0.58039
0.61571 0.70934 0.69958
0.55372 0.62373 0.67037
0.55972 0.66152 0.72407
0.50891 0.70341 0.63596
0.59562 0.58297 0.74937
0.68307 0.77048 0.70350
0.62505 0.77984 0.80703
0.61066 0.63273 0.50107
0.60221 0.69487 0.71995
0.53842 0.57792 0.65644
0.60513 0.76214 0.55628
0.60066 0.74423 0.61695
0.65102 0.67734 0.65823
0.50099 0.69061 0.67042
0.56951 0.76933 0.69777
0.60495 0.67235 0.70419
0.59262 0.59758 0.64778
0.52960 0.65250 0.57999
0.57894 0.66950 0.58768
0.53408 0.72533 0.62322
0.55857 0.81426 0.55839
0.55947 0.55551 0.72134
0.63666 0.61342 0.67636
0.53089 0.67318 0.67777
0.55264 0.63834 0.55693
0.66746 0.62357 0.74740
0.60612 0.46813 0.70247
0.54084 0.63860 0.66462
0.67001 0.67167 0.73295
0.61832 0.64928 0.67347
0.57595 0.74577 0.66474
0.52013 0.54514 0.67611
0.64566 0.64680 0.73752
0.58606 0.54616 0.70084
0.54474 0.60821 0.67325
0.53454 0.59407 0.61322
0.61067 0.74239 0.75378
0.54034 0.59858 0.67792
0.62648 0.65043 0.71684
0.52823 0.62262 0.56357
0.45358 0.63619 0.65197
0.48156 0.68556 0.65520
0.50574 0.59650 0.60994
0.61995 0.50940 0.75367
0.63212 0.69975 0.66205
0.48926 0.49335 0.67847
0.60814 0.72201 0.69265
0.54628 0.64769 0.68067
0.57896 0.69314 0.53478
0.52838 0.40858 0.66570
0.50484 0.67823 0.58697
0.51868 0.45647 0.67269
0.63640 0.75795 0.54944
0.65778 0.68940 0.77081
0.65895 0.78103 0.69062
0.57314 0.69365 0.64255
0.63300 0.82878 0.67728
0.65690 0.80169 0.72532
0.53442 0.64093 0.60306
0.66603 0.62565 0.67399
0.45781 0.61326 0.60343
0.56601 0.63382 0.67108
0.58586 0.58593 0.56690
0.60851 0.66226 0.64348
0.59432 0.57659 0.57336
0.56612 0.62925 0.69711
0.58557 0.56328 0.65163
0.61481 0.60529 0.62517
0.53710 0.56245 0.64319
0.63231 0.72637 0.68792
0.62946 0.62533 0.71949
0.59116 0.70529 0.75186
0.53694 0.67855 0.63785
0.51839 0.68938 0.47435
0.57219 0.65234 0.65561
0.55807 0.64144 0.62311
0.56856 0.64465 0.67286
0.57879 0.69797 0.70618
0.55360 0.60628 0.61759
0.68819 0.78622 0.80868
0.58196 0.67013 0.58954
0.54174 0.64061 0.53215
0.59530 0.72449 0.72740
0.53091 0.56088 0.65092
0.59960 0.55626 0.76361
0.46330 0.61675 0.67004
0.56285 0.75293 0.77566
0.54000 0.66690 0.64176
0.56857 0.64095 0.67895
0.52905 0.62887 0.58157
0.51220 0.58435 0.66997
0.53241 0.62193 0.70740
0.51621 0.52938 0.60237
0.70524 0.71505 0.70142
0.51134 0.51337 0.56103
0.49601 0.64262 0.58541
0.46964 0.61050 0.60918
0.55487 0.70356 0.46368
0.65433 0.75882 0.67317
0.60779 0.68603 0.70031
0.50140 0.67051 0.64568
0.55292 0.61415 0.67574
0.60565 0.70730 0.73157
0.54469 0.62203 0.68689
0.73008 0.52725 0.67696
0.56200 0.68286 0.55992
0.53490 0.58940 0.66951
0.62417 0.68492 0.60861
0.47701 0.56732 0.62821
0.55694 0.67563 0.61732
0.45764 0.69064 0.65604
0.47571 0.64260 0.58449
0.64706 0.79450 0.60802
0.59427 0.66448 0.56056
0.45671 0.62971 0.64611
0.51000 0.66792 0.54815
0.56551 0.70050 0.53049
