20 14 1000 4057 5338
0.22457 0.44404 0.52134
0.89489 0.21672 0.71141
0.35814 0.78082 0.56829
0.53788 0.87450 0.75224
0.51627 0.13273 0.16136
0.05778 0.65807 0.98270
0.83232 0.35646 0.82817
0.58047 0.57600 0.87430
0.46826 0.54327 0.36642
0.93087 0.10478 0.53813
0.83148 0.50387 0.69834
0.94407 0.25821 0.77738
0.53928 0.55935 0.25629
0.48738 0.80979 0.30193
0.66636 0.47384 0.59194
0.55020 0.50844 0.58773
0.45522 0.50961 0.56981
0.59608 0.47357 0.57149
0.50888 0.55371 0.51862
0.46783 0.45728 0.49182
0.62634 0.39548 0.53479
0.58833 0.53372 0.64486
0.41457 0.52872 0.55458
0.55967 0.52152 0.61669
0.52966 0.52168 0.59615
0.54228 0.46939 0.60856
0.60060 0.52960 0.54202
0.54212 0.48805 0.59331
0.64013 0.49557 0.68364
0.60295 0.41400 0.68547
0.62020 0.51828 0.57340
0.55196 0.53989 0.57817
0.56523 0.52708 0.60985
0.67231 0.43480 0.56767
0.69196 0.36317 0.60389
0.48672 0.50417 0.59156
0.53810 0.55340 0.57242
0.53062 0.54344 0.56104
0.63917 0.49605 0.57518
0.50035 0.48101 0.51839
0.55333 0.52154 0.47825
0.64710 0.50417 0.64178
0.61119 0.40813 0.49850
0.52406 0.55026 0.58490
0.56303 0.46653 0.60034
0.57980 0.49382 0.61205
0.69225 0.43292 0.63835
0.63964 0.46974 0.62544
0.47264 0.54744 0.61122
0.50394 0.45178 0.62294
0.54099 0.60932 0.64510
0.50657 0.46200 0.64621
0.66411 0.42109 0.60954
0.70143 0.44899 0.64442
0.56267 0.50819 0.54069
0.52072 0.43964 0.54209
0.56679 0.52038 0.55253
0.65464 0.44749 0.60606
0.58600 0.51836 0.50716
0.51577 0.65116 0.51114
0.56926 0.53443 0.63689
0.56683 0.56204 0.64571
0.71616 0.44847 0.62543
0.65172 0.39866 0.65796
0.62530 0.43221 0.59007
0.57039 0.60620 0.52591
0.51433 0.61867 0.52431
0.62023 0.47742 0.61471
0.60373 0.43356 0.56853
0.58409 0.48686 0.75296
0.56473 0.48583 0.65002
0.55686 0.52000 0.59412
0.57527 0.53739 0.60371
0.61406 0.42437 0.56939
0.53370 0.57193 0.62986
0.63442 0.41121 0.59945
0.50870 0.51594 0.67998
0.59264 0.36602 0.54581
0.64480 0.45415 0.56108
0.56608 0.46274 0.66727
0.60796 0.53398 0.53460
0.67924 0.41024 0.59472
0.61934 0.49838 0.53612
0.54161 0.49171 0.53982
0.59057 0.55679 0.54842
0.58421 0.45866 0.51779
0.64934 0.36997 0.53880
0.57657 0.45094 0.53118
0.51614 0.53334 0.68130
0.67167 0.44580 0.50025
0.52278 0.53905 0.58848
0.56147 0.56658 0.64789
0.61955 0.48340 0.70395
0.53310 0.56658 0.68548
0.60956 0.51405 0.63544
0.62973 0.38847 0.52821
0.65859 0.44436 0.53364
0.55581 0.46201 0.54495
0.67248 0.42876 0.50622
0.50703 0.60171 0.62329
0.57627 0.56664 0.66280
0.57038 0.55037 0.66839
0.49504 0.52082 0.66262
0.54065 0.53146 0.58138
0.60452 0.47060 0.55618
0.56577 0.48621 0.58711
0.61788 0.46371 0.53280
0.54721 0.45134 0.57538
0.53100 0.59168 0.69268
0.65765 0.49771 0.61149
0.52835 0.46381 0.50493
0.61530 0.56623 0.60000
0.57843 0.47406 0.49284
0.41067 0.62789 0.64132
0.59549 0.53913 0.67673
0.63124 0.50143 0.63693
0.52185 0.55117 0.58975
0.55272 0.52234 0.66593
0.60356 0.45704 0.52609
0.48138 0.58044 0.47699
0.60241 0.45034 0.63133
0.58723 0.43558 0.58103
0.57672 0.43795 0.53667
0.60959 0.42453 0.49243
0.56577 0.57338 0.74309
0.51042 0.52761 0.47072
0.47900 0.45687 0.51034
0.63852 0.50901 0.59529
0.51698 0.54761 0.61203
0.44092 0.46921 0.56720
0.66376 0.45898 0.60029
0.67823 0.38849 0.61199
0.54966 0.56964 0.68482
0.58385 0.52095 0.61244
0.69387 0.40312 0.56832
0.61021 0.42356 0.50511
0.60130 0.57573 0.62582
0.55826 0.52200 0.65957
0.63241 0.46214 0.56920
0.68749 0.44089 0.53010
0.52602 0.52472 0.59844
0.51834 0.53800 0.59666
0.55069 0.43709 0.51449
0.39161 0.54931 0.65797
0.57008 0.54759 0.55678
0.64805 0.41163 0.55190
0.65051 0.45970 0.54343
0.58592 0.48446 0.73764
0.47375 0.64948 0.61826
0.56747 0.40767 0.53526
0.57487 0.48000 0.51245
0.51373 0.60878 0.71341
0.49161 0.60110 0.66727
0.59077 0.47890 0.63258
0.58339 0.57867 0.60787
0.66525 0.48180 0.69715
0.50843 0.50132 0.47759
0.59905 0.42294 0.61574
0.60220 0.57013 0.55040
0.68805 0.42089 0.65846
0.63551 0.44152 0.58263
0.58652 0.53215 0.54739
0.53426 0.46884 0.47895
0.55072 0.48840 0.46194
0.61962 0.47165 0.69100
0.42045 0.55769 0.61634
0.64038 0.42162 0.55609
0.50303 0.61924 0.60178
0.61546 0.44782 0.54307
0.60797 0.42883 0.47100
0.51070 0.50621 0.54015
0.53999 0.50654 0.54196
0.58872 0.41443 0.53787
0.50993 0.40331 0.47756
0.59718 0.52046 0.64789
0.57153 0.50023 0.60276
0.47824 0.51184 0.62202
0.67829 0.38740 0.64371
0.55419 0.50340 0.61345
0.50183 0.52028 0.69049
0.54100 0.49939 0.56455
0.54054 0.46588 0.47398
0.56585 0.51265 0.58622
0.51218 0.50374 0.50557
0.49937 0.64334 0.63569
0.65311 0.40677 0.64143
0.50246 0.56024 0.45000
0.62421 0.46725 0.56469
0.56696 0.52672 0.61370
0.63679 0.47501 0.58317
0.61347 0.44478 0.57840
0.61535 0.48371 0.57011
0.64604 0.44816 0.60719
0.61905 0.51084 0.62336
0.60333 0.53580 0.58516
0.51017 0.56214 0.59519
0.46394 0.49532 0.53988
0.59113 0.56610 0.58526
0.68808 0.35495 0.60562
0.61121 0.39658 0.54180
0.55053 0.53393 0.53277
0.64093 0.48513 0.59218
0.61662 0.51407 0.60608
0.53523 0.50176 0.46855
0.52466 0.48429 0.55116
0.62398 0.48285 0.65017
0.42392 0.52742 0.58172
0.57169 0.54363 0.61402
0.56902 0.59171 0.55582
0.59419 0.42657 0.60281
0.54606 0.56021 0.61261
0.59405 0.45038 0.56253
0.61990 0.50044 0.67330
0.63449 0.47575 0.59650
0.57578 0.42430 0.61955
0.56084 0.56177 0.65418
0.48987 0.48799 0.67642
0.57872 0.50910 0.55593
0.63266 0.43392 0.64020
0.56639 0.46526 0.55918
0.53768 0.50240 0.69172
0.52092 0.62694 0.49773
0.51543 0.45093 0.62949
0.49307 0.51009 0.61048
0.56683 0.51339 0.55824
0.54648 0.45502 0.46937
0.69629 0.42697 0.58630
0.55166 0.54445 0.52736
0.57398 0.51150 0.52291
0.60011 0.50825 0.56182
0.55999 0.57659 0.51718
0.49826 0.56279 0.60341
0.63543 0.37519 0.55322
0.63114 0.41439 0.67742
0.75121 0.33161 0.64927
0.61476 0.55232 0.61086
0.53796 0.52997 0.67188
0.66230 0.50279 0.71680
0.61083 0.54070 0.59074
0.66217 0.41972 0.54544
0.55757 0.44403 0.62543
0.55268 0.52914 0.56644
0.72038 0.39324 0.63287
0.63392 0.45421 0.59038
0.63221 0.49806 0.63208
0.50875 0.52594 0.67074
0.56119 0.42203 0.57804
0.62873 0.54183 0.50454
0.57458 0.57970 0.54012
0.61788 0.53095 0.52854
0.74947 0.32239 0.61616
0.62768 0.51765 0.62341
0.58277 0.52108 0.51143
0.60972 0.47749 0.60707
0.60352 0.43435 0.49072
0.51677 0.52379 0.54639
0.66069 0.42605 0.66049
0.51776 0.52124 0.61167
0.54687 0.53145 0.67462
0.51920 0.55872 0.69580
0.54462 0.52839 0.58846
0.58726 0.49081 0.57025
0.72776 0.38531 0.60928
0.61170 0.45078 0.50900
0.74381 0.36320 0.60392
0.55432 0.54246 0.60038
0.57936 0.44732 0.63693
0.54438 0.51830 0.55829
0.57615 0.48959 0.52524
0.56579 0.49524 0.56477
0.50380 0.54735 0.59346
0.59172 0.44225 0.50905
0.55933 0.47077 0.57995
0.58737 0.43455 0.55887
0.64556 0.44901 0.58094
0.65639 0.48028 0.62401
0.54628 0.55432 0.57873
0.67706 0.43744 0.62671
0.60727 0.45066 0.63761
0.66520 0.45748 0.57746
0.61825 0.44034 0.59793
0.58276 0.50333 0.58472
0.62122 0.45032 0.61467
0.63603 0.50004 0.50199
0.60916 0.41349 0.48682
0.56002 0.58638 0.63191
0.54839 0.55383 0.69771
0.59769 0.49573 0.66375
0.55605 0.54027 0.57234
0.56915 0.51120 0.72105
0.59267 0.47058 0.61008
0.56908 0.52547 0.54434
0.53675 0.51930 0.55629
0.49511 0.39708 0.48352
0.65905 0.44812 0.62317
0.59952 0.35939 0.51663
0.63478 0.44544 0.67127
0.60433 0.50879 0.56622
0.59819 0.53208 0.70220
0.60796 0.46754 0.56680
0.52297 0.54524 0.52450
0.62369 0.49597 0.57063
0.58498 0.48435 0.58154
0.58578 0.47458 0.45198
0.64723 0.41405 0.63989
0.62980 0.48242 0.61807
0.58932 0.50638 0.70222
0.47601 0.53660 0.61064
0.63086 0.48042 0.64748
0.60292 0.44577 0.65178
0.60229 0.51429 0.51179
0.56228 0.58786 0.54507
0.67655 0.48001 0.62057
0.67344 0.43877 0.64855
0.68679 0.46765 0.66469
0.53691 0.51671 0.64974
0.57774 0.47222 0.65050
0.44307 0.59334 0.65272
0.66526 0.45152 0.60926
0.62987 0.45150 0.55011
0.61070 0.45309 0.61215
0.67765 0.39307 0.63702
0.47259 0.56506 0.56195
0.66670 0.45755 0.61700
0.47809 0.50854 0.53495
0.49988 0.48711 0.43675
0.57117 0.55244 0.60271
0.64420 0.39399 0.58068
0.50723 0.61350 0.46201
0.60146 0.45996 0.62952
0.59726 0.56441 0.53681
0.63263 0.47770 0.57121
0.62393 0.41565 0.67904
0.61553 0.39147 0.60104
0.61592 0.43470 0.67167
0.49692 0.50701 0.77919
0.54701 0.54731 0.55900
0.51156 0.45886 0.57842
0.57286 0.45654 0.54618
0.63276 0.47058 0.60885
0.65197 0.41759 0.63726
0.59199 0.47766 0.65348
0.50422 0.49635 0.69286
0.50205 0.52932 0.68964
0.58497 0.47621 0.65866
0.50415 0.52386 0.67794
0.73546 0.41400 0.63419
0.48341 0.51118 0.60037
0.56164 0.54354 0.51033
0.50267 0.46936 0.47759
0.64620 0.45105 0.57211
0.68614 0.39831 0.58779
0.57896 0.53291 0.60157
0.64562 0.42652 0.62137
0.69734 0.43782 0.56026
0.58357 0.62335 0.64212
0.50350 0.52254 0.60981
0.60300 0.52103 0.63146
0.64309 0.35194 0.48778
0.62603 0.46545 0.64530
0.55013 0.51466 0.54543
0.57161 0.49948 0.65355
0.56489 0.56003 0.67679
0.55475 0.52742 0.58014
0.48201 0.58044 0.69409
0.61605 0.51723 0.67661
0.63663 0.39678 0.55307
0.55312 0.58964 0.61761
0.57663 0.49082 0.58612
0.57028 0.46666 0.61028
0.48335 0.44073 0.61216
0.60989 0.50978 0.60392
0.62134 0.48351 0.50986
0.73680 0.39646 0.64988
0.70325 0.40634 0.59371
0.57446 0.58512 0.70618
0.49686 0.50340 0.66474
0.61434 0.48533 0.55746
0.71102 0.40749 0.60625
0.54562 0.48891 0.53165
0.58534 0.50250 0.71027
0.54076 0.56504 0.49454
0.59934 0.43978 0.60232
0.54507 0.57706 0.53647
0.61665 0.47838 0.56300
0.56332 0.42322 0.57182
0.59052 0.50936 0.52771
0.60363 0.44025 0.58309
0.54755 0.55812 0.60451
0.59824 0.41812 0.53602
0.53715 0.54375 0.56388
0.61246 0.40662 0.50384
0.56234 0.47636 0.61294
0.54230 0.53817 0.61113
0.46626 0.53487 0.70249
0.60600 0.47006 0.68663
0.61106 0.48682 0.68800
0.55167 0.58112 0.68098
0.62742 0.39293 0.58581
0.42467 0.48429 0.70583
0.49104 0.55771 0.57099
0.61948 0.46936 0.60623
0.58501 0.42836 0.58620
0.64496 0.47104 0.57014
0.53237 0.53862 0.64903
0.56926 0.41414 0.50013
0.66358 0.51672 0.64028
0.43338 0.53673 0.58281
0.58675 0.48108 0.52459
0.58186 0.48018 0.63338
0.49592 0.55281 0.61395
0.54586 0.38467 0.47661
0.65709 0.46952 0.62418
0.48594 0.51697 0.74541
0.63056 0.50361 0.59485
0.61307 0.53751 0.76920
0.57226 0.46222 0.65319
0.54778 0.59576 0.67556
0.52415 0.53193 0.61026
0.51543 0.48953 0.62027
0.60435 0.53066 0.72413
0.63167 0.46818 0.65101
0.56297 0.53096 0.49627
0.57252 0.47576 0.68009
0.57636 0.41566 0.52010
0.54640 0.53452 0.62110
0.56537 0.49391 0.58133
0.63223 0.50755 0.66290
0.61504 0.44691 0.53467
0.50287 0.58349 0.68858
0.49039 0.59221 0.53396
0.65929 0.42750 0.64567
0.55059 0.37286 0.43211
0.47858 0.54213 0.65388
0.63440 0.45594 0.56231
0.63274 0.44232 0.69172
0.56403 0.53816 0.56765
0.52376 0.43733 0.53086
0.65678 0.45521 0.60887
0.66853 0.39767 0.56457
0.53918 0.47161 0.67031
0.49681 0.58995 0.56522
0.58069 0.55331 0.63669
0.58184 0.53219 0.62723
0.65227 0.43573 0.59471
0.63721 0.55697 0.63642
0.66483 0.42182 0.60759
0.64282 0.48099 0.53040
0.59010 0.45071 0.75246
0.68730 0.48403 0.68198
0.71877 0.34704 0.60201
0.45063 0.45216 0.57471
0.53526 0.46012 0.59001
0.67297 0.37810 0.53678
0.70537 0.43461 0.68532
0.63006 0.48170 0.70343
0.63678 0.60836 0.69676
0.47343 0.40550 0.51222
0.61976 0.50083 0.60054
0.54690 0.57061 0.57188
0.61422 0.51127 0.52461
0.45858 0.60398 0.61253
0.55285 0.40803 0.52501
0.63419 0.44109 0.56297
0.59058 0.53347 0.57887
0.63233 0.44068 0.58759
0.65517 0.38591 0.69652
0.65259 0.47889 0.57198
0.53826 0.41987 0.57512
0.64408 0.51163 0.58760
0.63134 0.45550 0.54070
0.53814 0.48578 0.65983
0.52744 0.52980 0.44577
0.68477 0.43670 0.64915
0.69517 0.48909 0.69463
0.59476 0.57196 0.60740
0.68649 0.51679 0.61598
0.49225 0.54464 0.60027
0.57191 0.39327 0.48590
0.70178 0.42223 0.71078
0.70470 0.43091 0.59020
0.50694 0.48078 0.62393
0.62774 0.41123 0.62690
0.46102 0.47768 0.62895
0.55939 0.51304 0.54572
0.56120 0.59996 0.56325
0.58151 0.48402 0.65394
0.52514 0.49572 0.55266
0.68809 0.34600 0.59312
0.54537 0.43825 0.52407
0.60292 0.45270 0.64789
0.69002 0.43466 0.65809
0.59233 0.56054 0.48809
0.42912 0.54568 0.60242
0.47300 0.48570 0.61683
0.51916 0.54455 0.62941
0.61838 0.44315 0.64129
0.65643 0.38403 0.60462
0.60717 0.50875 0.60318
0.59108 0.50901 0.53955
0.51984 0.55605 0.53920
0.46976 0.52453 0.60302
0.69015 0.36000 0.63341
0.55729 0.41596 0.48935
0.45204 0.48209 0.62683
0.57567 0.51810 0.56775
0.58688 0.46170 0.55525
0.52203 0.47279 0.56092
0.48761 0.48472 0.58507
0.48523 0.52140 0.52894
0.61873 0.51911 0.54544
0.66006 0.38311 0.57490
0.52262 0.49384 0.59967
0.63323 0.42878 0.59175
0.62301 0.45723 0.61522
0.66535 0.49634 0.66740
0.67426 0.47823 0.65019
0.49332 0.50264 0.66179
0.59633 0.54401 0.59610
0.59605 0.44695 0.64906
0.67010 0.46468 0.62055
0.57359 0.53380 0.60670
0.66505 0.48074 0.73388
0.62727 0.46856 0.60989
0.68848 0.39610 0.57409
0.67038 0.48561 0.60711
0.61640 0.51698 0.64329
0.54198 0.55772 0.60339
0.50051 0.52577 0.65975
0.65817 0.54452 0.68005
0.52742 0.45102 0.49022
0.63943 0.56870 0.68635
0.52295 0.63051 0.54626
0.49393 0.53711 0.69169
0.58784 0.41704 0.49303
0.51431 0.47271 0.55635
0.62991 0.50487 0.53707
0.53570 0.57636 0.64638
0.48893 0.58722 0.59110
0.51194 0.49422 0.67507
0.57067 0.48809 0.51505
0.42227 0.58573 0.66134
0.63970 0.40647 0.58337
0.55728 0.56965 0.62230
0.57064 0.48068 0.59062
0.58212 0.38875 0.56417
0.66150 0.45874 0.56740
0.55898 0.51941 0.59404
0.45188 0.50615 0.68854
0.54714 0.58226 0.58097
0.55270 0.42711 0.47434
0.64052 0.44994 0.61864
0.52386 0.49989 0.55281
0.58446 0.54099 0.58052
0.63941 0.37229 0.59522
0.58505 0.42017 0.51178
0.76813 0.35608 0.57077
0.58612 0.53586 0.50950
0.49761 0.47068 0.49562
0.57454 0.60466 0.53813
0.61917 0.49819 0.59613
0.57912 0.50652 0.57037
0.55665 0.51200 0.59333
0.41331 0.57999 0.75152
0.53266 0.55122 0.57662
0.69720 0.45512 0.58152
0.60486 0.51408 0.52475
0.61661 0.46919 0.56167
0.45789 0.51235 0.54426
0.56805 0.43609 0.58796
0.69130 0.45904 0.68828
0.48790 0.58920 0.62444
0.57517 0.53041 0.60440
0.68953 0.39966 0.65409
0.51640 0.44787 0.61328
0.57679 0.46466 0.61374
0.54874 0.52324 0.59879
0.66133 0.48255 0.72494
0.58222 0.52042 0.69777
0.52265 0.55452 0.53255
0.61315 0.52899 0.60301
0.62255 0.47085 0.58051
0.54011 0.47087 0.54299
0.64968 0.51743 0.64766
0.50450 0.58560 0.58246
0.62660 0.39142 0.54881
0.67117 0.41432 0.55484
0.59592 0.53651 0.49490
0.52402 0.50800 0.58797
0.52874 0.55060 0.66902
0.68234 0.39229 0.61708
0.60124 0.47803 0.69996
0.58737 0.59746 0.57869
0.57868 0.56491 0.55677
0.59508 0.54337 0.69572
0.67369 0.40383 0.67964
0.60059 0.55071 0.64447
0.47763 0.53894 0.61233
0.52811 0.51556 0.51390
0.72042 0.45215 0.68659
0.67260 0.43618 0.62276
0.58826 0.55266 0.60295
0.56386 0.55544 0.62224
0.66955 0.48318 0.67540
0.48885 0.53341 0.64635
0.63555 0.41885 0.69519
0.62463 0.44449 0.62302
0.58039 0.49803 0.64877
0.64137 0.41729 0.64083
0.68770 0.40303 0.60610
0.65393 0.49208 0.62330
0.70199 0.45936 0.57954
0.52008 0.50685 0.50657
0.65082 0.46048 0.61360
0.64082 0.45481 0.63260
0.29916 0.58265 0.63113
0.58120 0.44141 0.64435
0.63988 0.40496 0.55951
0.66041 0.47005 0.62580
0.66020 0.44723 0.58727
0.55591 0.53613 0.67252
0.49910 0.55970 0.71739
0.54846 0.55909 0.56457
0.54835 0.54647 0.71353
0.60638 0.47882 0.62684
0.51924 0.49779 0.56947
0.58697 0.42668 0.57862
0.66186 0.46100 0.63100
0.57297 0.55247 0.61297
0.49487 0.44631 0.57299
0.59613 0.52467 0.54579
0.57024 0.50118 0.53867
0.59413 0.48032 0.62072
0.58813 0.47011 0.58624
0.54358 0.44032 0.60267
0.57659 0.49096 0.59692
0.47335 0.63569 0.63886
0.57093 0.42900 0.52433
0.65117 0.48423 0.64531
0.51697 0.55131 0.65767
0.53328 0.52828 0.64693
0.51770 0.57155 0.63105
0.72043 0.36603 0.61574
0.60381 0.45453 0.62554
0.62805 0.44297 0.52011
0.58645 0.44875 0.69517
0.50958 0.53786 0.58086
0.59228 0.55055 0.66410
0.62169 0.46891 0.60347
0.59998 0.48426 0.52654
0.39180 0.55039 0.72211
0.59851 0.52865 0.62938
0.70685 0.43284 0.71453
0.65109 0.42781 0.56590
0.59348 0.52063 0.53964
0.57570 0.47240 0.52272
0.53963 0.54952 0.62837
0.65095 0.36393 0.52468
0.60760 0.45053 0.55478
0.65967 0.41568 0.58611
0.53903 0.51457 0.57925
0.64235 0.46134 0.61110
0.54795 0.49135 0.56783
0.49686 0.49140 0.54275
0.35395 0.57869 0.77767
0.55246 0.49417 0.55736
0.63562 0.52005 0.60150
0.56295 0.51508 0.60589
0.62904 0.45992 0.59093
0.49683 0.48318 0.53475
0.58251 0.56509 0.55971
0.64781 0.49916 0.67872
0.63685 0.51235 0.60661
0.62032 0.55559 0.67189
0.66093 0.47709 0.56922
0.59066 0.53352 0.63977
0.48451 0.41942 0.54420
0.60310 0.48165 0.55800
0.63503 0.48064 0.55986
0.62150 0.49552 0.67105
0.64258 0.44963 0.65394
0.48058 0.60455 0.58613
0.67307 0.43759 0.62185
0.56163 0.51357 0.57235
0.61503 0.57340 0.67960
0.66358 0.37486 0.58722
0.61667 0.46864 0.60038
0.59764 0.45741 0.51402
0.55830 0.48039 0.56194
0.43568 0.55197 0.57454
0.66350 0.46316 0.55734
0.42195 0.51125 0.63793
0.63824 0.47484 0.65611
0.64472 0.48772 0.55324
0.51906 0.49572 0.63145
0.49179 0.55224 0.45176
0.63526 0.51675 0.58082
0.58422 0.49297 0.62453
0.58626 0.42950 0.57702
0.61732 0.44732 0.63572
0.67264 0.37594 0.57513
0.55300 0.45728 0.53895
0.62645 0.49906 0.59937
0.56774 0.30824 0.45266
0.57685 0.53573 0.72481
0.65013 0.42117 0.54885
0.59987 0.48865 0.65659
0.51936 0.46945 0.77491
0.56740 0.35662 0.48664
0.51365 0.48104 0.49285
0.61977 0.46325 0.54635
0.55865 0.53546 0.54714
0.61730 0.47909 0.55065
0.48760 0.53047 0.60615
0.46397 0.49110 0.56301
0.56336 0.46418 0.56570
0.62897 0.42790 0.50679
0.53841 0.57411 0.55334
0.66495 0.49605 0.61176
0.66861 0.46532 0.59971
0.61684 0.55793 0.61818
0.59409 0.40959 0.56095
0.60863 0.46966 0.58671
0.70314 0.44590 0.60664
0.56150 0.49314 0.61301
0.60212 0.59596 0.65988
0.73026 0.37888 0.69652
0.71368 0.38735 0.58310
0.56779 0.49701 0.61814
0.61797 0.52146 0.56589
0.59246 0.47478 0.51903
0.67766 0.51448 0.57542
0.65587 0.47171 0.59551
0.62300 0.59292 0.65184
0.54076 0.47533 0.69951
0.56168 0.51928 0.51432
0.59419 0.56933 0.63016
0.50271 0.53068 0.60784
0.55079 0.49334 0.48986
0.55600 0.53544 0.73449
0.59036 0.56064 0.56401
0.63348 0.45714 0.57266
0.55912 0.46984 0.53731
0.53701 0.40539 0.49499
0.52440 0.52171 0.70110
0.71848 0.37346 0.64451
0.66024 0.41061 0.60986
0.59345 0.44648 0.51519
0.56565 0.51864 0.55934
0.75183 0.35099 0.62724
0.60375 0.48934 0.60695
0.56022 0.51511 0.60836
0.54500 0.52161 0.60667
0.59119 0.54103 0.62138
0.55928 0.54857 0.53083
0.68491 0.37022 0.58716
0.74821 0.40675 0.66174
0.61049 0.47641 0.55040
0.69270 0.35398 0.56915
0.60814 0.52695 0.59791
0.56793 0.56541 0.61094
0.58918 0.47725 0.59022
0.53522 0.53011 0.55513
0.54029 0.48855 0.67431
0.61271 0.47655 0.66763
0.66173 0.50040 0.68068
0.71244 0.42357 0.67000
0.60435 0.58313 0.55388
0.58815 0.51775 0.68359
0.63147 0.47374 0.62596
0.59459 0.47019 0.62244
0.45450 0.49741 0.59674
0.65178 0.48406 0.63303
0.49966 0.47768 0.56147
0.48530 0.55481 0.66764
0.53677 0.49358 0.55678
0.59219 0.49131 0.60773
0.52038 0.53954 0.44952
0.32779 0.59661 0.77486
0.60724 0.35869 0.61258
0.52333 0.59668 0.62926
0.57221 0.48379 0.52955
0.64435 0.49105 0.58885
0.60239 0.51188 0.69770
0.60521 0.40274 0.56324
0.57882 0.49787 0.64604
0.51559 0.47901 0.55957
0.69835 0.49757 0.72020
0.55794 0.47378 0.57538
0.70008 0.44002 0.63143
0.51944 0.54730 0.50667
0.56941 0.43147 0.57274
0.55215 0.39698 0.43500
0.59715 0.42723 0.55196
0.59423 0.54125 0.56107
0.55059 0.56462 0.61130
0.56993 0.45816 0.49259
0.62244 0.47442 0.55619
0.50627 0.48511 0.57655
0.76098 0.39299 0.60087
0.48944 0.53363 0.66169
0.58659 0.52704 0.60809
0.63907 0.41131 0.52952
0.62497 0.44179 0.60706
0.59847 0.50364 0.58492
0.55776 0.51742 0.65559
0.61444 0.46992 0.60172
0.56646 0.44651 0.61642
0.52928 0.57045 0.72789
0.56601 0.47105 0.56279
0.59105 0.41885 0.54319
0.54925 0.51010 0.60667
0.72184 0.43208 0.60941
0.45658 0.58005 0.67215
0.65118 0.41771 0.58755
0.63458 0.47808 0.52044
0.54473 0.50839 0.52141
0.67825 0.44298 0.63889
0.40108 0.42073 0.56646
0.55953 0.56265 0.50064
0.58468 0.44299 0.62499
0.62033 0.46280 0.62990
0.61979 0.44335 0.63375
0.57242 0.55234 0.61127
0.59397 0.45800 0.64754
0.58849 0.61628 0.53191
0.45820 0.50149 0.70588
0.68213 0.45505 0.60531
0.63804 0.48895 0.67683
0.66449 0.44755 0.67247
0.62228 0.50017 0.70287
0.60088 0.55867 0.65719
0.60862 0.39989 0.51619
0.65033 0.47936 0.60322
0.60865 0.55771 0.59354
0.60330 0.55530 0.64440
0.64333 0.43518 0.59738
0.56325 0.50417 0.62084
0.60185 0.52661 0.64709
0.57059 0.48430 0.48677
0.38824 0.61621 0.69068
0.55987 0.49127 0.62882
0.71802 0.40255 0.59992
0.60853 0.42780 0.57251
0.52665 0.52416 0.51002
0.51003 0.57538 0.55965
0.55646 0.53160 0.54412
0.50873 0.52290 0.52865
0.65845 0.36697 0.60485
0.57752 0.48277 0.65551
0.70267 0.37455 0.65760
0.69462 0.29467 0.51952
0.60958 0.51951 0.58666
0.56937 0.45032 0.50365
0.59498 0.52715 0.57991
0.57746 0.47333 0.60039
0.51993 0.44560 0.58065
0.60600 0.43379 0.62419
0.60867 0.52231 0.56104
0.60929 0.41198 0.56412
0.61021 0.45068 0.65428
0.46408 0.60918 0.63487
0.48515 0.57317 0.53764
0.62861 0.47313 0.63441
0.47064 0.51428 0.48383
0.58923 0.53776 0.70257
0.57254 0.51677 0.57946
0.53855 0.53331 0.64402
0.57869 0.56081 0.60685
0.65786 0.50936 0.64751
0.64271 0.49087 0.60030
0.58253 0.58400 0.53314
0.54794 0.46286 0.58662
0.59149 0.42284 0.46416
0.56675 0.49632 0.54752
0.61850 0.49331 0.53371
0.51402 0.52150 0.72092
0.61277 0.51873 0.69611
0.69128 0.39902 0.60310
0.62021 0.39815 0.63150
0.56937 0.44591 0.50317
0.44666 0.50373 0.64988
0.57611 0.43962 0.43975
0.51988 0.49732 0.59526
0.64297 0.48388 0.54571
0.42563 0.52845 0.63048
0.61711 0.35898 0.54956
0.67550 0.51920 0.63046
0.59128 0.42723 0.54268
0.53549 0.54710 0.65696
0.65704 0.46758 0.56456
0.55543 0.48906 0.63620
0.70357 0.40900 0.59105
0.57417 0.51902 0.56386
0.60360 0.34545 0.53732
0.70716 0.43492 0.69638
0.60493 0.53483 0.64467
0.64849 0.47457 0.59401
0.52353 0.56205 0.57842
0.68341 0.48124 0.63984
0.61808 0.53213 0.62451
0.69198 0.39246 0.65618
0.56764 0.50664 0.59743
0.56230 0.56629 0.53981
0.51615 0.42847 0.41775
0.59253 0.51003 0.61028
0.69658 0.40532 0.66347
0.58473 0.42682 0.52816
0.58242 0.49120 0.58244
0.46849 0.57866 0.53083
0.59933 0.40461 0.49339
0.63367 0.50338 0.61860
0.64335 0.52752 0.70735
0.60149 0.50859 0.71658
0.44668 0.46591 0.51120
0.62047 0.43137 0.58518
0.56942 0.52672 0.59896
0.54580 0.47032 0.66629
0.58961 0.49232 0.56581
0.72477 0.39686 0.62258
0.60087 0.41517 0.52720
0.55804 0.48477 0.59981
0.55826 0.55782 0.52873
0.44535 0.53465 0.56760
0.52673 0.42118 0.47831
0.60029 0.48891 0.64944
0.56855 0.47252 0.60667
0.63993 0.50872 0.64275
0.48712 0.61686 0.61036
0.69131 0.39564 0.61922
0.63027 0.43614 0.59231
0.56106 0.57433 0.56700
0.60425 0.48371 0.63559
0.65732 0.41382 0.63440
0.65177 0.38156 0.53304
0.61706 0.45361 0.60364
0.59718 0.44564 0.53249
0.58312 0.54328 0.66220
0.64632 0.41444 0.65664
0.56447 0.52380 0.44505
0.57995 0.53690 0.61970
0.55798 0.55424 0.61069
0.59981 0.48903 0.65956
0.61775 0.41119 0.60868
0.45852 0.55709 0.51716
0.62490 0.52037 0.64523
0.48074 0.62217 0.60897
0.45370 0.58314 0.60798
0.55414 0.57896 0.52239
0.58663 0.38525 0.51511
0.55351 0.52437 0.52179
0.71307 0.41892 0.62553
0.48750 0.61937 0.70947
0.60407 0.53063 0.54848
0.44407 0.52827 0.69220
0.54917 0.44467 0.54061
0.66526 0.37742 0.54618
0.51731 0.53747 0.68353
0.55239 0.56682 0.50494
0.54343 0.55863 0.42002
0.41264 0.46884 0.65879
0.58738 0.50894 0.65012
0.53124 0.42302 0.59944
0.55265 0.55296 0.50902
0.63412 0.44930 0.45596
0.62027 0.47804 0.59134
0.62919 0.38118 0.58163
0.53353 0.46169 0.65710
0.61256 0.43364 0.63698
0.64479 0.44373 0.54031
0.60297 0.51273 0.65283
0.61854 0.40141 0.50455
0.72820 0.41568 0.64154
0.52038 0.61280 0.49733
0.59186 0.49115 0.72434
0.59441 0.47845 0.58285
0.44620 0.53789 0.70621
0.48275 0.51096 0.64128
0.62192 0.41916 0.55548
0.53419 0.49626 0.66018
0.60292 0.47858 0.51611
0.57851 0.54336 0.58382
0.59925 0.49657 0.54443
0.72088 0.38113 0.59498
0.54988 0.57125 0.58547
0.58347 0.48910 0.51303
0.61873 0.44396 0.52708
0.67486 0.42128 0.59205
0.66568 0.40590 0.65918
0.49346 0.55476 0.64688
0.62008 0.50832 0.67062
0.55119 0.49608 0.59735
0.57008 0.50355 0.55463
0.64799 0.56490 0.66125
0.49783 0.57097 0.66297
0.50174 0.54211 0.49479
0.55529 0.43768 0.51443
0.50104 0.52180 0.59431
0.60749 0.39351 0.49218
0.59109 0.53108 0.58417
0.63470 0.44469 0.53369
0.65586 0.41120 0.61460
0.61583 0.50173 0.55149
0.64135 0.40377 0.59344
0.54095 0.54330 0.56737
0.72610 0.39675 0.58591
0.68107 0.44960 0.71219
0.69440 0.43691 0.71501
0.61216 0.49953 0.66277
0.61470 0.47163 0.59445
0.59890 0.49814 0.56343
0.59427 0.44895 0.63697
0.73477 0.36303 0.61095
0.62760 0.51252 0.61888
