20 12 1000 13204 6498
0.57855 0.68166 0.33685
0.86451 0.53105 0.88614
0.25794 0.11773 0.49577
0.25163 0.50886 0.84530
0.48282 0.90188 0.24662
0.50184 0.11577 0.49645
0.17450 0.08070 0.03964
0.14645 0.08521 0.77015
0.24168 0.45418 0.94872
0.85480 0.26046 0.18025
0.82360 0.07905 0.29010
0.92468 0.72165 0.83379
0.55566 0.35063 0.42553
0.46240 0.36738 0.64045
0.50917 0.44430 0.60172
0.58902 0.22473 0.46354
0.53833 0.41541 0.59008
0.56082 0.39773 0.56511
0.52185 0.33736 0.60740
0.59707 0.43096 0.51026
0.52841 0.45457 0.49696
0.46343 0.44229 0.46185
0.59101 0.35209 0.53984
0.54132 0.34082 0.48960
0.55137 0.63553 0.40433
0.50156 0.33031 0.56704
0.34679 0.28956 0.59763
0.49756 0.32239 0.53872
0.38732 0.29101 0.59323
0.58961 0.38303 0.54820
0.40688 0.29645 0.52287
0.55669 0.38760 0.50973
0.51099 0.46048 0.54770
0.55608 0.37722 0.49178
0.51025 0.36040 0.53311
0.47288 0.42910 0.51792
0.54701 0.41778 0.62426
0.64303 0.38040 0.56183
0.49808 0.26857 0.50022
0.59771 0.30988 0.56112
0.47647 0.39844 0.48211
0.48314 0.30308 0.58474
0.55752 0.43183 0.50818
0.48839 0.26238 0.53730
0.57399 0.41145 0.61098
0.61136 0.43918 0.61769
0.48877 0.36480 0.64494
0.37500 0.37168 0.35370
0.66620 0.32710 0.58290
0.60509 0.22980 0.29602
0.55203 0.41232 0.46444
0.46627 0.29871 0.55516
0.56642 0.45231 0.58815
0.48864 0.42660 0.53024
0.55915 0.44228 0.61845
0.38569 0.31221 0.56855
0.51273 0.43925 0.64679
0.57530 0.45531 0.44775
0.40826 0.33938 0.60849
0.56611 0.30174 0.47996
0.49747 0.49014 0.54289
0.60148 0.40853 0.58076
0.60935 0.45329 0.71846
0.40098 0.37691 0.60798
0.57938 0.24790 0.41700
0.54547 0.32532 0.43596
0.52573 0.23368 0.52378
0.55700 0.65485 0.46237
0.47218 0.42115 0.47873
0.37916 0.27126 0.40096
0.48231 0.42368 0.71444
0.59770 0.37310 0.52078
0.47161 0.47691 0.56405
0.59027 0.41343 0.52262
0.52421 0.32834 0.55616
0.58094 0.36646 0.34017
0.46150 0.33791 0.44358
0.43216 0.28241 0.38051
0.59404 0.53451 0.51020
0.36770 0.20725 0.52578
0.44204 0.38327 0.59311
0.59347 0.36208 0.46037
0.64069 0.45326 0.49599
0.50239 0.35225 0.54933
0.49221 0.41409 0.70079
0.55128 0.48298 0.47151
0.53783 0.37014 0.51580
0.36418 0.34230 0.59755
0.46761 0.26895 0.60247
0.55824 0.34147 0.48598
0.50553 0.41521 0.64638
0.62415 0.28433 0.43693
0.59138 0.42117 0.56496
0.43790 0.27603 0.54311
0.40823 0.41913 0.56207
0.62141 0.34859 0.40919
0.38546 0.31332 0.56472
0.44264 0.32793 0.60425
0.56377 0.38835 0.39174
0.56359 0.35504 0.46652
0.61103 0.55496 0.59775
0.56399 0.29382 0.49688
0.43691 0.37379 0.74550
0.46707 0.49013 0.51372
0.48309 0.22244 0.52568
0.42473 0.31410 0.68571
0.44320 0.33211 0.49758
0.52206 0.32120 0.39904
0.47171 0.40040 0.48399
0.60961 0.50489 0.67617
0.63646 0.39546 0.53569
0.49500 0.36606 0.45487
0.41054 0.31075 0.62594
0.55654 0.34408 0.43881
0.43400 0.30270 0.55588
0.38116 0.25502 0.59647
0.56453 0.32352 0.55220
0.40640 0.29615 0.36139
0.44480 0.42726 0.38327
0.58575 0.42905 0.58827
0.50863 0.32857 0.52359
0.54890 0.37013 0.55745
0.48860 0.45124 0.66331
0.48243 0.39474 0.60701
0.43528 0.37644 0.67130
0.60583 0.38613 0.50923
0.52110 0.31684 0.43704
0.49244 0.40628 0.50163
0.48869 0.46121 0.58730
0.56218 0.47307 0.51596
0.48664 0.39871 0.48366
0.43426 0.41105 0.46804
0.59607 0.38498 0.55536
0.53672 0.39532 0.45636
0.43976 0.35469 0.55747
0.58290 0.19121 0.43409
0.57751 0.51498 0.43288
0.44226 0.25107 0.49258
0.47924 0.46722 0.52853
0.41195 0.33566 0.57470
0.61808 0.48023 0.46025
0.44268 0.31771 0.54562
0.35620 0.32987 0.60959
0.46072 0.42454 0.56594
0.56483 0.45087 0.48445
0.44521 0.29749 0.63268
0.47714 0.37309 0.54042
0.55786 0.37634 0.53374
0.55559 0.30167 0.53917
0.50869 0.53711 0.50701
0.51727 0.36048 0.51540
0.45842 0.25661 0.55149
0.44134 0.29640 0.44748
0.47397 0.24420 0.48549
0.41653 0.37336 0.49481
0.41119 0.37357 0.60322
0.42958 0.30550 0.56982
0.58047 0.45659 0.52469
0.42811 0.35789 0.64612
0.60072 0.48132 0.55506
0.47779 0.36593 0.38147
0.49407 0.44744 0.53307
0.45318 0.36302 0.53601
0.41886 0.37984 0.55593
0.52419 0.48896 0.58584
0.55398 0.44199 0.62807
0.53317 0.35602 0.48193
0.47712 0.48261 0.69559
0.46648 0.44497 0.65299
0.40818 0.42007 0.62422
0.55281 0.52917 0.62635
0.45748 0.45494 0.47131
0.48722 0.38620 0.50211
0.60423 0.33317 0.55889
0.51198 0.47141 0.68702
0.68115 0.51621 0.68696
0.53701 0.55754 0.51781
0.53464 0.26876 0.42696
0.51348 0.32754 0.57841
0.38253 0.29748 0.52987
0.42649 0.44250 0.56787
0.65573 0.41953 0.47815
0.48751 0.33300 0.51494
0.43930 0.28263 0.63391
0.35137 0.34784 0.70493
0.63072 0.34661 0.55308
0.53083 0.32147 0.49596
0.50326 0.34736 0.60373
0.44433 0.44363 0.58735
0.39677 0.35771 0.63141
0.57842 0.44504 0.56352
0.49002 0.42322 0.34324
0.54947 0.43507 0.52150
0.54690 0.36467 0.46768
0.52716 0.32132 0.49678
0.43795 0.26588 0.49245
0.37259 0.33726 0.57013
0.40793 0.29501 0.61851
0.69334 0.52419 0.57281
0.60654 0.44618 0.59296
0.57664 0.32894 0.59009
0.44747 0.42934 0.62972
0.51909 0.44221 0.57262
0.40190 0.33474 0.56352
0.55582 0.53551 0.43903
0.51303 0.50779 0.53775
0.61269 0.45543 0.61020
0.55155 0.22235 0.30819
0.53397 0.37855 0.56945
0.55840 0.30293 0.42208
0.46746 0.41384 0.59658
0.44113 0.45562 0.58452
0.52923 0.25676 0.41686
0.51842 0.32563 0.49078
0.58372 0.42857 0.62273
0.63885 0.50849 0.56400
0.58818 0.44641 0.50343
0.54899 0.47395 0.47102
0.45169 0.37652 0.66990
0.41708 0.27054 0.51337
0.53688 0.34441 0.50383
0.54701 0.35240 0.54197
0.61524 0.28706 0.47008
0.40786 0.42559 0.48298
0.51539 0.46520 0.58253
0.41885 0.39933 0.57342
0.45100 0.38501 0.66602
0.54282 0.27416 0.43353
0.56101 0.44110 0.58491
0.51294 0.41049 0.53741
0.49656 0.34703 0.40402
0.48249 0.27220 0.44523
0.37856 0.24507 0.53924
0.61139 0.42676 0.53040
0.52475 0.38872 0.46320
0.52687 0.29608 0.54557
0.56937 0.34864 0.41084
0.51952 0.42833 0.42287
0.56585 0.34991 0.50830
0.58713 0.36842 0.53020
0.48136 0.24198 0.52352
0.63625 0.53664 0.54433
0.36804 0.25981 0.58878
0.49934 0.44756 0.45262
0.48664 0.32354 0.49035
0.57620 0.45160 0.62781
0.42875 0.24241 0.52582
0.57584 0.38437 0.63807
0.45852 0.40924 0.49955
0.38551 0.31372 0.63011
0.58277 0.41858 0.46960
0.41660 0.42819 0.55839
0.65785 0.32044 0.49006
0.45408 0.46656 0.44055
0.50520 0.34204 0.60772
0.57559 0.43660 0.49981
0.59580 0.39609 0.44977
0.50742 0.36945 0.53926
0.49993 0.32276 0.57102
0.52934 0.29849 0.56087
0.47681 0.36681 0.53709
0.61423 0.42527 0.56050
0.66041 0.39381 0.42426
0.58539 0.34195 0.61039
0.35601 0.39536 0.64469
0.43802 0.38894 0.48508
0.47294 0.48296 0.63285
0.42192 0.39484 0.52306
0.50612 0.28994 0.49101
0.46258 0.35319 0.56595
0.50810 0.25070 0.52094
0.61641 0.39514 0.50574
0.43499 0.30413 0.49670
0.34582 0.26582 0.62525
0.53306 0.39506 0.53682
0.47353 0.52795 0.51658
0.51232 0.19284 0.52936
0.36235 0.40100 0.52970
0.44496 0.34548 0.50875
0.69186 0.47135 0.60405
0.57642 0.32829 0.46061
0.43035 0.23447 0.45523
0.52809 0.30571 0.42678
0.53160 0.29112 0.52043
0.45000 0.47845 0.58496
0.55561 0.30094 0.57891
0.63957 0.52870 0.58815
0.61382 0.31271 0.40811
0.42844 0.44408 0.48119
0.48671 0.35005 0.50360
0.47154 0.42196 0.55678
0.42597 0.35033 0.41581
0.33171 0.25729 0.57757
0.47301 0.22796 0.43702
0.56237 0.28824 0.44157
0.51304 0.37793 0.46970
0.64251 0.43815 0.64012
0.49596 0.45890 0.60368
0.47454 0.38450 0.44921
0.60726 0.52963 0.53370
0.60201 0.28540 0.43983
0.54064 0.39449 0.53770
0.44705 0.33258 0.62452
0.43947 0.46526 0.52585
0.51382 0.39416 0.54030
0.56840 0.46224 0.43893
0.48728 0.46553 0.60891
0.44371 0.54196 0.67673
0.42992 0.20335 0.43396
0.48781 0.34416 0.62704
0.46741 0.43027 0.47450
0.61192 0.40795 0.49475
0.58397 0.40508 0.59130
0.57806 0.40292 0.60694
0.65509 0.26208 0.45159
0.49715 0.42825 0.57566
0.47783 0.46622 0.57786
0.46315 0.44245 0.65398
0.56801 0.38194 0.67586
0.55713 0.49593 0.43955
0.48517 0.35935 0.51822
0.43602 0.41430 0.53604
0.42999 0.24882 0.63254
0.53446 0.48229 0.40481
0.58400 0.36728 0.38100
0.62270 0.43986 0.58811
0.40053 0.44393 0.53119
0.69342 0.46413 0.58331
0.44917 0.43343 0.72673
0.49314 0.37529 0.54348
0.49041 0.34853 0.56702
0.50914 0.38989 0.41891
0.53774 0.34114 0.51840
0.60003 0.37177 0.52251
0.59959 0.45938 0.49138
0.50861 0.27906 0.43742
0.49531 0.31301 0.55960
0.41961 0.36142 0.72749
0.67283 0.37313 0.43228
0.42056 0.34180 0.47521
0.65487 0.41070 0.39105
0.31366 0.26445 0.58573
0.58869 0.34892 0.62355
0.52774 0.34035 0.42140
0.63330 0.37493 0.63504
0.46751 0.49240 0.39064
0.40020 0.37067 0.55868
0.42058 0.28846 0.55005
0.50470 0.34497 0.62206
0.39413 0.25649 0.35948
0.55608 0.38916 0.56079
0.51266 0.28436 0.47064
0.65420 0.31837 0.57371
0.43337 0.38403 0.55917
0.45866 0.37588 0.50709
0.55242 0.40498 0.58048
0.39658 0.27107 0.55437
0.55574 0.44268 0.61185
0.59171 0.43182 0.54756
0.61644 0.37046 0.45352
0.62639 0.51836 0.60080
0.46956 0.36028 0.62877
0.37961 0.32451 0.58160
0.53438 0.46661 0.68591
0.52602 0.32719 0.52870
0.49224 0.28274 0.47885
0.66729 0.56787 0.62713
0.39956 0.29884 0.49208
0.64202 0.59677 0.71502
0.43254 0.36487 0.61050
0.52870 0.41905 0.54144
0.64973 0.38019 0.57922
0.50253 0.38302 0.48524
0.43587 0.52873 0.60832
0.51723 0.36942 0.53288
0.53625 0.41393 0.67781
0.60871 0.31344 0.44481
0.46868 0.26014 0.58134
0.36697 0.42029 0.60641
0.54985 0.39230 0.61974
0.51102 0.50031 0.55730
0.64472 0.41040 0.49430
0.34576 0.23051 0.43528
0.47153 0.31471 0.42493
0.49122 0.44757 0.54470
0.49353 0.51608 0.39555
0.56028 0.51492 0.45359
0.44943 0.23330 0.49295
0.51144 0.34662 0.55366
0.52024 0.38204 0.54521
0.61189 0.39007 0.63116
0.54273 0.47376 0.59430
0.61330 0.46479 0.53006
0.39468 0.35752 0.72783
0.42818 0.34157 0.48286
0.49298 0.24800 0.46153
0.45573 0.24790 0.48669
0.45856 0.25129 0.50920
0.52977 0.32152 0.57165
0.42766 0.30562 0.53262
0.56314 0.46898 0.40959
0.40856 0.38949 0.64751
0.48965 0.35562 0.45603
0.39748 0.29974 0.43505
0.64300 0.39161 0.49395
0.51954 0.40085 0.56234
0.38166 0.27878 0.55128
0.54599 0.36878 0.56547
0.42975 0.35747 0.60681
0.55588 0.33086 0.55090
0.53153 0.26845 0.46838
0.50934 0.37013 0.52834
0.54745 0.46020 0.52576
0.55184 0.33435 0.58533
0.36494 0.34764 0.43727
0.50163 0.31589 0.43708
0.38098 0.36194 0.45699
0.48817 0.24957 0.43499
0.49293 0.31042 0.53345
0.54596 0.39799 0.51971
0.42360 0.22155 0.55852
0.43568 0.28912 0.47519
0.57886 0.50636 0.46539
0.44455 0.38379 0.44447
0.58618 0.41585 0.63871
0.47358 0.30204 0.43899
0.43808 0.36629 0.62317
0.34732 0.21682 0.73139
0.43580 0.48849 0.47765
0.44145 0.32592 0.61458
0.68991 0.53897 0.62593
0.52754 0.42531 0.43004
0.42357 0.33401 0.66758
0.36838 0.30474 0.52225
0.46654 0.54022 0.48473
0.52683 0.42393 0.53936
0.42919 0.44131 0.58872
0.52297 0.37580 0.60431
0.47683 0.38427 0.56696
0.55721 0.38917 0.44220
0.60566 0.25725 0.49567
0.46845 0.39360 0.50833
0.50315 0.40548 0.57833
0.36751 0.35200 0.43626
0.42127 0.36269 0.42956
0.64930 0.31624 0.44041
0.49385 0.23704 0.54616
0.32351 0.16902 0.36787
0.47525 0.51283 0.66763
0.65305 0.46847 0.58300
0.42052 0.31992 0.70464
0.38886 0.39630 0.58271
0.48839 0.34675 0.61265
0.64473 0.54658 0.68013
0.52318 0.33694 0.52548
0.51253 0.38929 0.55974
0.58071 0.37006 0.44957
0.48344 0.27003 0.55020
0.52744 0.45274 0.48383
0.54991 0.32330 0.47149
0.56714 0.41966 0.48628
0.42905 0.26690 0.59676
0.43502 0.27959 0.52472
0.61334 0.41833 0.46689
0.43689 0.27816 0.50533
0.51977 0.42890 0.45944
0.43834 0.33221 0.60021
0.45802 0.34701 0.63144
0.50563 0.50451 0.45900
0.47488 0.37652 0.56388
0.48359 0.37743 0.47240
0.58133 0.33814 0.58463
0.38745 0.21830 0.60861
0.46951 0.39301 0.65068
0.48269 0.36822 0.53168
0.37882 0.36523 0.71359
0.42972 0.34138 0.40994
0.51502 0.38672 0.55535
0.46920 0.46081 0.42235
0.52390 0.42748 0.57340
0.41959 0.23462 0.41572
0.48909 0.29545 0.55212
0.58530 0.38797 0.43537
0.52008 0.27351 0.31931
0.53968 0.42880 0.42196
0.55370 0.35666 0.40841
0.46049 0.26440 0.45379
0.63549 0.43846 0.62770
0.51898 0.36192 0.56126
0.41304 0.29911 0.53245
0.48535 0.44467 0.61317
0.41188 0.34277 0.54305
0.64592 0.37498 0.48716
0.54423 0.35991 0.49223
0.57697 0.37547 0.50708
0.59890 0.47413 0.42895
0.51498 0.31937 0.50952
0.55389 0.39488 0.47100
0.41531 0.39925 0.61684
0.37777 0.25918 0.56307
0.40297 0.22441 0.47803
0.59742 0.39891 0.42782
0.54840 0.32447 0.56771
0.47073 0.39807 0.30406
0.55338 0.38056 0.64624
0.62362 0.32130 0.49995
0.52180 0.40412 0.36382
0.59068 0.40240 0.54089
0.48401 0.35543 0.46603
0.51974 0.30316 0.64039
0.59413 0.42176 0.42368
0.42567 0.36273 0.58134
0.51064 0.47782 0.45434
0.55576 0.46759 0.66953
0.52872 0.41935 0.60572
0.42277 0.34107 0.64476
0.52487 0.41000 0.53844
0.49180 0.32395 0.37614
0.47221 0.32999 0.58261
0.46771 0.31092 0.63556
0.63500 0.50478 0.66711
0.57068 0.44356 0.39560
0.54331 0.35138 0.52736
0.35746 0.31582 0.47705
0.69921 0.50375 0.53515
0.45437 0.41141 0.50198
0.45406 0.27448 0.55330
0.58502 0.40435 0.61826
0.44810 0.33962 0.53073
0.51152 0.33986 0.48828
0.50192 0.27793 0.55797
0.52226 0.44027 0.64065
0.60168 0.32022 0.49737
0.48689 0.41942 0.48937
0.53939 0.34143 0.55611
0.50137 0.46868 0.48614
0.44684 0.36720 0.60513
0.41910 0.36385 0.64693
0.61832 0.34393 0.35018
0.52608 0.56839 0.41847
0.43220 0.26154 0.33749
0.44032 0.35345 0.67539
0.48947 0.31859 0.45038
0.40460 0.23641 0.37973
0.54281 0.46667 0.56238
0.47807 0.37027 0.58089
0.52289 0.43364 0.52086
0.60802 0.38308 0.66657
0.55079 0.45331 0.57668
0.60673 0.51572 0.61836
0.68497 0.48620 0.60850
0.49783 0.50297 0.60824
0.67283 0.37631 0.42801
0.61236 0.36038 0.54442
0.50575 0.26316 0.56356
0.49695 0.39987 0.69714
0.57807 0.41565 0.58692
0.51118 0.33004 0.52775
0.56659 0.43864 0.59665
0.58689 0.23236 0.44513
0.52703 0.48374 0.41136
0.47312 0.36353 0.54373
0.40687 0.44988 0.63333
0.57478 0.36835 0.58854
0.47252 0.49176 0.44078
0.51374 0.33700 0.46863
0.53586 0.40995 0.48621
0.38297 0.39250 0.59572
0.55415 0.40257 0.59749
0.43995 0.33643 0.43149
0.49897 0.42094 0.63188
0.54527 0.38050 0.49542
0.39037 0.26000 0.46681
0.49367 0.41605 0.63299
0.51385 0.52512 0.55898
0.36727 0.28915 0.59541
0.50333 0.33102 0.62536
0.48894 0.27564 0.55896
0.46574 0.42205 0.52890
0.55499 0.40496 0.55252
0.58086 0.30427 0.52173
0.47260 0.47915 0.60215
0.59088 0.39169 0.43725
0.60376 0.33160 0.36871
0.45585 0.32511 0.52579
0.33469 0.29881 0.68322
0.40311 0.37173 0.60938
0.53997 0.43129 0.49394
0.38437 0.32268 0.60827
0.59868 0.53178 0.50180
0.50142 0.25367 0.50514
0.54898 0.27679 0.43770
0.45703 0.30474 0.50196
0.47251 0.28029 0.59072
0.61387 0.44205 0.58872
0.51539 0.25559 0.52876
0.47424 0.35581 0.40597
0.44078 0.48759 0.51385
0.66188 0.49162 0.66456
0.35264 0.33616 0.45935
0.61590 0.43208 0.59436
0.55023 0.38902 0.58663
0.50675 0.41788 0.58166
0.48036 0.42032 0.43284
0.43971 0.29688 0.36135
0.55852 0.52477 0.55838
0.61044 0.43338 0.38184
0.48175 0.32512 0.58981
0.46350 0.35882 0.52655
0.59692 0.58216 0.53809
0.43213 0.34913 0.48378
0.41777 0.38466 0.62034
0.62090 0.35544 0.52786
0.44382 0.42328 0.52519
0.56038 0.43028 0.60199
0.56412 0.54213 0.45165
0.59238 0.46249 0.47717
0.42853 0.34524 0.47718
0.55805 0.41735 0.59066
0.54162 0.45270 0.46141
0.49164 0.51241 0.41053
0.43064 0.40812 0.68230
0.56870 0.48997 0.55589
0.47174 0.45102 0.51028
0.52002 0.40254 0.61108
0.42731 0.40654 0.68667
0.42325 0.37868 0.60055
0.36801 0.28449 0.57419
0.48284 0.48788 0.53225
0.43194 0.36702 0.52837
0.63693 0.45901 0.51908
0.59295 0.25902 0.44910
0.52397 0.22105 0.42852
0.56715 0.27336 0.51855
0.62099 0.43447 0.66708
0.52219 0.47066 0.66546
0.64176 0.45137 0.54896
0.48498 0.36376 0.48618
0.48512 0.37373 0.42319
0.39933 0.34135 0.51190
0.54394 0.31779 0.56539
0.59119 0.45132 0.58664
0.41165 0.46109 0.71505
0.59754 0.45440 0.58333
0.59914 0.41547 0.49765
0.49195 0.41070 0.68424
0.54248 0.42465 0.69695
0.43895 0.52426 0.49843
0.47077 0.40138 0.50754
0.47080 0.36977 0.49894
0.49199 0.26146 0.43702
0.62644 0.38934 0.42335
0.46131 0.55801 0.62288
0.52123 0.38549 0.42378
0.66779 0.36192 0.40124
0.43476 0.36899 0.45765
0.69856 0.48474 0.57937
0.48966 0.37662 0.54365
0.59909 0.44375 0.69753
0.51777 0.28845 0.49758
0.34190 0.27466 0.68630
0.55147 0.44398 0.60298
0.53052 0.41307 0.55819
0.53384 0.48889 0.54813
0.41263 0.37519 0.58232
0.41357 0.30985 0.46176
0.58787 0.55802 0.39993
0.54392 0.34998 0.49599
0.58064 0.54015 0.47790
0.47772 0.47228 0.60039
0.55305 0.41323 0.42220
0.48214 0.39569 0.66055
0.36099 0.23157 0.60222
0.61197 0.39049 0.57037
0.48131 0.33664 0.54200
0.39537 0.28650 0.49719
0.54836 0.15191 0.29034
0.42584 0.44356 0.51819
0.55087 0.40491 0.43956
0.54110 0.39681 0.56256
0.47874 0.40076 0.48055
0.48357 0.36643 0.52550
0.48200 0.29701 0.47764
0.56173 0.33758 0.47761
0.58576 0.48208 0.68113
0.60807 0.42088 0.46176
0.61006 0.57683 0.55689
0.62082 0.44842 0.59025
0.38149 0.27291 0.60147
0.63277 0.26644 0.42242
0.56043 0.40503 0.51849
0.51767 0.33141 0.61348
0.39707 0.15713 0.37443
0.42429 0.38742 0.52445
0.49071 0.30580 0.39216
0.55538 0.45517 0.48942
0.58842 0.34840 0.52117
0.55668 0.37106 0.46597
0.40123 0.47775 0.60987
0.47117 0.32410 0.48286
0.59638 0.48408 0.45220
0.48927 0.30814 0.50322
0.41416 0.25581 0.39685
0.51108 0.31766 0.48241
0.44634 0.37172 0.38437
0.46739 0.35413 0.43585
0.39696 0.40004 0.43012
0.52490 0.38963 0.48043
0.49122 0.50326 0.43678
0.40983 0.27488 0.36709
0.53533 0.27711 0.56464
0.54784 0.35501 0.60420
0.51774 0.44392 0.38745
0.48491 0.33900 0.53683
0.53495 0.40066 0.44713
0.56792 0.46243 0.45508
0.64910 0.40251 0.34045
0.41939 0.33295 0.57399
0.66644 0.31834 0.43039
0.47043 0.34538 0.60471
0.47993 0.37598 0.56545
0.53041 0.37510 0.54412
0.57484 0.38812 0.48371
0.27626 0.19417 0.41443
0.63390 0.32333 0.54717
0.56230 0.46010 0.69279
0.56091 0.38864 0.50354
0.56625 0.58546 0.48617
0.50719 0.38824 0.52699
0.49796 0.41253 0.55772
0.42335 0.36936 0.62392
0.68156 0.39232 0.55433
0.63263 0.37457 0.49837
0.59881 0.43126 0.62699
0.50872 0.44829 0.61314
0.44972 0.29140 0.58747
0.45922 0.35559 0.48347
0.61202 0.43881 0.62490
0.46912 0.41434 0.63108
0.46628 0.42033 0.59581
0.48304 0.38337 0.49180
0.43260 0.50282 0.48455
0.63032 0.55979 0.74328
0.51573 0.36077 0.50577
0.42194 0.41491 0.51876
0.56102 0.38173 0.38830
0.38119 0.28948 0.61898
0.53420 0.40328 0.44692
0.66114 0.41315 0.66496
0.50791 0.40058 0.50306
0.43582 0.27548 0.45105
0.50382 0.45342 0.73611
0.43461 0.29543 0.58740
0.56128 0.39246 0.50356
0.52244 0.31767 0.39457
0.54515 0.55173 0.44166
0.47127 0.26736 0.54445
0.52847 0.41280 0.49834
0.59376 0.38853 0.49515
0.54829 0.43429 0.49965
0.53464 0.32957 0.61580
0.47159 0.40982 0.54313
0.46716 0.36461 0.59410
0.62852 0.41459 0.51894
0.54472 0.41019 0.63933
0.52768 0.32571 0.55128
0.45730 0.49148 0.63413
0.65063 0.42454 0.47667
0.49911 0.45303 0.53589
0.45940 0.27307 0.39225
0.44432 0.28298 0.48168
0.63925 0.53429 0.52470
0.65451 0.40193 0.46518
0.57456 0.33336 0.42651
0.54398 0.37812 0.58899
0.49384 0.37044 0.60782
0.54779 0.37739 0.57115
0.52289 0.47074 0.49139
0.51455 0.31650 0.46654
0.56317 0.48386 0.69931
0.35552 0.28886 0.66803
0.56709 0.32505 0.64727
0.50892 0.37564 0.64472
0.41281 0.32379 0.63009
0.44373 0.28428 0.42455
0.49853 0.34619 0.60353
0.68072 0.58205 0.66346
0.57223 0.43604 0.52378
0.47650 0.25195 0.54168
0.40781 0.37632 0.47427
0.55704 0.49775 0.57762
0.48736 0.37770 0.49592
0.47325 0.38075 0.52504
0.40329 0.34089 0.58529
0.46493 0.27394 0.52375
0.52453 0.35336 0.47418
0.51470 0.36976 0.49650
0.53460 0.30253 0.55342
0.48661 0.34402 0.65885
0.50352 0.30038 0.47764
0.54701 0.34369 0.61918
0.55395 0.44624 0.69964
0.70971 0.39141 0.52327
0.38889 0.33278 0.58458
0.37682 0.34178 0.48233
0.36986 0.31234 0.56235
0.53997 0.37220 0.56893
0.38420 0.31393 0.37472
0.56105 0.39146 0.64919
0.48908 0.52906 0.56727
0.64630 0.41252 0.48899
0.43005 0.23908 0.52439
0.54082 0.43890 0.55425
0.61067 0.41053 0.39553
0.47667 0.34390 0.41998
0.47374 0.25704 0.45665
0.42500 0.38672 0.50597
0.40432 0.37048 0.51361
0.55136 0.32857 0.43256
0.59892 0.38475 0.50014
0.59319 0.40561 0.67706
0.50654 0.36185 0.55907
0.57607 0.50452 0.49487
0.49999 0.47186 0.42698
0.54530 0.35944 0.34983
0.53153 0.37080 0.62422
0.52516 0.31072 0.53961
0.41649 0.43718 0.45592
0.35194 0.20763 0.58123
0.38993 0.32900 0.58146
0.55201 0.36713 0.58411
0.38114 0.29637 0.51048
0.46271 0.36807 0.45353
0.35818 0.37283 0.67701
0.51296 0.35127 0.40815
0.46445 0.26534 0.50503
0.47429 0.44510 0.56101
0.59902 0.32679 0.52937
0.35861 0.31177 0.51628
0.56363 0.29878 0.49161
0.61334 0.45931 0.63136
0.44427 0.35223 0.50319
0.72999 0.39874 0.56531
0.56180 0.32682 0.62189
0.50660 0.33187 0.52454
0.56837 0.40561 0.44797
0.53645 0.29667 0.47912
0.57036 0.40018 0.54914
0.49342 0.34809 0.48050
0.61216 0.57611 0.47046
0.63668 0.55011 0.54354
0.60626 0.48213 0.32202
0.57917 0.42868 0.55240
0.45031 0.28301 0.50432
0.48306 0.46427 0.51661
0.49905 0.35235 0.53942
0.49853 0.45004 0.65346
0.49159 0.24187 0.36156
0.46481 0.35623 0.43968
0.53025 0.29260 0.45122
0.41200 0.39884 0.68665
0.49308 0.47510 0.59712
0.45582 0.29489 0.52762
0.37898 0.42631 0.50639
0.59816 0.31318 0.57839
0.47778 0.30497 0.56851
0.51029 0.26722 0.59716
0.68536 0.49719 0.60262
0.48556 0.40576 0.45453
0.59666 0.31599 0.43568
0.60294 0.40887 0.60851
0.55811 0.44780 0.69367
0.48608 0.42855 0.48047
0.55180 0.42673 0.69745
0.39762 0.34664 0.49117
0.42970 0.30095 0.33275
0.42685 0.48209 0.47003
0.51429 0.23039 0.43499
0.65207 0.45947 0.68192
0.49432 0.29769 0.41141
0.50554 0.32981 0.47349
0.51349 0.21312 0.48741
0.54053 0.35112 0.50350
0.52401 0.35833 0.31892
0.39558 0.28845 0.52610
0.46944 0.34512 0.48795
0.54163 0.39085 0.61555
0.54691 0.47110 0.48292
0.60618 0.49993 0.62533
0.58636 0.45805 0.52891
0.46707 0.47527 0.47059
0.47917 0.42445 0.65458
0.40449 0.29714 0.51100
0.60160 0.50030 0.39933
0.46889 0.34119 0.61197
0.39442 0.20480 0.41382
0.42606 0.38236 0.59757
0.46568 0.30611 0.42982
0.56368 0.39371 0.55601
0.53376 0.48354 0.64378
0.48367 0.39506 0.51550
0.50904 0.42027 0.61983
0.51796 0.26998 0.51017
0.71033 0.44634 0.53893
0.39587 0.30462 0.56810
0.38832 0.33773 0.55703
0.30199 0.22262 0.52044
0.42027 0.33946 0.55380
0.43462 0.35651 0.59846
0.58526 0.45843 0.41877
0.51400 0.38088 0.60531
0.46029 0.48450 0.62308
0.48413 0.46774 0.54277
0.48920 0.36085 0.54706
0.43570 0.38864 0.50958
0.61328 0.44614 0.47379
0.39904 0.51066 0.58558
0.39882 0.25900 0.57444
0.39130 0.27208 0.45937
0.48833 0.29364 0.65571
0.41713 0.40889 0.42715
0.39365 0.29974 0.49064
0.60638 0.48930 0.55496
0.56971 0.39118 0.57102
0.45967 0.47022 0.55722
0.56373 0.32891 0.50118
0.58469 0.49640 0.48632
0.41654 0.35049 0.66712
0.53481 0.33483 0.45382
0.46262 0.33000 0.49858
0.55877 0.37116 0.55451
0.47203 0.28360 0.45631
0.43518 0.43452 0.65193
0.45448 0.39568 0.66328
0.51740 0.46558 0.46801
0.52689 0.22364 0.36801
0.48952 0.29045 0.54079
0.48698 0.23061 0.45827
0.44561 0.43961 0.47301
0.57407 0.42994 0.68289
0.42187 0.38889 0.57354
0.53751 0.38322 0.32987
0.43480 0.42541 0.48917
0.54349 0.46985 0.56041
0.59271 0.34014 0.43822
0.44485 0.44992 0.49850
0.48624 0.32368 0.51812
0.37977 0.33260 0.69013
0.43397 0.33094 0.59877
0.40762 0.46034 0.65161
0.45672 0.39783 0.57321
0.45146 0.45810 0.51998
0.50205 0.39315 0.53452
0.36052 0.33719 0.50445
0.47783 0.44531 0.48701
0.57811 0.42582 0.62751
0.49276 0.27458 0.51411
0.40603 0.32460 0.53091
0.59913 0.32673 0.50667
0.54608 0.33422 0.54249
0.50224 0.42285 0.52688
0.46722 0.29769 0.56642
0.45104 0.32489 0.51892
0.43648 0.25403 0.50412
0.46424 0.44809 0.53472
0.56606 0.43640 0.51675
0.45401 0.43078 0.56118
0.48963 0.29582 0.46003
0.41370 0.32661 0.56470
0.43295 0.38111 0.65040
0.46215 0.41484 0.56181
0.46006 0.37947 0.55274
0.58968 0.46877 0.53055
0.52793 0.34289 0.59789
0.52301 0.48143 0.59997
0.51501 0.42198 0.47213
0.39729 0.30299 0.35312
0.37218 0.32412 0.48407
0.37228 0.28390 0.68742
0.40269 0.35118 0.66442
0.50293 0.25678 0.50755
0.56098 0.45152 0.64426
0.53650 0.45946 0.46646
0.55682 0.43307 0.34484
0.40414 0.36278 0.52171
0.44984 0.30219 0.49898
0.46367 0.33413 0.51950
0.62405 0.38789 0.55240
0.44057 0.31233 0.56191
0.52405 0.35832 0.51496
0.40956 0.45366 0.55029
0.42239 0.26903 0.47986
0.61777 0.30081 0.44671
0.54493 0.27402 0.49888
0.62702 0.30669 0.48901
0.49598 0.33750 0.50674
0.60502 0.38421 0.48588
0.51602 0.43112 0.57577
0.55742 0.48131 0.54118
0.45197 0.51135 0.46242
0.60713 0.37598 0.64002
0.58042 0.42386 0.48696
0.39131 0.39118 0.48017
0.59627 0.38996 0.58514
0.61953 0.46824 0.45383
0.34191 0.30904 0.50902
0.62102 0.40806 0.51774
0.54195 0.54559 0.42446
0.44046 0.41187 0.50453
0.50316 0.31366 0.62016
0.52695 0.27925 0.55248
0.59530 0.39106 0.58999
