20 6 1000 27403 177
0.81147 0.96117 0.49580
0.73338 0.74632 0.24436
0.65058 0.40993 0.52658
0.16932 0.44137 0.19462
0.17550 0.90270 0.95745
0.95822 0.69455 0.39130
0.70480 0.75143 0.37120
0.63068 0.59649 0.33309
0.47380 0.62715 0.38047
0.38417 0.58715 0.39326
0.51970 0.82351 0.57979
0.56216 0.77410 0.63021
0.74093 0.63527 0.45736
0.61915 0.69379 0.42258
0.52749 0.68722 0.49455
0.62546 0.70261 0.50248
0.58011 0.77465 0.51401
0.55791 0.68207 0.47187
0.49293 0.68681 0.34961
0.45840 0.87076 0.68685
0.61546 0.72777 0.53607
0.72099 0.61344 0.44160
0.72468 0.67974 0.49110
0.58204 0.62700 0.50827
0.64873 0.77148 0.41817
0.44238 0.80783 0.70285
0.68921 0.78703 0.40860
0.54475 0.69390 0.45660
0.55405 0.62122 0.34866
0.59824 0.79346 0.46671
0.60329 0.78651 0.51434
0.72279 0.69187 0.45049
0.72638 0.75244 0.36035
0.63341 0.71517 0.51485
0.64776 0.60728 0.41252
0.29257 0.82339 0.82643
0.39381 0.88219 0.77954
0.75898 0.67260 0.40294
0.67063 0.64220 0.51582
0.70663 0.62807 0.42271
0.60234 0.76930 0.49409
0.63933 0.64942 0.39878
0.49686 0.67319 0.60701
0.61189 0.71862 0.57994
0.65037 0.64961 0.49205
0.61490 0.72635 0.53530
0.80510 0.70287 0.41107
0.56950 0.75157 0.46938
0.65471 0.70116 0.35246
0.63402 0.77704 0.56887
0.65339 0.70284 0.41384
0.51156 0.62389 0.37590
0.62791 0.61888 0.39439
0.63024 0.71565 0.32253
0.41933 0.57395 0.37677
0.54933 0.72080 0.50412
0.59967 0.75906 0.48383
0.48714 0.71234 0.58550
0.48518 0.57622 0.43980
0.66721 0.66446 0.54009
0.49962 0.70364 0.58038
0.61424 0.71381 0.57872
0.81739 0.67974 0.37282
0.45563 0.66910 0.44588
0.49106 0.71952 0.50203
0.56666 0.70865 0.37573
0.47192 0.52415 0.41616
0.45409 0.63423 0.46487
0.60019 0.72353 0.46437
0.78662 0.65878 0.35516
0.39204 0.72257 0.55730
0.41648 0.73009 0.52454
0.73911 0.63820 0.40827
0.74182 0.73943 0.42860
0.44671 0.68905 0.48334
0.70665 0.67926 0.34647
0.58925 0.62970 0.50985
0.56958 0.69252 0.48565
0.60403 0.57346 0.48867
0.59261 0.64919 0.50465
0.67156 0.63669 0.43623
0.58420 0.75063 0.51784
0.61020 0.65996 0.50090
0.30082 0.73901 0.65489
0.60075 0.73241 0.56785
0.64555 0.71019 0.51989
0.63031 0.65762 0.30835
0.71693 0.77599 0.40268
0.65101 0.60855 0.39425
0.68847 0.79472 0.50165
0.64807 0.69606 0.42039
0.58039 0.67282 0.39269
0.61937 0.80359 0.50272
0.60206 0.68682 0.37600
0.68431 0.75476 0.48399
0.64062 0.60424 0.45506
0.61823 0.80111 0.46755
0.47857 0.60962 0.31744
0.49839 0.60722 0.42551
0.73894 0.61657 0.43321
0.62606 0.61211 0.41584
0.53368 0.67567 0.48324
0.68781 0.58420 0.47718
0.58824 0.61559 0.48025
0.63792 0.75306 0.55028
0.51778 0.52975 0.42035
0.73100 0.70437 0.48283
0.70475 0.69394 0.36466
0.36259 0.59420 0.31153
0.47809 0.56964 0.44830
0.51660 0.73979 0.42784
0.68811 0.73204 0.29821
0.55575 0.67825 0.42368
0.74712 0.83537 0.49106
0.65173 0.79942 0.46208
0.56140 0.55820 0.48005
0.70209 0.67160 0.32788
0.43999 0.64091 0.44882
0.54119 0.62207 0.42929
0.58613 0.75145 0.43210
0.46897 0.66270 0.37010
0.77230 0.72093 0.47667
0.70291 0.65620 0.48395
0.66598 0.54910 0.52224
0.59477 0.75164 0.39522
0.64649 0.62052 0.36903
0.79941 0.68497 0.41287
0.58860 0.56952 0.50635
0.72759 0.82960 0.50136
0.49376 0.81124 0.63693
0.59200 0.64167 0.48334
0.32997 0.60251 0.33846
0.61094 0.60929 0.38383
0.71591 0.73652 0.47370
0.66720 0.63503 0.46731
0.68180 0.66063 0.43807
0.42089 0.70368 0.46215
0.74351 0.74047 0.49819
0.54883 0.62252 0.47487
0.66532 0.83951 0.51457
0.53592 0.74368 0.43863
0.54807 0.64767 0.29666
0.56128 0.64199 0.38105
0.45705 0.74129 0.53613
0.66766 0.70012 0.41726
0.62278 0.70338 0.51483
0.63754 0.67173 0.37804
0.68373 0.65256 0.37497
0.45065 0.61357 0.36337
0.42251 0.71868 0.51358
0.66456 0.58148 0.45804
0.75832 0.76287 0.44518
0.34921 0.59241 0.30305
0.38640 0.72993 0.60279
0.39376 0.68616 0.55533
0.32267 0.70306 0.60480
0.63465 0.71223 0.41202
0.32508 0.62413 0.51451
0.72544 0.71018 0.48876
0.45438 0.61450 0.29796
0.63716 0.80272 0.51276
0.76426 0.81213 0.47695
0.57171 0.74103 0.56885
0.53292 0.65327 0.55200
0.55573 0.65786 0.46563
0.60557 0.70485 0.46085
0.66443 0.74054 0.41828
0.66708 0.65008 0.55436
0.42659 0.68172 0.45822
0.73532 0.72904 0.41003
0.60411 0.75020 0.45510
0.54359 0.59491 0.49052
0.55986 0.68902 0.44532
0.77722 0.82330 0.36707
0.51685 0.75764 0.50472
0.59742 0.60915 0.36311
0.59481 0.58435 0.59355
0.62440 0.67072 0.36477
0.75899 0.78566 0.48883
0.64302 0.71905 0.45538
0.56221 0.64278 0.52509
0.62968 0.70224 0.37745
0.65309 0.67630 0.38755
0.69489 0.70147 0.42989
0.54729 0.75012 0.54971
0.78680 0.70778 0.46903
0.76916 0.74033 0.47997
0.71261 0.71901 0.39177
0.62750 0.67611 0.38391
0.34906 0.72527 0.66571
0.51473 0.64863 0.48138
0.43475 0.69949 0.58293
0.60658 0.72507 0.53864
0.70739 0.66214 0.41625
0.55340 0.71367 0.50906
0.47259 0.53102 0.36152
0.70060 0.67377 0.46609
0.65723 0.56033 0.41616
0.57505 0.63768 0.30832
0.51781 0.64504 0.53955
0.51211 0.71721 0.42229
0.50883 0.64082 0.40629
0.32592 0.56354 0.35421
0.42596 0.80863 0.73414
0.51353 0.79730 0.61863
0.56432 0.72366 0.55741
0.57740 0.78560 0.48525
0.56763 0.63292 0.32606
0.55360 0.66817 0.32160
0.61911 0.57536 0.48044
0.74619 0.79137 0.44563
0.55353 0.54192 0.37973
0.57375 0.60362 0.54884
0.43776 0.54216 0.35886
0.26681 0.72699 0.64904
0.37641 0.68850 0.61017
0.53984 0.63366 0.40484
0.55050 0.77635 0.52701
0.57910 0.69934 0.55046
0.63077 0.75394 0.48330
0.43305 0.63457 0.40929
0.72554 0.66126 0.35850
0.54807 0.64092 0.40005
0.79660 0.71480 0.41922
0.60738 0.71398 0.59659
0.53650 0.69146 0.56488
0.57130 0.62712 0.41574
0.70075 0.63690 0.36006
0.71800 0.73819 0.43015
0.72457 0.76580 0.39419
0.37812 0.57977 0.35040
0.48041 0.70425 0.42374
0.63684 0.78511 0.54229
0.55851 0.69504 0.56260
0.65578 0.63872 0.35075
0.65172 0.65135 0.51824
0.73431 0.73267 0.41303
0.58854 0.66118 0.28536
0.69178 0.60280 0.43556
0.41806 0.63207 0.36306
0.40000 0.66732 0.53021
0.59716 0.70063 0.48934
0.70459 0.89093 0.49558
0.43517 0.70116 0.46455
0.48785 0.80444 0.69431
0.76030 0.68532 0.36127
0.44685 0.57851 0.40399
0.57560 0.70408 0.49289
0.56608 0.67454 0.49761
0.60155 0.72341 0.46462
0.70807 0.71406 0.47018
0.52301 0.57050 0.56068
0.55613 0.72666 0.45197
0.48599 0.69890 0.50266
0.55859 0.65585 0.33289
0.67043 0.68875 0.45076
0.71757 0.59213 0.45656
0.56120 0.66389 0.61162
0.50252 0.72814 0.62338
0.52576 0.71301 0.48136
0.49993 0.60066 0.51060
0.49968 0.62486 0.35545
0.40129 0.64818 0.41599
0.51710 0.61654 0.43072
0.41999 0.72370 0.57181
0.58399 0.63454 0.55159
0.40442 0.81853 0.74714
0.65656 0.61269 0.51840
0.65546 0.72335 0.40865
0.65636 0.68505 0.46191
0.47606 0.68005 0.34980
0.37423 0.78989 0.65531
0.68265 0.72080 0.46380
0.57252 0.67764 0.30132
0.70744 0.67426 0.45068
0.64361 0.80106 0.43437
0.61215 0.78927 0.56353
0.66357 0.69383 0.55226
0.69457 0.70648 0.40505
0.50841 0.72766 0.59260
0.59660 0.73948 0.54255
0.61496 0.57874 0.43553
0.51293 0.73121 0.47059
0.59344 0.76412 0.52793
0.59595 0.71490 0.39549
0.53827 0.56948 0.35199
0.61166 0.70423 0.54973
0.61142 0.71762 0.54891
0.38613 0.59281 0.54802
0.50921 0.65344 0.59019
0.60772 0.69128 0.43678
0.61192 0.65312 0.58032
0.57742 0.75449 0.59271
0.78755 0.72481 0.45830
0.59992 0.72881 0.55226
0.58785 0.67252 0.41711
0.30389 0.61914 0.38630
0.50651 0.58116 0.38799
0.59767 0.51718 0.43312
0.42002 0.74169 0.70067
0.67986 0.76323 0.43243
0.72911 0.70995 0.38221
0.62788 0.67997 0.53014
0.48037 0.59489 0.40245
0.66120 0.71305 0.45118
0.62304 0.62119 0.35023
0.65322 0.66695 0.45472
0.37753 0.68711 0.51874
0.65789 0.56999 0.46864
0.60191 0.74585 0.50207
0.57033 0.66368 0.50397
0.42230 0.54544 0.33408
0.57157 0.63026 0.35703
0.62763 0.58871 0.37067
0.59698 0.65537 0.54789
0.68111 0.67312 0.36778
0.59056 0.69841 0.35338
0.45059 0.73802 0.50623
0.71813 0.74332 0.41788
0.76324 0.77057 0.43014
0.56099 0.76222 0.52394
0.45270 0.60017 0.33916
0.67660 0.64827 0.42217
0.66176 0.61131 0.45830
0.64932 0.69571 0.50991
0.64117 0.66376 0.36378
0.52853 0.89339 0.67490
0.50315 0.71180 0.61662
0.63499 0.53868 0.47018
0.29313 0.64399 0.47050
0.52434 0.74695 0.47136
0.78100 0.72894 0.36589
0.47421 0.63141 0.53192
0.49513 0.62063 0.32927
0.68891 0.73541 0.42137
0.67818 0.67786 0.46982
0.56608 0.56060 0.50807
0.45122 0.62817 0.48332
0.38406 0.82020 0.68559
0.68742 0.81426 0.55393
0.55751 0.55701 0.35254
0.56720 0.72320 0.52582
0.67047 0.66704 0.41818
0.25387 0.73144 0.68231
0.37351 0.62998 0.47001
0.52518 0.70899 0.41982
0.63757 0.63335 0.45144
0.59896 0.69367 0.42086
0.53735 0.79443 0.62870
0.63124 0.80840 0.49581
0.56576 0.77584 0.58794
0.63692 0.61535 0.45844
0.40900 0.55848 0.32279
0.56177 0.70425 0.50397
0.66164 0.62217 0.51836
0.37144 0.83195 0.72527
0.58292 0.76838 0.44780
0.63377 0.81069 0.48693
0.53288 0.67639 0.47366
0.62134 0.60150 0.39977
0.43021 0.74540 0.55597
0.56192 0.61825 0.36091
0.42482 0.60143 0.40390
0.83330 0.68601 0.38553
0.60334 0.85879 0.54929
0.53617 0.67208 0.34093
0.68220 0.65282 0.36242
0.34193 0.84931 0.78004
0.55008 0.67993 0.41077
0.62561 0.70920 0.38475
0.39154 0.63209 0.41590
0.54482 0.69776 0.49685
0.65031 0.88359 0.56767
0.66921 0.66495 0.35279
0.59871 0.61481 0.42210
0.72185 0.79505 0.51049
0.56955 0.54932 0.39229
0.59831 0.73971 0.54628
0.72665 0.67135 0.37781
0.68771 0.70694 0.51294
0.58166 0.66416 0.44961
0.57664 0.67187 0.41865
0.67873 0.51189 0.48697
0.63036 0.48504 0.47774
0.59478 0.67358 0.33640
0.67995 0.52919 0.52107
0.60295 0.58314 0.48674
0.69965 0.66284 0.38279
0.38646 0.77176 0.60430
0.74999 0.75914 0.40027
0.67959 0.61275 0.35995
0.62873 0.75985 0.56818
0.81176 0.76423 0.44174
0.58676 0.71955 0.36822
0.58553 0.73169 0.47369
0.69305 0.72636 0.52290
0.51658 0.61751 0.49486
0.62267 0.79735 0.48304
0.74869 0.82229 0.49366
0.71149 0.70060 0.45507
0.63382 0.68355 0.39561
0.54607 0.60840 0.30830
0.60262 0.74729 0.48664
0.71323 0.77764 0.48180
0.72754 0.68778 0.43296
0.60391 0.59489 0.41189
0.69460 0.73628 0.33271
0.51745 0.63077 0.32018
0.61259 0.69795 0.43208
0.55463 0.68377 0.46571
0.58638 0.62386 0.47767
0.67056 0.63980 0.42215
0.57882 0.60268 0.31948
0.70142 0.79683 0.43833
0.46511 0.74994 0.57542
0.46344 0.68865 0.48132
0.60684 0.76428 0.58091
0.77241 0.87396 0.45700
0.55776 0.76109 0.60725
0.67390 0.79932 0.55800
0.64044 0.73997 0.48595
0.79045 0.73254 0.44490
0.69247 0.69725 0.33182
0.40991 0.74287 0.53370
0.58827 0.61375 0.53767
0.55753 0.72996 0.52078
0.58032 0.77748 0.53713
0.58503 0.72493 0.47734
0.69351 0.74713 0.32718
0.55245 0.66494 0.42469
0.51524 0.64264 0.64265
0.33515 0.50545 0.25373
0.53195 0.63976 0.54945
0.58844 0.76788 0.55007
0.66913 0.69296 0.39446
0.57612 0.73557 0.43382
0.71597 0.64631 0.42998
0.60756 0.54300 0.45507
0.69990 0.61079 0.43606
0.62101 0.56394 0.44426
0.65301 0.67347 0.43541
0.60537 0.58401 0.47834
0.61306 0.68890 0.38111
0.33645 0.63480 0.47456
0.33821 0.51619 0.26970
0.73169 0.67512 0.44450
0.57809 0.57952 0.41871
0.64056 0.73140 0.43162
0.47951 0.61767 0.32733
0.37426 0.73229 0.69080
0.68966 0.78425 0.45061
0.71210 0.75088 0.31985
0.56443 0.67241 0.44229
0.37927 0.62121 0.36267
0.63372 0.71964 0.39187
0.51076 0.66559 0.33690
0.75899 0.78193 0.39077
0.53167 0.53719 0.35773
0.74196 0.66330 0.39363
0.52361 0.64541 0.30095
0.69627 0.65603 0.36690
0.47314 0.56001 0.41843
0.41251 0.62367 0.39394
0.49000 0.75651 0.55992
0.73932 0.67932 0.38648
0.45086 0.69410 0.45934
0.76614 0.65242 0.39585
0.47927 0.82795 0.65222
0.65438 0.75985 0.34284
0.55139 0.62170 0.34472
0.69016 0.62253 0.40982
0.63255 0.73016 0.45561
0.62612 0.64221 0.50293
0.50871 0.68405 0.37826
0.67773 0.58216 0.46417
0.42385 0.67922 0.40962
0.66205 0.72005 0.37799
0.57601 0.62204 0.39201
0.59270 0.70758 0.39479
0.59797 0.66978 0.50130
0.58494 0.78509 0.56456
0.69452 0.68363 0.38201
0.72457 0.85223 0.41364
0.62347 0.78263 0.43164
0.70621 0.77362 0.32391
0.69191 0.69331 0.45119
0.56453 0.80468 0.54508
0.74495 0.81742 0.39648
0.44955 0.79431 0.65721
0.44724 0.67599 0.52878
0.68199 0.64265 0.44067
0.31281 0.53885 0.25225
0.60062 0.60202 0.47090
0.59853 0.56024 0.34279
0.71835 0.65804 0.32800
0.76302 0.71361 0.40888
0.54249 0.74642 0.41871
0.42134 0.73101 0.58689
0.59842 0.61185 0.45232
0.48959 0.59186 0.32283
0.53729 0.57240 0.32926
0.55796 0.69828 0.39033
0.47071 0.67298 0.41381
0.49475 0.69825 0.44885
0.50551 0.72187 0.48741
0.45423 0.69098 0.53785
0.50665 0.60268 0.34271
0.41876 0.65635 0.39762
0.55745 0.65850 0.28085
0.60432 0.79411 0.52143
0.68910 0.60053 0.37992
0.63562 0.75304 0.41810
0.54336 0.73232 0.57441
0.79020 0.68047 0.37302
0.60923 0.70980 0.39546
0.60843 0.69401 0.43530
0.72159 0.63206 0.47657
0.75274 0.84088 0.45949
0.65050 0.63556 0.32015
0.65807 0.69132 0.46733
0.63458 0.75246 0.47428
0.63059 0.61618 0.50812
0.69245 0.72112 0.50944
0.65493 0.73389 0.42217
0.61240 0.76075 0.43631
0.42999 0.69789 0.50866
0.72586 0.76887 0.45834
0.47288 0.69875 0.55510
0.38592 0.61779 0.39541
0.71326 0.69760 0.37098
0.76347 0.86886 0.43178
0.63239 0.71790 0.41138
0.45510 0.57447 0.42608
0.66144 0.59611 0.45986
0.52327 0.53270 0.34372
0.76468 0.80905 0.39943
0.59501 0.76582 0.45688
0.29675 0.47053 0.30916
0.44268 0.63697 0.44502
0.48154 0.74644 0.62759
0.71357 0.67489 0.45348
0.62907 0.73549 0.48116
0.48911 0.73728 0.52757
0.61644 0.59383 0.39507
0.72187 0.74154 0.37583
0.47872 0.71216 0.43545
0.72897 0.69064 0.49691
0.67723 0.75048 0.38841
0.50081 0.73041 0.54984
0.77103 0.76701 0.39434
0.48823 0.68502 0.52991
0.73694 0.73827 0.36140
0.73123 0.81558 0.40093
0.65166 0.69783 0.40970
0.43262 0.60123 0.40211
0.38816 0.71777 0.62774
0.50879 0.79868 0.59809
0.46594 0.63870 0.38824
0.69790 0.77463 0.43333
0.51093 0.69023 0.58135
0.59084 0.77497 0.45377
0.62819 0.56554 0.43090
0.50235 0.71508 0.57322
0.43632 0.80070 0.65374
0.67225 0.82441 0.46129
0.62411 0.65254 0.44971
0.68880 0.70569 0.38147
0.57480 0.75904 0.55419
0.32950 0.69570 0.56877
0.59079 0.69198 0.48816
0.51493 0.59879 0.35198
0.55212 0.75225 0.55066
0.67163 0.57561 0.43048
0.74569 0.64498 0.37571
0.46775 0.80371 0.64132
0.39885 0.54960 0.36306
0.43417 0.55621 0.29245
0.36358 0.60317 0.34103
0.72726 0.84539 0.45107
0.74518 0.65167 0.39233
0.69424 0.70264 0.37115
0.61490 0.68195 0.39366
0.71695 0.85397 0.53410
0.74566 0.65699 0.42862
0.54731 0.71041 0.42595
0.71560 0.78756 0.54722
0.40807 0.69555 0.58541
0.68068 0.67997 0.44389
0.68862 0.64347 0.43537
0.80433 0.68808 0.39677
0.77839 0.67322 0.43692
0.63184 0.63020 0.38185
0.64627 0.73800 0.44385
0.41746 0.74357 0.70199
0.51432 0.69265 0.37742
0.41996 0.66031 0.55160
0.46456 0.58529 0.33171
0.60364 0.60077 0.49901
0.47942 0.71664 0.53825
0.50508 0.69433 0.42123
0.59604 0.73266 0.52677
0.47556 0.71792 0.59333
0.50810 0.54782 0.55239
0.66528 0.74935 0.39784
0.54598 0.79837 0.49992
0.51209 0.56599 0.29752
0.57017 0.50928 0.41122
0.42834 0.56070 0.36941
0.45074 0.84917 0.68296
0.49566 0.65767 0.55570
0.46018 0.57241 0.59467
0.37925 0.75769 0.63720
0.70864 0.72548 0.51406
0.40573 0.56341 0.50990
0.76919 0.65490 0.40764
0.45860 0.82208 0.61590
0.57004 0.64663 0.39269
0.79451 0.92017 0.45985
0.84836 0.67931 0.39624
0.59426 0.78138 0.53204
0.57851 0.85034 0.63573
0.35142 0.65473 0.46032
0.38580 0.63269 0.45000
0.58736 0.77075 0.41867
0.65063 0.60000 0.35095
0.29382 0.75064 0.65906
0.41284 0.84043 0.68679
0.27716 0.64675 0.47627
0.57759 0.81944 0.53191
0.45523 0.60781 0.38371
0.62140 0.76532 0.54700
0.66840 0.71740 0.42736
0.73229 0.70642 0.30809
0.65459 0.63960 0.52054
0.57986 0.68985 0.36154
0.65510 0.70262 0.54480
0.49072 0.75166 0.59015
0.74178 0.66980 0.40821
0.72878 0.69635 0.34687
0.51754 0.65489 0.42938
0.79816 0.75028 0.44747
0.83802 0.73718 0.45024
0.62189 0.77130 0.55366
0.29843 0.67647 0.54333
0.79658 0.81434 0.47916
0.52844 0.57797 0.35954
0.44644 0.67744 0.53723
0.67949 0.73638 0.51052
0.46934 0.57333 0.46230
0.42065 0.72040 0.50337
0.59691 0.61080 0.35542
0.54585 0.78834 0.59725
0.46237 0.65875 0.44107
0.52502 0.59851 0.38666
0.49450 0.69124 0.60198
0.57884 0.58638 0.45030
0.33335 0.73794 0.64691
0.62133 0.78252 0.52628
0.47939 0.62191 0.43729
0.50070 0.83295 0.65765
0.67194 0.71117 0.41403
0.50262 0.57708 0.35516
0.63728 0.71907 0.49528
0.65974 0.63226 0.46123
0.65855 0.80238 0.58296
0.51412 0.71850 0.57322
0.54952 0.56959 0.49577
0.69975 0.62903 0.39958
0.70713 0.66102 0.35749
0.32997 0.81088 0.71758
0.25645 0.87744 0.87258
0.52360 0.70434 0.43556
0.43685 0.65795 0.40577
0.57639 0.65841 0.42548
0.54156 0.59541 0.36029
0.48817 0.66472 0.33463
0.62816 0.71531 0.38378
0.68449 0.71218 0.36717
0.61096 0.69677 0.41863
0.52392 0.71682 0.47961
0.58720 0.73634 0.40380
0.58556 0.57462 0.59154
0.40975 0.70250 0.57992
0.61956 0.70180 0.34861
0.59136 0.64819 0.50764
0.41824 0.65475 0.46154
0.55441 0.68384 0.47130
0.68934 0.79957 0.47435
0.58396 0.63229 0.41221
0.63088 0.73676 0.56944
0.77445 0.78391 0.41364
0.61471 0.74229 0.52634
0.42601 0.68087 0.55167
0.67874 0.72274 0.42600
0.58535 0.66596 0.44370
0.71273 0.64110 0.38410
0.63085 0.51184 0.44352
0.75476 0.68208 0.42893
0.42758 0.70148 0.55546
0.56309 0.70017 0.46771
0.75546 0.72230 0.32746
0.70988 0.76256 0.47146
0.63601 0.64671 0.39259
0.71925 0.68628 0.42763
0.64254 0.74894 0.50721
0.67407 0.74640 0.50735
0.55671 0.70267 0.63021
0.63633 0.80958 0.57091
0.33877 0.50091 0.25607
0.41146 0.61146 0.42708
0.54769 0.67132 0.42915
0.46306 0.78201 0.66218
0.29867 0.56921 0.33344
0.61824 0.65924 0.44309
0.52958 0.69406 0.44037
0.48775 0.76198 0.61456
0.54029 0.64521 0.42946
0.59546 0.65343 0.49086
0.40666 0.80542 0.67428
0.68100 0.60850 0.40264
0.47656 0.68479 0.41389
0.28936 0.52975 0.26178
0.45221 0.68596 0.43403
0.79584 0.68039 0.38233
0.48782 0.67156 0.45837
0.73592 0.66553 0.33792
0.69214 0.70138 0.52893
0.52032 0.85034 0.64135
0.57753 0.62512 0.39050
0.41245 0.77761 0.68272
0.26948 0.49629 0.23743
0.43954 0.67033 0.63539
0.55377 0.65601 0.42739
0.59797 0.65554 0.36822
0.74016 0.58801 0.45407
0.70033 0.85277 0.48406
0.59637 0.77883 0.46844
0.63906 0.76610 0.50489
0.72380 0.65670 0.36489
0.42334 0.70329 0.47615
0.72847 0.71948 0.39787
0.66269 0.69166 0.45387
0.44423 0.74023 0.51971
0.66623 0.65011 0.47437
0.60366 0.73072 0.60871
0.49831 0.72971 0.44357
0.65273 0.84030 0.56386
0.48952 0.83748 0.72308
0.67529 0.71497 0.42920
0.48501 0.60406 0.26070
0.64214 0.44851 0.50330
0.52343 0.74856 0.49374
0.61384 0.69438 0.41229
0.50687 0.56997 0.56839
0.50862 0.77594 0.65043
0.69026 0.67086 0.50641
0.65086 0.74500 0.44011
0.46268 0.79895 0.71018
0.76272 0.64610 0.41813
0.60669 0.70681 0.49720
0.50643 0.61079 0.33798
0.46665 0.73242 0.57217
0.67853 0.73338 0.43542
0.49589 0.65015 0.31238
0.52077 0.67400 0.38488
0.52052 0.63515 0.50381
0.70309 0.68256 0.45067
0.56076 0.61314 0.40371
0.67769 0.63282 0.32075
0.81726 0.81222 0.46565
0.59007 0.74392 0.52125
0.49546 0.80014 0.64086
0.57691 0.65636 0.29581
0.64807 0.61564 0.49533
0.44714 0.72638 0.48307
0.50993 0.68096 0.50185
0.75708 0.77473 0.41401
0.52550 0.73928 0.44049
0.45116 0.71120 0.58797
0.58295 0.65268 0.45405
0.65992 0.83069 0.50195
0.66285 0.67856 0.43068
0.65940 0.67998 0.49373
0.41658 0.70769 0.49006
0.66619 0.60518 0.42915
0.48807 0.79548 0.66709
0.68050 0.66747 0.43186
0.58847 0.75465 0.40995
0.78802 0.82841 0.43218
0.62062 0.75093 0.55721
0.74222 0.75036 0.47389
0.42451 0.68495 0.63181
0.56037 0.69781 0.51931
0.69978 0.85298 0.47625
0.74873 0.70336 0.32226
0.66221 0.71753 0.30780
0.34864 0.63139 0.46571
0.44674 0.66823 0.47181
0.66784 0.74826 0.45454
0.48713 0.62536 0.39867
0.75015 0.71180 0.49857
0.70534 0.72509 0.37283
0.54014 0.75399 0.48374
0.75247 0.75848 0.47786
0.75221 0.71959 0.38090
0.67101 0.62044 0.37513
0.59971 0.56013 0.36195
0.70988 0.67537 0.39025
0.67701 0.78967 0.53648
0.40670 0.64885 0.42254
0.47928 0.74072 0.67579
0.54021 0.66527 0.36867
0.55732 0.59505 0.39129
0.64537 0.71657 0.52534
0.49290 0.66733 0.48420
0.49490 0.58379 0.38901
0.78178 0.74981 0.44058
0.61949 0.56517 0.43563
0.69609 0.65746 0.38626
0.81007 0.68877 0.39620
0.68522 0.72047 0.40097
0.69483 0.65217 0.48250
0.53405 0.66277 0.38869
0.70417 0.74467 0.34026
0.44696 0.83391 0.65723
0.37072 0.80214 0.78494
0.56461 0.66919 0.43390
0.75153 0.80114 0.40575
0.61547 0.61896 0.43334
0.40976 0.64715 0.43497
0.69082 0.81783 0.47510
0.50271 0.69188 0.44434
0.64979 0.76438 0.55329
0.37542 0.73144 0.56162
0.59813 0.60740 0.45355
0.75381 0.77667 0.31964
0.60646 0.74330 0.55740
0.59011 0.65214 0.45076
0.61129 0.64266 0.44815
0.53052 0.57106 0.43249
0.78869 0.74141 0.44101
0.63200 0.56849 0.45420
0.46752 0.69484 0.45250
0.47600 0.77030 0.64502
0.48758 0.66851 0.36450
0.45516 0.62089 0.38710
0.64817 0.74663 0.49853
0.74702 0.72542 0.40121
0.42313 0.61352 0.44291
0.56386 0.76236 0.55979
0.48373 0.79852 0.60479
0.70690 0.60856 0.44893
0.35726 0.87119 0.81332
0.27324 0.57966 0.39352
0.63854 0.74302 0.47414
0.60017 0.85242 0.52288
0.48313 0.61055 0.66785
0.41835 0.71874 0.48089
0.46070 0.66502 0.38179
0.63558 0.74154 0.56653
0.68856 0.84409 0.48981
0.36315 0.71950 0.56227
0.67687 0.58550 0.42417
0.45612 0.66796 0.64285
0.44571 0.66567 0.45095
0.55991 0.69422 0.43884
0.57590 0.69813 0.42872
0.62791 0.59179 0.40416
0.59385 0.70802 0.42803
0.62455 0.79305 0.47610
0.73400 0.76061 0.39620
0.51945 0.69729 0.51911
0.59226 0.63622 0.51441
0.68441 0.78321 0.50104
0.55127 0.70319 0.60747
0.74958 0.76792 0.40371
0.53616 0.75268 0.48942
0.48570 0.69270 0.45990
0.47801 0.75987 0.54549
0.56571 0.60052 0.35501
0.58325 0.70253 0.55666
0.46521 0.77501 0.57461
0.68016 0.61840 0.46169
0.58217 0.65105 0.33040
0.67964 0.76869 0.45986
0.77998 0.67045 0.40633
0.73614 0.62569 0.43892
0.73400 0.67685 0.44574
0.31219 0.60242 0.37216
0.59875 0.68031 0.54257
0.55327 0.77027 0.53461
0.70126 0.64084 0.40679
0.56785 0.71041 0.53387
0.61437 0.83484 0.50215
0.67302 0.71119 0.39028
0.71657 0.69490 0.47074
0.68363 0.71299 0.45444
0.49696 0.64997 0.45046
0.60268 0.70173 0.42047
0.60480 0.80623 0.60392
0.60203 0.73735 0.42235
0.55042 0.67670 0.36222
0.46986 0.62667 0.61532
0.66150 0.70092 0.45057
0.30265 0.55931 0.42258
0.34041 0.68821 0.58192
0.51940 0.53539 0.38496
0.58307 0.63532 0.47937
0.54340 0.71790 0.44362
0.62106 0.59964 0.33166
0.55590 0.78778 0.54933
0.56816 0.71176 0.49688
0.55622 0.65249 0.41273
0.57327 0.71139 0.59733
0.55229 0.70355 0.55456
0.72487 0.81633 0.42605
0.61353 0.59413 0.38653
0.70609 0.81205 0.39779
0.60861 0.55549 0.53271
0.51095 0.68382 0.48445
0.50762 0.64923 0.53985
0.57988 0.76769 0.59900
0.40571 0.68790 0.50098
0.55112 0.77514 0.50025
0.41151 0.62559 0.35650
0.36934 0.59574 0.39374
0.50508 0.66017 0.41131
0.42620 0.71485 0.53272
0.60235 0.63282 0.48930
0.49756 0.68733 0.47620
0.42109 0.79249 0.60149
0.64503 0.78909 0.42533
0.67266 0.66165 0.32323
0.41237 0.58779 0.31200
0.43106 0.58147 0.33905
0.71468 0.67852 0.45595
0.67495 0.65793 0.45452
0.83665 0.75468 0.44414
0.53160 0.67282 0.35546
0.69813 0.68179 0.40125
0.64336 0.69989 0.40887
0.73212 0.65762 0.36177
0.74053 0.87911 0.50165
0.42989 0.56164 0.27801
0.57807 0.69054 0.34007
0.40718 0.63887 0.48359
0.77762 0.76777 0.49232
0.85630 0.67831 0.43031
0.64827 0.65802 0.40000
0.61196 0.54289 0.46293
0.52988 0.73135 0.54163
0.68919 0.73181 0.41081
0.57327 0.70443 0.55687
0.59191 0.64190 0.42113
0.65392 0.75298 0.47697
0.63638 0.86891 0.55175
0.56668 0.79749 0.58787
0.58879 0.70024 0.43151
0.65004 0.80841 0.55348
0.63701 0.57859 0.34904
0.47533 0.57078 0.32248
0.61028 0.63010 0.43740
0.65305 0.84793 0.48446
0.60712 0.72553 0.42305
0.52554 0.69225 0.42905
0.53471 0.75302 0.54570
0.60179 0.69317 0.57310
0.63779 0.76689 0.51450
0.60681 0.62957 0.41371
0.81703 0.72725 0.40425
0.31860 0.67343 0.48339
0.73473 0.88294 0.48837
0.56350 0.63722 0.45359
0.63802 0.75653 0.42293
0.53587 0.66466 0.40252
0.44902 0.61773 0.56741
0.60070 0.70848 0.50624
0.76015 0.79029 0.48562
0.52236 0.64331 0.57370
0.56675 0.59269 0.43215
0.67939 0.55783 0.46929
0.77011 0.70394 0.44583
0.62159 0.69540 0.53459
0.48185 0.60178 0.43376
0.55228 0.72866 0.53507
0.43295 0.72364 0.44250
0.53394 0.49656 0.42715
0.62605 0.77813 0.52062
0.63589 0.63671 0.36045
0.62308 0.74847 0.43558
0.67765 0.76898 0.39451
0.45440 0.48173 0.35802
0.81561 0.71932 0.40281
0.53022 0.51962 0.41719
0.42425 0.59481 0.38942
0.70288 0.65330 0.39765
0.55830 0.66948 0.49257
0.68189 0.82604 0.47711
0.55064 0.64488 0.32496
0.35931 0.78898 0.72003
0.68069 0.73319 0.46340
0.51972 0.60432 0.26965
0.81910 0.71541 0.46483
0.48533 0.69515 0.52166
0.58321 0.76264 0.52652
0.35667 0.59899 0.30978
