20 17 1000 13278 7042
0.08234 0.42592 0.70121
0.87297 0.89044 0.18099
0.64535 0.45400 0.18011
0.06483 0.97427 0.76303
0.33861 0.45101 0.23703
0.33885 0.07918 0.50065
0.63754 0.93439 0.24379
0.15193 0.97599 0.47946
0.51207 0.94863 0.15760
0.21700 0.37140 0.33331
0.02303 0.71198 0.71255
0.43505 0.02165 0.90226
0.60448 0.23739 0.09817
0.06793 0.62141 0.28458
0.05816 0.06906 0.27933
0.42109 0.90557 0.65399
0.59062 0.78104 0.46102
0.38371 0.69431 0.41766
0.41441 0.64644 0.31028
0.43363 0.62454 0.35903
0.40452 0.52418 0.42142
0.35605 0.46856 0.42176
0.37264 0.64096 0.39099
0.37519 0.44273 0.42286
0.45278 0.59672 0.33373
0.29949 0.56504 0.37960
0.25325 0.54228 0.42356
0.45737 0.59520 0.32834
0.36796 0.63455 0.49510
0.33083 0.62857 0.43829
0.38731 0.69604 0.46826
0.42120 0.71532 0.34424
0.32439 0.58943 0.43233
0.39633 0.65116 0.36924
0.35079 0.49795 0.29989
0.33699 0.60673 0.59092
0.26953 0.62639 0.38665
0.38474 0.72959 0.44018
0.32444 0.60460 0.39650
0.37656 0.55257 0.38372
0.29836 0.49413 0.38632
0.37158 0.46208 0.60961
0.46104 0.75899 0.43964
0.41108 0.62966 0.35265
0.33864 0.59221 0.49495
0.36144 0.52941 0.39130
0.28297 0.50875 0.40713
0.45104 0.54829 0.33179
0.30129 0.59767 0.49373
0.33505 0.45868 0.46899
0.31652 0.55842 0.41319
0.29456 0.61581 0.47125
0.22293 0.46691 0.46186
0.34686 0.54200 0.41648
0.45629 0.46628 0.43918
0.39105 0.61392 0.40632
0.28878 0.55650 0.44183
0.33708 0.58075 0.40727
0.34848 0.64011 0.39262
0.28136 0.75242 0.42636
0.46448 0.58899 0.38035
0.37493 0.51724 0.51092
0.32256 0.69045 0.44604
0.35997 0.61599 0.46569
0.45995 0.58746 0.38400
0.26530 0.55574 0.39946
0.32965 0.49178 0.44807
0.23297 0.71499 0.46552
0.38710 0.44533 0.44893
0.32292 0.49030 0.44542
0.26671 0.67360 0.42476
0.39627 0.56352 0.36550
0.38378 0.56433 0.35654
0.34995 0.60686 0.40679
0.44132 0.76021 0.41117
0.38319 0.60458 0.42856
0.31612 0.41596 0.47826
0.37015 0.57671 0.51676
0.42810 0.62078 0.38884
0.34692 0.67760 0.39405
0.30447 0.57738 0.52433
0.25416 0.66866 0.50845
0.28592 0.62747 0.40953
0.31583 0.70014 0.39141
0.28786 0.48100 0.51463
0.36874 0.64246 0.37950
0.38428 0.47192 0.42895
0.33811 0.43620 0.44240
0.27392 0.44241 0.45574
0.47013 0.56981 0.30143
0.36623 0.58865 0.42048
0.38064 0.66157 0.45337
0.42382 0.52393 0.39562
0.33376 0.63070 0.38903
0.38374 0.60045 0.37788
0.28434 0.62325 0.50404
0.30438 0.58682 0.43622
0.37624 0.65357 0.44475
0.37469 0.55029 0.37537
0.38959 0.58752 0.35676
0.39297 0.70313 0.38240
0.35640 0.65868 0.37092
0.37082 0.62787 0.49007
0.42236 0.46795 0.38871
0.31307 0.52256 0.49467
0.39981 0.56290 0.48362
0.42951 0.52807 0.36573
0.37651 0.58216 0.44517
0.41796 0.38621 0.49754
0.32871 0.55874 0.40416
0.41953 0.69120 0.41584
0.35524 0.56450 0.44149
0.31960 0.68848 0.38962
0.32153 0.48744 0.43990
0.40854 0.64493 0.38172
0.39383 0.68519 0.39104
0.36220 0.51418 0.41554
0.34247 0.61160 0.41431
0.48010 0.53733 0.33171
0.40231 0.59696 0.40869
0.38557 0.69124 0.34317
0.41285 0.43595 0.48671
0.30255 0.59766 0.47724
0.43722 0.56273 0.45066
0.35082 0.53473 0.36298
0.31146 0.51785 0.45019
0.31141 0.53033 0.37957
0.40270 0.60237 0.33116
0.32721 0.65864 0.49376
0.38586 0.68694 0.44137
0.45512 0.58359 0.40561
0.30388 0.45592 0.47097
0.31040 0.59309 0.40840
0.37350 0.64845 0.33297
0.38639 0.57390 0.38249
0.20848 0.63480 0.56450
0.33536 0.52798 0.42824
0.44671 0.53484 0.31211
0.41003 0.60770 0.38403
0.35238 0.61522 0.45502
0.31602 0.59064 0.40022
0.38785 0.57279 0.37224
0.32907 0.48365 0.40588
0.36817 0.52816 0.42506
0.36588 0.60122 0.37413
0.52081 0.58689 0.35550
0.43411 0.61830 0.38594
0.30940 0.57452 0.46079
0.30997 0.50752 0.43009
0.43310 0.58233 0.33391
0.44383 0.46911 0.48693
0.30563 0.72413 0.48162
0.41839 0.64774 0.34965
0.31584 0.57212 0.48601
0.42608 0.71035 0.39629
0.29941 0.57793 0.42366
0.35411 0.49312 0.43118
0.42633 0.57662 0.40521
0.38007 0.54812 0.46694
0.34774 0.66123 0.50353
0.31573 0.57065 0.43616
0.39185 0.63535 0.39135
0.37827 0.52238 0.34622
0.31930 0.51431 0.49995
0.41262 0.46034 0.30342
0.49215 0.67386 0.27866
0.42743 0.62783 0.42692
0.31662 0.63362 0.45504
0.29068 0.47289 0.39484
0.27926 0.58303 0.41115
0.36316 0.60774 0.41832
0.32956 0.55500 0.41849
0.34228 0.67818 0.34197
0.47992 0.65450 0.33545
0.34844 0.59972 0.35665
0.47951 0.56093 0.27913
0.40472 0.53833 0.43435
0.45453 0.61284 0.37024
0.31910 0.60002 0.49667
0.27272 0.56380 0.38813
0.33232 0.59492 0.41691
0.39320 0.58912 0.42333
0.42552 0.66239 0.39786
0.32272 0.56095 0.40872
0.25672 0.65180 0.51314
0.35933 0.64942 0.44551
0.36717 0.63338 0.41447
0.33095 0.37771 0.42079
0.27753 0.62501 0.47693
0.31963 0.58665 0.37499
0.32085 0.58346 0.37994
0.34172 0.53449 0.39615
0.28345 0.48704 0.53683
0.36539 0.63059 0.38740
0.31493 0.42142 0.32951
0.35594 0.48771 0.46779
0.42450 0.60121 0.42117
0.34608 0.56123 0.38047
0.35868 0.60997 0.41197
0.35839 0.72994 0.44720
0.39380 0.63267 0.43189
0.35631 0.58789 0.43113
0.32600 0.70241 0.43486
0.42441 0.56145 0.42185
0.29394 0.52072 0.57582
0.28876 0.58805 0.42291
0.25618 0.58940 0.41796
0.34592 0.60053 0.36443
0.31723 0.49676 0.41198
0.25395 0.53548 0.46341
0.37127 0.49030 0.42937
0.37068 0.52917 0.40230
0.32586 0.54168 0.54104
0.44539 0.59922 0.36761
0.44208 0.48221 0.35306
0.31168 0.56862 0.44484
0.39769 0.44480 0.33734
0.25071 0.43546 0.43152
0.31669 0.41473 0.38786
0.33126 0.65626 0.45876
0.39046 0.48764 0.44598
0.41604 0.57251 0.39775
0.37133 0.62111 0.50278
0.32215 0.60515 0.47628
0.38990 0.56340 0.43953
0.42976 0.68555 0.40479
0.43634 0.68715 0.30460
0.34143 0.53374 0.38214
0.30699 0.57073 0.51679
0.30335 0.50094 0.38711
0.35822 0.65272 0.45096
0.29914 0.50383 0.34567
0.32839 0.51279 0.45417
0.32782 0.55579 0.34716
0.36252 0.59755 0.40918
0.32736 0.38475 0.46587
0.35260 0.67738 0.45496
0.32194 0.53819 0.42907
0.35241 0.55188 0.39718
0.43674 0.59614 0.33466
0.49491 0.73358 0.34149
0.44724 0.48653 0.37627
0.45154 0.58794 0.42317
0.27889 0.69029 0.46234
0.32148 0.52140 0.48941
0.37114 0.63540 0.42861
0.32442 0.50736 0.45725
0.35814 0.53653 0.41297
0.39930 0.61050 0.39631
0.31314 0.46377 0.40781
0.27670 0.60032 0.43117
0.37100 0.52586 0.41852
0.34817 0.50242 0.37663
0.34958 0.54247 0.38568
0.33945 0.43721 0.32399
0.43571 0.72195 0.36493
0.34059 0.57949 0.49143
0.40766 0.54990 0.39576
0.28303 0.52422 0.36962
0.38309 0.59233 0.40561
0.38923 0.63967 0.40772
0.38596 0.61200 0.45142
0.34374 0.57595 0.41127
0.34617 0.44411 0.38218
0.30679 0.58390 0.41050
0.34987 0.61834 0.37479
0.40575 0.75496 0.40766
0.44263 0.63395 0.35966
0.31754 0.56156 0.41118
0.37289 0.51473 0.40812
0.35067 0.56389 0.54325
0.48841 0.59135 0.39321
0.35124 0.44017 0.41484
0.39696 0.49790 0.44429
0.34665 0.66224 0.47763
0.47851 0.71635 0.31904
0.38504 0.61670 0.34545
0.19377 0.67735 0.49792
0.35527 0.54279 0.39880
0.41125 0.63589 0.38474
0.35888 0.62238 0.35120
0.24465 0.53707 0.49636
0.27793 0.55383 0.43295
0.36462 0.40292 0.39447
0.35509 0.70095 0.41352
0.33990 0.67537 0.42038
0.32841 0.50325 0.48259
0.46674 0.52156 0.33899
0.39865 0.56670 0.48490
0.26829 0.61837 0.43016
0.31196 0.46127 0.51655
0.48517 0.60370 0.40893
0.34534 0.68891 0.43163
0.34490 0.54108 0.41556
0.31969 0.57346 0.38898
0.42801 0.59665 0.40292
0.30449 0.47985 0.35020
0.32717 0.61094 0.48716
0.32858 0.41448 0.53539
0.24477 0.58244 0.45152
0.34640 0.53251 0.42342
0.31400 0.49699 0.49736
0.32781 0.54329 0.43789
0.31108 0.52311 0.35266
0.31204 0.52408 0.39682
0.27931 0.53381 0.32584
0.37134 0.54836 0.48288
0.27886 0.49661 0.37324
0.35305 0.61720 0.42952
0.39733 0.69575 0.40983
0.38268 0.69148 0.46270
0.33748 0.47788 0.45513
0.39606 0.57222 0.52059
0.32303 0.67334 0.43757
0.41866 0.68510 0.37730
0.30838 0.48182 0.51442
0.43116 0.59728 0.37248
0.36257 0.61106 0.48133
0.37342 0.50962 0.42095
0.40141 0.58233 0.44540
0.31485 0.56549 0.45426
0.37951 0.63605 0.40789
0.32785 0.60948 0.45150
0.30242 0.65074 0.38025
0.35654 0.61897 0.40458
0.42311 0.64493 0.36566
0.26586 0.71573 0.45805
0.29866 0.53980 0.42869
0.31049 0.66184 0.45281
0.33805 0.55579 0.42777
0.32064 0.58412 0.39098
0.38989 0.62961 0.38296
0.32781 0.60888 0.41439
0.38904 0.65878 0.45236
0.31748 0.62773 0.44364
0.41494 0.49389 0.34152
0.33990 0.66534 0.48807
0.48272 0.57513 0.36571
0.42780 0.54531 0.42453
0.32260 0.61630 0.49740
0.38566 0.53100 0.34595
0.19971 0.54097 0.52097
0.24138 0.69405 0.51090
0.23208 0.53360 0.43374
0.32509 0.49517 0.49210
0.45384 0.52329 0.33825
0.31237 0.58998 0.40527
0.36046 0.58497 0.37466
0.44919 0.68613 0.34414
0.39265 0.47115 0.48332
0.39385 0.62444 0.39870
0.23260 0.81122 0.54891
0.46618 0.64766 0.36105
0.33547 0.55110 0.38474
0.35105 0.48066 0.35669
0.32154 0.67211 0.38894
0.40702 0.57379 0.37036
0.35661 0.60224 0.42144
0.41600 0.66113 0.39538
0.39435 0.49114 0.32876
0.29300 0.66108 0.45470
0.35280 0.61877 0.45066
0.27065 0.61790 0.43398
0.35965 0.40797 0.34687
0.42207 0.60803 0.40751
0.35658 0.53017 0.38079
0.47465 0.64281 0.38928
0.23913 0.59364 0.41736
0.32114 0.70379 0.37134
0.29012 0.54024 0.45122
0.45468 0.50116 0.37562
0.42109 0.54804 0.34011
0.38199 0.55036 0.44066
0.36626 0.44230 0.35997
0.36183 0.67004 0.42225
0.35170 0.45188 0.53086
0.31641 0.70344 0.52440
0.35380 0.56829 0.42907
0.36743 0.57978 0.44071
0.28568 0.50105 0.47960
0.35938 0.54577 0.35638
0.35620 0.61372 0.47646
0.31372 0.57131 0.50188
0.30908 0.45719 0.47288
0.40623 0.66247 0.37091
0.45525 0.64266 0.34440
0.30311 0.62714 0.37376
0.25962 0.59813 0.46101
0.27704 0.57435 0.37969
0.25880 0.60779 0.44621
0.32381 0.52774 0.34012
0.41238 0.61650 0.47599
0.40682 0.59163 0.40329
0.35461 0.59663 0.44531
0.37392 0.48554 0.39094
0.31592 0.46889 0.39893
0.26474 0.68440 0.46131
0.25542 0.55796 0.53944
0.33337 0.51593 0.39962
0.43397 0.69787 0.42459
0.24258 0.43146 0.45493
0.38459 0.56197 0.32442
0.40119 0.62764 0.39738
0.34172 0.68877 0.44954
0.33720 0.43597 0.44820
0.29446 0.64254 0.41980
0.36422 0.56121 0.33256
0.33968 0.43236 0.51221
0.50997 0.71209 0.36236
0.42968 0.54621 0.36515
0.41652 0.76457 0.39639
0.33391 0.52812 0.35338
0.25700 0.55492 0.43472
0.32991 0.58751 0.40588
0.34576 0.69390 0.43058
0.30271 0.48850 0.44734
0.36684 0.62202 0.39303
0.26401 0.70000 0.46756
0.40605 0.50367 0.44939
0.32028 0.67485 0.47580
0.35645 0.51093 0.42387
0.30578 0.60943 0.35247
0.31920 0.62996 0.42816
0.34641 0.54578 0.37227
0.37702 0.67338 0.45322
0.29162 0.60992 0.44931
0.51598 0.68065 0.34151
0.35697 0.58313 0.40852
0.58296 0.65819 0.27368
0.35351 0.67694 0.38761
0.31704 0.60218 0.40352
0.31053 0.60313 0.44851
0.31959 0.63941 0.51098
0.29468 0.53691 0.44165
0.24565 0.65516 0.42974
0.43044 0.39214 0.36770
0.38553 0.60481 0.37816
0.32677 0.63332 0.46011
0.40735 0.60312 0.53817
0.43327 0.77958 0.41845
0.30150 0.55625 0.48558
0.29909 0.56821 0.40486
0.37464 0.62936 0.46184
0.27465 0.53721 0.34813
0.35082 0.54289 0.42817
0.37855 0.54479 0.33709
0.25356 0.59051 0.48785
0.36978 0.53121 0.42944
0.36974 0.52638 0.39031
0.29107 0.58091 0.52170
0.42408 0.53276 0.42553
0.32708 0.51042 0.41639
0.35780 0.66399 0.37581
0.31431 0.54224 0.44986
0.26171 0.52760 0.35154
0.36414 0.64044 0.51257
0.31647 0.66411 0.51578
0.33748 0.69897 0.42709
0.35333 0.70546 0.45163
0.45828 0.68621 0.40514
0.46016 0.64160 0.44529
0.35478 0.62975 0.40713
0.41168 0.66629 0.37581
0.52648 0.67610 0.33217
0.45242 0.63915 0.32252
0.41083 0.66591 0.48915
0.34483 0.52450 0.37083
0.31511 0.49884 0.38951
0.46162 0.44110 0.44690
0.39238 0.58905 0.36595
0.29115 0.58199 0.41477
0.29552 0.49557 0.43398
0.33216 0.57327 0.46499
0.30859 0.62502 0.44649
0.31859 0.61850 0.46220
0.33490 0.68429 0.39633
0.38017 0.63090 0.42636
0.43628 0.54513 0.43414
0.33292 0.72111 0.50200
0.33985 0.44879 0.38614
0.27549 0.65384 0.43489
0.47026 0.49762 0.35714
0.39800 0.66287 0.46830
0.43892 0.56971 0.35508
0.38921 0.59035 0.34326
0.29894 0.51642 0.43761
0.37249 0.54716 0.36391
0.41479 0.53815 0.34604
0.31320 0.41076 0.43319
0.48750 0.65063 0.35362
0.23398 0.59250 0.40858
0.32014 0.56565 0.41801
0.43603 0.61032 0.45496
0.29189 0.58731 0.46754
0.27169 0.60321 0.40874
0.22232 0.56463 0.50593
0.22284 0.71864 0.52973
0.26108 0.74126 0.54583
0.25087 0.58232 0.40968
0.27674 0.64378 0.47215
0.30560 0.58563 0.45275
0.26756 0.56454 0.48099
0.29576 0.55139 0.45911
0.35498 0.59605 0.42929
0.32418 0.65954 0.46155
0.41937 0.57337 0.41153
0.25659 0.64038 0.46780
0.28510 0.57729 0.45075
0.35076 0.60565 0.42166
0.42635 0.71554 0.47695
0.35031 0.70606 0.40551
0.42022 0.67300 0.37338
0.45081 0.56451 0.41588
0.25644 0.42477 0.48625
0.26544 0.59359 0.47827
0.35532 0.62431 0.42928
0.32198 0.60032 0.40208
0.30137 0.67313 0.38827
0.34853 0.65199 0.39888
0.31327 0.47225 0.45350
0.25182 0.50534 0.41438
0.31620 0.52356 0.44720
0.36809 0.58912 0.53934
0.47744 0.68133 0.36640
0.33606 0.62566 0.46743
0.39877 0.64280 0.38255
0.37079 0.58592 0.41293
0.32200 0.56818 0.39972
0.32856 0.49121 0.43638
0.44716 0.48767 0.32176
0.20644 0.65422 0.40526
0.35080 0.58674 0.36556
0.37382 0.64186 0.44466
0.38872 0.64518 0.36002
0.31153 0.64305 0.43310
0.34414 0.55904 0.44016
0.35614 0.64592 0.37147
0.33397 0.46323 0.38333
0.32011 0.70462 0.42391
0.39541 0.54883 0.48303
0.22137 0.72525 0.52332
0.29079 0.63283 0.45262
0.34375 0.60748 0.36435
0.31177 0.62413 0.51830
0.28302 0.59819 0.41779
0.21697 0.56279 0.50675
0.30450 0.62666 0.47846
0.38983 0.60435 0.32170
0.30430 0.59715 0.37927
0.31723 0.51737 0.45993
0.45492 0.70411 0.37760
0.41014 0.58495 0.44896
0.44033 0.61416 0.38123
0.32658 0.54668 0.41268
0.39400 0.58250 0.43607
0.44198 0.76042 0.34071
0.32951 0.73303 0.46224
0.36647 0.50635 0.50571
0.37522 0.54943 0.43543
0.37934 0.61771 0.33165
0.33892 0.53850 0.40298
0.40719 0.71117 0.41430
0.43890 0.61496 0.44482
0.34513 0.59007 0.47337
0.34032 0.61955 0.49911
0.37779 0.58536 0.39361
0.42321 0.76381 0.38301
0.30899 0.57586 0.47886
0.30476 0.65479 0.48215
0.42396 0.79276 0.36772
0.35128 0.61774 0.43088
0.49575 0.59256 0.31795
0.25542 0.66224 0.43367
0.34279 0.62807 0.43041
0.28271 0.53502 0.42356
0.38721 0.54161 0.39172
0.31904 0.55492 0.42482
0.42411 0.65272 0.37228
0.35160 0.60295 0.40730
0.36774 0.51450 0.45145
0.39729 0.69097 0.36466
0.34960 0.66630 0.41207
0.26558 0.63368 0.41305
0.39084 0.45613 0.48237
0.39246 0.35086 0.46775
0.27720 0.58805 0.40979
0.41583 0.58542 0.34256
0.36786 0.51489 0.47756
0.36463 0.42240 0.49832
0.44595 0.68508 0.42193
0.42667 0.65112 0.38553
0.33792 0.51332 0.37727
0.40961 0.51844 0.34787
0.27451 0.52059 0.46784
0.25138 0.55514 0.33456
0.43234 0.65425 0.38621
0.24807 0.59354 0.55448
0.29056 0.62982 0.46153
0.24455 0.54652 0.38769
0.42156 0.54850 0.37794
0.41168 0.57224 0.37961
0.33575 0.61970 0.45823
0.37953 0.64402 0.42682
0.48014 0.56684 0.35305
0.33691 0.51568 0.38001
0.42312 0.64097 0.40520
0.33348 0.59203 0.40721
0.41476 0.51615 0.37845
0.27242 0.56224 0.52070
0.41474 0.59860 0.45003
0.23295 0.60686 0.44963
0.24472 0.67846 0.51352
0.49589 0.65164 0.38527
0.43792 0.66360 0.46274
0.43710 0.62560 0.35172
0.48587 0.61165 0.39185
0.23705 0.63561 0.59391
0.26365 0.59557 0.44208
0.32968 0.53389 0.48521
0.29598 0.42630 0.37373
0.38907 0.67874 0.43850
0.51590 0.63843 0.30246
0.31848 0.50952 0.48063
0.29959 0.51956 0.44609
0.41965 0.64447 0.31702
0.33181 0.58772 0.48152
0.30190 0.49213 0.36708
0.32492 0.46739 0.44996
0.45230 0.54285 0.47665
0.39994 0.62056 0.38884
0.44627 0.59739 0.34941
0.36761 0.71811 0.45557
0.44742 0.55623 0.26185
0.34415 0.49600 0.49373
0.34304 0.51335 0.32448
0.28200 0.64554 0.50979
0.34331 0.53469 0.40250
0.41484 0.63613 0.38225
0.27002 0.44896 0.44752
0.36641 0.54787 0.44889
0.42510 0.73058 0.37042
0.33612 0.60140 0.41599
0.30671 0.60391 0.48444
0.33165 0.60226 0.47797
0.30071 0.62231 0.44291
0.22715 0.70986 0.53199
0.44117 0.60934 0.31678
0.32648 0.61731 0.38539
0.40368 0.65359 0.45375
0.37303 0.66052 0.45758
0.37496 0.56675 0.38853
0.44236 0.66781 0.40847
0.38780 0.61967 0.42424
0.41262 0.48647 0.37119
0.38151 0.60225 0.48279
0.27538 0.47012 0.46682
0.36805 0.59282 0.45040
0.47728 0.60363 0.30755
0.32724 0.69087 0.47034
0.29178 0.45927 0.49157
0.44988 0.63527 0.36952
0.40501 0.55662 0.32292
0.48642 0.58660 0.30740
0.36994 0.59459 0.45013
0.41164 0.39457 0.46877
0.39040 0.53271 0.42354
0.38529 0.60484 0.36610
0.36754 0.59206 0.34026
0.28785 0.55800 0.40813
0.45966 0.79688 0.43965
0.31925 0.45094 0.49462
0.26988 0.63658 0.47916
0.36462 0.57612 0.43165
0.43014 0.59124 0.41138
0.34026 0.55098 0.48167
0.36611 0.56691 0.42103
0.29474 0.59991 0.42791
0.43429 0.51917 0.31785
0.52284 0.62522 0.32529
0.45400 0.69844 0.40803
0.36498 0.52664 0.39082
0.35446 0.50757 0.49936
0.25844 0.67023 0.51920
0.44659 0.54695 0.38018
0.44680 0.66019 0.34901
0.34777 0.59055 0.40562
0.30985 0.65552 0.46407
0.40500 0.63731 0.36086
0.44096 0.70251 0.38812
0.42924 0.53562 0.34510
0.36604 0.49547 0.47242
0.25827 0.58156 0.47808
0.32685 0.66896 0.37293
0.30736 0.66359 0.45150
0.43016 0.68682 0.38765
0.32905 0.47390 0.50666
0.25354 0.57831 0.44709
0.38604 0.60954 0.37072
0.38068 0.59485 0.36842
0.38880 0.49958 0.35206
0.31623 0.61362 0.50640
0.43174 0.57689 0.27821
0.41101 0.55848 0.47619
0.42800 0.59672 0.32280
0.29608 0.45227 0.44741
0.34603 0.44849 0.36868
0.31464 0.58671 0.41608
0.40341 0.65558 0.43031
0.32648 0.58243 0.39970
0.35483 0.44961 0.36343
0.46994 0.65124 0.42153
0.37333 0.60563 0.39255
0.37130 0.54787 0.42423
0.35532 0.56444 0.46428
0.22424 0.61659 0.49566
0.34614 0.78540 0.46147
0.44001 0.33019 0.40493
0.45134 0.55267 0.36131
0.33779 0.50354 0.41540
0.33591 0.47075 0.41237
0.36110 0.66896 0.38424
0.38269 0.60025 0.38882
0.34386 0.49823 0.37735
0.35765 0.67643 0.42020
0.40301 0.56876 0.37964
0.42822 0.55572 0.36770
0.38450 0.52331 0.39041
0.36140 0.73176 0.41057
0.25580 0.53905 0.40496
0.27355 0.68538 0.47914
0.48777 0.67887 0.37478
0.50834 0.59597 0.43110
0.42378 0.63707 0.31233
0.32419 0.57313 0.44011
0.25377 0.63311 0.58507
0.44347 0.64749 0.29146
0.35968 0.66467 0.49241
0.30001 0.66821 0.43137
0.41487 0.61882 0.33124
0.32063 0.60494 0.47433
0.40074 0.60452 0.36647
0.32353 0.57606 0.42609
0.42394 0.58460 0.40251
0.29485 0.69792 0.46002
0.38494 0.53001 0.41794
0.25696 0.46535 0.34600
0.32009 0.56942 0.46474
0.37737 0.55834 0.51370
0.34873 0.63027 0.43838
0.25518 0.58870 0.44932
0.34124 0.47272 0.37546
0.32486 0.58106 0.36538
0.35833 0.66346 0.44382
0.25641 0.65037 0.44837
0.35718 0.64775 0.43707
0.31695 0.59559 0.41566
0.34500 0.53203 0.44336
0.43334 0.57477 0.36401
0.49335 0.60471 0.34830
0.32664 0.54252 0.36536
0.35018 0.47738 0.29713
0.29582 0.50480 0.38809
0.34024 0.59723 0.39888
0.39069 0.46820 0.36115
0.38483 0.45932 0.40346
0.35159 0.63979 0.48709
0.28600 0.43521 0.43602
0.35735 0.49488 0.38757
0.34110 0.71869 0.42227
0.47446 0.46476 0.35663
0.30525 0.57085 0.42857
0.33083 0.59243 0.43492
0.27002 0.59454 0.50097
0.31380 0.64148 0.42944
0.26635 0.60183 0.42897
0.28760 0.54094 0.44708
0.30159 0.61425 0.46983
0.30944 0.61498 0.38547
0.39326 0.66475 0.47837
0.32837 0.56417 0.36567
0.34406 0.61106 0.46957
0.41536 0.74435 0.32596
0.26489 0.58022 0.41588
0.41651 0.51907 0.34107
0.38441 0.57434 0.42610
0.32233 0.42314 0.46283
0.29760 0.48730 0.37250
0.30793 0.48984 0.41859
0.35996 0.52520 0.36359
0.29050 0.59560 0.35768
0.38448 0.57932 0.43431
0.40055 0.71470 0.49419
0.41177 0.63904 0.36823
0.39502 0.55652 0.39872
0.39004 0.55608 0.40713
0.28700 0.62393 0.40084
0.45980 0.57528 0.31334
0.32980 0.59944 0.41917
0.35561 0.48017 0.35925
0.25136 0.63880 0.45908
0.26307 0.54823 0.42843
0.41967 0.52633 0.42415
0.29012 0.57055 0.43069
0.28645 0.54463 0.47039
0.36059 0.52379 0.34393
0.34496 0.65176 0.43153
0.45537 0.64056 0.38851
0.34517 0.53106 0.40952
0.36435 0.61309 0.31285
0.40189 0.45739 0.40311
0.32707 0.53209 0.41002
0.39669 0.54259 0.43796
0.37974 0.51236 0.34465
0.35287 0.57689 0.55767
0.29034 0.58669 0.41423
0.35667 0.48412 0.37519
0.38035 0.54023 0.37472
0.33140 0.53745 0.44966
0.41259 0.64280 0.42084
0.39828 0.49147 0.31222
0.35411 0.53926 0.50370
0.40881 0.71700 0.39349
0.39393 0.38829 0.56955
0.29018 0.43576 0.38258
0.40001 0.68854 0.40821
0.28038 0.46576 0.46063
0.35016 0.61904 0.38807
0.31696 0.56397 0.54445
0.36545 0.66332 0.46315
0.37292 0.59734 0.41911
0.41436 0.71774 0.32474
0.32563 0.62970 0.45806
0.33574 0.49801 0.48636
0.36858 0.57530 0.32927
0.36613 0.59046 0.40866
0.31925 0.66651 0.41748
0.27638 0.56762 0.46817
0.37673 0.57358 0.41048
0.34760 0.56659 0.37561
0.34281 0.45688 0.41471
0.32919 0.56938 0.34239
0.26756 0.61947 0.41623
0.36715 0.67638 0.35473
0.32583 0.52427 0.43705
0.29931 0.65071 0.47160
0.31335 0.60326 0.38120
0.39879 0.52571 0.46931
0.40979 0.51868 0.31599
0.45565 0.65239 0.39068
0.40526 0.59064 0.40832
0.32297 0.59478 0.39122
0.33136 0.60125 0.41121
0.42302 0.64020 0.34692
0.46264 0.47774 0.45394
0.30245 0.45196 0.30712
0.32556 0.66033 0.43425
0.35233 0.71231 0.44642
0.41300 0.55987 0.43858
0.34536 0.62150 0.41980
0.46828 0.60609 0.42858
0.30825 0.68953 0.53606
0.39497 0.50697 0.35921
0.37563 0.54500 0.36072
0.43308 0.67904 0.33782
0.28301 0.55575 0.50111
0.35514 0.60828 0.42887
0.25692 0.47709 0.43946
0.32516 0.53534 0.38380
0.37607 0.59160 0.46208
0.41911 0.62225 0.44603
0.40377 0.53007 0.33473
0.35795 0.51620 0.42463
0.29899 0.58337 0.47542
0.24606 0.65028 0.49052
0.39579 0.62712 0.39481
0.30292 0.59582 0.38563
0.31342 0.53670 0.39171
0.35395 0.55335 0.41226
0.32140 0.64306 0.52645
0.27798 0.48510 0.39019
0.33360 0.43266 0.39952
0.36997 0.64403 0.42183
0.35918 0.65346 0.46719
0.35562 0.53755 0.36696
0.41856 0.66569 0.38458
0.42814 0.64028 0.35722
0.36805 0.76045 0.47849
0.30824 0.53073 0.40474
0.45644 0.62840 0.42998
0.35016 0.55328 0.43398
0.30509 0.62707 0.44187
0.26888 0.54336 0.39687
0.33220 0.66111 0.45377
0.32193 0.54150 0.53556
0.44443 0.53439 0.34896
0.28627 0.62829 0.47982
0.35097 0.56032 0.38515
0.35224 0.61180 0.45304
0.50227 0.68524 0.31508
0.33389 0.49291 0.33958
0.35806 0.55036 0.45465
0.46885 0.64367 0.39772
0.43159 0.56967 0.40136
0.35777 0.63999 0.41024
0.45829 0.57123 0.41530
0.34227 0.43616 0.39031
0.33572 0.56615 0.43415
0.36745 0.61328 0.36518
0.29904 0.61891 0.42251
0.44486 0.58007 0.40107
0.35435 0.68771 0.46234
0.36599 0.56560 0.42519
0.41457 0.63301 0.36701
0.43292 0.49702 0.40227
0.33873 0.55973 0.44801
0.39192 0.48404 0.32597
0.33883 0.64290 0.37561
0.22835 0.45868 0.38884
0.31083 0.42734 0.44319
0.21468 0.61681 0.55274
0.37836 0.50101 0.40503
0.32864 0.55872 0.33333
0.40631 0.55137 0.44191
0.34933 0.44510 0.46832
0.27743 0.63262 0.48058
0.48540 0.50167 0.35456
0.32913 0.51444 0.46565
0.22545 0.66044 0.44173
0.41660 0.57741 0.43253
0.46864 0.55888 0.39413
0.42205 0.56952 0.38994
0.37146 0.48738 0.53527
0.40938 0.45689 0.41745
0.44924 0.59952 0.37979
0.34864 0.73532 0.45565
0.35700 0.61048 0.43481
0.35979 0.55187 0.33337
0.45944 0.60369 0.35286
0.38510 0.63088 0.36680
0.48000 0.63987 0.43564
0.34399 0.66785 0.43185
0.52823 0.68224 0.37155
0.33971 0.64732 0.49202
0.29072 0.55756 0.43625
0.39528 0.60356 0.33751
0.36414 0.55426 0.41138
0.31030 0.65989 0.39096
0.37083 0.65807 0.36669
0.55438 0.67503 0.28406
0.30291 0.56982 0.41942
0.27295 0.59394 0.43547
0.26066 0.53349 0.47731
0.33477 0.63642 0.39072
0.33486 0.51792 0.44873
0.37460 0.49838 0.31293
0.32651 0.57643 0.43775
0.48501 0.58285 0.34373
0.27799 0.49903 0.38648
0.31272 0.58219 0.42414
0.44652 0.60430 0.36155
0.38902 0.52415 0.39401
0.43258 0.69816 0.42346
0.29678 0.52050 0.45493
0.37008 0.54745 0.46995
0.25079 0.58696 0.45024
0.39863 0.50886 0.40064
0.41935 0.61088 0.33167
0.27992 0.57781 0.38365
0.45243 0.51832 0.47492
0.42907 0.54426 0.42835
0.35222 0.46314 0.39518
0.36761 0.71630 0.50157
0.32168 0.58561 0.45632
0.31199 0.56026 0.41135
0.36380 0.51083 0.49211
0.30300 0.65053 0.47136
0.37995 0.59885 0.39661
0.28103 0.62182 0.44077
0.31892 0.63627 0.45549
0.37111 0.59000 0.39917
0.40186 0.58128 0.37684
0.35590 0.55509 0.41588
0.37946 0.71522 0.52662
0.34086 0.55530 0.35274
0.29354 0.57137 0.41166
0.44994 0.73408 0.37546
0.32291 0.54172 0.36761
0.35955 0.59871 0.39133
0.40014 0.46841 0.30446
0.37647 0.65572 0.37434
0.33761 0.58111 0.46176
0.45062 0.63813 0.42046
0.24907 0.51132 0.51073
0.44556 0.65010 0.45013
0.41347 0.70784 0.31465
0.32108 0.46711 0.46232
0.46511 0.59972 0.33179
0.29154 0.61009 0.44611
0.41910 0.54317 0.48265
0.29541 0.65846 0.49115
0.34197 0.69642 0.53635
0.37609 0.55588 0.43846
0.29650 0.60273 0.42152
0.29013 0.63313 0.47833
0.25791 0.54810 0.49748
0.25182 0.50245 0.48427
0.44073 0.64034 0.39493
0.29526 0.61025 0.40611
0.33996 0.66063 0.50034
0.30866 0.51914 0.49510
0.48347 0.58870 0.44162
0.33538 0.63921 0.53238
0.33044 0.53005 0.45570
0.38725 0.51560 0.34623
0.29559 0.49717 0.40260
0.34626 0.43173 0.49657
0.32802 0.58462 0.45991
