20 13 1000 6333 1028
0.82596 0.26338 0.67654
0.18246 0.79119 0.16565
0.55242 0.08354 0.74875
0.50919 0.49411 0.60845
0.60753 0.86828 0.74001
0.11817 0.39751 0.97562
0.49761 0.88246 0.19253
0.00379 0.29022 0.10131
0.34696 0.83270 0.98317
0.04358 0.92884 0.92724
0.56540 0.73915 0.78838
0.97943 0.41750 0.96770
0.26674 0.08826 0.62549
0.51092 0.59278 0.71316
0.56391 0.28604 0.73673
0.49169 0.42470 0.70688
0.50064 0.46027 0.70679
0.40670 0.54354 0.54901
0.37559 0.55100 0.66228
0.26669 0.53984 0.76425
0.34112 0.62913 0.64532
0.45144 0.54254 0.69483
0.43516 0.48725 0.57152
0.44117 0.48765 0.62122
0.50422 0.60622 0.63204
0.47842 0.56700 0.52527
0.45628 0.61359 0.49476
0.40065 0.37857 0.73268
0.45225 0.59650 0.58804
0.40235 0.52177 0.63321
0.43863 0.52525 0.79486
0.52169 0.63222 0.79603
0.42432 0.58429 0.70668
0.36691 0.69210 0.69294
0.46170 0.50770 0.76238
0.42885 0.64667 0.68193
0.39364 0.39796 0.66189
0.24424 0.42238 0.63059
0.27831 0.43802 0.43570
0.48112 0.50202 0.68613
0.48055 0.65501 0.65802
0.60932 0.54490 0.75224
0.43160 0.48204 0.73581
0.50597 0.54435 0.72387
0.21517 0.51669 0.53482
0.45787 0.65717 0.67682
0.48774 0.47585 0.77693
0.41476 0.43641 0.71134
0.51606 0.59789 0.74924
0.47904 0.56493 0.72247
0.44866 0.62629 0.60432
0.38238 0.58067 0.51008
0.51345 0.45715 0.67843
0.43231 0.57136 0.75680
0.49252 0.59748 0.79844
0.38749 0.56435 0.72201
0.45757 0.57280 0.66055
0.41236 0.66896 0.65326
0.37840 0.50382 0.60970
0.39954 0.66485 0.73503
0.38623 0.54888 0.61978
0.37219 0.65960 0.63202
0.42409 0.48882 0.65326
0.36725 0.45152 0.68512
0.34307 0.66143 0.70369
0.41471 0.53796 0.63417
0.37202 0.65209 0.69574
0.37894 0.48340 0.71331
0.37801 0.65556 0.63813
0.44061 0.59838 0.57745
0.38268 0.46349 0.63172
0.43560 0.56246 0.78993
0.31650 0.65568 0.51661
0.42085 0.60381 0.66862
0.33327 0.62712 0.70238
0.48349 0.60187 0.78016
0.37567 0.68718 0.65707
0.26671 0.51359 0.55357
0.34294 0.42489 0.61099
0.52756 0.66255 0.67052
0.42359 0.49615 0.54612
0.48627 0.55853 0.60083
0.40750 0.67980 0.64563
0.52133 0.56105 0.79041
0.46579 0.57092 0.68188
0.38763 0.50463 0.62269
0.48089 0.67154 0.65884
0.41919 0.38816 0.60051
0.45518 0.28792 0.71485
0.44596 0.53402 0.65666
0.43745 0.57513 0.68244
0.37194 0.46227 0.71172
0.51142 0.52155 0.75410
0.24580 0.46863 0.37597
0.45270 0.46137 0.66924
0.45978 0.50304 0.62628
0.49159 0.57189 0.66493
0.34655 0.58107 0.70324
0.43225 0.59414 0.53577
0.34624 0.50928 0.58440
0.43617 0.57377 0.71025
0.39182 0.57995 0.64064
0.51428 0.58986 0.65567
0.34671 0.54844 0.62748
0.38519 0.61582 0.60011
0.42841 0.42408 0.71830
0.34746 0.57138 0.75449
0.46612 0.63543 0.60411
0.35275 0.57434 0.66366
0.42352 0.50010 0.66409
0.41873 0.49392 0.70987
0.39433 0.69267 0.72766
0.30338 0.62154 0.48109
0.44734 0.59331 0.64161
0.56704 0.31845 0.69576
0.45776 0.57317 0.57351
0.38213 0.55886 0.53561
0.51484 0.56685 0.57708
0.45147 0.65863 0.63856
0.38931 0.57951 0.62647
0.37426 0.56945 0.67046
0.44948 0.52836 0.66999
0.51293 0.44695 0.61365
0.38234 0.62925 0.62531
0.40098 0.46115 0.66085
0.42731 0.41260 0.68251
0.47709 0.53102 0.76139
0.47729 0.61768 0.76768
0.40918 0.41507 0.68421
0.36496 0.58182 0.75759
0.55244 0.48829 0.68593
0.45987 0.60374 0.70364
0.54233 0.58393 0.81918
0.43235 0.44741 0.63960
0.46771 0.56659 0.65270
0.45459 0.52744 0.63958
0.52718 0.59199 0.65461
0.43496 0.59263 0.57713
0.38043 0.62526 0.73867
0.44770 0.40192 0.70444
0.50089 0.68634 0.58107
0.35670 0.53326 0.65693
0.47059 0.59139 0.59737
0.58646 0.67780 0.64185
0.36861 0.68726 0.67250
0.41604 0.53632 0.71161
0.32963 0.46001 0.78287
0.38351 0.55966 0.68153
0.35471 0.54023 0.79469
0.42455 0.59016 0.70553
0.44131 0.54700 0.64049
0.39599 0.58968 0.69285
0.27881 0.47215 0.72478
0.43073 0.64117 0.81989
0.30611 0.45538 0.55420
0.35317 0.48529 0.68152
0.35090 0.66478 0.64599
0.57855 0.55755 0.70408
0.45751 0.52539 0.74375
0.47983 0.56501 0.76863
0.24856 0.61153 0.67084
0.37961 0.67436 0.74383
0.42793 0.49644 0.55759
0.42279 0.37727 0.55656
0.27511 0.60448 0.60064
0.35537 0.57796 0.79723
0.50427 0.49788 0.77153
0.40960 0.43540 0.68259
0.51747 0.47119 0.60879
0.40177 0.68271 0.50020
0.38517 0.52540 0.49199
0.42748 0.49372 0.71486
0.42522 0.63362 0.66878
0.60560 0.58600 0.70351
0.44301 0.63582 0.55373
0.39808 0.61483 0.55159
0.41218 0.56423 0.61390
0.35137 0.62456 0.54229
0.34541 0.51502 0.57433
0.44924 0.49442 0.54531
0.48207 0.62799 0.70434
0.46962 0.47883 0.63753
0.44239 0.43610 0.64372
0.40698 0.61671 0.62665
0.51449 0.55494 0.70430
0.33597 0.66552 0.62523
0.45897 0.68036 0.77210
0.52977 0.47065 0.62504
0.45547 0.61844 0.58805
0.36720 0.45092 0.65372
0.34838 0.66874 0.62294
0.35819 0.53884 0.78792
0.49826 0.52265 0.62491
0.37030 0.59384 0.71025
0.48951 0.52356 0.69001
0.55901 0.43793 0.72316
0.32398 0.57816 0.57829
0.47890 0.58775 0.75352
0.50574 0.51253 0.71027
0.39986 0.44455 0.65904
0.38404 0.62627 0.71856
0.43394 0.53910 0.65408
0.36254 0.55909 0.59193
0.47237 0.48056 0.63882
0.32956 0.52089 0.53074
0.40730 0.56056 0.67907
0.39421 0.63420 0.68031
0.45452 0.54575 0.73375
0.38449 0.60738 0.64847
0.47318 0.41358 0.69318
0.44965 0.60585 0.61063
0.50505 0.55097 0.67989
0.38566 0.64074 0.77826
0.33529 0.69309 0.83894
0.55729 0.47615 0.71328
0.44994 0.59365 0.64652
0.45691 0.61464 0.54638
0.25019 0.62405 0.75014
0.43771 0.66629 0.70847
0.46427 0.65977 0.69444
0.39983 0.56746 0.71396
0.27738 0.62576 0.44702
0.44616 0.37017 0.68668
0.38030 0.43365 0.58709
0.54465 0.53297 0.63305
0.43926 0.50974 0.60809
0.52379 0.63025 0.52480
0.47976 0.63459 0.48048
0.44722 0.58872 0.69846
0.36515 0.51307 0.62975
0.41349 0.58931 0.62909
0.43468 0.69994 0.60497
0.39593 0.55981 0.63067
0.31748 0.55542 0.42810
0.42808 0.59503 0.50569
0.38142 0.37434 0.59558
0.44826 0.48220 0.68515
0.41151 0.47479 0.64961
0.37995 0.45720 0.65198
0.40289 0.68250 0.53234
0.50448 0.64987 0.72164
0.46520 0.49252 0.61894
0.37833 0.53686 0.50315
0.42111 0.63490 0.61203
0.41751 0.47104 0.75773
0.38791 0.57935 0.72078
0.30481 0.39489 0.55782
0.50113 0.58385 0.64201
0.37121 0.59617 0.77441
0.45365 0.56710 0.66942
0.34263 0.51864 0.69867
0.35877 0.55961 0.60051
0.49161 0.61168 0.64567
0.43882 0.47008 0.63229
0.40862 0.64948 0.73444
0.43066 0.54868 0.65275
0.44894 0.62859 0.65708
0.44820 0.57624 0.52864
0.43500 0.54047 0.69079
0.21854 0.44252 0.46719
0.40688 0.61284 0.60153
0.46460 0.46871 0.73869
0.43905 0.46941 0.67973
0.44175 0.53436 0.72839
0.46166 0.57861 0.69519
0.39959 0.51704 0.63965
0.31849 0.40645 0.68379
0.37477 0.45443 0.58574
0.43846 0.56387 0.63075
0.35371 0.61431 0.73665
0.37785 0.55977 0.72921
0.44979 0.64843 0.73782
0.42553 0.63390 0.67662
0.49180 0.40237 0.76451
0.30605 0.59560 0.46479
0.39665 0.71182 0.51394
0.41502 0.68616 0.54278
0.48618 0.70562 0.57139
0.47824 0.57123 0.75010
0.42939 0.40724 0.61906
0.42539 0.43743 0.60345
0.25191 0.69724 0.71224
0.41331 0.52862 0.67785
0.43258 0.38940 0.67387
0.30953 0.54556 0.55592
0.43265 0.48574 0.58325
0.40549 0.53655 0.54488
0.36284 0.44790 0.52923
0.55285 0.47904 0.64567
0.41240 0.62954 0.77934
0.43186 0.58376 0.74764
0.30552 0.33645 0.72204
0.43642 0.45292 0.62709
0.43596 0.50282 0.72961
0.48123 0.59071 0.67322
0.37525 0.43485 0.59529
0.38002 0.59387 0.62719
0.38128 0.58218 0.72334
0.30921 0.49329 0.71427
0.54068 0.50452 0.73677
0.62204 0.40467 0.66894
0.32861 0.52168 0.62798
0.35825 0.41016 0.59170
0.35361 0.57233 0.66806
0.50043 0.63960 0.57261
0.34729 0.74946 0.62388
0.35941 0.54106 0.71002
0.44997 0.59675 0.49384
0.47665 0.51933 0.70495
0.40538 0.47348 0.78767
0.53123 0.56927 0.67176
0.46867 0.60801 0.65716
0.48860 0.57225 0.67488
0.37249 0.39425 0.66094
0.38993 0.54422 0.59603
0.41240 0.68945 0.57027
0.39415 0.50935 0.70689
0.40833 0.38790 0.61003
0.44371 0.63043 0.62196
0.32828 0.53082 0.52818
0.31787 0.53432 0.62425
0.45283 0.53294 0.72053
0.44837 0.33828 0.59800
0.34245 0.47508 0.60727
0.47995 0.45293 0.62581
0.46380 0.49662 0.57958
0.42094 0.59001 0.77552
0.38894 0.35232 0.60943
0.38380 0.38602 0.70177
0.46855 0.61187 0.59190
0.44110 0.56429 0.74199
0.54538 0.67846 0.70825
0.42084 0.48682 0.56497
0.44518 0.67872 0.74783
0.42715 0.69412 0.60190
0.41040 0.50384 0.65020
0.43257 0.41989 0.71125
0.32310 0.59348 0.60977
0.45026 0.48545 0.69048
0.35213 0.44769 0.41446
0.48604 0.55276 0.64458
0.49975 0.51261 0.76563
0.50147 0.55274 0.57326
0.19509 0.60386 0.53614
0.47448 0.49375 0.58056
0.40102 0.53719 0.62164
0.46585 0.52458 0.72287
0.35618 0.51969 0.62964
0.53497 0.58310 0.79917
0.34715 0.37651 0.54065
0.32996 0.67677 0.70066
0.45164 0.56236 0.74164
0.44042 0.57101 0.66010
0.43119 0.51521 0.58426
0.42977 0.59253 0.54318
0.39118 0.55569 0.59744
0.31884 0.69089 0.80407
0.37860 0.47485 0.56016
0.56409 0.52780 0.61058
0.37821 0.42935 0.72695
0.43700 0.50255 0.64722
0.51356 0.41752 0.68822
0.35600 0.57660 0.49560
0.41034 0.58470 0.72368
0.51382 0.46046 0.61716
0.59377 0.57962 0.79743
0.43111 0.44416 0.62982
0.32153 0.60670 0.73284
0.49804 0.47500 0.67504
0.53387 0.55113 0.64056
0.48525 0.53556 0.62716
0.36352 0.51723 0.76086
0.44747 0.56001 0.44704
0.44093 0.56448 0.63849
0.39233 0.49460 0.52431
0.42815 0.46071 0.71012
0.19938 0.56465 0.51026
0.30598 0.57200 0.76634
0.48009 0.49713 0.67236
0.44987 0.60383 0.56806
0.44375 0.61022 0.57188
0.35635 0.66818 0.83155
0.55536 0.47072 0.60293
0.44908 0.53845 0.67067
0.32266 0.38861 0.75263
0.45438 0.64720 0.59410
0.27636 0.45041 0.60559
0.45806 0.37887 0.67859
0.37783 0.68062 0.74168
0.38720 0.55404 0.62032
0.33372 0.39342 0.60406
0.42666 0.55022 0.62674
0.39939 0.61311 0.76936
0.43897 0.42723 0.74718
0.52983 0.56259 0.77492
0.39480 0.56814 0.63800
0.48429 0.51672 0.73164
0.49155 0.43295 0.69440
0.41289 0.59134 0.63273
0.43961 0.50364 0.62767
0.46777 0.53437 0.65785
0.33315 0.45584 0.58847
0.32966 0.62096 0.75533
0.38007 0.63315 0.71786
0.42467 0.56147 0.69353
0.30458 0.49250 0.55510
0.57644 0.60322 0.65426
0.27792 0.45074 0.54581
0.38142 0.55503 0.67200
0.46941 0.51349 0.65558
0.35360 0.65505 0.58828
0.44925 0.54346 0.62439
0.49309 0.39069 0.71910
0.40285 0.49635 0.71787
0.44574 0.59651 0.59272
0.40673 0.44067 0.65957
0.35841 0.65584 0.49429
0.37678 0.60339 0.56786
0.30244 0.48580 0.55024
0.43641 0.35220 0.64204
0.44021 0.49222 0.66326
0.33090 0.59484 0.48898
0.35238 0.56971 0.55405
0.40979 0.47673 0.66637
0.24582 0.57817 0.65604
0.41260 0.55295 0.58115
0.32612 0.60828 0.76782
0.49161 0.63000 0.68223
0.48478 0.41570 0.63221
0.49965 0.50621 0.61896
0.57991 0.53140 0.73470
0.40751 0.48743 0.60325
0.32837 0.63954 0.75669
0.45917 0.51628 0.81211
0.50408 0.50922 0.70589
0.41317 0.58359 0.70532
0.47245 0.60162 0.70208
0.41937 0.54717 0.63271
0.39127 0.53250 0.73072
0.30268 0.47803 0.57572
0.39713 0.67011 0.52882
0.49055 0.52669 0.63872
0.24086 0.60035 0.64171
0.42642 0.54572 0.60744
0.33314 0.65067 0.72657
0.31672 0.61446 0.73277
0.50545 0.57697 0.67511
0.37929 0.64374 0.57240
0.41915 0.65954 0.62663
0.45201 0.48940 0.65424
0.41976 0.51799 0.64559
0.42875 0.47536 0.61922
0.37051 0.56212 0.70269
0.46045 0.70814 0.59324
0.36955 0.62714 0.56451
0.45110 0.57428 0.75383
0.36456 0.61757 0.75415
0.42999 0.47554 0.71656
0.49211 0.37907 0.71591
0.42989 0.56538 0.59546
0.33778 0.60121 0.64672
0.52974 0.50171 0.79395
0.41759 0.63887 0.61795
0.44400 0.65465 0.71326
0.33748 0.60934 0.75368
0.54636 0.37621 0.74050
0.38221 0.35391 0.67889
0.39093 0.61318 0.66888
0.35992 0.55900 0.68923
0.37870 0.55393 0.68463
0.48681 0.54113 0.72321
0.40639 0.67022 0.51885
0.38388 0.49105 0.53086
0.35615 0.61557 0.67385
0.40704 0.55585 0.52276
0.45557 0.56196 0.66930
0.31193 0.65764 0.52156
0.35979 0.31779 0.57494
0.30875 0.48064 0.42557
0.40988 0.49360 0.70547
0.39674 0.41564 0.52427
0.47395 0.50111 0.79771
0.42257 0.56457 0.60295
0.35812 0.44521 0.71617
0.36845 0.69743 0.67293
0.32674 0.40600 0.57572
0.45143 0.46189 0.74058
0.37580 0.62487 0.73206
0.38468 0.64638 0.50081
0.43456 0.59918 0.55902
0.44700 0.61730 0.79913
0.48767 0.65113 0.63664
0.49766 0.48052 0.62875
0.36779 0.45629 0.57588
0.42813 0.68725 0.79882
0.58588 0.58162 0.80701
0.55680 0.50322 0.63280
0.51901 0.56169 0.69567
0.39778 0.47987 0.71685
0.36338 0.51275 0.76769
0.42429 0.64652 0.62505
0.40226 0.60959 0.68092
0.45163 0.54473 0.63838
0.38993 0.70618 0.72020
0.43508 0.50997 0.63942
0.32332 0.54196 0.79279
0.37160 0.58742 0.72102
0.45019 0.58476 0.82108
0.43553 0.56010 0.78587
0.39103 0.60350 0.66109
0.41957 0.54386 0.56166
0.35175 0.58892 0.60890
0.33735 0.50619 0.68479
0.52006 0.52554 0.74168
0.38461 0.73389 0.65975
0.31187 0.58513 0.50573
0.31898 0.61291 0.65299
0.49990 0.51285 0.79455
0.38740 0.46064 0.66174
0.50199 0.44511 0.62908
0.41287 0.53452 0.64813
0.35326 0.78317 0.78223
0.56509 0.36562 0.66455
0.35615 0.34234 0.63118
0.31349 0.42337 0.49135
0.34722 0.40889 0.62496
0.52601 0.60345 0.70195
0.44053 0.61041 0.59060
0.45064 0.51807 0.68622
0.45291 0.43894 0.74446
0.41650 0.57512 0.75663
0.42701 0.55260 0.80061
0.56558 0.62385 0.52371
0.50180 0.57496 0.66574
0.25772 0.60358 0.56036
0.60067 0.53380 0.70543
0.38316 0.51334 0.75073
0.50590 0.55301 0.64969
0.27388 0.47188 0.48044
0.39283 0.54714 0.64819
0.39230 0.54790 0.52100
0.38656 0.50626 0.45118
0.43177 0.51938 0.62152
0.44685 0.59775 0.68410
0.40571 0.47898 0.53250
0.37785 0.52152 0.59311
0.30740 0.39755 0.57662
0.39709 0.72425 0.69918
0.51947 0.50827 0.65905
0.26951 0.48815 0.61723
0.37695 0.43170 0.64728
0.46322 0.56035 0.64024
0.39822 0.60479 0.64377
0.47666 0.62525 0.75998
0.40290 0.58041 0.69390
0.49443 0.66784 0.68261
0.42343 0.48861 0.70237
0.39765 0.46197 0.63589
0.39164 0.48897 0.61140
0.32574 0.58463 0.38737
0.43642 0.48177 0.67901
0.51414 0.35120 0.73990
0.40829 0.47713 0.63203
0.49729 0.52597 0.67055
0.53364 0.57870 0.77130
0.32654 0.44904 0.60177
0.51699 0.48471 0.69502
0.33344 0.65514 0.53454
0.48080 0.56767 0.60987
0.40955 0.56825 0.65266
0.44508 0.36312 0.76947
0.42052 0.71031 0.68292
0.52997 0.53819 0.66345
0.42424 0.43342 0.71264
0.41108 0.59380 0.73104
0.36754 0.63584 0.78437
0.39263 0.56215 0.60715
0.47333 0.51731 0.65251
0.48139 0.49542 0.65886
0.40720 0.61449 0.50931
0.44192 0.65562 0.61599
0.35508 0.62584 0.72681
0.32481 0.53147 0.73900
0.43420 0.48999 0.60416
0.34876 0.66951 0.59258
0.33604 0.47124 0.48690
0.46274 0.47766 0.56411
0.29344 0.58037 0.75175
0.53882 0.48794 0.64089
0.45906 0.58052 0.68625
0.37683 0.64279 0.72506
0.43492 0.70186 0.68569
0.34422 0.55553 0.50599
0.59903 0.55528 0.79721
0.41906 0.60945 0.52082
0.55694 0.50892 0.75755
0.43662 0.60356 0.63752
0.37205 0.47224 0.58678
0.37880 0.59468 0.65824
0.41640 0.59666 0.80604
0.45013 0.49837 0.65506
0.35194 0.63663 0.85147
0.44419 0.56763 0.56305
0.39832 0.61813 0.76165
0.34635 0.64717 0.70579
0.32532 0.58897 0.73971
0.37292 0.41804 0.71584
0.44489 0.50639 0.72419
0.32679 0.60448 0.59694
0.44409 0.55704 0.68879
0.37145 0.60027 0.67736
0.41773 0.50720 0.53921
0.42016 0.63451 0.55539
0.42165 0.54282 0.78724
0.41179 0.59351 0.75129
0.31213 0.51461 0.63596
0.41356 0.52060 0.60921
0.53460 0.71097 0.60307
0.37982 0.55665 0.77394
0.36571 0.59424 0.67403
0.39965 0.54777 0.62067
0.30969 0.54755 0.79933
0.41727 0.55733 0.54982
0.26951 0.56216 0.61789
0.44318 0.55033 0.57220
0.40465 0.56025 0.58829
0.52105 0.45338 0.69926
0.37293 0.51840 0.63287
0.45361 0.64265 0.76407
0.36743 0.57111 0.58167
0.51551 0.39964 0.58318
0.37728 0.51101 0.54563
0.41518 0.47320 0.56302
0.48993 0.60359 0.70997
0.26069 0.57298 0.55091
0.45395 0.59720 0.58716
0.48046 0.42154 0.72658
0.58536 0.37884 0.69952
0.32412 0.53180 0.65856
0.40230 0.53863 0.59478
0.44920 0.53977 0.68099
0.38559 0.67740 0.72542
0.50481 0.48602 0.70895
0.35951 0.61238 0.84858
0.37208 0.58462 0.71181
0.49158 0.62817 0.71451
0.30607 0.71903 0.65936
0.46668 0.66404 0.61590
0.41613 0.47091 0.71628
0.41503 0.61915 0.57248
0.39526 0.56029 0.61802
0.66566 0.47851 0.78316
0.55004 0.46344 0.71415
0.35709 0.55269 0.64962
0.45873 0.50552 0.69432
0.46081 0.47422 0.63904
0.48336 0.58574 0.70310
0.43227 0.60092 0.63873
0.28170 0.61200 0.65070
0.47714 0.57141 0.71155
0.33385 0.67187 0.70863
0.56703 0.44921 0.67411
0.27228 0.64133 0.64296
0.41814 0.53881 0.50012
0.48669 0.62623 0.57404
0.37261 0.59456 0.58642
0.48221 0.55618 0.63786
0.59291 0.59836 0.76844
0.42016 0.66753 0.69515
0.44198 0.45756 0.58324
0.32117 0.54419 0.60858
0.41735 0.69462 0.56461
0.37025 0.56655 0.67563
0.37876 0.72718 0.52859
0.26639 0.64290 0.65791
0.34167 0.58920 0.80471
0.45234 0.38711 0.65399
0.41433 0.68072 0.64758
0.44620 0.57309 0.67290
0.55790 0.59902 0.66337
0.35407 0.57870 0.49412
0.45717 0.44399 0.66596
0.34590 0.52077 0.41279
0.48601 0.62932 0.58423
0.48337 0.53741 0.75859
0.35913 0.49124 0.61371
0.45607 0.45201 0.70424
0.50756 0.48954 0.70784
0.53971 0.55201 0.70426
0.34552 0.48690 0.65751
0.33558 0.56335 0.55895
0.54817 0.54878 0.57237
0.44617 0.56983 0.71891
0.39982 0.54303 0.61979
0.44842 0.51812 0.54559
0.38621 0.47698 0.72801
0.41617 0.62097 0.54321
0.57075 0.52377 0.72756
0.43250 0.53246 0.69118
0.44180 0.53771 0.73832
0.64963 0.57330 0.76675
0.34986 0.49703 0.59530
0.40214 0.52060 0.78992
0.50572 0.46762 0.67051
0.39832 0.52265 0.74576
0.34063 0.56722 0.70325
0.39948 0.45901 0.65602
0.35038 0.58549 0.70172
0.44694 0.53043 0.65165
0.38900 0.56467 0.68686
0.28673 0.60756 0.69203
0.39896 0.60958 0.64610
0.56550 0.52445 0.77195
0.45311 0.56593 0.78781
0.37576 0.49843 0.62865
0.47653 0.48065 0.62986
0.33826 0.41948 0.43482
0.44956 0.53150 0.78749
0.43811 0.55537 0.57144
0.41006 0.59363 0.73836
0.55357 0.52080 0.70215
0.46939 0.49816 0.69109
0.42003 0.64036 0.77566
0.37855 0.53202 0.58387
0.33429 0.51843 0.64050
0.50123 0.47153 0.61510
0.54877 0.51105 0.62766
0.29787 0.39768 0.51815
0.42841 0.60351 0.66811
0.55375 0.57618 0.63035
0.53528 0.50805 0.73463
0.49421 0.54681 0.75645
0.46769 0.50413 0.70350
0.42321 0.56416 0.73909
0.41899 0.58022 0.60492
0.27505 0.63988 0.82444
0.39419 0.39194 0.66246
0.43802 0.52954 0.65007
0.41314 0.64861 0.64341
0.45323 0.50984 0.66862
0.46764 0.57079 0.75618
0.43350 0.54888 0.58458
0.41197 0.54884 0.60029
0.45078 0.62159 0.71209
0.40200 0.47512 0.68141
0.38608 0.59647 0.61297
0.44402 0.54948 0.63312
0.38369 0.55431 0.60400
0.49028 0.65705 0.67024
0.55160 0.47433 0.67166
0.47274 0.53945 0.51172
0.64653 0.43645 0.64390
0.48829 0.62940 0.68881
0.49306 0.51984 0.67526
0.43151 0.55155 0.68077
0.42819 0.63978 0.53883
0.42411 0.49446 0.64990
0.26455 0.49225 0.61720
0.51766 0.66483 0.57526
0.40060 0.52188 0.70876
0.39852 0.57099 0.77960
0.31154 0.62295 0.55488
0.35458 0.52242 0.83701
0.41070 0.52656 0.54028
0.37515 0.56189 0.66416
0.47550 0.58032 0.66966
0.49046 0.61455 0.65402
0.51886 0.51608 0.67877
0.35454 0.55402 0.53889
0.52111 0.49566 0.71916
0.38450 0.50075 0.60100
0.43798 0.53715 0.57631
0.35575 0.54983 0.67527
0.31455 0.47544 0.66064
0.47991 0.50149 0.77754
0.43491 0.46424 0.68938
0.60504 0.60840 0.65414
0.35020 0.46982 0.66763
0.31774 0.54910 0.56161
0.46771 0.44347 0.65675
0.47659 0.58903 0.64380
0.49525 0.59698 0.77538
0.43805 0.60642 0.75793
0.44083 0.63376 0.63018
0.38427 0.63047 0.53402
0.59330 0.43970 0.65233
0.54295 0.47298 0.78953
0.43535 0.69684 0.72442
0.58723 0.45363 0.62341
0.30784 0.62166 0.58535
0.46038 0.54059 0.51632
0.47874 0.49757 0.69022
0.36046 0.47163 0.75581
0.40253 0.57154 0.67136
0.53039 0.52932 0.68215
0.51951 0.52394 0.67571
0.46072 0.55083 0.64488
0.45940 0.54775 0.55081
0.39054 0.63053 0.62045
0.42404 0.49112 0.73846
0.44145 0.55785 0.63402
0.47166 0.60476 0.69200
0.41025 0.57149 0.48019
0.47794 0.66206 0.61173
0.42890 0.61091 0.51024
0.52342 0.61670 0.63178
0.47504 0.50377 0.70345
0.50804 0.59003 0.79561
0.38320 0.46336 0.52190
0.38771 0.65430 0.74092
0.55372 0.71203 0.69372
0.65029 0.49514 0.77718
0.46712 0.50834 0.74295
0.42311 0.53854 0.72019
0.34373 0.49160 0.68909
0.22959 0.54050 0.42135
0.41748 0.50051 0.69887
0.42270 0.62353 0.62558
0.42026 0.48648 0.77776
0.43476 0.60773 0.62944
0.39328 0.50153 0.79856
0.36783 0.50649 0.61074
0.39084 0.55209 0.52038
0.50389 0.56787 0.63795
0.46406 0.59989 0.67480
0.37946 0.56588 0.65494
0.35280 0.42314 0.57666
0.30813 0.52366 0.56003
0.39140 0.48095 0.67509
0.42705 0.56553 0.64355
0.41061 0.48259 0.67131
0.53450 0.46409 0.71148
0.47198 0.36471 0.63027
0.45145 0.47998 0.75855
0.57050 0.53795 0.67403
0.44583 0.47629 0.63282
0.38376 0.55911 0.61498
0.39803 0.60267 0.55650
0.45632 0.51193 0.70414
0.53880 0.57370 0.65121
0.35603 0.55281 0.75557
0.49573 0.51199 0.63337
0.41437 0.54084 0.48293
0.42034 0.57682 0.59165
0.39377 0.68761 0.68260
0.42510 0.51710 0.77536
0.44305 0.57199 0.75772
0.35287 0.64175 0.81093
0.38667 0.56615 0.60115
0.51812 0.39130 0.70448
0.38685 0.50408 0.75905
0.46168 0.59688 0.63373
0.39123 0.62318 0.43499
0.34180 0.54911 0.56340
0.41227 0.44384 0.64954
0.43785 0.50260 0.79848
0.38711 0.45331 0.67276
0.57205 0.52872 0.70042
0.48278 0.54094 0.58226
0.46542 0.42017 0.63807
0.50943 0.46915 0.72028
0.55455 0.49610 0.71174
0.51630 0.56251 0.65207
0.55552 0.57055 0.71260
0.29449 0.61474 0.81867
0.43062 0.60883 0.62328
0.53486 0.45212 0.71646
0.20615 0.41379 0.38265
0.53517 0.54332 0.70855
0.35366 0.63441 0.47633
0.29021 0.48795 0.63050
0.54654 0.50838 0.56612
0.36635 0.60875 0.48816
0.42530 0.54859 0.61849
0.45050 0.38520 0.64944
0.40095 0.56096 0.59964
0.40625 0.67840 0.84723
0.38029 0.46485 0.76682
0.31430 0.64230 0.67470
0.34527 0.37363 0.49955
0.51289 0.39297 0.71762
0.33572 0.50240 0.44992
0.48137 0.66528 0.62858
0.46092 0.46413 0.69094
0.37368 0.54376 0.56586
0.35828 0.68188 0.73953
0.37317 0.50827 0.53480
0.36400 0.48173 0.73993
0.39124 0.53438 0.74642
0.25100 0.50155 0.67457
0.47193 0.51610 0.67325
0.43392 0.36639 0.68381
0.49628 0.57534 0.77482
0.42405 0.58306 0.61737
0.37371 0.62766 0.59462
0.37350 0.52762 0.55745
0.47764 0.54168 0.73631
0.37331 0.45846 0.65167
0.36119 0.60895 0.50239
0.33744 0.69878 0.76726
0.44025 0.41067 0.58365
0.44355 0.68594 0.63626
0.30356 0.45817 0.52392
0.42158 0.43241 0.72565
0.38002 0.45715 0.75505
0.36092 0.45314 0.58873
0.39808 0.44354 0.63751
0.37889 0.59460 0.62743
0.57973 0.47822 0.56595
0.50259 0.60312 0.60240
0.44431 0.56637 0.50016
0.55240 0.52184 0.74971
0.45204 0.56453 0.72498
0.44866 0.42215 0.58714
0.41564 0.54212 0.69910
0.50695 0.48795 0.77696
0.49340 0.62960 0.70896
0.38386 0.58732 0.51497
0.37136 0.57526 0.66743
0.46145 0.65829 0.67394
0.44674 0.58997 0.65778
0.53151 0.58396 0.67942
0.37735 0.56753 0.65446
0.42137 0.55173 0.53577
0.41846 0.49698 0.62507
0.40057 0.61891 0.46032
0.51676 0.56263 0.64196
0.38100 0.70214 0.64553
0.47103 0.60695 0.61684
0.45543 0.62370 0.74732
0.20543 0.42545 0.45381
0.43921 0.57616 0.69362
0.38230 0.47003 0.55328
0.49983 0.57883 0.63054
0.43088 0.41914 0.73049
0.55870 0.48834 0.68408
0.63151 0.49832 0.72656
0.45373 0.45159 0.62094
0.41148 0.52499 0.60640
0.40576 0.54404 0.63356
0.44547 0.61554 0.76301
0.42607 0.56448 0.67779
0.47803 0.52438 0.72601
0.48826 0.57334 0.70727
0.46265 0.49948 0.65063
0.32293 0.50497 0.65684
0.33683 0.49551 0.74978
0.56748 0.50710 0.75608
0.37369 0.65208 0.71384
0.42893 0.51920 0.56102
0.39206 0.74033 0.41407
0.36096 0.58902 0.41583
0.43794 0.55685 0.67598
0.63792 0.51201 0.71169
0.44468 0.50593 0.68308
0.33547 0.64248 0.59179
0.41291 0.59791 0.62476
0.29981 0.48666 0.58940
0.44876 0.45448 0.67805
0.50511 0.59396 0.63583
0.52095 0.61230 0.64147
0.36646 0.52737 0.54956
0.42505 0.50308 0.49900
0.45674 0.60894 0.60947
0.44028 0.63491 0.54497
0.33423 0.68449 0.75751
0.38341 0.48362 0.50838
0.36596 0.44818 0.67191
0.20521 0.60512 0.57738
0.38499 0.61080 0.51230
0.41227 0.57893 0.69761
0.42569 0.53652 0.74132
0.35062 0.62288 0.62346
0.36639 0.63760 0.55566
0.32391 0.64551 0.65078
0.45366 0.63033 0.70787
0.40567 0.57786 0.70533
0.50803 0.51576 0.61577
0.51832 0.55448 0.59251
0.43392 0.48652 0.71036
0.44271 0.65498 0.63091
0.39128 0.51843 0.61458
0.46551 0.45973 0.64677
0.59466 0.40812 0.74268
0.39702 0.59300 0.68098
0.30302 0.57935 0.60514
0.37111 0.40581 0.66493
0.41409 0.60784 0.71509
0.42722 0.55979 0.64686
0.37296 0.54286 0.68336
0.56443 0.59549 0.69460
0.45324 0.54251 0.62108
0.53536 0.60167 0.60498
0.43103 0.46433 0.55329
0.49778 0.54651 0.72611
0.50474 0.45717 0.67592
0.45817 0.62113 0.73246
0.38793 0.59681 0.73091
0.35343 0.60841 0.51283
0.33112 0.57995 0.63764
0.50203 0.57107 0.63782
0.44083 0.52563 0.77143
0.36761 0.58938 0.57067
0.40044 0.64959 0.61694
0.39254 0.65367 0.67710
0.32478 0.60119 0.72411
0.42709 0.48687 0.68582
0.45195 0.46648 0.75998
0.34901 0.60505 0.54469
0.49412 0.59384 0.71864
0.25857 0.62567 0.71136
0.44831 0.59596 0.65474
0.29149 0.55022 0.62613
