20 6 1000 9484 881
0.48242 0.99536 0.03626
0.95939 0.64543 0.55549
0.54943 0.69969 0.82289
0.42399 0.63226 0.10015
0.61888 0.08882 0.64021
0.66940 0.24968 0.74668
0.66346 0.51083 0.45318
0.53975 0.59806 0.34174
0.57288 0.49436 0.54864
0.68086 0.40556 0.60244
0.63673 0.36658 0.57434
0.58977 0.58399 0.56820
0.55254 0.63459 0.48340
0.60557 0.53334 0.72535
0.70355 0.69899 0.46458
0.56939 0.50414 0.50307
0.60854 0.38052 0.49362
0.56555 0.52936 0.47795
0.55218 0.79627 0.21538
0.50909 0.70028 0.22142
0.63839 0.56190 0.44333
0.57117 0.45169 0.42764
0.53620 0.72750 0.34668
0.62037 0.56967 0.54168
0.53989 0.63643 0.37484
0.70738 0.51590 0.52153
0.64531 0.52157 0.57468
0.57299 0.58124 0.57852
0.53431 0.64937 0.55922
0.84566 0.63370 0.47643
0.57322 0.51342 0.41165
0.53053 0.68786 0.30010
0.59293 0.46675 0.46956
0.62431 0.60263 0.38622
0.60150 0.44740 0.61990
0.51200 0.70806 0.24829
0.65121 0.56925 0.58637
0.68926 0.42946 0.52330
0.63439 0.54533 0.46114
0.52915 0.72413 0.30665
0.52046 0.74662 0.29974
0.72154 0.51136 0.56425
0.53924 0.64522 0.47736
0.68964 0.49836 0.48784
0.63385 0.69336 0.57638
0.62945 0.42732 0.57414
0.60767 0.53060 0.63080
0.60314 0.41151 0.73068
0.64055 0.32422 0.54542
0.63210 0.37687 0.68530
0.60403 0.30642 0.59859
0.56396 0.65114 0.33034
0.64198 0.47162 0.69107
0.73019 0.55219 0.62755
0.67924 0.59587 0.48817
0.63132 0.34885 0.56883
0.63208 0.55576 0.61909
0.63793 0.63151 0.52452
0.58953 0.65642 0.30888
0.58370 0.66185 0.37014
0.67483 0.43931 0.49838
0.64792 0.58233 0.38356
0.55018 0.62380 0.60587
0.66572 0.46577 0.47938
0.53710 0.54273 0.29288
0.67640 0.33952 0.65629
0.63412 0.34220 0.57631
0.61104 0.31909 0.55979
0.70978 0.61828 0.40008
0.63638 0.54373 0.49473
0.64316 0.70851 0.30655
0.62514 0.62379 0.65927
0.53060 0.88832 0.17297
0.72673 0.60673 0.47456
0.52057 0.74767 0.34469
0.55648 0.67081 0.53683
0.55888 0.41018 0.47458
0.51282 0.65791 0.30140
0.53768 0.72016 0.32379
0.58091 0.59204 0.64546
0.54065 0.71530 0.36810
0.59656 0.40953 0.62471
0.55823 0.60462 0.45845
0.54377 0.74734 0.27629
0.68539 0.55651 0.43521
0.66242 0.67539 0.60562
0.61186 0.31627 0.55853
0.56774 0.43448 0.59301
0.63038 0.59902 0.44415
0.59818 0.40621 0.58197
0.59853 0.63616 0.47748
0.60227 0.33880 0.52828
0.51732 0.68665 0.38260
0.54396 0.61051 0.30821
0.61913 0.68981 0.38443
0.67832 0.29996 0.69719
0.62007 0.71642 0.33587
0.54786 0.56389 0.37279
0.74838 0.43879 0.62148
0.56610 0.51290 0.55571
0.62264 0.49130 0.47686
0.57071 0.53362 0.58626
0.63215 0.64304 0.48847
0.60592 0.65603 0.34475
0.60096 0.37359 0.53977
0.66142 0.53839 0.59643
0.54063 0.35252 0.41664
0.65689 0.31840 0.67631
0.53037 0.71664 0.25965
0.61536 0.36814 0.55657
0.49780 0.64839 0.32389
0.61103 0.49433 0.53206
0.62153 0.41430 0.56731
0.55594 0.58007 0.30965
0.61920 0.70978 0.30865
0.60738 0.41908 0.58017
0.57573 0.63473 0.70588
0.55571 0.54526 0.43059
0.62335 0.45711 0.47992
0.58496 0.59752 0.55102
0.68298 0.57228 0.56045
0.66775 0.25400 0.59403
0.62123 0.52891 0.42315
0.61691 0.45293 0.65819
0.54407 0.62673 0.60628
0.63664 0.69317 0.33681
0.75354 0.55223 0.49099
0.85118 0.66474 0.51195
0.57372 0.55363 0.39883
0.54476 0.65330 0.36038
0.60502 0.61969 0.43897
0.57105 0.48736 0.56245
0.62340 0.37141 0.52863
0.64893 0.46830 0.51136
0.54076 0.69120 0.43065
0.65984 0.60809 0.47073
0.63426 0.50829 0.69904
0.60173 0.49085 0.61604
0.66642 0.31165 0.58146
0.54164 0.55915 0.40801
0.66131 0.57463 0.44713
0.74368 0.62927 0.45224
0.59920 0.44923 0.53597
0.69040 0.44020 0.62682
0.61801 0.47069 0.65534
0.52290 0.62762 0.29323
0.60944 0.35529 0.56182
0.62596 0.74686 0.42669
0.56811 0.39519 0.48163
0.73243 0.42439 0.63258
0.54628 0.63659 0.33479
0.50712 0.63044 0.22777
0.50878 0.58641 0.29294
0.60126 0.58353 0.36623
0.54184 0.65808 0.40738
0.56965 0.59129 0.59050
0.51696 0.55731 0.41257
0.63608 0.36540 0.49381
0.56116 0.59551 0.46810
0.65856 0.52203 0.55975
0.63017 0.46867 0.68767
0.69029 0.67456 0.59365
0.64967 0.67028 0.36670
0.78412 0.48012 0.59532
0.63311 0.61448 0.41698
0.53785 0.53976 0.51516
0.61364 0.69551 0.41218
0.60131 0.41427 0.47615
0.52243 0.83834 0.19962
0.69605 0.67237 0.48637
0.56832 0.69384 0.39087
0.68592 0.40098 0.59519
0.80387 0.59322 0.50465
0.63924 0.33749 0.66990
0.54189 0.60476 0.39869
0.60120 0.45371 0.59196
0.53810 0.67939 0.29802
0.64117 0.42037 0.50539
0.58531 0.48899 0.49835
0.58562 0.61886 0.48383
0.59988 0.46145 0.51901
0.61817 0.36147 0.62091
0.56134 0.64106 0.32281
0.58181 0.43530 0.60039
0.58599 0.54274 0.58531
0.56714 0.48311 0.53389
0.64615 0.69020 0.39704
0.51211 0.54695 0.36912
0.63420 0.55837 0.56953
0.63832 0.47207 0.52394
0.57920 0.69088 0.27106
0.65659 0.46074 0.53959
0.61395 0.55937 0.41890
0.56303 0.45830 0.48758
0.59060 0.62061 0.44378
0.61759 0.56335 0.63562
0.61508 0.67631 0.33721
0.77380 0.48850 0.59559
0.62852 0.39856 0.52673
0.55022 0.64065 0.30289
0.73392 0.67731 0.40978
0.61737 0.66514 0.37469
0.63901 0.67037 0.39155
0.63739 0.53895 0.61702
0.78632 0.64045 0.56584
0.53501 0.47331 0.45629
0.70929 0.55834 0.48309
0.53556 0.57882 0.44137
0.60173 0.36862 0.63418
0.58384 0.47488 0.41708
0.62807 0.42193 0.60512
0.55959 0.50096 0.40987
0.61451 0.46614 0.60451
0.59727 0.40459 0.51546
0.76894 0.56578 0.60919
0.53954 0.59988 0.32383
0.77058 0.54561 0.52469
0.67771 0.63822 0.55350
0.59722 0.52065 0.40467
0.61387 0.48651 0.59774
0.64569 0.63979 0.44311
0.60561 0.77070 0.49000
0.62426 0.19624 0.61494
0.67436 0.65953 0.43647
0.54842 0.64117 0.39323
0.61397 0.54616 0.39304
0.68050 0.53483 0.62031
0.64169 0.53814 0.46522
0.56217 0.59303 0.54169
0.65718 0.55715 0.61867
0.53391 0.65619 0.42467
0.68119 0.26234 0.60979
0.69607 0.46474 0.52357
0.66428 0.40203 0.53228
0.60172 0.71227 0.38293
0.64326 0.39807 0.53463
0.63114 0.49985 0.53005
0.67682 0.60330 0.41180
0.55738 0.59803 0.44125
0.57364 0.64965 0.68251
0.60558 0.53964 0.57531
0.54430 0.64217 0.39863
0.68458 0.56784 0.54401
0.67151 0.63362 0.50500
0.57528 0.40413 0.57991
0.59660 0.60713 0.37953
0.65226 0.58109 0.45678
0.63826 0.48481 0.67241
0.54545 0.72660 0.34285
0.59658 0.50794 0.53933
0.52962 0.58399 0.44626
0.57455 0.54082 0.58145
0.53960 0.66596 0.30513
0.62156 0.70333 0.42388
0.67184 0.39022 0.66675
0.67746 0.62103 0.45150
0.56472 0.59762 0.31736
0.63276 0.60858 0.52218
0.62497 0.76809 0.50514
0.63232 0.37726 0.59281
0.54743 0.72029 0.70623
0.72203 0.52719 0.46435
0.61466 0.66532 0.29857
0.58341 0.46706 0.46854
0.54941 0.55694 0.54326
0.74613 0.45692 0.62460
0.60628 0.58872 0.44513
0.66920 0.65655 0.42755
0.62270 0.61537 0.51259
0.66393 0.62637 0.45743
0.60924 0.63701 0.36864
0.59262 0.55647 0.43624
0.71149 0.58355 0.48556
0.50547 0.56428 0.31200
0.60511 0.78240 0.28959
0.52588 0.71215 0.26499
0.81095 0.63911 0.47598
0.52271 0.66783 0.38160
0.60773 0.45635 0.64902
0.67794 0.39699 0.68506
0.62637 0.37803 0.69866
0.56245 0.55537 0.45145
0.62866 0.27866 0.61746
0.69437 0.39287 0.53612
0.63506 0.59431 0.51467
0.68136 0.78184 0.36220
0.58230 0.54267 0.74132
0.64349 0.54626 0.40962
0.54992 0.71513 0.38923
0.63731 0.59670 0.43917
0.68265 0.35896 0.59254
0.59467 0.40971 0.48110
0.76441 0.63798 0.48833
0.56843 0.58400 0.66713
0.55991 0.70365 0.40158
0.52250 0.77271 0.35286
0.68964 0.38024 0.59909
0.54798 0.54196 0.43038
0.62225 0.52227 0.55762
0.62642 0.42137 0.53525
0.61487 0.36991 0.48955
0.58748 0.33593 0.55020
0.62405 0.53044 0.47562
0.56850 0.59706 0.51056
0.83580 0.65799 0.49944
0.74426 0.68995 0.41380
0.56949 0.57228 0.31050
0.64271 0.48831 0.52123
0.60914 0.36308 0.55422
0.53577 0.67295 0.28056
0.60414 0.59071 0.37466
0.56506 0.65656 0.40651
0.65967 0.63793 0.44554
0.55082 0.55918 0.47852
0.53941 0.79752 0.21503
0.57917 0.65007 0.52506
0.58645 0.68516 0.36314
0.53624 0.70625 0.28303
0.60477 0.44541 0.47562
0.62328 0.74767 0.27306
0.60028 0.33489 0.65802
0.68877 0.69824 0.37429
0.69411 0.71777 0.35825
0.67067 0.46722 0.47873
0.75222 0.51818 0.54990
0.53280 0.65734 0.27577
0.62822 0.55206 0.60668
0.62974 0.54120 0.47745
0.57745 0.48316 0.41292
0.65609 0.56401 0.60044
0.60156 0.58350 0.62429
0.62432 0.41701 0.50259
0.62057 0.54232 0.43245
0.63087 0.60602 0.49431
0.62750 0.32855 0.69866
0.57965 0.66496 0.39144
0.65674 0.36596 0.54594
0.62202 0.27562 0.59907
0.71548 0.59380 0.43904
0.69961 0.50984 0.52237
0.71405 0.60545 0.53709
0.62896 0.58183 0.57092
0.58866 0.52533 0.71974
0.60738 0.62817 0.49932
0.60703 0.63065 0.51194
0.59002 0.60839 0.52337
0.62227 0.49179 0.58041
0.75011 0.59887 0.47670
0.57473 0.44959 0.52842
0.52437 0.57718 0.33561
0.54448 0.49519 0.41255
0.59670 0.38920 0.47883
0.50433 0.61297 0.22421
0.75964 0.62117 0.57471
0.57812 0.43734 0.47291
0.63681 0.56254 0.52234
0.65598 0.45807 0.53844
0.62147 0.35227 0.61053
0.58789 0.59297 0.42465
0.76977 0.50876 0.61226
0.63316 0.31671 0.50826
0.63933 0.28337 0.62304
0.71043 0.51547 0.60355
0.56191 0.61747 0.37025
0.64508 0.40163 0.52592
0.61775 0.42577 0.66366
0.60492 0.40008 0.44902
0.68973 0.52233 0.54169
0.48012 0.76359 0.18292
0.57485 0.68021 0.41135
0.61194 0.45159 0.43924
0.56884 0.48400 0.54694
0.58385 0.59995 0.46249
0.62185 0.55292 0.48937
0.64183 0.35365 0.63995
0.65368 0.38776 0.54851
0.72365 0.68811 0.42012
0.54269 0.52763 0.37041
0.70450 0.61142 0.55829
0.63638 0.39192 0.61585
0.70239 0.58195 0.50368
0.62275 0.56881 0.48778
0.62320 0.59181 0.40969
0.55439 0.40675 0.43418
0.58077 0.62701 0.36849
0.59429 0.35546 0.51668
0.55712 0.69340 0.32014
0.61083 0.49480 0.51674
0.65116 0.59992 0.51171
0.51923 0.72517 0.33633
0.58006 0.58814 0.64472
0.57648 0.50287 0.38248
0.61237 0.50948 0.58160
0.56951 0.55531 0.60426
0.63253 0.58452 0.68589
0.56335 0.51192 0.52046
0.52652 0.67311 0.28097
0.59873 0.54837 0.47237
0.53438 0.50514 0.41658
0.61488 0.49224 0.49391
0.56383 0.60880 0.58467
0.72265 0.66092 0.40597
0.68513 0.47628 0.58938
0.56880 0.59221 0.55219
0.55463 0.58284 0.49464
0.63731 0.41289 0.52288
0.62014 0.36279 0.65460
0.61064 0.74731 0.25935
0.57122 0.72750 0.29722
0.55057 0.66217 0.30061
0.57936 0.56659 0.40925
0.70032 0.62625 0.65812
0.62540 0.41018 0.61272
0.51030 0.46433 0.34749
0.63573 0.62266 0.52833
0.59964 0.51308 0.42228
0.59497 0.48644 0.60713
0.76282 0.63161 0.49024
0.71368 0.55272 0.58225
0.63460 0.52259 0.46738
0.60688 0.58242 0.38243
0.66552 0.46967 0.46922
0.65269 0.50825 0.57229
0.74052 0.57545 0.60019
0.66460 0.48322 0.47986
0.71920 0.61915 0.45876
0.81851 0.54176 0.59856
0.57134 0.53947 0.43028
0.56650 0.71319 0.25112
0.64937 0.20308 0.69328
0.54776 0.57949 0.37970
0.69337 0.45494 0.60229
0.54203 0.80509 0.22733
0.65245 0.67978 0.31826
0.56558 0.51107 0.45854
0.71190 0.34971 0.64146
0.63592 0.39873 0.65955
0.48932 0.68991 0.20976
0.54047 0.55937 0.35617
0.67267 0.48851 0.53263
0.50963 0.62507 0.29698
0.59730 0.66724 0.42183
0.57484 0.53355 0.32266
0.65326 0.67433 0.38885
0.62494 0.35662 0.64716
0.66335 0.73599 0.29644
0.65090 0.57974 0.56536
0.59927 0.43338 0.55445
0.62153 0.59882 0.61691
0.59702 0.47809 0.47489
0.54898 0.76703 0.27779
0.51438 0.54745 0.47091
0.51877 0.72443 0.24933
0.56759 0.76596 0.39217
0.52163 0.75393 0.33603
0.62432 0.59362 0.57022
0.60705 0.46650 0.67407
0.60180 0.53289 0.66250
0.54019 0.65333 0.33403
0.66101 0.63119 0.40068
0.52103 0.67221 0.55606
0.53702 0.66866 0.34528
0.56652 0.47706 0.41258
0.64542 0.65417 0.42693
0.72087 0.59082 0.46715
0.52277 0.60567 0.30443
0.72092 0.48101 0.59580
0.57397 0.71529 0.30361
0.77858 0.60847 0.44366
0.60553 0.46761 0.60827
0.63156 0.59271 0.68999
0.53333 0.66701 0.60858
0.60621 0.40100 0.54270
0.73631 0.64180 0.47653
0.53993 0.68876 0.44221
0.51857 0.63984 0.34363
0.68677 0.42183 0.66733
0.63871 0.44094 0.63103
0.50387 0.56440 0.28699
0.78423 0.56042 0.55509
0.74549 0.43391 0.58196
0.65456 0.47481 0.57937
0.62046 0.63556 0.57228
0.55218 0.61362 0.43070
0.62316 0.60792 0.41791
0.62808 0.57416 0.47011
0.66816 0.66783 0.41632
0.56826 0.73272 0.56362
0.64077 0.67264 0.34903
0.69423 0.40928 0.57528
0.61962 0.43764 0.58334
0.67436 0.37750 0.52176
0.54030 0.65830 0.33777
0.59552 0.45766 0.53740
0.58041 0.73420 0.31406
0.58687 0.57593 0.65371
0.70380 0.64560 0.41119
0.57149 0.55135 0.39467
0.53529 0.67335 0.42846
0.60455 0.65790 0.39867
0.61592 0.45111 0.48075
0.63198 0.39587 0.57847
0.62687 0.17710 0.65145
0.61731 0.51219 0.48258
0.61990 0.48600 0.46380
0.63773 0.42363 0.58444
0.75480 0.60892 0.46702
0.61596 0.41418 0.71837
0.59636 0.36191 0.46423
0.56272 0.55425 0.49565
0.74344 0.51119 0.46422
0.59263 0.66065 0.49313
0.58316 0.55491 0.40322
0.54676 0.52567 0.44592
0.68498 0.53649 0.53988
0.55382 0.72749 0.39428
0.60041 0.57620 0.45271
0.66237 0.78383 0.32809
0.63166 0.43949 0.62713
0.60773 0.58432 0.41049
0.60040 0.53478 0.66079
0.54934 0.57964 0.36389
0.55787 0.54439 0.38031
0.59875 0.66345 0.52840
0.60185 0.40724 0.50015
0.54723 0.48903 0.35289
0.53783 0.67696 0.34757
0.75114 0.59490 0.49797
0.46815 0.76558 0.13112
0.60398 0.45588 0.56797
0.48865 0.80490 0.23228
0.57363 0.62715 0.40158
0.53381 0.75082 0.37704
0.66678 0.46959 0.58713
0.54073 0.81834 0.22642
0.68469 0.59096 0.47448
0.61725 0.65466 0.45820
0.61409 0.46347 0.72593
0.66792 0.35779 0.62808
0.69538 0.41663 0.64737
0.61264 0.58849 0.37400
0.57106 0.50127 0.52837
0.66662 0.40757 0.70661
0.63585 0.36798 0.51452
0.57155 0.75378 0.22783
0.55788 0.60184 0.31439
0.65151 0.31607 0.63899
0.60902 0.53474 0.72959
0.64167 0.35875 0.63357
0.53165 0.68489 0.53460
0.65137 0.62459 0.36248
0.69166 0.46577 0.60230
0.75272 0.55709 0.58184
0.69270 0.56366 0.57110
0.64493 0.24967 0.60426
0.55997 0.58536 0.34264
0.67238 0.49719 0.59007
0.58810 0.46123 0.47040
0.64822 0.44252 0.56908
0.54315 0.63008 0.53291
0.51399 0.52000 0.40456
0.56192 0.66163 0.36415
0.65277 0.72646 0.39448
0.54959 0.54948 0.43162
0.62912 0.57325 0.62451
0.57375 0.55332 0.39039
0.65823 0.63717 0.33698
0.71235 0.36000 0.66848
0.57362 0.59690 0.44060
0.51277 0.67444 0.24703
0.60553 0.61449 0.39560
0.62273 0.37115 0.66221
0.56233 0.53748 0.44699
0.63065 0.21058 0.67274
0.51604 0.53622 0.31046
0.77867 0.58936 0.50357
0.63957 0.57252 0.43092
0.53847 0.70967 0.23138
0.60050 0.52811 0.64290
0.57400 0.63253 0.37881
0.68498 0.74379 0.32300
0.61644 0.71624 0.39209
0.59855 0.68774 0.62797
0.65937 0.49232 0.61225
0.68712 0.46018 0.48452
0.59959 0.49638 0.66968
0.78135 0.72126 0.40130
0.70676 0.51322 0.54409
0.54695 0.69624 0.50854
0.60185 0.53167 0.50889
0.57697 0.69692 0.30015
0.56596 0.74802 0.27187
0.55239 0.61383 0.58112
0.71165 0.40296 0.63354
0.56283 0.56679 0.29658
0.58612 0.45209 0.59759
0.69130 0.43719 0.57430
0.59555 0.51830 0.39657
0.62347 0.55880 0.62515
0.70424 0.50526 0.58929
0.60545 0.42474 0.49884
0.63565 0.29472 0.59062
0.62997 0.59255 0.48584
0.65378 0.58384 0.50132
0.71837 0.48239 0.52667
0.57610 0.41123 0.50429
0.49902 0.68654 0.40710
0.64150 0.70277 0.31288
0.71360 0.66821 0.52096
0.52391 0.83225 0.18093
0.52083 0.54084 0.38367
0.69538 0.72327 0.35967
0.66996 0.58240 0.39318
0.61008 0.53102 0.52213
0.61329 0.59646 0.62549
0.60288 0.26821 0.53360
0.63652 0.58899 0.43384
0.68688 0.57430 0.56093
0.53773 0.61794 0.36346
0.66568 0.66029 0.52396
0.63467 0.32770 0.63774
0.53057 0.52097 0.45566
0.58699 0.46514 0.55718
0.73351 0.67317 0.47177
0.52020 0.48072 0.35230
0.65290 0.51889 0.54903
0.71295 0.76263 0.36271
0.61243 0.48910 0.57740
0.59724 0.63024 0.29936
0.57089 0.44869 0.41060
0.64232 0.41970 0.59481
0.61384 0.49145 0.66413
0.64920 0.52417 0.51555
0.57047 0.70358 0.40621
0.67734 0.62969 0.41358
0.69052 0.61260 0.41335
0.77944 0.68812 0.45498
0.62223 0.55776 0.68457
0.63131 0.39973 0.56625
0.68859 0.51175 0.45265
0.59072 0.31322 0.52800
0.59313 0.65384 0.44553
0.57614 0.68300 0.27898
0.61862 0.42993 0.70173
0.57342 0.40458 0.50313
0.57078 0.50585 0.55794
0.59013 0.39310 0.60390
0.59506 0.52474 0.50727
0.66698 0.51894 0.42553
0.59688 0.50388 0.48475
0.63718 0.39950 0.57461
0.49433 0.71961 0.20093
0.58872 0.30358 0.50914
0.68465 0.58244 0.43939
0.62650 0.26160 0.63709
0.67438 0.39899 0.62099
0.64375 0.36977 0.53876
0.56764 0.49391 0.51339
0.57299 0.52573 0.53937
0.57127 0.47117 0.55995
0.68293 0.47747 0.52565
0.63396 0.39833 0.70102
0.60011 0.37244 0.58355
0.61307 0.51823 0.45779
0.59689 0.51607 0.52371
0.51368 0.60645 0.47217
0.61146 0.60628 0.43847
0.64150 0.42183 0.50955
0.61656 0.55553 0.42085
0.59965 0.71689 0.35651
0.66639 0.49363 0.53635
0.65950 0.43900 0.49238
0.68762 0.53194 0.50983
0.64569 0.53116 0.55406
0.49764 0.52275 0.31564
0.57039 0.51579 0.47669
0.54208 0.48932 0.36367
0.55625 0.63554 0.32534
0.58561 0.63508 0.63746
0.60672 0.58914 0.42232
0.76599 0.44675 0.56027
0.68532 0.53666 0.48020
0.66232 0.50807 0.51969
0.62189 0.47245 0.54745
0.59503 0.78967 0.27879
0.58181 0.69756 0.42806
0.62307 0.40506 0.48146
0.53183 0.67084 0.37765
0.62192 0.50162 0.46613
0.64481 0.49885 0.44262
0.57977 0.53485 0.55977
0.58349 0.54571 0.54599
0.60313 0.58310 0.33109
0.53964 0.60357 0.41296
0.60782 0.57881 0.42925
0.65546 0.50679 0.51652
0.62641 0.45376 0.59781
0.65374 0.49540 0.54340
0.61081 0.56540 0.38675
0.60046 0.61932 0.72499
0.72888 0.37472 0.65473
0.59076 0.47851 0.58381
0.55820 0.65649 0.23002
0.61655 0.45908 0.55692
0.62330 0.68257 0.31867
0.53218 0.64423 0.40265
0.60565 0.40712 0.63872
0.60324 0.34054 0.60145
0.80381 0.53810 0.56145
0.52069 0.59923 0.26575
0.61762 0.54769 0.45126
0.63700 0.41929 0.55217
0.56777 0.49083 0.45020
0.59056 0.58249 0.52767
0.71055 0.52980 0.66464
0.59530 0.74527 0.33930
0.64212 0.51410 0.55930
0.61498 0.42787 0.61623
0.55317 0.76561 0.50764
0.70516 0.71506 0.36577
0.58461 0.58745 0.58214
0.59026 0.78102 0.24956
0.68033 0.73872 0.32500
0.63186 0.55457 0.43677
0.55425 0.68569 0.32727
0.54040 0.52630 0.50387
0.66324 0.44218 0.66960
0.59247 0.56458 0.47881
0.58991 0.49325 0.47300
0.67278 0.38997 0.65174
0.62563 0.47666 0.42129
0.58315 0.51437 0.35961
0.59349 0.41553 0.51640
0.69241 0.54602 0.57249
0.54006 0.53772 0.30416
0.54494 0.63696 0.33882
0.56295 0.47532 0.39031
0.53343 0.74958 0.36678
0.55158 0.56902 0.29275
0.61294 0.49718 0.43431
0.56227 0.51388 0.57257
0.60962 0.61918 0.45539
0.55743 0.66381 0.46333
0.60399 0.61698 0.57286
0.53380 0.63443 0.42957
0.75949 0.59103 0.46150
0.57863 0.48874 0.56426
0.51099 0.67416 0.33086
0.58185 0.56998 0.68744
0.75876 0.54743 0.54560
0.57429 0.62917 0.41499
0.58512 0.62292 0.46277
0.62267 0.44844 0.50863
0.71379 0.53014 0.51867
0.52831 0.58911 0.33611
0.63611 0.68292 0.39352
0.54340 0.54188 0.46541
0.63280 0.54232 0.49026
0.67014 0.35994 0.65795
0.63218 0.55046 0.54893
0.55011 0.63894 0.32110
0.58950 0.39760 0.65952
0.66348 0.62273 0.46578
0.69765 0.69937 0.51635
0.52670 0.68734 0.47024
0.69837 0.51391 0.62948
0.69898 0.52196 0.63087
0.59898 0.50030 0.67753
0.78074 0.53462 0.53944
0.57541 0.61918 0.34864
0.59780 0.40324 0.61473
0.76644 0.57832 0.50586
0.51739 0.65000 0.35473
0.62112 0.63357 0.42441
0.61729 0.40422 0.60662
0.59025 0.58727 0.67890
0.61763 0.48638 0.41765
0.49973 0.75369 0.38596
0.60518 0.41898 0.63668
0.68930 0.58767 0.55192
0.53317 0.60416 0.27520
0.62109 0.37323 0.53842
0.65156 0.55618 0.39704
0.67056 0.71543 0.55097
0.66656 0.70442 0.45599
0.66500 0.55581 0.55704
0.63866 0.47688 0.48637
0.55508 0.46043 0.44530
0.63757 0.39463 0.60729
0.61683 0.51265 0.54152
0.58834 0.58791 0.44310
0.54908 0.63643 0.29640
0.54760 0.63885 0.37846
0.62190 0.33941 0.59716
0.55844 0.47119 0.51526
0.57786 0.59694 0.40161
0.67916 0.70387 0.50385
0.62409 0.47251 0.68528
0.66159 0.53047 0.66310
0.59723 0.44126 0.54707
0.61703 0.63516 0.40505
0.55769 0.56147 0.60853
0.63028 0.62444 0.37897
0.59161 0.52697 0.62245
0.72447 0.63887 0.61000
0.54463 0.59645 0.42683
0.90093 0.64468 0.53425
0.58378 0.44434 0.50823
0.58679 0.44472 0.46575
0.65076 0.53950 0.42388
0.68306 0.43040 0.54354
0.55132 0.50142 0.60866
0.65408 0.57970 0.43285
0.68775 0.25125 0.63826
0.61700 0.36580 0.60133
0.67462 0.39733 0.60932
0.70315 0.61198 0.46569
0.71736 0.60108 0.50918
0.61797 0.60925 0.39079
0.69095 0.48647 0.59416
0.71938 0.66616 0.54628
0.53365 0.54248 0.45260
0.50139 0.70359 0.20797
0.48663 0.59482 0.24400
0.60829 0.62334 0.41291
0.61568 0.48262 0.44057
0.60272 0.56770 0.35216
0.55845 0.67527 0.31890
0.56027 0.61944 0.36885
0.54482 0.53526 0.38493
0.57821 0.44829 0.66872
0.49634 0.85475 0.21146
0.58563 0.69451 0.36301
0.72877 0.66124 0.47665
0.66107 0.49407 0.59314
0.61519 0.37144 0.52828
0.55931 0.58086 0.52502
0.58885 0.53298 0.52070
0.54804 0.52001 0.55833
0.55989 0.77400 0.29070
0.57308 0.29860 0.48675
0.48902 0.61161 0.35208
0.74165 0.42946 0.68833
0.49104 0.75420 0.19140
0.62297 0.50073 0.48586
0.55809 0.52752 0.44177
0.66655 0.47120 0.54546
0.70782 0.50826 0.54295
0.50511 0.56451 0.29285
0.53966 0.48129 0.38839
0.63183 0.50617 0.42808
0.64726 0.77640 0.27988
0.56044 0.61060 0.33895
0.52387 0.80835 0.16516
0.64353 0.28761 0.64726
0.62824 0.22213 0.65957
0.66154 0.31081 0.64062
0.63796 0.47352 0.42271
0.77286 0.60855 0.48049
0.60453 0.55483 0.59182
0.73310 0.49582 0.64533
0.70721 0.49286 0.61316
0.64010 0.39638 0.54113
0.57673 0.66430 0.36165
0.62746 0.49447 0.58486
0.58787 0.36607 0.55651
0.68656 0.60379 0.41548
0.64143 0.59423 0.53236
0.71375 0.61364 0.57327
0.63592 0.44034 0.55887
0.60535 0.42647 0.55168
0.69660 0.66223 0.41406
0.61708 0.52927 0.53534
0.58206 0.40089 0.44245
0.56654 0.46452 0.55976
0.71691 0.67887 0.40337
0.69394 0.58850 0.57827
0.51397 0.57854 0.30506
0.67678 0.62894 0.62193
0.60894 0.35961 0.53167
0.73139 0.65046 0.44881
0.59710 0.59383 0.54536
0.69256 0.33603 0.56850
0.58519 0.54885 0.59037
0.69800 0.68567 0.39581
0.58784 0.65998 0.53116
0.71524 0.64176 0.40299
0.76732 0.53144 0.52016
0.55747 0.64206 0.40515
0.61271 0.53443 0.36988
0.61503 0.53519 0.57116
0.53523 0.71634 0.28621
0.58642 0.69606 0.42462
0.66929 0.54298 0.58725
0.71389 0.73127 0.43807
0.59218 0.54791 0.42399
0.61560 0.61318 0.57976
0.59686 0.35244 0.52915
0.62516 0.41419 0.54496
0.61462 0.45721 0.50484
0.63300 0.60832 0.43976
0.59435 0.59615 0.41514
0.54048 0.55757 0.42866
0.63977 0.43112 0.71064
0.81873 0.55332 0.54139
0.57623 0.35053 0.44516
0.58439 0.60959 0.53941
0.69267 0.38209 0.63996
0.55262 0.62108 0.37092
0.60787 0.78094 0.30008
0.55560 0.56093 0.50200
0.52262 0.59783 0.29120
0.58287 0.63754 0.36830
0.62810 0.57620 0.40964
0.55035 0.54159 0.41425
0.62565 0.53362 0.51863
0.60184 0.53185 0.58540
0.69067 0.52664 0.54511
0.71817 0.51071 0.53010
0.70967 0.59172 0.49229
0.57506 0.32605 0.53437
0.56091 0.53701 0.45021
0.64127 0.57351 0.46187
0.55436 0.49287 0.48318
0.55697 0.57323 0.40582
0.60761 0.63591 0.41694
0.61902 0.43793 0.64612
0.68587 0.54491 0.46536
0.53968 0.66879 0.35688
0.67183 0.53361 0.44995
0.66249 0.60917 0.53410
0.49685 0.63646 0.24707
0.61402 0.31222 0.56444
0.57452 0.40840 0.48198
0.67916 0.57663 0.56339
0.75087 0.45991 0.61599
0.82590 0.64154 0.49392
0.61264 0.59441 0.42951
0.66443 0.49643 0.56070
0.59120 0.55859 0.45503
0.63834 0.45311 0.50335
0.54063 0.60063 0.35355
0.60329 0.43679 0.64321
0.71148 0.38838 0.57223
0.67415 0.44770 0.47633
0.56225 0.66640 0.63458
0.61201 0.59099 0.48132
0.66060 0.40988 0.61510
0.59629 0.65734 0.38289
0.51965 0.65827 0.24152
0.56463 0.66800 0.64067
0.68976 0.69087 0.44719
0.59313 0.63805 0.35773
0.55925 0.57432 0.43329
0.54653 0.55361 0.33998
0.58926 0.40461 0.48457
0.60884 0.42629 0.71548
0.54479 0.69986 0.23027
0.68519 0.48215 0.65180
0.64833 0.53781 0.39520
0.60516 0.66833 0.65341
0.57668 0.55340 0.48490
0.69135 0.48397 0.54427
0.62464 0.48896 0.49770
0.66142 0.64389 0.60800
0.61760 0.63130 0.42360
0.62317 0.42127 0.51976
0.61818 0.49942 0.64139
0.73365 0.44523 0.59402
0.56707 0.41493 0.45723
0.65698 0.36545 0.59520
0.51650 0.59204 0.32859
0.61597 0.32378 0.57332
0.58996 0.37631 0.57649
0.59086 0.64628 0.43594
0.77469 0.61191 0.60482
0.62280 0.32359 0.56784
0.58824 0.86261 0.19292
0.77622 0.58553 0.53952
0.52613 0.78341 0.31520
0.60418 0.48796 0.67185
0.60690 0.40770 0.47301
0.62084 0.38077 0.58855
0.77014 0.61402 0.49347
0.57274 0.50153 0.40381
0.65719 0.61727 0.40026
0.63830 0.43865 0.53339
0.65576 0.56558 0.47055
0.58705 0.48769 0.50282
0.57519 0.63431 0.69744
0.54384 0.76667 0.40442
0.57915 0.48250 0.50966
0.73420 0.52126 0.50228
0.55474 0.69438 0.41278
0.59410 0.54274 0.40651
0.55855 0.66950 0.47243
0.70013 0.47631 0.55226
0.55341 0.52842 0.36693
0.56329 0.63036 0.51769
0.51687 0.58134 0.48071
0.46578 0.60337 0.25773
0.56040 0.59796 0.44813
0.59697 0.52830 0.49334
0.69534 0.44443 0.68350
0.63299 0.59732 0.55691
0.62561 0.32385 0.57120
