20 17 1000 5121 2065
0.80014 0.11896 0.35153
0.53551 0.30354 0.50352
0.45642 0.75409 0.18130
0.50692 0.64842 0.26834
0.75756 0.65769 0.93828
0.55304 0.75821 0.27298
0.79880 0.26982 0.95879
0.95024 0.21455 0.60063
0.03472 0.98782 0.67501
0.99537 0.81442 0.37229
0.89645 0.07364 0.59731
0.16556 0.42076 0.42502
0.73757 0.22859 0.79508
0.18998 0.82011 0.98067
0.98243 0.02870 0.35629
0.16630 0.96315 0.62236
0.26371 0.66063 0.84100
0.57791 0.55341 0.66026
0.63770 0.49808 0.57121
0.63738 0.45995 0.52879
0.44223 0.62605 0.61830
0.52336 0.51000 0.59409
0.66884 0.40247 0.62270
0.59406 0.45110 0.58190
0.69917 0.43963 0.53586
0.60748 0.48629 0.52197
0.67914 0.56604 0.48128
0.52985 0.52825 0.71544
0.69393 0.39321 0.58514
0.53301 0.54622 0.55052
0.63115 0.46736 0.53437
0.49306 0.49990 0.55212
0.57787 0.47607 0.53788
0.70845 0.44059 0.57571
0.59069 0.52959 0.49940
0.55044 0.51531 0.68060
0.54282 0.50018 0.67738
0.51179 0.53002 0.61735
0.56911 0.49808 0.64908
0.55031 0.57923 0.62031
0.66186 0.38025 0.62553
0.47499 0.55102 0.67116
0.46833 0.62825 0.58977
0.48087 0.51801 0.62670
0.52356 0.56551 0.54401
0.62252 0.56358 0.48278
0.59237 0.48537 0.65626
0.51609 0.50874 0.53285
0.66989 0.40246 0.60186
0.57357 0.53769 0.63471
0.64782 0.49632 0.46524
0.56249 0.53429 0.61420
0.50519 0.52212 0.54148
0.54197 0.51306 0.61257
0.52672 0.70236 0.50126
0.70430 0.40190 0.52818
0.57747 0.48734 0.50205
0.49943 0.62277 0.55082
0.65683 0.41533 0.61038
0.58331 0.50389 0.53801
0.50890 0.61234 0.49855
0.66963 0.58611 0.53969
0.73391 0.34455 0.55972
0.64843 0.55174 0.51473
0.66148 0.50110 0.62687
0.47000 0.66232 0.50051
0.56799 0.54005 0.58487
0.52666 0.57335 0.55803
0.61410 0.44470 0.61620
0.54363 0.52319 0.58139
0.49438 0.54587 0.55763
0.60719 0.47079 0.59678
0.54622 0.43356 0.49165
0.66475 0.46749 0.54037
0.53191 0.49075 0.61199
0.52165 0.50867 0.59591
0.62208 0.43997 0.59081
0.66456 0.37778 0.61962
0.66051 0.45557 0.60693
0.61617 0.43319 0.59598
0.63954 0.49974 0.56606
0.73844 0.38184 0.56651
0.65516 0.51597 0.53865
0.59198 0.49712 0.55363
0.62936 0.41705 0.50044
0.58652 0.49670 0.66964
0.59419 0.54072 0.61005
0.55262 0.57372 0.60209
0.68934 0.54000 0.51140
0.52565 0.49826 0.62369
0.63366 0.45323 0.48543
0.54894 0.49117 0.58350
0.48138 0.67473 0.56233
0.59050 0.54925 0.55429
0.55788 0.51061 0.51813
0.49284 0.59857 0.69112
0.62463 0.42832 0.60381
0.50003 0.50087 0.61529
0.45610 0.56728 0.56616
0.59430 0.55292 0.52030
0.50797 0.54138 0.50299
0.62700 0.64169 0.52249
0.57056 0.55688 0.55422
0.55225 0.55085 0.57352
0.54941 0.45474 0.68908
0.63887 0.58302 0.50725
0.54204 0.54054 0.52885
0.65544 0.43709 0.49731
0.55019 0.50391 0.57905
0.58626 0.51890 0.64549
0.53351 0.68777 0.57061
0.51919 0.48185 0.62464
0.62287 0.56153 0.57188
0.55487 0.53476 0.53540
0.57758 0.48252 0.57205
0.65810 0.40359 0.63513
0.38261 0.63009 0.57888
0.53846 0.57296 0.62040
0.62140 0.44354 0.53060
0.69340 0.37532 0.64788
0.45688 0.58077 0.62588
0.56334 0.47107 0.51562
0.45607 0.63989 0.68972
0.62924 0.40293 0.56703
0.59024 0.47522 0.49627
0.44503 0.62110 0.70291
0.47876 0.57826 0.67052
0.55331 0.52453 0.51420
0.61648 0.51178 0.61937
0.50582 0.62209 0.60591
0.56885 0.45575 0.59712
0.64074 0.55557 0.54356
0.59096 0.51923 0.61221
0.55459 0.69151 0.50843
0.67062 0.38260 0.62043
0.63031 0.43548 0.52676
0.47195 0.66704 0.64246
0.67167 0.37482 0.59086
0.55948 0.52595 0.54530
0.47589 0.53257 0.63918
0.71233 0.34764 0.66349
0.46994 0.60793 0.54099
0.59116 0.51607 0.60179
0.63037 0.50118 0.55827
0.69284 0.62570 0.65496
0.49663 0.59821 0.57097
0.50656 0.54223 0.57602
0.43406 0.69158 0.60355
0.65187 0.38510 0.57810
0.60943 0.47587 0.53448
0.68162 0.40451 0.50211
0.54613 0.55622 0.58318
0.53005 0.49149 0.56496
0.56321 0.50268 0.53334
0.45382 0.63401 0.44674
0.55940 0.58946 0.62638
0.57289 0.45254 0.53287
0.58300 0.53671 0.48223
0.57851 0.55164 0.54370
0.53230 0.56839 0.57004
0.61191 0.51348 0.51678
0.63600 0.48140 0.55058
0.59307 0.51467 0.59749
0.60804 0.49928 0.54454
0.50691 0.57228 0.61079
0.60045 0.52786 0.65681
0.54355 0.52744 0.68112
0.57180 0.65602 0.53052
0.57939 0.53136 0.59776
0.68550 0.37865 0.61105
0.54322 0.48480 0.56480
0.63264 0.41856 0.56541
0.48135 0.63035 0.58812
0.62313 0.43710 0.50218
0.62221 0.53761 0.55027
0.64197 0.44754 0.62820
0.58509 0.44329 0.58235
0.47061 0.59459 0.68517
0.56697 0.48433 0.49996
0.59646 0.43637 0.62583
0.48865 0.59045 0.59809
0.59672 0.47577 0.59418
0.68806 0.40931 0.59076
0.57131 0.46617 0.60554
0.54223 0.50236 0.68621
0.57034 0.49025 0.69108
0.65220 0.54391 0.62118
0.67691 0.41008 0.53845
0.40845 0.57477 0.62129
0.52869 0.44039 0.55855
0.36007 0.67530 0.69144
0.63994 0.46957 0.59659
0.46332 0.58925 0.57059
0.52234 0.48771 0.59110
0.65000 0.53014 0.52854
0.34724 0.64346 0.58377
0.62266 0.40430 0.49813
0.50236 0.63568 0.55177
0.54226 0.50379 0.54978
0.56521 0.49489 0.66699
0.67971 0.53488 0.57637
0.47104 0.56013 0.47424
0.61815 0.53350 0.61998
0.56968 0.55266 0.52696
0.63431 0.37697 0.55392
0.60427 0.49361 0.62165
0.48735 0.64176 0.55928
0.52781 0.59779 0.52763
0.69548 0.49746 0.45689
0.52448 0.61797 0.56531
0.57283 0.42427 0.59749
0.66514 0.47144 0.53772
0.60291 0.44057 0.62869
0.55095 0.56229 0.66968
0.63552 0.38665 0.59961
0.58155 0.42856 0.57852
0.64251 0.41281 0.45171
0.55406 0.56002 0.55430
0.57315 0.44248 0.60770
0.59331 0.65628 0.51778
0.50409 0.52091 0.65080
0.62371 0.46186 0.54184
0.60768 0.49457 0.62260
0.60253 0.64104 0.58789
0.65769 0.41628 0.63744
0.73976 0.42875 0.59254
0.61353 0.41443 0.65966
0.65882 0.39215 0.50484
0.45207 0.63635 0.56159
0.56625 0.47627 0.62234
0.47229 0.57831 0.55997
0.69665 0.46524 0.61155
0.64370 0.59661 0.43629
0.53671 0.60797 0.60926
0.68981 0.37525 0.52788
0.59311 0.52164 0.60563
0.51849 0.54244 0.52521
0.68877 0.42071 0.55226
0.68356 0.48986 0.55098
0.49583 0.56649 0.54847
0.66188 0.46655 0.60333
0.45653 0.57988 0.62648
0.57183 0.47838 0.57191
0.56409 0.65020 0.56578
0.54948 0.46578 0.62775
0.56228 0.43913 0.57555
0.41933 0.59998 0.68574
0.59012 0.56181 0.57505
0.67039 0.55771 0.59637
0.46354 0.54965 0.47817
0.63213 0.47325 0.54323
0.68019 0.34640 0.57017
0.55143 0.50783 0.54979
0.71855 0.41316 0.50112
0.58726 0.43718 0.53579
0.52321 0.58396 0.66995
0.50778 0.49701 0.54569
0.43903 0.60641 0.55466
0.41919 0.55985 0.58010
0.56175 0.43612 0.57491
0.62505 0.44957 0.51129
0.56263 0.61961 0.52307
0.59957 0.48953 0.67725
0.52523 0.56771 0.52328
0.64601 0.48991 0.46387
0.64865 0.46518 0.62442
0.64706 0.39894 0.53670
0.48986 0.55779 0.61289
0.66580 0.51253 0.47587
0.42750 0.58985 0.61509
0.59860 0.50698 0.55176
0.69993 0.53663 0.56798
0.62191 0.55534 0.67264
0.72891 0.33229 0.58095
0.55869 0.54496 0.61771
0.59981 0.62241 0.50002
0.68724 0.45772 0.62669
0.62590 0.50740 0.60859
0.54150 0.57936 0.63751
0.55229 0.52578 0.56915
0.55151 0.51802 0.53980
0.53024 0.56846 0.53608
0.63026 0.48904 0.52198
0.55853 0.51927 0.59765
0.59101 0.48210 0.71994
0.65869 0.44536 0.55106
0.46455 0.63039 0.52125
0.64473 0.35063 0.60797
0.53460 0.57664 0.53245
0.65585 0.40209 0.59641
0.50641 0.62747 0.57112
0.50595 0.60274 0.61981
0.52213 0.58392 0.56011
0.58995 0.52655 0.54856
0.54999 0.54534 0.48556
0.58542 0.59572 0.51006
0.42361 0.62926 0.72102
0.62634 0.38747 0.48447
0.61499 0.62983 0.54104
0.58497 0.53720 0.61639
0.60509 0.53028 0.59490
0.65354 0.49040 0.54920
0.57520 0.49861 0.60091
0.57996 0.46287 0.56666
0.49427 0.55828 0.52479
0.50333 0.45595 0.62147
0.45624 0.56572 0.54046
0.51907 0.62517 0.55153
0.58405 0.51534 0.50684
0.47776 0.62339 0.51843
0.54602 0.54381 0.56005
0.58953 0.59593 0.46248
0.52275 0.52638 0.66529
0.49234 0.49637 0.53004
0.65639 0.48328 0.50778
0.56480 0.55210 0.56382
0.55238 0.55621 0.55494
0.49594 0.54756 0.65440
0.65641 0.57350 0.58688
0.64578 0.41361 0.51650
0.61310 0.49283 0.55109
0.54585 0.52249 0.56439
0.55130 0.52899 0.51173
0.60127 0.44318 0.49191
0.59826 0.51672 0.63315
0.51682 0.58024 0.58129
0.62571 0.46594 0.48458
0.58885 0.59576 0.54182
0.56184 0.42500 0.58934
0.68227 0.45762 0.48894
0.49980 0.52237 0.53498
0.53597 0.64581 0.50726
0.59422 0.49073 0.61029
0.56055 0.62194 0.58201
0.51661 0.49094 0.57958
0.61580 0.44726 0.57284
0.62439 0.47425 0.62030
0.68998 0.38387 0.42076
0.48731 0.50081 0.56223
0.61117 0.47479 0.56173
0.63848 0.48743 0.61838
0.53516 0.46402 0.53086
0.55811 0.56528 0.59512
0.53953 0.50431 0.53707
0.53690 0.54654 0.57340
0.62083 0.47603 0.53271
0.68813 0.38971 0.53207
0.58843 0.51430 0.52404
0.49271 0.71238 0.55775
0.66555 0.39453 0.57404
0.52405 0.57194 0.63690
0.60070 0.44009 0.68217
0.51131 0.54501 0.70658
0.57587 0.43850 0.56978
0.59312 0.53368 0.48055
0.69380 0.43170 0.60418
0.58280 0.52848 0.65683
0.59460 0.53761 0.65539
0.46801 0.54979 0.48800
0.56731 0.57004 0.61772
0.51750 0.55013 0.58475
0.54411 0.53659 0.65173
0.45384 0.51287 0.59098
0.54846 0.50889 0.57519
0.52620 0.52100 0.65601
0.64918 0.58517 0.48341
0.60089 0.49609 0.49118
0.51300 0.54676 0.67332
0.47160 0.61051 0.57006
0.65890 0.51502 0.51011
0.52432 0.55124 0.56087
0.46356 0.60632 0.63207
0.60505 0.55982 0.62681
0.57154 0.52848 0.66712
0.64068 0.46398 0.53956
0.61575 0.48064 0.54625
0.51369 0.53977 0.62913
0.50735 0.53864 0.49101
0.52178 0.61222 0.59346
0.49827 0.61986 0.59171
0.58169 0.54384 0.57148
0.73177 0.38205 0.49142
0.62050 0.57878 0.59044
0.58139 0.52354 0.57183
0.53457 0.59631 0.56904
0.51322 0.55403 0.49687
0.66877 0.63909 0.55306
0.62427 0.51587 0.64081
0.63036 0.46925 0.60842
0.65397 0.35239 0.48688
0.46542 0.61938 0.65037
0.57275 0.41459 0.50918
0.68095 0.44926 0.46001
0.62842 0.46909 0.52125
0.73147 0.40210 0.50628
0.65183 0.48583 0.70375
0.80439 0.43689 0.50917
0.45447 0.57829 0.58680
0.44634 0.60535 0.61318
0.54345 0.53325 0.61596
0.47254 0.67597 0.52682
0.50416 0.62545 0.54938
0.44510 0.54465 0.55726
0.56675 0.56696 0.58409
0.42128 0.61626 0.51030
0.49889 0.54799 0.65984
0.63198 0.56535 0.55647
0.67976 0.48705 0.51388
0.46807 0.56700 0.56577
0.63178 0.50204 0.59984
0.53714 0.60700 0.48008
0.47482 0.57741 0.55835
0.47891 0.56569 0.50315
0.56004 0.37814 0.56846
0.59704 0.44650 0.55325
0.52995 0.50713 0.58412
0.67626 0.40034 0.56359
0.54193 0.55394 0.56205
0.61560 0.60745 0.56173
0.59341 0.47523 0.56887
0.60788 0.49706 0.52088
0.69844 0.50542 0.53849
0.56071 0.58076 0.67471
0.55716 0.53344 0.61264
0.43361 0.61559 0.60534
0.59425 0.50776 0.56210
0.68383 0.45248 0.57377
0.61855 0.54063 0.56614
0.48009 0.58122 0.49151
0.63462 0.49415 0.57240
0.60154 0.44247 0.52089
0.65327 0.33315 0.60878
0.56619 0.52088 0.61391
0.66282 0.33615 0.56724
0.50928 0.60396 0.56623
0.55017 0.50703 0.49251
0.61090 0.58326 0.48689
0.54355 0.56856 0.54419
0.67022 0.61135 0.58253
0.56485 0.52778 0.64560
0.63260 0.37394 0.54991
0.59469 0.51014 0.52761
0.58264 0.49407 0.53176
0.43111 0.63297 0.52767
0.60585 0.46777 0.55036
0.60210 0.58165 0.49620
0.59140 0.53626 0.53003
0.50296 0.49454 0.68369
0.53582 0.57707 0.59757
0.56268 0.53878 0.47690
0.49869 0.65523 0.55743
0.57966 0.49669 0.59425
0.62329 0.45895 0.70879
0.58179 0.49538 0.50893
0.60776 0.50622 0.57659
0.57682 0.46811 0.56767
0.63726 0.43331 0.57063
0.56452 0.61122 0.51393
0.70337 0.42713 0.59112
0.56788 0.50846 0.58709
0.57912 0.46674 0.60117
0.64743 0.40144 0.56306
0.65268 0.39178 0.64256
0.56118 0.53364 0.49525
0.45344 0.60360 0.61458
0.58203 0.55133 0.62015
0.68314 0.45961 0.50451
0.56575 0.44324 0.64460
0.59311 0.47589 0.59807
0.50325 0.49796 0.62145
0.53123 0.51246 0.58908
0.52212 0.50713 0.54038
0.52992 0.51917 0.57885
0.54095 0.52071 0.56806
0.75458 0.43408 0.53532
0.68237 0.45744 0.62297
0.63501 0.56151 0.72353
0.63952 0.49137 0.65029
0.59848 0.45937 0.70683
0.58224 0.59296 0.48189
0.52932 0.48160 0.59428
0.53904 0.60391 0.57103
0.61648 0.45815 0.55498
0.58097 0.54665 0.61441
0.53685 0.59262 0.63166
0.53738 0.50885 0.63051
0.58081 0.55518 0.54986
0.43098 0.44207 0.50650
0.61950 0.55744 0.55249
0.62754 0.41330 0.61835
0.70550 0.51344 0.59997
0.50235 0.50648 0.47317
0.52458 0.51001 0.50047
0.65921 0.39032 0.57685
0.50090 0.56545 0.48915
0.55004 0.48536 0.52718
0.55467 0.42040 0.46633
0.65985 0.38194 0.53415
0.55262 0.53199 0.62408
0.61292 0.46799 0.53334
0.59066 0.49859 0.48575
0.61056 0.45641 0.55184
0.62452 0.60909 0.53091
0.68819 0.37211 0.57596
0.43756 0.58582 0.56767
0.54727 0.42230 0.58249
0.63784 0.55776 0.43496
0.62120 0.49758 0.50168
0.67161 0.38827 0.59805
0.59797 0.46465 0.54664
0.55252 0.49443 0.60862
0.55828 0.51274 0.58770
0.57960 0.56251 0.48876
0.62667 0.46551 0.53758
0.58994 0.50773 0.63944
0.51047 0.56627 0.55670
0.57845 0.54544 0.50531
0.62535 0.38024 0.58566
0.59479 0.48302 0.58141
0.61681 0.53770 0.56656
0.52668 0.51176 0.53928
0.64588 0.53576 0.58288
0.55866 0.58719 0.69079
0.51736 0.50808 0.58397
0.66871 0.49704 0.50696
0.60259 0.52214 0.59158
0.68641 0.48971 0.58017
0.57690 0.54973 0.51764
0.53019 0.52890 0.63172
0.55155 0.55040 0.52174
0.66276 0.53236 0.61870
0.63589 0.53469 0.46096
0.61392 0.43180 0.60795
0.73991 0.50162 0.58022
0.60083 0.47839 0.58387
0.60901 0.52186 0.62816
0.53099 0.50943 0.51977
0.44309 0.64073 0.58122
0.61804 0.50342 0.54722
0.61328 0.46543 0.44404
0.51548 0.52682 0.68641
0.54781 0.49383 0.48537
0.59765 0.52430 0.56683
0.56912 0.50787 0.58216
0.64701 0.50529 0.53935
0.69151 0.50176 0.53397
0.52050 0.55835 0.59972
0.58639 0.54556 0.55211
0.57986 0.45878 0.61490
0.53121 0.59808 0.49118
0.60766 0.46684 0.48529
0.55781 0.46679 0.60578
0.58303 0.40279 0.60928
0.53025 0.45674 0.48995
0.53098 0.54798 0.58758
0.72831 0.50837 0.63371
0.48228 0.54353 0.65720
0.61394 0.45297 0.54935
0.56083 0.47438 0.56627
0.43014 0.57573 0.66655
0.54160 0.57786 0.58964
0.51390 0.57686 0.51590
0.57353 0.57436 0.64604
0.59365 0.46162 0.53053
0.70842 0.36279 0.44173
0.61929 0.57698 0.58543
0.55359 0.54635 0.57035
0.61554 0.45028 0.66680
0.57246 0.55417 0.48607
0.50138 0.66397 0.66668
0.55773 0.50952 0.55311
0.54255 0.57324 0.50836
0.63823 0.40282 0.56504
0.59428 0.47545 0.56258
0.38038 0.60051 0.56317
0.59333 0.55598 0.59983
0.47320 0.49984 0.55442
0.70814 0.59630 0.47089
0.67770 0.57877 0.49685
0.45436 0.58308 0.52169
0.59269 0.41339 0.57457
0.47416 0.55472 0.62228
0.58678 0.50296 0.51902
0.54935 0.59763 0.57650
0.59101 0.53024 0.62017
0.64298 0.42197 0.60346
0.60507 0.36823 0.55809
0.61377 0.42063 0.56027
0.53110 0.48164 0.68034
0.60274 0.46852 0.62692
0.62057 0.33721 0.51708
0.63294 0.46240 0.60023
0.62393 0.52274 0.62645
0.65543 0.51604 0.60202
0.60243 0.58369 0.47970
0.55028 0.54668 0.66830
0.59937 0.49286 0.52903
0.68478 0.43546 0.65471
0.46812 0.66947 0.55175
0.46954 0.60830 0.52734
0.49975 0.54223 0.60964
0.49605 0.53731 0.58461
0.57462 0.59252 0.54553
0.64303 0.45726 0.53588
0.59978 0.61652 0.53869
0.59794 0.43130 0.55186
0.64250 0.46101 0.57214
0.49135 0.60701 0.62768
0.63454 0.42690 0.61754
0.59217 0.49214 0.58980
0.46894 0.60747 0.58891
0.65973 0.47433 0.55847
0.59491 0.47100 0.41856
0.60119 0.43825 0.56766
0.54168 0.45637 0.60627
0.53094 0.56005 0.55046
0.61183 0.61924 0.65744
0.54621 0.52506 0.62996
0.56522 0.53047 0.64392
0.58863 0.55772 0.52862
0.50630 0.62116 0.49968
0.51095 0.58103 0.47903
0.69660 0.43013 0.49420
0.45799 0.63119 0.59935
0.62205 0.42759 0.54608
0.57665 0.41437 0.53052
0.52965 0.48179 0.64166
0.68847 0.36394 0.64831
0.60572 0.51453 0.57432
0.56059 0.54812 0.47749
0.42516 0.71501 0.66869
0.60707 0.49004 0.57823
0.48578 0.65384 0.66349
0.51533 0.50610 0.50770
0.54826 0.62483 0.55941
0.56225 0.51381 0.59336
0.53137 0.43614 0.52432
0.58176 0.53178 0.66802
0.48423 0.54230 0.50708
0.46983 0.56302 0.66000
0.54131 0.60187 0.45196
0.60622 0.52699 0.65422
0.69135 0.38504 0.62203
0.60992 0.61772 0.64524
0.56854 0.58054 0.49138
0.63135 0.47214 0.48312
0.44164 0.68390 0.53525
0.69000 0.34734 0.53756
0.54335 0.50907 0.65333
0.58023 0.49581 0.55065
0.63036 0.52841 0.47857
0.48953 0.52031 0.63510
0.53069 0.58004 0.50002
0.55384 0.55326 0.56470
0.54330 0.59610 0.56570
0.62684 0.53626 0.54497
0.43430 0.60161 0.64222
0.72135 0.38877 0.45291
0.49877 0.57651 0.62309
0.50768 0.57423 0.50556
0.56037 0.45409 0.66428
0.71323 0.55078 0.46780
0.47721 0.58215 0.57470
0.66043 0.39583 0.50373
0.57239 0.52562 0.52233
0.59984 0.62076 0.47619
0.49644 0.58601 0.64658
0.51570 0.60938 0.50912
0.51912 0.51646 0.54768
0.63891 0.43960 0.58354
0.65969 0.49858 0.71075
0.44521 0.62618 0.57331
0.54097 0.52474 0.60206
0.43989 0.60921 0.53639
0.50716 0.49981 0.66562
0.50785 0.51148 0.52399
0.64240 0.38647 0.58276
0.54803 0.51359 0.62038
0.50118 0.55417 0.53267
0.58037 0.56921 0.58738
0.64236 0.37344 0.49182
0.55678 0.45539 0.57301
0.55106 0.48115 0.62403
0.60229 0.50536 0.54787
0.50083 0.55344 0.62339
0.68334 0.54463 0.62335
0.50902 0.57863 0.67686
0.63435 0.43702 0.51657
0.61679 0.47613 0.58918
0.65078 0.42235 0.53155
0.52684 0.54699 0.48434
0.55799 0.60972 0.46264
0.53187 0.60619 0.61758
0.53415 0.53353 0.59958
0.61859 0.50276 0.55816
0.47054 0.60281 0.55529
0.55229 0.52272 0.69410
0.50838 0.54998 0.66504
0.54475 0.40421 0.64132
0.66332 0.51878 0.60801
0.57487 0.48005 0.66368
0.64832 0.39499 0.54607
0.64976 0.50549 0.58311
0.59985 0.49961 0.62202
0.58778 0.54355 0.64041
0.59423 0.53810 0.55323
0.67915 0.42814 0.54088
0.55963 0.52198 0.58500
0.64823 0.44661 0.54724
0.67697 0.40956 0.62022
0.46834 0.56039 0.60333
0.54754 0.50696 0.53901
0.67997 0.46410 0.47423
0.41232 0.62245 0.66936
0.64218 0.41865 0.55080
0.52194 0.58617 0.56877
0.73189 0.41898 0.57551
0.61267 0.51732 0.55042
0.68466 0.35994 0.54825
0.47742 0.63532 0.61287
0.53217 0.44846 0.62521
0.62836 0.52674 0.47378
0.58239 0.43777 0.55690
0.65226 0.46827 0.51489
0.60385 0.49912 0.63543
0.64065 0.44226 0.57818
0.54935 0.46277 0.52228
0.55711 0.59560 0.56962
0.45839 0.53645 0.53434
0.58555 0.48860 0.58612
0.67266 0.47349 0.51220
0.61856 0.45487 0.56348
0.65216 0.46813 0.65453
0.62115 0.45983 0.62891
0.60369 0.52319 0.68420
0.51970 0.56962 0.55780
0.73160 0.32594 0.56184
0.65254 0.52888 0.51633
0.44397 0.70566 0.63129
0.48107 0.64599 0.50216
0.56049 0.42538 0.49597
0.57493 0.46150 0.59524
0.51125 0.58884 0.55589
0.65640 0.53971 0.45692
0.66421 0.41047 0.55694
0.56678 0.50427 0.54237
0.71375 0.32113 0.49524
0.48589 0.55153 0.54422
0.64399 0.51546 0.44284
0.58729 0.46945 0.55875
0.58522 0.52463 0.50079
0.61710 0.42549 0.63356
0.55571 0.45977 0.57494
0.67808 0.49199 0.51088
0.64746 0.52371 0.39280
0.49690 0.59675 0.59390
0.58087 0.49415 0.59097
0.56483 0.51522 0.53543
0.64302 0.44095 0.51120
0.60950 0.50779 0.49263
0.51590 0.60479 0.65456
0.51969 0.56825 0.57594
0.59734 0.52338 0.67269
0.52264 0.58997 0.57142
0.49850 0.62356 0.61236
0.77488 0.28943 0.54388
0.60150 0.45068 0.59772
0.61559 0.64540 0.51850
0.57123 0.41199 0.55081
0.56808 0.47027 0.60062
0.56392 0.52093 0.56718
0.54362 0.66481 0.48567
0.44125 0.61769 0.54507
0.54822 0.60577 0.61057
0.41541 0.62533 0.62829
0.60239 0.45633 0.67745
0.73139 0.48827 0.57117
0.57791 0.44481 0.58394
0.58248 0.50824 0.69667
0.67692 0.42615 0.59661
0.50149 0.56585 0.56896
0.43550 0.61939 0.52057
0.47764 0.59536 0.61773
0.54807 0.49487 0.58169
0.57722 0.52448 0.69467
0.60486 0.43825 0.66892
0.60934 0.49335 0.53369
0.39750 0.68424 0.57452
0.57082 0.52987 0.48761
0.45558 0.68006 0.45302
0.65855 0.56590 0.53232
0.48333 0.62866 0.47008
0.65716 0.45921 0.57646
0.47082 0.56216 0.55863
0.60384 0.47350 0.53044
0.41268 0.58289 0.53389
0.61737 0.48722 0.54064
0.43093 0.66865 0.52673
0.67906 0.42702 0.57247
0.72540 0.43109 0.52297
0.50403 0.52985 0.53454
0.45886 0.58264 0.67507
0.49968 0.58099 0.43918
0.56091 0.58276 0.55208
0.70456 0.41793 0.54457
0.65531 0.46275 0.53880
0.48548 0.59085 0.63007
0.44821 0.65129 0.60745
0.59375 0.54027 0.56386
0.54999 0.45577 0.61975
0.55784 0.44181 0.44069
0.56536 0.53260 0.58328
0.60071 0.52255 0.51952
0.69826 0.43520 0.61690
0.69033 0.45469 0.55394
0.50003 0.55375 0.49738
0.66266 0.42786 0.64444
0.68644 0.35230 0.53466
0.44485 0.66084 0.65582
0.52998 0.51218 0.50762
0.48569 0.60503 0.66951
0.66729 0.43478 0.64991
0.55343 0.53571 0.48109
0.52675 0.48872 0.60669
0.54470 0.51766 0.70093
0.52847 0.48293 0.56893
0.65138 0.47311 0.65874
0.55666 0.58299 0.57135
0.52413 0.60559 0.62839
0.62817 0.44781 0.62111
0.60752 0.48178 0.57026
0.48845 0.62240 0.65337
0.58276 0.50791 0.64433
0.48435 0.60568 0.55176
0.34272 0.61045 0.49022
0.59783 0.54915 0.57826
0.70931 0.41975 0.52489
0.46041 0.58962 0.62561
0.56133 0.50441 0.54498
0.41823 0.64958 0.64910
0.53541 0.53924 0.66210
0.69404 0.34036 0.54887
0.47862 0.59043 0.57737
0.52502 0.54942 0.52641
0.50124 0.64200 0.56449
0.63000 0.47551 0.46215
0.50737 0.56517 0.63200
0.52698 0.57956 0.61035
0.65693 0.42245 0.62299
0.68473 0.36659 0.58674
0.63460 0.53457 0.56451
0.60888 0.56002 0.53237
0.66072 0.56283 0.60073
0.58360 0.52414 0.52131
0.57627 0.45786 0.55567
0.54332 0.50532 0.63501
0.65354 0.52005 0.61977
0.67813 0.52213 0.56048
0.52927 0.51965 0.57752
0.63494 0.46708 0.66540
0.64949 0.51504 0.59497
0.75727 0.54212 0.52827
0.63139 0.50087 0.48828
0.59614 0.50812 0.50626
0.52436 0.51262 0.59644
0.57947 0.60785 0.48881
0.57732 0.45078 0.59535
0.62263 0.44075 0.54168
0.71970 0.36597 0.59413
0.62146 0.48552 0.63299
0.64545 0.46363 0.49676
0.35420 0.68283 0.60712
0.56276 0.48148 0.57463
0.63176 0.62083 0.46390
0.62199 0.43421 0.65434
0.75457 0.27840 0.58822
0.61603 0.55685 0.51690
0.62282 0.41799 0.56896
0.36130 0.63727 0.63981
0.60534 0.62235 0.47373
0.65962 0.41296 0.58012
0.57690 0.56156 0.48544
0.59658 0.47425 0.49062
0.51482 0.59154 0.65519
0.60611 0.54255 0.55092
0.56539 0.46159 0.55673
0.65549 0.43600 0.51468
0.55988 0.54825 0.62872
0.44474 0.58920 0.50357
0.49494 0.56222 0.50841
0.65638 0.37502 0.56904
0.60451 0.43654 0.53151
0.54406 0.47537 0.49464
0.58333 0.53029 0.59092
0.51327 0.63338 0.43778
0.69588 0.42935 0.63631
0.63934 0.47181 0.65115
0.67488 0.42689 0.50635
0.63788 0.50609 0.51918
0.62142 0.47224 0.56288
0.60707 0.53998 0.62429
0.62756 0.64157 0.46754
0.60548 0.42350 0.60169
0.70449 0.47406 0.53662
0.62893 0.39441 0.62676
0.47029 0.55015 0.65669
0.61208 0.52026 0.70995
0.71496 0.33106 0.63097
0.58139 0.42421 0.48099
0.58013 0.52568 0.62456
0.53891 0.57955 0.68921
0.70865 0.40206 0.58307
0.64504 0.61076 0.53738
0.69149 0.40098 0.57897
0.68862 0.54541 0.49075
0.53310 0.46868 0.67745
0.59976 0.53047 0.57989
0.67746 0.50714 0.51152
0.37844 0.66440 0.61512
0.61188 0.48633 0.53164
0.50731 0.50885 0.52940
0.55077 0.59669 0.60454
0.60603 0.49955 0.51096
0.51366 0.57552 0.69914
0.63390 0.45273 0.55470
0.58614 0.47361 0.61776
0.49221 0.51437 0.60389
0.54861 0.55527 0.63133
0.49988 0.53564 0.65582
0.52102 0.57529 0.50164
0.52063 0.54035 0.59260
0.54518 0.60022 0.57124
0.54382 0.53959 0.53409
0.51392 0.55714 0.58277
0.64594 0.44627 0.62343
0.63302 0.42949 0.67391
0.60494 0.48812 0.53651
0.62528 0.40415 0.55224
0.38288 0.64324 0.59646
0.48351 0.55945 0.55227
0.51031 0.56742 0.60200
0.52135 0.65593 0.50878
0.59866 0.45372 0.50353
0.56745 0.55515 0.63894
0.59809 0.54450 0.45880
0.47409 0.60498 0.61250
0.47096 0.50827 0.46618
0.53334 0.63662 0.59967
0.52964 0.61889 0.50936
0.58471 0.54787 0.57512
0.58746 0.44616 0.54077
0.55006 0.57416 0.55185
0.56772 0.49395 0.62142
0.56138 0.59098 0.57849
0.54379 0.37837 0.47434
0.61717 0.40951 0.50946
0.63478 0.52394 0.51728
0.65355 0.40305 0.59289
0.54213 0.55045 0.50741
0.58212 0.55063 0.54063
0.57726 0.55668 0.53996
0.60649 0.48705 0.51506
0.62127 0.50525 0.58066
0.61940 0.34347 0.50523
0.55501 0.50591 0.56958
0.58669 0.55682 0.52000
0.49790 0.48545 0.47947
0.56228 0.45358 0.55081
0.55752 0.56548 0.53057
0.56997 0.54621 0.53825
0.57197 0.46342 0.58288
0.52902 0.52700 0.67476
0.44810 0.66696 0.63563
0.63615 0.46986 0.58357
0.57377 0.45659 0.62235
0.61078 0.45008 0.56062
0.49322 0.53525 0.71369
0.53490 0.55418 0.49691
0.49986 0.55133 0.61838
0.57390 0.57259 0.55887
0.56340 0.52010 0.49182
0.66220 0.46378 0.61202
0.62012 0.42117 0.46020
0.52788 0.55674 0.64274
0.50482 0.55560 0.58949
0.60130 0.51046 0.52157
0.61726 0.49670 0.65612
0.55196 0.47245 0.54506
0.62664 0.59167 0.50534
0.53159 0.46022 0.52811
0.64800 0.44081 0.54148
0.50225 0.54638 0.47157
0.49080 0.62079 0.66737
0.54966 0.49110 0.64478
0.61195 0.47684 0.45274
0.54885 0.52587 0.55094
0.53886 0.47035 0.57061
0.48863 0.49138 0.60659
0.57305 0.49309 0.54004
0.49135 0.60706 0.61129
0.68983 0.40373 0.47247
0.58023 0.41802 0.52770
0.51836 0.50308 0.59420
0.60192 0.53182 0.48174
0.58644 0.56519 0.58902
0.43403 0.58219 0.67950
0.46450 0.58922 0.55773
0.46369 0.52957 0.59767
0.56103 0.55802 0.59738
0.58900 0.63275 0.48819
0.63489 0.46943 0.54266
0.62180 0.48919 0.51962
0.75391 0.51032 0.50475
0.52808 0.55187 0.62421
0.55989 0.48586 0.52064
0.66630 0.46344 0.56393
0.58018 0.41302 0.59504
