20 6 1000 22753 3928
0.00998 0.68302 0.24038
0.90647 0.68445 0.29111
0.74762 0.71423 0.36049
0.53167 0.29536 0.64230
0.55069 0.64277 0.05337
0.33757 0.02678 0.28461
0.44267 0.29805 0.33411
0.44420 0.48816 0.31103
0.40522 0.47880 0.28565
0.45741 0.53330 0.28676
0.39937 0.37977 0.28569
0.65706 0.53762 0.28322
0.60065 0.46605 0.42825
0.61623 0.54246 0.26466
0.40106 0.39230 0.30292
0.42600 0.39898 0.34911
0.57195 0.46289 0.36052
0.69391 0.54605 0.35668
0.58473 0.42272 0.26939
0.59067 0.54290 0.36561
0.56269 0.45693 0.34079
0.36314 0.46915 0.23200
0.46347 0.64295 0.26985
0.49212 0.64134 0.23280
0.53406 0.34650 0.28662
0.39353 0.42694 0.26252
0.67918 0.64447 0.29683
0.20795 0.58131 0.28254
0.55482 0.66808 0.29052
0.35926 0.33174 0.31359
0.33584 0.51077 0.39760
0.56673 0.65115 0.29892
0.68298 0.55714 0.29019
0.43426 0.62089 0.20026
0.55712 0.50117 0.37712
0.48986 0.62762 0.27395
0.50404 0.47179 0.28832
0.49907 0.45686 0.38222
0.60143 0.45696 0.43478
0.53683 0.58782 0.30847
0.53071 0.39535 0.32342
0.51086 0.45951 0.42355
0.59172 0.46862 0.40990
0.56501 0.47064 0.29628
0.46572 0.38364 0.27925
0.81078 0.66836 0.29736
0.46451 0.56288 0.36233
0.40071 0.35595 0.33265
0.49377 0.38453 0.39800
0.62062 0.61428 0.28995
0.59530 0.35769 0.37703
0.50674 0.46181 0.44638
0.61394 0.52735 0.25506
0.50689 0.41513 0.49880
0.51505 0.51560 0.29352
0.63867 0.58678 0.32383
0.56242 0.54750 0.21714
0.53445 0.63252 0.32802
0.56282 0.64874 0.17886
0.56164 0.54405 0.31295
0.31044 0.47073 0.38374
0.56161 0.63449 0.24337
0.60476 0.64931 0.28564
0.39811 0.60868 0.24388
0.38778 0.56127 0.27548
0.33184 0.43690 0.35182
0.50630 0.59705 0.22850
0.36671 0.66304 0.24837
0.66671 0.48982 0.42357
0.45861 0.41695 0.29911
0.46008 0.37742 0.28016
0.49563 0.48583 0.29441
0.64535 0.57173 0.30037
0.44320 0.52680 0.34241
0.50037 0.50290 0.32593
0.40973 0.28604 0.26365
0.52659 0.53524 0.18040
0.47909 0.34223 0.41057
0.47686 0.65772 0.14538
0.56239 0.59827 0.19451
0.48386 0.61821 0.14868
0.63390 0.62010 0.32650
0.48468 0.55598 0.28079
0.64612 0.58613 0.34956
0.58529 0.53071 0.35488
0.63926 0.53144 0.31605
0.59174 0.51215 0.23254
0.44338 0.49898 0.24778
0.74797 0.65081 0.24234
0.59918 0.57704 0.30240
0.47053 0.34523 0.45369
0.43619 0.33217 0.27002
0.54304 0.38937 0.34196
0.55711 0.34295 0.35106
0.56109 0.39736 0.48586
0.55305 0.61221 0.32244
0.25186 0.49670 0.24798
0.51528 0.54881 0.18064
0.44774 0.41777 0.44867
0.48044 0.34229 0.44140
0.57561 0.52499 0.33884
0.55008 0.58862 0.25114
0.63810 0.54843 0.34388
0.58496 0.49103 0.37593
0.54290 0.56856 0.22622
0.69934 0.61383 0.28058
0.55788 0.51940 0.30943
0.54316 0.45025 0.35869
0.38930 0.49781 0.35216
0.54263 0.60264 0.19607
0.35223 0.53281 0.29215
0.42852 0.62245 0.29248
0.46233 0.39966 0.41113
0.53441 0.49883 0.38964
0.54459 0.41593 0.32836
0.64440 0.60698 0.38165
0.60319 0.48437 0.33707
0.52189 0.43942 0.37425
0.43154 0.51957 0.25658
0.57565 0.56919 0.37245
0.62166 0.60185 0.27059
0.50463 0.52183 0.38471
0.43515 0.33949 0.24768
0.57589 0.48674 0.19509
0.64451 0.56709 0.35441
0.42183 0.31305 0.36102
0.64165 0.50279 0.46151
0.48089 0.40590 0.40852
0.53493 0.38515 0.37572
0.63417 0.67531 0.23542
0.60707 0.58521 0.32652
0.41848 0.44211 0.29552
0.50050 0.52512 0.27171
0.47543 0.30354 0.28462
0.67103 0.58379 0.33053
0.43881 0.58624 0.27148
0.65440 0.58327 0.35723
0.46734 0.41663 0.44807
0.51757 0.55195 0.28218
0.59316 0.61257 0.28019
0.46447 0.42565 0.38329
0.54928 0.50941 0.24877
0.13771 0.59627 0.27032
0.34986 0.43120 0.23750
0.41556 0.63729 0.26861
0.57636 0.39108 0.40903
0.41270 0.44156 0.25512
0.43828 0.47839 0.35077
0.29702 0.55364 0.27135
0.41952 0.58378 0.25257
0.53802 0.57428 0.27642
0.63494 0.58233 0.35748
0.66159 0.55483 0.30165
0.59632 0.58390 0.22462
0.32401 0.63997 0.26519
0.53739 0.52541 0.29704
0.46631 0.62805 0.26643
0.38933 0.53430 0.36903
0.32055 0.29198 0.27617
0.52132 0.67754 0.28809
0.41361 0.65128 0.26865
0.63298 0.49628 0.35869
0.45068 0.34810 0.30406
0.58948 0.54415 0.29731
0.56500 0.65623 0.25889
0.67437 0.50844 0.40476
0.43658 0.33574 0.32700
0.48260 0.42655 0.41694
0.53319 0.37731 0.51382
0.36843 0.41772 0.30353
0.49508 0.57791 0.32272
0.45047 0.31103 0.36478
0.54149 0.45932 0.38817
0.63928 0.54519 0.26194
0.52343 0.37869 0.24968
0.58549 0.42657 0.43330
0.34518 0.48833 0.34529
0.35947 0.56163 0.31085
0.58567 0.62751 0.33714
0.35319 0.22642 0.28116
0.39473 0.52970 0.27465
0.41325 0.48393 0.24132
0.29299 0.62041 0.29045
0.68884 0.51572 0.31923
0.64966 0.48095 0.45475
0.37882 0.61127 0.27385
0.33285 0.32346 0.27287
0.51392 0.45317 0.41494
0.66417 0.49870 0.36788
0.61653 0.58506 0.34025
0.47265 0.58211 0.33540
0.59697 0.62857 0.30853
0.50571 0.57790 0.27829
0.65390 0.58016 0.29357
0.61426 0.45830 0.37572
0.48793 0.39049 0.31621
0.59309 0.46174 0.43098
0.42849 0.47983 0.33815
0.56098 0.57691 0.36718
0.45694 0.52688 0.33820
0.58909 0.65312 0.31242
0.45831 0.48951 0.40285
0.60902 0.60247 0.27521
0.23083 0.58329 0.27600
0.41003 0.44279 0.25971
0.44627 0.47279 0.27168
0.49234 0.44000 0.33955
0.64608 0.46007 0.31658
0.53151 0.56513 0.29156
0.42680 0.41606 0.29806
0.59065 0.43862 0.33420
0.61236 0.51295 0.32914
0.34642 0.31376 0.28332
0.51609 0.59431 0.28817
0.56603 0.66397 0.30406
0.73873 0.65018 0.24732
0.42664 0.29462 0.39474
0.53122 0.59009 0.30037
0.61958 0.60316 0.35714
0.55769 0.51416 0.23520
0.58330 0.37166 0.52894
0.56425 0.40159 0.34289
0.52179 0.50890 0.40618
0.43373 0.51084 0.35988
0.43928 0.25784 0.29468
0.38864 0.64588 0.14569
0.31972 0.56045 0.27284
0.52096 0.66440 0.27318
0.58011 0.43593 0.42088
0.58563 0.51889 0.26923
0.49633 0.57755 0.18549
0.41131 0.51691 0.41820
0.36232 0.56932 0.27780
0.52277 0.52882 0.31797
0.58105 0.46109 0.46734
0.54752 0.54337 0.34200
0.55983 0.63518 0.31844
0.59970 0.60013 0.28027
0.49253 0.57181 0.24447
0.63411 0.54478 0.34447
0.58266 0.50830 0.27024
0.56668 0.36329 0.37813
0.59115 0.47514 0.43358
0.48252 0.36786 0.45899
0.55556 0.54569 0.19621
0.54000 0.65612 0.31238
0.37708 0.32655 0.28070
0.52841 0.53519 0.30145
0.57621 0.60401 0.26965
0.56057 0.52891 0.27908
0.59041 0.63081 0.25976
0.52447 0.40136 0.38235
0.51806 0.55208 0.21648
0.56854 0.46996 0.29811
0.68251 0.64991 0.30701
0.51855 0.57215 0.37014
0.43076 0.42788 0.26448
0.46023 0.42898 0.25496
0.60437 0.50525 0.29610
0.34337 0.36969 0.32150
0.32431 0.21459 0.28111
0.49994 0.60602 0.31929
0.48421 0.53089 0.19823
0.47651 0.51807 0.30360
0.36927 0.62721 0.32646
0.52535 0.45748 0.32131
0.45920 0.33477 0.24811
0.45747 0.53183 0.38546
0.59089 0.55278 0.29628
0.39982 0.38462 0.34095
0.44838 0.61227 0.29208
0.40896 0.50464 0.39866
0.47218 0.51428 0.35144
0.65943 0.63143 0.24758
0.37988 0.46463 0.24369
0.61861 0.51220 0.24699
0.33692 0.44183 0.26020
0.58439 0.40374 0.43735
0.41891 0.51620 0.20110
0.55562 0.32374 0.29987
0.57984 0.45469 0.33627
0.53918 0.47316 0.32696
0.32799 0.44116 0.24432
0.59798 0.45084 0.32929
0.40875 0.58077 0.35676
0.60233 0.42539 0.37818
0.30438 0.60654 0.26878
0.36241 0.49947 0.29043
0.61951 0.47503 0.36035
0.27309 0.59242 0.30739
0.48109 0.33109 0.26022
0.31515 0.56460 0.36074
0.44643 0.45598 0.27026
0.51607 0.38505 0.36889
0.33559 0.45129 0.34371
0.47524 0.56820 0.28009
0.46023 0.32182 0.28392
0.49193 0.53677 0.23305
0.19965 0.53564 0.27674
0.51836 0.46981 0.31437
0.56672 0.60089 0.26871
0.44812 0.62617 0.32026
0.71177 0.63705 0.22287
0.59318 0.61430 0.17335
0.58293 0.60505 0.31764
0.45501 0.48129 0.32177
0.57997 0.44985 0.27709
0.57930 0.47702 0.32186
0.45196 0.64145 0.18860
0.62783 0.54569 0.33303
0.55810 0.43493 0.33103
0.48353 0.54326 0.35302
0.50655 0.58247 0.32065
0.55675 0.42070 0.38369
0.26033 0.65623 0.19609
0.57067 0.57607 0.32284
0.33800 0.60811 0.26415
0.60945 0.47893 0.34228
0.39028 0.55242 0.30674
0.57409 0.46620 0.22498
0.63836 0.50320 0.36200
0.40141 0.60967 0.29452
0.32107 0.33081 0.29280
0.61604 0.60495 0.25314
0.46054 0.57311 0.24131
0.54144 0.45836 0.44494
0.49532 0.46960 0.37762
0.32261 0.44369 0.32342
0.51122 0.31694 0.38243
0.50000 0.45363 0.29629
0.51044 0.56509 0.28494
0.49855 0.56642 0.30924
0.43489 0.59612 0.29383
0.46196 0.55702 0.19003
0.47079 0.33376 0.38683
0.67501 0.56958 0.30851
0.40229 0.63076 0.21607
0.54775 0.46271 0.47905
0.55886 0.66601 0.26893
0.57963 0.58696 0.33792
0.51074 0.49488 0.29810
0.66157 0.47048 0.33707
0.30470 0.45716 0.26204
0.47666 0.51811 0.23678
0.50743 0.51550 0.20916
0.45956 0.50003 0.27792
0.41701 0.28555 0.29985
0.56726 0.47612 0.28949
0.40359 0.58574 0.25511
0.37378 0.61815 0.25940
0.43157 0.25015 0.28210
0.46449 0.50214 0.27950
0.44683 0.48483 0.31596
0.49369 0.46094 0.21452
0.52597 0.55264 0.16011
0.52557 0.54409 0.29282
0.26848 0.57675 0.31388
0.38459 0.59129 0.32831
0.41193 0.63369 0.27476
0.48303 0.35238 0.43751
0.25525 0.58645 0.27952
0.64646 0.53461 0.37136
0.54434 0.43695 0.23196
0.63072 0.48261 0.25287
0.37227 0.58000 0.28597
0.44341 0.51574 0.29882
0.45257 0.24730 0.32792
0.58555 0.54294 0.39688
0.59858 0.40768 0.34913
0.48067 0.66271 0.18701
0.51852 0.58574 0.28029
0.49403 0.55065 0.14258
0.62914 0.53289 0.37045
0.41422 0.40871 0.24622
0.58131 0.50895 0.32510
0.45386 0.54634 0.20172
0.42802 0.46804 0.42717
0.28757 0.37094 0.32985
0.37374 0.60788 0.25066
0.35175 0.58987 0.25197
0.57074 0.58914 0.17629
0.68295 0.60180 0.26523
0.52646 0.55830 0.30937
0.39952 0.53948 0.30406
0.66495 0.56436 0.29894
0.48530 0.35183 0.33808
0.51756 0.45061 0.31724
0.44360 0.42045 0.27108
0.68169 0.56682 0.30708
0.54728 0.40717 0.47723
0.52187 0.57865 0.37421
0.60365 0.44777 0.31162
0.39019 0.50677 0.32308
0.70100 0.59625 0.29766
0.44485 0.24090 0.37872
0.29986 0.30638 0.28297
0.48626 0.37586 0.37745
0.40692 0.56165 0.28390
0.39607 0.58714 0.33113
0.54344 0.58428 0.32061
0.41641 0.50259 0.42004
0.49216 0.61147 0.21959
0.30176 0.36317 0.29848
0.73227 0.60676 0.32956
0.62677 0.53831 0.31593
0.57828 0.54725 0.29197
0.48079 0.37119 0.26475
0.54061 0.39481 0.52441
0.68240 0.48808 0.34451
0.47409 0.49236 0.33714
0.59431 0.50518 0.34171
0.56770 0.46948 0.32474
0.63610 0.48858 0.33480
0.31979 0.53996 0.24993
0.48452 0.58952 0.35404
0.44135 0.57691 0.24688
0.51114 0.46122 0.43701
0.51246 0.63885 0.19776
0.43012 0.51068 0.24572
0.51572 0.51978 0.31523
0.69595 0.62316 0.38584
0.49373 0.53173 0.23793
0.62740 0.53373 0.34928
0.66075 0.52348 0.35734
0.56259 0.60366 0.27268
0.35938 0.50243 0.28896
0.53680 0.36077 0.36135
0.44977 0.55668 0.36272
0.68332 0.66118 0.18076
0.54050 0.57687 0.20240
0.45838 0.57751 0.34896
0.36193 0.35052 0.31006
0.60250 0.57664 0.33645
0.54995 0.49570 0.41487
0.43373 0.56659 0.17413
0.61027 0.52654 0.29810
0.68595 0.62171 0.32045
0.59129 0.61990 0.31952
0.35175 0.50500 0.40825
0.53150 0.61284 0.21765
0.49180 0.33154 0.23424
0.33507 0.54720 0.29842
0.59011 0.55499 0.35417
0.45817 0.44287 0.33368
0.52913 0.62059 0.27529
0.42310 0.37066 0.31728
0.37019 0.36343 0.27843
0.51487 0.28384 0.36499
0.54741 0.39520 0.46690
0.56606 0.60302 0.38254
0.65827 0.62568 0.30782
0.27704 0.54306 0.23522
0.50976 0.54507 0.27638
0.58955 0.51953 0.32988
0.30227 0.41865 0.33425
0.60708 0.50655 0.28289
0.29360 0.65251 0.21533
0.40584 0.42590 0.31454
0.76513 0.67563 0.30125
0.65895 0.67252 0.33766
0.43151 0.61202 0.14332
0.49376 0.30210 0.34137
0.56783 0.53548 0.33630
0.51600 0.46727 0.31657
0.69447 0.65512 0.31198
0.54219 0.51251 0.25991
0.45478 0.39867 0.18969
0.55590 0.55133 0.27313
0.57848 0.42798 0.50106
0.68145 0.67177 0.30988
0.62134 0.67871 0.29473
0.55547 0.64165 0.30156
0.58354 0.52075 0.31358
0.53892 0.56208 0.31952
0.50010 0.64094 0.28219
0.46249 0.41823 0.25672
0.53807 0.49142 0.43844
0.48525 0.57520 0.31097
0.53615 0.61453 0.18259
0.53872 0.58596 0.29243
0.35768 0.57217 0.28825
0.54823 0.43392 0.28330
0.54811 0.41297 0.42894
0.45915 0.53633 0.28609
0.43578 0.56314 0.31563
0.58213 0.55241 0.39388
0.60332 0.46876 0.38345
0.57811 0.50995 0.30104
0.49289 0.43624 0.25364
0.29017 0.54534 0.34395
0.62364 0.59363 0.28528
0.53780 0.57791 0.17555
0.51065 0.49574 0.35946
0.56083 0.54037 0.35124
0.55101 0.50408 0.32701
0.49343 0.52507 0.18660
0.45318 0.46062 0.33468
0.57152 0.55188 0.27306
0.53865 0.45353 0.28145
0.60042 0.58990 0.32183
0.48907 0.40102 0.32470
0.64266 0.66254 0.22559
0.36311 0.63746 0.23383
0.56233 0.57725 0.28848
0.50178 0.32193 0.42092
0.47605 0.58422 0.35773
0.51525 0.48915 0.29690
0.65420 0.52568 0.35321
0.49651 0.50442 0.38951
0.74797 0.63332 0.27963
0.41745 0.61866 0.27967
0.34506 0.58754 0.26177
0.48642 0.41950 0.19889
0.37457 0.48287 0.28729
0.52876 0.34792 0.28069
0.66531 0.54173 0.34138
0.44810 0.54747 0.33892
0.58738 0.52497 0.26391
0.33811 0.38815 0.30223
0.55349 0.45226 0.38418
0.64946 0.56558 0.30185
0.58104 0.44250 0.40511
0.65269 0.59957 0.32090
0.43100 0.31621 0.33897
0.40646 0.40058 0.26177
0.63127 0.54674 0.36337
0.55657 0.43625 0.40892
0.41739 0.23527 0.36168
0.45884 0.32157 0.34657
0.71795 0.61845 0.34640
0.55795 0.39013 0.47661
0.37732 0.43360 0.34202
0.69471 0.67572 0.29570
0.68187 0.49418 0.40456
0.41137 0.46647 0.35117
0.40345 0.39029 0.26854
0.25554 0.57709 0.26942
0.41557 0.50709 0.36482
0.51308 0.49466 0.29398
0.42219 0.54825 0.28761
0.53243 0.44294 0.35527
0.44645 0.55639 0.20570
0.28333 0.58179 0.27476
0.48561 0.58224 0.22731
0.62681 0.51623 0.35991
0.58465 0.44607 0.44803
0.43463 0.34074 0.22403
0.67191 0.55633 0.31811
0.49619 0.47227 0.23076
0.58775 0.55810 0.30211
0.63109 0.56128 0.27719
0.54105 0.48440 0.29537
0.63929 0.59727 0.29592
0.50535 0.50768 0.33774
0.54391 0.54696 0.33419
0.61030 0.56170 0.37198
0.53197 0.51128 0.33654
0.62720 0.64188 0.29367
0.28671 0.60848 0.32877
0.48783 0.41673 0.37218
0.47976 0.61616 0.28617
0.50096 0.42168 0.45574
0.37199 0.45049 0.26966
0.65459 0.50121 0.38092
0.49332 0.61494 0.16181
0.61227 0.58218 0.33696
0.62841 0.45625 0.40704
0.60692 0.46389 0.37707
0.38591 0.50509 0.25694
0.56641 0.52276 0.32418
0.55156 0.42324 0.27333
0.28779 0.51880 0.33587
0.65471 0.66686 0.30296
0.59125 0.61925 0.35412
0.67207 0.59595 0.34848
0.49691 0.49295 0.32799
0.57268 0.45115 0.30432
0.38730 0.60727 0.26219
0.33274 0.58644 0.29042
0.48655 0.41769 0.32054
0.32607 0.45254 0.32468
0.48241 0.46951 0.34453
0.24520 0.60767 0.21690
0.59864 0.52238 0.25617
0.55185 0.46382 0.49485
0.34626 0.57156 0.27011
0.57142 0.44312 0.36697
0.57628 0.57238 0.26012
0.49196 0.51880 0.29687
0.71785 0.59155 0.30781
0.36141 0.54425 0.26749
0.57485 0.54096 0.31538
0.36971 0.49719 0.26774
0.47490 0.39966 0.47867
0.61874 0.47881 0.33344
0.57977 0.43034 0.42529
0.50152 0.33199 0.45665
0.46875 0.44612 0.34087
0.40285 0.58743 0.24533
0.47728 0.51160 0.25178
0.26240 0.52785 0.32574
0.49340 0.41911 0.34057
0.21649 0.44994 0.30724
0.61562 0.58809 0.28377
0.76623 0.63115 0.31152
0.66424 0.64854 0.28668
0.65451 0.49370 0.43336
0.52003 0.42462 0.40369
0.52674 0.65776 0.26182
0.64238 0.46789 0.43853
0.51994 0.48388 0.27978
0.63686 0.54036 0.30843
0.59324 0.61476 0.25595
0.55127 0.58750 0.30603
0.40199 0.21789 0.38553
0.77109 0.63564 0.29640
0.54938 0.55760 0.28978
0.46773 0.27009 0.28483
0.44820 0.58213 0.23460
0.40159 0.51938 0.26254
0.48208 0.56749 0.30662
0.54518 0.43179 0.28215
0.49886 0.45491 0.33720
0.42933 0.23782 0.32445
0.51816 0.51529 0.31826
0.48585 0.54653 0.29676
0.37323 0.65988 0.23780
0.35221 0.23151 0.27831
0.44959 0.33203 0.34199
0.53676 0.51925 0.21032
0.52538 0.65072 0.28962
0.39180 0.43623 0.28737
0.50644 0.48839 0.27141
0.38665 0.48772 0.21391
0.41469 0.29303 0.29047
0.43129 0.59743 0.27946
0.62976 0.45108 0.31083
0.53000 0.49657 0.40287
0.50416 0.47791 0.35362
0.51716 0.50371 0.40141
0.47242 0.55151 0.14150
0.41107 0.47499 0.24613
0.61335 0.55767 0.28660
0.44441 0.65053 0.29092
0.30655 0.56708 0.31582
0.53081 0.49410 0.27623
0.56897 0.60823 0.22593
0.24270 0.58470 0.31150
0.44948 0.57292 0.31831
0.44817 0.50205 0.34070
0.43604 0.33088 0.28185
0.50487 0.28646 0.37073
0.50615 0.47743 0.40993
0.49221 0.62251 0.31646
0.43638 0.58854 0.28624
0.57994 0.63512 0.09097
0.30953 0.56211 0.22098
0.42669 0.54769 0.20680
0.72042 0.59594 0.28348
0.56717 0.52978 0.21777
0.50093 0.65123 0.28582
0.58527 0.52849 0.34946
0.45984 0.44598 0.42685
0.55055 0.40399 0.33772
0.26322 0.55375 0.27989
0.65617 0.63623 0.21839
0.59042 0.47722 0.34683
0.64865 0.54751 0.25768
0.72392 0.61540 0.29094
0.76712 0.60144 0.30958
0.65407 0.64725 0.28144
0.47648 0.42834 0.41043
0.53969 0.52089 0.28561
0.33910 0.26597 0.26775
0.49689 0.55041 0.20777
0.62339 0.58993 0.34284
0.63140 0.46360 0.30585
0.61798 0.55242 0.39078
0.64654 0.46706 0.39425
0.45393 0.29058 0.31677
0.42089 0.56803 0.32680
0.43428 0.48073 0.32534
0.37198 0.45734 0.35232
0.63211 0.52362 0.32010
0.50451 0.47270 0.44642
0.46621 0.53284 0.31529
0.36717 0.58324 0.33567
0.49735 0.59218 0.18865
0.38447 0.61880 0.26834
0.43279 0.34032 0.34382
0.48892 0.65126 0.30328
0.34144 0.56381 0.31384
0.52028 0.49605 0.28054
0.51294 0.57569 0.37255
0.59995 0.50085 0.40363
0.46878 0.40728 0.49350
0.51176 0.36901 0.27573
0.64495 0.62166 0.38052
0.56311 0.47650 0.23646
0.52866 0.64869 0.29167
0.29823 0.60039 0.21909
0.42586 0.59113 0.31220
0.24262 0.53671 0.27902
0.62206 0.53426 0.28265
0.43701 0.56566 0.29083
0.58617 0.52760 0.38852
0.52176 0.34575 0.32779
0.61216 0.47134 0.42143
0.52134 0.46094 0.31956
0.57506 0.49749 0.25294
0.31294 0.53052 0.26841
0.55575 0.43637 0.39532
0.55791 0.62699 0.25731
0.42712 0.25045 0.30195
0.46806 0.34157 0.46503
0.56072 0.48512 0.32662
0.50815 0.60185 0.27794
0.38861 0.61929 0.23947
0.38022 0.62251 0.25875
0.68987 0.63214 0.27052
0.60588 0.59183 0.23364
0.57797 0.51062 0.28153
0.65441 0.53891 0.42379
0.61221 0.62185 0.31624
0.47500 0.28496 0.36882
0.55497 0.55991 0.19726
0.40624 0.56594 0.20721
0.53021 0.44361 0.31681
0.55851 0.54466 0.30995
0.58562 0.63967 0.23977
0.43538 0.33384 0.26123
0.33326 0.55320 0.18001
0.60985 0.55977 0.39346
0.62867 0.45199 0.47048
0.50922 0.45873 0.30721
0.41302 0.38768 0.35639
0.35754 0.54275 0.23395
0.49130 0.62460 0.28859
0.29132 0.58068 0.32330
0.51102 0.48104 0.28813
0.58412 0.50983 0.36082
0.72095 0.64742 0.33060
0.50774 0.28056 0.35460
0.54284 0.30612 0.34882
0.54247 0.33628 0.39502
0.66376 0.56815 0.28094
0.55222 0.59880 0.32448
0.37634 0.60650 0.30459
0.70292 0.55709 0.32783
0.47122 0.40267 0.24394
0.73066 0.56923 0.29052
0.51530 0.56992 0.28027
0.47725 0.63625 0.23504
0.61311 0.60195 0.31789
0.45036 0.51506 0.19484
0.64093 0.61542 0.33980
0.55029 0.57233 0.19918
0.46491 0.57176 0.30389
0.53061 0.57131 0.27219
0.67260 0.52489 0.29923
0.37233 0.58931 0.27378
0.60324 0.45117 0.45551
0.72645 0.57851 0.32547
0.54879 0.42280 0.37852
0.39499 0.56957 0.29201
0.51129 0.49264 0.31531
0.58078 0.63114 0.30529
0.71796 0.58878 0.35228
0.42857 0.46271 0.26952
0.65606 0.60728 0.29021
0.43396 0.55485 0.34468
0.68721 0.63002 0.28853
0.43268 0.37574 0.22008
0.47798 0.24524 0.28898
0.62064 0.58979 0.30839
0.61731 0.63085 0.30693
0.59208 0.50374 0.36745
0.46935 0.42334 0.32394
0.36757 0.59419 0.26088
0.39356 0.60003 0.31205
0.55516 0.62533 0.27781
0.59258 0.52295 0.21627
0.52282 0.37140 0.52693
0.41648 0.51815 0.31413
0.39034 0.44104 0.24558
0.36828 0.44898 0.39297
0.51526 0.40001 0.27598
0.27072 0.51256 0.29973
0.50590 0.47936 0.31916
0.51875 0.46788 0.31038
0.45017 0.44372 0.20698
0.57143 0.38073 0.48875
0.39957 0.58756 0.31933
0.55789 0.60250 0.28647
0.60354 0.61214 0.23966
0.69767 0.53691 0.30510
0.49678 0.48954 0.30834
0.54031 0.56595 0.38562
0.27336 0.60553 0.28404
0.53166 0.48051 0.32382
0.71291 0.64493 0.35384
0.36960 0.55836 0.36174
0.60713 0.47268 0.27848
0.56381 0.60320 0.26098
0.59166 0.48789 0.41178
0.31554 0.51662 0.23931
0.34914 0.49715 0.30422
0.58419 0.44599 0.42774
0.55622 0.46075 0.37862
0.51644 0.40148 0.34357
0.68551 0.66202 0.24158
0.46184 0.42154 0.19257
0.39500 0.57049 0.29971
0.24987 0.28672 0.28108
0.59357 0.49686 0.33206
0.62392 0.49369 0.38440
0.57174 0.60218 0.28280
0.65050 0.65703 0.28333
0.48340 0.55560 0.27324
0.50747 0.66704 0.25569
0.60805 0.46223 0.47837
0.56195 0.54685 0.30176
0.54155 0.45195 0.34157
0.35931 0.46236 0.30898
0.50326 0.34610 0.40887
0.42783 0.42736 0.36817
0.56988 0.39961 0.29593
0.56890 0.45592 0.38784
0.43774 0.53041 0.40955
0.53287 0.61851 0.14936
0.39916 0.51808 0.22760
0.52219 0.52710 0.41984
0.23581 0.47137 0.29708
0.41331 0.58806 0.27297
0.56017 0.49216 0.27351
0.50043 0.61946 0.21063
0.52947 0.50432 0.31787
0.58264 0.65567 0.28497
0.55482 0.58424 0.26387
0.29019 0.48240 0.38331
0.51175 0.52833 0.30806
0.53279 0.59219 0.17615
0.63017 0.54337 0.26551
0.64344 0.58545 0.37058
0.45183 0.54550 0.30967
0.53004 0.42571 0.32407
0.65179 0.52902 0.32828
0.25953 0.63831 0.24740
0.38814 0.51373 0.40558
0.53260 0.64970 0.31470
0.32788 0.57884 0.24227
0.68949 0.50546 0.34270
0.60679 0.62512 0.24974
0.54858 0.38737 0.52555
0.52642 0.46684 0.41658
0.67690 0.62092 0.33547
0.44799 0.42456 0.20010
0.62038 0.41206 0.29087
0.43508 0.38678 0.29260
0.36262 0.39294 0.27896
0.41467 0.63452 0.26518
0.60960 0.51752 0.29386
0.47161 0.61261 0.27094
0.53843 0.40859 0.32336
0.62215 0.47226 0.33017
0.57868 0.41341 0.32746
0.45016 0.55280 0.28590
0.53062 0.41237 0.22175
0.55745 0.60700 0.17993
0.45027 0.64611 0.29431
0.62017 0.62459 0.36171
0.43422 0.61535 0.24324
0.60229 0.49656 0.33893
0.64555 0.61161 0.32653
0.51827 0.38193 0.46124
0.49148 0.46492 0.40521
0.49030 0.59628 0.26785
0.59546 0.60479 0.33102
0.52202 0.42639 0.34871
0.34143 0.52047 0.27026
0.56931 0.46446 0.27044
0.62800 0.58682 0.29988
0.40648 0.58361 0.30309
0.69448 0.54483 0.34669
0.49628 0.45922 0.27701
0.51696 0.46690 0.25632
0.51889 0.61578 0.34984
0.50010 0.64522 0.30837
0.49872 0.39926 0.29748
0.52057 0.51387 0.42437
0.61731 0.53268 0.36996
0.54622 0.40164 0.23123
0.51540 0.61254 0.30145
0.50225 0.38031 0.40016
0.51825 0.51846 0.23722
0.56520 0.50254 0.34111
0.60105 0.56108 0.29186
0.38147 0.19399 0.29134
0.56554 0.41966 0.36039
0.44446 0.51662 0.27003
0.54210 0.53939 0.23415
0.56773 0.50512 0.37352
0.45478 0.48227 0.41941
0.37728 0.52711 0.29313
0.40656 0.26621 0.32098
0.48866 0.60298 0.29883
0.50799 0.46925 0.30113
0.56331 0.47563 0.24870
0.57949 0.58399 0.32734
0.64628 0.53500 0.31555
0.41107 0.52744 0.29238
0.49494 0.57107 0.31068
0.36132 0.36901 0.26045
0.67787 0.57194 0.31727
0.64496 0.58846 0.31275
0.54817 0.53359 0.29260
0.49483 0.52289 0.23890
0.60380 0.44556 0.32899
0.49516 0.63574 0.25135
0.55818 0.34770 0.41479
0.39232 0.40687 0.30710
0.42776 0.28681 0.20699
0.60372 0.46938 0.41927
0.55399 0.60824 0.26755
0.45964 0.46294 0.29910
0.61352 0.51703 0.28673
0.25784 0.55228 0.25961
0.51899 0.41862 0.38566
0.65313 0.51316 0.31190
0.57616 0.39704 0.30771
0.64325 0.53535 0.29393
0.50100 0.32994 0.32963
0.51665 0.40606 0.41714
0.25727 0.50744 0.26982
0.43466 0.65047 0.19366
0.48312 0.38757 0.38180
0.58099 0.49854 0.30145
0.43596 0.52385 0.33233
0.50617 0.32435 0.30127
0.55574 0.43102 0.40177
0.37714 0.64403 0.27016
0.58205 0.50918 0.35549
0.42190 0.37428 0.40928
0.53888 0.41542 0.23400
0.59204 0.44998 0.27048
0.65363 0.61870 0.26709
0.59518 0.52844 0.28209
0.65382 0.60259 0.40152
0.37420 0.43156 0.35980
0.35010 0.48838 0.29944
0.56281 0.54339 0.20419
0.71341 0.69623 0.35644
0.29840 0.34204 0.29620
0.30670 0.59203 0.29267
0.54860 0.36079 0.33984
0.64413 0.58812 0.26027
0.47576 0.39817 0.32531
0.62738 0.55127 0.39892
0.53915 0.58093 0.34175
0.42382 0.45383 0.29680
0.67360 0.58046 0.30156
0.56915 0.41741 0.28984
0.51450 0.37629 0.50364
0.49143 0.39091 0.28498
0.48302 0.40207 0.33442
0.61616 0.54238 0.36265
0.31633 0.61327 0.29829
0.47639 0.35331 0.43897
0.55499 0.40491 0.29713
0.50714 0.41154 0.33001
0.54683 0.65705 0.21449
0.35278 0.60525 0.26066
0.51772 0.68519 0.27267
0.29938 0.58971 0.33481
0.36742 0.46123 0.33385
0.58916 0.51731 0.45685
0.30793 0.38350 0.36829
0.66138 0.51406 0.42785
0.51972 0.45409 0.33842
0.30529 0.60524 0.25904
0.23633 0.64781 0.26244
0.48107 0.39692 0.32540
0.68494 0.51223 0.38887
0.33608 0.55360 0.25171
0.53490 0.50338 0.25774
0.60241 0.60717 0.27116
0.57467 0.60737 0.19119
0.57322 0.56222 0.23456
0.46904 0.57339 0.25932
0.56570 0.62372 0.26535
0.39199 0.60269 0.32423
0.55882 0.54861 0.27312
0.59233 0.54198 0.32131
0.51592 0.64014 0.27830
0.42670 0.39177 0.37483
0.50592 0.66258 0.31109
0.47887 0.37210 0.41731
0.60728 0.54749 0.24552
0.44004 0.40460 0.36133
0.77783 0.61655 0.30814
0.46337 0.31522 0.31231
0.56304 0.43960 0.43764
0.51477 0.43293 0.33031
0.44567 0.44483 0.37528
0.54932 0.59046 0.13706
0.60284 0.48701 0.45721
