20 9 1000 34152 18
0.98019 0.30673 0.23091
0.42536 0.19388 0.96226
0.79291 0.58337 0.16500
0.77802 0.08393 0.63677
0.37268 0.86754 0.49024
0.21859 0.59258 0.84019
0.77269 0.74128 0.87311
0.70887 0.56215 0.51016
0.55443 0.38085 0.51300
0.70203 0.44372 0.53284
0.63278 0.42872 0.51109
0.68517 0.42152 0.51588
0.65709 0.48278 0.46001
0.64368 0.46024 0.47116
0.61076 0.55791 0.60710
0.59588 0.63992 0.59571
0.54892 0.36490 0.67487
0.56605 0.52826 0.55833
0.59777 0.60457 0.44775
0.67371 0.52930 0.76810
0.71736 0.43348 0.50303
0.55467 0.54260 0.58249
0.66377 0.50286 0.49225
0.60217 0.58389 0.51037
0.52702 0.61264 0.62562
0.61777 0.49761 0.64708
0.57459 0.59194 0.50591
0.64857 0.42690 0.59291
0.66425 0.34571 0.60390
0.57417 0.50551 0.50789
0.74146 0.39430 0.49325
0.70291 0.32957 0.58980
0.53641 0.49560 0.69993
0.65781 0.47410 0.54391
0.63071 0.46816 0.57578
0.54321 0.53522 0.67385
0.59738 0.49322 0.53505
0.63844 0.43042 0.52414
0.60514 0.58498 0.52360
0.68574 0.49127 0.46719
0.65860 0.53885 0.71255
0.53933 0.64415 0.45966
0.64174 0.39154 0.64459
0.58750 0.39409 0.60314
0.62574 0.32869 0.63723
0.57029 0.30678 0.72986
0.67645 0.42701 0.49149
0.60579 0.54818 0.47135
0.52043 0.46446 0.68989
0.64630 0.41722 0.57654
0.51974 0.46455 0.60142
0.65736 0.46598 0.51093
0.64444 0.55184 0.51296
0.49874 0.69336 0.60237
0.67654 0.48715 0.62995
0.67753 0.50455 0.58445
0.68770 0.46308 0.51474
0.61291 0.38859 0.60902
0.63911 0.48921 0.55179
0.63731 0.54522 0.65410
0.56148 0.58981 0.68694
0.71473 0.54407 0.65315
0.53989 0.63849 0.53071
0.67031 0.53628 0.55169
0.64663 0.47865 0.49170
0.58505 0.44128 0.66754
0.43568 0.52705 0.71244
0.72966 0.41547 0.56074
0.68643 0.40489 0.51681
0.63657 0.56121 0.56748
0.67354 0.41718 0.55009
0.54025 0.53405 0.56759
0.49953 0.65359 0.56243
0.59447 0.39980 0.60108
0.61735 0.34379 0.60898
0.60184 0.59032 0.61897
0.66766 0.45254 0.49650
0.60624 0.49020 0.67020
0.47483 0.41813 0.75922
0.51140 0.31480 0.75043
0.70121 0.47457 0.43535
0.74353 0.41170 0.44466
0.66176 0.46570 0.66025
0.77962 0.33742 0.44272
0.53941 0.51670 0.64346
0.64507 0.43986 0.53780
0.61494 0.40200 0.59914
0.66969 0.38668 0.59844
0.69973 0.47662 0.50520
0.53854 0.50293 0.54076
0.59822 0.57455 0.49707
0.55063 0.48709 0.60343
0.50325 0.47941 0.68546
0.70821 0.41545 0.55190
0.61054 0.47900 0.62562
0.58073 0.57244 0.69590
0.63651 0.45659 0.61147
0.65344 0.44596 0.49008
0.61126 0.52461 0.48580
0.61778 0.41357 0.60431
0.59688 0.45870 0.62226
0.61006 0.49032 0.53903
0.77314 0.28206 0.50405
0.65423 0.44027 0.49301
0.63408 0.45406 0.60200
0.54730 0.47487 0.56819
0.70322 0.53284 0.46935
0.63481 0.43032 0.54567
0.52746 0.43437 0.68605
0.60364 0.45197 0.61811
0.65475 0.38974 0.59074
0.67588 0.36128 0.63412
0.54738 0.51048 0.59462
0.65699 0.35210 0.55566
0.60500 0.54767 0.54684
0.64311 0.52444 0.45425
0.67779 0.43409 0.51848
0.58833 0.47435 0.62757
0.68699 0.52059 0.52317
0.68924 0.36072 0.57171
0.60912 0.55098 0.53832
0.48926 0.42384 0.72607
0.54926 0.33227 0.74225
0.63388 0.45099 0.55536
0.53075 0.52799 0.55623
0.70555 0.43168 0.48300
0.75557 0.40135 0.38741
0.55994 0.49740 0.58894
0.76305 0.50024 0.55438
0.59368 0.57828 0.48137
0.51863 0.49739 0.69075
0.74573 0.39564 0.52757
0.61069 0.45309 0.58937
0.62453 0.41250 0.58609
0.54924 0.42113 0.61184
0.74474 0.41415 0.46850
0.60359 0.54187 0.71392
0.58936 0.59064 0.58928
0.59685 0.46258 0.56881
0.60260 0.43469 0.56578
0.68198 0.44603 0.52747
0.52650 0.54599 0.57872
0.59646 0.53548 0.47376
0.66512 0.44499 0.41934
0.59399 0.46997 0.56652
0.49243 0.49528 0.61647
0.50888 0.53703 0.59985
0.72694 0.43001 0.46005
0.71338 0.39263 0.53421
0.68283 0.45465 0.45054
0.58323 0.52274 0.57961
0.65010 0.49413 0.47370
0.68701 0.55307 0.65443
0.56441 0.66203 0.50374
0.68870 0.49518 0.45446
0.53645 0.45228 0.69744
0.75110 0.40151 0.55127
0.56677 0.56646 0.51326
0.60628 0.48935 0.55967
0.57558 0.41829 0.60866
0.61324 0.47169 0.70457
0.57468 0.42993 0.62426
0.44705 0.49087 0.68774
0.45039 0.55886 0.70206
0.76137 0.47308 0.45336
0.68065 0.46131 0.54396
0.60631 0.42093 0.59384
0.68419 0.52497 0.54244
0.64971 0.47641 0.65537
0.59329 0.57221 0.50905
0.71441 0.51627 0.44804
0.60591 0.46947 0.66283
0.59440 0.55976 0.45658
0.69278 0.48798 0.50613
0.53325 0.62301 0.60653
0.66764 0.54514 0.45865
0.58623 0.37716 0.66843
0.61442 0.68745 0.62858
0.65214 0.39860 0.60104
0.50444 0.58453 0.65552
0.67815 0.39721 0.49773
0.66520 0.56841 0.43900
0.69474 0.51809 0.46349
0.73260 0.47275 0.54665
0.67512 0.46542 0.53055
0.67313 0.45666 0.57251
0.54759 0.37384 0.70005
0.56832 0.58599 0.59072
0.68577 0.36936 0.49824
0.74210 0.35950 0.53006
0.68956 0.61475 0.71777
0.74116 0.46792 0.41587
0.66463 0.57387 0.51265
0.62325 0.58027 0.42238
0.57309 0.59668 0.68737
0.61289 0.47532 0.63207
0.67286 0.47171 0.52639
0.59019 0.51718 0.57993
0.77920 0.39858 0.40489
0.63496 0.53650 0.63223
0.67285 0.49246 0.52559
0.53872 0.54487 0.55934
0.71904 0.43222 0.47247
0.57080 0.52237 0.58142
0.67083 0.39458 0.54680
0.54682 0.49162 0.61634
0.67573 0.47542 0.68473
0.74556 0.41145 0.38284
0.64725 0.39128 0.56159
0.67290 0.41610 0.53032
0.51836 0.40770 0.64919
0.65230 0.46868 0.51196
0.54756 0.53724 0.64060
0.61209 0.28229 0.70271
0.53735 0.54301 0.56079
0.64624 0.50339 0.55734
0.69557 0.51861 0.55869
0.59655 0.44112 0.63861
0.71042 0.30186 0.65401
0.68508 0.36767 0.57043
0.76432 0.44231 0.40368
0.69375 0.45595 0.52329
0.67434 0.48635 0.66812
0.59016 0.46591 0.65042
0.63001 0.56736 0.56171
0.62599 0.62460 0.79220
0.54413 0.44728 0.62520
0.65867 0.60911 0.61150
0.60357 0.44518 0.58800
0.57804 0.52806 0.54264
0.65209 0.50966 0.60603
0.64946 0.34604 0.66294
0.62872 0.60688 0.55942
0.58523 0.50165 0.67881
0.56305 0.45637 0.61095
0.77564 0.43137 0.41749
0.59199 0.56408 0.61000
0.52184 0.62644 0.73498
0.67898 0.44248 0.53809
0.72790 0.44412 0.44779
0.74424 0.54804 0.55136
0.56530 0.51203 0.58100
0.55863 0.42429 0.60317
0.62871 0.45727 0.53157
0.66506 0.47427 0.53044
0.57190 0.50689 0.59799
0.44579 0.49120 0.71434
0.71388 0.45178 0.46111
0.67045 0.55115 0.43516
0.67353 0.39299 0.58522
0.71037 0.54370 0.42186
0.50041 0.44417 0.64821
0.52312 0.47072 0.59118
0.57489 0.52108 0.63999
0.65134 0.35828 0.56907
0.62349 0.59776 0.55640
0.55617 0.46375 0.66276
0.39280 0.63416 0.65015
0.63949 0.39348 0.60511
0.61935 0.57449 0.53556
0.61661 0.46651 0.51194
0.43531 0.50536 0.71910
0.61172 0.47049 0.61917
0.68813 0.49998 0.50804
0.61938 0.51786 0.68651
0.62518 0.47339 0.47655
0.48861 0.57207 0.59883
0.57356 0.45891 0.60350
0.57743 0.39949 0.62958
0.62973 0.46276 0.70912
0.66299 0.51427 0.50483
0.74524 0.47228 0.32862
0.67035 0.39907 0.55294
0.55630 0.43299 0.71002
0.58146 0.60830 0.49357
0.56565 0.56978 0.57237
0.64191 0.46163 0.56087
0.67376 0.52652 0.47454
0.63517 0.56449 0.59103
0.75466 0.43558 0.47272
0.69717 0.55876 0.62199
0.66414 0.55173 0.50713
0.58235 0.49557 0.64239
0.73354 0.30436 0.57231
0.52411 0.60054 0.68890
0.59679 0.54703 0.58502
0.74306 0.46569 0.36830
0.56024 0.51032 0.63365
0.70539 0.47573 0.41478
0.50138 0.58764 0.62807
0.60885 0.39782 0.69347
0.61498 0.58083 0.50362
0.58535 0.54621 0.52727
0.71871 0.40871 0.55766
0.62854 0.51943 0.50678
0.77063 0.40665 0.55836
0.69153 0.45480 0.56211
0.68309 0.52018 0.49725
0.59481 0.50882 0.56842
0.58209 0.41385 0.61657
0.67974 0.44875 0.49910
0.59223 0.51003 0.64476
0.67445 0.56850 0.45249
0.72391 0.45638 0.40730
0.62515 0.59143 0.65159
0.63442 0.43861 0.51869
0.45916 0.49821 0.69951
0.66270 0.51440 0.52264
0.60840 0.49099 0.53868
0.61604 0.52195 0.48118
0.59144 0.50074 0.62125
0.63378 0.58148 0.56085
0.71322 0.50282 0.48577
0.55001 0.40632 0.65853
0.68311 0.36449 0.55408
0.53898 0.39513 0.69519
0.72126 0.46764 0.48276
0.61816 0.41386 0.65314
0.68221 0.57614 0.60531
0.56347 0.57225 0.62854
0.69649 0.52239 0.55158
0.62015 0.56604 0.60375
0.79481 0.50501 0.45753
0.68899 0.42928 0.55265
0.57244 0.63567 0.55097
0.68837 0.41740 0.50657
0.66237 0.44624 0.68066
0.66090 0.50671 0.49033
0.79759 0.37185 0.45387
0.60257 0.39687 0.67264
0.59950 0.38303 0.59967
0.55341 0.50233 0.67742
0.68480 0.56025 0.53076
0.65899 0.52174 0.43461
0.52330 0.50177 0.57422
0.66401 0.49253 0.54932
0.71493 0.53511 0.55729
0.68429 0.29214 0.56072
0.60132 0.47529 0.60747
0.52387 0.43700 0.64135
0.70137 0.50477 0.50290
0.54951 0.35170 0.64303
0.70665 0.34218 0.53595
0.74149 0.41707 0.41904
0.59395 0.38083 0.69007
0.60814 0.48013 0.53007
0.53316 0.57632 0.59921
0.51623 0.51714 0.66613
0.58153 0.57155 0.50253
0.68290 0.40383 0.63791
0.63876 0.58149 0.65130
0.61529 0.53577 0.51977
0.64600 0.37911 0.63662
0.61085 0.50024 0.74102
0.61619 0.39171 0.57407
0.62134 0.50486 0.59587
0.59217 0.48256 0.59048
0.57482 0.47211 0.58233
0.72506 0.56764 0.59717
0.62357 0.41824 0.56419
0.51901 0.49902 0.61383
0.67769 0.42210 0.53297
0.75306 0.52236 0.64834
0.61080 0.59552 0.57788
0.55866 0.43220 0.66360
0.57936 0.45482 0.62770
0.69498 0.50652 0.63389
0.68991 0.51236 0.57347
0.56625 0.59190 0.66761
0.66580 0.39430 0.63442
0.61522 0.49919 0.49332
0.53677 0.46301 0.62411
0.65350 0.34318 0.59671
0.54731 0.57083 0.56264
0.63698 0.58938 0.45422
0.71272 0.40510 0.48001
0.68648 0.38715 0.57318
0.65996 0.46117 0.65945
0.59821 0.47340 0.72019
0.51936 0.63075 0.52382
0.50606 0.51196 0.62554
0.64591 0.68725 0.45293
0.68781 0.47434 0.47164
0.70724 0.43674 0.50908
0.76472 0.51587 0.53223
0.58086 0.38888 0.63122
0.68671 0.55702 0.56725
0.59129 0.52543 0.54297
0.61146 0.46745 0.53610
0.55490 0.49883 0.61965
0.65119 0.45110 0.76407
0.63388 0.55983 0.58080
0.66513 0.42728 0.50555
0.69948 0.51503 0.58429
0.71275 0.49312 0.41097
0.64150 0.44685 0.48902
0.58037 0.64849 0.43932
0.67072 0.41786 0.55319
0.55613 0.55768 0.53274
0.55982 0.60038 0.65257
0.75116 0.52222 0.39884
0.46243 0.52736 0.76092
0.61392 0.39609 0.66461
0.66691 0.30965 0.60619
0.57209 0.54218 0.60791
0.58542 0.41350 0.64067
0.54852 0.54972 0.58327
0.49066 0.52370 0.66799
0.52719 0.43478 0.71644
0.50993 0.53987 0.58957
0.51997 0.52754 0.55430
0.55893 0.51621 0.67904
0.63135 0.55083 0.61608
0.64693 0.46629 0.63672
0.67650 0.57678 0.55910
0.50864 0.55518 0.59723
0.69309 0.49009 0.51521
0.56068 0.51006 0.52455
0.65191 0.48623 0.44822
0.54467 0.52565 0.64585
0.74977 0.43137 0.51523
0.78495 0.38162 0.44180
0.56513 0.47687 0.58860
0.75034 0.52443 0.35593
0.56634 0.47205 0.57640
0.59996 0.40787 0.60296
0.62531 0.36588 0.62161
0.57943 0.54483 0.57750
0.60287 0.56750 0.50196
0.61324 0.43908 0.55071
0.70874 0.38309 0.52442
0.58070 0.39698 0.61063
0.66498 0.32845 0.69757
0.57571 0.46776 0.61621
0.53211 0.46927 0.65594
0.61587 0.46858 0.53294
0.66238 0.36545 0.55851
0.74057 0.44832 0.60446
0.69185 0.35631 0.52866
0.71151 0.34603 0.51826
0.67916 0.53457 0.59006
0.48258 0.37023 0.73365
0.59971 0.51925 0.54176
0.67358 0.54839 0.44004
0.61737 0.44197 0.61386
0.61995 0.47511 0.49387
0.58937 0.51887 0.56360
0.61502 0.49215 0.51474
0.64794 0.33765 0.60558
0.55386 0.51703 0.59772
0.70859 0.55469 0.44762
0.56742 0.46821 0.58267
0.51254 0.36296 0.66521
0.60221 0.48993 0.63275
0.57345 0.46295 0.55843
0.76289 0.48437 0.45576
0.55076 0.49946 0.59679
0.59631 0.54294 0.50327
0.58564 0.51869 0.58510
0.68754 0.43360 0.50065
0.63752 0.44386 0.63344
0.66904 0.57402 0.52777
0.65347 0.60972 0.56052
0.67335 0.66215 0.46026
0.57864 0.29925 0.69106
0.79228 0.35391 0.38476
0.59175 0.38175 0.63267
0.67356 0.43378 0.54560
0.54950 0.47750 0.61761
0.58190 0.36281 0.61172
0.57217 0.43829 0.73733
0.60386 0.48920 0.64530
0.58861 0.53359 0.74066
0.55043 0.45436 0.66500
0.65829 0.47596 0.67022
0.62983 0.45371 0.62707
0.60091 0.52011 0.66327
0.71506 0.44792 0.43236
0.53579 0.52038 0.82078
0.75997 0.45039 0.49626
0.61643 0.44937 0.52480
0.59045 0.57502 0.71877
0.73242 0.49831 0.39685
0.76086 0.29153 0.55876
0.66826 0.32985 0.50689
0.61890 0.48875 0.59007
0.62862 0.41435 0.66416
0.55463 0.50215 0.65775
0.50810 0.52580 0.64438
0.62785 0.37280 0.57600
0.67541 0.47899 0.48552
0.69287 0.59479 0.72247
0.69791 0.49700 0.46971
0.70545 0.56192 0.49310
0.66221 0.44348 0.60656
0.64961 0.54324 0.61152
0.67393 0.53640 0.41744
0.69751 0.39463 0.50399
0.53571 0.57057 0.65287
0.67520 0.49542 0.52315
0.69800 0.45891 0.53137
0.55394 0.54681 0.55879
0.54944 0.61556 0.47057
0.65923 0.52879 0.63028
0.77755 0.37822 0.43620
0.54998 0.39404 0.68057
0.62448 0.54713 0.43202
0.42415 0.50062 0.71787
0.67160 0.37992 0.62728
0.41039 0.55859 0.73206
0.60108 0.53759 0.54766
0.58936 0.53069 0.55366
0.52602 0.38931 0.67249
0.61494 0.42555 0.64388
0.60583 0.54419 0.45744
0.64620 0.37190 0.68783
0.65103 0.43292 0.54719
0.65468 0.48328 0.52948
0.63803 0.59097 0.61678
0.54075 0.60085 0.61130
0.51955 0.36042 0.77305
0.61712 0.47371 0.59918
0.54061 0.43392 0.65423
0.61765 0.36137 0.61174
0.64373 0.34341 0.57864
0.55075 0.39738 0.66855
0.57440 0.47384 0.62020
0.65618 0.50583 0.44707
0.62413 0.44566 0.52000
0.65908 0.46209 0.59020
0.49038 0.52893 0.72253
0.49423 0.55200 0.57927
0.62825 0.48290 0.60420
0.62031 0.47573 0.48501
0.62873 0.55963 0.53871
0.56802 0.52427 0.56255
0.65410 0.58388 0.60904
0.64778 0.63756 0.49370
0.59927 0.43952 0.51301
0.44958 0.58708 0.63642
0.73530 0.31129 0.50174
0.65661 0.50699 0.59378
0.57241 0.41653 0.60242
0.56282 0.44870 0.67750
0.55234 0.34240 0.83121
0.56073 0.47258 0.65358
0.48324 0.56857 0.62609
0.70510 0.56056 0.59644
0.70625 0.38486 0.44769
0.49835 0.59054 0.63670
0.66886 0.42444 0.66432
0.69887 0.57310 0.71676
0.63817 0.41429 0.61987
0.52613 0.46752 0.62163
0.65438 0.50926 0.59341
0.68927 0.54027 0.61732
0.65157 0.45286 0.55583
0.54717 0.43539 0.69036
0.66797 0.41100 0.63816
0.72373 0.38074 0.48480
0.62091 0.29073 0.67333
0.57181 0.40313 0.62014
0.70944 0.27636 0.61879
0.61453 0.34933 0.72498
0.60722 0.48545 0.63444
0.70186 0.35883 0.53520
0.64661 0.43626 0.57738
0.59374 0.48228 0.58933
0.64921 0.47789 0.58927
0.48067 0.54141 0.68620
0.55581 0.44320 0.69077
0.75656 0.46858 0.50924
0.78178 0.41041 0.48470
0.67817 0.50243 0.49694
0.61450 0.38159 0.60810
0.68055 0.46293 0.58386
0.56925 0.33419 0.70590
0.62110 0.47227 0.51152
0.58863 0.33287 0.57667
0.59511 0.45767 0.56264
0.66843 0.47760 0.48779
0.62909 0.51920 0.69985
0.56225 0.58187 0.52664
0.62334 0.36637 0.61442
0.73541 0.55360 0.56292
0.73907 0.56137 0.39135
0.61830 0.51919 0.61444
0.61718 0.48881 0.62602
0.62049 0.48562 0.56036
0.72027 0.43551 0.52430
0.64191 0.51401 0.45091
0.69542 0.55023 0.36229
0.52052 0.55144 0.64836
0.61053 0.61982 0.48168
0.67867 0.45502 0.47204
0.56336 0.48406 0.61254
0.75652 0.37571 0.54394
0.53630 0.43433 0.64380
0.67614 0.38773 0.50736
0.68066 0.35786 0.63412
0.57805 0.40608 0.64430
0.72487 0.35251 0.50512
0.72619 0.46652 0.44235
0.58512 0.35634 0.65756
0.72585 0.48585 0.61326
0.63690 0.47718 0.51765
0.63959 0.37650 0.58645
0.57105 0.47213 0.57109
0.61630 0.60634 0.44958
0.61390 0.56650 0.56363
0.67705 0.42129 0.64157
0.66463 0.56824 0.58052
0.63919 0.47976 0.59863
0.54131 0.45018 0.74156
0.60286 0.45358 0.51313
0.47786 0.48702 0.69680
0.56895 0.32544 0.70405
0.49322 0.57364 0.61381
0.59160 0.43416 0.57503
0.57833 0.48343 0.57291
0.64024 0.50378 0.68159
0.69910 0.47056 0.57166
0.66935 0.50300 0.58187
0.64658 0.44064 0.52795
0.72435 0.47540 0.43224
0.58655 0.50210 0.55063
0.60653 0.29744 0.75200
0.73161 0.41297 0.39286
0.53013 0.38521 0.70779
0.64686 0.29588 0.61350
0.61124 0.41808 0.65165
0.65701 0.50754 0.59874
0.71645 0.48503 0.38603
0.65779 0.49228 0.42265
0.73040 0.55829 0.53396
0.58710 0.53346 0.70247
0.52714 0.56651 0.70228
0.53093 0.42202 0.70604
0.52187 0.62264 0.66994
0.56508 0.46366 0.64851
0.57402 0.41241 0.61726
0.49747 0.43913 0.69208
0.57879 0.37461 0.59057
0.67605 0.53969 0.54057
0.56702 0.61160 0.71761
0.64312 0.41598 0.62252
0.62434 0.55087 0.67750
0.56977 0.47050 0.69409
0.59566 0.34260 0.67163
0.53504 0.42558 0.73895
0.64322 0.35778 0.61420
0.56388 0.56785 0.56766
0.62253 0.58096 0.60072
0.72410 0.42154 0.43867
0.63238 0.54226 0.65901
0.73839 0.52571 0.51659
0.71288 0.39959 0.60917
0.50183 0.57759 0.61973
0.61863 0.37143 0.69130
0.40433 0.55721 0.71133
0.58591 0.38728 0.60073
0.66077 0.47314 0.56397
0.55163 0.45336 0.58902
0.60526 0.60237 0.55706
0.59358 0.47678 0.67323
0.51487 0.55309 0.58831
0.72318 0.40075 0.59616
0.62678 0.63002 0.51066
0.69697 0.51281 0.48703
0.63121 0.55699 0.49029
0.61963 0.40776 0.64642
0.48804 0.53588 0.67600
0.66342 0.45445 0.63352
0.61525 0.45461 0.52540
0.67731 0.40608 0.53162
0.56693 0.45386 0.57675
0.58056 0.51511 0.57663
0.70571 0.36883 0.54304
0.76232 0.39781 0.40118
0.60258 0.47093 0.54387
0.57729 0.41958 0.55146
0.64582 0.48777 0.56979
0.54654 0.41801 0.73892
0.58747 0.43926 0.63054
0.62006 0.51068 0.53905
0.62747 0.40371 0.60872
0.60277 0.40311 0.62782
0.68227 0.49416 0.63260
0.59708 0.49991 0.69766
0.49404 0.57946 0.66078
0.65030 0.52192 0.70188
0.53891 0.51214 0.55271
0.60214 0.54022 0.68138
0.61398 0.53259 0.63522
0.45355 0.68495 0.59148
0.71192 0.37942 0.55184
0.69681 0.46903 0.44083
0.53223 0.44098 0.56637
0.50972 0.34811 0.76635
0.59091 0.31646 0.63085
0.57328 0.45850 0.61247
0.63485 0.33774 0.58497
0.61252 0.55334 0.42868
0.64731 0.49256 0.43836
0.61670 0.42814 0.55673
0.68840 0.52254 0.40969
0.68333 0.44116 0.47752
0.58240 0.44545 0.64132
0.55970 0.57123 0.63338
0.68292 0.57286 0.41376
0.66573 0.56913 0.43145
0.63073 0.50627 0.56064
0.54514 0.46171 0.59124
0.48299 0.47549 0.75050
0.61979 0.52740 0.49096
0.64261 0.42643 0.60376
0.62075 0.47168 0.59397
0.70143 0.45093 0.49067
0.64022 0.54221 0.50299
0.58183 0.49962 0.57482
0.70034 0.55050 0.67804
0.46674 0.50521 0.67037
0.66058 0.57552 0.56194
0.62444 0.56737 0.66770
0.59268 0.35307 0.61366
0.61000 0.51865 0.52698
0.65981 0.38058 0.58971
0.67079 0.43858 0.52343
0.72668 0.39346 0.47834
0.58473 0.61887 0.81092
0.61555 0.41074 0.58287
0.59374 0.59413 0.53930
0.53047 0.47958 0.56793
0.65491 0.51566 0.60882
0.64270 0.44177 0.52745
0.56543 0.42782 0.66756
0.71652 0.42821 0.45441
0.65641 0.40746 0.61110
0.62503 0.34913 0.56969
0.53511 0.41870 0.63608
0.50285 0.64834 0.58676
0.60543 0.38208 0.61233
0.63091 0.59554 0.62662
0.73644 0.55265 0.44298
0.60954 0.34549 0.61461
0.53730 0.51171 0.60737
0.54591 0.57845 0.59164
0.67828 0.39070 0.54984
0.68262 0.41673 0.56899
0.72198 0.47220 0.64534
0.59098 0.49747 0.54718
0.52815 0.54356 0.58677
0.64204 0.47785 0.67604
0.53547 0.49946 0.66104
0.63846 0.50240 0.58055
0.62930 0.45662 0.52711
0.52996 0.60815 0.52881
0.73691 0.46252 0.51139
0.55882 0.31304 0.72281
0.61977 0.38704 0.60363
0.67019 0.51263 0.38603
0.54078 0.28387 0.76951
0.61938 0.57176 0.55773
0.62367 0.37489 0.58267
0.71407 0.36793 0.49604
0.66668 0.62779 0.43747
0.46139 0.45488 0.73331
0.60334 0.44896 0.50703
0.62816 0.47931 0.55005
0.67677 0.55433 0.43886
0.60323 0.43294 0.57544
0.57551 0.52047 0.58740
0.60255 0.48036 0.66373
0.74153 0.42151 0.46285
0.70038 0.42287 0.68301
0.65980 0.40761 0.53185
0.78783 0.39311 0.52308
0.51704 0.52965 0.55248
0.61947 0.57853 0.47835
0.66075 0.50846 0.46161
0.63706 0.50058 0.50272
0.58561 0.53667 0.50082
0.68399 0.48693 0.61364
0.63512 0.56114 0.48963
0.64312 0.49355 0.55932
0.59798 0.57552 0.66321
0.58838 0.56575 0.64560
0.70714 0.42858 0.71000
0.67746 0.46542 0.49053
0.51140 0.43865 0.76665
0.57376 0.44637 0.54151
0.53589 0.56609 0.56192
0.64772 0.53055 0.58440
0.64924 0.47443 0.52258
0.61568 0.52152 0.52377
0.57069 0.42030 0.64797
0.72740 0.52338 0.34950
0.62959 0.52449 0.61684
0.61361 0.45547 0.58037
0.68724 0.41819 0.50632
0.68643 0.41119 0.53010
0.59745 0.52143 0.59119
0.68063 0.46938 0.47850
0.54605 0.60858 0.68081
0.70699 0.52057 0.65099
0.65036 0.53484 0.56702
0.60000 0.37786 0.62324
0.77624 0.51012 0.40274
0.61425 0.31111 0.65117
0.42222 0.55947 0.68242
0.59075 0.52833 0.55933
0.65945 0.34934 0.60767
0.54530 0.42337 0.65468
0.50792 0.53902 0.57178
0.63786 0.47911 0.67169
0.62306 0.47799 0.72722
0.63316 0.41506 0.52967
0.55761 0.61568 0.52156
0.60869 0.38332 0.55809
0.50590 0.54620 0.63893
0.61886 0.48929 0.66382
0.63942 0.39157 0.55007
0.53312 0.54402 0.59536
0.67612 0.42025 0.57163
0.62913 0.51736 0.57537
0.72421 0.34135 0.57271
0.54824 0.38411 0.71646
0.54820 0.49501 0.64368
0.66482 0.34480 0.51183
0.55523 0.39782 0.66545
0.64330 0.46233 0.54908
0.55046 0.53176 0.61988
0.62335 0.57317 0.59831
0.62722 0.42254 0.62804
0.70133 0.42396 0.57992
0.62644 0.61058 0.64717
0.69489 0.36674 0.63839
0.74180 0.39909 0.47576
0.68432 0.61183 0.52261
0.57236 0.50290 0.59503
0.64758 0.38253 0.50681
0.62954 0.50748 0.61343
0.66281 0.49512 0.58208
0.57350 0.43813 0.57745
0.72361 0.51522 0.36776
0.59337 0.49188 0.75601
0.63287 0.43669 0.53970
0.68110 0.54359 0.63457
0.58439 0.47715 0.56492
0.64637 0.45402 0.57837
0.51331 0.56598 0.57914
0.53458 0.58969 0.75228
0.61348 0.39500 0.68336
0.66703 0.47005 0.50425
0.70201 0.42842 0.59602
0.55944 0.65943 0.54199
0.51830 0.38775 0.73721
0.52324 0.31290 0.71737
0.53202 0.56828 0.68745
0.54450 0.45883 0.60545
0.75808 0.41695 0.49731
0.67530 0.56091 0.55536
0.51892 0.48616 0.61729
0.75313 0.49723 0.57666
0.55074 0.45304 0.65714
0.68274 0.40214 0.48902
0.62001 0.46379 0.63619
0.59163 0.47898 0.56447
0.68560 0.39840 0.57562
0.43338 0.67884 0.59495
0.48118 0.62276 0.58353
0.52812 0.58320 0.58408
0.56517 0.49877 0.61869
0.62169 0.51811 0.57025
0.48168 0.49102 0.65895
0.49067 0.69285 0.64738
0.66246 0.48600 0.71372
0.71514 0.57867 0.44280
0.59683 0.42347 0.59753
0.71381 0.52724 0.52533
0.64849 0.43493 0.60443
0.65029 0.51771 0.65376
0.73583 0.46523 0.38216
0.49420 0.61253 0.64899
0.64597 0.50421 0.58869
0.64024 0.41588 0.58659
0.70843 0.53772 0.35191
0.63823 0.47915 0.58161
0.66953 0.49052 0.44425
0.70203 0.36504 0.52564
0.58897 0.49475 0.68932
0.62392 0.41077 0.58926
0.63104 0.43717 0.66301
0.64535 0.48368 0.61778
0.53487 0.49560 0.59103
0.57237 0.38055 0.64290
0.53778 0.63777 0.50195
0.62152 0.46438 0.61878
0.70027 0.46714 0.50847
0.60483 0.54252 0.56896
0.71059 0.35789 0.56402
0.71704 0.34432 0.56140
0.56982 0.43913 0.59429
0.67332 0.49507 0.46810
0.61248 0.52186 0.57960
0.67576 0.55460 0.54149
0.52090 0.55317 0.54674
0.54054 0.44692 0.67803
0.61867 0.50405 0.50592
0.69758 0.44924 0.47592
0.73491 0.58213 0.62458
0.51823 0.51467 0.64133
0.67221 0.54405 0.38116
0.66453 0.49246 0.54777
0.54191 0.52354 0.55017
0.60537 0.47761 0.58169
0.61320 0.44875 0.62941
0.63048 0.52056 0.53883
0.68663 0.44696 0.63899
0.71171 0.36884 0.58644
0.60132 0.50486 0.60528
0.71820 0.53099 0.62042
0.53805 0.42183 0.62356
0.53549 0.47970 0.59985
0.72141 0.35997 0.56762
0.79229 0.46171 0.40749
0.64691 0.57642 0.45842
0.71220 0.48574 0.51454
0.55035 0.40280 0.70539
0.50048 0.51027 0.69361
0.56628 0.45096 0.60359
0.66492 0.50667 0.51452
0.61224 0.35937 0.63352
0.61559 0.39690 0.62828
0.57231 0.37302 0.62800
0.66939 0.48301 0.39191
0.61294 0.40132 0.62378
0.61360 0.45389 0.61495
0.61073 0.54736 0.67245
0.53150 0.44078 0.66302
0.64915 0.39780 0.49649
0.53879 0.49078 0.63187
0.73939 0.30785 0.52252
0.69368 0.46435 0.53480
0.51078 0.52450 0.55569
0.56216 0.50535 0.61723
0.64219 0.36687 0.61333
0.56560 0.52220 0.59975
0.70553 0.55187 0.57044
0.65638 0.54047 0.51091
0.70769 0.49632 0.49038
0.63279 0.47809 0.55291
0.65306 0.50393 0.52488
0.60800 0.58388 0.72229
0.52876 0.48282 0.61470
0.69272 0.35504 0.53021
0.52238 0.50029 0.61428
0.59538 0.40277 0.58279
0.57972 0.43656 0.63470
0.57403 0.44238 0.63157
0.54942 0.43317 0.73113
0.54750 0.55816 0.55135
0.84959 0.45545 0.49163
0.60094 0.36229 0.62193
0.59616 0.35989 0.65952
0.59763 0.60937 0.54242
0.65756 0.58226 0.62221
0.71713 0.50232 0.48895
0.63787 0.55479 0.57803
0.57669 0.37305 0.67162
0.53432 0.53597 0.68512
0.62918 0.40408 0.58999
0.58657 0.42134 0.63471
0.61082 0.43024 0.61822
0.56956 0.63744 0.51813
0.52050 0.57600 0.52613
0.55176 0.47612 0.59498
0.72299 0.63443 0.70126
0.68921 0.51153 0.61898
0.59751 0.49013 0.58458
0.74618 0.49135 0.51032
0.60128 0.38943 0.65738
0.57654 0.47239 0.61692
0.67954 0.54575 0.45066
0.73342 0.41017 0.41153
0.54811 0.47303 0.54632
0.51817 0.23700 0.83140
0.57288 0.55779 0.62016
0.59994 0.39474 0.58947
0.69760 0.48791 0.53238
0.63174 0.43939 0.62137
0.59957 0.51744 0.53749
0.65426 0.49538 0.49427
0.62965 0.55039 0.59290
0.60155 0.36108 0.65620
0.60851 0.51338 0.49867
0.65797 0.36703 0.61738
0.50093 0.51606 0.68959
0.65234 0.53552 0.63656
0.72939 0.54817 0.63141
0.68931 0.53141 0.57226
0.60446 0.52489 0.62044
0.64617 0.55265 0.42086
0.65940 0.54721 0.61318
0.59192 0.46427 0.48836
0.54187 0.57035 0.59212
0.68922 0.45435 0.46659
0.43758 0.61233 0.72486
0.64648 0.54565 0.44661
