20 17 1000 5902 20
0.57779 0.77908 0.11897
0.14734 0.75005 0.94830
0.64120 0.59166 0.42174
0.56483 0.92089 0.93485
0.27503 0.52507 0.27554
0.37417 0.27309 0.05615
0.26584 0.63237 0.73538
0.33792 0.44764 0.59231
0.05005 0.59650 0.01019
0.10473 0.79842 0.23393
0.60336 0.60970 0.22906
0.95893 0.99836 0.00767
0.21711 0.09644 0.18356
0.55412 0.56364 0.74143
0.12036 0.91153 0.35742
0.83348 0.97023 0.44662
0.26049 0.10156 0.15915
0.29380 0.63743 0.40343
0.38951 0.55487 0.29469
0.38630 0.52765 0.24969
0.46972 0.62995 0.30942
0.35313 0.63128 0.40290
0.36794 0.68367 0.35537
0.32405 0.56974 0.40823
0.42356 0.63433 0.47644
0.59154 0.74240 0.20000
0.45928 0.71383 0.37065
0.31488 0.56569 0.35404
0.41268 0.53414 0.44454
0.36036 0.68454 0.42267
0.39894 0.56700 0.42008
0.43702 0.61235 0.48725
0.31329 0.57645 0.26697
0.34254 0.53661 0.39515
0.36186 0.65641 0.46712
0.32654 0.59332 0.38095
0.39317 0.53558 0.42212
0.47006 0.71831 0.42900
0.49979 0.65841 0.45720
0.47928 0.70546 0.41679
0.43432 0.62455 0.33675
0.38014 0.62269 0.31117
0.36768 0.69397 0.49797
0.45004 0.64608 0.33997
0.30567 0.65936 0.44023
0.39264 0.59498 0.32382
0.30870 0.58995 0.28496
0.36382 0.58790 0.42408
0.29555 0.51285 0.36108
0.37489 0.54200 0.46902
0.39311 0.71785 0.31170
0.41099 0.52019 0.33838
0.37985 0.70019 0.56986
0.41446 0.64182 0.38386
0.40461 0.43006 0.33445
0.39442 0.58355 0.38829
0.43323 0.62530 0.44005
0.39688 0.60624 0.33502
0.39439 0.64799 0.31542
0.40288 0.69088 0.41243
0.44170 0.51483 0.28503
0.39741 0.68663 0.51560
0.40338 0.61732 0.38578
0.40389 0.62744 0.45898
0.35540 0.63207 0.40020
0.33550 0.65759 0.46092
0.44130 0.66837 0.45263
0.42311 0.67884 0.38812
0.33102 0.59732 0.47932
0.32949 0.60126 0.49847
0.36456 0.68838 0.39932
0.36340 0.72692 0.38611
0.38636 0.61186 0.54255
0.36645 0.51949 0.21022
0.31054 0.66552 0.31679
0.36237 0.61964 0.48451
0.41849 0.60693 0.44314
0.41792 0.62874 0.31356
0.39319 0.61339 0.48713
0.41572 0.58274 0.32898
0.32760 0.57686 0.29193
0.43921 0.70315 0.45523
0.34726 0.72418 0.37396
0.40531 0.64419 0.33190
0.50070 0.69422 0.53750
0.43955 0.60758 0.43991
0.36701 0.60324 0.43427
0.45125 0.66295 0.41429
0.28072 0.58331 0.28574
0.36281 0.61681 0.36499
0.36457 0.54519 0.33895
0.38661 0.58041 0.30491
0.44793 0.57195 0.40606
0.31373 0.62267 0.44317
0.30945 0.62436 0.38874
0.35170 0.62094 0.47945
0.41202 0.65079 0.51180
0.29452 0.62681 0.37039
0.48524 0.64346 0.29722
0.38777 0.59209 0.32904
0.32308 0.55077 0.41246
0.34289 0.55787 0.46269
0.47697 0.64231 0.39726
0.33857 0.61503 0.44375
0.49893 0.73822 0.34828
0.33750 0.62363 0.34448
0.44611 0.62391 0.28849
0.34170 0.63629 0.35039
0.36600 0.63534 0.36510
0.41989 0.67222 0.50405
0.40865 0.67194 0.38903
0.42998 0.55530 0.31686
0.39611 0.61176 0.33113
0.48786 0.76118 0.37631
0.39436 0.68585 0.47089
0.33694 0.59365 0.38002
0.46225 0.52200 0.35631
0.36059 0.52496 0.36291
0.47154 0.64075 0.55114
0.34784 0.56553 0.34445
0.45929 0.58993 0.48234
0.48654 0.64801 0.37993
0.46021 0.68381 0.37664
0.34519 0.51005 0.36160
0.39315 0.61961 0.41710
0.42621 0.66054 0.34542
0.47239 0.71632 0.45556
0.45445 0.64278 0.44219
0.45587 0.63379 0.45427
0.39921 0.57477 0.41675
0.36984 0.61946 0.46169
0.33378 0.52966 0.30020
0.38183 0.58862 0.32980
0.49765 0.68068 0.44624
0.38271 0.64002 0.44560
0.43984 0.71205 0.49227
0.32033 0.65213 0.45358
0.45784 0.70658 0.39337
0.37415 0.67181 0.46201
0.48421 0.64645 0.38808
0.34325 0.59654 0.30204
0.43475 0.61098 0.37944
0.42781 0.64252 0.48226
0.40120 0.58521 0.41720
0.38507 0.53901 0.35047
0.41147 0.62685 0.45226
0.41581 0.61052 0.45433
0.48353 0.66142 0.36680
0.34336 0.59096 0.36096
0.45640 0.64394 0.34870
0.44616 0.66915 0.37691
0.43826 0.60576 0.36962
0.41332 0.60766 0.41999
0.47502 0.61584 0.27307
0.35127 0.54493 0.39059
0.43937 0.63435 0.38715
0.31344 0.56295 0.39022
0.47846 0.73591 0.46410
0.42297 0.60220 0.48989
0.48721 0.78444 0.48006
0.41880 0.68550 0.46904
0.46448 0.70030 0.34164
0.42183 0.67593 0.39781
0.45619 0.61695 0.42575
0.32580 0.66846 0.53492
0.46579 0.54295 0.28788
0.46718 0.58222 0.33549
0.42165 0.64920 0.25036
0.35005 0.65707 0.33577
0.37536 0.56206 0.45095
0.31618 0.61937 0.37959
0.41750 0.53991 0.41703
0.35614 0.60383 0.46823
0.35778 0.46536 0.35414
0.41147 0.70132 0.39224
0.50179 0.73289 0.42019
0.35830 0.59999 0.39305
0.38072 0.52258 0.30622
0.28352 0.45855 0.33520
0.40876 0.56043 0.31190
0.43388 0.62705 0.38914
0.47091 0.70088 0.43799
0.42391 0.56377 0.34225
0.54991 0.72842 0.43170
0.29945 0.75430 0.36293
0.38809 0.59781 0.29288
0.35997 0.72924 0.49836
0.42002 0.64633 0.35622
0.39922 0.65340 0.34898
0.35343 0.68703 0.42133
0.44858 0.64366 0.49631
0.33750 0.63540 0.39146
0.43588 0.68182 0.39154
0.46247 0.67529 0.24869
0.40878 0.58488 0.41137
0.43008 0.69143 0.24353
0.48446 0.66221 0.37300
0.41543 0.53555 0.29085
0.37470 0.58996 0.41699
0.32125 0.46969 0.35371
0.42910 0.61127 0.41225
0.45203 0.64825 0.43691
0.33681 0.62317 0.46449
0.46641 0.68104 0.44736
0.40528 0.66662 0.44139
0.34978 0.41900 0.35720
0.26807 0.55115 0.26896
0.49719 0.67724 0.30345
0.33434 0.53218 0.33100
0.51775 0.67393 0.40363
0.35821 0.65108 0.24976
0.38603 0.51385 0.48879
0.34724 0.48898 0.38719
0.41763 0.48589 0.39149
0.40047 0.61534 0.48388
0.40354 0.66374 0.49894
0.42790 0.68520 0.26609
0.35371 0.66425 0.45236
0.41696 0.58339 0.31467
0.37417 0.55930 0.41394
0.32128 0.67588 0.37248
0.36601 0.64832 0.35165
0.34776 0.64541 0.46460
0.45947 0.64863 0.23169
0.32102 0.41112 0.33369
0.47808 0.59713 0.33924
0.39906 0.66587 0.31021
0.33684 0.66070 0.33152
0.37480 0.65143 0.32472
0.37263 0.61357 0.35790
0.41557 0.68901 0.37132
0.41795 0.58741 0.42063
0.40527 0.66318 0.32939
0.40760 0.57966 0.35372
0.34625 0.63326 0.35619
0.34450 0.55731 0.31243
0.34712 0.59241 0.23565
0.30632 0.60748 0.39250
0.42844 0.58204 0.41142
0.28861 0.60583 0.54337
0.36198 0.76843 0.39171
0.37261 0.61209 0.39148
0.35098 0.64118 0.31754
0.44545 0.66259 0.38076
0.42833 0.66162 0.37303
0.42452 0.61508 0.34042
0.43401 0.64164 0.44509
0.36562 0.61972 0.32643
0.49911 0.68538 0.27844
0.39695 0.62533 0.43962
0.46184 0.64415 0.36660
0.38056 0.56387 0.40854
0.40650 0.67475 0.41435
0.38133 0.62624 0.43180
0.39638 0.52413 0.31430
0.43826 0.56508 0.44806
0.40334 0.47455 0.25423
0.33595 0.68265 0.39373
0.36506 0.59370 0.37576
0.30797 0.64725 0.38199
0.56035 0.74387 0.25331
0.42672 0.60633 0.27927
0.37103 0.56261 0.38895
0.34299 0.64829 0.39525
0.38545 0.62096 0.47472
0.37410 0.60659 0.33145
0.45897 0.65424 0.44533
0.42290 0.60038 0.43941
0.36406 0.60448 0.42742
0.42844 0.61834 0.35786
0.42263 0.55726 0.35162
0.45382 0.66792 0.43477
0.34625 0.60334 0.47354
0.46968 0.60148 0.36019
0.40001 0.61004 0.31168
0.46455 0.68041 0.43958
0.36673 0.67125 0.34949
0.40398 0.56611 0.45073
0.44524 0.71837 0.50299
0.40179 0.58165 0.36301
0.37476 0.49924 0.33078
0.45735 0.69954 0.45575
0.37028 0.66737 0.44620
0.42246 0.65197 0.38975
0.37178 0.58698 0.31369
0.44258 0.54527 0.31062
0.31321 0.60409 0.25438
0.56675 0.72250 0.21381
0.41198 0.59938 0.33702
0.35589 0.40103 0.28608
0.43549 0.70328 0.40734
0.38440 0.60862 0.30863
0.49523 0.67123 0.42430
0.37903 0.74626 0.39998
0.53084 0.70162 0.31642
0.40690 0.57685 0.39146
0.40252 0.65651 0.48745
0.41654 0.72072 0.40428
0.37690 0.57463 0.39914
0.25869 0.67615 0.28052
0.45555 0.62453 0.36001
0.31087 0.36260 0.31258
0.31045 0.76291 0.41359
0.43713 0.70876 0.33470
0.46143 0.51380 0.28029
0.38155 0.49565 0.38068
0.29108 0.56939 0.39261
0.30669 0.64770 0.38179
0.42012 0.68354 0.26311
0.42046 0.64693 0.36586
0.41562 0.68874 0.44191
0.49154 0.63774 0.40148
0.41424 0.53920 0.26758
0.35393 0.60179 0.45099
0.49284 0.71208 0.41666
0.35313 0.49959 0.31681
0.36264 0.64356 0.33637
0.46415 0.67170 0.31479
0.37311 0.64530 0.45919
0.44376 0.60185 0.38321
0.51071 0.69405 0.39589
0.42766 0.61223 0.50178
0.43158 0.63630 0.42394
0.38596 0.63745 0.43593
0.40347 0.61324 0.41847
0.42732 0.66022 0.38277
0.43009 0.70635 0.39691
0.40353 0.70436 0.38116
0.39489 0.61151 0.31970
0.38485 0.69717 0.42115
0.47967 0.68172 0.50088
0.39107 0.59087 0.38802
0.37485 0.57885 0.38389
0.36625 0.65068 0.31266
0.49034 0.76616 0.32238
0.44397 0.54705 0.26486
0.53258 0.65856 0.32846
0.34650 0.60532 0.52637
0.55567 0.79479 0.19379
0.41536 0.55202 0.25317
0.33229 0.67341 0.38467
0.26187 0.64795 0.34790
0.42980 0.49865 0.35376
0.42490 0.54558 0.35685
0.39491 0.54375 0.37149
0.36498 0.66489 0.37941
0.35181 0.53899 0.33945
0.36778 0.63628 0.47777
0.35709 0.72754 0.31771
0.42613 0.58076 0.36674
0.35978 0.62043 0.40770
0.38562 0.66457 0.51719
0.33180 0.53349 0.31550
0.44429 0.55653 0.27024
0.33850 0.54959 0.37624
0.44628 0.74540 0.50649
0.37678 0.61708 0.38031
0.43951 0.66937 0.38062
0.39491 0.68512 0.34545
0.43929 0.59246 0.44289
0.36716 0.57911 0.35941
0.40191 0.61228 0.30847
0.34986 0.55235 0.46174
0.39552 0.57201 0.34369
0.32161 0.64227 0.35780
0.39542 0.55731 0.36198
0.37873 0.67581 0.58452
0.33441 0.56373 0.32429
0.45726 0.62707 0.41463
0.53519 0.77077 0.45301
0.41137 0.59702 0.39856
0.52221 0.65511 0.35286
0.40865 0.60612 0.37186
0.36436 0.59775 0.35741
0.37982 0.70845 0.45906
0.44170 0.66742 0.41295
0.43442 0.68330 0.48591
0.35771 0.56688 0.31212
0.43367 0.70184 0.36702
0.46720 0.62546 0.33955
0.39940 0.51670 0.29912
0.47253 0.56312 0.26447
0.36968 0.70793 0.46681
0.29726 0.65209 0.39436
0.41602 0.55886 0.38341
0.32163 0.58055 0.46684
0.28591 0.59561 0.24508
0.33854 0.64142 0.56242
0.50704 0.57936 0.38320
0.33010 0.57806 0.39865
0.44163 0.67581 0.38562
0.34468 0.50372 0.28482
0.35613 0.59995 0.39624
0.43486 0.69203 0.36940
0.34133 0.67337 0.38171
0.33999 0.56000 0.36021
0.42999 0.61860 0.50896
0.41439 0.65036 0.36682
0.42846 0.60500 0.39443
0.42999 0.64146 0.41062
0.40145 0.53432 0.33776
0.49150 0.70750 0.50230
0.39274 0.64283 0.51177
0.45165 0.69509 0.49041
0.36657 0.61040 0.41571
0.45145 0.68255 0.41524
0.37327 0.57765 0.29476
0.32623 0.69822 0.44460
0.45480 0.63573 0.44729
0.45445 0.60580 0.33875
0.50640 0.66432 0.44256
0.35445 0.57256 0.32552
0.43063 0.61621 0.43306
0.41325 0.66200 0.48764
0.41931 0.64310 0.38492
0.37861 0.54737 0.37573
0.41103 0.70368 0.35790
0.42083 0.64265 0.39014
0.43183 0.64609 0.43684
0.36644 0.65111 0.31027
0.45735 0.65833 0.34474
0.44930 0.71383 0.59285
0.43796 0.67161 0.32044
0.34076 0.61687 0.33580
0.32296 0.55702 0.32860
0.42323 0.65093 0.46802
0.45485 0.60294 0.34611
0.44929 0.72180 0.42051
0.35649 0.65576 0.39070
0.42588 0.59474 0.49229
0.33836 0.57197 0.43347
0.47233 0.66780 0.41836
0.35431 0.63481 0.40113
0.42541 0.62339 0.34466
0.37174 0.67409 0.44904
0.42245 0.66582 0.41110
0.51183 0.74089 0.38501
0.33975 0.53862 0.31539
0.39714 0.70750 0.43003
0.39444 0.64315 0.34461
0.33109 0.62276 0.34138
0.48160 0.65330 0.44297
0.41973 0.58452 0.34675
0.35979 0.58952 0.29048
0.43494 0.63583 0.32949
0.43971 0.66964 0.39577
0.47071 0.63798 0.32409
0.43257 0.59425 0.36366
0.39058 0.61499 0.41125
0.34254 0.59913 0.35615
0.35875 0.66632 0.55950
0.33559 0.63400 0.32077
0.41642 0.55524 0.31374
0.49342 0.65577 0.32845
0.44643 0.64573 0.29528
0.35866 0.69319 0.47387
0.40810 0.49790 0.22448
0.38471 0.53756 0.36527
0.47011 0.69023 0.46656
0.46312 0.59438 0.34264
0.43102 0.65174 0.42203
0.44288 0.64280 0.28965
0.43905 0.77148 0.37893
0.40562 0.49048 0.36803
0.45430 0.69541 0.43132
0.34394 0.66563 0.43580
0.33890 0.64825 0.44533
0.43243 0.73116 0.45578
0.42914 0.57857 0.27396
0.40653 0.51180 0.37104
0.36503 0.67297 0.40997
0.44944 0.59796 0.39180
0.35842 0.65903 0.34571
0.41054 0.58196 0.34198
0.35245 0.59203 0.41723
0.37694 0.59212 0.39582
0.36418 0.59824 0.39194
0.45774 0.63533 0.45712
0.46343 0.59782 0.25440
0.44362 0.56660 0.42038
0.43431 0.66660 0.30934
0.41911 0.64134 0.36271
0.49238 0.68471 0.27256
0.41098 0.53635 0.40615
0.38558 0.65584 0.31487
0.50419 0.65218 0.41388
0.34681 0.60994 0.32317
0.33264 0.74140 0.37050
0.44896 0.60525 0.31133
0.40408 0.69233 0.35861
0.42079 0.66906 0.43196
0.34091 0.65699 0.42597
0.36807 0.45581 0.32402
0.34934 0.65293 0.35161
0.39064 0.64510 0.53451
0.33905 0.54534 0.40069
0.37779 0.62159 0.46668
0.43165 0.61019 0.42732
0.41857 0.52457 0.32360
0.47439 0.57191 0.24596
0.41888 0.64893 0.35669
0.45360 0.69900 0.39233
0.43912 0.53923 0.26861
0.30456 0.61419 0.47970
0.38638 0.67115 0.40187
0.48327 0.66787 0.33901
0.37359 0.52947 0.33996
0.51263 0.71600 0.33092
0.37537 0.66148 0.21772
0.35934 0.64516 0.41922
0.43564 0.66203 0.51695
0.31694 0.56128 0.39852
0.31815 0.45699 0.21877
0.38539 0.64313 0.51512
0.47800 0.64556 0.31835
0.35288 0.64405 0.31453
0.38689 0.61835 0.35482
0.28630 0.66648 0.41751
0.35789 0.51579 0.28267
0.39325 0.62231 0.33529
0.43422 0.60513 0.36648
0.32275 0.54640 0.37111
0.41880 0.71025 0.43369
0.39547 0.67127 0.36975
0.37057 0.60799 0.43414
0.26732 0.67058 0.41778
0.46010 0.61549 0.38365
0.36986 0.64160 0.42192
0.48228 0.69776 0.37058
0.45634 0.66520 0.45728
0.41422 0.53599 0.37656
0.44555 0.67043 0.42210
0.42383 0.56505 0.24659
0.42580 0.61972 0.25904
0.43911 0.67342 0.31869
0.54956 0.73258 0.47874
0.48442 0.68015 0.51258
0.41951 0.55858 0.48338
0.36383 0.54703 0.28990
0.38133 0.57259 0.39607
0.38259 0.67094 0.44235
0.41400 0.57055 0.36114
0.36424 0.53047 0.26654
0.43345 0.65834 0.45540
0.44288 0.54437 0.28768
0.51073 0.74641 0.38149
0.37231 0.50315 0.34781
0.40164 0.58425 0.52673
0.46162 0.63535 0.25358
0.40193 0.63997 0.35714
0.51920 0.65699 0.39401
0.37150 0.60844 0.37964
0.42174 0.57278 0.34919
0.44566 0.64591 0.30965
0.38817 0.58564 0.48472
0.41369 0.51591 0.38575
0.49282 0.69671 0.40783
0.38386 0.56354 0.41570
0.38317 0.72992 0.35304
0.44496 0.61801 0.35087
0.48336 0.62812 0.25574
0.35423 0.74396 0.44068
0.38262 0.59822 0.39305
0.32226 0.60872 0.43832
0.47591 0.65575 0.50310
0.46941 0.59476 0.27301
0.45004 0.64705 0.41336
0.47210 0.64176 0.38674
0.45435 0.68447 0.29967
0.46289 0.59690 0.39447
0.44229 0.61546 0.37579
0.40648 0.56652 0.44164
0.38284 0.60232 0.40620
0.34905 0.53135 0.33473
0.41513 0.51602 0.34683
0.44299 0.57369 0.28570
0.38976 0.60021 0.42076
0.39151 0.65283 0.31888
0.41418 0.71360 0.36369
0.29816 0.64823 0.36541
0.37654 0.53663 0.41004
0.34858 0.64177 0.37088
0.45288 0.61146 0.31939
0.47131 0.61518 0.46925
0.35713 0.60141 0.22538
0.52685 0.67003 0.40022
0.40049 0.62725 0.35819
0.29827 0.51966 0.30588
0.43463 0.60096 0.35952
0.32754 0.64911 0.35029
0.38967 0.70821 0.59438
0.44487 0.54563 0.32086
0.35883 0.57694 0.43914
0.42123 0.62612 0.31398
0.47792 0.56806 0.28050
0.47428 0.64038 0.42561
0.55484 0.81353 0.50564
0.35955 0.48819 0.41508
0.50188 0.60133 0.30769
0.41864 0.50913 0.28510
0.43979 0.64949 0.42490
0.55526 0.74441 0.41677
0.41804 0.68606 0.30301
0.38609 0.66798 0.40208
0.45174 0.60834 0.39566
0.34863 0.60466 0.35505
0.28690 0.50057 0.31559
0.37515 0.56558 0.29038
0.37604 0.70481 0.52401
0.41435 0.72856 0.33963
0.40708 0.57698 0.29898
0.52459 0.69823 0.30814
0.33386 0.65088 0.40822
0.48206 0.64492 0.36970
0.42248 0.67448 0.35097
0.39116 0.68093 0.54527
0.36038 0.49948 0.36598
0.43806 0.70627 0.31698
0.41502 0.58979 0.41561
0.42884 0.65139 0.42958
0.34989 0.53512 0.20244
0.49971 0.71115 0.46400
0.38659 0.67286 0.41483
0.36166 0.61176 0.47827
0.54741 0.71535 0.33039
0.45884 0.69619 0.32824
0.38036 0.56733 0.45417
0.48927 0.60442 0.30211
0.49897 0.66555 0.33826
0.38886 0.68603 0.35394
0.37775 0.52047 0.30322
0.34597 0.67065 0.33366
0.39710 0.54872 0.44958
0.52070 0.64034 0.30743
0.34864 0.56043 0.30879
0.54089 0.73056 0.45004
0.44721 0.58804 0.35756
0.42043 0.65842 0.49247
0.38870 0.62837 0.50389
0.45343 0.63140 0.43048
0.35069 0.60125 0.42043
0.35189 0.54916 0.33537
0.48247 0.62582 0.37387
0.49002 0.70448 0.37289
0.41184 0.60869 0.29240
0.35963 0.59532 0.35117
0.40495 0.47841 0.37539
0.38900 0.64705 0.51757
0.39004 0.43236 0.23328
0.34988 0.60835 0.44133
0.34515 0.57728 0.32166
0.39853 0.64549 0.40139
0.35495 0.52142 0.30906
0.41623 0.58654 0.23196
0.43590 0.68170 0.46431
0.54911 0.67736 0.34768
0.32997 0.71283 0.30452
0.35949 0.63688 0.35677
0.37425 0.50500 0.37659
0.53925 0.61920 0.36797
0.37365 0.65907 0.33268
0.40451 0.58138 0.45479
0.41455 0.63662 0.37884
0.43509 0.52364 0.36942
0.39738 0.58931 0.39516
0.40718 0.66017 0.31672
0.46628 0.74936 0.39737
0.45859 0.69979 0.51291
0.40931 0.55670 0.32088
0.43299 0.64086 0.44719
0.38805 0.66587 0.54463
0.45857 0.67192 0.43812
0.41170 0.63005 0.47519
0.42320 0.54494 0.34928
0.42019 0.62136 0.39494
0.34243 0.60299 0.39738
0.41763 0.67382 0.41027
0.37828 0.58135 0.45106
0.51506 0.64236 0.20906
0.38392 0.49728 0.33863
0.40688 0.54583 0.32748
0.33050 0.62882 0.40589
0.37553 0.68145 0.59145
0.43226 0.68362 0.54900
0.47329 0.69852 0.39078
0.44971 0.61125 0.35843
0.39538 0.65365 0.35619
0.39061 0.58250 0.38141
0.36257 0.58124 0.28705
0.33172 0.55984 0.37154
0.37278 0.72779 0.33886
0.35648 0.56046 0.43021
0.43640 0.56385 0.34747
0.49990 0.65156 0.30671
0.26720 0.41360 0.21756
0.38194 0.69933 0.43682
0.40111 0.68324 0.36525
0.40474 0.64492 0.46858
0.31236 0.50392 0.32002
0.33272 0.62697 0.40221
0.40348 0.57982 0.35760
0.33752 0.74532 0.42266
0.36167 0.68419 0.35752
0.31127 0.60704 0.34300
0.41513 0.58942 0.35343
0.42082 0.72747 0.43248
0.31496 0.71773 0.45609
0.54535 0.75219 0.41923
0.38790 0.70183 0.48249
0.55311 0.64711 0.30270
0.40973 0.69179 0.39136
0.42218 0.56982 0.32362
0.43940 0.66619 0.42696
0.38681 0.63688 0.43326
0.41695 0.51718 0.25037
0.51268 0.66358 0.44193
0.41873 0.73457 0.21472
0.52875 0.69436 0.47614
0.39792 0.64653 0.48346
0.49381 0.67057 0.33656
0.27566 0.54999 0.29011
0.42573 0.57063 0.49199
0.46656 0.59069 0.39551
0.41115 0.68610 0.37093
0.39860 0.53461 0.35086
0.51768 0.68171 0.30841
0.43956 0.58997 0.40010
0.39545 0.63818 0.41070
0.33895 0.47029 0.37626
0.39467 0.56485 0.35500
0.38099 0.61404 0.44236
0.37390 0.57621 0.38759
0.29910 0.53684 0.21638
0.42013 0.67853 0.31231
0.44358 0.61226 0.37826
0.36108 0.61653 0.36973
0.47825 0.63443 0.31909
0.42250 0.66702 0.48130
0.35641 0.63893 0.37077
0.39708 0.61142 0.42072
0.49569 0.62023 0.39507
0.40134 0.60341 0.34600
0.33283 0.60922 0.40611
0.37524 0.53755 0.31538
0.32561 0.57388 0.30134
0.33654 0.72276 0.44735
0.40252 0.58095 0.35804
0.47392 0.68912 0.23098
0.45325 0.74188 0.38131
0.43698 0.72042 0.44095
0.36973 0.65769 0.39782
0.48310 0.65535 0.35156
0.41797 0.61176 0.47249
0.30488 0.59477 0.26779
0.40719 0.65666 0.40241
0.44390 0.57409 0.28580
0.37936 0.70762 0.42980
0.50958 0.62613 0.50464
0.38683 0.71243 0.56725
0.33488 0.54069 0.33145
0.43034 0.66028 0.37698
0.43852 0.63672 0.44291
0.32296 0.53576 0.46145
0.51906 0.62505 0.31124
0.31174 0.53964 0.30384
0.34286 0.58696 0.37948
0.40007 0.69945 0.40601
0.35562 0.55570 0.40650
0.35038 0.56016 0.41691
0.34160 0.46283 0.32014
0.43047 0.62076 0.47695
0.34427 0.54182 0.47282
0.43203 0.51624 0.28703
0.41686 0.66718 0.42244
0.40800 0.59825 0.45427
0.37655 0.64310 0.45403
0.46039 0.66231 0.29815
0.37155 0.57893 0.44580
0.46955 0.57240 0.26007
0.29632 0.36481 0.26072
0.47187 0.67474 0.36795
0.52528 0.68710 0.36731
0.40091 0.67565 0.50946
0.45106 0.56585 0.32683
0.39282 0.55638 0.37651
0.36742 0.54982 0.33262
0.39689 0.67206 0.34038
0.47006 0.64933 0.36158
0.49719 0.59773 0.38158
0.39322 0.59959 0.39195
0.35812 0.64347 0.39284
0.50194 0.68955 0.24504
0.34211 0.65565 0.36666
0.39340 0.58272 0.30105
0.42342 0.58487 0.35002
0.38461 0.57828 0.45898
0.43703 0.60747 0.39258
0.28426 0.65257 0.35538
0.40505 0.66893 0.45814
0.37763 0.67038 0.40563
0.33086 0.57878 0.21984
0.42070 0.64103 0.44133
0.59354 0.71182 0.32214
0.41976 0.51745 0.26196
0.36215 0.61980 0.31646
0.39874 0.56534 0.33078
0.42413 0.71900 0.35991
0.43519 0.66534 0.45462
0.42956 0.67131 0.57866
0.50263 0.69545 0.22738
0.48837 0.71071 0.33791
0.55061 0.71272 0.31801
0.44871 0.75183 0.43687
0.32660 0.63295 0.27829
0.36936 0.50656 0.36002
0.30901 0.65106 0.36225
0.47122 0.61634 0.42314
0.36964 0.74984 0.41683
0.32884 0.61158 0.44496
0.40667 0.68156 0.53619
0.53637 0.61749 0.31394
0.35716 0.51203 0.32477
0.36213 0.59319 0.50719
0.39789 0.62176 0.39012
0.35218 0.59428 0.44669
0.41427 0.64012 0.46093
0.31319 0.59966 0.35986
0.47329 0.60077 0.38505
0.43991 0.60413 0.32714
0.39050 0.55409 0.42066
0.33913 0.55360 0.37091
0.35174 0.60075 0.44813
0.39377 0.60479 0.27308
0.36381 0.58314 0.30579
0.30678 0.45191 0.38390
0.39485 0.63120 0.45518
0.38721 0.59893 0.47018
0.46479 0.65037 0.41715
0.40354 0.62083 0.27118
0.41025 0.64518 0.48020
0.40534 0.66901 0.37466
0.42030 0.52274 0.33587
0.33696 0.44129 0.35075
0.43614 0.68115 0.40544
0.43271 0.62165 0.37553
0.47363 0.63432 0.36927
0.46906 0.67213 0.36190
0.49011 0.56735 0.27898
0.40786 0.57898 0.42966
0.51264 0.70098 0.47034
0.48070 0.71650 0.38759
0.40413 0.69787 0.53034
0.41070 0.61919 0.44827
0.47241 0.65155 0.50527
0.31338 0.60764 0.33310
0.35680 0.58093 0.34917
0.29020 0.64534 0.28944
0.49412 0.66945 0.26351
0.35612 0.55228 0.33639
0.32925 0.56137 0.33603
0.50679 0.64747 0.39470
0.40408 0.67103 0.32009
0.40710 0.55788 0.34568
0.36242 0.69083 0.45441
0.33834 0.68400 0.48372
0.35036 0.49807 0.30057
0.27057 0.57307 0.34605
0.49113 0.66350 0.29729
0.39179 0.56219 0.33688
0.38119 0.54722 0.38536
0.42295 0.62627 0.39452
0.39041 0.57683 0.43025
0.35767 0.67571 0.46314
0.34634 0.64905 0.38858
0.46924 0.73779 0.45780
0.44033 0.67399 0.34621
0.43108 0.60909 0.31781
0.43202 0.61326 0.32969
0.41279 0.56097 0.25876
0.33851 0.55727 0.41951
0.40189 0.50752 0.35462
0.36630 0.70891 0.32409
0.35514 0.64496 0.31710
0.46066 0.61302 0.35413
0.38328 0.74018 0.34132
0.50047 0.63738 0.38286
0.34700 0.67802 0.23328
0.45862 0.64985 0.36380
0.46764 0.76113 0.39944
0.40908 0.50135 0.31322
0.39597 0.64074 0.34632
0.38238 0.62549 0.26801
0.35361 0.61039 0.34271
0.42350 0.59609 0.40439
0.29077 0.56675 0.36349
0.31411 0.62820 0.36189
0.32751 0.72099 0.36985
0.45904 0.62466 0.37255
0.42280 0.58430 0.46094
0.46179 0.61436 0.28606
0.35355 0.63328 0.37467
0.38975 0.64289 0.38958
0.34252 0.67274 0.36252
0.41608 0.62067 0.34742
0.37450 0.55054 0.39087
0.35018 0.63801 0.33235
0.36346 0.40293 0.30329
0.47051 0.65689 0.33821
0.42001 0.50924 0.33676
0.42598 0.62826 0.36144
0.44889 0.66236 0.50305
0.50768 0.66471 0.45666
0.40560 0.54181 0.44096
0.40872 0.55148 0.35196
0.48844 0.78166 0.43886
0.40252 0.61589 0.33829
0.44675 0.63454 0.53864
0.31866 0.57947 0.30661
0.43466 0.56591 0.41948
0.46295 0.67703 0.36934
0.36952 0.60793 0.44710
0.33784 0.59665 0.39150
0.35496 0.59252 0.44645
0.39608 0.54397 0.39793
0.44695 0.59757 0.34710
0.41572 0.64197 0.35078
0.30953 0.57514 0.29001
0.37224 0.66121 0.48053
0.34927 0.58363 0.39423
0.37469 0.53448 0.39398
0.40073 0.72178 0.38705
0.41119 0.45955 0.37244
0.38552 0.55080 0.29030
0.46102 0.62995 0.33190
0.47564 0.71683 0.35468
0.46555 0.50905 0.28098
0.43147 0.61681 0.31890
0.47146 0.57019 0.37577
0.35069 0.65814 0.38370
0.42690 0.70597 0.44270
0.39207 0.64224 0.49622
0.49228 0.67167 0.36090
0.52297 0.68622 0.30630
0.42506 0.61796 0.52973
0.39957 0.70743 0.31905
0.61413 0.73966 0.33834
0.44189 0.58553 0.25245
0.40755 0.67102 0.53073
0.45220 0.64074 0.41921
0.49025 0.62083 0.32925
0.38994 0.67559 0.37889
0.50993 0.72666 0.34600
0.51290 0.69818 0.43386
0.43952 0.67082 0.51065
0.51944 0.62454 0.32285
0.43309 0.66663 0.32918
0.33699 0.55886 0.27376
0.51942 0.76152 0.30262
0.39421 0.61298 0.42723
0.39479 0.69127 0.39463
0.51879 0.69445 0.33625
0.38584 0.66490 0.36876
0.36600 0.67240 0.45831
0.37293 0.64246 0.32990
0.37938 0.74782 0.38467
0.43489 0.64817 0.43184
0.37610 0.53800 0.35213
0.44789 0.59166 0.48621
0.42151 0.60077 0.48297
0.57338 0.76940 0.38466
0.51840 0.70604 0.34677
0.37168 0.65617 0.38920
0.41626 0.67822 0.33325
0.39942 0.65951 0.38486
0.41324 0.49974 0.37122
0.36013 0.57658 0.20811
0.37787 0.58760 0.34119
0.39635 0.63383 0.35950
0.43595 0.67856 0.35438
0.47801 0.59028 0.38590
0.35852 0.57220 0.32609
0.47635 0.69031 0.37649
0.32381 0.48732 0.27415
0.43493 0.56791 0.30951
0.38918 0.64553 0.52049
0.35678 0.61347 0.34807
0.40882 0.73702 0.47691
0.33545 0.58864 0.36978
0.27527 0.59095 0.30501
0.42262 0.63056 0.37700
0.29234 0.55131 0.26763
0.40954 0.56532 0.39886
0.45452 0.71668 0.40792
0.39246 0.59073 0.40476
0.36979 0.52747 0.30765
0.34194 0.48888 0.39208
0.47877 0.65413 0.40107
0.35864 0.62411 0.53994
0.42583 0.48854 0.33094
0.35532 0.68771 0.33135
0.45977 0.62429 0.40522
0.46007 0.57773 0.38041
0.41278 0.53627 0.41762
0.37308 0.60018 0.32283
0.50506 0.76330 0.45998
0.41625 0.47661 0.34376
0.43479 0.69254 0.44928
0.36024 0.58170 0.32579
0.41140 0.58509 0.33300
0.46251 0.59856 0.40146
0.50651 0.67294 0.38620
0.45197 0.59728 0.33906
0.42191 0.58292 0.34423
0.25002 0.65448 0.37775
0.32182 0.54249 0.30176
0.31107 0.60506 0.43355
0.36067 0.61448 0.27686
