20 17 1000 47466 5789
0.78168 0.80268 0.62243
0.14212 0.23502 0.33542
0.85505 0.52858 0.94755
0.11437 0.30614 0.57980
0.99965 0.26586 0.91583
0.58190 0.07817 0.30190
0.26718 0.65872 0.06332
0.07564 0.05316 0.06360
0.21846 0.03439 0.14466
0.30435 0.06765 0.05864
0.49949 0.45100 0.67018
0.06149 0.80934 0.23717
0.73026 0.22641 0.67792
0.97576 0.00218 0.21695
0.57913 0.67041 0.45056
0.61419 0.72777 0.88494
0.05245 0.25296 0.46117
0.44219 0.35904 0.49983
0.65794 0.28643 0.43523
0.37112 0.38131 0.37249
0.41727 0.36719 0.35185
0.39916 0.42145 0.47144
0.38163 0.54401 0.46530
0.47121 0.34232 0.43413
0.61077 0.34560 0.41101
0.48652 0.32996 0.50522
0.42628 0.43434 0.41139
0.54502 0.44924 0.54747
0.62506 0.37618 0.56276
0.36918 0.37646 0.47228
0.57692 0.45571 0.60482
0.42930 0.37494 0.51043
0.40515 0.25926 0.35600
0.24856 0.37064 0.37530
0.47976 0.30553 0.51800
0.38901 0.38441 0.40491
0.43497 0.35262 0.44778
0.49164 0.26571 0.39691
0.41789 0.36225 0.38685
0.53720 0.40332 0.45685
0.50916 0.34322 0.56039
0.56018 0.32698 0.46059
0.44441 0.44389 0.42088
0.54005 0.29451 0.33598
0.48453 0.40379 0.42048
0.44832 0.33049 0.39739
0.40159 0.27620 0.42824
0.46556 0.44704 0.50701
0.37938 0.40271 0.24072
0.42035 0.35654 0.49749
0.47307 0.33004 0.42252
0.44999 0.31812 0.48698
0.43518 0.33789 0.35330
0.31008 0.51014 0.43351
0.47360 0.43288 0.49998
0.38961 0.27030 0.34241
0.47092 0.40811 0.48091
0.38308 0.28743 0.39201
0.41340 0.27746 0.41046
0.50746 0.34109 0.54418
0.52557 0.37135 0.58187
0.48116 0.38588 0.53327
0.49507 0.36650 0.40162
0.49908 0.39531 0.55571
0.46000 0.42523 0.36088
0.48834 0.39063 0.37623
0.44811 0.33341 0.47048
0.44423 0.41494 0.43123
0.51608 0.41145 0.41010
0.47305 0.47223 0.53148
0.35217 0.32440 0.43537
0.53219 0.52931 0.55210
0.46862 0.37874 0.47958
0.41297 0.37289 0.46538
0.46863 0.38004 0.40056
0.51720 0.39630 0.39317
0.51007 0.39361 0.54332
0.48252 0.22927 0.38931
0.45790 0.40292 0.48248
0.38124 0.35108 0.41537
0.28711 0.37938 0.38352
0.39360 0.33143 0.32528
0.47764 0.51979 0.57246
0.57989 0.34126 0.47321
0.48720 0.43096 0.46607
0.43147 0.34017 0.42512
0.43812 0.34474 0.41280
0.45182 0.39556 0.53773
0.39508 0.26909 0.44789
0.58692 0.40207 0.55704
0.40128 0.26415 0.39342
0.48863 0.35356 0.49383
0.59626 0.39817 0.61461
0.37245 0.32732 0.28203
0.31630 0.40920 0.31879
0.51110 0.36210 0.48454
0.49640 0.50224 0.51981
0.62329 0.30842 0.43591
0.35565 0.31879 0.36511
0.48157 0.24584 0.42416
0.47968 0.43301 0.46158
0.46050 0.34328 0.45908
0.35704 0.24893 0.30136
0.46809 0.28347 0.39127
0.33777 0.33961 0.49780
0.43725 0.42809 0.53259
0.43775 0.34359 0.42359
0.46080 0.32289 0.46020
0.43291 0.33418 0.44801
0.49297 0.42161 0.59315
0.66124 0.38303 0.48080
0.41515 0.40014 0.50680
0.42387 0.44350 0.39925
0.44704 0.43735 0.49688
0.50756 0.49005 0.58469
0.55829 0.34272 0.51398
0.53220 0.45045 0.51258
0.43486 0.45755 0.48848
0.46768 0.48653 0.55309
0.45522 0.36424 0.49757
0.41833 0.34342 0.49040
0.38990 0.36353 0.34596
0.42222 0.33442 0.40882
0.49641 0.38648 0.45201
0.50799 0.48887 0.40762
0.45131 0.37789 0.43841
0.43405 0.36063 0.40728
0.47323 0.35038 0.46020
0.39015 0.33399 0.40750
0.43190 0.32585 0.43426
0.44506 0.44397 0.39712
0.51429 0.46318 0.51586
0.57111 0.21043 0.36571
0.50007 0.38059 0.52412
0.45546 0.27960 0.32377
0.43090 0.44487 0.47159
0.39955 0.44993 0.56382
0.34790 0.33323 0.38838
0.49722 0.35864 0.53674
0.50386 0.27785 0.40734
0.40676 0.29839 0.47810
0.52462 0.24451 0.41110
0.46920 0.32587 0.41131
0.58618 0.44122 0.54908
0.39320 0.36337 0.44558
0.44990 0.44789 0.49385
0.38366 0.30957 0.42374
0.40500 0.39782 0.43338
0.40911 0.40133 0.43760
0.55527 0.53926 0.58115
0.44936 0.50121 0.58805
0.48974 0.37120 0.54388
0.52493 0.39244 0.53430
0.49980 0.36895 0.49081
0.56280 0.41306 0.55478
0.40854 0.28078 0.38697
0.32515 0.41469 0.42862
0.30494 0.34850 0.41902
0.36979 0.34255 0.36307
0.37703 0.38077 0.37624
0.48083 0.36908 0.45112
0.46298 0.35959 0.48320
0.42844 0.35797 0.45522
0.39265 0.32860 0.29502
0.45675 0.37897 0.39702
0.36958 0.38346 0.43232
0.36024 0.33538 0.40578
0.31332 0.35045 0.29151
0.43520 0.41339 0.35340
0.37836 0.41034 0.46373
0.42634 0.29455 0.44084
0.50685 0.41074 0.52205
0.51154 0.45343 0.52087
0.47784 0.35985 0.35928
0.27569 0.36984 0.26471
0.48096 0.43932 0.36201
0.40994 0.30714 0.51491
0.52813 0.32290 0.37737
0.51659 0.40316 0.55665
0.48969 0.31474 0.44166
0.45972 0.39925 0.41934
0.39718 0.32038 0.41994
0.54023 0.40955 0.51559
0.56699 0.25759 0.39608
0.40979 0.32944 0.43493
0.46093 0.29903 0.42454
0.46646 0.30454 0.39189
0.44749 0.31354 0.38069
0.39943 0.45433 0.43217
0.37209 0.34693 0.48435
0.39112 0.32973 0.47747
0.41552 0.35738 0.42966
0.42754 0.39524 0.44045
0.37017 0.38397 0.40717
0.41661 0.30782 0.46529
0.45346 0.30032 0.40643
0.54885 0.40483 0.48129
0.50295 0.31547 0.43256
0.48751 0.37797 0.44941
0.48531 0.29364 0.36338
0.44611 0.38748 0.34680
0.51015 0.39930 0.58686
0.42238 0.33214 0.42071
0.46262 0.33069 0.41792
0.39382 0.29136 0.41124
0.35750 0.30948 0.44428
0.49346 0.34802 0.47630
0.39856 0.38756 0.51811
0.36631 0.31300 0.44775
0.43119 0.29108 0.32917
0.48267 0.42951 0.49661
0.41600 0.30542 0.41197
0.42932 0.35826 0.36325
0.54717 0.37094 0.55839
0.35222 0.43875 0.34431
0.54086 0.29223 0.53885
0.47027 0.29741 0.45117
0.33008 0.37225 0.38471
0.43994 0.24879 0.37579
0.50506 0.40265 0.53356
0.55476 0.24858 0.45351
0.50356 0.36312 0.56198
0.40568 0.29176 0.36988
0.41963 0.29968 0.25071
0.42292 0.38409 0.37807
0.43078 0.36287 0.34060
0.46036 0.37497 0.47779
0.52296 0.57952 0.57018
0.52831 0.30503 0.52125
0.46283 0.43667 0.45566
0.47314 0.47042 0.56707
0.36261 0.29828 0.37544
0.51145 0.44164 0.50776
0.45602 0.34392 0.40722
0.65075 0.26439 0.44398
0.58802 0.34264 0.53657
0.41159 0.33832 0.45097
0.43889 0.42379 0.45895
0.52142 0.43730 0.46551
0.45789 0.30254 0.47857
0.40191 0.45499 0.38606
0.47612 0.33282 0.49000
0.61542 0.27054 0.45731
0.40999 0.36577 0.46393
0.40607 0.26775 0.34453
0.64928 0.38221 0.52893
0.43387 0.38751 0.48091
0.54141 0.34866 0.49032
0.47163 0.37999 0.56605
0.43886 0.35939 0.47524
0.54512 0.33749 0.50157
0.42260 0.33154 0.51156
0.58469 0.44316 0.57334
0.42980 0.30900 0.35324
0.36604 0.41915 0.43984
0.41983 0.43623 0.47516
0.50700 0.39848 0.47584
0.39655 0.46145 0.43383
0.37316 0.30176 0.31416
0.36794 0.29107 0.36965
0.53751 0.28437 0.36458
0.41118 0.29546 0.35788
0.30853 0.33250 0.35885
0.49456 0.32072 0.48702
0.48880 0.26517 0.37815
0.55128 0.37350 0.59008
0.49482 0.39424 0.55219
0.54887 0.35971 0.43237
0.45606 0.43691 0.53990
0.43910 0.45746 0.43848
0.48206 0.34639 0.51957
0.58512 0.35422 0.49856
0.44260 0.25048 0.30305
0.41338 0.32260 0.39053
0.38577 0.29956 0.44842
0.33509 0.30200 0.30451
0.39826 0.41239 0.45542
0.48665 0.32912 0.40252
0.41581 0.27601 0.36076
0.39845 0.28431 0.45017
0.36013 0.43850 0.32369
0.48005 0.39557 0.45548
0.36540 0.24073 0.36082
0.52771 0.27838 0.45739
0.58117 0.27242 0.42716
0.48532 0.48541 0.45397
0.52200 0.34449 0.44595
0.39427 0.47588 0.40783
0.41603 0.39729 0.50267
0.54190 0.28457 0.48729
0.42330 0.49537 0.45021
0.60963 0.30299 0.54702
0.54318 0.38506 0.51059
0.47133 0.28034 0.41607
0.54094 0.37922 0.48033
0.33457 0.25421 0.43558
0.55588 0.30099 0.46977
0.38912 0.49228 0.34239
0.50901 0.26037 0.42981
0.50935 0.41478 0.47709
0.58628 0.32725 0.48265
0.51964 0.40968 0.55203
0.42635 0.34266 0.45085
0.50773 0.32194 0.37441
0.45788 0.38287 0.44718
0.55629 0.22742 0.38457
0.46899 0.37963 0.51106
0.36501 0.29868 0.42313
0.43193 0.29072 0.42545
0.43418 0.46164 0.42566
0.49113 0.40962 0.56440
0.33106 0.39474 0.40599
0.43511 0.30908 0.36798
0.46237 0.40713 0.48210
0.40733 0.41365 0.43407
0.54228 0.36742 0.44674
0.48099 0.30041 0.47342
0.58860 0.26592 0.41467
0.52373 0.37075 0.51099
0.47686 0.38835 0.51301
0.50505 0.28260 0.37995
0.44509 0.43967 0.47761
0.49564 0.29367 0.40469
0.55055 0.29282 0.52137
0.42361 0.55799 0.34885
0.47510 0.26911 0.42060
0.31748 0.38466 0.36485
0.40235 0.27301 0.36577
0.35294 0.41436 0.41559
0.42628 0.41472 0.35585
0.65499 0.26526 0.52769
0.38315 0.47447 0.39817
0.59142 0.28367 0.36742
0.36661 0.25073 0.26170
0.47083 0.45690 0.41451
0.32624 0.40356 0.37765
0.45653 0.31465 0.44357
0.50164 0.36977 0.39872
0.54147 0.43689 0.55603
0.50308 0.35096 0.57023
0.58463 0.33995 0.56387
0.50290 0.38112 0.37790
0.48991 0.45570 0.49349
0.53663 0.30354 0.43299
0.32431 0.41891 0.40694
0.48535 0.32643 0.46580
0.49483 0.34473 0.49525
0.45346 0.31305 0.38309
0.41140 0.41870 0.40173
0.41886 0.28826 0.42742
0.35342 0.35612 0.37912
0.42735 0.41672 0.45335
0.40397 0.26641 0.35762
0.54541 0.33232 0.49178
0.44618 0.28235 0.41769
0.39609 0.37542 0.47087
0.38752 0.29521 0.42111
0.44441 0.37498 0.44961
0.54666 0.37402 0.53796
0.40179 0.29988 0.33970
0.35900 0.33632 0.33614
0.44645 0.37442 0.43644
0.37663 0.34763 0.48396
0.43749 0.34370 0.50627
0.45518 0.35910 0.44714
0.51817 0.31177 0.42093
0.57680 0.34554 0.58812
0.35815 0.37624 0.33480
0.54752 0.40921 0.54997
0.42800 0.41946 0.47586
0.51390 0.39256 0.40277
0.47657 0.34743 0.41862
0.45103 0.46482 0.55321
0.48993 0.35319 0.45889
0.47128 0.34565 0.49079
0.28602 0.35216 0.41129
0.49726 0.44531 0.48304
0.39400 0.45013 0.41368
0.45699 0.21801 0.36508
0.43299 0.27816 0.35973
0.33138 0.34012 0.44439
0.41564 0.37873 0.44794
0.41755 0.32751 0.51496
0.42529 0.31519 0.35282
0.53489 0.34084 0.51665
0.54055 0.37333 0.51557
0.40599 0.43420 0.33098
0.46555 0.35833 0.39033
0.45410 0.35851 0.37436
0.40231 0.29244 0.37025
0.53740 0.38470 0.45504
0.34783 0.41260 0.37090
0.50331 0.40034 0.55747
0.48002 0.48352 0.43945
0.43901 0.43507 0.45010
0.45448 0.33341 0.37109
0.59698 0.29967 0.46292
0.37033 0.40393 0.41919
0.46764 0.35127 0.51570
0.49408 0.35796 0.46940
0.58921 0.39115 0.48545
0.36037 0.33199 0.32183
0.49784 0.35021 0.52593
0.40835 0.29439 0.43243
0.44974 0.28938 0.41018
0.49118 0.25227 0.41790
0.43929 0.35455 0.39541
0.36950 0.33126 0.36439
0.50356 0.37863 0.52275
0.54576 0.40124 0.48035
0.40642 0.25650 0.38693
0.65472 0.35368 0.52639
0.67123 0.42022 0.54808
0.45628 0.25339 0.46954
0.50259 0.43994 0.49393
0.50462 0.49024 0.59536
0.43057 0.41296 0.40397
0.42854 0.39450 0.47113
0.53245 0.29488 0.44561
0.51752 0.42948 0.51149
0.42582 0.41832 0.38117
0.38209 0.36491 0.37385
0.43798 0.31559 0.36312
0.44169 0.31380 0.42237
0.48706 0.41887 0.48096
0.57471 0.34207 0.50748
0.37279 0.35271 0.37633
0.34293 0.27110 0.41408
0.46193 0.27483 0.42489
0.39785 0.15784 0.22070
0.50555 0.44874 0.44508
0.41776 0.29641 0.38949
0.30506 0.31242 0.32391
0.49930 0.29461 0.42601
0.43757 0.37291 0.44033
0.48710 0.39174 0.51030
0.43973 0.39360 0.38149
0.47373 0.33087 0.40606
0.40175 0.37754 0.51423
0.32433 0.31482 0.43665
0.42185 0.30260 0.42811
0.59927 0.47562 0.55508
0.29468 0.33214 0.32603
0.41735 0.32563 0.41578
0.52226 0.47349 0.55157
0.51120 0.42749 0.53729
0.54893 0.41211 0.48611
0.35293 0.36316 0.42355
0.60449 0.39419 0.52421
0.39406 0.30779 0.34186
0.45000 0.34804 0.42434
0.54817 0.38423 0.54795
0.41826 0.37481 0.33620
0.51984 0.40096 0.53271
0.49668 0.36511 0.45703
0.32858 0.39013 0.24364
0.41484 0.39199 0.40972
0.44440 0.30078 0.38673
0.35479 0.35362 0.47729
0.57679 0.41154 0.45397
0.46114 0.30582 0.44388
0.49576 0.34869 0.46399
0.39833 0.28498 0.35412
0.33214 0.37374 0.39887
0.65819 0.22080 0.45128
0.54533 0.36120 0.46967
0.49644 0.41447 0.51512
0.52075 0.22008 0.37097
0.56964 0.44622 0.57147
0.27608 0.38888 0.43955
0.49011 0.42460 0.48473
0.27645 0.34593 0.45330
0.36499 0.30606 0.31211
0.43848 0.23158 0.31419
0.37772 0.30536 0.35338
0.52656 0.47472 0.58693
0.54026 0.32187 0.39003
0.56415 0.35272 0.45219
0.55435 0.29602 0.54585
0.45683 0.39318 0.44250
0.45816 0.37733 0.53601
0.56433 0.41422 0.52759
0.51005 0.29347 0.44763
0.45775 0.35646 0.46630
0.53769 0.46525 0.55407
0.48034 0.32140 0.43248
0.45684 0.23520 0.35044
0.53024 0.23959 0.43193
0.48315 0.35662 0.40545
0.58666 0.40121 0.64904
0.33233 0.45028 0.37830
0.37884 0.41566 0.33886
0.60026 0.34056 0.52146
0.49152 0.49562 0.53511
0.58267 0.31992 0.45858
0.63399 0.23808 0.42588
0.58429 0.37914 0.54134
0.46584 0.24904 0.48704
0.49925 0.45249 0.50589
0.54377 0.27796 0.49778
0.46978 0.36537 0.56389
0.53327 0.24973 0.48618
0.49026 0.36942 0.55868
0.61645 0.33043 0.36585
0.51441 0.46821 0.53120
0.38507 0.25656 0.35521
0.54280 0.41241 0.47053
0.47503 0.37387 0.56101
0.53997 0.35306 0.57663
0.54784 0.41108 0.54079
0.62355 0.38068 0.49469
0.33391 0.27587 0.39098
0.48964 0.34656 0.50062
0.39080 0.45186 0.49150
0.42096 0.25310 0.42755
0.55343 0.37293 0.50729
0.57159 0.32012 0.59731
0.49553 0.52926 0.51884
0.45792 0.42792 0.54269
0.57890 0.40371 0.51624
0.47379 0.33538 0.54132
0.35465 0.43498 0.31067
0.47974 0.42797 0.50344
0.36246 0.23819 0.30012
0.40407 0.45314 0.42550
0.55110 0.31398 0.51145
0.53338 0.33339 0.57347
0.49891 0.38362 0.49295
0.44985 0.35160 0.44092
0.49789 0.37498 0.62173
0.50145 0.36916 0.56251
0.55479 0.49810 0.48278
0.55754 0.40995 0.46988
0.40118 0.36818 0.32817
0.58584 0.40649 0.51529
0.49126 0.32256 0.40190
0.50313 0.47798 0.49611
0.47644 0.31315 0.54582
0.35838 0.38656 0.44724
0.47462 0.41227 0.46383
0.51562 0.38481 0.49764
0.51690 0.38365 0.33914
0.35762 0.28829 0.31024
0.52886 0.38806 0.45383
0.51038 0.32221 0.43587
0.40240 0.37106 0.38952
0.50355 0.33896 0.54433
0.46492 0.29334 0.39052
0.50194 0.44713 0.54022
0.47794 0.41199 0.44871
0.59837 0.28574 0.49529
0.45648 0.29643 0.33426
0.49924 0.26987 0.41171
0.46789 0.38362 0.38504
0.52164 0.40081 0.49600
0.37328 0.33667 0.40244
0.48394 0.33488 0.43407
0.41702 0.35234 0.44374
0.31731 0.40338 0.43073
0.44543 0.44211 0.38323
0.47096 0.30252 0.41457
0.54935 0.39193 0.57716
0.36547 0.34954 0.43932
0.34216 0.30802 0.36953
0.52072 0.35030 0.48548
0.50023 0.35335 0.45326
0.47927 0.34820 0.47928
0.52973 0.27211 0.48955
0.45899 0.33425 0.46468
0.53810 0.28505 0.44986
0.50123 0.34280 0.48153
0.57971 0.31859 0.48325
0.42032 0.35216 0.42900
0.50503 0.32115 0.46880
0.49862 0.37405 0.48367
0.57523 0.48868 0.62474
0.49399 0.49195 0.52401
0.44321 0.37974 0.37233
0.45202 0.30266 0.44665
0.38256 0.30215 0.48188
0.45726 0.36725 0.43107
0.36695 0.32339 0.34431
0.45118 0.34571 0.46756
0.38727 0.49901 0.47316
0.49541 0.24398 0.44005
0.52970 0.34645 0.46589
0.51711 0.46992 0.51004
0.50424 0.50552 0.54513
0.27047 0.31019 0.34240
0.45229 0.38150 0.51670
0.41109 0.41168 0.35395
0.46506 0.23342 0.32502
0.46362 0.37523 0.42262
0.38131 0.30838 0.34862
0.40332 0.33566 0.47739
0.35616 0.42352 0.34980
0.54171 0.42641 0.49741
0.43406 0.36435 0.48100
0.45499 0.34834 0.43909
0.45268 0.42774 0.42279
0.35294 0.31957 0.37702
0.45376 0.34230 0.54514
0.40511 0.35927 0.41613
0.59328 0.40812 0.63273
0.36383 0.45393 0.43045
0.41869 0.29499 0.36028
0.33331 0.41794 0.41194
0.45959 0.27154 0.41482
0.31456 0.36828 0.32528
0.55565 0.32821 0.48266
0.47399 0.26409 0.41388
0.39377 0.31451 0.43697
0.48776 0.38602 0.47613
0.51781 0.45342 0.42707
0.38997 0.29090 0.33580
0.58755 0.41296 0.59381
0.51158 0.39198 0.47283
0.48777 0.40183 0.52250
0.53603 0.22026 0.45917
0.48212 0.44497 0.49243
0.53364 0.48178 0.51043
0.42414 0.34649 0.44711
0.51749 0.35196 0.41496
0.43773 0.39741 0.55955
0.54724 0.33492 0.55755
0.32182 0.35718 0.35571
0.51792 0.45559 0.51021
0.38611 0.30620 0.31263
0.58852 0.29898 0.52379
0.46943 0.27847 0.45359
0.48541 0.38912 0.48376
0.44758 0.41034 0.44441
0.37663 0.39588 0.44726
0.47249 0.35179 0.38820
0.45746 0.28607 0.43749
0.51992 0.30910 0.38662
0.44431 0.35997 0.46841
0.38401 0.34587 0.41480
0.43672 0.21288 0.29979
0.41006 0.37519 0.51096
0.31543 0.33144 0.29469
0.53758 0.35405 0.51504
0.40033 0.27214 0.40828
0.45996 0.34339 0.40100
0.51138 0.34895 0.51855
0.45197 0.30437 0.38379
0.38830 0.38918 0.42932
0.47403 0.23388 0.48983
0.39627 0.46774 0.30646
0.37960 0.36222 0.42133
0.39060 0.41308 0.42422
0.38288 0.31777 0.40724
0.35021 0.35338 0.41967
0.42110 0.36787 0.45361
0.48026 0.38491 0.50710
0.31552 0.33354 0.33029
0.47074 0.39792 0.55807
0.39498 0.33698 0.47464
0.53878 0.35193 0.36754
0.39017 0.27878 0.44954
0.33508 0.32194 0.41048
0.39181 0.40271 0.44582
0.54054 0.33240 0.47192
0.38647 0.41449 0.37151
0.58386 0.35104 0.44398
0.53591 0.48314 0.48295
0.42841 0.41221 0.41679
0.54124 0.27919 0.51474
0.42417 0.43726 0.41950
0.47977 0.41208 0.49602
0.48902 0.34455 0.45815
0.56410 0.35075 0.58966
0.51520 0.37435 0.40104
0.40511 0.31058 0.43537
0.37643 0.40039 0.43742
0.39357 0.31540 0.46475
0.34763 0.39196 0.42422
0.46058 0.39267 0.46163
0.46254 0.35350 0.46379
0.52261 0.34510 0.49742
0.52684 0.35015 0.53349
0.29636 0.29755 0.37553
0.39790 0.41609 0.54471
0.34887 0.26846 0.37299
0.42644 0.29153 0.36192
0.46311 0.33282 0.38188
0.46788 0.44592 0.39923
0.56589 0.44232 0.48066
0.48237 0.38730 0.40437
0.49799 0.40068 0.39227
0.38941 0.32375 0.39522
0.48182 0.43234 0.50780
0.36435 0.33242 0.49672
0.34570 0.34290 0.37016
0.40302 0.35354 0.49423
0.50643 0.40952 0.43404
0.43747 0.36057 0.44629
0.65339 0.45297 0.61862
0.64749 0.32446 0.63428
0.43143 0.43154 0.37058
0.45819 0.33709 0.54595
0.38949 0.38083 0.40451
0.34232 0.31952 0.35378
0.55365 0.30886 0.43885
0.41230 0.29227 0.51941
0.49697 0.31187 0.45782
0.37858 0.35242 0.44827
0.38493 0.36411 0.37330
0.50448 0.30425 0.40445
0.45368 0.44288 0.53379
0.49986 0.40675 0.37669
0.33098 0.29716 0.41061
0.35734 0.24254 0.29983
0.53290 0.33193 0.47741
0.35319 0.40015 0.38647
0.39468 0.38066 0.40774
0.47308 0.37202 0.45541
0.54904 0.47475 0.54745
0.41593 0.29858 0.52977
0.33780 0.41839 0.43786
0.50365 0.34974 0.39401
0.38437 0.28673 0.36325
0.55044 0.41737 0.48481
0.37152 0.34350 0.52815
0.51168 0.37579 0.48549
0.49409 0.37842 0.46982
0.45158 0.33495 0.33561
0.51430 0.31712 0.40192
0.51450 0.25477 0.33934
0.52285 0.32312 0.53758
0.48351 0.47431 0.51453
0.46501 0.33163 0.48066
0.40944 0.29927 0.38468
0.43091 0.32773 0.41074
0.35724 0.32231 0.40386
0.49345 0.42274 0.46976
0.44745 0.39809 0.50000
0.50188 0.36239 0.52710
0.33184 0.28800 0.33514
0.48659 0.23267 0.43226
0.52398 0.34408 0.49438
0.36681 0.31706 0.43623
0.52307 0.43756 0.49109
0.33621 0.29808 0.36609
0.35354 0.22675 0.30697
0.51555 0.43399 0.51733
0.41878 0.42762 0.42166
0.37710 0.35640 0.37369
0.44075 0.40908 0.53662
0.43663 0.42777 0.34749
0.46197 0.29462 0.46319
0.39202 0.44123 0.39457
0.44467 0.56917 0.39124
0.51389 0.33558 0.44681
0.41698 0.29567 0.43058
0.44438 0.33304 0.41565
0.41618 0.36685 0.48719
0.30877 0.37508 0.30384
0.48307 0.34850 0.44789
0.50249 0.41828 0.53478
0.50631 0.44024 0.47828
0.30194 0.42702 0.29289
0.41836 0.42268 0.49369
0.48188 0.32956 0.47158
0.39329 0.40820 0.52789
0.43092 0.32881 0.41553
0.43260 0.38084 0.45765
0.38870 0.36126 0.44441
0.48308 0.40158 0.36190
0.51410 0.19885 0.41265
0.41409 0.26730 0.33707
0.47947 0.29627 0.41824
0.56372 0.43357 0.51018
0.53795 0.40200 0.51293
0.52678 0.33490 0.52962
0.43519 0.49940 0.33843
0.48414 0.37455 0.36480
0.41264 0.48305 0.51861
0.49255 0.38647 0.47883
0.58368 0.41752 0.57665
0.57092 0.37011 0.49281
0.45470 0.37678 0.45313
0.39206 0.34378 0.42491
0.45197 0.30751 0.45598
0.41434 0.29989 0.40105
0.48320 0.34783 0.43753
0.31078 0.33279 0.40914
0.53335 0.28165 0.43461
0.44237 0.26658 0.44737
0.42056 0.38802 0.37909
0.38556 0.39944 0.45516
0.55699 0.44902 0.57542
0.50836 0.50477 0.56068
0.41862 0.26601 0.30442
0.40083 0.34047 0.47657
0.55796 0.39330 0.54767
0.34423 0.34047 0.42968
0.49130 0.35331 0.41894
0.59424 0.39708 0.56710
0.62822 0.48996 0.64937
0.59059 0.27874 0.43920
0.50454 0.38596 0.42372
0.55587 0.40636 0.44177
0.55522 0.39753 0.55800
0.45044 0.38121 0.42619
0.53450 0.34928 0.40837
0.37625 0.46377 0.33835
0.43216 0.33037 0.45659
0.34669 0.43116 0.43204
0.44281 0.34753 0.40449
0.43977 0.39404 0.36601
0.34778 0.36287 0.48983
0.47225 0.42750 0.50215
0.53042 0.38728 0.43991
0.57106 0.31344 0.47854
0.30894 0.53919 0.40226
0.36661 0.30271 0.43858
0.41775 0.44590 0.39320
0.47350 0.32320 0.45830
0.46804 0.28562 0.46639
0.36728 0.25803 0.27913
0.33256 0.35703 0.47715
0.42451 0.37125 0.42298
0.35591 0.30929 0.38637
0.50061 0.44214 0.52788
0.33226 0.33512 0.44500
0.32923 0.31224 0.38149
0.55786 0.37762 0.57587
0.40044 0.43943 0.39170
0.49316 0.26663 0.37588
0.41567 0.43918 0.33349
0.45769 0.33321 0.32677
0.40743 0.34248 0.49876
0.52150 0.37423 0.42927
0.52488 0.40143 0.52776
0.42250 0.39405 0.49360
0.49944 0.37873 0.51189
0.49673 0.35958 0.51328
0.52781 0.34496 0.37796
0.39720 0.32490 0.49009
0.51925 0.41080 0.46184
0.40055 0.32878 0.41115
0.37947 0.40976 0.44860
0.41808 0.34433 0.51094
0.35218 0.25770 0.37737
0.46054 0.35751 0.42705
0.44593 0.44193 0.44393
0.48963 0.29061 0.42259
0.52710 0.34604 0.48439
0.34099 0.45926 0.38149
0.54586 0.37309 0.54270
0.41391 0.43392 0.41174
0.54538 0.23542 0.42640
0.50573 0.39610 0.57406
0.55656 0.27717 0.44387
0.36879 0.32902 0.38479
0.53922 0.32752 0.54303
0.47169 0.41866 0.48370
0.67570 0.38850 0.59218
0.49061 0.46735 0.47141
0.33294 0.25813 0.32632
0.47938 0.38437 0.44681
0.39920 0.37803 0.43438
0.47193 0.28644 0.42023
0.49376 0.35833 0.47268
0.52358 0.38943 0.55300
0.39798 0.23829 0.33203
0.37755 0.37320 0.32577
0.46524 0.39836 0.49627
0.51225 0.32388 0.41613
0.46239 0.38994 0.38284
0.44934 0.45965 0.41437
0.51835 0.36324 0.44106
0.52975 0.36558 0.46011
0.43543 0.31577 0.43260
0.42318 0.37141 0.56161
0.33390 0.39134 0.36672
0.49844 0.34889 0.51296
0.52041 0.40435 0.49823
0.45428 0.31601 0.38498
0.45423 0.37428 0.46801
0.43204 0.32157 0.46246
0.43874 0.31847 0.42108
0.41464 0.35649 0.48893
0.30915 0.31924 0.44203
0.38551 0.35657 0.34858
0.41054 0.41857 0.35863
0.39431 0.24458 0.36455
0.49948 0.33472 0.43940
0.40628 0.37324 0.34651
0.47683 0.30724 0.43044
0.46728 0.32674 0.32479
0.42620 0.39282 0.46644
0.47441 0.39296 0.50782
0.34642 0.28342 0.33330
0.53993 0.40370 0.46882
0.44693 0.27662 0.42281
0.60158 0.36069 0.58179
0.51631 0.48603 0.43448
0.49333 0.39673 0.49031
0.53534 0.41217 0.54052
0.52006 0.34656 0.53182
0.61313 0.34455 0.56119
0.45347 0.35663 0.44844
0.49648 0.38891 0.43657
0.48612 0.37909 0.47557
0.59735 0.26716 0.48925
0.43110 0.37991 0.47111
0.51379 0.42042 0.46195
0.38805 0.35162 0.31262
0.33585 0.36991 0.37036
0.44508 0.34785 0.39290
0.54487 0.39008 0.46243
0.41532 0.38812 0.45042
0.39453 0.27102 0.30667
0.43382 0.40433 0.44434
0.40275 0.35107 0.36772
0.57877 0.47699 0.47973
0.49770 0.31222 0.43387
0.40416 0.31467 0.37042
0.42265 0.41087 0.35265
0.48978 0.36953 0.46356
0.50104 0.34488 0.46096
0.39992 0.32423 0.37162
0.55837 0.41043 0.48204
0.47900 0.33209 0.45039
0.47870 0.37838 0.47902
0.47077 0.33770 0.38129
0.28259 0.28958 0.37297
0.38714 0.34618 0.43821
0.50754 0.34125 0.44007
0.43576 0.33841 0.36211
0.55641 0.37832 0.55361
0.62805 0.31984 0.49849
0.61354 0.43051 0.59888
0.41389 0.33964 0.43111
0.43633 0.26176 0.40328
0.43510 0.33849 0.41930
0.55676 0.38977 0.44333
0.52035 0.38702 0.46414
0.40771 0.36740 0.39362
0.49517 0.51116 0.53182
0.39331 0.27641 0.35741
0.58342 0.22758 0.39697
0.56120 0.29890 0.47311
0.52639 0.25813 0.45480
0.43691 0.40424 0.49418
0.46636 0.27071 0.46104
0.25044 0.36738 0.34181
0.39647 0.31411 0.43431
0.52145 0.31088 0.52693
0.34768 0.34844 0.44263
0.60607 0.35046 0.43864
0.52297 0.24073 0.37956
0.50011 0.47325 0.47819
0.47133 0.30662 0.45873
0.49269 0.31911 0.31570
0.52674 0.38092 0.53678
0.55108 0.32727 0.55163
0.37601 0.35230 0.31953
0.55323 0.39158 0.49910
0.37056 0.31301 0.42961
0.49922 0.36691 0.38588
0.44579 0.33787 0.41596
0.43684 0.37465 0.42694
0.43231 0.26549 0.40984
0.49297 0.41335 0.50597
0.40603 0.27521 0.40458
0.48022 0.35470 0.43514
0.54625 0.34808 0.45670
0.35093 0.35336 0.41606
0.57526 0.24500 0.41981
0.56962 0.34374 0.51041
0.31895 0.37626 0.37412
0.50213 0.32673 0.48696
0.42062 0.41030 0.47839
0.54573 0.39105 0.55059
0.38122 0.43699 0.43456
0.40723 0.25063 0.38506
0.46869 0.29814 0.43359
0.30315 0.41034 0.33130
0.46491 0.34514 0.50213
0.33269 0.28845 0.36556
0.46901 0.36095 0.42787
0.47253 0.37899 0.48207
0.46940 0.30411 0.42764
0.62394 0.37690 0.54230
0.36462 0.48258 0.29985
0.44456 0.39048 0.36577
0.43659 0.40685 0.28761
0.51401 0.39525 0.44478
0.49362 0.36309 0.44835
0.34954 0.47661 0.40640
0.58076 0.21139 0.33506
0.51128 0.43652 0.54348
0.56405 0.34121 0.51433
0.42362 0.36412 0.51928
0.47155 0.40289 0.39576
0.56890 0.49050 0.51487
0.55360 0.34718 0.52287
0.50127 0.42359 0.51190
0.43691 0.40230 0.53964
0.26466 0.30238 0.29163
0.36877 0.37576 0.37191
0.33117 0.41331 0.39824
0.38150 0.36767 0.45212
0.47854 0.40545 0.47725
0.35875 0.31876 0.36460
0.39814 0.36961 0.47653
0.51278 0.35770 0.43957
0.40827 0.33052 0.35712
0.47997 0.40786 0.44318
0.50535 0.35851 0.43914
0.45095 0.32933 0.43020
0.45521 0.35648 0.53509
0.52280 0.37157 0.48480
0.23557 0.29713 0.29536
