20 17 1000 51552 44
0.04637 0.53440 0.83742
0.06387 0.20493 0.96495
0.49098 0.16438 0.60413
0.63655 0.69496 0.26626
0.69671 0.76756 0.60205
0.17631 0.71673 0.22358
0.91570 0.19521 0.85896
0.22341 0.13232 0.89318
0.64756 0.81226 0.05047
0.21826 0.84126 0.94487
0.24401 0.63726 0.00965
0.07223 0.32488 0.39415
0.95350 0.51172 0.30346
0.63697 0.88762 0.60306
0.28309 0.80232 0.13754
0.77249 0.49565 0.87672
0.33660 0.83294 0.33318
0.52842 0.58826 0.62298
0.48770 0.66170 0.51456
0.46466 0.59917 0.54275
0.42434 0.64221 0.57815
0.41573 0.63681 0.46355
0.39059 0.60109 0.54397
0.38426 0.62410 0.52233
0.42044 0.50000 0.59514
0.38968 0.46617 0.63535
0.41460 0.36843 0.60491
0.41189 0.59670 0.41694
0.41318 0.66429 0.51697
0.46478 0.54127 0.54609
0.53842 0.60029 0.42073
0.36897 0.57180 0.55731
0.43173 0.60505 0.37588
0.48690 0.67509 0.42315
0.44048 0.62948 0.57152
0.39264 0.48900 0.55502
0.55540 0.50336 0.60329
0.32500 0.51074 0.56086
0.40048 0.61917 0.52392
0.51608 0.50483 0.63390
0.36718 0.52615 0.51100
0.33870 0.58748 0.48406
0.43624 0.55714 0.51510
0.41764 0.55645 0.46397
0.36147 0.43044 0.66124
0.63807 0.58294 0.45722
0.53906 0.58108 0.47794
0.51181 0.56341 0.33191
0.47203 0.54379 0.53401
0.52773 0.39948 0.69973
0.50277 0.56362 0.55292
0.38360 0.52550 0.58842
0.41332 0.67936 0.32460
0.46696 0.57967 0.48492
0.38560 0.55083 0.46827
0.49662 0.65923 0.54206
0.36722 0.55794 0.58330
0.52132 0.51741 0.64606
0.48342 0.49038 0.43967
0.39467 0.56255 0.40304
0.41432 0.51490 0.50025
0.49559 0.61715 0.54832
0.31453 0.53879 0.48906
0.50305 0.53686 0.51092
0.55345 0.53397 0.61165
0.42780 0.59800 0.44730
0.61556 0.63819 0.53407
0.42821 0.66279 0.45143
0.31174 0.55258 0.57633
0.34016 0.61583 0.52280
0.44641 0.63340 0.45150
0.41946 0.63796 0.49778
0.50017 0.56192 0.52052
0.42884 0.65289 0.57261
0.52483 0.53251 0.56287
0.47444 0.56109 0.43618
0.56747 0.54744 0.42985
0.40679 0.52838 0.51565
0.40666 0.59258 0.51814
0.38890 0.59981 0.43533
0.28049 0.44842 0.61096
0.42903 0.66881 0.56768
0.34141 0.52746 0.59169
0.46493 0.65247 0.40753
0.39501 0.53112 0.58363
0.41079 0.55626 0.44771
0.38760 0.60406 0.42391
0.39584 0.72466 0.51074
0.42879 0.48515 0.74025
0.54111 0.60984 0.38703
0.38572 0.58811 0.50850
0.49489 0.60301 0.49489
0.49504 0.56344 0.55417
0.45456 0.58618 0.52299
0.36911 0.51982 0.51807
0.52775 0.66731 0.46424
0.43784 0.56525 0.59302
0.38950 0.50786 0.55634
0.49270 0.62159 0.48501
0.40766 0.44861 0.56652
0.56526 0.55650 0.54268
0.39790 0.55455 0.60430
0.49988 0.64276 0.52244
0.42882 0.56749 0.46537
0.39987 0.53008 0.59801
0.34183 0.56235 0.55466
0.42995 0.61446 0.41822
0.54143 0.45208 0.62741
0.42241 0.54424 0.55100
0.50427 0.56302 0.51224
0.50607 0.66206 0.51773
0.38042 0.55265 0.53089
0.49112 0.45586 0.64884
0.48003 0.63734 0.49797
0.43836 0.60651 0.64358
0.43067 0.59589 0.51910
0.43923 0.55738 0.42821
0.48410 0.52358 0.52437
0.46550 0.59621 0.47854
0.33610 0.49702 0.66835
0.45606 0.67003 0.51101
0.51890 0.58021 0.53214
0.40429 0.59592 0.54688
0.48905 0.61828 0.51492
0.44796 0.49015 0.49901
0.40235 0.64287 0.46934
0.32192 0.57777 0.52800
0.37076 0.48473 0.67087
0.53676 0.44048 0.61982
0.40793 0.62264 0.40649
0.32454 0.48757 0.60418
0.46878 0.50985 0.54456
0.37111 0.52693 0.48349
0.42970 0.56034 0.66130
0.36842 0.53838 0.64086
0.36717 0.60660 0.55883
0.47788 0.59974 0.43022
0.29911 0.55405 0.61805
0.35802 0.62018 0.47363
0.46575 0.57967 0.53155
0.57461 0.57596 0.58161
0.45797 0.54578 0.57043
0.32454 0.60893 0.54772
0.55892 0.59471 0.53300
0.39364 0.60885 0.52715
0.40517 0.55909 0.58343
0.38653 0.60202 0.62164
0.49177 0.45426 0.58573
0.51302 0.65042 0.53397
0.42996 0.64263 0.49847
0.47125 0.55797 0.45061
0.44394 0.56292 0.45939
0.44157 0.57739 0.64272
0.51550 0.54319 0.50766
0.50410 0.57600 0.53644
0.41512 0.68779 0.41477
0.36785 0.51633 0.58326
0.34642 0.41305 0.59941
0.45661 0.66010 0.52008
0.42354 0.54344 0.54777
0.49126 0.61733 0.57679
0.48603 0.64180 0.43027
0.40253 0.54634 0.63165
0.50854 0.55494 0.54897
0.43214 0.48841 0.48385
0.37106 0.68498 0.46354
0.36018 0.55047 0.60369
0.42323 0.52826 0.57296
0.33728 0.45185 0.65111
0.48125 0.60728 0.46502
0.37671 0.58225 0.43488
0.56681 0.62790 0.36158
0.53316 0.57778 0.45330
0.55889 0.54692 0.51453
0.48014 0.63726 0.53808
0.44753 0.58179 0.52838
0.44277 0.54340 0.46454
0.46715 0.60368 0.55239
0.48017 0.55661 0.51517
0.36096 0.68867 0.48661
0.41777 0.49487 0.54758
0.42063 0.49398 0.59678
0.49158 0.52831 0.43887
0.51662 0.57333 0.47266
0.50043 0.56360 0.52721
0.36933 0.52030 0.56051
0.49891 0.58313 0.54810
0.37958 0.52446 0.47036
0.49887 0.56840 0.52698
0.46484 0.56699 0.49235
0.25312 0.55926 0.56067
0.39068 0.57893 0.50250
0.38905 0.60290 0.51531
0.51463 0.48609 0.49938
0.33123 0.49230 0.61570
0.43334 0.54925 0.54056
0.53138 0.50772 0.50485
0.39673 0.58909 0.60334
0.46329 0.65302 0.43868
0.40379 0.63218 0.54342
0.56770 0.52519 0.69617
0.50859 0.55456 0.52485
0.44155 0.45490 0.60753
0.33422 0.49703 0.58024
0.39368 0.53312 0.50864
0.48914 0.52381 0.59600
0.40731 0.50055 0.54533
0.38477 0.55525 0.57859
0.42329 0.61788 0.55443
0.36998 0.53293 0.51724
0.36166 0.55725 0.50559
0.48158 0.47840 0.59412
0.49995 0.52262 0.48526
0.58368 0.51446 0.54964
0.55689 0.60656 0.50131
0.45189 0.57333 0.56377
0.41765 0.48277 0.66815
0.45051 0.57645 0.45473
0.36286 0.46549 0.63530
0.38527 0.50552 0.61220
0.38909 0.46579 0.58298
0.49534 0.54489 0.52407
0.46135 0.45237 0.50285
0.51633 0.67493 0.36817
0.43613 0.45805 0.64889
0.38097 0.49227 0.61996
0.48611 0.54040 0.52552
0.35651 0.63644 0.46735
0.37192 0.62569 0.50291
0.38011 0.59778 0.52628
0.31860 0.54590 0.45615
0.45647 0.52395 0.59988
0.52674 0.72908 0.48851
0.47432 0.65207 0.50517
0.47194 0.53723 0.48875
0.36320 0.55334 0.41460
0.36853 0.56462 0.44759
0.53718 0.61087 0.56816
0.35867 0.54730 0.35346
0.48276 0.61110 0.43360
0.47908 0.52338 0.45553
0.51490 0.64361 0.42207
0.49522 0.61002 0.47302
0.47984 0.59165 0.52276
0.37453 0.59883 0.61168
0.38109 0.57555 0.50549
0.43464 0.57791 0.63022
0.49948 0.54522 0.48804
0.32505 0.58330 0.38492
0.44197 0.60849 0.47218
0.42055 0.42718 0.56770
0.35608 0.59175 0.56780
0.45210 0.50186 0.62335
0.33231 0.48122 0.41170
0.39920 0.59260 0.48014
0.40706 0.55079 0.49437
0.46294 0.66914 0.41151
0.43599 0.63293 0.54312
0.43643 0.53027 0.63290
0.36587 0.66301 0.52865
0.45838 0.66230 0.36326
0.45500 0.64681 0.56084
0.43375 0.54044 0.48616
0.42202 0.54169 0.53390
0.40450 0.61721 0.51315
0.39754 0.49361 0.54177
0.45916 0.58168 0.49051
0.48780 0.56274 0.55935
0.39269 0.52414 0.52011
0.41539 0.54889 0.49563
0.40718 0.55445 0.50758
0.40905 0.61136 0.54373
0.48691 0.53920 0.58363
0.39901 0.52593 0.63399
0.42361 0.58591 0.53876
0.38319 0.49974 0.59892
0.50228 0.58752 0.55491
0.33882 0.58331 0.51517
0.48179 0.58978 0.54798
0.48447 0.57967 0.47224
0.51774 0.49572 0.54969
0.39982 0.54676 0.51516
0.41800 0.53072 0.52345
0.29666 0.54509 0.67438
0.38774 0.59161 0.48060
0.35248 0.52306 0.54699
0.36152 0.59537 0.44558
0.53021 0.62162 0.43634
0.44131 0.55304 0.58552
0.53888 0.74103 0.45721
0.46789 0.66046 0.44922
0.30274 0.53628 0.54643
0.44260 0.49905 0.49964
0.28808 0.39947 0.69146
0.42309 0.63809 0.51218
0.48838 0.47856 0.58314
0.48529 0.61868 0.49616
0.34760 0.48026 0.73735
0.51030 0.56304 0.55702
0.45432 0.65323 0.45565
0.40946 0.53676 0.62154
0.43547 0.54847 0.53008
0.37112 0.65100 0.51515
0.40470 0.47685 0.65389
0.44872 0.56878 0.44517
0.43094 0.59022 0.50407
0.42674 0.55348 0.46992
0.54034 0.63166 0.50868
0.39265 0.58084 0.62636
0.41595 0.68776 0.49365
0.39011 0.61173 0.49867
0.41751 0.63130 0.33511
0.50867 0.70626 0.30007
0.39245 0.55006 0.47523
0.31862 0.60926 0.61178
0.44145 0.45041 0.56050
0.41536 0.62757 0.39112
0.41120 0.50730 0.63662
0.44342 0.50043 0.55211
0.41499 0.52012 0.42144
0.39987 0.48276 0.66351
0.37180 0.57182 0.58062
0.44420 0.64398 0.45217
0.43182 0.54148 0.51408
0.34460 0.53390 0.53826
0.49707 0.57724 0.51998
0.43285 0.60765 0.39608
0.32702 0.57766 0.52127
0.45891 0.51731 0.45694
0.51259 0.54197 0.44256
0.33684 0.56211 0.62153
0.53118 0.61258 0.50828
0.42204 0.54441 0.57479
0.43643 0.59447 0.40001
0.46882 0.53331 0.43395
0.35541 0.50572 0.50250
0.43941 0.56913 0.40104
0.30932 0.55185 0.55466
0.59473 0.67345 0.46750
0.33529 0.49167 0.67454
0.45261 0.36581 0.66687
0.37683 0.46739 0.56373
0.39894 0.54189 0.57488
0.51735 0.57317 0.52373
0.50179 0.53992 0.65131
0.38764 0.65308 0.41818
0.53508 0.59478 0.53289
0.45608 0.50229 0.50430
0.50383 0.58426 0.56268
0.37909 0.65781 0.57107
0.31751 0.51441 0.54950
0.38809 0.60885 0.56349
0.41100 0.52094 0.67702
0.40434 0.56337 0.50901
0.35208 0.55958 0.47598
0.44148 0.59580 0.44560
0.46460 0.50950 0.49000
0.57128 0.51218 0.52552
0.32621 0.53143 0.52684
0.56329 0.60623 0.56455
0.42748 0.49551 0.52380
0.42706 0.66759 0.42801
0.51107 0.47685 0.52473
0.41677 0.55797 0.49740
0.51321 0.58894 0.52262
0.46437 0.62253 0.50256
0.45542 0.53366 0.64808
0.59199 0.48754 0.59910
0.27929 0.42837 0.60507
0.52699 0.52233 0.52635
0.45778 0.52463 0.53946
0.44767 0.60442 0.43767
0.46438 0.58174 0.51857
0.42933 0.45802 0.63266
0.41312 0.58372 0.48261
0.37700 0.47857 0.62375
0.50627 0.50152 0.50770
0.49208 0.52427 0.60279
0.33086 0.54965 0.48150
0.41099 0.65714 0.52905
0.38829 0.56570 0.55019
0.46884 0.53350 0.67829
0.37586 0.56901 0.51585
0.45332 0.57874 0.47672
0.34699 0.38827 0.69697
0.43019 0.54375 0.60895
0.31191 0.54586 0.60883
0.40206 0.53629 0.41335
0.37512 0.51075 0.45947
0.39958 0.61377 0.58530
0.38608 0.56286 0.50073
0.46303 0.60272 0.44717
0.47873 0.51327 0.58574
0.48641 0.57048 0.65796
0.46573 0.63640 0.40315
0.29358 0.51765 0.61132
0.49784 0.69289 0.34560
0.49317 0.54234 0.50211
0.40572 0.57670 0.41702
0.45796 0.60222 0.48460
0.38598 0.60075 0.38509
0.38705 0.66158 0.41019
0.37098 0.63827 0.60945
0.32028 0.53377 0.55398
0.51318 0.43108 0.67786
0.40683 0.58643 0.40406
0.37505 0.61756 0.57813
0.39581 0.62609 0.49923
0.49381 0.65962 0.44146
0.29062 0.57060 0.50748
0.38078 0.65541 0.42445
0.51362 0.59872 0.46412
0.42801 0.51531 0.56847
0.41498 0.64165 0.36416
0.46690 0.44331 0.67800
0.49417 0.62854 0.32973
0.47328 0.60280 0.38673
0.52175 0.58832 0.54527
0.48905 0.60383 0.51208
0.40669 0.58578 0.53374
0.50994 0.59933 0.46460
0.44944 0.53325 0.55883
0.51805 0.50792 0.61417
0.44033 0.55037 0.45502
0.37943 0.56360 0.65838
0.36712 0.52547 0.52319
0.45641 0.51227 0.52839
0.31846 0.50947 0.57600
0.43699 0.46582 0.68945
0.45800 0.51258 0.42549
0.42747 0.56845 0.46296
0.44552 0.48528 0.59683
0.32433 0.51680 0.51799
0.55208 0.59112 0.53352
0.41184 0.47289 0.67878
0.58210 0.53937 0.42565
0.43952 0.51419 0.44431
0.43767 0.56948 0.60075
0.49751 0.60236 0.52103
0.39501 0.46619 0.59776
0.34961 0.65106 0.43622
0.46552 0.58060 0.51450
0.45235 0.66054 0.49332
0.46287 0.61450 0.43352
0.42589 0.59499 0.66199
0.44777 0.64264 0.50634
0.52666 0.37702 0.67098
0.58027 0.49350 0.52722
0.51665 0.52304 0.54454
0.31678 0.58055 0.53062
0.48882 0.58822 0.47627
0.31347 0.51757 0.60340
0.48454 0.52129 0.44050
0.38612 0.55836 0.48517
0.38253 0.53603 0.58396
0.47579 0.59414 0.49184
0.38318 0.57710 0.45377
0.48491 0.65143 0.56608
0.33266 0.53002 0.58326
0.36017 0.65156 0.45129
0.44336 0.51519 0.70753
0.38725 0.58061 0.45334
0.37507 0.67746 0.46585
0.56165 0.54998 0.42130
0.35204 0.57948 0.55308
0.36615 0.47073 0.44616
0.50544 0.51161 0.50458
0.36886 0.54173 0.57244
0.38048 0.42864 0.70785
0.43774 0.60142 0.55292
0.51262 0.54539 0.52391
0.34135 0.67257 0.52141
0.47717 0.63590 0.45755
0.50431 0.64873 0.36872
0.33221 0.53119 0.50034
0.50184 0.54963 0.50329
0.41308 0.68256 0.42812
0.45021 0.54961 0.47673
0.35152 0.56400 0.55277
0.41609 0.63841 0.37985
0.42806 0.61314 0.47268
0.40098 0.62013 0.49108
0.42983 0.54977 0.45066
0.40748 0.47225 0.63615
0.38572 0.60482 0.43740
0.41282 0.57258 0.41813
0.35519 0.46435 0.67302
0.46154 0.57485 0.50174
0.34986 0.58278 0.52878
0.54990 0.55529 0.55424
0.52405 0.53223 0.52591
0.37535 0.55467 0.53860
0.29729 0.55411 0.40717
0.33920 0.51834 0.59288
0.46683 0.52551 0.49917
0.35541 0.49662 0.73715
0.43688 0.60054 0.45099
0.49513 0.52340 0.61084
0.27865 0.52976 0.67352
0.44031 0.57543 0.47515
0.49650 0.50302 0.56466
0.41595 0.62450 0.50424
0.57264 0.48226 0.60343
0.50684 0.58623 0.47065
0.50597 0.50617 0.54694
0.32906 0.50483 0.55735
0.42843 0.47600 0.65393
0.38078 0.55330 0.50921
0.41582 0.52986 0.56218
0.42992 0.46140 0.47105
0.58745 0.50362 0.47465
0.42822 0.58311 0.56715
0.46121 0.45775 0.51464
0.45652 0.64321 0.54916
0.46876 0.66940 0.55462
0.36182 0.44294 0.60819
0.52659 0.60811 0.41893
0.39108 0.58740 0.42371
0.50808 0.60262 0.47481
0.35543 0.47682 0.49367
0.54732 0.62978 0.43960
0.49566 0.44200 0.58207
0.44464 0.54924 0.66687
0.57015 0.57301 0.53502
0.35655 0.55714 0.61665
0.53712 0.50143 0.51801
0.42937 0.46383 0.54988
0.41350 0.62249 0.51582
0.46687 0.59013 0.54936
0.37423 0.47634 0.58245
0.48317 0.55562 0.55329
0.45245 0.51586 0.66894
0.47179 0.53729 0.63211
0.47697 0.56698 0.49205
0.49513 0.50503 0.58590
0.52958 0.62282 0.43534
0.57672 0.55851 0.51110
0.54097 0.61236 0.48366
0.41527 0.50813 0.44046
0.43845 0.65093 0.40694
0.50537 0.56679 0.48885
0.35968 0.56671 0.52944
0.42465 0.55191 0.54563
0.39150 0.53697 0.51676
0.39964 0.48778 0.60820
0.49356 0.60273 0.53105
0.64184 0.52885 0.53004
0.37557 0.61427 0.60707
0.62341 0.52542 0.59242
0.36790 0.50755 0.58852
0.49597 0.52884 0.48966
0.30753 0.53119 0.52013
0.54425 0.60686 0.57501
0.42997 0.51582 0.48513
0.37195 0.59115 0.54893
0.46147 0.55541 0.52201
0.34713 0.58174 0.42536
0.42372 0.57546 0.49070
0.37793 0.60266 0.54205
0.36842 0.59855 0.46949
0.39856 0.54923 0.50996
0.36928 0.63161 0.41504
0.36209 0.50097 0.47249
0.54337 0.52783 0.58715
0.42905 0.60717 0.58313
0.36187 0.63954 0.47733
0.43878 0.64289 0.50338
0.43866 0.53037 0.61382
0.38221 0.61151 0.38155
0.23754 0.47689 0.58384
0.52001 0.46489 0.63581
0.41933 0.56742 0.48185
0.43085 0.56712 0.42433
0.63081 0.66763 0.36140
0.36808 0.55265 0.53882
0.31694 0.55680 0.52079
0.37394 0.58401 0.59211
0.31575 0.68277 0.55436
0.41598 0.53212 0.53418
0.38982 0.50356 0.54321
0.35294 0.55991 0.53366
0.34714 0.56323 0.54569
0.41334 0.55740 0.53000
0.42288 0.57790 0.44379
0.52870 0.62958 0.46969
0.47365 0.55822 0.51027
0.46105 0.66766 0.44806
0.42757 0.57419 0.52135
0.50674 0.61391 0.48313
0.53898 0.58358 0.40392
0.41223 0.50974 0.65354
0.48100 0.58156 0.48563
0.43649 0.55294 0.70255
0.36271 0.64083 0.60484
0.45048 0.58460 0.51934
0.41237 0.66581 0.38201
0.41739 0.66637 0.44521
0.31485 0.47116 0.57171
0.41883 0.67005 0.36404
0.41571 0.47214 0.65987
0.52771 0.49432 0.43371
0.40791 0.57072 0.52447
0.36400 0.60964 0.39100
0.35109 0.47043 0.48430
0.42280 0.62172 0.45872
0.29427 0.61620 0.50108
0.61827 0.41325 0.64035
0.51074 0.46963 0.50729
0.47033 0.48452 0.56829
0.48584 0.57112 0.47142
0.52445 0.49135 0.52937
0.52649 0.58916 0.48137
0.46707 0.60299 0.36700
0.37304 0.48661 0.59291
0.41415 0.52448 0.47298
0.49041 0.53611 0.49616
0.38197 0.54779 0.51054
0.39413 0.70077 0.46122
0.32840 0.44671 0.61280
0.36678 0.63325 0.46621
0.52367 0.54603 0.55206
0.43315 0.63506 0.48932
0.37645 0.62797 0.58784
0.45361 0.58743 0.46968
0.36097 0.58196 0.43905
0.47013 0.57306 0.59912
0.43740 0.59416 0.65829
0.37956 0.56261 0.30976
0.45290 0.63816 0.45120
0.41775 0.56913 0.49401
0.45912 0.56556 0.54736
0.46780 0.57967 0.62836
0.36975 0.48994 0.55168
0.34595 0.60960 0.32492
0.46380 0.62076 0.51298
0.52883 0.61242 0.48740
0.47684 0.67529 0.53822
0.44681 0.53643 0.39520
0.49586 0.52093 0.45008
0.48448 0.62507 0.51108
0.47224 0.51780 0.53762
0.41359 0.55324 0.57000
0.35711 0.58566 0.39286
0.38967 0.55573 0.49573
0.46578 0.62796 0.55801
0.36304 0.47280 0.59732
0.38461 0.65766 0.55295
0.58702 0.55915 0.52741
0.39272 0.53673 0.47911
0.59694 0.56153 0.61659
0.54665 0.59942 0.52670
0.33128 0.54704 0.63468
0.41771 0.60262 0.50144
0.52161 0.60487 0.52484
0.38210 0.52014 0.51981
0.33965 0.62739 0.47230
0.43263 0.53612 0.55272
0.43712 0.52982 0.54190
0.40626 0.44723 0.61670
0.36706 0.33723 0.69648
0.41576 0.59754 0.47704
0.43774 0.55179 0.50799
0.55415 0.52898 0.63686
0.41878 0.55942 0.45856
0.32706 0.52308 0.55933
0.41493 0.60830 0.50273
0.50395 0.53566 0.52209
0.49440 0.56904 0.44209
0.51012 0.61094 0.55126
0.50118 0.56930 0.58276
0.30450 0.53862 0.46452
0.54883 0.42219 0.60271
0.38918 0.54400 0.51554
0.48816 0.65481 0.59338
0.39227 0.59997 0.56019
0.53365 0.59425 0.38022
0.37510 0.58566 0.36626
0.39741 0.58635 0.53318
0.44112 0.57155 0.47230
0.35315 0.58994 0.49747
0.35109 0.61437 0.41989
0.36042 0.49254 0.70461
0.45057 0.67286 0.32974
0.38136 0.61071 0.61860
0.39730 0.49759 0.54584
0.41561 0.51617 0.57109
0.39215 0.65326 0.58114
0.48183 0.51705 0.48404
0.46192 0.58478 0.45074
0.49670 0.55787 0.48783
0.39852 0.56403 0.45695
0.37694 0.60867 0.40232
0.35813 0.63182 0.51247
0.38036 0.49199 0.47450
0.41178 0.47774 0.60657
0.40779 0.48755 0.56173
0.53978 0.61263 0.49897
0.43216 0.58765 0.43201
0.45318 0.51489 0.52786
0.52569 0.61744 0.45846
0.51217 0.53144 0.57106
0.38340 0.62146 0.38995
0.38299 0.46670 0.59458
0.42909 0.50085 0.50631
0.50445 0.57039 0.50715
0.47948 0.63043 0.45908
0.32987 0.58157 0.44428
0.58224 0.57300 0.53303
0.58564 0.55616 0.51029
0.43569 0.49756 0.56205
0.45861 0.52662 0.50853
0.48305 0.44820 0.55059
0.42847 0.55975 0.55619
0.38938 0.53431 0.48644
0.41674 0.67910 0.36584
0.44443 0.45415 0.51403
0.63560 0.49320 0.49759
0.46949 0.53978 0.48403
0.45950 0.58621 0.41190
0.42114 0.63419 0.42487
0.44672 0.60375 0.44722
0.41973 0.70204 0.46803
0.45046 0.66101 0.47541
0.44096 0.52330 0.56559
0.55513 0.58540 0.50263
0.46987 0.65727 0.50733
0.40651 0.47022 0.62163
0.36717 0.57278 0.52757
0.46096 0.59890 0.56705
0.41646 0.52945 0.50048
0.46295 0.66702 0.39673
0.42992 0.54305 0.49442
0.39783 0.57273 0.52050
0.42905 0.57740 0.46079
0.38611 0.56717 0.45042
0.51985 0.66179 0.43127
0.41714 0.70485 0.43490
0.52380 0.57978 0.38549
0.40399 0.52253 0.52212
0.50786 0.57519 0.58960
0.32883 0.47865 0.55221
0.36965 0.60888 0.55781
0.43976 0.49339 0.55362
0.38477 0.57463 0.45218
0.41517 0.51771 0.50040
0.43255 0.57775 0.45214
0.56258 0.46237 0.52525
0.54059 0.57832 0.48359
0.36391 0.51045 0.61589
0.36350 0.56599 0.52538
0.37418 0.51573 0.59852
0.38356 0.67870 0.44188
0.43319 0.58070 0.47929
0.35745 0.59055 0.54638
0.38775 0.60975 0.43408
0.48513 0.49104 0.53076
0.45813 0.47233 0.64966
0.37041 0.54139 0.65501
0.36066 0.52119 0.46349
0.47956 0.56449 0.45190
0.36903 0.63859 0.49941
0.41232 0.58903 0.53527
0.38700 0.54333 0.57793
0.31797 0.53254 0.57423
0.35001 0.62925 0.37589
0.49882 0.62577 0.51902
0.44769 0.54770 0.49243
0.48789 0.49740 0.46355
0.36748 0.46601 0.60572
0.51281 0.59135 0.49680
0.41521 0.52619 0.44145
0.32008 0.69593 0.47934
0.45780 0.57233 0.49872
0.50051 0.57777 0.55154
0.55197 0.50543 0.55858
0.50779 0.56207 0.55045
0.49946 0.57601 0.55085
0.42345 0.68344 0.47208
0.40123 0.49934 0.62650
0.29168 0.50780 0.64304
0.30051 0.57676 0.49558
0.45466 0.48713 0.54813
0.41178 0.63170 0.46252
0.41761 0.56724 0.40049
0.36385 0.57971 0.47475
0.45063 0.51762 0.58607
0.40002 0.57841 0.57114
0.51989 0.57857 0.67354
0.46274 0.56801 0.45728
0.49019 0.48590 0.50955
0.45663 0.50004 0.65312
0.32036 0.61502 0.50786
0.41347 0.62655 0.61122
0.54405 0.61100 0.54489
0.40216 0.57503 0.51029
0.44222 0.55129 0.48808
0.51627 0.57895 0.59177
0.35693 0.60604 0.42075
0.48088 0.61147 0.49416
0.44787 0.53560 0.61179
0.39137 0.58336 0.49933
0.32097 0.38696 0.68964
0.42567 0.53661 0.50621
0.48779 0.63781 0.46458
0.57538 0.50472 0.57675
0.38529 0.52233 0.52241
0.49936 0.63107 0.51470
0.41723 0.56603 0.56339
0.42458 0.61312 0.52659
0.41980 0.61100 0.57987
0.58777 0.47486 0.52340
0.40830 0.44931 0.60562
0.42208 0.63400 0.43637
0.35596 0.56563 0.56676
0.39139 0.54163 0.58006
0.41794 0.54751 0.55397
0.41797 0.68120 0.43306
0.56602 0.68871 0.31047
0.35646 0.52848 0.50293
0.39457 0.53042 0.61043
0.54810 0.62881 0.47666
0.51586 0.54851 0.45258
0.55292 0.64332 0.51504
0.41490 0.59333 0.46376
0.37084 0.50807 0.53682
0.43645 0.68493 0.24756
0.46370 0.59251 0.48316
0.49347 0.57174 0.47281
0.41754 0.38377 0.59898
0.49847 0.53557 0.50166
0.44288 0.58781 0.53045
0.53062 0.53305 0.54248
0.43948 0.53833 0.51251
0.48769 0.50882 0.56857
0.49242 0.47887 0.53213
0.53722 0.57407 0.55189
0.38033 0.58495 0.50230
0.43040 0.61403 0.38788
0.43215 0.48135 0.46481
0.37912 0.56768 0.58479
0.39600 0.60525 0.33677
0.44967 0.52563 0.51290
0.35529 0.54007 0.57853
0.39317 0.46755 0.58663
0.41460 0.46025 0.57300
0.43678 0.49585 0.60859
0.39795 0.64528 0.38066
0.41469 0.50112 0.60421
0.54361 0.57826 0.53297
0.39272 0.49330 0.66491
0.40035 0.68165 0.47676
0.44674 0.59774 0.47078
0.48727 0.49408 0.65551
0.52779 0.55260 0.46339
0.56160 0.64906 0.46594
0.38618 0.66644 0.46488
0.35994 0.51937 0.61487
0.44599 0.58035 0.54897
0.38338 0.65573 0.48906
0.59696 0.47819 0.59915
0.51896 0.53147 0.67507
0.36470 0.56027 0.53910
0.41824 0.60132 0.52889
0.42612 0.59126 0.56969
0.46481 0.59197 0.47503
0.41840 0.58133 0.55602
0.40863 0.56826 0.42465
0.37800 0.53878 0.51216
0.26513 0.51127 0.49378
0.52076 0.66316 0.53846
0.39759 0.65320 0.38524
0.51619 0.54107 0.51813
0.38493 0.55960 0.49777
0.48037 0.42010 0.64921
0.34529 0.53749 0.44992
0.38166 0.53856 0.52069
0.55396 0.50220 0.52671
0.39000 0.53868 0.48709
0.37486 0.52873 0.42079
0.48299 0.57261 0.44064
0.42076 0.51879 0.52039
0.32342 0.47904 0.60013
0.34910 0.54412 0.50789
0.38521 0.66027 0.53110
0.44550 0.57253 0.44429
0.33334 0.55762 0.56926
0.40347 0.64535 0.43353
0.43506 0.58752 0.51472
0.48613 0.55626 0.57598
0.43976 0.59707 0.46528
0.36798 0.56055 0.42428
0.40761 0.47641 0.70115
0.39085 0.50455 0.52842
0.39754 0.61431 0.51483
0.47142 0.62965 0.55059
0.37468 0.59526 0.49581
0.45448 0.56821 0.46112
0.38861 0.62069 0.54073
0.41593 0.46383 0.50181
0.33405 0.48919 0.48075
0.40783 0.46971 0.63475
0.42209 0.51335 0.56576
0.47802 0.69494 0.52871
0.46616 0.53042 0.49331
0.33499 0.63054 0.56843
0.38383 0.59465 0.51233
0.34511 0.57156 0.53696
0.45547 0.57228 0.47854
0.35510 0.54500 0.48249
0.39136 0.61598 0.47680
0.47410 0.59623 0.58543
0.34575 0.51933 0.47869
0.44934 0.51847 0.55280
0.41239 0.62289 0.41807
0.34795 0.56284 0.53131
0.39208 0.48368 0.53685
0.42186 0.59651 0.45875
0.34194 0.58861 0.33765
0.28850 0.51470 0.50033
0.52683 0.55374 0.54629
0.39183 0.57547 0.46831
0.41543 0.58249 0.62044
0.44949 0.47663 0.52112
0.52033 0.50204 0.56410
0.45940 0.57975 0.47148
0.46410 0.53795 0.48130
0.40136 0.63468 0.59300
0.33785 0.54966 0.50585
0.46842 0.61245 0.58703
0.49647 0.58195 0.47705
0.45270 0.40883 0.56795
0.36459 0.54383 0.63776
0.42394 0.46575 0.59075
0.55336 0.60705 0.50415
0.45629 0.54279 0.47643
0.50296 0.55439 0.45405
0.46319 0.60102 0.41324
0.50913 0.60948 0.48332
0.36052 0.51753 0.56934
0.53280 0.56740 0.54815
0.36614 0.72958 0.35478
0.46184 0.54790 0.47680
0.41152 0.46027 0.52320
0.49958 0.58957 0.47392
0.39675 0.55333 0.55082
0.32323 0.55616 0.42988
0.51122 0.55153 0.60454
0.40945 0.55138 0.46503
0.50250 0.63253 0.53834
0.54137 0.55453 0.51444
0.46192 0.59950 0.52983
0.36388 0.54847 0.58302
0.43463 0.49971 0.62511
0.38170 0.54012 0.65958
0.35570 0.55585 0.53141
0.34979 0.52398 0.48045
0.51470 0.61890 0.50978
0.50443 0.49653 0.51496
0.46683 0.61515 0.49505
0.41879 0.53558 0.48724
0.54586 0.60891 0.41813
0.48493 0.49706 0.56407
0.50305 0.65280 0.42036
0.36992 0.63058 0.41088
0.40714 0.65077 0.56420
0.45130 0.61657 0.52106
0.47925 0.71051 0.48502
0.45749 0.51211 0.53834
0.48281 0.63710 0.49196
0.52298 0.51917 0.55523
0.50802 0.56406 0.51565
0.50929 0.53275 0.58465
0.41233 0.60658 0.48885
0.36014 0.56321 0.54204
0.54619 0.59665 0.39885
0.37392 0.66129 0.45894
0.39108 0.53886 0.57254
0.41885 0.61243 0.46746
0.42821 0.46604 0.62071
0.54637 0.58484 0.48332
0.36013 0.58879 0.55667
0.39394 0.61963 0.46644
0.48206 0.55058 0.57614
0.52296 0.58213 0.33324
0.34720 0.46758 0.50030
0.54715 0.63726 0.46305
0.38193 0.58384 0.36547
0.45386 0.60836 0.58057
0.47556 0.50403 0.60838
0.43316 0.59419 0.48427
0.37898 0.54807 0.39588
0.47930 0.60183 0.39967
0.52548 0.52285 0.61531
0.47589 0.58090 0.46311
0.45034 0.56546 0.46476
0.38232 0.62851 0.46492
0.41687 0.52802 0.50301
0.47141 0.62112 0.46361
0.49468 0.53838 0.52874
0.41348 0.49367 0.61152
0.44165 0.50579 0.46470
0.31227 0.44365 0.63956
0.44016 0.62011 0.50267
0.41117 0.49956 0.62265
0.28738 0.65183 0.51113
0.43334 0.63292 0.49818
0.40188 0.54091 0.50865
0.49278 0.58850 0.49981
0.37843 0.58125 0.58602
0.51340 0.54924 0.59972
0.46119 0.59627 0.52839
0.49417 0.50481 0.59327
0.49154 0.59066 0.58538
0.42148 0.59386 0.49189
0.39240 0.65173 0.53601
0.33902 0.46268 0.53387
0.51027 0.71495 0.45704
