20 12 1000 37008 1586
0.43562 0.11494 0.54636
0.81197 0.81685 0.58314
0.08888 0.38625 0.98329
0.88084 0.90775 0.22049
0.93426 0.32519 0.64683
0.40549 0.69996 0.01039
0.78584 0.25956 0.67464
0.64314 0.65404 0.50077
0.41341 0.46198 0.12993
0.00854 0.98672 0.16054
0.98437 0.16849 0.27754
0.71166 0.90798 0.42646
0.66860 0.51399 0.38595
0.38673 0.41908 0.55514
0.54692 0.70538 0.34628
0.62164 0.61125 0.45381
0.45918 0.68680 0.34719
0.62552 0.45612 0.54682
0.64646 0.60370 0.40779
0.46803 0.73844 0.40053
0.68634 0.60215 0.42101
0.59375 0.52411 0.50567
0.57930 0.50440 0.44120
0.49605 0.64785 0.41525
0.65121 0.53112 0.36798
0.52559 0.76250 0.39830
0.60553 0.51413 0.39078
0.53291 0.46892 0.41470
0.57544 0.55886 0.40558
0.66041 0.62058 0.41293
0.64946 0.55815 0.46055
0.63144 0.69936 0.37994
0.38296 0.68455 0.27035
0.47670 0.58199 0.46023
0.54517 0.47411 0.38266
0.56500 0.57887 0.40703
0.38959 0.62523 0.40367
0.64573 0.53983 0.48183
0.77158 0.49799 0.51476
0.67145 0.60718 0.39101
0.58004 0.50941 0.47333
0.70609 0.40896 0.49130
0.55129 0.56988 0.36152
0.59643 0.54807 0.40093
0.72302 0.55102 0.44571
0.63784 0.53678 0.41514
0.59762 0.50316 0.45298
0.57845 0.59858 0.46302
0.73239 0.59980 0.40810
0.57739 0.64922 0.38592
0.73435 0.47925 0.39093
0.74655 0.72289 0.42978
0.49502 0.61882 0.42559
0.64031 0.43788 0.48495
0.58311 0.64800 0.44993
0.57012 0.63247 0.42452
0.59177 0.48315 0.41248
0.52834 0.41268 0.54811
0.57745 0.52356 0.39298
0.78400 0.51264 0.40975
0.54181 0.64964 0.39170
0.69553 0.66209 0.35882
0.58190 0.57624 0.38379
0.62151 0.67837 0.37417
0.62199 0.53002 0.46143
0.56472 0.44693 0.60287
0.65418 0.43913 0.50591
0.58711 0.45117 0.43073
0.58045 0.53729 0.44521
0.54013 0.52223 0.47104
0.60970 0.49775 0.45276
0.56302 0.56964 0.59000
0.60223 0.57925 0.46858
0.56685 0.63816 0.42608
0.65190 0.53735 0.52291
0.70023 0.53247 0.45050
0.55596 0.43699 0.60733
0.45259 0.51143 0.42080
0.59679 0.61983 0.41765
0.56784 0.63774 0.40789
0.61805 0.59848 0.38719
0.45183 0.45873 0.55436
0.60936 0.39079 0.53135
0.72788 0.47729 0.48446
0.66396 0.60628 0.43277
0.59930 0.53367 0.54886
0.71417 0.57195 0.46364
0.61652 0.60317 0.44654
0.68764 0.55970 0.39272
0.64606 0.54047 0.32240
0.67317 0.52164 0.43951
0.56146 0.51742 0.52103
0.58792 0.40919 0.42088
0.47268 0.43781 0.64516
0.52566 0.48607 0.46559
0.65358 0.47199 0.49393
0.50547 0.54905 0.31437
0.47848 0.43346 0.60179
0.60383 0.57645 0.36818
0.55146 0.71077 0.34465
0.50040 0.51478 0.40046
0.60338 0.64077 0.34889
0.33472 0.52659 0.58426
0.54658 0.70167 0.37906
0.54629 0.59811 0.41994
0.57836 0.61768 0.37096
0.45669 0.52925 0.37251
0.54017 0.54404 0.40837
0.50840 0.55031 0.54740
0.57100 0.55511 0.40828
0.60873 0.58169 0.39771
0.52708 0.65520 0.42180
0.57949 0.39209 0.41760
0.44884 0.62260 0.34965
0.79340 0.46690 0.36729
0.72619 0.64892 0.41997
0.54494 0.69190 0.44703
0.69396 0.58415 0.44331
0.42913 0.63467 0.26737
0.62898 0.67963 0.45813
0.63276 0.73323 0.38540
0.64655 0.46528 0.57775
0.44347 0.54036 0.55527
0.68320 0.48362 0.47754
0.51170 0.57755 0.36148
0.61275 0.41200 0.43353
0.58745 0.52624 0.35288
0.65467 0.43851 0.44905
0.58726 0.59769 0.38766
0.53699 0.60200 0.45738
0.64067 0.43886 0.43642
0.55145 0.48484 0.32766
0.55602 0.51256 0.48099
0.51219 0.53917 0.30779
0.68583 0.56781 0.44541
0.62074 0.66760 0.35141
0.66636 0.60442 0.43981
0.52943 0.75615 0.35778
0.52737 0.61722 0.31168
0.64221 0.68408 0.39159
0.70013 0.46848 0.50619
0.58051 0.60572 0.39359
0.68526 0.58470 0.50412
0.33984 0.59926 0.46096
0.73545 0.52371 0.47139
0.59585 0.66706 0.34909
0.60768 0.41222 0.40230
0.60363 0.55422 0.26165
0.57617 0.58340 0.35212
0.62279 0.36120 0.49221
0.49141 0.55880 0.44813
0.46192 0.72909 0.38236
0.68130 0.67987 0.37194
0.77078 0.39602 0.39328
0.48798 0.62376 0.25546
0.72518 0.51895 0.46798
0.48363 0.59885 0.46146
0.63953 0.43885 0.42195
0.52916 0.47353 0.49453
0.65107 0.44337 0.44858
0.59726 0.46718 0.43011
0.62053 0.43350 0.45790
0.61435 0.49516 0.38468
0.63109 0.47097 0.40101
0.39990 0.55220 0.53987
0.42813 0.56596 0.47153
0.62756 0.54161 0.28774
0.65772 0.54728 0.43493
0.57710 0.52528 0.39872
0.60229 0.53052 0.46209
0.53924 0.51061 0.47567
0.41191 0.67097 0.38104
0.55238 0.50865 0.44518
0.56236 0.38389 0.51430
0.59922 0.55910 0.47014
0.53157 0.42815 0.61659
0.61507 0.54930 0.44715
0.47540 0.67615 0.33663
0.63449 0.57109 0.44822
0.51172 0.59293 0.36906
0.58652 0.47319 0.42841
0.62179 0.44818 0.51082
0.61896 0.54191 0.47266
0.56396 0.54782 0.45224
0.44827 0.68903 0.23179
0.54195 0.50433 0.47757
0.62452 0.47291 0.45495
0.59866 0.55183 0.32893
0.63237 0.55699 0.33345
0.51969 0.57534 0.42320
0.61379 0.57015 0.34332
0.56736 0.54401 0.50165
0.62148 0.45384 0.38427
0.61647 0.44359 0.43360
0.42546 0.54764 0.46951
0.68085 0.55623 0.51830
0.75750 0.48958 0.40101
0.60982 0.53272 0.39779
0.53396 0.57609 0.37888
0.54413 0.51302 0.53577
0.60883 0.56471 0.42068
0.75621 0.58949 0.39066
0.64409 0.63820 0.44995
0.55220 0.41751 0.47097
0.52744 0.58672 0.26873
0.51095 0.64127 0.34027
0.59641 0.46072 0.44474
0.57990 0.40363 0.45322
0.61883 0.55922 0.34175
0.58182 0.50094 0.46144
0.46970 0.57425 0.24559
0.63580 0.58929 0.28802
0.74305 0.39933 0.46971
0.68051 0.71065 0.40025
0.59665 0.52191 0.55448
0.61915 0.44584 0.55527
0.58833 0.40128 0.43246
0.55240 0.57931 0.40544
0.54585 0.71544 0.45132
0.57254 0.54529 0.44627
0.69427 0.68554 0.31795
0.73156 0.55567 0.35097
0.54927 0.61320 0.49900
0.61366 0.53151 0.55694
0.62375 0.46379 0.50543
0.66174 0.50759 0.43317
0.41768 0.61719 0.32885
0.64401 0.59507 0.41884
0.60131 0.52811 0.39311
0.51794 0.58546 0.53092
0.54658 0.61975 0.36896
0.63487 0.47032 0.52598
0.75056 0.69939 0.42032
0.63772 0.49483 0.46636
0.61516 0.53074 0.54898
0.76409 0.52472 0.47744
0.60244 0.57396 0.42197
0.54003 0.49722 0.48725
0.40871 0.60452 0.46253
0.56748 0.62242 0.43412
0.62518 0.57578 0.51660
0.73559 0.41696 0.46187
0.59164 0.64199 0.47002
0.59140 0.62650 0.33111
0.62559 0.60023 0.37421
0.69674 0.50039 0.51767
0.56154 0.58859 0.31781
0.57746 0.39063 0.45125
0.51463 0.53587 0.61014
0.73722 0.60362 0.42697
0.70417 0.50686 0.53242
0.70377 0.58322 0.54159
0.55961 0.48520 0.58360
0.51467 0.53537 0.39746
0.61712 0.58332 0.44619
0.56500 0.57901 0.37100
0.64391 0.57374 0.41067
0.60681 0.54857 0.47102
0.55809 0.67097 0.44528
0.45395 0.57950 0.50889
0.38130 0.67179 0.31357
0.53297 0.63597 0.38850
0.61675 0.53337 0.61065
0.53111 0.54041 0.49244
0.60300 0.68718 0.37179
0.47283 0.43367 0.44190
0.60793 0.51406 0.41935
0.57360 0.49413 0.47039
0.62654 0.56394 0.33176
0.62352 0.58705 0.52143
0.65322 0.50105 0.36161
0.65184 0.51407 0.45983
0.55964 0.58197 0.41205
0.55218 0.69609 0.42783
0.50961 0.60118 0.31619
0.57789 0.48504 0.54480
0.57688 0.43361 0.38134
0.58678 0.59336 0.31655
0.59076 0.35316 0.52954
0.61412 0.51379 0.41631
0.55274 0.59123 0.57719
0.55928 0.56248 0.48313
0.54835 0.55709 0.45254
0.54020 0.50945 0.38831
0.47925 0.58560 0.37808
0.68374 0.51640 0.54046
0.61474 0.65190 0.40783
0.66309 0.52649 0.44695
0.48806 0.60915 0.47587
0.59388 0.53977 0.50593
0.56807 0.39977 0.43396
0.59810 0.68384 0.46206
0.68222 0.50394 0.33105
0.61167 0.43331 0.47867
0.66747 0.48000 0.40463
0.65966 0.61003 0.47266
0.66609 0.63681 0.43606
0.39118 0.65995 0.30816
0.60130 0.66488 0.38120
0.51406 0.60444 0.43898
0.66709 0.51634 0.41250
0.48662 0.63259 0.32892
0.48670 0.52584 0.39282
0.62670 0.63407 0.43414
0.72000 0.49429 0.42900
0.61074 0.54749 0.46442
0.55067 0.66149 0.30893
0.60719 0.52773 0.39083
0.47576 0.56669 0.45002
0.65294 0.52854 0.37009
0.57345 0.60184 0.31041
0.60527 0.62796 0.36655
0.69153 0.46241 0.50026
0.56806 0.61498 0.36617
0.58186 0.44609 0.38566
0.44734 0.53032 0.46382
0.54192 0.42153 0.41644
0.63193 0.53909 0.33411
0.41726 0.52692 0.53347
0.69613 0.33954 0.53221
0.53865 0.64326 0.37845
0.39327 0.67140 0.23809
0.47842 0.58722 0.31947
0.68974 0.46879 0.44342
0.59879 0.48247 0.39559
0.66080 0.49800 0.37185
0.60389 0.56589 0.47495
0.53497 0.59378 0.36025
0.58587 0.48756 0.50244
0.68611 0.58892 0.45714
0.60757 0.51778 0.45861
0.51682 0.57690 0.38680
0.61482 0.56035 0.32330
0.55577 0.55782 0.50268
0.61766 0.45034 0.46745
0.57710 0.44697 0.58072
0.71539 0.45758 0.45753
0.66276 0.56101 0.48668
0.56182 0.49202 0.47349
0.53681 0.34758 0.43047
0.70495 0.57566 0.43254
0.56888 0.53206 0.34041
0.67064 0.45912 0.37683
0.65180 0.54980 0.45194
0.51704 0.48842 0.46442
0.56203 0.61273 0.46857
0.72252 0.37773 0.47003
0.46688 0.57097 0.48803
0.40713 0.67359 0.30118
0.47608 0.67002 0.28630
0.62288 0.53621 0.40795
0.45662 0.53467 0.40501
0.61707 0.53902 0.45806
0.64758 0.55983 0.42352
0.57881 0.61109 0.39799
0.68632 0.48588 0.38792
0.52428 0.56365 0.52811
0.57540 0.64479 0.28492
0.61336 0.74309 0.35671
0.62106 0.57147 0.43627
0.58266 0.63005 0.38440
0.33919 0.65487 0.35342
0.67078 0.73224 0.47076
0.81092 0.37256 0.32639
0.61435 0.70004 0.33742
0.55490 0.54210 0.37094
0.66868 0.66676 0.44316
0.47755 0.66875 0.30709
0.56227 0.53708 0.43070
0.56315 0.56960 0.35970
0.59493 0.51315 0.48885
0.50090 0.53588 0.43935
0.48811 0.55058 0.33748
0.62333 0.65105 0.37207
0.65463 0.65210 0.40305
0.61976 0.43826 0.48918
0.66562 0.53519 0.47021
0.65283 0.54716 0.41687
0.62199 0.37180 0.44206
0.57752 0.50284 0.53658
0.64628 0.69603 0.44331
0.75825 0.39341 0.36711
0.54044 0.58445 0.41726
0.74736 0.39462 0.52646
0.61884 0.50857 0.35878
0.63579 0.53412 0.37953
0.65594 0.49526 0.30229
0.61440 0.44368 0.46059
0.62685 0.62441 0.45146
0.57780 0.58460 0.37529
0.57951 0.55010 0.46043
0.59354 0.70820 0.38492
0.72397 0.59816 0.43316
0.59888 0.62927 0.39130
0.72966 0.64104 0.53491
0.55050 0.56231 0.45680
0.65643 0.50714 0.49021
0.38129 0.48427 0.62884
0.62271 0.52116 0.40050
0.57827 0.58989 0.36225
0.49970 0.63207 0.30603
0.59200 0.58152 0.34288
0.40287 0.68232 0.31712
0.76216 0.59141 0.39418
0.53869 0.57941 0.42443
0.55796 0.52889 0.37872
0.73237 0.64661 0.45295
0.55784 0.53000 0.40822
0.62586 0.59075 0.39303
0.39899 0.49251 0.46368
0.80923 0.46916 0.39782
0.64681 0.58534 0.39031
0.45560 0.50089 0.53642
0.52556 0.52330 0.63562
0.57429 0.59431 0.40080
0.60295 0.68752 0.45548
0.72238 0.46614 0.48489
0.48248 0.47082 0.51586
0.58664 0.50095 0.52306
0.58012 0.55975 0.57607
0.67547 0.65529 0.48316
0.42447 0.80382 0.29835
0.47607 0.45443 0.56709
0.72945 0.68466 0.45372
0.66109 0.66529 0.44009
0.60933 0.61172 0.49415
0.44843 0.58865 0.39942
0.59602 0.47910 0.43148
0.66119 0.53630 0.53120
0.49676 0.63529 0.29101
0.42312 0.55235 0.58647
0.48529 0.59605 0.38975
0.43133 0.50253 0.47543
0.59853 0.50974 0.44361
0.54743 0.60778 0.41517
0.53664 0.59861 0.34121
0.47767 0.58444 0.47272
0.69682 0.61342 0.37404
0.53631 0.44506 0.50283
0.50269 0.58226 0.47808
0.62572 0.56850 0.41591
0.61157 0.52679 0.42781
0.61569 0.48914 0.47286
0.52142 0.77061 0.37601
0.60992 0.56484 0.47020
0.48569 0.61617 0.30363
0.66865 0.53994 0.48759
0.59481 0.60055 0.48594
0.69570 0.44251 0.47091
0.67873 0.54120 0.51036
0.69116 0.42817 0.41604
0.55619 0.54851 0.37434
0.60923 0.63828 0.30354
0.65087 0.65863 0.31256
0.63329 0.48263 0.43867
0.56783 0.68167 0.37393
0.66034 0.74294 0.34614
0.56097 0.41884 0.61925
0.37011 0.52186 0.57048
0.64349 0.65477 0.32657
0.52693 0.67340 0.40836
0.76224 0.52890 0.44742
0.67449 0.65191 0.40398
0.61449 0.61771 0.29927
0.70603 0.63054 0.43165
0.64109 0.48729 0.47857
0.45264 0.49388 0.39005
0.54091 0.50748 0.37057
0.55472 0.57984 0.45368
0.63772 0.55948 0.37656
0.58815 0.57662 0.36055
0.57592 0.50396 0.47617
0.62683 0.55756 0.41598
0.57913 0.50465 0.44981
0.53250 0.50767 0.40878
0.42751 0.61681 0.49245
0.47750 0.58629 0.54537
0.65208 0.60243 0.40718
0.69122 0.42749 0.56457
0.65838 0.44250 0.49028
0.57290 0.53964 0.35213
0.61896 0.47573 0.34574
0.63489 0.53155 0.37407
0.52106 0.55563 0.43699
0.47848 0.51790 0.39183
0.67191 0.65986 0.44254
0.58667 0.59805 0.38588
0.64125 0.48794 0.46927
0.54163 0.52020 0.30701
0.64179 0.63807 0.42371
0.56389 0.55945 0.26803
0.77435 0.40500 0.37148
0.59476 0.53676 0.50785
0.62305 0.32087 0.43749
0.61671 0.64542 0.42809
0.54480 0.55574 0.49323
0.45788 0.45755 0.63533
0.58692 0.51427 0.50935
0.61139 0.48347 0.52455
0.74421 0.41115 0.39743
0.62091 0.51123 0.46781
0.55778 0.59785 0.48774
0.63225 0.58543 0.34194
0.66687 0.57046 0.45773
0.56962 0.55860 0.38753
0.75543 0.51012 0.49477
0.57431 0.43384 0.40994
0.48314 0.46470 0.61557
0.47984 0.54560 0.41434
0.54490 0.55941 0.43014
0.64689 0.48578 0.57370
0.66129 0.47262 0.48367
0.72015 0.46530 0.42207
0.46708 0.49721 0.62389
0.61115 0.49450 0.39639
0.58616 0.56684 0.54415
0.50326 0.54294 0.38437
0.52667 0.53277 0.47126
0.75117 0.50309 0.31455
0.35804 0.55528 0.45268
0.59020 0.53930 0.42127
0.59468 0.48180 0.55344
0.54342 0.54690 0.38894
0.54344 0.52981 0.40781
0.71272 0.59446 0.45505
0.61556 0.54451 0.43456
0.57737 0.48981 0.35237
0.54180 0.65390 0.37799
0.61676 0.56957 0.47106
0.57527 0.49175 0.35479
0.59097 0.65080 0.44432
0.69219 0.48519 0.45082
0.51895 0.49402 0.43774
0.53338 0.55571 0.44193
0.63885 0.47626 0.57486
0.62787 0.51967 0.53109
0.73842 0.47314 0.30097
0.57215 0.53200 0.25937
0.57277 0.46851 0.54247
0.68174 0.67163 0.41454
0.62564 0.45584 0.47688
0.50475 0.53726 0.37623
0.55370 0.49611 0.48401
0.43638 0.58329 0.38898
0.62017 0.58999 0.33157
0.65249 0.43644 0.43213
0.63404 0.60687 0.47773
0.58690 0.61677 0.44110
0.62283 0.49219 0.56236
0.52084 0.52791 0.32041
0.58749 0.49921 0.55373
0.71784 0.66703 0.40068
0.52287 0.50105 0.43909
0.70392 0.51270 0.39368
0.57484 0.57730 0.29291
0.50764 0.53600 0.51927
0.54840 0.68088 0.17720
0.51559 0.65207 0.35496
0.48142 0.69572 0.36899
0.59854 0.69411 0.30275
0.66608 0.59692 0.40545
0.47556 0.35845 0.57139
0.62985 0.65981 0.45390
0.56006 0.67560 0.45722
0.61341 0.61876 0.44427
0.64988 0.54215 0.50474
0.57049 0.64175 0.41264
0.71329 0.47746 0.44738
0.66630 0.70621 0.37256
0.62116 0.60350 0.42694
0.60029 0.59181 0.33452
0.61960 0.55282 0.49012
0.60381 0.55017 0.38013
0.74978 0.59737 0.40792
0.53705 0.51921 0.50319
0.71993 0.60347 0.52671
0.62111 0.59966 0.45035
0.64791 0.58753 0.35348
0.74832 0.46749 0.44351
0.58072 0.60702 0.38747
0.56025 0.50371 0.32232
0.38966 0.66336 0.43567
0.47448 0.63800 0.34528
0.62658 0.56202 0.41800
0.58442 0.49846 0.31364
0.46483 0.65002 0.27855
0.65871 0.58031 0.49133
0.69799 0.56853 0.45223
0.75848 0.42723 0.56906
0.70515 0.54155 0.40735
0.62238 0.64474 0.37998
0.65765 0.61359 0.47441
0.57453 0.27820 0.51385
0.60877 0.58720 0.39070
0.58103 0.52797 0.32883
0.52239 0.50725 0.52201
0.76209 0.43145 0.34959
0.65788 0.67000 0.40027
0.66390 0.41542 0.45478
0.65641 0.38087 0.33137
0.68934 0.60423 0.44055
0.76325 0.56036 0.39874
0.62238 0.46532 0.33870
0.57613 0.60592 0.46089
0.64473 0.43310 0.50614
0.70332 0.43458 0.51891
0.52965 0.51809 0.52027
0.64777 0.59500 0.43440
0.60099 0.63537 0.40005
0.71268 0.63292 0.43384
0.58046 0.61944 0.47633
0.54611 0.68395 0.47826
0.37470 0.52095 0.53014
0.67921 0.55248 0.34643
0.55416 0.71355 0.33396
0.44939 0.56079 0.44149
0.64422 0.49523 0.48342
0.51358 0.53849 0.60097
0.43461 0.65803 0.35651
0.60856 0.50511 0.43676
0.59099 0.50845 0.35993
0.60618 0.67178 0.45811
0.51483 0.70734 0.35269
0.62673 0.51286 0.40929
0.58634 0.47308 0.48723
0.47820 0.61642 0.40876
0.60039 0.68263 0.51294
0.57864 0.59736 0.30488
0.59494 0.57720 0.44162
0.71541 0.62335 0.38989
0.45309 0.52584 0.42859
0.58021 0.62580 0.37751
0.70370 0.49075 0.51199
0.58696 0.71860 0.32415
0.40209 0.64137 0.40863
0.68994 0.40938 0.36718
0.48689 0.53810 0.55243
0.60481 0.49836 0.45709
0.70435 0.53687 0.42616
0.72951 0.45848 0.35176
0.64684 0.66482 0.46810
0.81656 0.55288 0.48746
0.60596 0.57554 0.32682
0.54196 0.56093 0.50878
0.65064 0.60035 0.39337
0.54027 0.65339 0.29435
0.66862 0.65348 0.35170
0.48872 0.55526 0.38534
0.55996 0.48574 0.44880
0.66547 0.50476 0.32857
0.51864 0.54042 0.51297
0.59981 0.63569 0.35143
0.67634 0.52322 0.51533
0.70056 0.54177 0.46715
0.65031 0.57063 0.38396
0.64783 0.53010 0.55548
0.48820 0.75272 0.32879
0.67551 0.58897 0.43128
0.54515 0.45383 0.31506
0.56311 0.63795 0.32381
0.49868 0.57485 0.30884
0.67702 0.55861 0.48954
0.59211 0.60567 0.41151
0.55648 0.64138 0.32709
0.69217 0.63917 0.36116
0.64097 0.56497 0.38068
0.67696 0.58286 0.38665
0.61586 0.62671 0.35877
0.55963 0.51927 0.38518
0.61909 0.63857 0.34115
0.68282 0.71285 0.40763
0.48872 0.46109 0.49146
0.60714 0.64525 0.45688
0.47241 0.47444 0.58803
0.51199 0.63010 0.33902
0.59333 0.54541 0.39134
0.59109 0.51246 0.50346
0.68913 0.67994 0.41606
0.64520 0.60086 0.45356
0.62782 0.58647 0.41006
0.70477 0.32417 0.41932
0.66799 0.44755 0.42983
0.67037 0.38720 0.58290
0.68183 0.74391 0.46077
0.69108 0.46540 0.54261
0.55829 0.59981 0.40151
0.52447 0.54911 0.47459
0.67395 0.60090 0.36955
0.51351 0.40983 0.58230
0.47717 0.72271 0.30873
0.47026 0.35766 0.71506
0.60230 0.61817 0.34982
0.56368 0.48586 0.44614
0.56960 0.44871 0.55370
0.53907 0.64525 0.38185
0.59269 0.45406 0.56304
0.62509 0.45808 0.53364
0.51051 0.57460 0.40453
0.53821 0.54751 0.46220
0.65044 0.51785 0.38085
0.58058 0.53657 0.48357
0.57756 0.55217 0.44246
0.71423 0.63672 0.47615
0.55978 0.59469 0.34143
0.57766 0.53924 0.50949
0.56442 0.50851 0.44901
0.64335 0.64188 0.38584
0.48953 0.47014 0.55871
0.62183 0.69664 0.36883
0.59954 0.60965 0.40187
0.57156 0.66610 0.43525
0.59344 0.49001 0.55847
0.57556 0.43151 0.48345
0.58398 0.66866 0.45099
0.63128 0.55251 0.49038
0.63458 0.52585 0.50702
0.62416 0.50436 0.51345
0.60976 0.59926 0.48182
0.55320 0.64065 0.42399
0.55264 0.56907 0.47063
0.65026 0.53700 0.32467
0.60989 0.53787 0.48739
0.63021 0.41327 0.44409
0.56889 0.60962 0.34065
0.56287 0.68756 0.39190
0.58861 0.57914 0.41210
0.67671 0.55204 0.51724
0.59542 0.55376 0.40427
0.57895 0.52167 0.35305
0.60466 0.73933 0.40993
0.67049 0.71059 0.41241
0.64184 0.63702 0.37739
0.60649 0.65374 0.39853
0.55377 0.51611 0.37319
0.63657 0.61453 0.35648
0.53667 0.54033 0.41598
0.57917 0.70572 0.42286
0.46896 0.56181 0.50973
0.55043 0.55795 0.41855
0.70712 0.64408 0.41915
0.66782 0.58557 0.45259
0.55731 0.57265 0.53746
0.46906 0.66906 0.40601
0.62422 0.58356 0.40956
0.63322 0.33361 0.57096
0.67517 0.48880 0.49258
0.75064 0.47651 0.44543
0.68809 0.39266 0.56653
0.65635 0.61959 0.40915
0.54007 0.47437 0.53841
0.67933 0.52414 0.43769
0.49312 0.48973 0.55235
0.68826 0.60960 0.38263
0.55397 0.58253 0.50570
0.60132 0.53331 0.56942
0.74115 0.56875 0.37006
0.45573 0.58965 0.54556
0.64239 0.51261 0.33175
0.53071 0.55862 0.36039
0.70816 0.63063 0.40565
0.62442 0.69329 0.43318
0.57082 0.60065 0.28235
0.53376 0.53092 0.46966
0.49499 0.55860 0.44088
0.57127 0.39790 0.44868
0.55659 0.60554 0.40836
0.62127 0.60640 0.51715
0.55629 0.42820 0.46814
0.53892 0.49796 0.40911
0.59470 0.66547 0.28063
0.55785 0.58599 0.41737
0.49130 0.63453 0.26581
0.56232 0.54833 0.36135
0.64488 0.47873 0.49181
0.65750 0.52603 0.43331
0.58889 0.55425 0.49668
0.58904 0.66481 0.40817
0.66702 0.52900 0.55878
0.73148 0.57786 0.46247
0.51043 0.49288 0.56894
0.56126 0.53155 0.40080
0.57335 0.51704 0.41837
0.55493 0.37198 0.44920
0.62080 0.54805 0.41919
0.57892 0.50460 0.46301
0.65218 0.65940 0.44099
0.59021 0.48237 0.52134
0.47012 0.62268 0.32272
0.59898 0.60772 0.37510
0.56067 0.51434 0.52960
0.43583 0.48829 0.40796
0.49145 0.48510 0.58176
0.65102 0.57676 0.44046
0.62529 0.54426 0.42408
0.62568 0.48420 0.46261
0.67824 0.52383 0.34857
0.67288 0.68268 0.38044
0.70901 0.60306 0.42901
0.68168 0.56410 0.29653
0.57455 0.48320 0.32575
0.57525 0.50339 0.43300
0.41460 0.50184 0.54184
0.55762 0.62022 0.39114
0.54452 0.51047 0.40677
0.58780 0.44420 0.43145
0.56107 0.45027 0.33853
0.64655 0.60342 0.44171
0.51019 0.71074 0.25886
0.59067 0.51968 0.42444
0.57722 0.43754 0.39475
0.51809 0.49207 0.56068
0.48421 0.57919 0.41615
0.56118 0.62357 0.42324
0.71045 0.50794 0.33676
0.72222 0.63502 0.45731
0.50381 0.75302 0.32736
0.57926 0.52578 0.39250
0.62760 0.63018 0.39673
0.63058 0.65246 0.38638
0.62653 0.48441 0.53021
0.52934 0.57463 0.44600
0.55351 0.44177 0.43214
0.57900 0.64453 0.36437
0.69592 0.45468 0.42541
0.63910 0.48752 0.55441
0.54753 0.64401 0.37700
0.65284 0.65044 0.47716
0.66763 0.47253 0.39050
0.56632 0.61866 0.49165
0.65181 0.53389 0.33186
0.63842 0.48040 0.50210
0.62632 0.57765 0.44612
0.44525 0.54582 0.46941
0.67595 0.66280 0.43102
0.74212 0.51561 0.38159
0.63878 0.51649 0.40673
0.58716 0.63513 0.33154
0.61943 0.44533 0.31432
0.62145 0.45336 0.38196
0.63064 0.45284 0.53616
0.65101 0.50712 0.48311
0.62968 0.64803 0.43646
0.70457 0.41380 0.50019
0.51122 0.60201 0.30229
0.55037 0.44358 0.49515
0.53644 0.67582 0.30999
0.50133 0.60885 0.46866
0.63369 0.51259 0.46801
0.55590 0.61113 0.48696
0.54794 0.57412 0.27812
0.55933 0.55399 0.45691
0.59669 0.56750 0.41738
0.68647 0.51293 0.46400
0.62668 0.62849 0.42550
0.64066 0.48890 0.48102
0.50506 0.56991 0.45824
0.51735 0.47827 0.57261
0.75237 0.55082 0.48093
0.57244 0.61373 0.33878
0.55146 0.49172 0.51155
0.56145 0.60123 0.36198
0.65335 0.66852 0.43513
0.69664 0.61330 0.38342
0.69214 0.63442 0.36996
0.46557 0.57479 0.60055
0.35141 0.64114 0.37509
0.47224 0.58266 0.34225
0.67008 0.48934 0.47349
0.44987 0.51933 0.59343
0.51931 0.64082 0.56877
0.47803 0.61453 0.50630
0.64938 0.58329 0.39947
0.56788 0.55465 0.38620
0.67297 0.49962 0.46045
0.77674 0.53397 0.38077
0.36995 0.68672 0.38323
0.55228 0.62128 0.40024
0.56237 0.43159 0.53669
0.55700 0.49036 0.44393
0.60040 0.46015 0.44113
0.43154 0.60733 0.53145
0.64842 0.59587 0.38181
0.71393 0.52680 0.46140
0.64974 0.50368 0.35928
0.67284 0.44973 0.30065
0.61558 0.66383 0.43193
0.59816 0.49410 0.30855
0.57090 0.55404 0.46954
0.66215 0.50877 0.49199
0.76392 0.52200 0.39202
0.51338 0.49675 0.41559
0.62024 0.45577 0.55964
0.61467 0.61301 0.41056
0.67760 0.50207 0.55810
0.70704 0.49311 0.51933
0.58306 0.67583 0.31678
0.62327 0.44970 0.37531
0.54540 0.37613 0.49807
0.50650 0.59537 0.36809
0.53225 0.56003 0.45004
0.43817 0.64242 0.42163
0.71490 0.57334 0.31476
0.68539 0.41219 0.41026
0.63270 0.55754 0.38050
0.58604 0.44675 0.51180
0.59871 0.51336 0.52893
0.58502 0.57317 0.37341
0.67551 0.46873 0.38575
0.65580 0.54352 0.43001
0.66412 0.48949 0.36497
0.55145 0.57474 0.52056
0.67418 0.34809 0.48409
0.62782 0.54547 0.40971
0.51190 0.51523 0.49065
0.61676 0.75675 0.39810
0.65552 0.52636 0.41463
0.74439 0.36316 0.44314
0.55180 0.71064 0.34112
0.67285 0.63379 0.37846
0.64845 0.58237 0.44162
0.55373 0.51911 0.36324
0.60720 0.64413 0.36649
0.65420 0.58861 0.42482
0.68445 0.55611 0.40101
0.51333 0.55415 0.48510
0.56715 0.60432 0.52199
0.41985 0.58479 0.58598
0.62837 0.44634 0.40418
0.62541 0.61790 0.45365
0.49557 0.69199 0.32887
0.68359 0.48190 0.33719
0.65179 0.58307 0.46433
0.66685 0.57312 0.46008
0.33305 0.72404 0.33110
0.72868 0.59277 0.46314
0.57197 0.66703 0.29603
0.28933 0.48463 0.72729
0.65438 0.41161 0.48687
0.59865 0.35201 0.48619
0.60370 0.49996 0.47494
0.72474 0.57614 0.45995
0.56554 0.67306 0.23900
0.55542 0.55150 0.43246
0.53309 0.66448 0.34239
0.50844 0.61822 0.41258
0.52738 0.46909 0.48674
0.69317 0.47448 0.57268
0.55518 0.58394 0.38222
0.64462 0.44450 0.44965
0.52285 0.58521 0.37277
0.58852 0.65778 0.38641
0.58611 0.63558 0.50567
0.55522 0.49902 0.35597
0.65162 0.40889 0.34969
0.55264 0.62774 0.30849
0.59046 0.52553 0.33519
0.50721 0.51835 0.46882
0.56921 0.55717 0.48555
0.59443 0.44256 0.53895
0.69127 0.63570 0.38670
0.56651 0.49147 0.45482
0.63360 0.30922 0.43519
0.62845 0.58012 0.46187
0.60568 0.57275 0.41229
0.67947 0.51721 0.41191
0.50386 0.75744 0.34943
0.39660 0.65871 0.26138
0.58893 0.57728 0.40692
0.58467 0.61082 0.46888
0.68075 0.54540 0.44874
0.58233 0.39471 0.55263
0.61569 0.51296 0.38192
0.76956 0.44029 0.50816
0.57031 0.51701 0.41112
0.55255 0.35453 0.51439
0.57692 0.58194 0.52443
0.66599 0.52256 0.47174
0.62097 0.63626 0.51154
0.46591 0.52979 0.55129
0.51137 0.57097 0.43802
0.63335 0.49379 0.48526
0.67390 0.53257 0.48884
0.53746 0.49977 0.35730
0.61208 0.52975 0.41779
0.69002 0.44699 0.43398
0.58219 0.65217 0.42176
0.68819 0.41330 0.42992
0.71290 0.45242 0.35168
0.61783 0.57887 0.36997
0.58458 0.52893 0.39355
0.54914 0.53429 0.30027
0.51837 0.56537 0.52157
0.76943 0.36601 0.45209
0.56986 0.69973 0.48054
0.68000 0.51855 0.49766
0.48531 0.48840 0.61205
0.53002 0.61656 0.53617
0.66846 0.47964 0.40539
0.63884 0.46085 0.52346
0.60384 0.50783 0.50831
0.58634 0.60548 0.36109
0.64477 0.55660 0.43409
0.65529 0.48897 0.35966
0.57409 0.62165 0.35687
0.68345 0.53530 0.42205
0.50974 0.63536 0.30413
0.52862 0.61474 0.37349
0.55048 0.53086 0.38104
0.69657 0.62842 0.39538
0.47240 0.60596 0.31118
0.59239 0.59038 0.33423
0.53012 0.67570 0.31575
