20 6 1000 4880 123
0.21147 0.74178 0.64604
0.86041 0.94136 0.05562
0.00483 0.96332 0.41399
0.22046 0.69768 0.95023
0.36554 0.88466 0.57760
0.10854 0.66702 0.95152
0.44463 0.82087 0.50585
0.26931 0.76708 0.70764
0.21043 0.73346 0.81752
0.16412 0.72275 0.83128
0.33983 0.81527 0.58206
0.21072 0.80476 0.66964
0.41006 0.81762 0.53513
0.53819 0.86140 0.39036
0.19134 0.75205 0.76079
0.37502 0.82827 0.53649
0.26555 0.78184 0.70183
0.22756 0.72726 0.81501
0.13481 0.69978 0.89625
0.34277 0.83252 0.59534
0.20777 0.79209 0.70580
0.39137 0.85017 0.53262
0.36863 0.84190 0.53297
0.35624 0.83673 0.50662
0.31428 0.83572 0.60212
0.21042 0.77466 0.74986
0.22036 0.87831 0.56807
0.22954 0.76220 0.71261
0.22536 0.82124 0.60198
0.29614 0.78262 0.70889
0.28789 0.82419 0.62355
0.32229 0.75814 0.73108
0.17422 0.84605 0.57949
0.19324 0.79491 0.64027
0.41113 0.83771 0.55785
0.29372 0.78643 0.69102
0.21757 0.75793 0.79395
0.20422 0.73328 0.76937
0.49894 0.83285 0.43789
0.21846 0.76795 0.71934
0.39777 0.83935 0.47304
0.20739 0.82565 0.60859
0.22997 0.80777 0.65514
0.31306 0.82616 0.54184
0.42794 0.82814 0.52000
0.32883 0.78471 0.58350
0.19712 0.88731 0.52123
0.23022 0.80092 0.69576
0.35876 0.79076 0.66633
0.26422 0.83661 0.57410
0.50821 0.83892 0.42584
0.22936 0.83009 0.57785
0.16533 0.83125 0.62585
0.41736 0.82696 0.53453
0.23304 0.74367 0.81139
0.22008 0.91345 0.46691
0.19962 0.89208 0.48457
0.30506 0.79583 0.68683
0.26593 0.78200 0.67374
0.52454 0.87354 0.38374
0.29761 0.81907 0.59130
0.15910 0.86328 0.56918
0.34687 0.81291 0.57157
0.18506 0.71443 0.83074
0.32750 0.86671 0.48704
0.65930 0.87757 0.28617
0.09012 0.88518 0.52947
0.40348 0.80418 0.55118
0.26686 0.84132 0.61422
0.16239 0.80457 0.68435
0.29125 0.86536 0.50558
0.43464 0.82729 0.52327
0.28515 0.84241 0.51573
0.32785 0.85066 0.55379
0.21993 0.77672 0.63018
0.27456 0.74988 0.72686
0.38680 0.86129 0.44631
0.30965 0.80235 0.63797
0.23610 0.85470 0.57345
0.38056 0.82348 0.58336
0.52895 0.83871 0.45043
0.49222 0.85040 0.39111
0.26420 0.79385 0.70566
0.15959 0.74668 0.76647
0.36499 0.79249 0.60929
0.19128 0.85945 0.52964
0.29755 0.87533 0.48027
0.44632 0.83103 0.48202
0.48971 0.87741 0.40884
0.22003 0.84672 0.56952
0.16003 0.85369 0.54699
0.40845 0.81744 0.51371
0.24188 0.84213 0.64298
0.24709 0.79634 0.64820
0.48545 0.82981 0.43499
0.15697 0.85242 0.58483
0.17043 0.80308 0.62747
0.41517 0.84915 0.47869
0.16444 0.82949 0.60609
0.41253 0.79136 0.54959
0.51843 0.83075 0.47877
0.24817 0.82311 0.58138
0.52691 0.90535 0.29772
0.29233 0.84395 0.55601
0.38097 0.80642 0.59043
0.17508 0.84765 0.60493
0.21656 0.75346 0.79752
0.22437 0.73262 0.83155
0.32498 0.78275 0.61427
0.28725 0.81021 0.69363
0.20403 0.71766 0.83244
0.21585 0.82826 0.60823
0.24705 0.77396 0.69956
0.46724 0.84780 0.43990
0.65598 0.88287 0.27518
0.20164 0.75729 0.76752
0.23932 0.84111 0.61294
0.43092 0.85547 0.50421
0.36882 0.83792 0.58099
0.31136 0.85077 0.56834
0.28290 0.79072 0.67583
0.21225 0.78380 0.72950
0.17636 0.82703 0.60633
0.16390 0.88254 0.50715
0.42540 0.81923 0.50649
0.36229 0.80677 0.59055
0.22261 0.83330 0.62541
0.12833 0.84738 0.56791
0.27767 0.78970 0.63279
0.27716 0.81181 0.62956
0.36363 0.81283 0.58053
0.35998 0.77321 0.65969
0.37779 0.84420 0.54522
0.24504 0.74494 0.79028
0.36773 0.86831 0.51955
0.20204 0.78025 0.66082
0.31352 0.77603 0.67313
0.35547 0.80374 0.52397
0.27026 0.79780 0.62905
0.33813 0.82171 0.55485
0.46907 0.84483 0.45417
0.16139 0.78713 0.71865
0.36211 0.80647 0.56484
0.25951 0.76909 0.75306
0.45339 0.83186 0.52708
0.35354 0.82729 0.63872
0.09591 0.91849 0.46736
0.35660 0.81231 0.59733
0.17162 0.75017 0.72107
0.17407 0.86553 0.54534
0.27428 0.80957 0.62056
0.53459 0.84945 0.40312
0.25046 0.80777 0.56537
0.37494 0.79879 0.57557
0.28090 0.84797 0.53003
0.50491 0.87815 0.35529
0.25297 0.81535 0.61757
0.30137 0.87189 0.58317
0.62787 0.90668 0.22689
0.11075 0.90941 0.49050
0.49857 0.87648 0.37297
0.48131 0.83431 0.46906
0.28425 0.79296 0.62779
0.42549 0.82301 0.47727
0.26062 0.76481 0.61575
0.27767 0.73680 0.76575
0.38840 0.81066 0.59570
0.21199 0.73809 0.76062
0.23017 0.85210 0.57154
0.20371 0.74980 0.83859
0.19592 0.75743 0.70618
0.19304 0.72926 0.82435
0.41201 0.88312 0.39217
0.41015 0.85293 0.47293
0.19229 0.77620 0.65627
0.21530 0.73649 0.74576
0.34745 0.80245 0.59317
0.18872 0.77470 0.64935
0.26568 0.77169 0.63984
0.21614 0.78996 0.69722
0.31961 0.79438 0.61586
0.38432 0.79570 0.52662
0.55696 0.89190 0.35141
0.21374 0.84142 0.56652
0.31789 0.83762 0.49734
0.22450 0.85974 0.53704
0.18699 0.90239 0.44766
0.47073 0.85437 0.42115
0.21098 0.74034 0.81678
0.10834 0.79403 0.70719
0.39729 0.79344 0.53592
0.18713 0.76010 0.72022
0.26359 0.79805 0.70233
0.28044 0.82287 0.57466
0.22045 0.81302 0.65367
0.54198 0.85163 0.39562
0.11128 0.83444 0.65168
0.40713 0.81690 0.60209
0.30212 0.83204 0.58649
0.31144 0.77843 0.67346
0.43199 0.80187 0.56493
0.33569 0.79388 0.64997
0.28966 0.77451 0.67953
0.13706 0.81645 0.65869
0.32311 0.81398 0.63778
0.22710 0.82885 0.58797
0.34371 0.80849 0.55812
0.21433 0.78753 0.66927
0.66463 0.89794 0.26194
0.32010 0.80682 0.61184
0.38145 0.85872 0.46451
0.35218 0.80712 0.64663
0.27681 0.81341 0.62849
0.26592 0.75021 0.79228
0.61057 0.85511 0.36485
0.32295 0.84982 0.49983
0.32220 0.83943 0.61214
0.32066 0.85874 0.55596
0.13671 0.80665 0.63505
0.19143 0.75220 0.76032
0.22452 0.71740 0.83884
0.14621 0.80181 0.70528
0.31444 0.77698 0.62364
0.24943 0.77440 0.65837
0.26906 0.85319 0.53928
0.26963 0.80406 0.65264
0.07021 0.86352 0.59523
0.36310 0.80578 0.53376
0.18970 0.74318 0.77601
0.20427 0.79993 0.69252
0.32342 0.77218 0.66298
0.24055 0.75713 0.71576
0.25286 0.83480 0.65280
0.42136 0.85375 0.52179
0.44620 0.83196 0.47713
0.47297 0.85366 0.41164
0.17364 0.84973 0.54635
0.31654 0.80519 0.64834
0.25439 0.84154 0.52386
0.29378 0.86421 0.52489
0.50263 0.84987 0.47039
0.22597 0.79109 0.69210
0.36893 0.79177 0.64671
0.11709 0.85442 0.58211
0.20174 0.84844 0.58499
0.30188 0.78233 0.74064
0.44702 0.85180 0.48090
0.15902 0.83524 0.58445
0.14853 0.71618 0.84991
0.11081 0.83636 0.63872
0.22326 0.74153 0.70279
0.22828 0.77355 0.72852
0.27657 0.84536 0.59975
0.23316 0.72571 0.76618
0.20004 0.73122 0.80736
0.31253 0.80270 0.60718
0.32675 0.83144 0.59843
0.31035 0.76474 0.70599
0.23252 0.75014 0.70652
0.42724 0.82493 0.46628
0.37930 0.81358 0.61889
0.28195 0.85254 0.51360
0.27669 0.81224 0.65049
0.25480 0.77140 0.75520
0.35683 0.84314 0.55046
0.32150 0.88610 0.43235
0.18309 0.83121 0.61449
0.18215 0.83386 0.63026
0.47106 0.83152 0.45811
0.37403 0.79484 0.62550
0.19218 0.72263 0.78103
0.25740 0.75988 0.74115
0.32940 0.82243 0.59935
0.25565 0.73788 0.73511
0.33390 0.82012 0.56731
0.07493 0.92680 0.46092
0.37348 0.82690 0.57483
0.17875 0.83242 0.57311
0.28679 0.84780 0.50882
0.31786 0.83967 0.60689
0.21236 0.73298 0.80323
0.41298 0.83877 0.47381
0.27219 0.82188 0.57417
0.39851 0.81394 0.52424
0.25650 0.86783 0.56037
0.55090 0.87868 0.38092
0.42009 0.82946 0.56288
0.38071 0.80183 0.58968
0.32896 0.77236 0.64887
0.20193 0.87385 0.56054
0.20596 0.77060 0.73581
0.24171 0.77025 0.76988
0.27689 0.79798 0.63862
0.19627 0.80716 0.69646
0.33514 0.82553 0.56138
0.24089 0.75209 0.74293
0.11134 0.85289 0.55859
0.54753 0.87589 0.36752
0.39561 0.82533 0.56472
0.30792 0.77809 0.74498
0.41685 0.83897 0.48318
0.30955 0.80470 0.62248
0.29521 0.78544 0.65669
0.34566 0.87539 0.43325
0.31429 0.85100 0.60637
0.33265 0.86836 0.45569
0.24819 0.80441 0.58369
0.34491 0.85256 0.55906
0.29171 0.74955 0.77540
0.35691 0.80250 0.66208
0.13992 0.78460 0.71357
0.30027 0.81612 0.64214
0.28979 0.84270 0.50333
0.39165 0.87272 0.43167
0.12956 0.85851 0.56725
0.34054 0.76802 0.65908
0.25726 0.76899 0.75613
0.35162 0.82726 0.60946
0.25365 0.73805 0.76726
0.28534 0.85976 0.51492
0.45185 0.86296 0.41490
0.13956 0.83061 0.62258
0.34155 0.79523 0.58665
0.45436 0.81133 0.50914
0.37009 0.85671 0.52790
0.25495 0.81739 0.55037
0.35226 0.87138 0.43899
0.22666 0.77937 0.71185
0.36629 0.79036 0.63182
0.29560 0.82693 0.62072
0.24035 0.77575 0.71535
0.23759 0.79511 0.66610
0.20133 0.76788 0.71206
0.31267 0.77304 0.70079
0.23128 0.91228 0.43474
0.34343 0.81620 0.61900
0.15648 0.81028 0.67322
0.20144 0.76958 0.73543
0.16343 0.87779 0.55068
0.29863 0.80977 0.57038
0.19548 0.76141 0.78637
0.28882 0.74875 0.72301
0.61265 0.90579 0.26009
0.36192 0.81787 0.56565
0.27450 0.86266 0.55649
0.53071 0.84394 0.41171
0.11935 0.87385 0.52914
0.29360 0.79275 0.71196
0.40089 0.80276 0.60486
0.19015 0.78684 0.65092
0.45771 0.85679 0.42645
0.33250 0.79147 0.64562
0.36872 0.80593 0.52778
0.18190 0.76938 0.77739
0.18174 0.79713 0.62824
0.22715 0.82678 0.59834
0.27231 0.78508 0.65616
0.24833 0.80819 0.63867
0.33690 0.79248 0.63692
0.23009 0.78161 0.69032
0.20486 0.77792 0.66335
0.15027 0.80935 0.62233
0.32885 0.78056 0.64883
0.29007 0.85245 0.52618
0.37082 0.80163 0.55935
0.29259 0.80461 0.57985
0.22707 0.87367 0.50043
0.29753 0.79956 0.63531
0.50983 0.87011 0.37360
0.38202 0.80075 0.57519
0.38907 0.83861 0.53647
0.25987 0.92450 0.37980
0.41048 0.80537 0.54301
0.16781 0.79501 0.70093
0.37835 0.84383 0.55465
0.27161 0.83677 0.60127
0.11810 0.77731 0.71616
0.28115 0.80739 0.65222
0.24618 0.78743 0.67507
0.19065 0.83699 0.57864
0.21958 0.76418 0.69479
0.18588 0.81188 0.66744
0.23899 0.75800 0.72484
0.14970 0.69393 0.89394
0.35171 0.84233 0.56794
0.31604 0.80081 0.68401
0.20225 0.80752 0.68009
0.47598 0.83969 0.45913
0.40395 0.89095 0.43239
0.21658 0.75089 0.77297
0.19677 0.73922 0.74878
0.15515 0.84186 0.60539
0.38313 0.81253 0.54518
0.19577 0.87055 0.53028
0.21219 0.83482 0.57239
0.19022 0.83552 0.56852
0.52383 0.91244 0.29080
0.36342 0.88262 0.44569
0.37095 0.80501 0.57233
0.48319 0.86827 0.39240
0.22009 0.75575 0.74932
0.43570 0.87822 0.42871
0.23411 0.75535 0.77125
0.36620 0.87411 0.48726
0.48041 0.82055 0.44825
0.31748 0.80215 0.61586
0.30655 0.82356 0.69237
0.35669 0.86736 0.41888
0.42007 0.84200 0.46165
0.43920 0.83223 0.48302
0.31946 0.88789 0.44322
0.41101 0.80376 0.57929
0.20575 0.73626 0.81938
0.59423 0.86681 0.34430
0.24893 0.75049 0.68462
0.21748 0.81076 0.61889
0.22920 0.72610 0.87003
0.29211 0.85645 0.48943
0.20235 0.73758 0.81924
0.45560 0.86210 0.41706
0.20473 0.76239 0.68671
0.26448 0.79696 0.67241
0.31489 0.79040 0.60437
0.28603 0.84991 0.58766
0.22759 0.87927 0.51190
0.26718 0.77898 0.71450
0.36012 0.81063 0.53666
0.23301 0.87415 0.48439
0.53675 0.87649 0.39282
0.13211 0.77827 0.73472
0.27252 0.86331 0.48899
0.31041 0.82202 0.60818
0.17588 0.87166 0.56497
0.33417 0.80275 0.64019
0.25281 0.76495 0.75031
0.28738 0.80433 0.62071
0.30219 0.80406 0.61997
0.25952 0.81408 0.61621
0.20504 0.83086 0.57796
0.28711 0.78610 0.70891
0.28767 0.85555 0.47797
0.28979 0.77278 0.67536
0.21768 0.90781 0.49537
0.45278 0.81792 0.49681
0.37647 0.81615 0.54625
0.29864 0.83218 0.58844
0.23453 0.78701 0.67582
0.37260 0.81515 0.59019
0.35091 0.86872 0.51661
0.34413 0.82900 0.60665
0.31844 0.76944 0.64447
0.41489 0.85710 0.43350
0.33653 0.78683 0.69840
0.36169 0.88739 0.41477
0.14569 0.87614 0.55882
0.25095 0.78667 0.67562
0.23865 0.76451 0.74729
0.57072 0.85609 0.38295
0.24826 0.83992 0.56307
0.31904 0.83394 0.56771
0.12060 0.81692 0.63060
0.45272 0.84743 0.45771
0.48747 0.87695 0.41306
0.24456 0.80149 0.66401
0.23778 0.74710 0.74209
0.19621 0.78001 0.69502
0.31710 0.85447 0.56665
0.12939 0.81579 0.64976
0.29405 0.81947 0.61817
0.31467 0.84283 0.53897
0.20564 0.80494 0.62785
0.27972 0.81556 0.62350
0.44688 0.83399 0.50733
0.34273 0.79096 0.62953
0.26212 0.80844 0.63588
0.26474 0.87751 0.47179
0.32133 0.87244 0.46775
0.26943 0.76850 0.73533
0.17869 0.81662 0.64176
0.23038 0.79446 0.68331
0.24126 0.81873 0.62001
0.22930 0.79150 0.66647
0.23125 0.78525 0.72134
0.34134 0.85915 0.58186
0.27759 0.76258 0.63164
0.28481 0.78509 0.70788
0.35064 0.85824 0.44819
0.14958 0.84313 0.63192
0.24601 0.75817 0.77181
0.21769 0.84313 0.51799
0.41199 0.80808 0.54953
0.36111 0.86092 0.46522
0.22836 0.80504 0.71132
0.27346 0.74432 0.77207
0.27978 0.78691 0.64223
0.26396 0.80464 0.69614
0.24877 0.79525 0.57921
0.21090 0.74002 0.78947
0.30983 0.82565 0.67106
0.32100 0.83012 0.56944
0.21723 0.77758 0.68121
0.23922 0.86877 0.52245
0.38601 0.81414 0.48834
0.24109 0.78142 0.64188
0.26752 0.84334 0.55401
0.14382 0.89504 0.52837
0.46827 0.84166 0.47941
0.29987 0.81144 0.67192
0.36610 0.92023 0.34148
0.29840 0.83012 0.56836
0.34801 0.84029 0.57369
0.39303 0.88106 0.52597
0.30293 0.77841 0.66621
0.40702 0.91771 0.35559
0.18306 0.76652 0.64155
0.22283 0.75909 0.76030
0.59992 0.91142 0.25382
0.42698 0.80259 0.54897
0.24741 0.83080 0.58706
0.21698 0.89430 0.51140
0.21548 0.80472 0.66290
0.44713 0.82451 0.47433
0.32693 0.76595 0.70084
0.22407 0.74282 0.76838
0.20259 0.74251 0.73648
0.15769 0.86014 0.56908
0.16421 0.89013 0.50745
0.30330 0.81933 0.59748
0.31551 0.77948 0.71508
0.19076 0.78991 0.66725
0.28833 0.83520 0.55963
0.41899 0.80079 0.58163
0.20264 0.83350 0.66071
0.37470 0.82571 0.58546
0.45133 0.90868 0.32808
0.28151 0.75741 0.75363
0.39449 0.90024 0.38753
0.27476 0.77368 0.66713
0.30003 0.80788 0.55990
0.24623 0.78027 0.72047
0.25438 0.79818 0.60944
0.24134 0.84536 0.56965
0.32113 0.77917 0.59039
0.19165 0.75423 0.74005
0.24475 0.80255 0.64023
0.19568 0.77164 0.72837
0.33536 0.87252 0.55102
0.23322 0.83094 0.54386
0.43548 0.85797 0.43408
0.17424 0.76636 0.76173
0.31835 0.82999 0.63287
0.19963 0.76084 0.73038
0.23530 0.77481 0.64324
0.22107 0.76088 0.77081
0.26613 0.74698 0.68251
0.28763 0.77661 0.61287
0.26496 0.79356 0.62233
0.32149 0.79343 0.57548
0.15851 0.82811 0.63936
0.26926 0.79251 0.64285
0.33466 0.86533 0.52862
0.19529 0.78559 0.70069
0.25129 0.77698 0.67209
0.30892 0.78780 0.60183
0.25910 0.83615 0.54208
0.44653 0.87163 0.38729
0.30789 0.82654 0.54271
0.23075 0.78462 0.68749
0.55882 0.87222 0.37370
0.28176 0.78650 0.66982
0.36128 0.82616 0.56423
0.42738 0.87275 0.38907
0.27660 0.80504 0.65856
0.53350 0.86363 0.38528
0.23383 0.79458 0.69037
0.15587 0.78679 0.72138
0.20587 0.74813 0.72105
0.45031 0.85090 0.48499
0.19584 0.75401 0.74909
0.08791 0.85769 0.59985
0.38050 0.78969 0.63028
0.23220 0.75188 0.73397
0.53969 0.85593 0.34501
0.36170 0.84747 0.50576
0.40930 0.80074 0.57488
0.32806 0.81351 0.60780
0.29947 0.81521 0.66662
0.22227 0.77760 0.70231
0.28948 0.77930 0.73510
0.28485 0.76667 0.64561
0.35202 0.81559 0.61548
0.21656 0.80020 0.70861
0.27671 0.77913 0.65953
0.23022 0.74915 0.74729
0.19961 0.84372 0.59076
0.12275 0.77796 0.73257
0.21210 0.79262 0.67441
0.39951 0.84018 0.52831
0.35870 0.79001 0.59607
0.26449 0.76663 0.74629
0.38034 0.82649 0.54605
0.33638 0.83706 0.52534
0.28843 0.83174 0.64509
0.37316 0.79047 0.62747
0.21389 0.76629 0.67156
0.29798 0.88386 0.47928
0.35642 0.80847 0.59603
0.24144 0.82784 0.64725
0.27928 0.77731 0.72617
0.31456 0.79472 0.62659
0.39555 0.83256 0.51402
0.46237 0.87402 0.44455
0.20744 0.78859 0.65516
0.16627 0.86754 0.53064
0.29090 0.78844 0.64821
0.35501 0.85529 0.45744
0.16639 0.79001 0.70009
0.28344 0.83133 0.56623
0.59737 0.90550 0.31192
0.22615 0.80514 0.59732
0.27158 0.86621 0.50379
0.32046 0.75817 0.69752
0.26477 0.81747 0.66032
0.29487 0.83593 0.63062
0.09399 0.86519 0.59480
0.29034 0.85028 0.57354
0.23540 0.76778 0.66670
0.38489 0.84897 0.44169
0.38183 0.83426 0.58837
0.34698 0.84604 0.49919
0.32919 0.87322 0.48306
0.34965 0.83911 0.55876
0.30400 0.82667 0.58698
0.19710 0.73583 0.81716
0.31060 0.83531 0.55592
0.20206 0.74978 0.72279
0.29489 0.75221 0.71006
0.15599 0.77341 0.66410
0.30704 0.77573 0.71096
0.24620 0.77044 0.65054
0.40370 0.81393 0.60577
0.29943 0.77434 0.58924
0.27509 0.84475 0.54950
0.23173 0.81854 0.65628
0.22088 0.79958 0.70698
0.26061 0.74521 0.76732
0.45029 0.84884 0.41694
0.25458 0.80142 0.67777
0.23433 0.77522 0.72638
0.33964 0.74919 0.75788
0.12532 0.83172 0.64639
0.22549 0.76615 0.73924
0.25702 0.87311 0.49848
0.20563 0.78666 0.66870
0.21894 0.75327 0.71485
0.29065 0.75792 0.72105
0.51951 0.85790 0.43806
0.47618 0.86595 0.42883
0.52746 0.84345 0.41110
0.20355 0.86480 0.58018
0.30630 0.81046 0.56870
0.29923 0.86572 0.50868
0.26777 0.76396 0.75108
0.33534 0.83502 0.62857
0.25085 0.78070 0.74879
0.39514 0.81606 0.58157
0.49077 0.84807 0.42474
0.20131 0.72195 0.80654
0.25749 0.79404 0.64580
0.23538 0.74441 0.80387
0.29544 0.89569 0.42306
0.34861 0.89440 0.43061
0.38364 0.82857 0.50876
0.35632 0.83488 0.52199
0.40365 0.86123 0.42833
0.53476 0.84248 0.42810
0.17864 0.74206 0.79592
0.24666 0.82651 0.64822
0.20567 0.84804 0.60462
0.35689 0.80532 0.66738
0.23827 0.86861 0.52983
0.33187 0.77534 0.68286
0.21815 0.76263 0.73190
0.22803 0.72395 0.82825
0.09109 0.91388 0.47222
0.40348 0.84477 0.46729
0.26978 0.79696 0.66156
0.23154 0.78923 0.66368
0.52389 0.89559 0.36730
0.23389 0.86060 0.55021
0.20244 0.82809 0.63088
0.10589 0.79010 0.73136
0.27410 0.78623 0.67848
0.21341 0.80545 0.68116
0.34405 0.81460 0.64382
0.37370 0.85709 0.50355
0.20561 0.80232 0.60594
0.24064 0.76520 0.73661
0.12904 0.85583 0.60947
0.23386 0.76142 0.69587
0.40025 0.79411 0.63204
0.05363 0.90938 0.50459
0.26275 0.88044 0.49968
0.18705 0.74857 0.79827
0.12822 0.85027 0.59495
0.21263 0.82430 0.66416
0.20916 0.88231 0.45493
0.60891 0.86578 0.34639
0.16084 0.71635 0.87608
0.16876 0.75712 0.72297
0.30815 0.82514 0.54780
0.12473 0.84548 0.57186
0.36130 0.83124 0.57415
0.20881 0.77816 0.66812
0.18839 0.74445 0.81692
0.43817 0.81778 0.50998
0.24937 0.80313 0.62662
0.21772 0.75727 0.68464
0.30405 0.81653 0.58241
0.40131 0.82717 0.54008
0.33814 0.83480 0.58200
0.27120 0.78699 0.58352
0.25127 0.72596 0.78611
0.23017 0.80597 0.68496
0.47992 0.85882 0.45603
0.26157 0.81654 0.66620
0.39095 0.84948 0.47839
0.23740 0.75839 0.77522
0.18356 0.76118 0.76150
0.40147 0.87716 0.46071
0.50003 0.84641 0.41821
0.22663 0.74510 0.81384
0.38964 0.83676 0.59271
0.23564 0.75121 0.79667
0.22265 0.82496 0.60288
0.26849 0.82198 0.61072
0.17574 0.77902 0.73666
0.27541 0.76698 0.71763
0.32598 0.81833 0.58006
0.28292 0.81120 0.67014
0.30925 0.77786 0.68498
0.36732 0.81112 0.60307
0.42653 0.88837 0.41920
0.27909 0.88103 0.49581
0.26814 0.77837 0.71290
0.29014 0.78925 0.65896
0.13152 0.73802 0.81488
0.24498 0.85613 0.52047
0.32184 0.80238 0.62753
0.31683 0.78991 0.61776
0.32745 0.81037 0.59036
0.16597 0.79225 0.69103
0.40816 0.84272 0.48990
0.21899 0.80102 0.65065
0.24254 0.79595 0.61869
0.33394 0.90309 0.45110
0.55561 0.87005 0.31797
0.19519 0.81895 0.67642
0.18032 0.83984 0.61784
0.53141 0.91140 0.28693
0.35836 0.90300 0.44647
0.30759 0.82617 0.58909
0.24969 0.74653 0.76640
0.17602 0.78649 0.64035
0.23671 0.75071 0.70400
0.25590 0.74290 0.78070
0.28739 0.86713 0.48004
0.30490 0.85194 0.48045
0.64930 0.88872 0.28239
0.23314 0.72667 0.83699
0.21545 0.73748 0.73480
0.37428 0.82424 0.59050
0.22377 0.76072 0.75821
0.11948 0.86931 0.55325
0.19550 0.88393 0.49235
0.22529 0.78710 0.65283
0.43772 0.83891 0.50698
0.21811 0.78092 0.69787
0.17778 0.74954 0.77591
0.19690 0.72538 0.79429
0.29529 0.77012 0.69644
0.21314 0.78662 0.65020
0.28278 0.82345 0.56272
0.39258 0.80418 0.50701
0.29994 0.82206 0.57788
0.44033 0.86004 0.44097
0.38858 0.91124 0.34563
0.14631 0.81963 0.60153
0.27165 0.83206 0.58082
0.49118 0.82609 0.47249
0.25187 0.78343 0.64090
0.28759 0.82727 0.56417
0.27682 0.79412 0.66114
0.42343 0.82306 0.47990
0.25675 0.83330 0.52829
0.16688 0.73503 0.83847
0.21741 0.75030 0.78292
0.41184 0.80226 0.58437
0.41705 0.88464 0.41966
0.24663 0.81471 0.58442
0.24308 0.82340 0.59828
0.14204 0.73541 0.83153
0.44109 0.85284 0.48675
0.24987 0.79885 0.65655
0.24669 0.77876 0.68837
0.28509 0.80004 0.71518
0.22130 0.76038 0.75838
0.24095 0.84139 0.61698
0.24335 0.80794 0.61291
0.44406 0.88142 0.40328
0.24557 0.81958 0.67755
0.16551 0.71383 0.86478
0.23428 0.76571 0.72963
0.30397 0.80987 0.63510
0.41196 0.80985 0.51972
0.33731 0.79271 0.58614
0.27842 0.82785 0.59445
0.49649 0.82414 0.50851
0.25317 0.75422 0.72034
0.18346 0.84914 0.59332
0.23815 0.84493 0.53057
0.39716 0.82192 0.48698
0.19557 0.85391 0.57711
0.32472 0.77164 0.67520
0.48581 0.81730 0.52211
0.22905 0.79475 0.73028
0.27682 0.84837 0.55843
0.27650 0.78213 0.73133
0.40487 0.80739 0.57465
0.40415 0.90204 0.37918
0.26912 0.85944 0.51709
0.23704 0.84107 0.59096
0.51592 0.85544 0.42732
0.17573 0.75901 0.77932
0.36288 0.81381 0.63846
0.25511 0.84662 0.54778
0.16967 0.82171 0.68146
0.36983 0.83853 0.56615
0.20762 0.79872 0.62471
0.24251 0.75319 0.71944
0.32335 0.78460 0.65290
0.20380 0.84737 0.57216
0.49194 0.85247 0.46247
0.20850 0.76780 0.69305
0.15333 0.79644 0.66417
0.21289 0.81535 0.62779
0.25595 0.81912 0.61877
0.24986 0.78072 0.65391
0.43577 0.86411 0.37595
0.25049 0.90134 0.46405
0.30019 0.84387 0.57542
0.27316 0.78649 0.68870
0.16731 0.78440 0.71886
0.32510 0.81026 0.58697
0.24972 0.76906 0.69696
0.27429 0.84947 0.51231
0.14783 0.83458 0.60583
0.22548 0.75226 0.73593
0.28028 0.89338 0.45878
0.42700 0.81011 0.56482
0.52653 0.84838 0.42638
0.26070 0.81054 0.59211
0.30710 0.88149 0.41013
0.32506 0.84875 0.50325
0.21500 0.83756 0.61122
0.22181 0.79340 0.62805
0.20381 0.81906 0.64708
0.17269 0.82843 0.57610
0.25582 0.75359 0.72498
0.33255 0.84764 0.48543
0.26786 0.77515 0.73471
0.28782 0.82586 0.61372
0.32060 0.82649 0.53444
0.32999 0.82803 0.57672
0.10974 0.92539 0.47914
0.43258 0.84291 0.52516
0.28425 0.79185 0.68155
0.20426 0.85433 0.54828
0.35255 0.84226 0.61209
0.23193 0.72753 0.80173
0.28566 0.85419 0.59210
0.23309 0.80401 0.67532
0.39483 0.82751 0.52719
0.39790 0.83383 0.53236
0.38502 0.85853 0.55979
0.46389 0.88284 0.34084
0.20016 0.79171 0.62113
0.13589 0.80834 0.68089
0.26013 0.78278 0.62146
0.20814 0.79957 0.57387
0.22060 0.79278 0.67140
0.52392 0.86107 0.36353
0.20655 0.83743 0.62023
0.25786 0.75288 0.76827
0.35158 0.81526 0.63202
0.15161 0.86493 0.56839
0.29682 0.83865 0.64356
0.25909 0.83035 0.62436
0.17819 0.85672 0.58504
0.26503 0.80722 0.65175
0.31026 0.82755 0.60432
0.31239 0.80844 0.61003
0.34909 0.80333 0.59570
0.29140 0.78855 0.67919
0.42066 0.82001 0.52707
0.20134 0.80521 0.70569
0.31870 0.81503 0.61746
0.27845 0.76435 0.72631
0.50292 0.84759 0.44663
0.22798 0.81605 0.62627
0.20494 0.76028 0.79195
0.26242 0.81911 0.62343
0.34583 0.75635 0.72002
0.28556 0.82950 0.64184
0.43487 0.81187 0.54836
0.40269 0.87706 0.45324
0.20526 0.83563 0.56121
0.31222 0.83936 0.61281
0.50216 0.84217 0.45464
0.22710 0.82139 0.66500
0.29244 0.85162 0.55808
0.46303 0.82647 0.49986
0.32314 0.78476 0.66313
0.19335 0.71577 0.81633
0.21841 0.85541 0.53754
0.29357 0.80759 0.55973
0.38927 0.85192 0.47076
0.26337 0.87387 0.44971
0.24347 0.84372 0.54204
0.22630 0.82206 0.62894
0.27063 0.83842 0.63453
0.35097 0.79458 0.55528
0.33766 0.81345 0.67225
0.29793 0.75948 0.73689
0.21400 0.75031 0.74458
0.20019 0.87039 0.51578
0.41553 0.89702 0.39157
0.33695 0.78936 0.56506
0.19781 0.75837 0.74372
0.22734 0.77058 0.69879
0.30887 0.76879 0.71263
0.24424 0.81236 0.68459
0.21456 0.76171 0.77949
0.13842 0.83264 0.60405
0.23076 0.75427 0.77255
0.45817 0.84268 0.52823
0.20061 0.73382 0.77720
0.21348 0.83735 0.60779
0.24910 0.75322 0.74673
0.29355 0.84164 0.60881
0.22326 0.83670 0.60356
0.48322 0.83982 0.47394
0.14974 0.79700 0.70248
0.21335 0.84575 0.57769
0.39137 0.79608 0.57220
0.37345 0.81960 0.55680
0.21708 0.88771 0.54370
0.24959 0.76708 0.68289
0.26828 0.79482 0.65743
0.23628 0.79794 0.63549
0.64526 0.88753 0.26332
0.27123 0.79995 0.62488
0.23035 0.80743 0.65179
0.56215 0.86078 0.35637
0.19500 0.70365 0.83854
0.25621 0.89570 0.48942
0.18285 0.78533 0.68756
0.27227 0.83817 0.59776
0.17397 0.75318 0.80085
0.34982 0.84434 0.54028
0.42034 0.82743 0.49855
0.20033 0.82833 0.62542
0.28669 0.81144 0.63295
0.28638 0.79221 0.66862
0.39443 0.83084 0.52789
0.40544 0.81452 0.58299
0.18211 0.87456 0.57541
0.33847 0.79643 0.64910
0.22030 0.86138 0.58224
0.22722 0.81698 0.61804
0.20434 0.84848 0.59963
0.55467 0.87473 0.33109
0.32075 0.84390 0.50750
0.63847 0.89706 0.28076
0.41631 0.80491 0.56721
0.35929 0.78840 0.63111
0.15753 0.89219 0.48645
0.38989 0.83596 0.52814
0.27235 0.86049 0.51087
0.23075 0.76284 0.72666
0.29723 0.90142 0.42724
0.29152 0.77948 0.67162
0.09789 0.81143 0.69535
0.25650 0.76417 0.63274
0.28825 0.89781 0.46997
0.27661 0.75614 0.69992
0.24841 0.81431 0.62217
0.27845 0.78322 0.63342
0.33279 0.87439 0.48960
0.33211 0.83422 0.56404
0.32449 0.80421 0.61676
0.24839 0.85623 0.57419
0.21597 0.86111 0.56666
0.55114 0.87319 0.37609
0.14573 0.81216 0.66081
0.35114 0.78163 0.57949
