20 9 1000 4842 1315
0.81373 0.20006 0.64241
0.41607 0.22729 0.75932
0.10247 0.38845 0.14363
0.04524 0.29262 0.93390
0.84278 0.88550 0.12115
0.96050 0.94336 0.53324
0.86862 0.17056 0.18000
0.54526 0.45948 0.02206
0.75366 0.49210 0.14606
0.66266 0.38554 0.44736
0.70436 0.35540 0.44351
0.58858 0.32335 0.44907
0.59486 0.56563 0.28915
0.55243 0.50154 0.43676
0.52967 0.34342 0.43527
0.67864 0.59890 0.51273
0.59280 0.45786 0.41764
0.73700 0.54223 0.38709
0.56156 0.49112 0.28999
0.57231 0.43756 0.33505
0.43008 0.39424 0.40493
0.56745 0.50439 0.27835
0.63000 0.38415 0.40288
0.69945 0.48332 0.31000
0.69341 0.46971 0.32056
0.65380 0.48988 0.38747
0.57494 0.49054 0.25153
0.57230 0.36238 0.53155
0.59765 0.48237 0.33398
0.56930 0.38508 0.51840
0.56972 0.36541 0.41580
0.53536 0.52438 0.31831
0.66604 0.54168 0.34565
0.59051 0.50553 0.46408
0.51599 0.36244 0.42811
0.43182 0.48225 0.38823
0.54563 0.59873 0.27350
0.59072 0.44451 0.27098
0.39542 0.44213 0.39182
0.61797 0.45745 0.56354
0.67261 0.36571 0.28928
0.63986 0.54784 0.32797
0.63805 0.53805 0.26356
0.63584 0.50915 0.51214
0.55343 0.48426 0.30242
0.66517 0.54167 0.37823
0.75451 0.44531 0.44013
0.65192 0.47962 0.39332
0.64602 0.48573 0.38237
0.57869 0.35272 0.54192
0.57894 0.45794 0.36646
0.64669 0.45510 0.31204
0.60318 0.61572 0.25332
0.55806 0.54574 0.20749
0.54955 0.38367 0.29789
0.75582 0.63291 0.34163
0.55912 0.38919 0.41106
0.40670 0.46048 0.34490
0.55928 0.48819 0.32322
0.37831 0.38147 0.48728
0.57999 0.46321 0.38075
0.65625 0.38242 0.31060
0.60939 0.49180 0.52969
0.71833 0.54804 0.29928
0.51689 0.44339 0.46322
0.35395 0.28833 0.70033
0.65508 0.50560 0.38062
0.59177 0.53699 0.51525
0.35479 0.45871 0.61136
0.51722 0.34646 0.51623
0.64075 0.51627 0.49745
0.55238 0.50282 0.33230
0.68220 0.45640 0.26665
0.74521 0.48877 0.42928
0.72665 0.32324 0.34766
0.47181 0.46120 0.24954
0.51330 0.45322 0.24991
0.50919 0.37648 0.45460
0.59948 0.39029 0.29847
0.54335 0.47506 0.37017
0.68639 0.41718 0.32828
0.40573 0.34485 0.50728
0.58734 0.42910 0.37002
0.66064 0.53081 0.36431
0.58387 0.40577 0.41184
0.52248 0.47659 0.48872
0.44486 0.38306 0.27225
0.66814 0.62139 0.30737
0.69216 0.59980 0.31704
0.68929 0.46709 0.32848
0.55226 0.44365 0.27284
0.54115 0.46973 0.47566
0.45540 0.34855 0.52550
0.63980 0.32285 0.40375
0.66048 0.42777 0.32663
0.60652 0.52005 0.18169
0.65478 0.55916 0.51055
0.41735 0.41078 0.29964
0.58715 0.50709 0.49081
0.53542 0.52848 0.24666
0.54055 0.41687 0.47818
0.58694 0.52500 0.36439
0.63711 0.40540 0.35175
0.73379 0.64647 0.29175
0.52863 0.48996 0.34172
0.52204 0.43787 0.46784
0.51776 0.40390 0.42388
0.48335 0.40544 0.36413
0.61313 0.48821 0.37761
0.67445 0.41703 0.27553
0.71091 0.33739 0.46385
0.56742 0.48541 0.40588
0.64583 0.44423 0.39618
0.59207 0.40782 0.43932
0.60198 0.37587 0.42733
0.47292 0.51423 0.27220
0.67002 0.54593 0.36107
0.61167 0.43749 0.47336
0.62347 0.50685 0.46842
0.72613 0.41590 0.37109
0.61869 0.36952 0.42059
0.62051 0.39521 0.40123
0.55036 0.58833 0.16962
0.64881 0.51824 0.35083
0.54969 0.45648 0.29765
0.53511 0.41098 0.47136
0.67285 0.56687 0.21027
0.65353 0.41665 0.28111
0.60364 0.56720 0.44086
0.65703 0.51343 0.27714
0.57432 0.38004 0.34491
0.72173 0.51596 0.34940
0.69774 0.45473 0.18700
0.55843 0.35591 0.34121
0.72270 0.53379 0.30509
0.58364 0.37967 0.31353
0.64121 0.46585 0.20724
0.74160 0.52356 0.29327
0.43007 0.34734 0.53033
0.39990 0.38326 0.57520
0.76414 0.45784 0.36167
0.62312 0.60070 0.28513
0.68137 0.57598 0.19677
0.46844 0.35515 0.54323
0.48179 0.37269 0.35025
0.47052 0.36219 0.57440
0.65835 0.49958 0.38016
0.42132 0.52859 0.40894
0.69983 0.36735 0.42123
0.48434 0.44004 0.39661
0.57909 0.53222 0.50956
0.80966 0.49203 0.41548
0.45876 0.36665 0.41051
0.45158 0.43391 0.33907
0.56259 0.42653 0.36551
0.42166 0.44056 0.58642
0.57171 0.40289 0.30944
0.53868 0.47416 0.33032
0.48816 0.40689 0.29060
0.57856 0.37423 0.30285
0.42975 0.48249 0.48299
0.64389 0.48485 0.36341
0.65655 0.45031 0.30522
0.69589 0.39941 0.38022
0.53696 0.45703 0.33132
0.57446 0.42394 0.24053
0.72486 0.53382 0.42507
0.63649 0.42951 0.36342
0.72464 0.66789 0.39798
0.67081 0.49188 0.37950
0.63373 0.41496 0.32961
0.55256 0.33787 0.36465
0.45567 0.40502 0.33976
0.43230 0.43175 0.33745
0.69658 0.53831 0.28184
0.68392 0.24739 0.44125
0.74003 0.65900 0.35633
0.56270 0.43164 0.36297
0.66138 0.50131 0.43149
0.38385 0.43687 0.58374
0.68100 0.39710 0.23297
0.71809 0.48784 0.21353
0.60909 0.37977 0.49604
0.69539 0.45619 0.41580
0.67984 0.57682 0.47745
0.62433 0.30625 0.38716
0.74162 0.48776 0.45644
0.69700 0.63794 0.42804
0.58407 0.49106 0.18222
0.64095 0.38779 0.19524
0.37075 0.41320 0.40374
0.54756 0.48129 0.35235
0.51429 0.39125 0.40706
0.66020 0.52771 0.32065
0.55033 0.51900 0.33720
0.54738 0.48549 0.44234
0.51270 0.34715 0.55367
0.48944 0.38766 0.53410
0.66871 0.49130 0.37671
0.73620 0.44771 0.26585
0.60822 0.33355 0.47708
0.61992 0.36111 0.46518
0.50520 0.41354 0.45969
0.52888 0.45252 0.32839
0.77188 0.42872 0.32431
0.54800 0.46151 0.42455
0.61120 0.35845 0.60645
0.72511 0.58642 0.43882
0.63430 0.51362 0.57466
0.64152 0.40979 0.39699
0.55781 0.40954 0.43506
0.56016 0.51552 0.31697
0.60794 0.39851 0.39399
0.59047 0.48096 0.43674
0.50988 0.41263 0.47348
0.53560 0.56832 0.43954
0.36541 0.39226 0.34625
0.69816 0.55457 0.23788
0.68112 0.59478 0.38172
0.79106 0.59762 0.51737
0.61343 0.48890 0.27986
0.71985 0.53597 0.40420
0.57662 0.44869 0.28944
0.55207 0.43106 0.19345
0.60363 0.36928 0.37329
0.55514 0.47528 0.40983
0.69832 0.64357 0.25186
0.61416 0.41958 0.25955
0.53401 0.50573 0.36115
0.48953 0.44416 0.48627
0.61654 0.49371 0.28422
0.63809 0.47162 0.27957
0.65862 0.51112 0.33818
0.77055 0.60475 0.37830
0.54913 0.47785 0.38762
0.71354 0.58727 0.32928
0.72371 0.45151 0.25918
0.55031 0.48657 0.47857
0.51112 0.45295 0.47788
0.73177 0.54530 0.33533
0.57176 0.55141 0.45426
0.47734 0.44148 0.40438
0.63800 0.47178 0.52665
0.49228 0.42968 0.49567
0.53060 0.33520 0.32974
0.75547 0.56283 0.32854
0.60082 0.40729 0.40293
0.81818 0.66505 0.37439
0.67106 0.35229 0.23638
0.67345 0.27583 0.54930
0.48778 0.44552 0.53899
0.38858 0.41505 0.58404
0.59059 0.33498 0.45697
0.60776 0.44789 0.45021
0.63096 0.50713 0.40889
0.73157 0.50408 0.26446
0.55563 0.49128 0.41281
0.49600 0.36997 0.53266
0.51693 0.56034 0.37983
0.54632 0.33575 0.55807
0.41764 0.31686 0.43935
0.53243 0.38535 0.37901
0.62131 0.41205 0.34408
0.59044 0.39099 0.32541
0.69414 0.45349 0.27891
0.48861 0.32909 0.38529
0.61676 0.45885 0.40350
0.68952 0.60699 0.23487
0.39780 0.33143 0.62097
0.59107 0.31945 0.46115
0.63682 0.47136 0.44296
0.69995 0.28304 0.43204
0.42280 0.49530 0.46928
0.71573 0.52961 0.40221
0.85907 0.73319 0.45712
0.50570 0.41524 0.51186
0.72624 0.60846 0.40261
0.68418 0.56308 0.29150
0.55639 0.37258 0.48869
0.45226 0.39182 0.38034
0.71484 0.53960 0.43456
0.52045 0.40300 0.42035
0.51790 0.52118 0.54681
0.47749 0.55247 0.24700
0.59675 0.53192 0.42207
0.73557 0.30510 0.37316
0.65822 0.41531 0.39629
0.57676 0.46758 0.41374
0.59175 0.42222 0.56655
0.60654 0.58714 0.26383
0.55502 0.35668 0.42416
0.59092 0.55499 0.40353
0.46761 0.41145 0.69482
0.66321 0.48515 0.24186
0.61409 0.43654 0.23611
0.58297 0.49107 0.49956
0.74664 0.52413 0.34371
0.70304 0.58565 0.34771
0.68734 0.60525 0.27012
0.47853 0.39705 0.29370
0.65367 0.35172 0.47519
0.40652 0.40574 0.38505
0.79101 0.57294 0.44486
0.59068 0.39522 0.36892
0.64390 0.57377 0.42530
0.50945 0.30318 0.62581
0.60674 0.35029 0.35205
0.68859 0.44980 0.42214
0.67372 0.57360 0.32392
0.67690 0.39565 0.50282
0.33707 0.30776 0.47468
0.55874 0.33420 0.57773
0.51071 0.49974 0.41089
0.69347 0.59591 0.31185
0.60199 0.37491 0.36231
0.65313 0.56408 0.36952
0.60654 0.37948 0.33546
0.37679 0.38645 0.43280
0.61775 0.53526 0.24062
0.55850 0.36483 0.36629
0.54749 0.47394 0.31880
0.66250 0.65454 0.27191
0.57065 0.47969 0.40682
0.62577 0.50224 0.38631
0.67834 0.54864 0.43589
0.49104 0.38044 0.27465
0.42570 0.45890 0.45730
0.62665 0.52095 0.26757
0.75863 0.62775 0.38887
0.62541 0.40583 0.33451
0.64936 0.28709 0.26503
0.62544 0.49541 0.55371
0.58099 0.45715 0.46531
0.55825 0.45872 0.31222
0.27224 0.31907 0.68393
0.69849 0.50039 0.40879
0.43459 0.41880 0.40313
0.57607 0.47277 0.42018
0.52769 0.35827 0.42731
0.57961 0.54393 0.24159
0.49697 0.39402 0.42183
0.68716 0.52068 0.32777
0.64502 0.38867 0.44658
0.70846 0.46043 0.40560
0.59930 0.40797 0.32667
0.50096 0.40474 0.41315
0.71117 0.40179 0.30575
0.39320 0.38859 0.57195
0.49052 0.37989 0.39198
0.75870 0.65179 0.53808
0.72160 0.58268 0.22927
0.53920 0.34903 0.50066
0.71758 0.62581 0.20545
0.50332 0.31883 0.52659
0.41770 0.39575 0.38403
0.77018 0.70313 0.27581
0.62323 0.49812 0.45337
0.41161 0.37892 0.53140
0.46466 0.44630 0.57192
0.56334 0.31855 0.55735
0.64362 0.52606 0.35239
0.49634 0.38764 0.51043
0.54339 0.32672 0.44882
0.41446 0.43109 0.54472
0.75214 0.37812 0.19778
0.62726 0.48121 0.32814
0.67904 0.52283 0.30902
0.78986 0.48583 0.27963
0.65193 0.33074 0.53413
0.62556 0.47923 0.44011
0.64519 0.34336 0.46191
0.45791 0.54307 0.23762
0.74802 0.57325 0.47962
0.55474 0.35688 0.34257
0.67812 0.41921 0.48434
0.49149 0.33882 0.47877
0.63499 0.32829 0.48952
0.54887 0.35545 0.48968
0.57656 0.45176 0.42538
0.50245 0.41325 0.24994
0.54601 0.48882 0.34706
0.85251 0.78491 0.38639
0.66264 0.41133 0.49263
0.46991 0.42084 0.53923
0.58488 0.55877 0.31100
0.59817 0.53616 0.38092
0.36707 0.32976 0.59123
0.60772 0.48966 0.55790
0.58850 0.45456 0.35908
0.70727 0.53640 0.23118
0.55632 0.35346 0.55354
0.78154 0.41168 0.41024
0.37768 0.39023 0.47378
0.55033 0.42564 0.32991
0.51049 0.41579 0.27569
0.65689 0.46505 0.26705
0.50594 0.55030 0.25025
0.63040 0.51300 0.27834
0.70364 0.42833 0.44710
0.67821 0.42682 0.34875
0.67535 0.55680 0.23941
0.58635 0.29546 0.52392
0.61758 0.56589 0.40334
0.60886 0.40748 0.28405
0.56424 0.45644 0.34527
0.48723 0.55191 0.28714
0.64093 0.38780 0.33772
0.49936 0.42291 0.53440
0.61205 0.57121 0.53611
0.46503 0.43155 0.39930
0.61630 0.50582 0.40756
0.55676 0.38629 0.43855
0.62705 0.57375 0.29743
0.59411 0.43797 0.50446
0.70461 0.55970 0.27838
0.57244 0.53283 0.54992
0.52738 0.50689 0.34988
0.47686 0.36539 0.52335
0.60998 0.41753 0.40657
0.81942 0.69726 0.42008
0.74225 0.42646 0.27040
0.79044 0.49618 0.22439
0.66021 0.47457 0.46459
0.69063 0.33274 0.39368
0.63688 0.49260 0.34900
0.69224 0.61075 0.33125
0.50626 0.40069 0.53457
0.48249 0.34290 0.59143
0.41006 0.44706 0.41878
0.65825 0.51358 0.42686
0.84678 0.52459 0.30823
0.60857 0.54250 0.45752
0.48650 0.45642 0.31495
0.58820 0.47280 0.41286
0.78762 0.62050 0.44102
0.73921 0.33640 0.40133
0.49872 0.49251 0.30862
0.50386 0.36560 0.52204
0.69974 0.54222 0.35129
0.78540 0.64072 0.42695
0.57501 0.46008 0.45004
0.57105 0.47133 0.31678
0.56370 0.57950 0.34498
0.59292 0.45659 0.34072
0.47860 0.44586 0.51080
0.60390 0.52117 0.33851
0.64774 0.29279 0.54059
0.54507 0.47499 0.22011
0.38499 0.40468 0.48405
0.42696 0.47355 0.39310
0.74748 0.56199 0.34160
0.66827 0.49005 0.32671
0.69081 0.30356 0.37828
0.67292 0.53414 0.34953
0.43454 0.36559 0.27532
0.56193 0.46294 0.36088
0.61119 0.47198 0.38665
0.42522 0.35290 0.61018
0.62593 0.28075 0.44192
0.56024 0.45471 0.34270
0.65304 0.53659 0.39428
0.64221 0.47685 0.45579
0.44454 0.37302 0.50458
0.57977 0.44479 0.40918
0.57117 0.34499 0.31413
0.51334 0.39359 0.36489
0.51828 0.48120 0.53112
0.59628 0.49318 0.39941
0.53679 0.37945 0.43245
0.53693 0.37217 0.55844
0.57634 0.41261 0.41136
0.45281 0.37730 0.27381
0.60715 0.54125 0.28245
0.54514 0.44883 0.50217
0.49559 0.31860 0.60946
0.68776 0.44510 0.25598
0.62150 0.40583 0.45736
0.54314 0.44648 0.26990
0.55497 0.41232 0.50457
0.58796 0.50958 0.44899
0.44811 0.37211 0.43285
0.74327 0.48444 0.28462
0.64600 0.42574 0.42186
0.38863 0.42119 0.26716
0.59360 0.57431 0.26034
0.63265 0.41698 0.44707
0.68944 0.55728 0.42317
0.47235 0.46467 0.34525
0.59050 0.41086 0.36736
0.70281 0.66270 0.40109
0.36613 0.40325 0.34419
0.53049 0.47768 0.37015
0.55565 0.46771 0.44474
0.69921 0.52071 0.34379
0.58978 0.56489 0.26889
0.64455 0.43586 0.30510
0.61341 0.48414 0.23394
0.40668 0.39562 0.55475
0.79459 0.71047 0.49139
0.50127 0.40928 0.40892
0.60193 0.47633 0.26747
0.66806 0.53843 0.26194
0.73417 0.63102 0.33357
0.44678 0.37749 0.53043
0.56694 0.36911 0.49415
0.74422 0.50250 0.33547
0.59537 0.46515 0.35151
0.55147 0.51157 0.41771
0.53589 0.44937 0.39376
0.48843 0.44413 0.43500
0.64617 0.37727 0.23590
0.50538 0.39807 0.49200
0.69608 0.66646 0.33341
0.63558 0.53179 0.29892
0.65804 0.58028 0.56720
0.57861 0.30451 0.44119
0.61394 0.43001 0.28479
0.41772 0.35559 0.34636
0.72745 0.63981 0.21355
0.57991 0.40937 0.26260
0.47362 0.32108 0.49318
0.65809 0.47809 0.35524
0.51692 0.50887 0.30336
0.42492 0.41049 0.30953
0.60486 0.55097 0.32850
0.56478 0.52590 0.37518
0.67366 0.48191 0.21735
0.67634 0.32293 0.26012
0.63795 0.48369 0.20403
0.47473 0.37236 0.53551
0.69878 0.50781 0.32753
0.44044 0.29303 0.44507
0.69331 0.46317 0.32420
0.72081 0.48734 0.45946
0.56102 0.54682 0.30885
0.48544 0.42713 0.32548
0.57142 0.47518 0.38308
0.57082 0.51894 0.59319
0.58278 0.52861 0.46779
0.73171 0.55902 0.28600
0.54801 0.35092 0.44839
0.36237 0.36997 0.46564
0.47531 0.42856 0.33694
0.35435 0.37649 0.35150
0.68884 0.54680 0.20988
0.60766 0.43419 0.49379
0.76590 0.61214 0.35703
0.48251 0.41255 0.43852
0.62383 0.37404 0.45516
0.52977 0.50386 0.29788
0.48256 0.46694 0.34116
0.65235 0.49371 0.29895
0.70936 0.34689 0.36017
0.58901 0.38657 0.45892
0.62811 0.41509 0.29109
0.66121 0.39449 0.40114
0.64783 0.46775 0.32136
0.46778 0.38355 0.52396
0.61016 0.54543 0.48508
0.45803 0.40963 0.37563
0.35725 0.36411 0.52288
0.60918 0.36443 0.32091
0.43510 0.37399 0.47018
0.21959 0.38408 0.64240
0.49682 0.32050 0.35620
0.42076 0.34027 0.30371
0.53036 0.31037 0.40291
0.54956 0.40435 0.42808
0.54090 0.46926 0.46171
0.56766 0.41689 0.47913
0.41476 0.45740 0.37402
0.52940 0.43486 0.31466
0.59149 0.51588 0.37981
0.61694 0.39994 0.34582
0.73287 0.56851 0.41594
0.77514 0.38976 0.35248
0.54278 0.40246 0.26097
0.57164 0.52267 0.39418
0.67104 0.38730 0.39206
0.68196 0.53046 0.42292
0.65874 0.43038 0.28033
0.68321 0.55213 0.53630
0.57708 0.50831 0.37087
0.53454 0.37344 0.45336
0.67550 0.50702 0.41626
0.82733 0.31133 0.19194
0.56475 0.43830 0.42899
0.68994 0.53181 0.37715
0.67388 0.37300 0.33431
0.62316 0.44656 0.28586
0.41530 0.47305 0.46626
0.54908 0.37411 0.40897
0.60728 0.35421 0.21278
0.75441 0.64321 0.42366
0.51764 0.45520 0.16232
0.68403 0.41711 0.34972
0.66213 0.57283 0.54543
0.62451 0.58840 0.47703
0.68054 0.51238 0.25267
0.52013 0.47088 0.22978
0.62302 0.42766 0.34436
0.50318 0.39771 0.48497
0.69455 0.47413 0.25495
0.51809 0.51946 0.52807
0.71311 0.58735 0.29683
0.49403 0.42078 0.31771
0.51620 0.43167 0.36296
0.46142 0.38891 0.37137
0.67105 0.38703 0.56091
0.41290 0.37294 0.37985
0.72943 0.31357 0.20231
0.64620 0.50278 0.38432
0.48432 0.40030 0.38019
0.59875 0.62857 0.18889
0.59633 0.37617 0.40060
0.57079 0.47277 0.54054
0.65078 0.56524 0.42771
0.76300 0.55189 0.32407
0.62912 0.45450 0.39610
0.61712 0.47217 0.43045
0.58189 0.45450 0.28363
0.40404 0.39571 0.59371
0.66945 0.44304 0.28092
0.64589 0.65407 0.43708
0.35744 0.39012 0.48704
0.75023 0.60247 0.38680
0.70875 0.48516 0.25861
0.55106 0.46973 0.24403
0.51222 0.44143 0.44818
0.63323 0.50080 0.32580
0.53091 0.45135 0.33116
0.72904 0.47591 0.37349
0.56754 0.46686 0.37773
0.51432 0.44455 0.33672
0.61756 0.38223 0.49988
0.67040 0.38061 0.34550
0.57830 0.58111 0.35583
0.44254 0.38322 0.26089
0.49101 0.43453 0.49694
0.46508 0.42117 0.48747
0.52515 0.44122 0.24880
0.68355 0.68899 0.42868
0.51354 0.45189 0.42746
0.64180 0.52085 0.39068
0.56393 0.42650 0.49953
0.49976 0.49719 0.23735
0.64280 0.50029 0.50869
0.58267 0.53274 0.49371
0.64488 0.57191 0.24379
0.69899 0.50307 0.26836
0.43944 0.43392 0.56773
0.35922 0.42373 0.56851
0.70563 0.47944 0.33212
0.69206 0.54251 0.30686
0.68013 0.48492 0.35555
0.60343 0.44006 0.52791
0.51108 0.50030 0.36391
0.61336 0.46124 0.33122
0.49684 0.37079 0.53638
0.60560 0.48443 0.32479
0.66422 0.51697 0.24815
0.53983 0.37052 0.31825
0.40636 0.45968 0.37073
0.55100 0.32770 0.43320
0.72001 0.57058 0.25420
0.60123 0.52237 0.36816
0.57700 0.47541 0.49073
0.67563 0.46306 0.33395
0.63512 0.37033 0.32295
0.62160 0.32081 0.32652
0.67225 0.43326 0.29950
0.51236 0.36542 0.27069
0.53396 0.45973 0.26666
0.59672 0.46792 0.45695
0.60061 0.37777 0.43914
0.51973 0.45626 0.40944
0.77868 0.36834 0.38239
0.60169 0.40843 0.38526
0.67082 0.38051 0.19042
0.56540 0.39149 0.50457
0.34321 0.34482 0.52496
0.61512 0.50876 0.38772
0.62587 0.44086 0.33457
0.56626 0.39243 0.28686
0.65796 0.68369 0.34414
0.43930 0.46326 0.48671
0.69774 0.46442 0.21971
0.63171 0.40489 0.18214
0.59120 0.41899 0.34826
0.62019 0.49943 0.25080
0.57677 0.45848 0.48225
0.47660 0.35255 0.65977
0.64650 0.47104 0.23996
0.60524 0.45105 0.23356
0.53930 0.48335 0.31904
0.59480 0.44602 0.30802
0.70527 0.35948 0.36112
0.43819 0.35654 0.55891
0.64688 0.39962 0.24996
0.58893 0.40136 0.33239
0.55289 0.50264 0.23768
0.64156 0.27744 0.33833
0.47444 0.48333 0.33583
0.40022 0.46048 0.34019
0.60026 0.30889 0.32495
0.40620 0.39856 0.47094
0.58006 0.39110 0.26885
0.66876 0.57604 0.26762
0.64575 0.36718 0.23641
0.65924 0.41281 0.28605
0.77127 0.58966 0.33263
0.81425 0.72780 0.22927
0.58951 0.43955 0.36892
0.64076 0.59611 0.39718
0.64625 0.57372 0.44079
0.57063 0.43007 0.48125
0.45729 0.34949 0.47578
0.76941 0.45222 0.19431
0.43437 0.37073 0.26074
0.37977 0.39710 0.61413
0.66503 0.52151 0.42246
0.71083 0.56691 0.23796
0.72605 0.56154 0.34737
0.58304 0.41468 0.42055
0.58214 0.59042 0.47686
0.66081 0.44840 0.33436
0.52631 0.30143 0.37397
0.66895 0.44666 0.29807
0.70411 0.46155 0.36747
0.58292 0.37790 0.21651
0.62278 0.38244 0.33651
0.69796 0.48278 0.26171
0.60617 0.47794 0.34836
0.56429 0.50879 0.30615
0.51205 0.40151 0.37047
0.61556 0.51330 0.33626
0.72175 0.62347 0.43985
0.59372 0.44405 0.30392
0.55005 0.42015 0.34755
0.53845 0.46148 0.31740
0.43717 0.32501 0.54031
0.67068 0.41449 0.27961
0.73923 0.49974 0.39591
0.60465 0.55779 0.32440
0.56553 0.34362 0.33318
0.58184 0.39406 0.35725
0.45090 0.45695 0.34217
0.63219 0.39048 0.33565
0.75711 0.29261 0.30574
0.72511 0.38305 0.38827
0.61319 0.45927 0.35323
0.51010 0.39613 0.53737
0.78599 0.47099 0.37115
0.50821 0.42130 0.30305
0.68460 0.44400 0.30667
0.56790 0.39537 0.38042
0.67781 0.46950 0.36788
0.43362 0.47123 0.52845
0.68396 0.56181 0.50157
0.78061 0.66496 0.32321
0.63694 0.38737 0.53458
0.63225 0.54313 0.37178
0.58144 0.35384 0.53726
0.62111 0.41204 0.52378
0.54769 0.52029 0.41698
0.71574 0.37462 0.30555
0.73330 0.61664 0.24456
0.63155 0.52113 0.31652
0.67007 0.55335 0.40717
0.63876 0.47006 0.39218
0.82828 0.62112 0.42697
0.47205 0.47824 0.56893
0.75687 0.35239 0.43854
0.54857 0.58412 0.37824
0.62782 0.37210 0.28511
0.55220 0.41261 0.49242
0.68943 0.62349 0.32242
0.29277 0.38425 0.59161
0.51553 0.34077 0.54397
0.59234 0.38209 0.39294
0.74094 0.46958 0.33855
0.68948 0.26204 0.30916
0.59605 0.42366 0.34555
0.56064 0.48864 0.42250
0.62533 0.52514 0.27949
0.54416 0.36704 0.43277
0.52895 0.53376 0.28885
0.63293 0.55299 0.28015
0.74697 0.41657 0.37485
0.64190 0.39553 0.45885
0.66339 0.43366 0.46510
0.61809 0.42473 0.39541
0.62485 0.42390 0.21024
0.67330 0.53338 0.40576
0.60696 0.57404 0.39340
0.58484 0.34416 0.49575
0.63079 0.39490 0.36354
0.59981 0.31281 0.57497
0.67953 0.55440 0.20503
0.56087 0.45161 0.28638
0.72212 0.52511 0.42149
0.63332 0.54591 0.32890
0.73340 0.57492 0.28754
0.72144 0.63054 0.23956
0.61293 0.54251 0.28388
0.63643 0.47943 0.35450
0.62303 0.52168 0.38214
0.70468 0.64410 0.23164
0.72001 0.63258 0.40475
0.45671 0.46999 0.26641
0.55172 0.58344 0.28499
0.47373 0.36371 0.54908
0.54519 0.57827 0.48365
0.47981 0.42161 0.44320
0.71946 0.49225 0.31183
0.64036 0.36624 0.40964
0.40557 0.34092 0.45575
0.69659 0.56314 0.27767
0.57565 0.51903 0.12499
0.47473 0.43234 0.57042
0.55830 0.36084 0.47538
0.57951 0.44032 0.40422
0.57555 0.41845 0.27752
0.48581 0.46556 0.38493
0.67072 0.37491 0.43131
0.64682 0.60772 0.35887
0.59721 0.43395 0.52025
0.69412 0.50374 0.42033
0.72137 0.55660 0.32262
0.77090 0.60797 0.25587
0.48461 0.51319 0.36924
0.73656 0.54955 0.19908
0.66529 0.28632 0.43106
0.69603 0.37400 0.44737
0.72704 0.64849 0.29217
0.69943 0.36698 0.27310
0.49374 0.40973 0.25776
0.51707 0.39185 0.47303
0.27559 0.33841 0.58197
0.43440 0.40926 0.53481
0.62743 0.40309 0.31799
0.52309 0.44487 0.39077
0.56754 0.45148 0.40165
0.55458 0.50005 0.21385
0.55587 0.44882 0.23419
0.69487 0.57557 0.33489
0.62243 0.43914 0.47577
0.65974 0.37755 0.46610
0.60935 0.53317 0.39863
0.69265 0.42116 0.41395
0.55694 0.48004 0.32425
0.77302 0.50380 0.35141
0.44849 0.50908 0.39881
0.62823 0.43252 0.49808
0.51047 0.51045 0.37721
0.65800 0.48106 0.22640
0.56412 0.43045 0.26723
0.71136 0.56658 0.46314
0.70261 0.67042 0.30994
0.71537 0.36340 0.41361
0.74313 0.45741 0.29218
0.48713 0.39394 0.52748
0.35800 0.40278 0.57174
0.52290 0.47246 0.42515
0.51778 0.40623 0.46374
0.45529 0.38815 0.37543
0.50177 0.39683 0.27737
0.47778 0.41572 0.41319
0.73813 0.39715 0.32666
0.65945 0.27915 0.33650
0.73526 0.44383 0.46396
0.67384 0.27645 0.46091
0.64936 0.62572 0.25570
0.71865 0.47498 0.27914
0.53730 0.39265 0.48678
0.67114 0.41844 0.26662
0.33790 0.33517 0.45708
0.78533 0.68607 0.21276
0.54829 0.33154 0.60413
0.63367 0.49966 0.45404
0.56591 0.40671 0.32363
0.57249 0.57863 0.33186
0.71680 0.58199 0.48295
0.51058 0.48131 0.40790
0.77680 0.31679 0.25791
0.54602 0.40974 0.34108
0.66887 0.63075 0.25085
0.44656 0.41778 0.50010
0.61568 0.32646 0.57535
0.67604 0.37309 0.33353
0.62818 0.35859 0.27812
0.58255 0.39387 0.55771
0.65272 0.43233 0.52093
0.49201 0.45416 0.27583
0.43152 0.43234 0.37229
0.57275 0.46260 0.38685
0.66838 0.45089 0.44338
0.59393 0.50181 0.38820
0.61894 0.40153 0.46578
0.58918 0.36687 0.21349
0.79463 0.59567 0.46498
0.35588 0.34802 0.61962
0.76652 0.49926 0.38516
0.49475 0.32211 0.40516
0.70028 0.40636 0.21768
0.53444 0.45068 0.22271
0.64075 0.55509 0.17937
0.37249 0.38478 0.50957
0.54425 0.56048 0.60163
0.52406 0.49551 0.42661
0.66369 0.48951 0.29503
0.42346 0.41491 0.45450
0.54756 0.49891 0.46733
0.36082 0.39339 0.30322
0.78278 0.42577 0.32763
0.56663 0.44028 0.41705
0.58318 0.47387 0.32637
0.68834 0.36788 0.40499
0.67151 0.50793 0.40407
0.69219 0.52841 0.20572
0.25580 0.41776 0.29274
0.72114 0.37184 0.32664
0.33775 0.38617 0.55972
0.73230 0.30139 0.56227
0.46568 0.35710 0.31760
0.60762 0.54434 0.32400
0.68885 0.52886 0.37557
0.77189 0.51584 0.33672
0.63344 0.49961 0.38218
0.68805 0.32909 0.50140
0.44685 0.43181 0.61178
0.50940 0.39437 0.56902
0.55970 0.28949 0.57732
0.77611 0.49602 0.26984
0.62456 0.41525 0.41943
0.59745 0.34604 0.50049
0.63941 0.32687 0.58605
0.59294 0.56124 0.54232
0.41360 0.42776 0.54053
0.68082 0.56936 0.41827
0.58673 0.47159 0.23055
0.54675 0.39182 0.38485
0.50973 0.37001 0.40150
0.61121 0.34862 0.41828
0.67247 0.45242 0.32680
0.74922 0.50157 0.36858
0.54022 0.43167 0.38369
0.53943 0.41003 0.21739
0.54864 0.50094 0.23370
0.68939 0.38083 0.48452
0.76975 0.35142 0.27445
0.46631 0.52214 0.31997
0.72428 0.55885 0.21453
0.75894 0.63723 0.43313
0.57832 0.56747 0.45880
0.67947 0.53401 0.18435
0.67593 0.48638 0.33087
0.44369 0.29158 0.45704
0.60198 0.50292 0.30910
0.78421 0.48685 0.49691
0.83603 0.72775 0.40385
0.30327 0.35569 0.67819
0.38514 0.40452 0.68049
0.73120 0.33061 0.25760
0.29542 0.34843 0.59078
0.70342 0.55823 0.39951
0.73796 0.48020 0.40961
0.53940 0.47456 0.20021
0.48444 0.38687 0.60563
0.67170 0.50512 0.23600
0.61933 0.43300 0.42297
0.61355 0.29354 0.42705
0.52340 0.40800 0.46347
0.53802 0.44909 0.28959
0.73045 0.50075 0.36378
0.62898 0.42560 0.28931
0.51110 0.39773 0.39955
0.63740 0.42620 0.37244
0.80163 0.67683 0.28635
0.61404 0.36899 0.44219
0.50405 0.52685 0.38042
0.52837 0.43616 0.36231
0.54446 0.41370 0.55102
0.61115 0.50893 0.30775
0.49818 0.50087 0.49312
0.56881 0.44167 0.27568
0.48378 0.46679 0.19069
0.64134 0.36970 0.30653
0.47397 0.47185 0.51316
0.55684 0.56679 0.37941
0.69033 0.54253 0.29685
0.65063 0.52757 0.29248
0.67844 0.63255 0.37148
0.60456 0.41274 0.35690
0.50462 0.39456 0.51411
0.47120 0.38517 0.32640
0.75877 0.51816 0.44272
0.66393 0.49264 0.31576
0.63116 0.56118 0.38865
0.73143 0.50083 0.30277
0.79468 0.69162 0.16382
0.66695 0.51557 0.32081
0.57680 0.31878 0.46053
0.45522 0.46435 0.39194
0.64635 0.36123 0.51825
0.48752 0.42205 0.61550
0.40584 0.39617 0.51572
0.76285 0.36276 0.24798
0.44112 0.51779 0.38931
