20 7 1000 18367 66
0.69107 0.00713 0.75858
0.20567 0.42949 0.45332
0.72907 0.33545 0.09287
0.88238 0.97894 0.79500
0.88830 0.31909 0.53815
0.47084 0.23212 0.37934
0.87965 0.45674 0.18443
0.60830 0.36482 0.40143
0.65301 0.32661 0.33584
0.82436 0.40806 0.34050
0.68344 0.46483 0.48063
0.68179 0.45326 0.47846
0.71231 0.36032 0.49474
0.64633 0.49505 0.41293
0.74585 0.42820 0.42800
0.57403 0.45504 0.49842
0.75942 0.33703 0.49560
0.54608 0.30946 0.44223
0.58241 0.39912 0.52743
0.72421 0.27689 0.52553
0.69159 0.35314 0.51875
0.66654 0.20512 0.48421
0.75654 0.35586 0.64928
0.68520 0.44921 0.38353
0.71155 0.36070 0.46080
0.55406 0.27182 0.40276
0.70708 0.22510 0.48236
0.74830 0.43627 0.65209
0.72198 0.32508 0.57405
0.59732 0.35888 0.36258
0.77788 0.33591 0.52875
0.72421 0.33944 0.24797
0.52572 0.32677 0.35086
0.68496 0.40888 0.42112
0.69278 0.31140 0.21951
0.79014 0.41171 0.57286
0.65207 0.29379 0.37333
0.63226 0.34903 0.39201
0.73842 0.55899 0.55814
0.71034 0.23943 0.44150
0.51752 0.29263 0.44592
0.79884 0.35893 0.45828
0.79285 0.42333 0.54986
0.68857 0.30653 0.45897
0.58317 0.45190 0.52826
0.81207 0.60239 0.55218
0.51831 0.36872 0.43428
0.70605 0.23303 0.60811
0.63274 0.55484 0.52292
0.79203 0.44397 0.39169
0.65565 0.33657 0.47257
0.70205 0.39160 0.45552
0.68854 0.39342 0.52339
0.71183 0.46665 0.53345
0.70418 0.37080 0.39109
0.71342 0.58571 0.53165
0.68424 0.26295 0.43334
0.72629 0.38693 0.51721
0.77907 0.34949 0.35368
0.65332 0.29608 0.33348
0.80046 0.43187 0.63443
0.68164 0.32693 0.53737
0.72635 0.44348 0.54394
0.66030 0.33681 0.43811
0.72967 0.38242 0.36167
0.68882 0.51700 0.45636
0.61391 0.31722 0.36963
0.80232 0.64155 0.50802
0.69789 0.34373 0.56087
0.75080 0.27790 0.50794
0.69231 0.49214 0.49151
0.73167 0.65947 0.53448
0.63361 0.30823 0.40081
0.83213 0.74514 0.67334
0.70275 0.23873 0.45173
0.67703 0.36713 0.57015
0.73590 0.52711 0.54593
0.64376 0.28174 0.65715
0.52471 0.49457 0.54413
0.67142 0.21740 0.54329
0.55512 0.30443 0.40124
0.61549 0.45844 0.49874
0.54620 0.37665 0.45713
0.62820 0.28781 0.51748
0.62038 0.43818 0.37684
0.69360 0.37499 0.39185
0.75873 0.27877 0.42450
0.77456 0.45644 0.34543
0.73177 0.39617 0.35109
0.74097 0.38919 0.31540
0.69574 0.24503 0.42205
0.73726 0.45599 0.56046
0.71174 0.34143 0.50232
0.72314 0.36235 0.45453
0.69436 0.26639 0.49600
0.76851 0.33185 0.40638
0.62218 0.25006 0.62770
0.53825 0.48288 0.40764
0.74935 0.53621 0.58068
0.70410 0.35455 0.54701
0.60282 0.42348 0.45618
0.61625 0.31701 0.37882
0.67765 0.41336 0.52666
0.65518 0.37350 0.43548
0.47375 0.39332 0.44512
0.78157 0.48667 0.62098
0.72381 0.49376 0.49868
0.71147 0.40453 0.45282
0.58439 0.39130 0.46614
0.76281 0.29864 0.46305
0.69494 0.27706 0.46899
0.58216 0.37484 0.49311
0.63396 0.29641 0.44614
0.67036 0.25879 0.37559
0.47661 0.42478 0.56353
0.69355 0.41344 0.50492
0.67115 0.28263 0.54909
0.64859 0.60295 0.61246
0.77791 0.45750 0.30370
0.55394 0.42094 0.33492
0.76614 0.52660 0.57277
0.70202 0.29224 0.38166
0.57965 0.40430 0.35757
0.69162 0.53356 0.39455
0.74714 0.44421 0.42481
0.74799 0.34727 0.40811
0.52549 0.41699 0.45227
0.72568 0.50756 0.58945
0.53351 0.27376 0.48782
0.74278 0.43927 0.37241
0.73681 0.33312 0.44599
0.67567 0.53796 0.50099
0.77398 0.41764 0.47757
0.76176 0.49363 0.46889
0.72475 0.62970 0.56407
0.62169 0.39115 0.48778
0.50838 0.34557 0.40608
0.60260 0.26488 0.55091
0.64277 0.37764 0.52694
0.80446 0.45942 0.35974
0.55611 0.40449 0.51589
0.63173 0.39314 0.37631
0.82522 0.69180 0.66423
0.76403 0.33973 0.29351
0.59669 0.31690 0.47440
0.61985 0.45637 0.47894
0.73202 0.34799 0.34208
0.58793 0.35527 0.49651
0.71161 0.57029 0.53756
0.68722 0.25426 0.52946
0.65881 0.20938 0.59707
0.66268 0.55454 0.57123
0.72926 0.36405 0.55433
0.75608 0.41130 0.30633
0.67231 0.25326 0.56314
0.59906 0.41754 0.39701
0.82544 0.62468 0.56695
0.71517 0.32243 0.33483
0.78561 0.40501 0.20706
0.60615 0.42650 0.43150
0.57048 0.34684 0.45830
0.63631 0.45715 0.49086
0.69823 0.44344 0.40548
0.59158 0.36069 0.47522
0.81869 0.33529 0.42917
0.72785 0.57814 0.50831
0.66193 0.18709 0.64528
0.60392 0.28022 0.41401
0.65806 0.53119 0.53705
0.66117 0.49376 0.51694
0.58664 0.39770 0.49491
0.66636 0.40557 0.56443
0.66462 0.28816 0.50940
0.63306 0.46251 0.43500
0.74392 0.43639 0.60790
0.72999 0.48946 0.49112
0.67856 0.35580 0.45249
0.80365 0.45658 0.35614
0.69945 0.31155 0.53305
0.78113 0.30442 0.41225
0.67867 0.30550 0.44804
0.52697 0.43561 0.44890
0.78944 0.47533 0.54875
0.58325 0.31496 0.50058
0.74799 0.42037 0.36376
0.70401 0.35310 0.37808
0.51452 0.43538 0.44236
0.72538 0.47441 0.47405
0.78281 0.55203 0.54978
0.66871 0.16474 0.63013
0.59563 0.43192 0.55449
0.67041 0.52486 0.47544
0.57860 0.23665 0.55320
0.71921 0.31617 0.49018
0.79317 0.44402 0.46373
0.75252 0.44569 0.50117
0.64111 0.33091 0.38365
0.84820 0.35795 0.50521
0.69417 0.36130 0.52837
0.63754 0.51318 0.42517
0.77949 0.36617 0.42111
0.74460 0.53477 0.42372
0.70873 0.42007 0.40094
0.58447 0.35166 0.40703
0.79474 0.55704 0.45264
0.71961 0.39233 0.27411
0.65519 0.19071 0.46528
0.80984 0.66087 0.48590
0.47294 0.40474 0.40135
0.57117 0.30841 0.36978
0.69530 0.27169 0.50763
0.76108 0.32582 0.46413
0.38841 0.38957 0.41007
0.74107 0.46308 0.51736
0.55476 0.43694 0.45146
0.71605 0.42135 0.38490
0.80494 0.58139 0.55417
0.65009 0.40228 0.49365
0.71376 0.41152 0.36731
0.46223 0.35239 0.41738
0.60589 0.30373 0.47224
0.77697 0.52215 0.58018
0.71760 0.31672 0.30790
0.72580 0.42309 0.45001
0.63274 0.34953 0.56306
0.52067 0.46818 0.37331
0.78821 0.45094 0.53270
0.54788 0.30025 0.38315
0.76620 0.26379 0.46337
0.67499 0.26765 0.44820
0.65072 0.20399 0.53282
0.61492 0.53983 0.49461
0.59398 0.31756 0.36383
0.52365 0.36017 0.44280
0.65534 0.39709 0.54418
0.51246 0.38345 0.50104
0.65812 0.39679 0.43963
0.76638 0.49838 0.40325
0.61395 0.57915 0.51658
0.56469 0.32240 0.38726
0.68859 0.46164 0.42334
0.76886 0.37181 0.39863
0.64096 0.34782 0.47807
0.66973 0.13636 0.61557
0.57939 0.28576 0.44034
0.70470 0.38851 0.38136
0.71145 0.36436 0.57866
0.60206 0.49950 0.45069
0.59752 0.33475 0.47083
0.77653 0.38651 0.41000
0.73395 0.34183 0.46865
0.67684 0.37902 0.33557
0.76577 0.75322 0.64822
0.51684 0.32722 0.55169
0.73142 0.59295 0.59678
0.64848 0.47181 0.35419
0.60856 0.24413 0.54586
0.73931 0.44593 0.36552
0.67463 0.40401 0.32675
0.71147 0.47505 0.29698
0.64281 0.49933 0.44735
0.56235 0.42558 0.47381
0.75057 0.41708 0.36564
0.83639 0.51224 0.39274
0.78187 0.78412 0.69694
0.79809 0.54855 0.43418
0.60423 0.42397 0.46144
0.76186 0.54337 0.49650
0.52715 0.28696 0.47139
0.63604 0.37316 0.42727
0.59352 0.32640 0.38264
0.55044 0.38342 0.48880
0.77343 0.45362 0.49813
0.67370 0.40475 0.41011
0.78082 0.41637 0.46135
0.62644 0.37227 0.46231
0.66674 0.50171 0.55083
0.59997 0.33423 0.53348
0.65549 0.32602 0.43314
0.66726 0.41147 0.41090
0.78091 0.35190 0.41839
0.76509 0.52183 0.38532
0.68942 0.35234 0.39243
0.71769 0.40527 0.42126
0.71418 0.46352 0.50787
0.59235 0.27881 0.49630
0.73763 0.35948 0.37913
0.62417 0.39479 0.48812
0.67896 0.27556 0.46857
0.73171 0.45333 0.38770
0.66560 0.28967 0.43724
0.63953 0.41274 0.45928
0.56131 0.40921 0.46757
0.77202 0.79867 0.67220
0.64594 0.34408 0.45322
0.57174 0.29970 0.46455
0.50189 0.52244 0.47685
0.68286 0.19168 0.49160
0.68866 0.32732 0.42197
0.74281 0.36945 0.46923
0.72695 0.65586 0.64562
0.69385 0.41080 0.26772
0.74156 0.55764 0.42522
0.72949 0.38857 0.39149
0.64407 0.40797 0.36357
0.65967 0.38505 0.22515
0.56050 0.36342 0.42638
0.68357 0.37452 0.58757
0.62826 0.48019 0.51497
0.74647 0.66707 0.53401
0.72224 0.54842 0.60165
0.66396 0.49046 0.38945
0.71051 0.22516 0.57646
0.65600 0.53815 0.52872
0.55533 0.41588 0.53674
0.65094 0.27728 0.50369
0.67899 0.28957 0.42147
0.67251 0.30700 0.38220
0.70220 0.39480 0.27207
0.75702 0.63304 0.60978
0.64797 0.22367 0.48470
0.74784 0.32876 0.29187
0.62858 0.48321 0.40295
0.71569 0.40283 0.58668
0.79425 0.71211 0.58586
0.62386 0.38379 0.38820
0.73685 0.36020 0.36830
0.66990 0.55592 0.50738
0.75247 0.47190 0.46725
0.77192 0.31075 0.48069
0.69242 0.45504 0.55292
0.63135 0.40311 0.42824
0.73412 0.49511 0.41473
0.68804 0.52384 0.51365
0.73685 0.55060 0.54628
0.71503 0.29214 0.42111
0.53705 0.26352 0.37702
0.51521 0.59568 0.52063
0.65497 0.28136 0.43582
0.78732 0.44936 0.33402
0.67253 0.18691 0.50149
0.65812 0.32454 0.44838
0.65610 0.24147 0.45476
0.51392 0.35440 0.52591
0.73551 0.51059 0.38979
0.66015 0.34253 0.51042
0.79764 0.54515 0.59776
0.77812 0.30593 0.54048
0.59991 0.32548 0.50336
0.65808 0.28367 0.29742
0.68291 0.40972 0.43547
0.74909 0.31400 0.56023
0.63591 0.34228 0.42413
0.83944 0.60966 0.60705
0.68448 0.51887 0.53241
0.65720 0.30567 0.48231
0.63708 0.26478 0.42426
0.63014 0.34727 0.37346
0.73042 0.64489 0.56191
0.56337 0.40707 0.44717
0.47429 0.48901 0.46043
0.70553 0.48939 0.39542
0.76533 0.65133 0.61455
0.69493 0.35167 0.42589
0.65257 0.36744 0.44445
0.70607 0.50254 0.49415
0.63726 0.42894 0.53389
0.73902 0.50145 0.59659
0.80548 0.65404 0.60625
0.73589 0.34110 0.39164
0.80057 0.40420 0.37788
0.68757 0.48121 0.51135
0.61791 0.49960 0.43314
0.68368 0.55515 0.44896
0.60826 0.41471 0.37301
0.66742 0.28170 0.45001
0.61762 0.28928 0.45616
0.70016 0.23530 0.56016
0.67658 0.32375 0.38557
0.69162 0.31909 0.56923
0.75298 0.19891 0.56911
0.63286 0.21303 0.53670
0.79855 0.36349 0.36039
0.55274 0.28093 0.48951
0.69137 0.36241 0.38843
0.61376 0.33500 0.47073
0.67889 0.51956 0.48434
0.71664 0.35370 0.55572
0.71606 0.22071 0.48970
0.73423 0.54078 0.52438
0.64873 0.25656 0.52217
0.68340 0.43632 0.31647
0.68373 0.32995 0.47113
0.61497 0.31015 0.44579
0.76689 0.57626 0.50487
0.73758 0.35176 0.64839
0.78561 0.56377 0.45633
0.53311 0.44085 0.57184
0.65921 0.42105 0.35214
0.68743 0.46944 0.53183
0.70334 0.28922 0.50946
0.75382 0.49705 0.55448
0.69006 0.38855 0.53149
0.63487 0.22313 0.55227
0.72107 0.27435 0.55319
0.61709 0.27132 0.47893
0.63426 0.43399 0.37117
0.69045 0.31201 0.54142
0.73610 0.63499 0.59644
0.70431 0.34237 0.33560
0.67580 0.30857 0.39036
0.72012 0.43028 0.46183
0.75527 0.38383 0.64393
0.58547 0.39457 0.42581
0.68876 0.49736 0.41418
0.69542 0.45618 0.44945
0.57962 0.44495 0.45176
0.70659 0.43572 0.56786
0.71695 0.30081 0.43048
0.66774 0.32384 0.25981
0.71325 0.40612 0.47898
0.67459 0.39950 0.50772
0.74583 0.34354 0.39300
0.73597 0.28612 0.61120
0.70010 0.35347 0.40492
0.73584 0.35109 0.30295
0.64007 0.41677 0.49910
0.82638 0.80994 0.66574
0.69629 0.37874 0.43757
0.68901 0.49217 0.51864
0.73946 0.42552 0.36531
0.65257 0.36700 0.35052
0.66939 0.43671 0.44205
0.76394 0.29652 0.37059
0.69918 0.32859 0.48205
0.70648 0.44063 0.39945
0.49322 0.39597 0.39366
0.69645 0.29334 0.51164
0.58257 0.35318 0.52078
0.75514 0.49329 0.54073
0.65183 0.21398 0.57713
0.72746 0.59124 0.50606
0.65353 0.45877 0.57026
0.73752 0.42556 0.55364
0.77054 0.23041 0.54822
0.63892 0.34056 0.39016
0.67230 0.35796 0.32986
0.74687 0.51664 0.51327
0.74325 0.42735 0.38390
0.73895 0.35980 0.54424
0.75020 0.56603 0.60980
0.72866 0.55925 0.54586
0.75971 0.48094 0.54142
0.74961 0.52873 0.48912
0.59676 0.20267 0.53013
0.59337 0.45219 0.41834
0.56467 0.24571 0.52607
0.78447 0.41686 0.25889
0.65344 0.25086 0.40860
0.56381 0.39135 0.54458
0.51583 0.41176 0.41960
0.74734 0.48387 0.55974
0.64103 0.34028 0.35019
0.71921 0.37560 0.28754
0.65025 0.57049 0.47261
0.68570 0.25301 0.53970
0.57848 0.21398 0.47667
0.71175 0.25719 0.50340
0.63830 0.48620 0.44887
0.78796 0.34889 0.33801
0.57735 0.32766 0.36042
0.72464 0.31421 0.60469
0.69482 0.32970 0.59884
0.58335 0.43783 0.52627
0.70404 0.37609 0.29378
0.78048 0.38812 0.38264
0.68415 0.36437 0.41783
0.54460 0.33624 0.40537
0.66755 0.36795 0.37904
0.71810 0.44979 0.37553
0.74539 0.31062 0.45937
0.72146 0.45445 0.39296
0.59078 0.37287 0.42558
0.45569 0.38745 0.41017
0.73876 0.31893 0.45650
0.47087 0.32465 0.42380
0.78673 0.36399 0.43370
0.58494 0.32218 0.38071
0.69107 0.49299 0.51707
0.71109 0.61354 0.51009
0.77892 0.54864 0.59191
0.53912 0.43202 0.46526
0.52317 0.30297 0.48175
0.60679 0.39062 0.29026
0.73009 0.38574 0.59191
0.80157 0.50844 0.51627
0.61276 0.36053 0.42708
0.65974 0.27192 0.41989
0.70088 0.35568 0.52051
0.72788 0.33639 0.48356
0.66201 0.31159 0.41199
0.67592 0.51296 0.37114
0.75071 0.42837 0.41282
0.75186 0.43671 0.58875
0.55698 0.26845 0.44427
0.68046 0.36044 0.37457
0.45202 0.35674 0.47370
0.69337 0.34066 0.24414
0.70233 0.53283 0.56491
0.59834 0.25925 0.54892
0.56136 0.30633 0.48867
0.70923 0.43326 0.53237
0.65751 0.35941 0.29838
0.71350 0.33781 0.36994
0.68428 0.46296 0.49726
0.80843 0.43017 0.46325
0.77721 0.40617 0.52569
0.63689 0.32003 0.42259
0.68223 0.20069 0.47248
0.66670 0.34792 0.37370
0.74429 0.33736 0.44405
0.56661 0.20374 0.57378
0.79851 0.55349 0.56381
0.50032 0.49762 0.44785
0.75602 0.33744 0.44557
0.75300 0.35340 0.44618
0.79529 0.51377 0.45500
0.68444 0.35338 0.32504
0.74006 0.40778 0.34900
0.64832 0.28039 0.46354
0.72500 0.27706 0.48617
0.82024 0.31464 0.49271
0.60522 0.29842 0.47706
0.74384 0.36191 0.39401
0.70527 0.24910 0.54677
0.83697 0.45278 0.28955
0.76566 0.51270 0.46805
0.75311 0.46443 0.43360
0.73486 0.45818 0.61088
0.83260 0.49691 0.40802
0.72159 0.32250 0.19240
0.79135 0.44748 0.33712
0.71890 0.25986 0.68799
0.72343 0.48028 0.51504
0.61689 0.39653 0.43250
0.69092 0.48595 0.37621
0.81203 0.59942 0.60245
0.73993 0.36306 0.55189
0.70621 0.28904 0.54831
0.62572 0.25681 0.56744
0.74847 0.44447 0.42526
0.64671 0.41828 0.39177
0.69875 0.43326 0.51311
0.70798 0.52474 0.53869
0.72972 0.14553 0.65774
0.57831 0.34696 0.40918
0.69833 0.64463 0.56395
0.69711 0.41787 0.38878
0.58182 0.35497 0.32623
0.74834 0.62352 0.55825
0.63014 0.43697 0.33845
0.72529 0.33978 0.36082
0.51563 0.42194 0.54451
0.75701 0.31720 0.53204
0.81140 0.40122 0.41217
0.63174 0.28708 0.47918
0.58570 0.30955 0.45921
0.61714 0.39734 0.46623
0.54482 0.22035 0.50941
0.64722 0.26852 0.47472
0.59300 0.30877 0.45982
0.79176 0.41818 0.40179
0.75862 0.32008 0.36759
0.73004 0.21920 0.49512
0.63580 0.29643 0.43851
0.67678 0.42955 0.51913
0.63080 0.48748 0.46234
0.60259 0.33102 0.50512
0.57359 0.40299 0.39135
0.64911 0.33956 0.33843
0.78273 0.30442 0.50477
0.79722 0.44494 0.64737
0.74385 0.30672 0.45801
0.66247 0.33978 0.31076
0.79820 0.46405 0.46430
0.71023 0.58520 0.45899
0.80062 0.35866 0.40059
0.72938 0.46377 0.43591
0.63529 0.48845 0.48843
0.75816 0.34102 0.45189
0.66521 0.24065 0.53330
0.79480 0.66213 0.57571
0.54076 0.41558 0.48699
0.52776 0.38704 0.45117
0.55594 0.31540 0.40007
0.63314 0.58662 0.51678
0.56144 0.55832 0.56888
0.73767 0.45839 0.30763
0.71380 0.58657 0.57229
0.62840 0.15098 0.55280
0.71337 0.29528 0.43097
0.65148 0.42422 0.47161
0.75030 0.33967 0.28967
0.79649 0.45000 0.42314
0.74066 0.61836 0.59623
0.62832 0.24770 0.46530
0.56503 0.34588 0.36973
0.80053 0.38581 0.48218
0.73943 0.40062 0.29070
0.68753 0.35419 0.42065
0.68338 0.36854 0.26855
0.71693 0.48335 0.44790
0.65985 0.25984 0.42060
0.69733 0.35355 0.31649
0.60033 0.30292 0.47506
0.83405 0.39352 0.30871
0.67159 0.23968 0.48597
0.43049 0.43212 0.51197
0.80750 0.62612 0.57697
0.77155 0.34751 0.50225
0.73262 0.49166 0.40713
0.75136 0.51558 0.39758
0.49342 0.27216 0.48766
0.65762 0.50710 0.57077
0.60256 0.40907 0.50389
0.70935 0.39751 0.36019
0.69645 0.30953 0.49608
0.67752 0.44960 0.48161
0.78015 0.45559 0.50152
0.77849 0.32133 0.41497
0.78307 0.47837 0.38659
0.77058 0.38062 0.37222
0.78347 0.40462 0.39857
0.43115 0.39014 0.42725
0.64918 0.43207 0.43395
0.71386 0.48238 0.58902
0.73599 0.33133 0.37828
0.72135 0.46869 0.58583
0.73108 0.51190 0.56635
0.66621 0.41732 0.54943
0.63217 0.28038 0.36736
0.62105 0.25524 0.39224
0.55448 0.40488 0.46461
0.66519 0.35115 0.26475
0.62847 0.37533 0.31995
0.78217 0.48158 0.55321
0.79381 0.28811 0.47790
0.66398 0.37579 0.26147
0.69960 0.42841 0.41745
0.64762 0.22120 0.58654
0.71530 0.28880 0.40582
0.76450 0.37411 0.41401
0.61124 0.32435 0.53564
0.65651 0.30388 0.47973
0.68809 0.34547 0.44881
0.55046 0.26483 0.40566
0.43314 0.39037 0.38014
0.78179 0.43145 0.30873
0.70952 0.68885 0.61900
0.72151 0.47889 0.52358
0.65984 0.36408 0.52451
0.70941 0.37926 0.40645
0.77191 0.40095 0.63402
0.73321 0.38473 0.44562
0.75357 0.59893 0.58218
0.72310 0.29510 0.48485
0.45320 0.31349 0.48755
0.67369 0.39015 0.42601
0.69973 0.38463 0.58062
0.41902 0.43032 0.48012
0.77437 0.35037 0.37305
0.73447 0.38089 0.28967
0.66966 0.43195 0.50754
0.79726 0.57922 0.54557
0.70251 0.26746 0.50960
0.68476 0.36845 0.54683
0.59195 0.31793 0.37037
0.77022 0.38819 0.51815
0.59851 0.46230 0.45970
0.63270 0.38344 0.36776
0.56389 0.38059 0.46665
0.53124 0.25389 0.50955
0.80194 0.49076 0.33227
0.66102 0.48419 0.53336
0.79552 0.60684 0.50006
0.77844 0.38876 0.32811
0.72391 0.53572 0.43165
0.65573 0.30253 0.56643
0.73804 0.59605 0.56058
0.65978 0.31373 0.44772
0.55262 0.55350 0.54344
0.77579 0.43068 0.45453
0.73160 0.37263 0.25757
0.66086 0.44171 0.46147
0.62076 0.44704 0.52915
0.66082 0.56255 0.61352
0.46382 0.45865 0.39393
0.78934 0.78646 0.65965
0.70858 0.34319 0.34958
0.79611 0.57109 0.42771
0.81585 0.37587 0.39840
0.58450 0.41165 0.37901
0.61712 0.32045 0.39187
0.64883 0.41692 0.46042
0.71134 0.35658 0.37696
0.80637 0.35441 0.44300
0.79509 0.40063 0.32046
0.74683 0.35305 0.60103
0.55391 0.29107 0.49898
0.69679 0.45884 0.48999
0.71913 0.50220 0.44362
0.72790 0.30411 0.38785
0.58870 0.32262 0.51797
0.74363 0.34566 0.55498
0.52391 0.33782 0.45427
0.83143 0.71513 0.56633
0.48788 0.46127 0.50020
0.60385 0.33522 0.41919
0.69836 0.37140 0.41732
0.76389 0.55977 0.59019
0.70178 0.25444 0.64186
0.69785 0.46008 0.45746
0.57480 0.47338 0.47007
0.69057 0.13852 0.64392
0.59794 0.58975 0.54415
0.74634 0.29455 0.43243
0.74054 0.47596 0.35267
0.72536 0.44044 0.53637
0.75702 0.42059 0.55214
0.77899 0.53640 0.45138
0.79819 0.51656 0.54883
0.77090 0.36862 0.46677
0.71701 0.49140 0.52266
0.80732 0.59861 0.40225
0.58136 0.31518 0.47605
0.52393 0.39123 0.40611
0.72544 0.46856 0.33734
0.79640 0.40473 0.38817
0.71831 0.34842 0.38788
0.74165 0.41280 0.50232
0.66986 0.39353 0.44638
0.67818 0.50856 0.61333
0.67415 0.37779 0.34070
0.74781 0.44162 0.45590
0.65023 0.26560 0.55478
0.36514 0.44787 0.45752
0.58966 0.42374 0.36176
0.67663 0.26984 0.30505
0.80105 0.39061 0.41997
0.69212 0.29151 0.41645
0.71126 0.31669 0.49713
0.75136 0.69540 0.63267
0.68490 0.59617 0.59956
0.69831 0.35277 0.31362
0.73398 0.36541 0.41555
0.76243 0.61766 0.50404
0.57069 0.39151 0.34491
0.67969 0.32160 0.29504
0.82159 0.37408 0.35957
0.65707 0.21126 0.61025
0.84747 0.39158 0.54516
0.74256 0.42487 0.46099
0.71990 0.37246 0.36979
0.71726 0.47200 0.35093
0.53662 0.33017 0.41124
0.81316 0.35740 0.44639
0.81825 0.56264 0.47882
0.62818 0.52528 0.48225
0.66363 0.34994 0.36029
0.71661 0.32692 0.56234
0.69134 0.29705 0.46889
0.68817 0.67060 0.61103
0.57396 0.32368 0.43896
0.71841 0.24319 0.50074
0.71473 0.30062 0.43717
0.59623 0.22413 0.50446
0.56450 0.42234 0.47346
0.53442 0.41043 0.41968
0.78026 0.36795 0.39985
0.63295 0.45329 0.46699
0.73121 0.43059 0.44149
0.49644 0.37575 0.42360
0.50655 0.35832 0.44398
0.74306 0.68527 0.59115
0.67871 0.36938 0.23358
0.69733 0.38481 0.57725
0.72543 0.38539 0.44853
0.58633 0.37115 0.48125
0.64201 0.39236 0.48053
0.70150 0.22293 0.60543
0.58549 0.34024 0.49937
0.63847 0.33515 0.48304
0.75930 0.27667 0.35250
0.68234 0.29951 0.40669
0.73325 0.32185 0.50901
0.67478 0.21151 0.52422
0.70507 0.49101 0.38360
0.65175 0.32166 0.46908
0.85870 0.56439 0.36756
0.58868 0.33472 0.40107
0.64277 0.38225 0.45385
0.75667 0.33593 0.43373
0.77197 0.58338 0.57270
0.60478 0.44320 0.52604
0.65201 0.24558 0.48704
0.61266 0.42097 0.45954
0.82033 0.40273 0.39215
0.72944 0.39440 0.44186
0.60616 0.37134 0.52301
0.63035 0.43088 0.37724
0.64117 0.38437 0.41174
0.68660 0.40037 0.35458
0.66144 0.54221 0.50054
0.62986 0.44645 0.50599
0.69734 0.29544 0.37093
0.74323 0.25188 0.54351
0.75171 0.42878 0.34750
0.77262 0.38452 0.41377
0.61589 0.27642 0.53222
0.58627 0.40266 0.32802
0.60934 0.39661 0.40140
0.57178 0.40407 0.39904
0.65939 0.30314 0.57146
0.84559 0.69029 0.62371
0.70134 0.26748 0.42143
0.71759 0.26071 0.49253
0.59462 0.49578 0.50195
0.80815 0.43513 0.25942
0.60801 0.33751 0.43694
0.58896 0.36579 0.40021
0.71980 0.29765 0.42543
0.76967 0.42659 0.37315
0.57037 0.35123 0.37707
0.63883 0.31315 0.35620
0.75300 0.34468 0.34834
0.50094 0.37053 0.54014
0.66680 0.41664 0.35770
0.77126 0.41489 0.53709
0.69628 0.26083 0.40297
0.60365 0.37224 0.53105
0.84223 0.40891 0.28273
0.70081 0.39568 0.57899
0.71902 0.29549 0.46247
0.53987 0.38596 0.46810
0.50086 0.49346 0.48004
0.60963 0.47154 0.50506
0.64084 0.40143 0.37238
0.74485 0.40853 0.43393
0.67627 0.40442 0.47674
0.59453 0.33453 0.44643
0.62866 0.37196 0.37605
0.62446 0.32507 0.43129
0.69968 0.31991 0.33357
0.65908 0.31985 0.57952
0.64081 0.38038 0.49084
0.72076 0.35646 0.41065
0.77657 0.40788 0.44025
0.64547 0.20537 0.58464
0.68499 0.37051 0.28132
0.68598 0.37976 0.46901
0.47805 0.29000 0.50231
0.59588 0.44919 0.38726
0.78411 0.45813 0.38914
0.67596 0.31057 0.43188
0.73167 0.50967 0.45323
0.79822 0.63881 0.50961
0.63493 0.30722 0.35711
0.77375 0.34716 0.50256
0.72189 0.45064 0.41001
0.77408 0.34914 0.50476
0.69857 0.44694 0.50032
0.70380 0.47495 0.65207
0.45534 0.47006 0.49187
0.66702 0.19768 0.51983
0.65266 0.40688 0.43940
0.62997 0.36075 0.48525
0.64914 0.40542 0.32920
0.76278 0.45111 0.50952
0.60071 0.40620 0.49199
0.66946 0.30169 0.43341
0.67107 0.50440 0.58721
0.75311 0.41794 0.39551
0.58126 0.27221 0.45833
0.69163 0.37555 0.45344
0.76043 0.35308 0.48260
0.58413 0.44674 0.44674
0.70403 0.41434 0.44718
0.69925 0.20249 0.64419
0.70479 0.42464 0.40421
0.72818 0.48134 0.51625
0.49537 0.39494 0.35017
0.65436 0.29964 0.36474
0.58447 0.54798 0.62237
0.76090 0.22445 0.50072
0.67214 0.27238 0.46263
0.71351 0.37724 0.44630
0.72762 0.37692 0.42223
0.83139 0.49746 0.42461
0.71336 0.57521 0.54768
0.68332 0.41389 0.31461
0.85957 0.58311 0.48902
0.69297 0.18805 0.46233
0.59694 0.31402 0.51784
0.63460 0.31899 0.44150
0.77213 0.38531 0.29799
0.62724 0.37410 0.34993
0.64177 0.33436 0.47817
0.71224 0.37153 0.38920
0.71557 0.31269 0.41154
0.59417 0.42153 0.45382
0.66047 0.24227 0.52455
0.68736 0.55077 0.56549
0.65392 0.24759 0.46704
0.62534 0.37188 0.44084
0.69090 0.15133 0.61787
0.71507 0.49053 0.56784
0.75881 0.48973 0.39863
0.61424 0.31138 0.40301
0.76784 0.40626 0.51427
0.73601 0.37603 0.43708
0.47179 0.33344 0.47482
0.71900 0.67832 0.62094
0.66405 0.27135 0.52226
0.64682 0.33708 0.47982
0.73021 0.34670 0.42350
0.82622 0.60367 0.54884
0.69704 0.45831 0.40753
0.69339 0.44819 0.37976
0.58312 0.45869 0.40414
0.75486 0.27050 0.57555
0.46313 0.41827 0.40410
0.63112 0.36487 0.46431
0.63106 0.21493 0.45056
0.76988 0.37371 0.22018
0.72914 0.44843 0.39858
0.69188 0.34310 0.36755
0.79872 0.39084 0.29827
0.76489 0.59797 0.66214
0.77872 0.51158 0.57001
0.51516 0.47149 0.47759
0.54112 0.43770 0.50474
0.69552 0.36000 0.42868
0.63488 0.37537 0.59642
0.79549 0.56692 0.53898
0.58793 0.24907 0.49072
0.70889 0.34014 0.42989
0.81532 0.35489 0.45608
0.63864 0.33955 0.36022
0.60509 0.30801 0.58480
0.75443 0.42857 0.29136
0.78221 0.47498 0.32612
0.55818 0.27483 0.35587
0.69632 0.32318 0.44097
0.65306 0.52525 0.41929
0.76168 0.57672 0.57599
0.74512 0.39469 0.37295
0.58137 0.32839 0.43271
0.54898 0.42692 0.43538
0.73357 0.30422 0.44028
0.68262 0.36409 0.35874
0.76632 0.52175 0.41928
0.76414 0.56737 0.46684
0.76250 0.52858 0.48517
0.71174 0.32179 0.37890
0.78080 0.35167 0.41104
0.73515 0.25397 0.39082
0.62047 0.46273 0.42698
0.74500 0.39714 0.48846
0.60200 0.37398 0.38759
0.68235 0.45159 0.65787
0.69664 0.41634 0.48823
0.56959 0.49730 0.50618
0.69418 0.35879 0.58127
0.70026 0.27643 0.61507
0.60210 0.30527 0.54667
0.59584 0.45188 0.38273
0.80774 0.35316 0.32102
0.76156 0.53851 0.52317
0.73203 0.41008 0.24494
0.63294 0.30927 0.41596
0.63747 0.44489 0.46161
0.64625 0.32883 0.43198
0.69345 0.54682 0.51236
0.73105 0.32476 0.48542
0.59762 0.44798 0.52697
0.67419 0.37792 0.47839
0.56694 0.19346 0.53375
0.62117 0.34918 0.45230
0.76279 0.34969 0.45020
0.77139 0.36434 0.36494
0.61093 0.32561 0.35552
0.64684 0.38627 0.40708
0.76140 0.31324 0.41791
0.53490 0.28700 0.45489
0.69516 0.32485 0.40003
0.76712 0.55250 0.50853
0.64730 0.23556 0.49644
0.67602 0.40631 0.37010
0.79382 0.56662 0.58348
0.64098 0.47656 0.40198
0.72990 0.32703 0.52870
0.79102 0.38977 0.48999
0.74783 0.47956 0.37919
0.57110 0.40847 0.38331
0.67036 0.36912 0.31717
0.73127 0.48493 0.35496
0.70268 0.38412 0.54305
