20 19 1000 39307 2411
0.70882 0.41525 0.33489
0.98506 0.96498 0.19789
0.03681 0.09288 0.98938
0.50618 0.60476 0.03285
0.20371 0.06153 0.31231
0.94927 0.83626 0.16708
0.33343 0.28754 0.23367
0.22297 0.62601 0.09606
0.22093 0.57328 0.17716
0.18456 0.42357 0.94574
0.11158 0.00804 0.27266
0.29570 0.36475 0.10908
0.37007 0.47777 0.93213
0.56834 0.67049 0.54397
0.38534 0.92648 0.05183
0.62699 0.36358 0.95966
0.42086 0.06152 0.83571
0.83864 0.30484 0.63986
0.02251 0.61407 0.59165
0.41326 0.45491 0.36736
0.42842 0.48240 0.40445
0.45086 0.49570 0.46823
0.39687 0.41259 0.50909
0.45751 0.44637 0.42457
0.29311 0.30300 0.56727
0.44956 0.53333 0.46804
0.38648 0.37946 0.52632
0.55185 0.58403 0.40235
0.50316 0.42153 0.45234
0.41358 0.42095 0.46571
0.42167 0.46857 0.45994
0.40913 0.46985 0.48103
0.42289 0.46605 0.38332
0.44630 0.45361 0.38501
0.34514 0.44430 0.66368
0.32938 0.51051 0.40698
0.30977 0.45189 0.34458
0.34094 0.42172 0.44808
0.39691 0.50642 0.37833
0.48773 0.42414 0.43940
0.37937 0.43347 0.43247
0.44585 0.47701 0.39630
0.40195 0.41586 0.36746
0.46931 0.50791 0.45411
0.37331 0.38200 0.44780
0.36690 0.35168 0.58541
0.36631 0.43350 0.45964
0.46505 0.39663 0.56368
0.40455 0.48342 0.47770
0.41965 0.53433 0.42747
0.42973 0.52458 0.29271
0.40690 0.45031 0.43381
0.45289 0.49314 0.34412
0.38832 0.43414 0.47298
0.38739 0.40315 0.43777
0.28673 0.49172 0.48618
0.41651 0.35550 0.66907
0.49479 0.57178 0.42758
0.53468 0.58015 0.32029
0.42228 0.55322 0.40006
0.47989 0.48099 0.41249
0.45819 0.46725 0.42562
0.29282 0.41430 0.55934
0.41367 0.44184 0.53201
0.36552 0.50654 0.43640
0.46753 0.49016 0.38950
0.40935 0.37132 0.42323
0.46439 0.38895 0.42732
0.46630 0.52558 0.46330
0.41428 0.38524 0.35965
0.38737 0.45761 0.50340
0.42678 0.39630 0.47233
0.38524 0.35069 0.63304
0.34385 0.46775 0.48003
0.43188 0.45162 0.50467
0.48556 0.52474 0.31026
0.45557 0.47408 0.39434
0.41320 0.42818 0.40470
0.42173 0.50001 0.45387
0.39393 0.56602 0.40465
0.44273 0.57428 0.46680
0.46252 0.57636 0.34442
0.39870 0.45889 0.43413
0.44643 0.41960 0.50852
0.31981 0.36248 0.57787
0.31840 0.37346 0.34550
0.49014 0.44049 0.36408
0.34604 0.40289 0.46696
0.35528 0.43904 0.40779
0.37134 0.37781 0.53287
0.47556 0.54737 0.30561
0.44748 0.51029 0.39092
0.47838 0.46633 0.48734
0.27578 0.31364 0.54945
0.40236 0.49219 0.33745
0.40571 0.43765 0.51574
0.40082 0.39203 0.46033
0.45064 0.50137 0.47814
0.41629 0.52835 0.36859
0.42577 0.49540 0.39663
0.36037 0.51053 0.37360
0.42375 0.54849 0.26272
0.50187 0.47830 0.50882
0.42817 0.36171 0.57658
0.31329 0.46791 0.41630
0.38947 0.54771 0.39347
0.49388 0.50208 0.40318
0.46087 0.58983 0.43596
0.51213 0.40916 0.45462
0.44090 0.43745 0.45753
0.33383 0.41990 0.40618
0.48582 0.44635 0.42150
0.46951 0.41116 0.52462
0.39144 0.42152 0.56194
0.41136 0.57311 0.41299
0.53026 0.46414 0.42529
0.36666 0.40924 0.53909
0.39121 0.35873 0.52091
0.38160 0.50160 0.30934
0.48287 0.48246 0.49770
0.44896 0.39393 0.43299
0.35651 0.45629 0.45979
0.38659 0.36621 0.54377
0.51201 0.48424 0.43708
0.40565 0.53885 0.30303
0.34035 0.42200 0.44622
0.43021 0.45422 0.42648
0.35442 0.44826 0.35397
0.37062 0.50815 0.40828
0.36223 0.37141 0.48791
0.39686 0.48121 0.36831
0.42927 0.43308 0.35253
0.42160 0.55198 0.45562
0.37765 0.46187 0.37098
0.49790 0.55220 0.34471
0.42272 0.37586 0.61385
0.40470 0.44531 0.49252
0.31699 0.41776 0.58643
0.36817 0.41792 0.51023
0.34911 0.35927 0.60698
0.54231 0.54703 0.55272
0.48921 0.53034 0.37619
0.34338 0.34454 0.46198
0.50849 0.45764 0.43963
0.34420 0.43868 0.48784
0.42244 0.38969 0.54984
0.31347 0.38858 0.52393
0.46375 0.39069 0.45586
0.50354 0.42732 0.40728
0.43032 0.56506 0.40261
0.39409 0.40410 0.47423
0.30997 0.45971 0.42228
0.42973 0.47619 0.46464
0.38493 0.50836 0.33756
0.56538 0.45125 0.39010
0.42656 0.47824 0.45575
0.46313 0.37833 0.53384
0.38877 0.44893 0.38909
0.36086 0.41744 0.49840
0.38147 0.37530 0.47591
0.42534 0.49443 0.33452
0.35286 0.43651 0.48551
0.43367 0.49589 0.39460
0.52966 0.49080 0.34502
0.32064 0.46751 0.49151
0.44106 0.48033 0.43442
0.38179 0.42860 0.39614
0.37828 0.40882 0.47894
0.40091 0.37798 0.46595
0.43995 0.48634 0.37436
0.43225 0.46241 0.42971
0.42834 0.48423 0.43962
0.47385 0.40317 0.46728
0.43619 0.39786 0.56000
0.51020 0.46120 0.41718
0.38993 0.39878 0.38005
0.41870 0.38465 0.49762
0.40391 0.50336 0.37051
0.46665 0.54698 0.44639
0.31692 0.42346 0.48913
0.41646 0.42265 0.37083
0.36399 0.39446 0.37676
0.41093 0.30889 0.45563
0.37699 0.41947 0.34033
0.36792 0.40366 0.50797
0.28585 0.39778 0.48044
0.36240 0.51821 0.36044
0.48503 0.45430 0.52348
0.25106 0.36598 0.46808
0.46508 0.52258 0.40311
0.53667 0.58288 0.33058
0.45046 0.43953 0.41142
0.35931 0.41870 0.49456
0.40994 0.42146 0.58782
0.44277 0.48943 0.38466
0.51707 0.48139 0.40690
0.42912 0.41372 0.50244
0.40837 0.41038 0.35813
0.51706 0.57172 0.47642
0.41672 0.47053 0.47950
0.47755 0.43561 0.42298
0.31404 0.44160 0.51912
0.39046 0.41906 0.51737
0.42814 0.32891 0.65686
0.47387 0.44373 0.39712
0.49083 0.46068 0.36020
0.26905 0.40997 0.66601
0.47181 0.43762 0.37069
0.48073 0.41848 0.50508
0.33413 0.34662 0.51173
0.25426 0.45376 0.38415
0.37438 0.36584 0.56380
0.37333 0.42567 0.49336
0.38827 0.55572 0.37232
0.44051 0.54250 0.41476
0.39710 0.56479 0.45436
0.37860 0.49406 0.46337
0.31878 0.28394 0.39864
0.32974 0.38186 0.29563
0.41609 0.46049 0.53221
0.40719 0.53846 0.38846
0.42898 0.51117 0.43842
0.44095 0.49665 0.42190
0.51852 0.51078 0.44451
0.43060 0.47101 0.40583
0.42508 0.55987 0.44646
0.36977 0.43029 0.32293
0.56201 0.56255 0.37757
0.30552 0.37420 0.39239
0.39887 0.38868 0.36895
0.37052 0.43743 0.36898
0.34186 0.43126 0.59880
0.38151 0.40389 0.51098
0.39159 0.41464 0.27597
0.52990 0.47424 0.40807
0.49717 0.54870 0.37628
0.44630 0.61331 0.35093
0.38877 0.50788 0.36463
0.31908 0.54975 0.39651
0.35204 0.40590 0.36056
0.34097 0.47363 0.32184
0.43123 0.43063 0.38989
0.42882 0.46842 0.46558
0.49888 0.48617 0.45062
0.46530 0.39237 0.51366
0.39906 0.37485 0.46882
0.45113 0.41306 0.59004
0.33445 0.36879 0.67416
0.43656 0.40881 0.53110
0.45835 0.46148 0.38448
0.35122 0.42016 0.48573
0.42083 0.50149 0.42881
0.37901 0.51365 0.39598
0.33995 0.42077 0.38732
0.61783 0.52785 0.48655
0.37175 0.41349 0.43361
0.42285 0.53992 0.46897
0.51500 0.47804 0.45551
0.32937 0.44934 0.46307
0.37327 0.52723 0.35684
0.51367 0.52062 0.46182
0.37592 0.47938 0.41873
0.45975 0.39766 0.48763
0.41360 0.47652 0.40351
0.33587 0.31823 0.36695
0.41666 0.49477 0.43076
0.42839 0.49825 0.30277
0.48700 0.49761 0.39625
0.35963 0.42747 0.53896
0.33473 0.50098 0.29749
0.44361 0.50904 0.39175
0.31849 0.33276 0.52935
0.38264 0.51256 0.36408
0.38829 0.44887 0.40785
0.43287 0.54596 0.44557
0.38889 0.33882 0.48080
0.36643 0.51669 0.42569
0.37301 0.45289 0.32450
0.46280 0.44640 0.43238
0.35057 0.33773 0.44205
0.48995 0.45825 0.38981
0.36675 0.47744 0.40873
0.47206 0.32415 0.57966
0.39338 0.42726 0.48331
0.44322 0.45951 0.40082
0.46131 0.52310 0.34978
0.36225 0.37789 0.36571
0.46250 0.48961 0.34489
0.37808 0.53253 0.33314
0.44483 0.44221 0.48767
0.35673 0.47286 0.34904
0.43033 0.51343 0.29553
0.48544 0.54228 0.45103
0.43443 0.49793 0.46563
0.49361 0.63063 0.30082
0.49580 0.49952 0.42246
0.52544 0.42482 0.46777
0.40618 0.50518 0.44579
0.38731 0.42173 0.36389
0.40987 0.35845 0.35839
0.43025 0.40886 0.42415
0.33468 0.38198 0.52222
0.40045 0.48975 0.41343
0.32247 0.40468 0.46013
0.45808 0.37073 0.49710
0.55711 0.42485 0.43952
0.44663 0.41197 0.40887
0.46822 0.42775 0.43667
0.34314 0.36743 0.32886
0.37582 0.36956 0.44779
0.41268 0.46923 0.50269
0.35950 0.41034 0.43670
0.49425 0.44767 0.32409
0.45096 0.52952 0.42617
0.47136 0.44768 0.36887
0.35451 0.39271 0.46825
0.44650 0.46062 0.50917
0.41889 0.55076 0.28659
0.46740 0.47495 0.31184
0.49171 0.44200 0.47379
0.36642 0.37643 0.52914
0.37364 0.39779 0.50840
0.40587 0.45475 0.45464
0.48554 0.47256 0.57359
0.29391 0.39354 0.60518
0.39745 0.37672 0.39313
0.46680 0.45704 0.36164
0.45635 0.45276 0.47614
0.52414 0.52484 0.37509
0.52591 0.60474 0.26841
0.43898 0.38358 0.49645
0.40434 0.46384 0.42934
0.36335 0.43721 0.41951
0.39450 0.49051 0.44895
0.40978 0.41551 0.37968
0.39539 0.45723 0.48071
0.47846 0.48616 0.28071
0.44583 0.45107 0.38430
0.61709 0.41746 0.52934
0.37064 0.45707 0.39727
0.41424 0.55236 0.33247
0.43844 0.42021 0.45862
0.34392 0.43455 0.62606
0.41413 0.46125 0.54132
0.43986 0.47383 0.62125
0.37786 0.38971 0.38129
0.30884 0.38221 0.71249
0.35702 0.44210 0.60557
0.46944 0.53059 0.42835
0.33648 0.39490 0.36865
0.42125 0.43932 0.44426
0.37947 0.50814 0.49319
0.35961 0.36510 0.40287
0.39077 0.40811 0.63699
0.36837 0.43867 0.56628
0.37836 0.40523 0.52434
0.36395 0.37064 0.47384
0.44686 0.42817 0.46115
0.51081 0.47499 0.51941
0.39207 0.50311 0.49806
0.40606 0.46885 0.42572
0.43314 0.39135 0.59110
0.37709 0.41461 0.53022
0.44699 0.43004 0.49669
0.48418 0.42064 0.45783
0.31978 0.36144 0.59128
0.45680 0.54955 0.44468
0.35384 0.42339 0.49222
0.42386 0.38960 0.54551
0.43239 0.49462 0.42944
0.43470 0.45676 0.57395
0.42992 0.42326 0.51596
0.48403 0.50560 0.47060
0.39003 0.42734 0.41422
0.45931 0.52335 0.38198
0.39689 0.32041 0.49799
0.35532 0.47838 0.45667
0.37058 0.53553 0.44585
0.45269 0.54906 0.39785
0.40978 0.52749 0.32755
0.37888 0.43113 0.43023
0.39328 0.32114 0.38658
0.44743 0.48013 0.40679
0.39995 0.47078 0.37958
0.49326 0.43008 0.40909
0.33478 0.42155 0.47380
0.43748 0.50141 0.36459
0.34132 0.49628 0.45550
0.33559 0.53618 0.39373
0.38815 0.42068 0.36851
0.44870 0.46639 0.47994
0.39129 0.50268 0.34144
0.40219 0.50672 0.40819
0.34411 0.41220 0.47461
0.49740 0.58689 0.47030
0.37622 0.47298 0.50798
0.41042 0.46288 0.45483
0.43799 0.56025 0.42866
0.44002 0.43845 0.44021
0.42040 0.42729 0.55549
0.41082 0.50073 0.45101
0.43631 0.48289 0.42865
0.45343 0.48261 0.45324
0.53869 0.46064 0.53287
0.53961 0.41814 0.48387
0.44350 0.46919 0.48015
0.45453 0.52529 0.38511
0.49012 0.57904 0.37766
0.58822 0.55149 0.39962
0.38188 0.46191 0.43177
0.48082 0.45060 0.36963
0.45550 0.46670 0.38898
0.55981 0.45067 0.60649
0.39608 0.47758 0.41435
0.43213 0.46961 0.48490
0.32346 0.42879 0.54741
0.42478 0.43030 0.41377
0.43144 0.43087 0.46891
0.44577 0.41431 0.40758
0.34806 0.48349 0.44778
0.42315 0.51927 0.42246
0.45609 0.57177 0.42210
0.39898 0.46642 0.48138
0.36762 0.44592 0.48887
0.41990 0.57810 0.38943
0.43934 0.50439 0.42604
0.45212 0.43788 0.39374
0.40877 0.53126 0.36358
0.39001 0.42750 0.41780
0.45556 0.49942 0.49919
0.37601 0.43216 0.55441
0.33511 0.46860 0.44850
0.51696 0.61420 0.42525
0.31974 0.32605 0.46985
0.38640 0.46640 0.42605
0.38734 0.36682 0.57008
0.48568 0.44901 0.38382
0.36592 0.39093 0.47803
0.49712 0.63060 0.30277
0.46065 0.51343 0.44366
0.41212 0.34717 0.52551
0.44070 0.45249 0.60251
0.63725 0.49351 0.39845
0.45330 0.50149 0.47900
0.34235 0.42510 0.42231
0.48822 0.51945 0.35168
0.49443 0.57292 0.38295
0.52187 0.48626 0.52749
0.42303 0.48883 0.51213
0.35622 0.44922 0.42064
0.39491 0.47844 0.34418
0.41381 0.50747 0.28292
0.49287 0.57454 0.26576
0.32340 0.36242 0.38225
0.40126 0.36584 0.33691
0.41582 0.45988 0.34667
0.35809 0.41832 0.39321
0.31950 0.35912 0.44495
0.48586 0.45069 0.43135
0.42922 0.43301 0.53564
0.53696 0.46110 0.37045
0.41273 0.47799 0.39100
0.40241 0.55199 0.39639
0.44991 0.51538 0.31832
0.36901 0.45546 0.55846
0.44168 0.45083 0.46498
0.40558 0.49143 0.53939
0.40374 0.39628 0.44732
0.38060 0.42644 0.51505
0.47075 0.49961 0.49834
0.35734 0.35188 0.41494
0.43847 0.50358 0.45025
0.39834 0.45124 0.46789
0.51226 0.45855 0.41843
0.50855 0.43575 0.43767
0.49162 0.37985 0.46752
0.37747 0.43292 0.51509
0.42982 0.46415 0.49169
0.37965 0.35905 0.43363
0.48497 0.40939 0.46863
0.40445 0.54430 0.50977
0.40826 0.53586 0.28002
0.65128 0.63525 0.40059
0.41515 0.45951 0.36208
0.44541 0.52301 0.41671
0.44676 0.40507 0.37223
0.44876 0.47070 0.56647
0.38673 0.47739 0.40378
0.54556 0.55491 0.37601
0.41986 0.50084 0.38448
0.32532 0.44258 0.35017
0.36974 0.43398 0.59617
0.42471 0.48530 0.30728
0.40225 0.44725 0.43432
0.41596 0.48045 0.48582
0.39870 0.38111 0.42080
0.33419 0.40142 0.40663
0.37712 0.52943 0.40746
0.35338 0.43066 0.46425
0.41228 0.41932 0.58794
0.36383 0.41311 0.41327
0.39210 0.45602 0.43467
0.44499 0.46409 0.40409
0.38505 0.29534 0.40993
0.36893 0.45440 0.36050
0.42942 0.47926 0.36662
0.45504 0.49032 0.46227
0.35907 0.31047 0.52964
0.36886 0.38565 0.47218
0.48581 0.50036 0.38724
0.49401 0.44432 0.44600
0.38033 0.46810 0.38492
0.48355 0.49442 0.36403
0.57453 0.56020 0.38778
0.49245 0.49255 0.45305
0.48130 0.57654 0.42968
0.46117 0.47037 0.46477
0.47364 0.46300 0.42130
0.43677 0.43593 0.40673
0.39922 0.47831 0.46214
0.52991 0.51231 0.39746
0.39958 0.48103 0.45342
0.32956 0.38120 0.54116
0.37290 0.51585 0.41833
0.23736 0.31601 0.57912
0.36546 0.42864 0.42185
0.49362 0.46398 0.42085
0.40581 0.42475 0.39604
0.39309 0.48188 0.42999
0.39916 0.43424 0.46665
0.38042 0.46778 0.40451
0.49870 0.39801 0.54553
0.34670 0.45770 0.48489
0.38986 0.49462 0.44913
0.37597 0.41898 0.55917
0.44299 0.32638 0.47066
0.51325 0.45462 0.43671
0.39017 0.41218 0.48602
0.33602 0.51719 0.37267
0.30150 0.44523 0.34838
0.37707 0.36557 0.54967
0.52027 0.46212 0.38839
0.38713 0.50608 0.33823
0.42609 0.53910 0.41969
0.44066 0.39680 0.46538
0.47198 0.49003 0.40322
0.31129 0.24983 0.43649
0.45904 0.49623 0.43294
0.45801 0.55707 0.32550
0.45333 0.58022 0.34482
0.35961 0.33512 0.44104
0.50838 0.47508 0.42594
0.42718 0.39443 0.44602
0.41281 0.51806 0.42429
0.45263 0.46034 0.48866
0.34380 0.39317 0.57561
0.45517 0.47012 0.51044
0.53828 0.50768 0.44663
0.54894 0.44009 0.57819
0.34015 0.45958 0.45424
0.29704 0.39035 0.38997
0.43785 0.43408 0.35044
0.47322 0.52471 0.42111
0.47263 0.42358 0.42175
0.50038 0.43671 0.37788
0.48748 0.44338 0.42923
0.47942 0.47529 0.32871
0.43030 0.50422 0.50974
0.47847 0.49084 0.42684
0.36292 0.36788 0.47963
0.44702 0.49907 0.46626
0.45601 0.47954 0.36384
0.41000 0.46903 0.43551
0.45105 0.45499 0.38987
0.48856 0.44859 0.54837
0.36472 0.37308 0.47926
0.45718 0.45263 0.35815
0.40617 0.41478 0.49900
0.34799 0.29734 0.39450
0.39727 0.43434 0.70314
0.41663 0.41376 0.61136
0.45761 0.46062 0.49019
0.42992 0.50464 0.46847
0.42634 0.42555 0.40461
0.34255 0.33929 0.46637
0.39050 0.40151 0.36689
0.34628 0.45767 0.53941
0.37014 0.55492 0.33638
0.48262 0.46093 0.38598
0.40369 0.45095 0.51918
0.45919 0.43961 0.50644
0.45044 0.37656 0.47115
0.42727 0.57638 0.37277
0.37741 0.44080 0.53610
0.48716 0.51985 0.33445
0.32821 0.39109 0.49228
0.41533 0.37333 0.47945
0.32479 0.42585 0.60610
0.42355 0.53677 0.39843
0.44302 0.36214 0.49780
0.49397 0.53528 0.38518
0.43322 0.43609 0.45349
0.27483 0.34476 0.62022
0.41028 0.47134 0.36000
0.50347 0.53435 0.42197
0.45881 0.41920 0.43562
0.43499 0.52956 0.35266
0.34910 0.36295 0.46675
0.34751 0.41712 0.52637
0.44937 0.49747 0.39184
0.36185 0.38240 0.44326
0.54378 0.52746 0.50106
0.50606 0.43966 0.36256
0.32590 0.51274 0.45895
0.38505 0.44953 0.40690
0.44955 0.49397 0.36045
0.39341 0.37072 0.40241
0.35393 0.48641 0.40415
0.46958 0.38818 0.41689
0.40567 0.41267 0.45092
0.50834 0.42195 0.51249
0.37662 0.34732 0.58923
0.45949 0.42950 0.50116
0.46164 0.50166 0.38777
0.34001 0.39613 0.55300
0.38566 0.51019 0.40802
0.41665 0.41206 0.42589
0.41578 0.49615 0.39157
0.43291 0.43045 0.52522
0.38624 0.35502 0.41928
0.30070 0.40425 0.34800
0.53126 0.60190 0.31256
0.47564 0.51326 0.43139
0.47342 0.47443 0.41970
0.38187 0.46373 0.38236
0.39178 0.46615 0.47115
0.38393 0.50004 0.49590
0.50949 0.45923 0.38842
0.49163 0.52183 0.38314
0.33364 0.48804 0.34863
0.43910 0.46127 0.32883
0.54446 0.54310 0.46537
0.40656 0.50059 0.35309
0.41510 0.48986 0.40126
0.34277 0.39551 0.43078
0.41294 0.46468 0.29539
0.48911 0.53049 0.36589
0.42789 0.49466 0.46271
0.45641 0.45071 0.42183
0.34796 0.48816 0.49532
0.49144 0.49986 0.43507
0.43942 0.46696 0.54196
0.54843 0.46842 0.40639
0.49437 0.51781 0.49007
0.33838 0.55166 0.42670
0.41937 0.42608 0.55040
0.36991 0.42601 0.50120
0.31328 0.34416 0.60374
0.35426 0.50790 0.43656
0.46815 0.42475 0.45091
0.41525 0.43833 0.39951
0.36307 0.46862 0.43897
0.26595 0.38348 0.49523
0.49554 0.54376 0.41881
0.37582 0.49376 0.36767
0.39476 0.49450 0.42593
0.44314 0.58882 0.37214
0.44860 0.40015 0.60760
0.30411 0.35595 0.42920
0.43868 0.49643 0.44380
0.43608 0.46090 0.42303
0.48076 0.47954 0.43691
0.39404 0.49111 0.47486
0.32601 0.34706 0.45770
0.40915 0.45777 0.36595
0.47271 0.44116 0.41749
0.43634 0.47412 0.47607
0.39759 0.35076 0.50763
0.50613 0.43165 0.46413
0.38506 0.40793 0.43624
0.49956 0.57932 0.34281
0.45610 0.53030 0.36059
0.30455 0.39207 0.43247
0.42189 0.49957 0.40047
0.40607 0.42981 0.48282
0.40675 0.40875 0.59336
0.32104 0.26968 0.48625
0.45467 0.49634 0.35618
0.39691 0.52475 0.47513
0.33021 0.38322 0.60006
0.41943 0.47993 0.56248
0.54978 0.56803 0.41928
0.41605 0.50965 0.34658
0.45408 0.42888 0.47281
0.43638 0.48692 0.35382
0.56027 0.56471 0.40467
0.37438 0.51573 0.41758
0.51018 0.48539 0.59116
0.45452 0.50396 0.40301
0.48597 0.42399 0.43292
0.51937 0.60648 0.36375
0.41513 0.44772 0.55118
0.49084 0.52220 0.51406
0.47164 0.48105 0.35203
0.35931 0.46273 0.36872
0.43898 0.46866 0.43937
0.48454 0.54905 0.34340
0.33901 0.39116 0.50625
0.36828 0.45273 0.37503
0.39600 0.54408 0.48999
0.41636 0.48489 0.31828
0.46850 0.47083 0.44679
0.40774 0.48940 0.52542
0.35298 0.34781 0.46259
0.39838 0.53406 0.42017
0.28473 0.39119 0.55352
0.36400 0.56599 0.42164
0.46055 0.42613 0.44478
0.40058 0.46691 0.45574
0.44164 0.43483 0.41072
0.33150 0.46267 0.45639
0.39108 0.45983 0.42776
0.46083 0.49956 0.45313
0.48381 0.55133 0.31199
0.49969 0.51102 0.41621
0.50143 0.60030 0.35279
0.60809 0.54791 0.42188
0.41877 0.48649 0.40675
0.32763 0.32188 0.46084
0.38098 0.42025 0.53462
0.51978 0.43120 0.40026
0.39735 0.48702 0.35879
0.28109 0.42558 0.49868
0.39447 0.46104 0.32568
0.44555 0.43689 0.44015
0.42998 0.39126 0.42062
0.42246 0.55904 0.41418
0.52641 0.52089 0.34467
0.36464 0.38551 0.49645
0.42728 0.44567 0.43744
0.44118 0.55989 0.38194
0.22574 0.46218 0.39707
0.57449 0.53436 0.31023
0.42009 0.41690 0.42924
0.42076 0.41587 0.43611
0.56141 0.51039 0.39710
0.44759 0.50743 0.42782
0.35821 0.46601 0.58483
0.35504 0.39628 0.32656
0.38445 0.50945 0.49487
0.38045 0.50152 0.35234
0.41188 0.40028 0.40576
0.45952 0.49452 0.34944
0.35569 0.48267 0.44299
0.44334 0.54309 0.38674
0.47919 0.45816 0.40616
0.43447 0.36666 0.52793
0.54499 0.52578 0.38750
0.34231 0.46189 0.43973
0.43435 0.47636 0.44260
0.47818 0.53252 0.46959
0.43226 0.47939 0.51177
0.38539 0.42268 0.63215
0.52379 0.49539 0.42706
0.39402 0.44714 0.40012
0.44705 0.42952 0.32383
0.28349 0.35145 0.47202
0.48846 0.58672 0.33308
0.38808 0.39516 0.47129
0.53730 0.60404 0.44826
0.34236 0.40104 0.38084
0.35411 0.55485 0.38486
0.38011 0.50651 0.44173
0.41932 0.42025 0.50666
0.38154 0.43197 0.47515
0.48017 0.50811 0.36053
0.31055 0.34043 0.36066
0.39532 0.35197 0.49011
0.33690 0.41933 0.55856
0.47779 0.49301 0.46598
0.55516 0.54362 0.31052
0.46121 0.48654 0.42610
0.49711 0.45819 0.41976
0.36857 0.40477 0.49421
0.51433 0.48117 0.47309
0.47356 0.56996 0.44177
0.43896 0.52074 0.35861
0.50380 0.43511 0.38690
0.36337 0.35708 0.45681
0.42002 0.45584 0.30467
0.45734 0.35213 0.55331
0.51416 0.51218 0.56075
0.44844 0.49524 0.38668
0.40201 0.52921 0.46471
0.38107 0.42531 0.47896
0.46909 0.54991 0.38028
0.55127 0.49624 0.49387
0.44869 0.47988 0.49781
0.42101 0.52893 0.36933
0.36235 0.43375 0.53034
0.36779 0.46665 0.46581
0.41689 0.44082 0.44099
0.58578 0.61801 0.26007
0.40460 0.45717 0.36165
0.57153 0.58033 0.34050
0.48743 0.48841 0.46902
0.43085 0.50470 0.44995
0.42206 0.45303 0.36897
0.33928 0.37932 0.57904
0.45005 0.42006 0.42936
0.38584 0.42515 0.32869
0.52317 0.44603 0.43519
0.40444 0.45863 0.49209
0.55477 0.50606 0.45291
0.35319 0.42505 0.45071
0.36261 0.40476 0.41068
0.40143 0.37534 0.41204
0.36436 0.39918 0.42235
0.50288 0.50653 0.39513
0.54389 0.53887 0.38879
0.55694 0.56075 0.43494
0.30186 0.33760 0.42542
0.56835 0.51322 0.48666
0.31798 0.42116 0.54678
0.37628 0.45012 0.47039
0.48531 0.50162 0.34448
0.48179 0.44684 0.49840
0.35202 0.44489 0.51203
0.43442 0.46822 0.36911
0.43742 0.44894 0.40991
0.49341 0.54162 0.31772
0.30111 0.34927 0.46220
0.36537 0.40038 0.54728
0.41899 0.52566 0.35979
0.48274 0.45814 0.47319
0.38738 0.41416 0.37184
0.43468 0.42943 0.54670
0.44784 0.44153 0.51379
0.42346 0.55177 0.51236
0.44853 0.53832 0.38000
0.36516 0.48094 0.51243
0.40229 0.47203 0.29172
0.39937 0.44788 0.44751
0.36264 0.37584 0.48953
0.47045 0.52609 0.35834
0.40283 0.50518 0.54504
0.28709 0.37153 0.60703
0.55112 0.53422 0.46351
0.41501 0.42432 0.43154
0.52431 0.53805 0.43019
0.51068 0.48309 0.62471
0.43977 0.44155 0.42142
0.48871 0.64332 0.40267
0.27465 0.39964 0.57096
0.41277 0.41716 0.46911
0.60135 0.52275 0.41975
0.41735 0.46680 0.38398
0.45520 0.46767 0.38746
0.42693 0.43646 0.36175
0.44045 0.43468 0.45776
0.42638 0.49507 0.34785
0.37002 0.46110 0.26283
0.55811 0.56689 0.33804
0.45833 0.48549 0.53508
0.46613 0.46441 0.41138
0.40509 0.42830 0.47014
0.42466 0.41277 0.43088
0.38782 0.45778 0.37382
0.32301 0.35718 0.58772
0.51004 0.44012 0.46463
0.40051 0.43479 0.44579
0.44512 0.44156 0.39080
0.36958 0.49642 0.41638
0.45297 0.39466 0.45600
0.34953 0.38811 0.43655
0.38390 0.37096 0.49226
0.41893 0.43904 0.46258
0.42379 0.58342 0.27508
0.43248 0.42342 0.36232
0.34082 0.44725 0.44077
0.41864 0.52077 0.32828
0.28205 0.40365 0.46435
0.55745 0.58536 0.36137
0.34192 0.37319 0.54749
0.46134 0.51457 0.45352
0.36822 0.45593 0.43411
0.36344 0.47221 0.35024
0.35241 0.47691 0.41047
0.37466 0.46653 0.42099
0.34785 0.43859 0.45201
0.45016 0.37257 0.41848
0.35297 0.37387 0.33953
0.42388 0.50912 0.48520
0.34088 0.36406 0.49988
0.47942 0.41668 0.60005
0.42144 0.57262 0.42087
0.42463 0.40824 0.42235
0.41199 0.46993 0.49594
0.49915 0.52908 0.43160
0.47426 0.47900 0.36252
0.44838 0.36442 0.53818
0.44306 0.48155 0.42533
0.46917 0.48112 0.45704
0.45534 0.52372 0.30883
0.32310 0.33589 0.52593
0.39369 0.51885 0.43969
0.41886 0.39046 0.44212
0.46600 0.48144 0.42893
0.41120 0.47614 0.54060
0.29390 0.28042 0.39599
0.50617 0.44343 0.47477
0.32786 0.33213 0.47393
0.48918 0.49014 0.39437
0.47489 0.52831 0.33994
0.33946 0.42479 0.43650
0.48036 0.44268 0.44916
0.36059 0.43326 0.52145
0.30823 0.33625 0.46742
0.56320 0.56773 0.39228
0.40275 0.49223 0.42363
0.38875 0.49326 0.31481
0.45316 0.47157 0.39635
0.46475 0.42594 0.48011
0.47313 0.53265 0.39346
0.30693 0.36879 0.53314
0.39377 0.39480 0.40411
0.40644 0.40190 0.42139
0.37147 0.39343 0.52745
0.39613 0.42188 0.44406
0.43480 0.40326 0.47360
0.46659 0.47033 0.42481
0.35586 0.41648 0.38662
0.36919 0.35910 0.47731
0.25901 0.31249 0.55037
0.36319 0.45827 0.46489
0.40780 0.37154 0.50076
0.48254 0.51282 0.37746
0.41319 0.41776 0.53845
0.41418 0.46121 0.37558
0.41218 0.43429 0.43881
0.43071 0.45349 0.38293
0.50029 0.41989 0.37006
0.40700 0.54435 0.43206
0.45925 0.42175 0.45169
0.33821 0.49703 0.41370
0.45857 0.38502 0.47155
0.41097 0.43107 0.45107
0.40835 0.43425 0.38639
0.34328 0.42861 0.52886
0.39462 0.48942 0.42381
0.45072 0.51009 0.33248
0.57711 0.58913 0.31824
0.41799 0.44617 0.51161
0.41743 0.53048 0.43525
0.41646 0.50370 0.37465
0.31784 0.43966 0.45409
0.40333 0.49740 0.41717
0.49622 0.47957 0.44073
0.35271 0.34879 0.52408
0.35412 0.47215 0.48204
0.35848 0.48386 0.47658
0.47037 0.51852 0.48171
0.39398 0.46254 0.45917
0.41819 0.44527 0.59446
0.42261 0.40227 0.39786
0.23315 0.39590 0.42368
0.43624 0.35669 0.42184
0.45732 0.49263 0.53903
0.32883 0.40654 0.38519
0.51599 0.53767 0.40986
0.36923 0.48204 0.58345
0.45417 0.40953 0.51783
0.43402 0.45877 0.42771
0.50007 0.55335 0.29924
0.41530 0.46018 0.42214
0.37409 0.48509 0.52909
0.34883 0.38587 0.46014
0.36195 0.47229 0.40895
0.24241 0.42000 0.36786
0.35713 0.57682 0.32594
0.46178 0.34305 0.42890
0.36002 0.45210 0.52940
0.38703 0.42561 0.52022
0.38527 0.42269 0.38043
0.46235 0.54961 0.40983
0.40356 0.49533 0.41538
0.39624 0.53634 0.41731
0.35345 0.55673 0.43181
0.43582 0.45119 0.34664
0.39519 0.48719 0.46609
0.29362 0.41641 0.52968
0.40875 0.49947 0.48753
0.45632 0.53341 0.50975
0.47253 0.45838 0.40737
0.42840 0.42814 0.49578
0.38514 0.45070 0.43064
0.34599 0.42577 0.42704
0.53310 0.54039 0.34186
0.50042 0.35762 0.54161
0.34263 0.35700 0.43714
0.35217 0.39788 0.51097
0.31136 0.40857 0.44756
0.45238 0.44640 0.30455
0.43182 0.51929 0.43791
0.40992 0.37878 0.43115
0.50267 0.51658 0.43810
0.32143 0.34024 0.47134
0.35363 0.38348 0.45332
0.40569 0.45975 0.43535
0.39394 0.45994 0.43487
0.50193 0.51738 0.36266
0.49710 0.48103 0.51748
0.44378 0.49808 0.44963
0.42025 0.61103 0.32710
0.46583 0.48473 0.38006
0.53171 0.41641 0.54799
0.39153 0.46189 0.33243
0.50412 0.41976 0.48816
0.33100 0.52230 0.43601
