20 9 1000 13549 4773
0.24386 0.54061 0.30817
0.55581 0.57057 0.18663
0.08358 0.08827 0.97502
0.77378 0.43960 0.46827
0.88694 0.74605 0.71040
0.75154 0.34437 0.14732
0.17363 0.45253 0.39631
0.52847 0.34745 0.33281
0.35590 0.30892 0.03860
0.55270 0.43980 0.27455
0.52706 0.47237 0.44495
0.51579 0.44014 0.53275
0.66186 0.58075 0.43764
0.45297 0.48529 0.33890
0.42009 0.35932 0.46978
0.36893 0.41657 0.48962
0.44751 0.42069 0.37341
0.45309 0.45400 0.37961
0.37924 0.43012 0.41822
0.63801 0.55333 0.45906
0.60283 0.52251 0.37126
0.57573 0.44142 0.32292
0.44708 0.42841 0.44707
0.44396 0.41419 0.42831
0.39675 0.42496 0.38224
0.54279 0.39341 0.28078
0.52928 0.47420 0.41751
0.46637 0.46170 0.38329
0.36735 0.46053 0.35745
0.55806 0.40620 0.35774
0.51717 0.40373 0.38689
0.34806 0.44148 0.40046
0.56587 0.42868 0.36565
0.64225 0.46401 0.35778
0.58161 0.50397 0.48542
0.39287 0.28690 0.53077
0.39008 0.40201 0.40418
0.39639 0.40867 0.34954
0.33854 0.40202 0.45285
0.57867 0.49007 0.40242
0.59605 0.41889 0.31603
0.50577 0.45120 0.33561
0.39070 0.36623 0.55460
0.53068 0.46693 0.32397
0.45918 0.49394 0.38779
0.49656 0.39338 0.37992
0.45179 0.37026 0.26018
0.44903 0.38975 0.36235
0.63054 0.43534 0.35148
0.31577 0.50160 0.32742
0.42271 0.46536 0.27437
0.40921 0.41068 0.32843
0.41357 0.34705 0.30396
0.46991 0.45052 0.38681
0.52067 0.38935 0.43276
0.59780 0.52253 0.36009
0.55187 0.39329 0.29669
0.54153 0.50578 0.43459
0.51890 0.34896 0.30310
0.40155 0.30200 0.53499
0.53906 0.39970 0.29442
0.57317 0.42912 0.19698
0.50001 0.40634 0.33590
0.37137 0.35668 0.52350
0.52661 0.32649 0.43671
0.53447 0.47903 0.45533
0.45193 0.46067 0.25567
0.45419 0.42841 0.52959
0.43612 0.35304 0.46395
0.41692 0.47789 0.35354
0.56519 0.49784 0.36011
0.54253 0.49035 0.28582
0.56405 0.49797 0.38653
0.33712 0.36048 0.40256
0.46071 0.38708 0.50671
0.49038 0.46611 0.47043
0.56955 0.42976 0.24963
0.45788 0.44320 0.36362
0.46784 0.41594 0.44532
0.54794 0.41950 0.41542
0.37927 0.39951 0.45644
0.39333 0.35702 0.42553
0.43523 0.45111 0.33633
0.40026 0.40521 0.36339
0.54828 0.50949 0.44152
0.34005 0.33481 0.54084
0.40899 0.35639 0.27931
0.44414 0.39969 0.55173
0.39938 0.35092 0.52192
0.49989 0.44725 0.34474
0.42456 0.42858 0.40270
0.32456 0.35651 0.58141
0.46532 0.42230 0.34793
0.40679 0.38840 0.39523
0.57556 0.45167 0.37433
0.49294 0.42305 0.31755
0.53411 0.49507 0.35191
0.37832 0.41744 0.35770
0.39019 0.39421 0.22260
0.42917 0.45187 0.26010
0.64074 0.43385 0.29177
0.63105 0.50312 0.40762
0.46165 0.40670 0.37143
0.40279 0.34295 0.58059
0.47081 0.41499 0.50223
0.37865 0.35607 0.65796
0.37193 0.43269 0.43461
0.68493 0.57626 0.49353
0.44049 0.40831 0.31355
0.44125 0.46944 0.34053
0.49788 0.41165 0.41107
0.40687 0.35410 0.40474
0.38318 0.47304 0.32422
0.51311 0.48620 0.26893
0.38907 0.41710 0.34187
0.40925 0.47830 0.28608
0.51833 0.39591 0.30472
0.57243 0.52304 0.45846
0.48728 0.44235 0.32995
0.57820 0.48564 0.40314
0.44523 0.46705 0.32734
0.48107 0.42137 0.35556
0.52761 0.40469 0.30386
0.58113 0.42850 0.32541
0.53238 0.42133 0.33134
0.49809 0.39921 0.28221
0.56084 0.49792 0.39856
0.48641 0.42290 0.38276
0.46718 0.41485 0.25003
0.47135 0.45645 0.41875
0.44447 0.36956 0.29317
0.47099 0.44366 0.41756
0.57575 0.33997 0.34504
0.49772 0.39938 0.24535
0.47329 0.39744 0.33641
0.35358 0.41327 0.38087
0.60695 0.39527 0.28774
0.60565 0.49243 0.41779
0.56520 0.49647 0.37875
0.57484 0.50258 0.46270
0.49990 0.39531 0.37744
0.49262 0.41811 0.36694
0.53542 0.40984 0.48061
0.50965 0.32903 0.51722
0.48046 0.45863 0.31866
0.59857 0.35930 0.26660
0.47321 0.42969 0.27757
0.62047 0.47395 0.25208
0.40297 0.41484 0.30369
0.49556 0.51532 0.31781
0.43172 0.30209 0.48091
0.34556 0.36486 0.56079
0.45600 0.50844 0.30539
0.55952 0.39031 0.31267
0.51625 0.44940 0.36268
0.42422 0.40060 0.46983
0.48605 0.39287 0.27708
0.47288 0.40276 0.55465
0.58970 0.47287 0.39178
0.48267 0.45570 0.41063
0.45590 0.41684 0.27170
0.58489 0.50521 0.53101
0.32130 0.29635 0.63311
0.42838 0.36677 0.38841
0.47373 0.44494 0.34466
0.49406 0.40335 0.35359
0.46783 0.40319 0.43164
0.54259 0.47073 0.46028
0.56379 0.52172 0.36184
0.67997 0.51851 0.49827
0.56155 0.47159 0.43155
0.52229 0.47500 0.49068
0.46860 0.40412 0.44920
0.65637 0.50770 0.38687
0.53058 0.44823 0.38381
0.47595 0.44495 0.23506
0.44804 0.43997 0.39452
0.35372 0.33137 0.50240
0.42411 0.41160 0.36780
0.57715 0.43540 0.28745
0.43911 0.45617 0.39100
0.40937 0.46533 0.28512
0.62093 0.47404 0.46794
0.43139 0.39306 0.25396
0.58049 0.49482 0.37509
0.72500 0.54663 0.47520
0.45905 0.36142 0.52676
0.52668 0.41270 0.25847
0.65167 0.52767 0.59970
0.35525 0.38295 0.43003
0.52206 0.38447 0.58401
0.44484 0.43425 0.30463
0.47886 0.38890 0.45536
0.60385 0.54314 0.44386
0.44996 0.40971 0.35719
0.42753 0.41687 0.34783
0.49642 0.43567 0.41716
0.37448 0.40393 0.61006
0.47643 0.44076 0.40187
0.50061 0.47148 0.36576
0.43320 0.45643 0.39898
0.67952 0.43305 0.35792
0.42590 0.48239 0.34981
0.43747 0.44308 0.34321
0.54033 0.50359 0.32520
0.56407 0.44095 0.40173
0.45016 0.45903 0.35479
0.57020 0.43366 0.40746
0.54237 0.46793 0.41286
0.69337 0.49087 0.42658
0.44065 0.43590 0.44631
0.50153 0.40685 0.40396
0.42176 0.35157 0.28387
0.40965 0.37584 0.31260
0.48784 0.43588 0.43539
0.52478 0.36395 0.33345
0.58577 0.42479 0.45364
0.40239 0.41014 0.27051
0.37699 0.34840 0.47009
0.49608 0.37938 0.19785
0.57071 0.42617 0.27461
0.28137 0.28256 0.65970
0.50992 0.45393 0.48205
0.58069 0.41502 0.35554
0.33118 0.38042 0.41985
0.38772 0.41843 0.39027
0.41836 0.42012 0.33784
0.63741 0.46801 0.38556
0.46429 0.45137 0.30426
0.48397 0.41874 0.34089
0.39575 0.45834 0.25469
0.37440 0.37069 0.25452
0.59354 0.44731 0.39188
0.34093 0.41480 0.37408
0.40626 0.34676 0.20735
0.45318 0.44300 0.25182
0.68664 0.43729 0.27516
0.58877 0.48053 0.45576
0.49449 0.45389 0.50019
0.48502 0.41861 0.48533
0.54725 0.34665 0.39515
0.52592 0.49216 0.35320
0.52770 0.47044 0.42876
0.45475 0.36448 0.42468
0.52546 0.33734 0.37245
0.52120 0.43864 0.45442
0.46831 0.45427 0.28225
0.36848 0.31809 0.45216
0.57280 0.40723 0.52010
0.47704 0.41957 0.39189
0.46153 0.39399 0.42995
0.54117 0.43895 0.20261
0.47654 0.44520 0.35239
0.37642 0.32663 0.48972
0.64615 0.45448 0.32333
0.48091 0.40887 0.24606
0.49240 0.48977 0.45377
0.42764 0.36669 0.30244
0.58402 0.48685 0.40190
0.57491 0.41878 0.55871
0.49372 0.42107 0.40619
0.47705 0.38135 0.53752
0.42601 0.41975 0.37879
0.40496 0.38346 0.48513
0.46336 0.39248 0.32998
0.54655 0.45088 0.39956
0.60065 0.50641 0.36890
0.34244 0.34342 0.46377
0.34285 0.42012 0.56717
0.55049 0.45985 0.56702
0.63692 0.49539 0.44517
0.49181 0.46486 0.31859
0.60815 0.46331 0.39981
0.70600 0.53328 0.52711
0.56607 0.43829 0.39659
0.57443 0.45275 0.36591
0.34170 0.28951 0.54608
0.37298 0.44513 0.31824
0.40148 0.39675 0.44916
0.39012 0.31500 0.66782
0.55061 0.44904 0.46845
0.46354 0.41365 0.41058
0.50070 0.45630 0.41140
0.55218 0.49423 0.42103
0.48335 0.35344 0.59981
0.36572 0.32396 0.48800
0.34105 0.42718 0.38623
0.63772 0.41793 0.41581
0.42906 0.34768 0.50718
0.57537 0.36362 0.31505
0.47835 0.46831 0.33859
0.47662 0.37017 0.38092
0.50101 0.40322 0.31632
0.50408 0.51251 0.38051
0.56934 0.49478 0.33088
0.47519 0.45405 0.38051
0.42923 0.40953 0.45355
0.56330 0.47614 0.44617
0.37967 0.33075 0.46880
0.56534 0.53380 0.39945
0.66162 0.44460 0.36964
0.42325 0.37363 0.47669
0.40991 0.43187 0.48224
0.42556 0.41886 0.26319
0.42702 0.40833 0.37652
0.64858 0.46619 0.31729
0.66691 0.43255 0.29320
0.37935 0.37197 0.30960
0.50058 0.36387 0.39927
0.36038 0.31654 0.53431
0.67633 0.43744 0.35831
0.44518 0.37780 0.45182
0.41424 0.45525 0.40318
0.49494 0.41776 0.45243
0.63819 0.41164 0.28652
0.49715 0.41447 0.23825
0.36442 0.37574 0.43580
0.46180 0.45071 0.32236
0.60540 0.41757 0.40633
0.50369 0.44928 0.50302
0.50803 0.45307 0.42611
0.57285 0.49905 0.45586
0.32194 0.40905 0.44419
0.61260 0.42406 0.25509
0.55559 0.48888 0.47876
0.36008 0.41935 0.36250
0.58087 0.45930 0.34309
0.53042 0.44074 0.31788
0.61413 0.43332 0.41007
0.40603 0.35852 0.50368
0.62160 0.39715 0.29127
0.34410 0.45457 0.38421
0.51625 0.43580 0.28303
0.51417 0.50694 0.40521
0.58930 0.51537 0.42092
0.46764 0.55824 0.38594
0.50335 0.42804 0.27218
0.39166 0.41273 0.42105
0.40463 0.35597 0.43748
0.55433 0.54427 0.41881
0.41103 0.40611 0.53709
0.55083 0.53557 0.44230
0.50654 0.46947 0.30580
0.51841 0.36737 0.51209
0.32087 0.34281 0.51303
0.54884 0.40224 0.25529
0.64280 0.49793 0.41685
0.73560 0.57842 0.52310
0.47892 0.42086 0.42495
0.54970 0.43122 0.27095
0.63271 0.52678 0.49404
0.44859 0.45870 0.35273
0.62431 0.44775 0.48598
0.54794 0.48420 0.46522
0.47898 0.44216 0.32137
0.32403 0.34450 0.45023
0.47036 0.42701 0.32941
0.47144 0.43258 0.24742
0.46612 0.50412 0.36547
0.59885 0.47625 0.41127
0.59898 0.43032 0.38769
0.50306 0.53430 0.42414
0.40207 0.37528 0.52633
0.44382 0.39533 0.33849
0.52637 0.38046 0.42268
0.52980 0.45790 0.37020
0.37288 0.36286 0.49911
0.57987 0.41788 0.46416
0.52896 0.47525 0.34781
0.52020 0.45821 0.31282
0.52017 0.49197 0.47024
0.46899 0.47458 0.32856
0.53803 0.44329 0.36846
0.42231 0.37672 0.35071
0.35813 0.37192 0.35948
0.32428 0.31489 0.51117
0.32932 0.29732 0.55275
0.48779 0.41612 0.52321
0.38957 0.33746 0.45189
0.51361 0.41739 0.40156
0.42012 0.40789 0.40683
0.45135 0.44391 0.31315
0.39828 0.49288 0.45476
0.57732 0.49650 0.38950
0.46400 0.43344 0.38121
0.34365 0.29255 0.65940
0.43554 0.47910 0.31313
0.51655 0.47343 0.37906
0.44898 0.46448 0.45458
0.45312 0.38528 0.33637
0.49857 0.45796 0.38690
0.53992 0.51294 0.47125
0.53625 0.41214 0.28928
0.44337 0.34350 0.45012
0.71185 0.50637 0.50413
0.43568 0.35766 0.38515
0.48055 0.49857 0.30505
0.56067 0.40418 0.37330
0.51853 0.43969 0.31272
0.42151 0.39596 0.47541
0.55293 0.39472 0.41133
0.61925 0.42404 0.39636
0.52729 0.48908 0.44634
0.49864 0.41668 0.32514
0.51443 0.54816 0.31489
0.35860 0.32238 0.62427
0.46044 0.41752 0.27583
0.60332 0.53980 0.44256
0.52629 0.42471 0.30255
0.61932 0.47678 0.44573
0.64888 0.51081 0.38964
0.56357 0.44444 0.38176
0.40074 0.47817 0.35191
0.40296 0.43167 0.35524
0.45234 0.45482 0.37361
0.55969 0.43957 0.42933
0.59236 0.50564 0.45349
0.57869 0.55245 0.46717
0.48606 0.39237 0.38497
0.66360 0.51922 0.46567
0.45121 0.39099 0.47663
0.40509 0.46098 0.30399
0.46236 0.37650 0.30306
0.45022 0.39793 0.52022
0.48433 0.46056 0.29426
0.49726 0.38522 0.45267
0.28887 0.40678 0.32213
0.58920 0.39340 0.36934
0.48377 0.40128 0.25237
0.32302 0.45582 0.38747
0.54361 0.45763 0.23827
0.53445 0.46634 0.39670
0.50496 0.47554 0.39833
0.42442 0.34344 0.42197
0.53398 0.44294 0.37141
0.60718 0.55708 0.52625
0.55809 0.48746 0.33143
0.50745 0.40280 0.24351
0.51901 0.47029 0.35635
0.62525 0.48141 0.43173
0.49684 0.43832 0.47880
0.47365 0.42697 0.29064
0.54679 0.46120 0.43337
0.45285 0.43351 0.44639
0.50755 0.40611 0.39842
0.56744 0.50004 0.42550
0.54640 0.51795 0.48353
0.59591 0.46879 0.39452
0.62056 0.45815 0.35395
0.49375 0.36672 0.37217
0.56614 0.51394 0.38953
0.54391 0.45931 0.46584
0.31137 0.33948 0.55725
0.39046 0.39342 0.30885
0.33259 0.34892 0.50262
0.52116 0.43762 0.36024
0.51670 0.45514 0.32968
0.52247 0.48228 0.40461
0.57189 0.46938 0.42391
0.49031 0.49485 0.31834
0.54454 0.45569 0.41688
0.47515 0.39383 0.33779
0.46592 0.45104 0.30150
0.62043 0.46614 0.31714
0.52725 0.50679 0.44482
0.49330 0.45717 0.39702
0.43249 0.37920 0.30851
0.52512 0.45838 0.23256
0.58756 0.40700 0.30318
0.38923 0.37551 0.36208
0.35545 0.39786 0.44352
0.53037 0.41105 0.35894
0.34881 0.40505 0.35253
0.67409 0.44957 0.35396
0.53743 0.49431 0.30116
0.54133 0.43778 0.35210
0.52944 0.42088 0.38381
0.48581 0.46254 0.35427
0.49537 0.42817 0.39997
0.57244 0.42391 0.33534
0.46628 0.39183 0.45844
0.51444 0.41595 0.38871
0.43880 0.46046 0.43015
0.46930 0.42743 0.44098
0.36025 0.26273 0.58294
0.58334 0.42541 0.42082
0.46978 0.47749 0.38494
0.48350 0.42405 0.43420
0.66830 0.56948 0.45413
0.51230 0.46100 0.42202
0.44044 0.37970 0.53870
0.41540 0.34070 0.44364
0.53877 0.43974 0.47728
0.38325 0.47923 0.34992
0.52563 0.50424 0.45803
0.51141 0.48411 0.40357
0.61790 0.41142 0.25774
0.43195 0.49885 0.35439
0.43160 0.45117 0.31573
0.39472 0.41487 0.41137
0.48027 0.41885 0.43240
0.62013 0.48568 0.38247
0.39146 0.39477 0.38368
0.50999 0.48747 0.46113
0.53977 0.46095 0.60397
0.44061 0.32367 0.42841
0.50830 0.49062 0.43044
0.54975 0.53228 0.31770
0.28873 0.25548 0.61887
0.49765 0.47381 0.38470
0.58113 0.53154 0.45888
0.57405 0.40739 0.33492
0.48281 0.48862 0.30277
0.48771 0.41380 0.32237
0.47891 0.45624 0.40277
0.48523 0.40714 0.32696
0.49477 0.39867 0.31628
0.47906 0.41356 0.28282
0.65456 0.53406 0.51150
0.35053 0.38414 0.42247
0.56880 0.42343 0.27740
0.46103 0.39555 0.37283
0.36410 0.37149 0.42941
0.42465 0.47384 0.46535
0.64331 0.54780 0.46329
0.59866 0.52253 0.41976
0.44945 0.47748 0.29270
0.47351 0.42266 0.30859
0.59864 0.51914 0.36344
0.49749 0.51018 0.37746
0.53773 0.45214 0.42241
0.63850 0.50893 0.51497
0.59357 0.42239 0.34529
0.42999 0.36542 0.36592
0.33043 0.33728 0.47153
0.44479 0.51763 0.30965
0.50600 0.45309 0.36202
0.51412 0.46773 0.45265
0.59365 0.37531 0.41502
0.52920 0.42916 0.44986
0.55770 0.45080 0.35048
0.53592 0.40267 0.25385
0.43980 0.42503 0.35791
0.51928 0.47374 0.33456
0.54409 0.46669 0.42258
0.44531 0.47015 0.35483
0.59559 0.41301 0.29639
0.54213 0.45286 0.37939
0.47493 0.46410 0.23628
0.56480 0.47649 0.30945
0.53453 0.42930 0.27663
0.44503 0.43498 0.40508
0.59374 0.44961 0.35715
0.42439 0.42319 0.37144
0.50737 0.39601 0.38263
0.61892 0.48725 0.33689
0.54336 0.43490 0.47767
0.60181 0.47684 0.53108
0.44925 0.44458 0.31945
0.43198 0.41465 0.42894
0.45828 0.37181 0.22466
0.34747 0.43707 0.41834
0.66693 0.53855 0.44750
0.53156 0.40616 0.44130
0.44543 0.43879 0.44066
0.56161 0.44262 0.43349
0.58788 0.41008 0.28360
0.53791 0.45792 0.65656
0.57780 0.51291 0.65105
0.54022 0.42415 0.31313
0.61060 0.49432 0.40516
0.50328 0.45248 0.33454
0.47285 0.42441 0.42901
0.46818 0.42639 0.55348
0.49017 0.39456 0.39794
0.44067 0.40798 0.45253
0.56811 0.43325 0.27820
0.29685 0.40421 0.42245
0.58097 0.38983 0.51587
0.58668 0.53243 0.43972
0.53617 0.41630 0.47544
0.47999 0.37232 0.39574
0.57135 0.39104 0.35047
0.46813 0.42308 0.42096
0.47293 0.44042 0.35216
0.46716 0.39714 0.34851
0.41928 0.35614 0.29207
0.56930 0.42770 0.36199
0.62615 0.48812 0.42202
0.53797 0.40101 0.34179
0.49599 0.37308 0.27592
0.34694 0.42363 0.38012
0.57798 0.48655 0.44171
0.41276 0.33533 0.47640
0.41881 0.49680 0.40830
0.40797 0.32221 0.62091
0.43896 0.39992 0.47895
0.50639 0.40660 0.39352
0.45764 0.40326 0.40923
0.61831 0.46993 0.38142
0.45189 0.42617 0.46228
0.57963 0.48697 0.44549
0.44554 0.39631 0.38612
0.43084 0.44372 0.26903
0.54075 0.43077 0.55040
0.53317 0.44858 0.31529
0.31108 0.32458 0.51384
0.74196 0.61375 0.56551
0.42550 0.41496 0.36380
0.42499 0.44117 0.36519
0.37323 0.34672 0.34692
0.32846 0.42595 0.32277
0.55387 0.40626 0.39773
0.55278 0.39046 0.40410
0.44875 0.38536 0.43437
0.60763 0.49314 0.38768
0.44558 0.44605 0.44185
0.34972 0.34166 0.53990
0.53885 0.47144 0.44319
0.39023 0.41751 0.41809
0.37792 0.33207 0.46939
0.49519 0.42073 0.31740
0.64310 0.56339 0.46206
0.45158 0.42755 0.34722
0.47631 0.42473 0.31494
0.52747 0.46384 0.41077
0.37460 0.44210 0.33709
0.58454 0.39101 0.37500
0.55409 0.38863 0.47126
0.35339 0.38690 0.43690
0.58936 0.46300 0.36846
0.50410 0.39680 0.46425
0.33969 0.34734 0.59369
0.42578 0.45106 0.41030
0.46518 0.44993 0.30352
0.53737 0.40759 0.29115
0.44230 0.35510 0.43122
0.44238 0.36672 0.39377
0.41732 0.42146 0.41002
0.58824 0.45634 0.44746
0.45487 0.37839 0.43439
0.47603 0.41822 0.32854
0.54707 0.39213 0.20516
0.49315 0.36649 0.39186
0.54011 0.43470 0.44028
0.44041 0.36580 0.39503
0.44219 0.32667 0.47811
0.55658 0.46225 0.30517
0.58735 0.46554 0.37620
0.57693 0.48377 0.40593
0.55483 0.44455 0.48996
0.47834 0.40827 0.36170
0.50753 0.47884 0.38254
0.39013 0.44158 0.33187
0.51402 0.36343 0.43332
0.57977 0.52636 0.52073
0.59550 0.48114 0.44611
0.58814 0.44942 0.44830
0.34077 0.45651 0.31761
0.29018 0.25212 0.63772
0.47212 0.37509 0.35755
0.53811 0.43315 0.34108
0.52918 0.49829 0.44795
0.43249 0.45223 0.43902
0.38834 0.43333 0.39032
0.54707 0.43309 0.36147
0.64218 0.49217 0.37264
0.45403 0.38730 0.32490
0.53273 0.48163 0.41110
0.50425 0.45654 0.32565
0.50669 0.36421 0.33658
0.52174 0.37578 0.39349
0.36826 0.33059 0.65133
0.34694 0.34331 0.62332
0.50698 0.44631 0.30325
0.38949 0.42883 0.34348
0.31868 0.36641 0.42860
0.50990 0.54595 0.40971
0.51963 0.48703 0.51224
0.46798 0.37045 0.28483
0.46196 0.35784 0.23440
0.48030 0.39574 0.31884
0.52903 0.49328 0.38528
0.50342 0.41194 0.49667
0.49779 0.42166 0.33956
0.46205 0.38853 0.25419
0.50070 0.40739 0.29932
0.56163 0.43554 0.40429
0.44858 0.45110 0.38521
0.48783 0.41906 0.47640
0.51513 0.37867 0.31345
0.34018 0.31527 0.55468
0.47286 0.42730 0.45581
0.54049 0.43422 0.36687
0.44407 0.48724 0.41546
0.50865 0.38104 0.26695
0.49427 0.43219 0.47693
0.40733 0.30060 0.58290
0.37233 0.46151 0.37988
0.51170 0.37152 0.53205
0.45827 0.51323 0.40089
0.49579 0.38773 0.32387
0.53398 0.39315 0.44912
0.47517 0.46660 0.40417
0.61828 0.43055 0.37949
0.41137 0.38076 0.34403
0.48762 0.44456 0.36518
0.48284 0.44146 0.46793
0.46798 0.39823 0.35856
0.43115 0.43066 0.41394
0.61517 0.55037 0.48752
0.36678 0.46538 0.43899
0.48657 0.40442 0.24221
0.47018 0.47427 0.35468
0.38699 0.34968 0.41920
0.46774 0.40234 0.33301
0.63705 0.55207 0.41023
0.32162 0.38969 0.44147
0.57487 0.49764 0.41402
0.41551 0.41604 0.35497
0.56516 0.48510 0.37816
0.39960 0.44965 0.39245
0.53312 0.41939 0.34613
0.34914 0.38606 0.46023
0.42277 0.38770 0.33108
0.51734 0.43309 0.38189
0.52025 0.46234 0.30419
0.52792 0.42329 0.43946
0.50428 0.44862 0.24189
0.46696 0.34362 0.28071
0.47999 0.44751 0.31832
0.46527 0.41610 0.26529
0.47424 0.51138 0.40897
0.59457 0.50325 0.36182
0.45273 0.39421 0.40766
0.48505 0.38052 0.20966
0.53795 0.40377 0.29306
0.42758 0.41103 0.48356
0.39881 0.46293 0.40721
0.54731 0.45810 0.32746
0.44472 0.45576 0.40513
0.35225 0.39313 0.41000
0.55846 0.50678 0.39141
0.48748 0.45505 0.35701
0.59689 0.43826 0.40003
0.46577 0.39623 0.44514
0.41617 0.44123 0.26836
0.63692 0.48317 0.35831
0.56511 0.52896 0.41021
0.61273 0.51955 0.44442
0.41964 0.47181 0.31299
0.47259 0.34565 0.42213
0.53669 0.45841 0.38901
0.60067 0.46850 0.33635
0.59303 0.53070 0.42253
0.45627 0.39241 0.45509
0.56546 0.53252 0.36809
0.48821 0.46119 0.34007
0.49479 0.39840 0.33155
0.54985 0.43329 0.48757
0.45297 0.38890 0.60225
0.45029 0.39911 0.59934
0.38908 0.39562 0.51247
0.33414 0.30498 0.60049
0.48198 0.48045 0.45822
0.52451 0.46493 0.30417
0.37189 0.34428 0.43325
0.47822 0.49568 0.30971
0.50103 0.44240 0.43617
0.49856 0.45354 0.29166
0.38520 0.39587 0.30158
0.52965 0.44333 0.35572
0.53444 0.43225 0.39293
0.44347 0.40321 0.36765
0.39639 0.36412 0.50037
0.49718 0.43774 0.43264
0.50616 0.44519 0.30265
0.50073 0.56921 0.43134
0.35821 0.35246 0.52938
0.40934 0.46067 0.27944
0.46510 0.50318 0.45343
0.31354 0.36749 0.62201
0.49339 0.37404 0.38141
0.57592 0.46210 0.38622
0.55815 0.46975 0.44056
0.52022 0.45134 0.28575
0.45252 0.44393 0.50821
0.42990 0.36512 0.51684
0.50382 0.48052 0.29998
0.45648 0.41610 0.37252
0.60362 0.41086 0.38386
0.53940 0.40731 0.40035
0.46711 0.46164 0.31226
0.49170 0.32268 0.40841
0.39024 0.46650 0.40614
0.37201 0.42766 0.29599
0.61578 0.53351 0.51351
0.44781 0.44716 0.32276
0.36731 0.41732 0.32712
0.50289 0.35910 0.35835
0.59593 0.46899 0.48327
0.33731 0.39894 0.41060
0.60231 0.43399 0.47672
0.52524 0.40155 0.42659
0.40587 0.41856 0.40249
0.54442 0.42397 0.32353
0.44329 0.45783 0.40551
0.39280 0.43949 0.36290
0.61909 0.47103 0.49585
0.53708 0.43212 0.45763
0.53582 0.47042 0.43334
0.63150 0.43719 0.34505
0.40528 0.31470 0.41633
0.54864 0.37371 0.40927
0.46520 0.41437 0.45725
0.50467 0.41565 0.37057
0.45613 0.42014 0.41629
0.42952 0.35864 0.61120
0.47354 0.37245 0.37149
0.61396 0.52077 0.43708
0.40281 0.36415 0.38327
0.69835 0.52188 0.49026
0.43520 0.44104 0.36254
0.50116 0.47993 0.35847
0.40940 0.49276 0.40080
0.65782 0.40837 0.28394
0.50465 0.41288 0.42692
0.41088 0.35439 0.51748
0.50296 0.40007 0.32460
0.59933 0.45166 0.39703
0.56354 0.47353 0.37575
0.46346 0.33745 0.46991
0.51292 0.45771 0.36644
0.54592 0.42942 0.34465
0.44993 0.39070 0.34944
0.47503 0.36484 0.58086
0.51185 0.38707 0.57940
0.67440 0.46192 0.36460
0.56727 0.42433 0.33019
0.54388 0.44418 0.29803
0.39662 0.45338 0.51637
0.60934 0.48946 0.34268
0.43351 0.37653 0.46992
0.42911 0.48532 0.37929
0.37900 0.41828 0.29027
0.48500 0.46420 0.33154
0.65363 0.40744 0.36870
0.63073 0.37795 0.22555
0.45564 0.37056 0.40866
0.47604 0.47212 0.50964
0.48801 0.41698 0.44553
0.60164 0.47317 0.42178
0.56681 0.47554 0.37945
0.52449 0.50031 0.38853
0.37083 0.39931 0.37419
0.35989 0.39231 0.42889
0.40839 0.53127 0.39489
0.59627 0.49645 0.43791
0.66208 0.47907 0.45515
0.53776 0.38814 0.32508
0.38194 0.33590 0.51628
0.63028 0.37395 0.28273
0.55830 0.46259 0.35056
0.39373 0.40119 0.33720
0.33382 0.40190 0.46235
0.47544 0.48078 0.34487
0.43475 0.34622 0.55566
0.57410 0.39232 0.40135
0.53512 0.43317 0.44508
0.49009 0.41672 0.33112
0.43682 0.33418 0.37848
0.53035 0.39135 0.35402
0.52865 0.47483 0.41485
0.51926 0.38219 0.48406
0.45374 0.43545 0.47532
0.58687 0.50718 0.36292
0.46063 0.40835 0.44015
0.44793 0.38950 0.59151
0.42640 0.34434 0.25045
0.56593 0.44326 0.54561
0.41996 0.44456 0.29646
0.30511 0.43913 0.42925
0.55811 0.40830 0.29317
0.57498 0.42979 0.30457
0.49789 0.39664 0.34805
0.53818 0.50221 0.39445
0.65113 0.48637 0.45650
0.49233 0.45413 0.29111
0.36129 0.34272 0.33477
0.42643 0.46958 0.30584
0.37873 0.41156 0.37888
0.54612 0.45779 0.36164
0.36674 0.43569 0.33550
0.47871 0.37844 0.32036
0.43633 0.39598 0.35631
0.48339 0.41340 0.34285
0.46400 0.46695 0.31183
0.49867 0.41292 0.33958
0.40168 0.38769 0.29553
0.45499 0.49297 0.40005
0.37895 0.43174 0.45156
0.47261 0.44304 0.47496
0.52184 0.51428 0.40497
0.34611 0.38157 0.50085
0.48293 0.43194 0.33952
0.40108 0.41157 0.35953
0.38885 0.42471 0.37757
0.30019 0.39137 0.50547
0.45235 0.37020 0.47247
0.54935 0.46309 0.52351
0.36637 0.30768 0.45033
0.45586 0.50713 0.29758
0.62934 0.46461 0.43350
0.56294 0.46227 0.40296
0.50907 0.44790 0.35355
0.49015 0.43288 0.31936
0.53635 0.50416 0.25563
0.62585 0.39746 0.27937
0.46139 0.46219 0.31814
0.52774 0.45161 0.41508
0.45063 0.35790 0.31145
0.45794 0.40222 0.46526
0.63646 0.51712 0.43582
0.47236 0.42647 0.33726
0.59326 0.39929 0.33545
0.55378 0.42319 0.53727
0.66479 0.53318 0.45441
0.58172 0.56552 0.43140
0.63760 0.43911 0.31593
0.62739 0.42240 0.43210
0.53467 0.40254 0.30200
0.67005 0.45864 0.31551
0.49868 0.39571 0.25811
0.63078 0.46868 0.47996
0.40025 0.34826 0.22537
0.45326 0.40953 0.33002
0.57882 0.41850 0.22043
0.50479 0.43722 0.45767
0.40631 0.39018 0.28571
0.48111 0.37353 0.37569
0.45011 0.43299 0.38283
0.49467 0.42553 0.51923
0.61865 0.52203 0.47210
0.51413 0.54465 0.49357
0.33618 0.34377 0.47902
0.38288 0.36057 0.25933
0.49627 0.41752 0.27278
0.55817 0.51096 0.27756
0.45149 0.43714 0.41195
0.65937 0.49792 0.44246
0.41154 0.35415 0.31103
0.61522 0.45284 0.34937
0.43653 0.40675 0.30218
0.41976 0.39588 0.38164
0.32794 0.37034 0.50764
0.43529 0.44342 0.50476
0.50310 0.39002 0.36196
0.60320 0.40659 0.32613
0.51155 0.38907 0.28233
0.46034 0.42709 0.48451
0.33379 0.42017 0.50200
0.39422 0.36172 0.19479
0.25270 0.26139 0.62808
0.56930 0.43405 0.38370
0.50228 0.44497 0.47972
0.50442 0.43009 0.39281
0.57395 0.45519 0.36655
0.56897 0.43803 0.39164
0.50476 0.43634 0.28305
0.33243 0.39833 0.40002
0.44439 0.31230 0.62456
0.22906 0.34292 0.49579
0.50073 0.42828 0.33175
0.45596 0.39197 0.40652
0.51147 0.51947 0.43685
0.58804 0.49041 0.52288
0.45294 0.35300 0.35207
0.64429 0.56841 0.51055
0.47405 0.48167 0.30107
0.54698 0.48443 0.34728
0.68165 0.43761 0.33498
0.48900 0.49884 0.33042
0.51764 0.43806 0.34638
0.42637 0.42794 0.41342
0.46860 0.45622 0.48327
0.52040 0.40604 0.50868
0.38854 0.50867 0.28464
0.40047 0.38206 0.37415
0.41329 0.36309 0.45465
0.31189 0.41882 0.27834
0.48693 0.49434 0.51859
0.65944 0.49000 0.37752
0.59349 0.47859 0.38632
0.32993 0.27364 0.51777
0.59414 0.50851 0.46251
0.47189 0.39948 0.42313
0.47554 0.46390 0.30471
0.45598 0.41891 0.38370
0.51325 0.45294 0.42816
0.60788 0.44702 0.29433
0.37818 0.40486 0.41798
0.48254 0.43827 0.54587
0.35269 0.33361 0.53213
0.40833 0.36502 0.49683
0.42479 0.43931 0.26778
0.34685 0.41004 0.39309
0.30296 0.43034 0.41171
0.40150 0.39057 0.28878
0.37230 0.42432 0.42956
