20 13 1000 14942 49
0.25191 0.82679 0.49637
0.39505 0.92977 0.21750
0.89100 0.66381 0.63072
0.72966 0.88133 0.64008
0.18756 0.21073 0.07930
0.76663 0.64212 0.39376
0.10381 0.55733 0.32560
0.82388 0.87699 0.73233
0.55609 0.04475 0.25016
0.41685 0.92765 0.68347
0.87458 0.14331 0.02610
0.85091 0.38315 0.99664
0.55957 0.53686 0.43415
0.52864 0.46178 0.31991
0.54085 0.69904 0.52907
0.56013 0.62459 0.44931
0.68408 0.67748 0.49107
0.53514 0.61529 0.45588
0.66243 0.68471 0.62159
0.57792 0.59778 0.49374
0.47221 0.47321 0.43000
0.42741 0.56919 0.36479
0.64089 0.64089 0.43400
0.61515 0.59030 0.39193
0.67061 0.70960 0.64268
0.67070 0.68715 0.52855
0.58578 0.62054 0.47556
0.56994 0.47205 0.37551
0.55373 0.52165 0.44086
0.40152 0.59922 0.42398
0.51315 0.63468 0.37127
0.62882 0.69161 0.48794
0.46454 0.57230 0.39585
0.40905 0.50586 0.43948
0.54703 0.69005 0.49971
0.57156 0.62097 0.50964
0.59133 0.57966 0.45853
0.46295 0.73835 0.38192
0.58600 0.69004 0.48172
0.65628 0.59528 0.57692
0.41136 0.62542 0.38276
0.54573 0.53519 0.39547
0.59709 0.64107 0.47004
0.44200 0.46706 0.36419
0.61970 0.58089 0.52235
0.58424 0.59205 0.39295
0.58952 0.50879 0.40627
0.53907 0.55364 0.52856
0.52938 0.39514 0.31602
0.67579 0.64150 0.57625
0.64504 0.58172 0.44024
0.61907 0.57681 0.49536
0.49234 0.66546 0.50094
0.52462 0.63582 0.38434
0.56745 0.60791 0.43983
0.63653 0.57337 0.39748
0.64171 0.70555 0.54347
0.65330 0.52912 0.37252
0.64660 0.54206 0.52569
0.57106 0.52694 0.42430
0.60156 0.59163 0.51285
0.66795 0.63181 0.52121
0.55776 0.62562 0.47898
0.47961 0.68688 0.47017
0.54627 0.70664 0.49179
0.55284 0.58544 0.45555
0.59715 0.57852 0.46982
0.52434 0.66901 0.47477
0.51001 0.49230 0.48802
0.72421 0.60575 0.58251
0.53945 0.63645 0.42536
0.55264 0.69890 0.53808
0.39498 0.69564 0.36154
0.60236 0.46549 0.46475
0.57747 0.59600 0.40940
0.56462 0.66799 0.51782
0.58143 0.50782 0.29344
0.43002 0.71245 0.32937
0.59396 0.52077 0.40897
0.56891 0.53978 0.44032
0.45805 0.48732 0.30456
0.54593 0.61016 0.43675
0.63146 0.51616 0.42112
0.52609 0.51578 0.47046
0.58071 0.54479 0.44112
0.58165 0.61386 0.46630
0.55591 0.45557 0.45237
0.42085 0.67916 0.37322
0.67085 0.53979 0.38482
0.57037 0.53313 0.49183
0.50182 0.57776 0.38740
0.56322 0.63178 0.39911
0.65212 0.68198 0.49513
0.70708 0.56749 0.61847
0.63407 0.70914 0.53835
0.48404 0.49161 0.30221
0.61192 0.59275 0.42444
0.60903 0.43267 0.38007
0.60420 0.60999 0.53071
0.65073 0.62837 0.48520
0.58548 0.59402 0.50959
0.53582 0.64315 0.47175
0.52252 0.67316 0.38759
0.48256 0.59285 0.38067
0.49530 0.70322 0.52164
0.52301 0.62296 0.40711
0.54355 0.60295 0.43846
0.52693 0.66971 0.46645
0.76828 0.54299 0.39284
0.59566 0.51105 0.47318
0.61041 0.43975 0.44825
0.51787 0.50006 0.43970
0.58872 0.66282 0.55355
0.52807 0.55113 0.44351
0.49627 0.75753 0.40176
0.57845 0.61107 0.47505
0.62421 0.51385 0.38814
0.47637 0.52432 0.37183
0.59810 0.59611 0.32923
0.64855 0.48413 0.37961
0.53759 0.56166 0.44049
0.45198 0.61597 0.45682
0.47588 0.69909 0.46013
0.52017 0.59373 0.40965
0.50932 0.57041 0.40093
0.64006 0.56003 0.48172
0.39875 0.68813 0.41797
0.55345 0.57783 0.49698
0.57048 0.64033 0.44965
0.56078 0.57581 0.41592
0.60554 0.55048 0.44737
0.64098 0.56305 0.48481
0.58922 0.78429 0.52654
0.58747 0.59016 0.40242
0.57775 0.63059 0.45977
0.56194 0.58949 0.38502
0.53413 0.62635 0.45424
0.57166 0.76807 0.53501
0.60795 0.48981 0.52093
0.54606 0.67401 0.41866
0.55855 0.49896 0.40367
0.61793 0.72403 0.55786
0.46753 0.59642 0.46257
0.61307 0.45092 0.38508
0.57468 0.56197 0.42350
0.56513 0.45289 0.33070
0.34498 0.62405 0.39590
0.54649 0.52673 0.36175
0.54703 0.60930 0.45255
0.66615 0.57091 0.52083
0.54762 0.62407 0.44190
0.67394 0.42891 0.34087
0.52792 0.60976 0.43427
0.52674 0.52860 0.41406
0.45492 0.44576 0.30311
0.59894 0.50693 0.41652
0.56020 0.58598 0.52672
0.54753 0.71339 0.41565
0.61944 0.52477 0.41924
0.50283 0.58812 0.42849
0.49411 0.59572 0.38728
0.54580 0.57022 0.44152
0.53267 0.53872 0.47597
0.57285 0.64199 0.46539
0.64269 0.64513 0.46883
0.56303 0.64805 0.50969
0.48695 0.64211 0.43665
0.65598 0.59705 0.55100
0.52512 0.57706 0.45304
0.48569 0.63207 0.41672
0.69479 0.69350 0.49494
0.63090 0.62677 0.59035
0.54233 0.45654 0.36209
0.55229 0.61197 0.37270
0.58995 0.61132 0.40071
0.39137 0.68831 0.41913
0.68122 0.63391 0.55493
0.58275 0.56387 0.40541
0.70022 0.64160 0.64244
0.65740 0.56428 0.43628
0.62860 0.57298 0.44315
0.52409 0.54166 0.33554
0.70839 0.55776 0.56983
0.53540 0.55934 0.39780
0.48834 0.60855 0.44331
0.67488 0.49115 0.45637
0.65995 0.46114 0.46431
0.43830 0.62245 0.38986
0.45847 0.62124 0.41840
0.41696 0.63663 0.45192
0.53645 0.67528 0.48854
0.65013 0.62269 0.64474
0.66059 0.63225 0.49181
0.59280 0.65727 0.47471
0.52635 0.59129 0.42317
0.57217 0.65276 0.46188
0.63370 0.51745 0.37371
0.47787 0.49979 0.30877
0.64040 0.46129 0.33387
0.62123 0.56889 0.41139
0.66044 0.58053 0.45233
0.58441 0.65265 0.58154
0.65859 0.51036 0.45999
0.58403 0.41132 0.34331
0.65461 0.47004 0.32455
0.52528 0.52500 0.43608
0.56010 0.51784 0.45336
0.53497 0.61702 0.43088
0.50876 0.58766 0.41403
0.63407 0.57522 0.40469
0.57135 0.62576 0.55467
0.59945 0.72555 0.61087
0.53705 0.63655 0.50376
0.65122 0.49934 0.40369
0.57902 0.58255 0.52058
0.56466 0.59871 0.47500
0.48622 0.57667 0.43887
0.59827 0.61822 0.43450
0.58586 0.53463 0.57602
0.46451 0.52661 0.38595
0.50875 0.64726 0.42071
0.57657 0.58436 0.47259
0.54470 0.64479 0.49060
0.55361 0.61162 0.52248
0.56400 0.60491 0.51664
0.43570 0.69778 0.39425
0.46588 0.69612 0.46306
0.60768 0.56064 0.41923
0.47262 0.57242 0.45127
0.61945 0.65386 0.46901
0.54555 0.53860 0.50080
0.54014 0.60626 0.45423
0.54757 0.43349 0.34999
0.46851 0.55610 0.35323
0.54004 0.47738 0.37519
0.48266 0.74420 0.44475
0.63181 0.61278 0.46143
0.69561 0.55639 0.48988
0.72283 0.50274 0.41044
0.68393 0.55335 0.48798
0.67019 0.67292 0.49450
0.54266 0.38564 0.30779
0.51617 0.57154 0.41076
0.56191 0.45938 0.44927
0.53833 0.59127 0.49977
0.48357 0.49201 0.44407
0.62139 0.43968 0.34033
0.60524 0.49347 0.45966
0.55052 0.68215 0.46334
0.62334 0.54622 0.50368
0.53495 0.65038 0.48512
0.62490 0.52881 0.40106
0.50595 0.54012 0.37778
0.50201 0.64142 0.51700
0.67226 0.64824 0.47658
0.55900 0.51216 0.53351
0.61537 0.60677 0.51720
0.66284 0.49004 0.50077
0.52067 0.64081 0.43638
0.58877 0.52610 0.47231
0.59928 0.73415 0.46824
0.64386 0.58451 0.58661
0.46856 0.67213 0.42888
0.54409 0.64224 0.51541
0.62185 0.50725 0.39158
0.62100 0.48808 0.41051
0.63508 0.62455 0.53095
0.55767 0.66288 0.55272
0.63130 0.66155 0.51664
0.46056 0.53509 0.41290
0.66139 0.65978 0.54844
0.64422 0.53717 0.41729
0.58300 0.62147 0.36953
0.64547 0.45692 0.33857
0.56416 0.56244 0.52807
0.57944 0.60917 0.43182
0.59724 0.53729 0.55355
0.67668 0.69352 0.57519
0.64661 0.60909 0.44411
0.54131 0.53022 0.39742
0.58650 0.59504 0.50191
0.52336 0.57431 0.37147
0.50876 0.62748 0.34562
0.54653 0.72259 0.50066
0.61037 0.59761 0.46784
0.60113 0.55993 0.45296
0.51094 0.42176 0.30493
0.55063 0.51931 0.40025
0.52840 0.58704 0.50437
0.60051 0.69406 0.56043
0.44895 0.53554 0.39649
0.54139 0.59723 0.42673
0.59683 0.59912 0.50366
0.52293 0.57974 0.43479
0.66384 0.52537 0.44248
0.63141 0.52835 0.48863
0.57294 0.41801 0.34636
0.42812 0.48026 0.37557
0.50156 0.59312 0.41215
0.40194 0.56647 0.29847
0.50685 0.50675 0.35456
0.56589 0.49149 0.38761
0.51549 0.71962 0.47122
0.52780 0.65242 0.48555
0.58980 0.51989 0.51230
0.49248 0.75243 0.55275
0.56498 0.62298 0.37704
0.54894 0.63482 0.42981
0.55153 0.64108 0.41438
0.47124 0.43534 0.42610
0.54873 0.63150 0.51944
0.59131 0.65031 0.55791
0.62734 0.58768 0.38250
0.61700 0.49796 0.44579
0.44542 0.71820 0.48547
0.63790 0.57685 0.41877
0.56183 0.64059 0.47426
0.48332 0.67130 0.46169
0.66384 0.66575 0.57074
0.59591 0.63283 0.53262
0.59543 0.61198 0.52217
0.54367 0.41685 0.39485
0.60564 0.62282 0.45473
0.62770 0.46892 0.48153
0.60258 0.53082 0.44903
0.51196 0.46352 0.37967
0.55271 0.46301 0.45099
0.61804 0.63826 0.37662
0.60166 0.56739 0.42560
0.53590 0.60097 0.40699
0.51217 0.46144 0.33597
0.63503 0.65184 0.41990
0.52965 0.61757 0.48609
0.62303 0.55861 0.42820
0.62006 0.65074 0.63186
0.65258 0.65013 0.58362
0.55093 0.62720 0.48722
0.71401 0.57008 0.53460
0.51957 0.55324 0.52898
0.57126 0.64891 0.51776
0.48170 0.47689 0.32484
0.71219 0.57424 0.59875
0.56687 0.52587 0.36846
0.50845 0.49022 0.29823
0.50923 0.58986 0.41892
0.57100 0.63397 0.49609
0.60589 0.73081 0.60183
0.58894 0.44758 0.32480
0.62197 0.54546 0.45618
0.50705 0.46330 0.37354
0.53625 0.63329 0.41687
0.55933 0.61439 0.45180
0.65084 0.57346 0.45597
0.60683 0.70863 0.52435
0.61202 0.63769 0.62366
0.57971 0.56659 0.49642
0.55415 0.62393 0.46131
0.63379 0.50177 0.46434
0.56800 0.72245 0.52387
0.63212 0.55094 0.56183
0.64437 0.68371 0.59745
0.61363 0.67517 0.54034
0.64775 0.62402 0.49680
0.62427 0.51276 0.45368
0.63057 0.57452 0.38545
0.56017 0.57530 0.37575
0.59371 0.59733 0.46196
0.63220 0.56357 0.45424
0.51406 0.72177 0.56607
0.50138 0.66693 0.46498
0.58409 0.61762 0.47929
0.40059 0.71045 0.41970
0.55388 0.52202 0.46110
0.55159 0.54409 0.44455
0.61995 0.48551 0.38426
0.58741 0.70697 0.52491
0.54882 0.62927 0.46677
0.56050 0.58442 0.49409
0.62777 0.58374 0.49147
0.57091 0.59422 0.44410
0.55092 0.65005 0.42065
0.55014 0.67575 0.45408
0.64249 0.49261 0.57438
0.55712 0.62259 0.43267
0.50265 0.42019 0.36472
0.59076 0.57637 0.54065
0.52349 0.63897 0.55189
0.56369 0.69534 0.49748
0.53545 0.72550 0.44919
0.56662 0.67085 0.56282
0.62669 0.53632 0.38985
0.51024 0.64223 0.43310
0.49972 0.63474 0.39862
0.51753 0.47861 0.38989
0.62784 0.43316 0.34426
0.46396 0.58613 0.44938
0.56700 0.50050 0.40452
0.63402 0.66136 0.53614
0.48654 0.53477 0.46885
0.60890 0.52917 0.49863
0.56072 0.66807 0.32999
0.54323 0.57380 0.47253
0.56618 0.65427 0.44303
0.74800 0.55794 0.45735
0.60251 0.58062 0.62545
0.62772 0.49088 0.39183
0.52539 0.52666 0.48577
0.44029 0.59027 0.39145
0.59356 0.50900 0.45841
0.54845 0.59925 0.39240
0.50119 0.68317 0.48488
0.60830 0.59313 0.39035
0.45139 0.40974 0.30877
0.56202 0.66379 0.50581
0.74706 0.61433 0.70236
0.48425 0.64150 0.43881
0.63552 0.48291 0.39373
0.45105 0.55707 0.53772
0.47547 0.65504 0.38498
0.63014 0.58990 0.53736
0.54996 0.61847 0.43884
0.55208 0.57883 0.54100
0.52231 0.61599 0.42598
0.59019 0.49358 0.30447
0.60459 0.69855 0.48941
0.37744 0.65553 0.43940
0.46754 0.64709 0.42534
0.58929 0.57218 0.49316
0.52378 0.70198 0.50439
0.63313 0.47245 0.42684
0.52255 0.58955 0.44595
0.62792 0.38302 0.36526
0.69849 0.57839 0.48175
0.43731 0.53899 0.36731
0.48608 0.54400 0.36819
0.63598 0.63808 0.46721
0.58529 0.65137 0.34651
0.55319 0.58993 0.45092
0.62261 0.49650 0.37666
0.57454 0.57817 0.41512
0.48355 0.59062 0.41500
0.55291 0.70645 0.51738
0.53759 0.67392 0.48177
0.52353 0.66628 0.42934
0.68326 0.60615 0.51320
0.58107 0.82692 0.50893
0.52810 0.62836 0.46746
0.52493 0.68834 0.53304
0.46795 0.76732 0.49866
0.70256 0.61193 0.54024
0.51952 0.71378 0.45469
0.55881 0.53838 0.52404
0.64918 0.69439 0.58359
0.58256 0.49701 0.41693
0.55058 0.55152 0.42909
0.61069 0.57485 0.45896
0.49472 0.57984 0.47491
0.62617 0.51530 0.43653
0.59055 0.45375 0.36382
0.50985 0.44382 0.37031
0.62706 0.64963 0.53527
0.41002 0.47174 0.31454
0.52032 0.68432 0.50638
0.65875 0.61535 0.56138
0.62768 0.67641 0.55191
0.66001 0.43818 0.30704
0.58846 0.60365 0.38104
0.52465 0.59832 0.45548
0.52635 0.49450 0.46879
0.52524 0.59620 0.47200
0.58359 0.52976 0.39329
0.58684 0.72210 0.51159
0.72951 0.53617 0.48237
0.50874 0.46381 0.34670
0.66751 0.50871 0.43277
0.55509 0.55127 0.34137
0.55265 0.54888 0.45052
0.40858 0.62016 0.39876
0.64345 0.67957 0.48725
0.65972 0.65744 0.52594
0.56965 0.55549 0.38547
0.56785 0.56601 0.46563
0.64166 0.46873 0.27913
0.60537 0.57454 0.49027
0.62495 0.52042 0.44300
0.66079 0.60273 0.43506
0.48082 0.56569 0.42510
0.64136 0.60956 0.52713
0.54936 0.67882 0.49461
0.41215 0.71874 0.31834
0.62233 0.54233 0.40653
0.64206 0.72361 0.57471
0.65959 0.68399 0.55929
0.49729 0.58383 0.43029
0.51216 0.52322 0.42706
0.63939 0.55994 0.45383
0.59008 0.68817 0.45799
0.52236 0.57745 0.52691
0.48261 0.46739 0.41930
0.64782 0.63494 0.49629
0.56168 0.56225 0.44908
0.55879 0.44335 0.37406
0.61429 0.62975 0.54510
0.67933 0.58795 0.48307
0.59713 0.62760 0.48985
0.39293 0.58590 0.29367
0.47867 0.56084 0.39327
0.57834 0.66436 0.50550
0.50021 0.43465 0.36988
0.59076 0.65001 0.55944
0.43864 0.69945 0.44272
0.64120 0.53199 0.40344
0.47702 0.68998 0.39193
0.64824 0.65849 0.51842
0.73297 0.73593 0.58942
0.61511 0.58745 0.51810
0.67637 0.66727 0.64852
0.55178 0.71515 0.49852
0.45149 0.61373 0.43219
0.42627 0.58492 0.39373
0.50065 0.66693 0.43866
0.52885 0.41685 0.34707
0.64863 0.56829 0.43186
0.51823 0.44264 0.30277
0.45464 0.67248 0.50003
0.53194 0.58092 0.45877
0.52546 0.76359 0.44463
0.63608 0.50007 0.35272
0.55167 0.65718 0.50612
0.51229 0.62907 0.58211
0.50553 0.69967 0.34806
0.66289 0.53372 0.55727
0.48976 0.70524 0.40441
0.57290 0.61225 0.48388
0.54216 0.61786 0.39901
0.53296 0.67876 0.53058
0.65747 0.55713 0.48991
0.58122 0.56568 0.49743
0.60835 0.68648 0.48476
0.46432 0.47993 0.28743
0.45612 0.45893 0.37834
0.54118 0.65869 0.58525
0.60450 0.51672 0.43814
0.61257 0.54720 0.39690
0.53603 0.59551 0.50003
0.53951 0.75175 0.52344
0.49212 0.53861 0.48241
0.50246 0.59991 0.44501
0.48788 0.52915 0.36506
0.63836 0.56092 0.36946
0.59757 0.55844 0.65085
0.58902 0.59651 0.51035
0.62716 0.49871 0.45398
0.56433 0.41039 0.30427
0.56181 0.63496 0.47162
0.50305 0.51535 0.37701
0.61564 0.55566 0.40153
0.63410 0.47553 0.41892
0.51484 0.61534 0.51804
0.54909 0.56246 0.41400
0.48491 0.57339 0.42269
0.57552 0.59748 0.50344
0.49910 0.61467 0.42085
0.62284 0.68967 0.48019
0.62215 0.56903 0.49481
0.56587 0.52377 0.47803
0.54036 0.50850 0.47329
0.46589 0.71849 0.47830
0.47636 0.52388 0.35512
0.55184 0.40593 0.25758
0.51929 0.70681 0.40935
0.54506 0.69019 0.53457
0.58314 0.56426 0.49377
0.66359 0.55714 0.53256
0.52568 0.59043 0.42466
0.61942 0.53733 0.46182
0.52684 0.68978 0.40921
0.57624 0.62013 0.53852
0.55803 0.58387 0.40523
0.42278 0.53153 0.35185
0.44036 0.62425 0.40997
0.54193 0.62503 0.45812
0.39601 0.63823 0.41383
0.58035 0.58782 0.55187
0.63029 0.58539 0.42767
0.62863 0.53901 0.47722
0.43507 0.48549 0.33786
0.51298 0.50145 0.39138
0.57237 0.35971 0.38338
0.63367 0.60510 0.53096
0.68976 0.53465 0.49075
0.61030 0.54682 0.47066
0.62926 0.57664 0.44853
0.64112 0.59603 0.48843
0.45606 0.66755 0.46915
0.51283 0.47519 0.38604
0.56848 0.63763 0.55212
0.52538 0.61283 0.41786
0.60601 0.58769 0.48620
0.55943 0.51515 0.33023
0.60181 0.60135 0.51095
0.53047 0.64752 0.47137
0.55635 0.52954 0.38449
0.53782 0.58174 0.42822
0.60368 0.54319 0.39937
0.55079 0.53116 0.43840
0.60442 0.54007 0.44184
0.53879 0.70839 0.53473
0.55640 0.61431 0.49517
0.68370 0.68561 0.58320
0.52705 0.57154 0.42855
0.54580 0.60521 0.47185
0.52416 0.60417 0.51282
0.69759 0.36518 0.39637
0.52944 0.61749 0.47223
0.55295 0.57309 0.39594
0.46189 0.70999 0.44333
0.52395 0.51574 0.45861
0.56675 0.63274 0.43619
0.56880 0.60117 0.59295
0.47259 0.64755 0.42586
0.51072 0.50231 0.40667
0.52376 0.58883 0.52240
0.69075 0.60299 0.55334
0.61090 0.57470 0.44751
0.59865 0.53900 0.51524
0.61116 0.66224 0.53315
0.64501 0.55054 0.57306
0.43347 0.69052 0.45665
0.65459 0.48561 0.56546
0.49645 0.65194 0.32081
0.54943 0.63653 0.34275
0.72623 0.65919 0.49830
0.55824 0.62405 0.48332
0.44171 0.64707 0.41418
0.62644 0.52288 0.48233
0.67469 0.61321 0.44057
0.57981 0.72763 0.54106
0.59662 0.61787 0.50884
0.45691 0.54715 0.43349
0.46521 0.59412 0.44793
0.57716 0.56463 0.43274
0.42638 0.60187 0.30279
0.51929 0.59832 0.45512
0.41159 0.58162 0.37760
0.58134 0.66323 0.38978
0.72066 0.58448 0.50436
0.64170 0.49002 0.40873
0.52716 0.60043 0.45985
0.46198 0.66620 0.46120
0.60717 0.72995 0.59246
0.49730 0.54820 0.30031
0.66177 0.61560 0.56329
0.57878 0.63527 0.41230
0.57642 0.70925 0.51296
0.43649 0.64294 0.44816
0.55478 0.63983 0.46001
0.47257 0.45655 0.29046
0.44503 0.52053 0.37025
0.57570 0.64880 0.50769
0.64214 0.67776 0.54025
0.59694 0.61626 0.45124
0.58017 0.50694 0.40080
0.52009 0.52823 0.43718
0.53169 0.52716 0.42271
0.62368 0.58977 0.47818
0.48766 0.69991 0.48320
0.61020 0.64046 0.39926
0.47327 0.68928 0.45801
0.47998 0.60060 0.37466
0.59079 0.64534 0.45248
0.54141 0.54614 0.41523
0.39729 0.61732 0.42254
0.59883 0.61070 0.35854
0.57118 0.49981 0.54669
0.62521 0.51527 0.48334
0.58739 0.50962 0.42220
0.63838 0.54717 0.45343
0.53962 0.41337 0.40824
0.57599 0.62919 0.48317
0.44043 0.53446 0.34296
0.51640 0.58526 0.55102
0.42363 0.52907 0.32284
0.53165 0.62488 0.44210
0.61340 0.54758 0.44172
0.54376 0.60639 0.42929
0.58717 0.63509 0.51850
0.68041 0.56117 0.38779
0.46828 0.56125 0.41107
0.56060 0.71765 0.45570
0.51290 0.56446 0.41924
0.56279 0.68291 0.40654
0.66188 0.62824 0.53271
0.67554 0.69433 0.51752
0.52386 0.51636 0.43651
0.70052 0.77070 0.63566
0.57164 0.68009 0.50860
0.65728 0.60724 0.39722
0.59524 0.64001 0.51559
0.63135 0.71259 0.55906
0.43102 0.49197 0.36454
0.68106 0.52214 0.40531
0.57630 0.58103 0.43125
0.61019 0.56497 0.53708
0.70229 0.47728 0.60971
0.54686 0.56035 0.40254
0.44237 0.58123 0.40175
0.67635 0.56657 0.53412
0.59731 0.69522 0.52638
0.63433 0.42154 0.33156
0.52654 0.57130 0.38042
0.57450 0.61361 0.48435
0.54356 0.61244 0.56328
0.51766 0.58589 0.44402
0.60766 0.48707 0.37828
0.58574 0.63098 0.46819
0.56151 0.65713 0.63557
0.63190 0.47041 0.37344
0.45743 0.52781 0.36918
0.45693 0.56841 0.36668
0.53157 0.67560 0.48805
0.56249 0.66374 0.46126
0.66051 0.44109 0.36484
0.47284 0.62878 0.43509
0.59990 0.67269 0.49497
0.57207 0.42170 0.24918
0.41808 0.56544 0.40520
0.60394 0.66785 0.55348
0.54291 0.71271 0.48018
0.47912 0.57618 0.42485
0.66264 0.58215 0.57507
0.59933 0.62538 0.45576
0.63340 0.67742 0.56170
0.50880 0.50536 0.47650
0.60783 0.61797 0.58178
0.51970 0.50596 0.43347
0.57963 0.46578 0.35334
0.53492 0.62068 0.38777
0.54899 0.63575 0.45257
0.67888 0.39020 0.26150
0.54119 0.51746 0.36878
0.58472 0.45172 0.35726
0.48780 0.51646 0.36679
0.65104 0.53684 0.48349
0.56739 0.64020 0.54010
0.53069 0.65755 0.47779
0.68765 0.64975 0.64308
0.55534 0.62590 0.51181
0.68533 0.67987 0.66931
0.59643 0.61930 0.40267
0.55814 0.74647 0.57158
0.59624 0.47132 0.34842
0.52626 0.53693 0.44035
0.51542 0.59462 0.39241
0.50623 0.68708 0.51358
0.59751 0.74574 0.54116
0.68485 0.45821 0.34586
0.54331 0.52443 0.36581
0.60665 0.62196 0.49398
0.52845 0.56662 0.38030
0.64528 0.58851 0.54249
0.53695 0.52769 0.45729
0.54380 0.56744 0.30953
0.56299 0.50166 0.37399
0.61550 0.48229 0.46568
0.56248 0.61025 0.45785
0.68321 0.64085 0.48956
0.68696 0.58504 0.47687
0.56858 0.63988 0.48424
0.54001 0.58148 0.35527
0.53556 0.60269 0.51636
0.49346 0.44853 0.25876
0.49307 0.68621 0.36946
0.60177 0.58391 0.59701
0.68104 0.51898 0.45285
0.63439 0.68353 0.49794
0.61399 0.51879 0.40961
0.54615 0.59237 0.46340
0.68149 0.65802 0.50301
0.57793 0.53249 0.48200
0.48153 0.62498 0.39781
0.63015 0.54842 0.45873
0.61809 0.59781 0.53497
0.61728 0.55368 0.51423
0.52294 0.49456 0.40005
0.57601 0.74154 0.47243
0.58476 0.68881 0.52486
0.64394 0.60255 0.49312
0.53864 0.62357 0.42981
0.56874 0.59497 0.45739
0.50065 0.65020 0.44099
0.53284 0.47829 0.40210
0.48469 0.63194 0.34020
0.51158 0.55450 0.41764
0.52822 0.72311 0.42761
0.63996 0.64658 0.40791
0.63693 0.55518 0.45463
0.63696 0.57028 0.55311
0.50820 0.67837 0.46003
0.48547 0.72503 0.39926
0.59122 0.60593 0.46994
0.63491 0.57077 0.49672
0.59097 0.58175 0.44159
0.62189 0.55053 0.52163
0.57869 0.58990 0.44078
0.55637 0.50707 0.42633
0.56040 0.51134 0.37526
0.56308 0.64945 0.51062
0.63093 0.57911 0.47783
0.50836 0.54264 0.43779
0.64172 0.59918 0.51265
0.44705 0.57706 0.46744
0.65660 0.50769 0.43643
0.51359 0.70944 0.50804
0.44883 0.66675 0.50182
0.64411 0.60285 0.54851
0.68460 0.55738 0.59312
0.60382 0.61965 0.49421
0.60392 0.57283 0.47297
0.49747 0.59504 0.41996
0.54363 0.57274 0.42779
0.55169 0.59475 0.52496
0.57849 0.64727 0.51256
0.52930 0.58446 0.40281
0.63966 0.64210 0.53901
0.67651 0.58110 0.65857
0.61940 0.65066 0.44951
0.52842 0.71589 0.47911
0.65347 0.53670 0.63459
0.58852 0.45263 0.32584
0.70368 0.50421 0.47878
0.65457 0.54209 0.44826
0.60328 0.61827 0.53979
0.45358 0.60070 0.42066
0.57727 0.65286 0.48414
0.51211 0.60670 0.38943
0.53482 0.50528 0.38874
0.58925 0.57156 0.44726
0.47095 0.56586 0.36638
0.44367 0.52665 0.36786
0.65057 0.55982 0.50675
0.55226 0.51537 0.36297
0.51515 0.66094 0.44192
0.55005 0.68009 0.49530
0.62853 0.52645 0.45609
0.63945 0.60707 0.50262
0.60893 0.55225 0.56941
0.66274 0.54883 0.43704
0.44806 0.58629 0.35979
0.55564 0.73390 0.41118
0.57686 0.64060 0.57707
0.60861 0.54650 0.56454
0.62851 0.46886 0.39651
0.66128 0.73526 0.56641
0.60058 0.51619 0.31291
0.60348 0.53330 0.38944
0.50816 0.65036 0.49392
0.57228 0.53781 0.44473
0.59358 0.57649 0.45353
0.56003 0.61208 0.47697
0.57133 0.63716 0.51847
0.50595 0.63622 0.39482
0.53246 0.50169 0.32613
0.62728 0.65054 0.46252
0.62164 0.64669 0.48134
0.55445 0.55910 0.45117
0.41872 0.37986 0.26605
0.39612 0.40669 0.27705
0.56498 0.53517 0.40161
0.65716 0.42281 0.31536
0.63666 0.59308 0.60415
0.52686 0.69759 0.49218
0.62852 0.58862 0.41149
0.55508 0.55503 0.48584
0.58967 0.76477 0.52073
0.53329 0.42151 0.38752
0.57025 0.52969 0.41039
0.48990 0.61402 0.35754
0.68913 0.54978 0.42227
0.45494 0.64686 0.48436
0.67146 0.58922 0.50986
0.57926 0.74836 0.49513
0.58933 0.63610 0.47683
0.58701 0.67064 0.43570
0.55070 0.70409 0.46710
0.54747 0.60843 0.50685
0.69682 0.63338 0.51835
0.60867 0.66016 0.52088
0.52523 0.54141 0.37824
0.50694 0.64301 0.48770
0.58393 0.63730 0.46408
0.59724 0.56639 0.47842
0.43192 0.64712 0.44710
0.71233 0.53617 0.45928
0.65733 0.60608 0.54228
0.59980 0.51636 0.31974
0.63031 0.52422 0.42842
0.65771 0.62514 0.49431
0.61498 0.61618 0.51845
0.46506 0.64922 0.45904
0.62420 0.50087 0.41077
0.61354 0.51254 0.51557
0.53786 0.57557 0.48870
0.40191 0.77455 0.50654
0.54708 0.66728 0.50364
0.58714 0.54960 0.38839
0.51380 0.49895 0.37028
0.50736 0.51718 0.39430
0.63249 0.45331 0.41166
0.50846 0.62069 0.44946
0.62169 0.62716 0.43363
0.59788 0.56660 0.41206
0.54951 0.74858 0.57606
0.55580 0.52089 0.31994
0.66367 0.45859 0.53290
0.66998 0.50958 0.52959
0.52736 0.78384 0.44901
0.56648 0.50572 0.45709
0.49930 0.62792 0.40774
0.56389 0.58596 0.42017
0.64826 0.44763 0.42637
0.55128 0.65111 0.47854
0.54878 0.66655 0.49975
0.65079 0.55933 0.57464
0.50285 0.48490 0.37011
0.52191 0.58102 0.46513
0.50769 0.52250 0.48113
0.44512 0.53154 0.37471
0.50302 0.55593 0.49224
0.41190 0.55270 0.38363
0.53227 0.52559 0.38784
0.53117 0.53129 0.36884
0.74317 0.56159 0.49979
0.58327 0.73836 0.53329
0.51705 0.73967 0.42656
0.66133 0.39959 0.28087
0.64429 0.62574 0.53151
0.50167 0.45447 0.28769
0.52108 0.64305 0.37246
0.52914 0.72891 0.53624
0.51045 0.74630 0.50889
0.66690 0.61369 0.58528
0.53669 0.46738 0.28453
0.51780 0.66959 0.53010
0.54095 0.66552 0.51859
0.57184 0.67591 0.40075
0.53010 0.45156 0.41714
0.64595 0.50426 0.48360
0.49029 0.55918 0.32172
0.52207 0.53397 0.46396
0.59692 0.49440 0.50189
0.52135 0.61426 0.41413
0.66839 0.67598 0.57329
0.62531 0.52398 0.42044
0.55259 0.58316 0.47156
0.60032 0.40092 0.32665
0.56453 0.52919 0.53036
0.64683 0.58759 0.48137
0.40803 0.58753 0.39829
0.58376 0.50703 0.45104
0.54745 0.45674 0.37709
0.44400 0.57970 0.41858
0.41184 0.54747 0.47260
0.48790 0.59052 0.42612
0.43723 0.55552 0.41004
0.63917 0.52349 0.37502
0.52766 0.63038 0.45977
0.55607 0.54013 0.41219
0.48691 0.58569 0.39568
0.51838 0.48266 0.34750
0.62618 0.51646 0.40917
0.51131 0.49189 0.40028
0.57024 0.55898 0.48643
0.58733 0.66328 0.57238
0.56148 0.50596 0.46218
0.49398 0.55985 0.46731
0.50576 0.71283 0.43601
0.55240 0.73222 0.50619
0.53299 0.53301 0.35481
0.60674 0.61235 0.47287
0.62486 0.54562 0.47800
0.53668 0.53909 0.32299
0.69009 0.43462 0.44833
0.64090 0.36026 0.50302
0.55745 0.55603 0.35493
0.57607 0.49447 0.36321
0.48184 0.70308 0.51957
0.55675 0.56818 0.45571
0.65665 0.60753 0.45527
0.60028 0.63266 0.60393
0.48139 0.59042 0.36532
0.50257 0.51507 0.42928
0.46931 0.44364 0.27953
0.51493 0.67498 0.45001
0.55802 0.43759 0.38157
0.54705 0.64496 0.33310
0.59182 0.65794 0.51277
0.57736 0.60192 0.52764
0.58614 0.67673 0.51591
0.66829 0.59881 0.47805
0.68014 0.56040 0.54824
0.59200 0.55782 0.47352
0.60574 0.56474 0.55191
0.53099 0.69268 0.50332
0.61188 0.60147 0.49553
0.60555 0.65146 0.40033
0.59849 0.58113 0.50950
0.51708 0.46260 0.37014
0.59431 0.54860 0.44623
0.56865 0.53700 0.38653
0.58343 0.63452 0.44906
0.60735 0.44767 0.26252
0.57143 0.55241 0.44535
