20 10 1000 30212 184
0.19727 0.63353 0.58682
0.24848 0.80622 0.72522
0.18705 0.47044 0.17251
0.40687 0.28635 0.80837
0.57011 0.94013 0.60042
0.55148 0.41708 0.11357
0.03719 0.35759 0.77563
0.63518 0.81961 0.74015
0.06036 0.83644 0.87201
0.05776 0.29214 0.94592
0.31875 0.69819 0.68889
0.30234 0.52452 0.65649
0.27683 0.72152 0.70934
0.25429 0.53009 0.69286
0.35340 0.65282 0.54584
0.31182 0.46398 0.70731
0.34135 0.66832 0.65185
0.27057 0.43606 0.54061
0.24333 0.48410 0.74998
0.27192 0.61666 0.58492
0.28933 0.53257 0.67438
0.26666 0.57630 0.76367
0.34212 0.64464 0.68494
0.28297 0.61451 0.66672
0.26269 0.67483 0.63329
0.19985 0.56426 0.61232
0.26974 0.76816 0.71823
0.37683 0.55590 0.46010
0.18515 0.59606 0.57588
0.29841 0.58048 0.53809
0.30870 0.62238 0.58475
0.30605 0.57410 0.46675
0.30885 0.52772 0.48485
0.31852 0.67729 0.66824
0.21627 0.47454 0.62424
0.40130 0.56912 0.49898
0.17291 0.60614 0.65371
0.29151 0.53747 0.57071
0.27589 0.69168 0.65871
0.37021 0.60939 0.57770
0.26840 0.66649 0.75914
0.35072 0.62661 0.67023
0.31289 0.63831 0.73253
0.25401 0.66425 0.72906
0.21867 0.55313 0.78568
0.32683 0.64354 0.63806
0.15639 0.50582 0.79436
0.26866 0.55649 0.71464
0.27483 0.52878 0.71473
0.18427 0.57811 0.73913
0.20391 0.40726 0.65587
0.19312 0.49055 0.67091
0.29989 0.56064 0.66054
0.24275 0.63772 0.62728
0.37175 0.62866 0.69060
0.27156 0.63534 0.60540
0.37684 0.58916 0.56586
0.29641 0.52936 0.68431
0.35112 0.63381 0.56568
0.27185 0.53957 0.61815
0.25120 0.56328 0.54245
0.38579 0.60311 0.59757
0.40186 0.53268 0.60790
0.22422 0.49520 0.69277
0.20617 0.53976 0.51144
0.21244 0.55760 0.70542
0.37439 0.65838 0.64392
0.39547 0.56787 0.52170
0.28785 0.62137 0.52117
0.42611 0.57935 0.63181
0.25562 0.56781 0.65331
0.22873 0.61624 0.62836
0.33620 0.52723 0.71171
0.37465 0.52942 0.46204
0.27499 0.62578 0.71232
0.37189 0.57888 0.59818
0.34622 0.58417 0.75351
0.26228 0.56041 0.64861
0.24749 0.57394 0.62001
0.33391 0.53616 0.58196
0.29631 0.52756 0.58854
0.36486 0.56442 0.41546
0.25429 0.59347 0.66288
0.36498 0.56725 0.61611
0.17616 0.51270 0.70315
0.31979 0.46800 0.65287
0.30314 0.55862 0.65375
0.27059 0.42526 0.61282
0.35163 0.61080 0.64774
0.35087 0.61197 0.71543
0.18846 0.55600 0.69750
0.27975 0.67746 0.62937
0.36334 0.60255 0.68692
0.26274 0.43056 0.68005
0.31588 0.60514 0.63881
0.32082 0.52572 0.77480
0.26370 0.59960 0.64746
0.27568 0.59888 0.57987
0.30880 0.62846 0.55507
0.31896 0.37615 0.70512
0.14883 0.61651 0.71207
0.36743 0.64229 0.68426
0.21387 0.66861 0.65970
0.34968 0.63368 0.61630
0.35120 0.58809 0.70667
0.30697 0.61126 0.61576
0.30078 0.50081 0.49779
0.26191 0.57728 0.63591
0.26161 0.44375 0.58079
0.24526 0.64959 0.60260
0.39879 0.61406 0.67792
0.26033 0.54788 0.49364
0.21551 0.60932 0.60787
0.29043 0.58091 0.50763
0.27568 0.57632 0.60624
0.23138 0.51496 0.51290
0.36971 0.50170 0.68043
0.26591 0.48633 0.47512
0.29563 0.61083 0.65470
0.35946 0.50156 0.48205
0.36186 0.63334 0.67236
0.38692 0.57280 0.71896
0.32481 0.64447 0.65417
0.25414 0.59684 0.57374
0.22188 0.52003 0.64513
0.15509 0.47041 0.69973
0.23049 0.51857 0.70456
0.29073 0.61616 0.64795
0.30738 0.69718 0.59492
0.41179 0.62854 0.51316
0.20206 0.55876 0.70688
0.28229 0.63166 0.66117
0.28543 0.66248 0.64356
0.24769 0.47059 0.65735
0.33215 0.57381 0.43315
0.29468 0.55468 0.63164
0.25166 0.49766 0.68935
0.25791 0.64213 0.70976
0.21155 0.58575 0.67008
0.20607 0.43722 0.67310
0.37765 0.53086 0.46759
0.23349 0.52365 0.66864
0.21467 0.65465 0.71067
0.33950 0.66074 0.65993
0.26334 0.62435 0.52326
0.41994 0.56536 0.60087
0.41470 0.62966 0.59900
0.37911 0.66032 0.65551
0.29182 0.43012 0.67209
0.20257 0.59119 0.65383
0.28856 0.47345 0.67142
0.30228 0.53274 0.52716
0.30862 0.55628 0.52092
0.21931 0.57214 0.59842
0.21881 0.53276 0.60518
0.19905 0.56469 0.71978
0.32279 0.56381 0.49295
0.25395 0.54214 0.56891
0.31281 0.68012 0.67149
0.16757 0.56406 0.72159
0.32955 0.49493 0.59123
0.22837 0.56915 0.71925
0.27593 0.56251 0.72051
0.39243 0.62443 0.57417
0.27223 0.67753 0.62524
0.30725 0.51929 0.56956
0.27577 0.57232 0.63049
0.29253 0.63110 0.60713
0.22231 0.53904 0.72232
0.28392 0.46456 0.73463
0.25521 0.62706 0.66173
0.31797 0.48103 0.50180
0.29147 0.61557 0.59108
0.37085 0.56810 0.64582
0.31267 0.52684 0.79029
0.36527 0.57918 0.71433
0.23116 0.57616 0.61982
0.29658 0.65746 0.60788
0.40761 0.54254 0.57603
0.21352 0.51250 0.77563
0.23734 0.57129 0.66297
0.37921 0.47753 0.66790
0.32082 0.72724 0.67005
0.24396 0.52222 0.56254
0.37869 0.59410 0.59913
0.28454 0.59524 0.68621
0.26409 0.70129 0.71170
0.40705 0.71755 0.66491
0.32894 0.67423 0.66595
0.33431 0.64061 0.74695
0.29966 0.56398 0.74291
0.18924 0.62904 0.57346
0.24984 0.54653 0.70638
0.33861 0.57486 0.63245
0.33032 0.47427 0.62154
0.19902 0.52336 0.79448
0.32246 0.67454 0.61664
0.37398 0.67633 0.65817
0.21690 0.70253 0.68372
0.32353 0.59285 0.58364
0.29436 0.62453 0.69517
0.31870 0.53284 0.56548
0.42138 0.59604 0.55807
0.31748 0.64438 0.65157
0.46454 0.57713 0.46443
0.22842 0.58069 0.78110
0.22120 0.63533 0.59359
0.31706 0.70973 0.66711
0.28050 0.61950 0.64820
0.26822 0.58296 0.67030
0.40130 0.76832 0.65782
0.27216 0.61093 0.75373
0.39590 0.65133 0.64792
0.18389 0.50724 0.55423
0.39227 0.60694 0.53195
0.26791 0.60585 0.65297
0.34482 0.61694 0.69170
0.27344 0.50097 0.62890
0.33777 0.60418 0.58859
0.36756 0.70976 0.63804
0.23852 0.53539 0.79361
0.24012 0.59870 0.54061
0.20245 0.59203 0.76971
0.24921 0.69684 0.73548
0.34950 0.57928 0.71158
0.39499 0.56728 0.71767
0.22953 0.54457 0.64678
0.27235 0.52550 0.51898
0.31086 0.61244 0.70547
0.42185 0.66837 0.64852
0.19412 0.50282 0.57016
0.20564 0.53625 0.53142
0.25729 0.68267 0.71956
0.25537 0.49961 0.64557
0.32276 0.58683 0.74303
0.32295 0.61619 0.72880
0.28678 0.52200 0.56146
0.28081 0.52672 0.63975
0.17954 0.56584 0.68796
0.17802 0.54830 0.70730
0.25432 0.60170 0.64875
0.30129 0.53029 0.59275
0.30070 0.74233 0.75414
0.25952 0.65021 0.69936
0.34834 0.65759 0.56210
0.39475 0.58578 0.46608
0.19023 0.45719 0.66947
0.24079 0.56703 0.59883
0.39799 0.68077 0.70735
0.28572 0.45687 0.72062
0.42274 0.57904 0.48820
0.29411 0.53342 0.69398
0.31710 0.61772 0.67219
0.31877 0.53144 0.56293
0.30902 0.58288 0.73123
0.37551 0.53156 0.54465
0.27357 0.54968 0.71583
0.39960 0.54995 0.56601
0.32681 0.50716 0.69582
0.37489 0.57675 0.46863
0.25846 0.46418 0.67348
0.26888 0.57556 0.63450
0.40941 0.71520 0.65631
0.24521 0.61123 0.64963
0.27318 0.58328 0.63243
0.26629 0.53153 0.71922
0.23474 0.61357 0.68598
0.21842 0.59557 0.71672
0.25041 0.56731 0.61480
0.35111 0.70338 0.52160
0.24086 0.64247 0.64299
0.25393 0.62573 0.75085
0.28036 0.44690 0.70933
0.24955 0.54164 0.69130
0.34697 0.60382 0.62668
0.30035 0.63452 0.46956
0.37989 0.59292 0.56583
0.18000 0.49055 0.67000
0.27498 0.56044 0.48493
0.36122 0.51957 0.47739
0.37099 0.63078 0.62834
0.32176 0.63354 0.55791
0.24328 0.48883 0.62244
0.41697 0.59506 0.41660
0.30766 0.63397 0.52502
0.46630 0.72832 0.59460
0.24271 0.61739 0.70310
0.26440 0.50809 0.66236
0.25913 0.60239 0.70610
0.23932 0.54062 0.67524
0.35922 0.67714 0.64688
0.24834 0.59569 0.67703
0.33643 0.58543 0.74547
0.31369 0.53287 0.74617
0.28311 0.64242 0.57347
0.34105 0.63107 0.62860
0.26944 0.68506 0.73370
0.22985 0.59149 0.79084
0.19453 0.59454 0.59958
0.24196 0.57356 0.55769
0.27035 0.65488 0.69654
0.32258 0.60014 0.59064
0.21781 0.50462 0.55768
0.30452 0.63500 0.45716
0.18259 0.62308 0.73238
0.25031 0.52510 0.64250
0.29854 0.64317 0.68668
0.21493 0.46634 0.64107
0.23994 0.53653 0.56701
0.37272 0.57117 0.61096
0.23602 0.52253 0.63489
0.24714 0.61483 0.60383
0.23627 0.56941 0.64470
0.28920 0.68140 0.69897
0.31263 0.52742 0.73172
0.19614 0.65311 0.68337
0.22778 0.50869 0.76429
0.32687 0.48160 0.77540
0.21745 0.56055 0.73309
0.24123 0.43115 0.53258
0.20901 0.55784 0.69602
0.33878 0.64387 0.65700
0.26171 0.66519 0.68938
0.43916 0.59016 0.59158
0.29491 0.49805 0.52972
0.32680 0.54653 0.67791
0.23023 0.48493 0.54189
0.32757 0.64048 0.51365
0.17869 0.50919 0.70863
0.30311 0.50103 0.74903
0.27391 0.61574 0.61274
0.27390 0.53128 0.64813
0.31535 0.63852 0.58128
0.22639 0.54346 0.75226
0.33026 0.55481 0.49726
0.16051 0.58215 0.75836
0.31190 0.58746 0.68686
0.28346 0.67689 0.73799
0.28225 0.55500 0.63399
0.29372 0.49607 0.75049
0.23714 0.58799 0.76046
0.21894 0.45702 0.75731
0.31131 0.65453 0.68769
0.24245 0.53249 0.73361
0.23763 0.66319 0.68229
0.24627 0.62848 0.59218
0.30906 0.49722 0.68547
0.26884 0.60407 0.54254
0.34711 0.66511 0.59892
0.35377 0.60109 0.54885
0.24845 0.61116 0.51581
0.22567 0.46775 0.71097
0.19419 0.48479 0.68738
0.18983 0.65754 0.68211
0.30653 0.54719 0.67171
0.27225 0.68638 0.59195
0.26131 0.63794 0.69406
0.22773 0.52150 0.67130
0.31245 0.46010 0.69973
0.27084 0.62711 0.67868
0.32858 0.69122 0.57240
0.37148 0.51580 0.72110
0.31657 0.67035 0.62911
0.20874 0.59379 0.68526
0.22280 0.44470 0.54048
0.35143 0.65130 0.60266
0.34378 0.62394 0.66777
0.28056 0.55890 0.66156
0.36320 0.71014 0.65009
0.19412 0.63130 0.68788
0.38686 0.61343 0.62414
0.34466 0.64316 0.61432
0.28570 0.45927 0.66773
0.29445 0.60083 0.67820
0.30409 0.60009 0.58639
0.40601 0.58665 0.49910
0.30492 0.64190 0.67096
0.32324 0.52439 0.67455
0.16526 0.42781 0.61635
0.17796 0.51822 0.68912
0.30117 0.59861 0.71033
0.35639 0.55439 0.60763
0.35767 0.59143 0.62271
0.31518 0.57182 0.80675
0.22524 0.60688 0.53270
0.32432 0.52244 0.64394
0.22923 0.51160 0.73210
0.24273 0.58590 0.55067
0.33288 0.50315 0.50857
0.32155 0.53174 0.49757
0.23281 0.61282 0.57686
0.27240 0.45897 0.66433
0.31801 0.60424 0.65170
0.26825 0.54327 0.68261
0.26084 0.72403 0.71042
0.22766 0.60408 0.63893
0.39696 0.61723 0.67805
0.29220 0.55774 0.55410
0.31287 0.68862 0.66035
0.40491 0.55790 0.54224
0.31729 0.63896 0.66441
0.23517 0.57075 0.61030
0.24248 0.65827 0.69153
0.25788 0.55193 0.68290
0.33172 0.52130 0.51919
0.36789 0.67850 0.58240
0.23750 0.52937 0.65949
0.36095 0.65369 0.62170
0.30089 0.70503 0.66218
0.36324 0.51911 0.69864
0.20000 0.49827 0.66391
0.35247 0.44967 0.62231
0.29808 0.61543 0.63798
0.24703 0.52227 0.46619
0.31980 0.59471 0.65014
0.33530 0.52948 0.57111
0.31455 0.69706 0.69584
0.21843 0.48959 0.56660
0.35668 0.57873 0.57149
0.26469 0.65936 0.59545
0.28625 0.58366 0.74944
0.12026 0.49649 0.67759
0.22668 0.48934 0.76902
0.24316 0.46592 0.50504
0.19690 0.57561 0.65125
0.37053 0.69181 0.68550
0.38360 0.58111 0.71567
0.27482 0.67686 0.71504
0.42216 0.52414 0.43728
0.28444 0.63622 0.70119
0.16538 0.50311 0.69346
0.26375 0.53963 0.68109
0.20820 0.54968 0.67641
0.24668 0.70139 0.70821
0.21908 0.39152 0.63482
0.21437 0.69438 0.73497
0.34352 0.46329 0.49838
0.30743 0.62341 0.64537
0.35185 0.66211 0.54602
0.33737 0.61789 0.58780
0.24776 0.60218 0.63745
0.23313 0.51634 0.56449
0.28916 0.52214 0.59470
0.23860 0.64161 0.65188
0.26579 0.52791 0.42695
0.22002 0.48067 0.69148
0.23844 0.56913 0.68623
0.31018 0.50721 0.59885
0.37082 0.73480 0.65445
0.24400 0.54603 0.50391
0.26695 0.50683 0.70278
0.24349 0.63935 0.68521
0.43593 0.68201 0.67648
0.27730 0.57826 0.63538
0.24559 0.68013 0.69284
0.24670 0.60711 0.56980
0.26642 0.52464 0.46405
0.21072 0.51026 0.74691
0.37012 0.62061 0.66309
0.28801 0.49832 0.61588
0.23646 0.46055 0.68439
0.16787 0.46466 0.75673
0.33768 0.55876 0.49625
0.45024 0.69503 0.67388
0.32670 0.59146 0.58109
0.38791 0.66876 0.65862
0.31868 0.62050 0.61643
0.20014 0.47832 0.53915
0.27085 0.57197 0.65542
0.32739 0.57534 0.67280
0.26124 0.62323 0.61306
0.18919 0.53567 0.66707
0.34399 0.46887 0.66560
0.29749 0.53828 0.56636
0.27748 0.48866 0.49663
0.22609 0.62330 0.64348
0.28964 0.65065 0.68320
0.32547 0.56048 0.64533
0.28563 0.69433 0.65071
0.36076 0.64054 0.61693
0.30294 0.55439 0.61270
0.38839 0.58706 0.49422
0.34859 0.63577 0.59319
0.17932 0.53349 0.69684
0.24939 0.48910 0.47590
0.39563 0.68350 0.61535
0.25826 0.64746 0.58593
0.31314 0.57262 0.55566
0.36389 0.61685 0.57343
0.27293 0.64397 0.75791
0.30378 0.66541 0.59941
0.22278 0.60221 0.73727
0.20570 0.54018 0.64018
0.36472 0.69495 0.69980
0.20908 0.42969 0.63391
0.34251 0.69492 0.57790
0.24189 0.57170 0.75423
0.25067 0.55724 0.74501
0.31648 0.50028 0.60662
0.16349 0.43063 0.79290
0.23928 0.45731 0.65751
0.33346 0.54324 0.56198
0.20483 0.49055 0.74196
0.42640 0.66716 0.66951
0.32429 0.60008 0.55544
0.16958 0.41463 0.62856
0.24472 0.52538 0.60699
0.34206 0.67383 0.57159
0.33690 0.47239 0.66986
0.24280 0.57771 0.55942
0.19650 0.51685 0.65809
0.20235 0.45257 0.78676
0.26750 0.54883 0.66979
0.31929 0.63348 0.65247
0.34435 0.68004 0.63896
0.24053 0.48730 0.60408
0.29595 0.57236 0.69515
0.22334 0.49890 0.66693
0.30855 0.58613 0.66706
0.21758 0.54840 0.63272
0.25320 0.52236 0.75044
0.44248 0.68897 0.53530
0.18480 0.68706 0.74979
0.15592 0.59233 0.76611
0.26992 0.48172 0.55227
0.22248 0.51795 0.61325
0.25516 0.61502 0.67723
0.26532 0.55327 0.73105
0.32990 0.60438 0.65725
0.33793 0.60651 0.46496
0.22884 0.63706 0.76167
0.26725 0.50962 0.75207
0.19537 0.58080 0.61281
0.42105 0.63061 0.60161
0.25965 0.53883 0.66447
0.22660 0.54915 0.56868
0.33157 0.61212 0.57403
0.31294 0.58016 0.65757
0.28388 0.56134 0.67966
0.26538 0.67296 0.74134
0.29818 0.62920 0.65542
0.21607 0.47519 0.55611
0.16590 0.44549 0.63225
0.39884 0.69433 0.60437
0.25479 0.62328 0.52232
0.19419 0.51805 0.63078
0.38910 0.54517 0.66780
0.29685 0.45594 0.48845
0.36155 0.61795 0.66621
0.26964 0.61971 0.57019
0.33279 0.63378 0.55590
0.25050 0.51493 0.59755
0.29206 0.69402 0.66559
0.21200 0.56388 0.73915
0.38683 0.60811 0.53708
0.42045 0.66966 0.53261
0.26342 0.65187 0.66010
0.27646 0.57968 0.74665
0.30537 0.60408 0.67339
0.30927 0.66468 0.61701
0.38079 0.63590 0.66854
0.30556 0.59132 0.60974
0.32778 0.62517 0.72137
0.32400 0.61258 0.59534
0.30479 0.59968 0.55645
0.36596 0.63836 0.69735
0.40988 0.76319 0.64105
0.30027 0.59164 0.47748
0.26781 0.62441 0.68153
0.24956 0.52019 0.54533
0.41275 0.61228 0.49171
0.30659 0.53176 0.62405
0.29638 0.61763 0.61693
0.36108 0.63852 0.59826
0.38174 0.53542 0.46007
0.26361 0.52417 0.67150
0.42407 0.70053 0.62413
0.31884 0.64190 0.59568
0.30974 0.47216 0.57545
0.20453 0.62552 0.62181
0.38773 0.73446 0.62568
0.36560 0.61540 0.72832
0.28185 0.66483 0.57148
0.31205 0.68579 0.65896
0.34223 0.59296 0.57098
0.29534 0.55993 0.62495
0.24053 0.61903 0.68171
0.19816 0.52136 0.62221
0.25721 0.55551 0.61277
0.39566 0.52780 0.52024
0.33309 0.63810 0.54576
0.38218 0.65412 0.61333
0.27485 0.64789 0.66654
0.26840 0.64759 0.61278
0.20518 0.49224 0.54273
0.19719 0.60375 0.55123
0.36024 0.68202 0.59317
0.29995 0.58931 0.59190
0.29507 0.55180 0.60565
0.19177 0.56457 0.72076
0.23327 0.70425 0.74686
0.17442 0.47433 0.61006
0.38305 0.71707 0.65206
0.37596 0.59191 0.57181
0.29676 0.55315 0.65093
0.32536 0.63851 0.60651
0.26327 0.56408 0.63375
0.22027 0.67590 0.78234
0.28006 0.52376 0.56053
0.27202 0.57380 0.69069
0.33191 0.57921 0.69540
0.29020 0.53309 0.52105
0.27194 0.55126 0.59699
0.36711 0.59790 0.71206
0.31711 0.66505 0.61866
0.34385 0.72697 0.68896
0.33768 0.54963 0.57611
0.23971 0.68528 0.75084
0.33415 0.66933 0.58538
0.23711 0.50737 0.74195
0.31991 0.53994 0.65249
0.44066 0.71631 0.61367
0.35083 0.54782 0.72667
0.37571 0.68779 0.61611
0.25538 0.69728 0.67463
0.29224 0.48635 0.61452
0.28312 0.63371 0.66382
0.26123 0.60304 0.62345
0.38713 0.57450 0.64697
0.34884 0.47475 0.33860
0.28718 0.46842 0.53638
0.35077 0.67438 0.62465
0.16709 0.66062 0.68122
0.28552 0.70522 0.75242
0.34450 0.62189 0.55602
0.49293 0.74538 0.63788
0.23644 0.51481 0.51662
0.29053 0.67294 0.72130
0.32878 0.62226 0.64980
0.21061 0.57181 0.67276
0.22400 0.63643 0.66639
0.27750 0.59992 0.66899
0.30819 0.59813 0.60979
0.33254 0.63220 0.61208
0.32656 0.64623 0.64052
0.29535 0.54641 0.72407
0.22748 0.61742 0.74323
0.20828 0.50185 0.72439
0.27285 0.62260 0.67332
0.34862 0.68940 0.64545
0.33349 0.67167 0.66018
0.46725 0.65062 0.55365
0.21188 0.73582 0.74778
0.30736 0.45588 0.60334
0.28131 0.55541 0.60660
0.32322 0.60619 0.73091
0.29937 0.57347 0.62202
0.27890 0.66238 0.68802
0.31720 0.48970 0.30898
0.36232 0.62891 0.58279
0.36532 0.57888 0.54099
0.22976 0.60222 0.54577
0.26289 0.60405 0.64920
0.12654 0.54114 0.78760
0.27336 0.65150 0.62871
0.36117 0.59551 0.50147
0.36751 0.54839 0.48859
0.17888 0.57782 0.76728
0.34960 0.59175 0.64961
0.33782 0.48528 0.64085
0.26304 0.67102 0.68735
0.28203 0.60799 0.74988
0.28036 0.62504 0.67556
0.32967 0.58565 0.66498
0.35028 0.61668 0.62412
0.32864 0.69776 0.64919
0.30346 0.63601 0.64314
0.32509 0.59085 0.71786
0.18405 0.54093 0.69262
0.39902 0.61035 0.54649
0.21862 0.51181 0.60652
0.22969 0.46286 0.68074
0.21729 0.54605 0.78636
0.21699 0.67132 0.74626
0.30340 0.63198 0.65852
0.26801 0.67781 0.64347
0.26644 0.54047 0.55571
0.30710 0.57591 0.55894
0.38904 0.47465 0.59484
0.32746 0.64104 0.69134
0.29596 0.51062 0.71628
0.24184 0.53688 0.66543
0.35455 0.70616 0.69206
0.30499 0.52179 0.63221
0.21154 0.56663 0.59534
0.31409 0.61020 0.69971
0.32966 0.69110 0.57501
0.30874 0.58775 0.70259
0.37435 0.62208 0.61471
0.32508 0.62955 0.59414
0.23657 0.55107 0.55913
0.26080 0.46247 0.70776
0.32553 0.56116 0.64069
0.26625 0.55164 0.68772
0.34013 0.63248 0.68970
0.23247 0.45976 0.68336
0.32577 0.51726 0.75317
0.35764 0.46643 0.60489
0.28490 0.46879 0.44457
0.25067 0.51015 0.73483
0.43980 0.58245 0.53646
0.26069 0.60150 0.65398
0.40427 0.67746 0.64998
0.22041 0.66151 0.69155
0.36278 0.66950 0.71460
0.33348 0.68272 0.75877
0.42897 0.67096 0.61565
0.37402 0.56194 0.67878
0.21151 0.63289 0.72469
0.28207 0.59934 0.64777
0.30405 0.64756 0.70075
0.26655 0.47029 0.75090
0.35705 0.50325 0.48466
0.38247 0.62541 0.67184
0.39456 0.60035 0.69236
0.24764 0.54086 0.62847
0.29075 0.61051 0.74571
0.35760 0.60959 0.48805
0.31388 0.49894 0.62130
0.34893 0.56535 0.68440
0.29869 0.62747 0.68976
0.30724 0.56896 0.47171
0.25167 0.65569 0.77100
0.19543 0.47535 0.70634
0.30021 0.61196 0.70742
0.39578 0.65458 0.48494
0.28094 0.68307 0.63764
0.25789 0.56219 0.62843
0.24477 0.55253 0.72221
0.20619 0.58451 0.69165
0.21524 0.63995 0.68562
0.25012 0.47423 0.72791
0.23321 0.59757 0.67755
0.31205 0.55993 0.59501
0.37432 0.68347 0.65142
0.21855 0.57020 0.64422
0.23075 0.63100 0.64291
0.27755 0.58840 0.66856
0.22047 0.55382 0.73609
0.39304 0.63513 0.66764
0.23398 0.59615 0.64619
0.20941 0.47605 0.53201
0.23025 0.49235 0.72283
0.35938 0.73016 0.69462
0.37849 0.73271 0.58091
0.32861 0.76146 0.63947
0.15811 0.45677 0.70923
0.19410 0.51299 0.63355
0.33158 0.45507 0.54168
0.29746 0.64946 0.71434
0.33554 0.64404 0.54115
0.41020 0.66855 0.59644
0.32985 0.59319 0.60150
0.30926 0.69476 0.69255
0.34732 0.51671 0.64145
0.35407 0.59216 0.63567
0.20717 0.55293 0.71862
0.23881 0.56976 0.64736
0.31775 0.62574 0.62019
0.41994 0.59689 0.72294
0.33194 0.70684 0.56013
0.30360 0.50945 0.75114
0.28265 0.58296 0.58425
0.36776 0.60262 0.62117
0.26519 0.62413 0.64196
0.26506 0.57860 0.62447
0.34167 0.60859 0.66983
0.38222 0.71725 0.58563
0.25732 0.51856 0.45977
0.25908 0.62061 0.59255
0.39866 0.54591 0.46801
0.36670 0.62737 0.71608
0.33224 0.47942 0.59692
0.29994 0.51847 0.66962
0.28720 0.49205 0.74606
0.30910 0.49436 0.66766
0.17607 0.42589 0.70996
0.29356 0.65184 0.67557
0.23071 0.57236 0.67841
0.34133 0.53915 0.59995
0.33428 0.60170 0.63164
0.29393 0.65124 0.66371
0.32088 0.73445 0.71742
0.31462 0.66547 0.55543
0.23347 0.55015 0.67902
0.40401 0.69677 0.70228
0.22254 0.64707 0.69082
0.34592 0.48126 0.65543
0.13024 0.59145 0.71265
0.31183 0.62584 0.72273
0.21869 0.66495 0.71022
0.30524 0.50648 0.62954
0.21597 0.51071 0.52950
0.35978 0.66949 0.73568
0.27028 0.51104 0.58880
0.28005 0.59449 0.69071
0.28558 0.53498 0.56889
0.28596 0.57513 0.52223
0.28946 0.52822 0.61032
0.36920 0.61773 0.48222
0.23782 0.64068 0.55220
0.28737 0.54090 0.58337
0.32535 0.58348 0.61878
0.27773 0.56845 0.70903
0.32682 0.56717 0.73382
0.20157 0.49236 0.72525
0.20150 0.58065 0.70338
0.27185 0.50172 0.54167
0.21182 0.56523 0.58772
0.23412 0.63348 0.65614
0.25588 0.48632 0.62527
0.34787 0.59326 0.60967
0.18695 0.47892 0.61954
0.42691 0.61057 0.47535
0.33978 0.51853 0.51740
0.34559 0.62240 0.69631
0.24042 0.54199 0.49203
0.24631 0.61569 0.57835
0.33321 0.58075 0.59177
0.35491 0.50224 0.47736
0.19033 0.62567 0.67229
0.30874 0.58804 0.69806
0.34555 0.68820 0.56209
0.21122 0.54005 0.75769
0.26547 0.63006 0.74056
0.47595 0.63726 0.46645
0.25903 0.67036 0.69647
0.26757 0.53659 0.65832
0.36815 0.71618 0.65697
0.30089 0.56371 0.60333
0.25013 0.47607 0.67242
0.25186 0.64112 0.67946
0.33213 0.70831 0.68644
0.27859 0.59110 0.67662
0.25162 0.50546 0.68900
0.40090 0.53310 0.74941
0.27839 0.61004 0.64426
0.24050 0.66439 0.69382
0.24418 0.53314 0.69866
0.28742 0.67741 0.67553
0.27350 0.58751 0.63450
0.32281 0.53556 0.49611
0.31446 0.61926 0.60053
0.27755 0.57445 0.57213
0.38828 0.64078 0.59265
0.28109 0.64365 0.55674
0.22926 0.56862 0.70610
0.27684 0.59553 0.62772
0.32346 0.57966 0.57576
0.27353 0.58091 0.63853
0.34723 0.49868 0.60344
0.29622 0.49038 0.63639
0.31506 0.54194 0.59664
0.32388 0.59807 0.66741
0.15044 0.64801 0.73525
0.37724 0.70509 0.71270
0.33271 0.67065 0.71193
0.28400 0.57825 0.56813
0.23358 0.44952 0.68748
0.19211 0.48046 0.62140
0.27965 0.54545 0.62375
0.39939 0.60762 0.52629
0.25587 0.61128 0.56054
0.22855 0.52156 0.57804
0.39956 0.66399 0.75072
0.20259 0.53376 0.72380
0.30216 0.56820 0.58238
0.29360 0.61824 0.73484
0.21843 0.57233 0.63947
0.28596 0.62660 0.68850
0.31641 0.65170 0.63043
0.16655 0.46014 0.68413
0.30060 0.61181 0.70717
0.33041 0.57669 0.72224
0.28808 0.61930 0.72037
0.27394 0.47275 0.60322
0.25202 0.62718 0.58714
0.32550 0.58071 0.60793
0.30930 0.64825 0.63215
0.28091 0.65171 0.64076
0.19763 0.49175 0.67015
0.31052 0.48441 0.52461
0.33168 0.48251 0.66064
0.24074 0.59504 0.65572
0.21714 0.65374 0.71052
0.26936 0.57391 0.64850
0.26462 0.48608 0.54542
0.34598 0.69447 0.63796
0.19742 0.58157 0.63372
0.25150 0.55008 0.59560
0.32972 0.58311 0.65016
0.44257 0.67966 0.64113
0.34231 0.62995 0.52158
0.31935 0.44174 0.57788
0.21426 0.54992 0.68592
0.29805 0.60677 0.70026
0.31129 0.53163 0.71425
0.35080 0.77324 0.66992
0.34689 0.53031 0.60387
0.29384 0.60278 0.67441
0.17980 0.51587 0.55962
0.43038 0.72582 0.65492
0.33929 0.53240 0.60563
0.29601 0.71966 0.70572
0.20822 0.51196 0.67922
0.37799 0.49149 0.45591
0.34787 0.51781 0.53014
0.45425 0.62725 0.62497
0.36551 0.59826 0.51042
0.20693 0.51515 0.74664
0.19402 0.58429 0.62339
0.33144 0.47021 0.56684
0.25729 0.62478 0.62525
0.19892 0.49793 0.58204
0.26554 0.56600 0.64231
0.44009 0.79003 0.64411
0.17693 0.65837 0.69079
0.26846 0.53820 0.58125
0.42457 0.66513 0.63015
0.30696 0.62060 0.61495
0.38346 0.45115 0.56372
0.18429 0.41824 0.83360
0.19337 0.65569 0.66893
0.28637 0.57207 0.68705
0.27711 0.50937 0.52493
0.33130 0.55126 0.70499
0.23746 0.56313 0.62734
0.20948 0.54893 0.51230
0.32936 0.60834 0.48899
0.30169 0.61956 0.64052
0.37929 0.60407 0.51514
0.18552 0.54852 0.63489
0.33310 0.74803 0.75844
0.29621 0.51977 0.54724
0.28868 0.64204 0.59996
0.24988 0.60266 0.61904
0.32790 0.55943 0.60390
0.30141 0.61788 0.63906
0.32845 0.53812 0.62787
0.22784 0.43351 0.63111
0.31682 0.66244 0.63912
0.26897 0.44574 0.75480
0.34021 0.52002 0.57049
0.33468 0.63899 0.68566
0.27753 0.63908 0.56081
0.28479 0.58977 0.59802
0.36249 0.64859 0.64172
0.29346 0.56412 0.56833
0.28741 0.60682 0.63131
0.26380 0.49832 0.72574
0.26416 0.49434 0.69511
0.42019 0.67986 0.55522
0.24805 0.58648 0.60117
0.24241 0.59479 0.64799
0.18614 0.45990 0.77536
0.26991 0.69859 0.67597
0.27958 0.70705 0.68066
0.40524 0.76016 0.61051
0.27185 0.63238 0.66890
0.32855 0.55646 0.53503
0.22376 0.48495 0.65092
0.28462 0.58922 0.58105
0.31499 0.53431 0.64624
0.26558 0.54596 0.59939
0.16402 0.41387 0.76347
0.32690 0.61272 0.69369
0.44670 0.65731 0.66138
0.20806 0.53509 0.71485
0.36019 0.73378 0.65996
0.35534 0.59673 0.63955
0.31033 0.49781 0.63093
0.37413 0.49099 0.71130
0.37365 0.51675 0.58088
0.33850 0.58772 0.66775
0.31285 0.51802 0.47169
0.28028 0.53861 0.58400
0.31568 0.49177 0.56242
0.24089 0.48375 0.68998
0.29809 0.54530 0.55239
0.34984 0.53912 0.73103
0.26439 0.59274 0.65139
0.26208 0.54585 0.66731
0.23522 0.58561 0.57013
0.41895 0.65507 0.58124
0.45699 0.80850 0.64796
0.26037 0.45050 0.69861
0.18073 0.55157 0.76889
0.29631 0.59995 0.74672
0.23255 0.51325 0.77688
0.22347 0.61595 0.66700
0.38683 0.49607 0.52829
0.23117 0.54522 0.71228
0.34174 0.60182 0.58929
0.44857 0.64013 0.55708
0.32467 0.67255 0.60203
0.29794 0.51328 0.65561
0.37765 0.54848 0.46989
0.25337 0.52588 0.66611
0.24413 0.53378 0.66020
0.23506 0.54038 0.63983
