20 7 1000 17870 361
0.46746 0.50822 0.15655
0.62872 0.72521 0.20964
0.36467 0.99756 0.82188
0.62636 0.48465 0.90604
0.32372 0.52298 0.78263
0.81838 0.17624 0.22245
0.26975 0.64199 0.21124
0.48519 0.68009 0.52441
0.66568 0.32738 0.31600
0.38645 0.68984 0.59512
0.55291 0.60206 0.34760
0.40017 0.74129 0.67316
0.47233 0.64776 0.38592
0.49121 0.70323 0.36650
0.48962 0.57170 0.58764
0.55911 0.49426 0.33062
0.46528 0.57989 0.26219
0.47080 0.51289 0.63559
0.45347 0.51512 0.49465
0.49214 0.67388 0.46705
0.55185 0.48886 0.65522
0.58213 0.57916 0.38766
0.54285 0.63272 0.28641
0.53120 0.49763 0.47736
0.50204 0.61540 0.60948
0.42053 0.56499 0.37860
0.51407 0.56284 0.49742
0.51865 0.60520 0.41420
0.51092 0.48886 0.50123
0.49102 0.59285 0.32894
0.51341 0.45078 0.41806
0.52110 0.58823 0.40291
0.50405 0.60364 0.50403
0.59532 0.49923 0.43436
0.55742 0.46021 0.41909
0.48010 0.61128 0.57995
0.50047 0.65453 0.43757
0.55676 0.47564 0.34892
0.43989 0.52338 0.52085
0.54372 0.59085 0.55189
0.48876 0.52145 0.35325
0.56526 0.60001 0.41448
0.35305 0.62762 0.24720
0.63983 0.41921 0.40317
0.38640 0.54119 0.52371
0.47420 0.61372 0.69659
0.52404 0.57387 0.53908
0.66286 0.35830 0.27780
0.42720 0.65082 0.73098
0.44509 0.61097 0.37899
0.45788 0.56156 0.32618
0.58680 0.50860 0.41609
0.51447 0.72621 0.44808
0.49003 0.55962 0.48788
0.36173 0.73705 0.54154
0.50947 0.60767 0.54756
0.52687 0.53441 0.57012
0.47923 0.53607 0.34445
0.50015 0.52158 0.45806
0.49873 0.58136 0.35533
0.44243 0.63662 0.63106
0.49125 0.48117 0.36425
0.49013 0.58701 0.40461
0.56250 0.51177 0.54841
0.50431 0.61337 0.45333
0.53068 0.55799 0.50077
0.54474 0.54853 0.71572
0.59280 0.51727 0.46590
0.53033 0.67204 0.64024
0.50741 0.47609 0.36164
0.53246 0.69713 0.54904
0.52543 0.60471 0.44208
0.49988 0.55734 0.47505
0.47390 0.56905 0.46593
0.51460 0.61739 0.46024
0.48369 0.57061 0.34327
0.39227 0.59581 0.42760
0.42448 0.65988 0.59339
0.51864 0.51709 0.34177
0.39695 0.76732 0.66166
0.61299 0.44420 0.38822
0.39775 0.53472 0.61967
0.59890 0.44937 0.32813
0.45737 0.61297 0.38707
0.37006 0.65083 0.47745
0.57622 0.56701 0.61355
0.39343 0.61198 0.50598
0.52203 0.61012 0.52098
0.50801 0.71558 0.55360
0.42990 0.60849 0.35006
0.48217 0.62369 0.48159
0.42287 0.57453 0.52241
0.62921 0.47773 0.30892
0.43780 0.55533 0.55859
0.53980 0.57475 0.46578
0.51894 0.64543 0.37132
0.45466 0.56084 0.59007
0.57462 0.62388 0.38839
0.45513 0.52004 0.22907
0.56920 0.62414 0.50569
0.45628 0.50747 0.36125
0.53373 0.52829 0.40482
0.46709 0.56619 0.42539
0.59759 0.59917 0.41686
0.43384 0.68904 0.46707
0.54445 0.55381 0.62191
0.48949 0.72193 0.53250
0.50464 0.53673 0.38403
0.41539 0.64396 0.57416
0.60152 0.49764 0.35892
0.55444 0.72886 0.39826
0.65331 0.41615 0.28352
0.39659 0.91068 0.73399
0.36889 0.70021 0.40232
0.47863 0.64052 0.59657
0.46208 0.65671 0.64184
0.56327 0.61219 0.52398
0.52157 0.57219 0.44500
0.46205 0.75806 0.67964
0.44092 0.60164 0.45491
0.46926 0.66754 0.49299
0.35355 0.63125 0.50086
0.52157 0.64362 0.40872
0.57779 0.50108 0.45952
0.38558 0.61729 0.49992
0.62287 0.53639 0.49379
0.56115 0.47902 0.52128
0.66307 0.43459 0.34826
0.40723 0.68006 0.53728
0.60356 0.38892 0.31471
0.41988 0.58128 0.42639
0.40057 0.76300 0.63809
0.43531 0.56334 0.58647
0.54383 0.47387 0.38764
0.53335 0.58902 0.60653
0.41506 0.52471 0.54437
0.58569 0.55205 0.38556
0.55982 0.53278 0.42868
0.61282 0.45403 0.54975
0.59309 0.59548 0.45758
0.49853 0.50055 0.26208
0.53496 0.47073 0.28319
0.50538 0.55156 0.60276
0.43342 0.51551 0.25033
0.62118 0.44982 0.35248
0.50177 0.57163 0.60374
0.49707 0.52891 0.40537
0.48099 0.53727 0.51371
0.47074 0.57673 0.61685
0.32182 0.61153 0.33753
0.49978 0.66479 0.34752
0.47814 0.53826 0.33568
0.43590 0.57682 0.49375
0.45455 0.61324 0.26763
0.56480 0.61777 0.64157
0.54466 0.52168 0.52333
0.47904 0.65622 0.53716
0.56772 0.51461 0.43520
0.44529 0.69878 0.48592
0.44393 0.55563 0.26640
0.50268 0.61321 0.41194
0.45308 0.56365 0.24551
0.38306 0.59764 0.32220
0.58076 0.53511 0.49127
0.61313 0.47808 0.56097
0.48542 0.48413 0.38240
0.61146 0.44246 0.31727
0.57657 0.52411 0.44273
0.50947 0.51295 0.38520
0.46191 0.67762 0.49179
0.50703 0.66415 0.68224
0.52679 0.52164 0.45572
0.60946 0.43410 0.32940
0.57391 0.46369 0.47345
0.50253 0.66874 0.53378
0.48329 0.54208 0.42771
0.45808 0.57831 0.42556
0.53088 0.60756 0.49675
0.50654 0.56377 0.36450
0.52885 0.47888 0.39173
0.47617 0.60733 0.45752
0.43662 0.53036 0.24051
0.56221 0.48761 0.39728
0.63290 0.40733 0.39449
0.47122 0.62100 0.49151
0.52673 0.48463 0.32959
0.52808 0.55238 0.45867
0.45719 0.58208 0.57892
0.49144 0.70750 0.69380
0.43272 0.58756 0.41255
0.58271 0.58951 0.55054
0.63779 0.43045 0.43837
0.39416 0.62988 0.59202
0.50156 0.55992 0.31011
0.46100 0.69855 0.34465
0.37338 0.60672 0.37440
0.58395 0.57630 0.44381
0.43195 0.56943 0.68415
0.45588 0.56116 0.37410
0.47816 0.59244 0.31334
0.55091 0.55384 0.52011
0.62999 0.48143 0.47410
0.46631 0.61194 0.40352
0.44348 0.65124 0.44563
0.47170 0.62970 0.59803
0.56982 0.52526 0.47956
0.44784 0.69305 0.45155
0.59542 0.40997 0.31588
0.48815 0.66815 0.39631
0.49224 0.52479 0.67942
0.43386 0.60003 0.45019
0.44959 0.65842 0.61816
0.55277 0.47629 0.28607
0.44875 0.62774 0.41432
0.52196 0.50739 0.33988
0.49973 0.60778 0.40149
0.38609 0.68890 0.57273
0.48061 0.64166 0.54880
0.62207 0.52346 0.57411
0.44009 0.61597 0.58815
0.65548 0.49899 0.37172
0.42128 0.62927 0.47999
0.58801 0.45633 0.35937
0.54785 0.54221 0.49346
0.53195 0.59934 0.41418
0.50742 0.63231 0.33432
0.40767 0.65745 0.60733
0.62111 0.44376 0.33222
0.53388 0.42875 0.41583
0.49423 0.55467 0.67263
0.50703 0.55919 0.63176
0.42814 0.58655 0.46492
0.48243 0.54308 0.38159
0.39699 0.60221 0.45155
0.53397 0.56019 0.42342
0.49878 0.53188 0.47345
0.41518 0.66753 0.52258
0.41142 0.75207 0.68677
0.41566 0.82238 0.62961
0.40704 0.70615 0.48930
0.56783 0.46232 0.26263
0.44545 0.63088 0.37266
0.48116 0.58699 0.49950
0.47198 0.56391 0.52163
0.43607 0.70669 0.54708
0.55114 0.52360 0.55323
0.43108 0.55512 0.49242
0.54538 0.51508 0.49784
0.58962 0.52632 0.54474
0.46267 0.69725 0.66588
0.45248 0.65317 0.45511
0.60341 0.45357 0.57279
0.42319 0.60797 0.57275
0.39222 0.56540 0.52632
0.47280 0.71790 0.64083
0.52308 0.55551 0.46979
0.51166 0.59261 0.36840
0.63558 0.40062 0.35205
0.44478 0.62317 0.43180
0.49920 0.53982 0.45151
0.44976 0.56948 0.44405
0.46666 0.57826 0.38817
0.40486 0.63981 0.59657
0.51106 0.56551 0.53874
0.43874 0.54647 0.32519
0.60400 0.62250 0.35012
0.56731 0.43843 0.40913
0.59751 0.62586 0.31875
0.45711 0.58779 0.44055
0.40966 0.66907 0.50592
0.46083 0.77663 0.55954
0.53549 0.61657 0.56420
0.54774 0.54515 0.50363
0.55512 0.50143 0.56303
0.42009 0.63327 0.43099
0.55743 0.47021 0.44915
0.51778 0.70087 0.32426
0.52771 0.48451 0.23399
0.51462 0.59341 0.51568
0.49308 0.68099 0.80590
0.56912 0.47769 0.48717
0.50750 0.55399 0.45295
0.47339 0.55578 0.50257
0.45574 0.55862 0.54915
0.48020 0.61884 0.63747
0.42856 0.54725 0.63258
0.47521 0.61552 0.64341
0.51247 0.56386 0.30211
0.55022 0.50994 0.49042
0.43520 0.72619 0.62570
0.61489 0.43105 0.55558
0.49147 0.72000 0.63229
0.65726 0.43415 0.36817
0.42607 0.70335 0.60802
0.49614 0.60442 0.30868
0.48044 0.51700 0.45281
0.53267 0.52758 0.49490
0.49436 0.54599 0.50893
0.43870 0.70110 0.47944
0.39464 0.57252 0.46137
0.47207 0.48197 0.50964
0.50603 0.64262 0.57637
0.53252 0.54826 0.65941
0.60583 0.51171 0.51031
0.52024 0.53997 0.32548
0.42379 0.66012 0.34369
0.45007 0.67358 0.53190
0.44452 0.49562 0.40960
0.46401 0.64958 0.59473
0.37062 0.66750 0.38641
0.44146 0.63750 0.38710
0.45597 0.54698 0.49817
0.46521 0.58253 0.64125
0.56673 0.57998 0.58478
0.46518 0.61234 0.51412
0.42861 0.55678 0.34169
0.41354 0.61297 0.70897
0.38752 0.60749 0.39016
0.48548 0.60951 0.46087
0.43098 0.69615 0.41574
0.41360 0.54948 0.50124
0.43790 0.67399 0.46849
0.43659 0.72568 0.57441
0.48247 0.68434 0.50492
0.40840 0.73914 0.50303
0.42312 0.56446 0.45767
0.47798 0.57320 0.49720
0.47942 0.60182 0.44857
0.46549 0.49069 0.53575
0.43313 0.60181 0.47352
0.59298 0.57542 0.28940
0.48191 0.58200 0.49456
0.49461 0.58061 0.51663
0.53962 0.68556 0.67469
0.41240 0.80142 0.63558
0.43411 0.53799 0.44911
0.44963 0.59597 0.35712
0.52275 0.53982 0.45464
0.60840 0.45452 0.43045
0.45846 0.64193 0.55911
0.41571 0.59756 0.41856
0.41305 0.61967 0.36224
0.57145 0.50313 0.58785
0.55764 0.53144 0.56765
0.49182 0.68783 0.56881
0.50867 0.60298 0.60139
0.51426 0.66311 0.56971
0.48309 0.59100 0.57994
0.55193 0.55465 0.52379
0.46577 0.60382 0.63484
0.41177 0.51294 0.60910
0.50932 0.52834 0.50485
0.58772 0.47072 0.38729
0.47541 0.57737 0.43445
0.47141 0.55490 0.55941
0.52256 0.64864 0.70967
0.42592 0.60713 0.45283
0.40259 0.56464 0.37384
0.36075 0.63792 0.37865
0.54095 0.57328 0.23075
0.51612 0.56749 0.46832
0.44636 0.77266 0.73878
0.43634 0.57591 0.45558
0.46059 0.67277 0.49269
0.56620 0.50532 0.40368
0.58214 0.61743 0.48210
0.42013 0.60541 0.58656
0.48998 0.55939 0.49321
0.50027 0.54679 0.38865
0.62311 0.46920 0.26700
0.56160 0.51904 0.42804
0.58532 0.45870 0.37124
0.55308 0.49696 0.36011
0.37999 0.62581 0.41098
0.50613 0.57283 0.41504
0.43857 0.56881 0.54117
0.43531 0.62760 0.49590
0.51728 0.65935 0.29475
0.49834 0.53273 0.48552
0.48794 0.52122 0.51955
0.38430 0.79341 0.55844
0.54513 0.55047 0.55678
0.41270 0.61223 0.42604
0.47025 0.54176 0.42105
0.44165 0.56214 0.48349
0.54074 0.63043 0.29386
0.40432 0.65495 0.53718
0.53295 0.56643 0.48438
0.46241 0.64373 0.54216
0.42576 0.73592 0.51836
0.55817 0.42899 0.33301
0.47480 0.57977 0.50726
0.51128 0.51832 0.48725
0.43365 0.66557 0.56792
0.65553 0.32620 0.34613
0.53443 0.53585 0.42643
0.49196 0.69338 0.45884
0.52891 0.58772 0.50031
0.58659 0.47520 0.56176
0.36892 0.61114 0.48327
0.54064 0.45734 0.51929
0.49898 0.57369 0.36412
0.43509 0.56621 0.26124
0.41513 0.69956 0.66206
0.45184 0.63809 0.49633
0.46784 0.58022 0.33808
0.54407 0.63212 0.44545
0.48510 0.57755 0.38200
0.54495 0.58369 0.60730
0.60273 0.61727 0.33669
0.38926 0.65348 0.58133
0.52032 0.60293 0.28413
0.52856 0.56714 0.32916
0.42798 0.55875 0.50318
0.52588 0.60505 0.50158
0.52303 0.60604 0.33422
0.46730 0.77534 0.53586
0.54573 0.59341 0.37090
0.54287 0.52458 0.53488
0.43175 0.61898 0.59141
0.66796 0.40892 0.31886
0.58713 0.52741 0.59588
0.43991 0.69238 0.64590
0.38223 0.58311 0.57421
0.48735 0.55113 0.44906
0.52028 0.49189 0.31119
0.48599 0.56396 0.53696
0.48655 0.67147 0.51528
0.46765 0.63366 0.32078
0.48857 0.67506 0.40694
0.38071 0.58312 0.56407
0.44867 0.64695 0.39306
0.47555 0.60043 0.32756
0.53955 0.51877 0.31340
0.56872 0.58039 0.26096
0.39875 0.69645 0.53912
0.44946 0.65859 0.42218
0.46155 0.60334 0.42369
0.50361 0.65348 0.59350
0.47694 0.47078 0.51295
0.53434 0.49322 0.53999
0.53927 0.53978 0.49469
0.50027 0.63909 0.56756
0.50794 0.58668 0.50487
0.47729 0.69281 0.60306
0.50074 0.71017 0.56912
0.51403 0.46610 0.63654
0.67443 0.44554 0.29437
0.44649 0.61590 0.57320
0.41615 0.57887 0.33689
0.58642 0.50174 0.37327
0.45526 0.62857 0.51639
0.50636 0.69614 0.43641
0.46289 0.57202 0.41786
0.49610 0.60410 0.46805
0.54631 0.54533 0.33675
0.51730 0.70615 0.62022
0.43588 0.55476 0.48053
0.39909 0.67292 0.49236
0.50173 0.55031 0.45297
0.53116 0.65467 0.61570
0.49298 0.62041 0.44184
0.63693 0.43752 0.43512
0.53651 0.59474 0.34432
0.55176 0.61043 0.45611
0.57905 0.57295 0.38318
0.45555 0.71743 0.65944
0.59037 0.53314 0.52629
0.55269 0.55902 0.47951
0.55164 0.51876 0.50315
0.56404 0.56959 0.47299
0.50974 0.68206 0.48929
0.46383 0.66778 0.51946
0.45994 0.67230 0.39560
0.50065 0.55630 0.50258
0.51810 0.51224 0.39076
0.56099 0.47525 0.30995
0.60545 0.45312 0.41805
0.54890 0.43507 0.32540
0.48358 0.63401 0.40158
0.55022 0.59560 0.50091
0.50867 0.54903 0.41970
0.52716 0.47117 0.39034
0.49692 0.74761 0.67210
0.51361 0.55849 0.43613
0.54135 0.60176 0.34446
0.57150 0.72194 0.34766
0.37849 0.61034 0.38337
0.61257 0.51896 0.34078
0.59801 0.48052 0.58576
0.48179 0.45510 0.56081
0.49513 0.55963 0.45386
0.48259 0.56535 0.55372
0.37533 0.54348 0.57764
0.50886 0.58417 0.62534
0.42136 0.66386 0.45192
0.57018 0.44219 0.46276
0.41331 0.70883 0.64477
0.53588 0.62227 0.58163
0.46095 0.55692 0.37351
0.46594 0.48052 0.67522
0.46604 0.56750 0.31849
0.45448 0.64181 0.61254
0.52079 0.64007 0.41333
0.45736 0.65717 0.44225
0.51167 0.61143 0.39263
0.37543 0.59241 0.44668
0.52086 0.63135 0.49883
0.51913 0.64301 0.42316
0.47025 0.58491 0.33329
0.49766 0.57689 0.48560
0.47553 0.53954 0.61341
0.48972 0.62464 0.59355
0.51085 0.53625 0.45354
0.45361 0.62440 0.70528
0.48554 0.48883 0.58354
0.39688 0.63692 0.58902
0.67060 0.41785 0.37232
0.54000 0.62147 0.38477
0.58373 0.63727 0.27174
0.53499 0.69969 0.37176
0.52575 0.62518 0.55633
0.46404 0.47973 0.38998
0.50681 0.55357 0.60715
0.65532 0.46478 0.26206
0.53637 0.53705 0.47859
0.47239 0.60839 0.46120
0.61322 0.56671 0.40747
0.61168 0.53659 0.22501
0.40251 0.64899 0.34490
0.54521 0.54293 0.54936
0.38137 0.71564 0.66268
0.46382 0.81362 0.59898
0.51496 0.48908 0.32557
0.49445 0.57976 0.60906
0.51495 0.55712 0.42815
0.57755 0.58774 0.54314
0.59973 0.51148 0.30972
0.43149 0.72022 0.48821
0.50480 0.50482 0.43907
0.42618 0.51964 0.54601
0.46205 0.71653 0.50107
0.50352 0.53484 0.42898
0.52985 0.63046 0.58116
0.46537 0.69543 0.61763
0.48969 0.58374 0.58792
0.55592 0.51938 0.47590
0.54667 0.69579 0.41832
0.53192 0.64807 0.65181
0.54612 0.46566 0.34619
0.43640 0.55254 0.29896
0.58785 0.47785 0.39243
0.59681 0.50952 0.27330
0.44336 0.70379 0.61126
0.50211 0.55178 0.49842
0.57213 0.56744 0.40771
0.40997 0.63678 0.43329
0.55706 0.55237 0.51585
0.48265 0.70955 0.52370
0.56654 0.44920 0.61018
0.43851 0.61101 0.42481
0.67666 0.33823 0.34068
0.37293 0.64574 0.48809
0.45580 0.59040 0.40926
0.61724 0.42184 0.34017
0.50361 0.58708 0.29537
0.49051 0.72571 0.59328
0.44712 0.57617 0.54041
0.65224 0.42751 0.41274
0.48463 0.53058 0.43811
0.46636 0.56622 0.65112
0.52317 0.50253 0.42736
0.43650 0.55297 0.40470
0.58073 0.42537 0.38345
0.53568 0.55350 0.52021
0.61236 0.52572 0.38096
0.55227 0.51964 0.39924
0.49777 0.55524 0.41017
0.60253 0.40858 0.49564
0.48970 0.64618 0.47792
0.58221 0.41849 0.57635
0.47690 0.55772 0.44191
0.55943 0.53699 0.66736
0.43139 0.68816 0.52034
0.50788 0.53883 0.56157
0.59714 0.57904 0.27005
0.51338 0.61902 0.60810
0.45975 0.52643 0.49478
0.47699 0.52888 0.68304
0.51771 0.60680 0.40005
0.41617 0.67635 0.68882
0.42950 0.65615 0.67159
0.43712 0.79266 0.60990
0.41091 0.60664 0.41771
0.62351 0.48665 0.42200
0.58493 0.53739 0.68537
0.43343 0.50562 0.42174
0.43977 0.55408 0.57611
0.52210 0.61684 0.35605
0.51151 0.56014 0.57463
0.49216 0.56353 0.43230
0.48410 0.54220 0.32994
0.50703 0.54139 0.55128
0.43574 0.61533 0.62837
0.48774 0.54385 0.48424
0.56812 0.51533 0.30779
0.36465 0.66365 0.34755
0.42515 0.57044 0.44253
0.52427 0.56612 0.31893
0.45073 0.63095 0.48168
0.47547 0.69422 0.55941
0.53357 0.48145 0.45514
0.49138 0.59312 0.59808
0.45260 0.54675 0.40717
0.59857 0.54965 0.42799
0.59762 0.51226 0.80196
0.48705 0.57734 0.54132
0.38731 0.72625 0.43629
0.50322 0.50659 0.46845
0.50952 0.58633 0.45853
0.44053 0.66128 0.45106
0.53750 0.70106 0.50662
0.34669 0.64299 0.50143
0.54294 0.53655 0.54085
0.49432 0.60352 0.50671
0.44296 0.66264 0.58253
0.40384 0.64406 0.37529
0.51350 0.54271 0.26578
0.43474 0.62863 0.45435
0.59757 0.48844 0.54954
0.39847 0.62515 0.55059
0.43969 0.71551 0.58603
0.46948 0.59087 0.28101
0.51105 0.64040 0.41864
0.49691 0.52900 0.56790
0.48416 0.53154 0.49656
0.47491 0.55198 0.39982
0.50036 0.58988 0.61220
0.39872 0.59427 0.36133
0.44496 0.55217 0.51125
0.68628 0.33589 0.31424
0.51317 0.59435 0.65072
0.53948 0.54545 0.46381
0.50305 0.58301 0.62509
0.45100 0.64481 0.49880
0.49597 0.57442 0.40731
0.63282 0.49390 0.29224
0.48538 0.67366 0.52704
0.43669 0.56881 0.57300
0.43426 0.56071 0.49361
0.44980 0.60496 0.38130
0.54851 0.44381 0.34279
0.42592 0.60832 0.50023
0.42954 0.55228 0.31977
0.42291 0.57846 0.61811
0.44519 0.76466 0.58019
0.45914 0.60487 0.58421
0.45275 0.64407 0.52561
0.67668 0.33569 0.32435
0.45850 0.62421 0.57217
0.54637 0.47595 0.53682
0.55506 0.54136 0.45066
0.54871 0.63228 0.46642
0.48717 0.60085 0.34103
0.47053 0.57305 0.50405
0.51219 0.59346 0.38405
0.58642 0.49583 0.30506
0.51671 0.58993 0.46280
0.54304 0.60337 0.32593
0.44160 0.58258 0.47965
0.42740 0.61839 0.41162
0.56273 0.51789 0.36946
0.45086 0.59493 0.45899
0.46371 0.66988 0.51474
0.50619 0.53909 0.39554
0.43789 0.61111 0.49273
0.46289 0.63213 0.49167
0.40800 0.57896 0.51768
0.56840 0.53512 0.41898
0.51812 0.50432 0.41247
0.46114 0.66854 0.60682
0.45759 0.62876 0.61088
0.52592 0.48393 0.43711
0.42036 0.57787 0.42505
0.62525 0.57169 0.39705
0.48541 0.52903 0.62226
0.42281 0.58928 0.51104
0.49949 0.67103 0.34543
0.44874 0.59609 0.41266
0.38074 0.73181 0.47648
0.43392 0.63343 0.53064
0.51824 0.53528 0.40275
0.43821 0.59765 0.64662
0.59623 0.48288 0.46682
0.44137 0.77211 0.58876
0.59301 0.51032 0.80024
0.42422 0.61526 0.32250
0.58759 0.47696 0.39102
0.45040 0.63786 0.54092
0.52799 0.55330 0.37223
0.40625 0.58780 0.63561
0.45502 0.56311 0.43046
0.50368 0.57216 0.61302
0.39242 0.56387 0.38801
0.48809 0.66694 0.67056
0.57911 0.50057 0.37516
0.52145 0.64238 0.39447
0.47725 0.72281 0.69172
0.61647 0.42468 0.49877
0.50896 0.69407 0.41768
0.53729 0.61194 0.44056
0.50575 0.63590 0.41918
0.49933 0.50559 0.48091
0.47229 0.61447 0.24646
0.52476 0.50040 0.36967
0.50344 0.58387 0.51056
0.56358 0.51210 0.67827
0.51834 0.56305 0.56115
0.51721 0.51748 0.31672
0.47938 0.52185 0.32425
0.63183 0.55326 0.37950
0.48897 0.62670 0.53714
0.46473 0.64548 0.41345
0.40925 0.63339 0.54640
0.58140 0.53403 0.50079
0.44158 0.60423 0.63752
0.44445 0.69558 0.51653
0.56810 0.57030 0.40093
0.46020 0.54112 0.53680
0.60317 0.49770 0.35178
0.55547 0.47059 0.44264
0.51292 0.57063 0.46760
0.72421 0.27921 0.28233
0.53025 0.58415 0.35689
0.58123 0.56893 0.31901
0.37234 0.83447 0.62587
0.46540 0.53868 0.65250
0.46180 0.59652 0.35810
0.48031 0.57631 0.39820
0.52186 0.56408 0.72181
0.56290 0.44394 0.43170
0.55711 0.49588 0.64125
0.43814 0.58300 0.33162
0.47439 0.74153 0.55336
0.62151 0.44775 0.43650
0.59546 0.46671 0.37540
0.44302 0.52804 0.46542
0.60628 0.39953 0.43924
0.55219 0.57930 0.59547
0.46733 0.63206 0.38717
0.39569 0.62918 0.58201
0.44037 0.74843 0.56781
0.42348 0.64652 0.56663
0.48245 0.73471 0.53362
0.54318 0.52972 0.73598
0.49134 0.57126 0.50600
0.60162 0.45611 0.40161
0.54660 0.44244 0.29427
0.56447 0.55849 0.42200
0.47654 0.54175 0.55913
0.38425 0.63431 0.55040
0.46456 0.56974 0.33326
0.47146 0.49205 0.29599
0.46143 0.54342 0.38504
0.36752 0.61673 0.54600
0.52582 0.51697 0.47640
0.63026 0.37529 0.36010
0.62881 0.48008 0.42515
0.58988 0.55748 0.42321
0.62573 0.47069 0.63127
0.45901 0.50717 0.60444
0.55711 0.52447 0.37358
0.50906 0.53920 0.30047
0.45487 0.68069 0.49240
0.49110 0.55305 0.62667
0.55304 0.53369 0.37067
0.50847 0.69172 0.34682
0.65549 0.47249 0.33843
0.50010 0.71745 0.41765
0.57230 0.52733 0.38560
0.46851 0.74417 0.67080
0.55098 0.61021 0.49646
0.37924 0.73660 0.56043
0.38602 0.58450 0.47431
0.42081 0.75640 0.60111
0.44704 0.71410 0.55649
0.48599 0.67799 0.58979
0.49005 0.64625 0.38740
0.43317 0.56537 0.44025
0.38553 0.58899 0.34153
0.49328 0.51232 0.60927
0.61364 0.46948 0.37293
0.50033 0.49705 0.42878
0.38259 0.60333 0.43311
0.42308 0.64407 0.46357
0.56019 0.64207 0.36451
0.49717 0.52217 0.38188
0.51384 0.63438 0.51308
0.50447 0.50402 0.49586
0.43643 0.64153 0.49015
0.55161 0.55334 0.42463
0.53010 0.73248 0.40165
0.45697 0.74656 0.42927
0.61687 0.59003 0.29858
0.39238 0.60212 0.58454
0.50866 0.53070 0.51083
0.42307 0.49281 0.58980
0.57824 0.54110 0.59119
0.37636 0.61577 0.30037
0.48672 0.56801 0.53605
0.55039 0.54209 0.70662
0.49661 0.48788 0.54736
0.53062 0.52883 0.46094
0.45252 0.65226 0.56126
0.53841 0.51989 0.29532
0.47464 0.50299 0.62998
0.40488 0.86354 0.67694
0.54847 0.47786 0.56997
0.41306 0.70347 0.63250
0.49095 0.50114 0.55572
0.53976 0.54307 0.36512
0.51631 0.60471 0.37956
0.40115 0.57964 0.46116
0.56587 0.50939 0.37540
0.51186 0.69699 0.83038
0.58566 0.46672 0.42059
0.43680 0.67660 0.56698
0.47627 0.63978 0.49071
0.54606 0.65193 0.61500
0.43508 0.70103 0.69500
0.45831 0.76300 0.64580
0.45008 0.67728 0.48557
0.48546 0.71424 0.68209
0.43693 0.55537 0.54594
0.58514 0.50364 0.60731
0.52042 0.56455 0.46676
0.47868 0.68126 0.54973
0.53827 0.62167 0.36857
0.51767 0.58733 0.36296
0.51600 0.53413 0.48146
0.52644 0.55480 0.54784
0.51547 0.53558 0.43397
0.46014 0.54445 0.55102
0.58766 0.56394 0.57444
0.45200 0.77221 0.57200
0.53965 0.56618 0.46237
0.38342 0.59700 0.38740
0.53759 0.51130 0.27844
0.59289 0.49990 0.57753
0.49251 0.51444 0.47535
0.45351 0.65790 0.39314
0.46952 0.70256 0.54100
0.48114 0.58739 0.30650
0.43759 0.57661 0.43829
0.50920 0.66414 0.25046
0.61514 0.39814 0.46374
0.55564 0.59469 0.64472
0.56706 0.47392 0.45225
0.52362 0.53539 0.63146
0.49947 0.58021 0.58435
0.46233 0.74921 0.54277
0.43874 0.72467 0.49344
0.49316 0.50269 0.48887
0.44122 0.59757 0.57018
0.47731 0.63673 0.55037
0.46579 0.70204 0.48107
0.41092 0.64504 0.54930
0.55927 0.45448 0.32336
0.50057 0.61889 0.62744
0.46496 0.58747 0.42997
0.38623 0.69324 0.52713
0.55384 0.72219 0.45150
0.50870 0.57773 0.43505
0.56132 0.53774 0.49593
0.46917 0.67220 0.51630
0.47825 0.55384 0.65495
0.46191 0.61363 0.59908
0.46297 0.67206 0.62389
0.39553 0.64843 0.33736
0.47656 0.56052 0.62783
0.50684 0.56121 0.47283
0.43715 0.63174 0.61873
0.53282 0.43275 0.47565
0.49049 0.60409 0.47132
0.53010 0.55762 0.54227
0.44861 0.70507 0.63498
0.54134 0.52968 0.65039
0.61264 0.47489 0.66811
0.49502 0.55479 0.32537
0.41323 0.59518 0.72354
0.47006 0.67584 0.41383
0.45695 0.57006 0.41605
0.51687 0.67276 0.58194
0.36530 0.61624 0.32374
0.52137 0.57090 0.34712
0.37648 0.57774 0.45612
0.50800 0.62434 0.56846
0.45871 0.70470 0.65417
0.57833 0.64822 0.25573
0.47957 0.51655 0.54056
0.55130 0.59996 0.25067
0.56218 0.46271 0.39723
0.52612 0.46144 0.27512
0.58109 0.65218 0.24599
0.47339 0.59850 0.39399
0.47808 0.48041 0.34446
0.49291 0.56415 0.42168
0.61814 0.48436 0.52146
0.47463 0.51033 0.23805
0.49775 0.62166 0.42623
0.50735 0.64643 0.38655
0.45304 0.63024 0.62212
0.41494 0.69668 0.49811
0.49185 0.69749 0.42428
0.61023 0.49127 0.65944
0.44106 0.56735 0.31058
0.63141 0.43481 0.25787
0.58321 0.61662 0.48600
0.35624 0.65314 0.43327
0.50361 0.61765 0.43650
0.56639 0.54066 0.52707
0.59987 0.53739 0.45143
0.51442 0.54666 0.53289
0.48258 0.54514 0.31681
0.55088 0.48426 0.48658
0.52132 0.52618 0.67740
0.54686 0.48854 0.25612
0.47168 0.51141 0.41610
0.54011 0.59382 0.59889
0.44924 0.63884 0.56783
0.48793 0.52759 0.53658
0.47030 0.60794 0.63527
0.52986 0.54796 0.35019
0.57268 0.60546 0.54429
0.45387 0.61120 0.43865
0.43927 0.57887 0.51632
0.52814 0.55916 0.35069
0.56757 0.51108 0.27452
0.57273 0.57610 0.63624
0.52378 0.54763 0.42389
0.59374 0.51527 0.61749
0.54289 0.51054 0.61173
0.50957 0.54369 0.52226
0.41135 0.56153 0.36227
0.41608 0.59201 0.57709
0.45604 0.68015 0.64581
0.45303 0.56888 0.40983
0.48518 0.48937 0.39150
0.46517 0.53946 0.65760
0.56832 0.47045 0.48398
0.50068 0.59615 0.65198
0.58264 0.55944 0.54582
0.51400 0.72447 0.49069
0.43625 0.63093 0.56821
0.59446 0.45063 0.41778
0.54525 0.55938 0.46934
0.38916 0.59407 0.33847
0.58651 0.53900 0.69495
0.53765 0.55914 0.55607
0.44603 0.63462 0.48613
0.44545 0.62862 0.52913
0.64973 0.45857 0.39487
0.47540 0.52797 0.61272
0.45485 0.62414 0.37817
0.50890 0.53089 0.51137
0.51623 0.52604 0.53891
0.57158 0.45131 0.53644
0.53249 0.60217 0.55234
0.54653 0.50895 0.32464
0.55372 0.58534 0.57452
0.48004 0.57317 0.36513
0.49490 0.64918 0.44692
0.49132 0.68151 0.49522
0.49825 0.61397 0.42024
0.43443 0.64920 0.44054
0.71194 0.37929 0.28721
0.43793 0.60154 0.57350
0.51873 0.59157 0.41758
0.38923 0.61275 0.34971
0.45798 0.58011 0.74218
0.58028 0.50754 0.56584
0.40849 0.61716 0.33770
0.57358 0.54043 0.23696
0.54291 0.48721 0.35129
0.51046 0.52196 0.52782
0.44371 0.57798 0.28599
0.54657 0.56503 0.39346
0.51479 0.51430 0.43942
0.54436 0.59454 0.26909
0.42016 0.61485 0.45186
0.64085 0.43726 0.35125
0.39482 0.59993 0.30864
0.47507 0.67027 0.54902
0.49629 0.62844 0.54310
0.62916 0.42871 0.30822
0.50642 0.57800 0.45436
0.37860 0.78436 0.64279
0.54260 0.51231 0.48083
0.50996 0.50300 0.44861
0.47847 0.59593 0.55027
0.49767 0.64234 0.62915
0.46004 0.62900 0.44936
0.49329 0.56120 0.54349
0.42612 0.71918 0.49753
0.48679 0.49979 0.48454
0.54300 0.66722 0.44840
0.53694 0.60775 0.44517
