20 15 1000 15712 316
0.42758 0.54056 0.69147
0.56157 0.12262 0.43340
0.33976 0.04464 0.32995
0.86731 0.92522 0.08053
0.98417 0.51038 0.25894
0.01614 0.62948 0.77808
0.50086 0.97538 0.74565
0.13595 0.49262 0.87880
0.35849 0.88369 0.89228
0.06565 0.77860 0.74497
0.65656 0.08717 0.22639
0.92264 0.44819 0.47312
0.33146 0.72257 0.81663
0.15732 0.06340 0.21375
0.96385 0.52928 0.33714
0.46067 0.51690 0.57371
0.46303 0.65374 0.58143
0.51922 0.45596 0.51589
0.49172 0.55678 0.55247
0.62072 0.73282 0.46999
0.49738 0.49960 0.43046
0.34156 0.36696 0.55532
0.53809 0.45292 0.55198
0.36980 0.63710 0.73414
0.46770 0.55254 0.59235
0.47292 0.44582 0.53209
0.43028 0.43087 0.50629
0.35166 0.52421 0.61463
0.42357 0.46827 0.49156
0.54041 0.45779 0.48680
0.41234 0.46632 0.56964
0.54715 0.58829 0.52036
0.43257 0.52265 0.55082
0.61684 0.65521 0.33514
0.34726 0.45122 0.55530
0.58368 0.49250 0.50459
0.45501 0.50816 0.57955
0.42877 0.46289 0.57647
0.39842 0.64193 0.64173
0.59083 0.46478 0.44355
0.51559 0.51615 0.54934
0.35209 0.55785 0.63756
0.32871 0.59946 0.60200
0.42111 0.49699 0.52663
0.72361 0.47664 0.46125
0.47576 0.35284 0.43465
0.65967 0.53735 0.39294
0.50429 0.60222 0.58945
0.62021 0.68952 0.51839
0.48931 0.45835 0.45262
0.55664 0.46952 0.47959
0.55823 0.52189 0.47823
0.48514 0.48001 0.55612
0.52073 0.55540 0.53640
0.49421 0.48749 0.53276
0.60650 0.43149 0.45198
0.58761 0.52701 0.46748
0.37745 0.50869 0.64522
0.55063 0.49647 0.52239
0.53526 0.51987 0.53561
0.39669 0.53696 0.59309
0.51574 0.56147 0.49135
0.56054 0.58583 0.57938
0.42547 0.48681 0.55158
0.54602 0.37702 0.34485
0.59345 0.43688 0.49323
0.51391 0.39223 0.47846
0.38125 0.64305 0.67484
0.56049 0.47786 0.50062
0.47658 0.49678 0.47344
0.45779 0.57745 0.63958
0.60087 0.49975 0.52448
0.45997 0.50192 0.51882
0.59555 0.37607 0.40032
0.39879 0.63001 0.65844
0.49197 0.48841 0.47532
0.52063 0.55451 0.54490
0.46459 0.45288 0.55338
0.45072 0.41634 0.47092
0.51690 0.46874 0.47556
0.52684 0.56863 0.50617
0.50989 0.47957 0.56054
0.60204 0.48096 0.41472
0.51226 0.49796 0.46727
0.56845 0.35833 0.43807
0.58138 0.52531 0.49183
0.50753 0.57061 0.50633
0.52714 0.32844 0.38595
0.49663 0.50740 0.52508
0.36469 0.62023 0.62102
0.44815 0.45862 0.51242
0.44979 0.46283 0.53937
0.43033 0.63341 0.66250
0.40761 0.56805 0.63154
0.45535 0.60021 0.53984
0.59098 0.56163 0.56514
0.51359 0.45912 0.46261
0.48676 0.50093 0.59153
0.42910 0.49039 0.57739
0.43301 0.50076 0.47540
0.51448 0.41007 0.45271
0.45404 0.57958 0.56206
0.40675 0.54501 0.56452
0.50384 0.53955 0.48809
0.56322 0.43356 0.43815
0.46673 0.51928 0.58412
0.50958 0.54172 0.56032
0.43899 0.53571 0.58284
0.34942 0.36166 0.46437
0.53973 0.45753 0.45276
0.44346 0.54558 0.61267
0.43096 0.44602 0.52818
0.47612 0.57002 0.53879
0.54226 0.50211 0.45943
0.44518 0.44509 0.48116
0.36928 0.60197 0.62190
0.37795 0.61923 0.65508
0.57000 0.56378 0.53904
0.43262 0.58144 0.55296
0.52032 0.49078 0.53586
0.59075 0.55904 0.52126
0.46534 0.52605 0.49136
0.48460 0.51740 0.45911
0.58542 0.47833 0.53111
0.63260 0.56993 0.30225
0.43076 0.50382 0.57100
0.48905 0.45697 0.51773
0.52717 0.68811 0.56128
0.49228 0.56188 0.50194
0.51151 0.48547 0.49941
0.43356 0.62072 0.58931
0.44247 0.53225 0.56192
0.47599 0.45168 0.46772
0.53386 0.47106 0.52603
0.50187 0.56222 0.40421
0.49550 0.52578 0.55508
0.52533 0.54727 0.49064
0.36286 0.54182 0.65041
0.39350 0.54036 0.58887
0.31565 0.46652 0.56770
0.32542 0.43498 0.56161
0.59396 0.60365 0.46478
0.44853 0.34465 0.51497
0.38287 0.52151 0.54116
0.56100 0.51510 0.45077
0.31876 0.56157 0.67377
0.47754 0.59026 0.53599
0.43836 0.60446 0.62862
0.48114 0.61796 0.56996
0.43731 0.38713 0.45189
0.54027 0.51426 0.41763
0.42330 0.53868 0.57012
0.49880 0.47543 0.55221
0.35231 0.52012 0.64991
0.47669 0.46772 0.53751
0.43264 0.41391 0.50823
0.43803 0.64906 0.51866
0.57424 0.47450 0.50911
0.48595 0.52382 0.46957
0.53826 0.40224 0.46348
0.48116 0.52910 0.52708
0.41663 0.56581 0.65536
0.49142 0.33842 0.41459
0.54821 0.49136 0.52541
0.42165 0.44795 0.51649
0.34501 0.61521 0.67736
0.44232 0.48524 0.57709
0.45685 0.48661 0.58316
0.49657 0.62030 0.57727
0.49988 0.47047 0.47075
0.46846 0.38886 0.44300
0.54171 0.45411 0.51215
0.42246 0.49056 0.50356
0.49188 0.46536 0.50138
0.61800 0.45163 0.45229
0.37764 0.52208 0.62766
0.60402 0.57107 0.45524
0.39289 0.46790 0.58803
0.51258 0.62258 0.54099
0.29072 0.51854 0.62501
0.56703 0.59866 0.53092
0.49738 0.45139 0.45706
0.54207 0.35860 0.45328
0.56114 0.43474 0.42144
0.48459 0.43755 0.52594
0.45054 0.47238 0.58501
0.50035 0.43040 0.51621
0.45880 0.41304 0.44027
0.48741 0.38801 0.44883
0.51271 0.62985 0.59937
0.40272 0.56148 0.55351
0.34090 0.51153 0.53929
0.52265 0.59881 0.47397
0.37424 0.45506 0.52382
0.43905 0.41803 0.52879
0.62044 0.46989 0.42054
0.39522 0.51869 0.55793
0.42773 0.55293 0.60083
0.49250 0.42687 0.46634
0.41715 0.52901 0.54210
0.58301 0.51073 0.44968
0.46363 0.38976 0.42086
0.68650 0.62561 0.44448
0.40090 0.56250 0.54969
0.49450 0.44261 0.55239
0.46587 0.59326 0.61297
0.44327 0.45649 0.52220
0.46822 0.69157 0.63338
0.54985 0.58948 0.50411
0.52930 0.58172 0.54440
0.52513 0.40351 0.44317
0.47880 0.52028 0.53005
0.52610 0.38431 0.39837
0.38178 0.57534 0.56428
0.64989 0.54587 0.48981
0.49332 0.51493 0.52972
0.46040 0.57020 0.56027
0.47027 0.51972 0.53273
0.39306 0.37176 0.42964
0.37693 0.42319 0.44064
0.47729 0.36266 0.48634
0.49627 0.53855 0.54647
0.36147 0.76194 0.75247
0.43539 0.38274 0.53273
0.59245 0.64256 0.51003
0.47776 0.38688 0.50285
0.42170 0.53202 0.54795
0.51452 0.57716 0.50146
0.41835 0.56262 0.63363
0.62703 0.51757 0.43613
0.43812 0.60178 0.60672
0.38686 0.38423 0.50413
0.47082 0.50602 0.54317
0.48514 0.59494 0.55296
0.50207 0.60394 0.58218
0.59174 0.50560 0.46301
0.52040 0.46374 0.46298
0.59026 0.56620 0.38503
0.46034 0.63665 0.59220
0.42750 0.53402 0.58924
0.44956 0.52689 0.51276
0.55433 0.65801 0.50135
0.51619 0.61139 0.54912
0.58626 0.44399 0.36995
0.61453 0.44655 0.43503
0.50435 0.51792 0.50285
0.42243 0.52695 0.53483
0.64751 0.38999 0.38893
0.71433 0.51756 0.34410
0.48796 0.51093 0.46180
0.37556 0.51092 0.55005
0.42249 0.48596 0.58271
0.55851 0.53319 0.49959
0.61454 0.56181 0.36455
0.40261 0.57171 0.65025
0.57876 0.60332 0.52470
0.41173 0.54258 0.61491
0.30096 0.54923 0.66530
0.46818 0.30379 0.41969
0.54908 0.60351 0.52328
0.34304 0.44024 0.53190
0.48640 0.41799 0.49887
0.55926 0.47646 0.44130
0.45349 0.51746 0.50345
0.57938 0.45783 0.41657
0.50398 0.45203 0.44629
0.72330 0.48638 0.42246
0.35839 0.49140 0.57443
0.38577 0.37673 0.46319
0.50127 0.53174 0.54319
0.56764 0.44221 0.47852
0.46258 0.47582 0.49866
0.39137 0.42134 0.43995
0.50529 0.50071 0.52326
0.42633 0.56038 0.61827
0.45810 0.44720 0.54467
0.32213 0.35564 0.42388
0.51586 0.45877 0.47403
0.45006 0.36405 0.46298
0.54697 0.57061 0.53545
0.44340 0.53383 0.49310
0.67889 0.58193 0.49967
0.40611 0.47853 0.50643
0.51112 0.57659 0.55730
0.64147 0.49512 0.54176
0.67345 0.44814 0.40304
0.45162 0.52471 0.58763
0.51382 0.45970 0.53697
0.54327 0.59444 0.54187
0.37513 0.60578 0.65119
0.44100 0.46273 0.45432
0.50037 0.53768 0.54138
0.47381 0.51912 0.52882
0.42706 0.34723 0.47775
0.36267 0.49363 0.60099
0.51118 0.59132 0.49674
0.44885 0.64066 0.53208
0.73727 0.58309 0.40560
0.47394 0.54568 0.55357
0.37380 0.43133 0.57733
0.41109 0.58472 0.57141
0.50345 0.50968 0.38826
0.55454 0.50405 0.46028
0.54108 0.51901 0.52536
0.58878 0.48477 0.52403
0.54040 0.59580 0.48107
0.49029 0.37022 0.47697
0.37551 0.50819 0.59671
0.38581 0.36114 0.45522
0.52725 0.33288 0.40871
0.47439 0.33417 0.40352
0.44028 0.48978 0.56698
0.43859 0.58775 0.52419
0.43388 0.49561 0.53566
0.59415 0.60146 0.40606
0.50409 0.58757 0.52219
0.47332 0.52693 0.55116
0.40918 0.59754 0.59463
0.35115 0.42321 0.52597
0.43469 0.52582 0.56297
0.53499 0.50178 0.48695
0.50867 0.48608 0.50989
0.42908 0.64840 0.55533
0.38623 0.41377 0.42764
0.57908 0.61763 0.44360
0.48263 0.51288 0.49015
0.51442 0.50095 0.49479
0.53317 0.47646 0.45971
0.45051 0.49602 0.56968
0.48894 0.45307 0.49273
0.38438 0.46259 0.57775
0.56252 0.44802 0.44549
0.45139 0.76801 0.68061
0.60263 0.50650 0.53580
0.44368 0.51136 0.51053
0.56538 0.44848 0.42011
0.41151 0.59277 0.64053
0.45894 0.29317 0.43137
0.48956 0.52350 0.54709
0.43089 0.42537 0.53809
0.51445 0.59197 0.57503
0.55635 0.44006 0.41827
0.54684 0.41083 0.43489
0.49278 0.54727 0.56918
0.39863 0.33922 0.48001
0.42381 0.67377 0.61659
0.44327 0.53768 0.51267
0.46791 0.62153 0.47740
0.33061 0.50737 0.67049
0.55274 0.60450 0.41166
0.56536 0.43066 0.48068
0.59403 0.45570 0.45694
0.45053 0.54969 0.61097
0.56744 0.56874 0.35646
0.43579 0.66380 0.59915
0.41081 0.57263 0.62421
0.42829 0.53720 0.57047
0.52814 0.52886 0.53089
0.53567 0.47660 0.46558
0.39703 0.46918 0.54821
0.36159 0.58092 0.60542
0.51586 0.48388 0.48477
0.49745 0.36967 0.44297
0.75426 0.47884 0.35701
0.61834 0.48137 0.41845
0.52584 0.44494 0.48395
0.58459 0.54547 0.38836
0.28640 0.52053 0.61525
0.40881 0.62686 0.60635
0.49839 0.41962 0.49496
0.52918 0.63547 0.46435
0.58575 0.54020 0.51382
0.49108 0.54983 0.57963
0.49700 0.51054 0.50668
0.49364 0.52258 0.43928
0.55038 0.44192 0.54911
0.49555 0.50871 0.55334
0.46010 0.58551 0.59049
0.43945 0.52872 0.56690
0.45537 0.59862 0.59887
0.44091 0.38388 0.40506
0.36216 0.60966 0.62827
0.62003 0.47449 0.49589
0.29119 0.51857 0.63405
0.39304 0.24212 0.32839
0.43320 0.55252 0.56891
0.37802 0.56361 0.54070
0.58807 0.59083 0.45328
0.44359 0.61079 0.58114
0.42468 0.53392 0.52061
0.48775 0.56282 0.47523
0.48066 0.48281 0.48851
0.55966 0.45904 0.49377
0.57254 0.59762 0.50269
0.48425 0.53551 0.56808
0.51184 0.67788 0.51862
0.47863 0.48859 0.45370
0.46869 0.46814 0.49469
0.47464 0.36603 0.49821
0.62516 0.52588 0.50653
0.57841 0.55394 0.48004
0.48572 0.55189 0.52314
0.56318 0.46333 0.48479
0.49638 0.46706 0.54966
0.42674 0.50255 0.55583
0.31079 0.57084 0.64448
0.51840 0.53684 0.52619
0.43640 0.45942 0.53071
0.53993 0.56365 0.48484
0.36971 0.52890 0.63251
0.44826 0.49386 0.52988
0.39157 0.53964 0.55663
0.53749 0.47786 0.45251
0.53519 0.51910 0.52135
0.49027 0.41631 0.47777
0.56034 0.55561 0.43815
0.47593 0.41874 0.50118
0.60261 0.50314 0.46978
0.54791 0.53088 0.52663
0.49057 0.55514 0.53692
0.45392 0.46253 0.55822
0.40114 0.44859 0.57093
0.57596 0.46026 0.41396
0.58430 0.64366 0.52243
0.25514 0.50163 0.59193
0.40393 0.46036 0.52371
0.27267 0.61887 0.66193
0.45470 0.52992 0.52974
0.53113 0.47230 0.43227
0.40230 0.57714 0.60800
0.58167 0.59313 0.47797
0.37492 0.51279 0.57941
0.60565 0.46294 0.50356
0.54534 0.39838 0.48611
0.51828 0.72203 0.50829
0.39865 0.42305 0.48771
0.55837 0.55775 0.48666
0.38886 0.47088 0.55458
0.54800 0.49613 0.44034
0.51824 0.58949 0.61156
0.60099 0.63537 0.50067
0.50968 0.43202 0.51775
0.57861 0.61996 0.45936
0.43197 0.52906 0.55471
0.46256 0.44681 0.52346
0.64044 0.49489 0.44039
0.73978 0.52499 0.36236
0.52349 0.48827 0.53242
0.48418 0.45899 0.56293
0.43569 0.51161 0.56884
0.45138 0.52182 0.45572
0.60383 0.42905 0.45341
0.46140 0.48434 0.55431
0.58396 0.63583 0.37082
0.45904 0.45403 0.52632
0.41099 0.41446 0.49248
0.58365 0.35092 0.37686
0.52972 0.51963 0.47506
0.35398 0.58331 0.65210
0.50855 0.36885 0.41863
0.67941 0.62252 0.36834
0.57648 0.59155 0.51753
0.37887 0.54019 0.55802
0.57326 0.48501 0.52046
0.45495 0.53266 0.60662
0.50272 0.56400 0.54698
0.50331 0.54890 0.52768
0.48720 0.58788 0.57222
0.50872 0.61627 0.49263
0.46633 0.54593 0.55830
0.57645 0.51975 0.51750
0.43660 0.40676 0.47909
0.65794 0.55482 0.44518
0.54266 0.62314 0.49469
0.35925 0.37102 0.52107
0.37781 0.56182 0.58670
0.32803 0.70770 0.67545
0.69864 0.65109 0.41097
0.43074 0.41441 0.51081
0.44512 0.50893 0.52603
0.43290 0.52925 0.58468
0.36350 0.39894 0.46411
0.61870 0.64228 0.47530
0.43560 0.40142 0.47383
0.54702 0.50005 0.47189
0.46775 0.49300 0.49295
0.57479 0.38934 0.42879
0.51292 0.58407 0.58835
0.40946 0.55501 0.59993
0.46166 0.50175 0.54776
0.44858 0.65022 0.61170
0.47778 0.56709 0.63381
0.56398 0.66615 0.56707
0.49376 0.44353 0.46820
0.46015 0.60159 0.60833
0.38273 0.47729 0.54259
0.55093 0.61900 0.52649
0.52387 0.66006 0.57131
0.51296 0.41960 0.43684
0.36770 0.57671 0.66675
0.39812 0.48900 0.59037
0.42902 0.42370 0.52018
0.53033 0.46546 0.51936
0.52674 0.54851 0.48360
0.44831 0.45356 0.49595
0.49339 0.44449 0.42685
0.50193 0.55993 0.53503
0.42931 0.60880 0.55800
0.44754 0.48375 0.51961
0.32068 0.46351 0.54449
0.39031 0.48698 0.55287
0.41563 0.62559 0.67209
0.45059 0.40052 0.48146
0.52565 0.39832 0.49413
0.44926 0.53914 0.62710
0.40804 0.56821 0.62555
0.47779 0.53057 0.50159
0.46910 0.32766 0.40285
0.53406 0.50053 0.49588
0.57910 0.57695 0.50871
0.50085 0.33949 0.38978
0.52734 0.42672 0.43246
0.47046 0.46169 0.50937
0.41990 0.52640 0.60066
0.50858 0.63817 0.59045
0.52456 0.68184 0.53709
0.44674 0.47708 0.53609
0.38123 0.45975 0.58481
0.50766 0.57148 0.58335
0.31976 0.47824 0.58579
0.44667 0.58822 0.56535
0.51181 0.50501 0.50483
0.49551 0.44379 0.52746
0.60742 0.48731 0.45293
0.47226 0.64414 0.54998
0.43473 0.66596 0.59138
0.57108 0.47470 0.47316
0.53736 0.62234 0.51327
0.59935 0.63665 0.42239
0.46119 0.55137 0.63601
0.48229 0.58618 0.56265
0.42919 0.55963 0.56719
0.48198 0.46732 0.57128
0.41243 0.54811 0.61887
0.39632 0.50303 0.48481
0.44910 0.38769 0.49871
0.54607 0.50483 0.47819
0.32465 0.53140 0.67165
0.45962 0.51334 0.56541
0.53967 0.46654 0.53556
0.51513 0.43880 0.47556
0.43570 0.43309 0.46582
0.44034 0.51382 0.59231
0.66510 0.46962 0.43655
0.64702 0.54793 0.46927
0.61196 0.50692 0.45161
0.50361 0.51541 0.53460
0.42438 0.58632 0.58068
0.43168 0.57333 0.55258
0.47608 0.57000 0.60011
0.49461 0.54145 0.53631
0.44132 0.58376 0.60767
0.45907 0.48554 0.51297
0.45122 0.35237 0.50090
0.43606 0.50886 0.49759
0.37650 0.55538 0.52096
0.50187 0.66410 0.55383
0.35177 0.47659 0.58057
0.48556 0.56099 0.56468
0.41963 0.62245 0.50140
0.58786 0.61472 0.59833
0.46380 0.39491 0.49019
0.42409 0.52566 0.56800
0.48199 0.51759 0.57922
0.53966 0.55709 0.47796
0.39901 0.59006 0.47189
0.66610 0.61186 0.51792
0.48957 0.35064 0.41310
0.60128 0.52521 0.44853
0.44648 0.52198 0.56673
0.47274 0.43455 0.49813
0.59368 0.42196 0.41487
0.58200 0.36346 0.40043
0.39593 0.47327 0.55050
0.60975 0.69648 0.38769
0.43110 0.51285 0.58583
0.48688 0.56052 0.53649
0.53419 0.53654 0.52769
0.49427 0.49946 0.53642
0.48222 0.57791 0.55885
0.46652 0.52449 0.53121
0.45733 0.63048 0.60156
0.41526 0.52942 0.62681
0.42826 0.52646 0.55342
0.43811 0.55846 0.61802
0.44397 0.42473 0.51603
0.49253 0.44939 0.51500
0.52287 0.47319 0.51639
0.63681 0.68789 0.41521
0.41429 0.52171 0.57782
0.41654 0.51080 0.52007
0.37305 0.56071 0.60728
0.38220 0.55724 0.54171
0.49017 0.60549 0.57002
0.40336 0.49108 0.50739
0.45873 0.36591 0.42823
0.50022 0.57604 0.58253
0.58111 0.60154 0.45015
0.48219 0.54857 0.55469
0.47641 0.49601 0.53083
0.46502 0.57441 0.60671
0.69725 0.37853 0.32131
0.51757 0.51816 0.52866
0.56449 0.58955 0.48179
0.51189 0.59266 0.51203
0.48081 0.40269 0.50765
0.29801 0.51487 0.58262
0.49205 0.44638 0.53176
0.38430 0.65623 0.68892
0.48382 0.48383 0.53359
0.59194 0.55835 0.44091
0.57840 0.33643 0.45865
0.55516 0.46449 0.48242
0.34623 0.34876 0.49850
0.36696 0.63006 0.64188
0.48995 0.41703 0.47540
0.69612 0.47572 0.44364
0.63070 0.50767 0.49368
0.60548 0.53543 0.41685
0.58020 0.38500 0.41965
0.47949 0.50235 0.56551
0.64257 0.49897 0.48031
0.36053 0.31726 0.40272
0.58698 0.48566 0.45414
0.39840 0.52493 0.61058
0.49675 0.55561 0.55232
0.55482 0.55913 0.58356
0.50187 0.48235 0.52975
0.47943 0.52287 0.56029
0.46913 0.43463 0.50097
0.58870 0.50693 0.45810
0.57652 0.49017 0.48440
0.44806 0.56018 0.60357
0.58435 0.51666 0.45326
0.45525 0.54997 0.60630
0.56769 0.49497 0.51055
0.43404 0.54714 0.55821
0.39530 0.54358 0.58049
0.42345 0.47268 0.57188
0.51979 0.45072 0.47394
0.44870 0.47210 0.43027
0.25475 0.50840 0.66011
0.55086 0.58717 0.44853
0.43912 0.52553 0.61882
0.56270 0.46867 0.44886
0.46924 0.39630 0.48844
0.51891 0.54272 0.51842
0.48407 0.45121 0.49285
0.53696 0.60044 0.59467
0.40571 0.62201 0.65092
0.39403 0.53575 0.60124
0.52827 0.48245 0.44774
0.50879 0.52369 0.50908
0.53015 0.45205 0.56162
0.52686 0.44627 0.52255
0.44584 0.49444 0.55675
0.55025 0.50416 0.44318
0.42940 0.34171 0.42833
0.54687 0.54682 0.52009
0.53873 0.43696 0.49176
0.51299 0.50173 0.56910
0.42511 0.59997 0.57792
0.39742 0.50335 0.60192
0.50972 0.53191 0.50677
0.32200 0.61944 0.67230
0.57608 0.52794 0.42584
0.53422 0.41962 0.52656
0.30493 0.57704 0.62580
0.57640 0.57515 0.49830
0.54761 0.52421 0.47997
0.49543 0.43185 0.49570
0.42664 0.42688 0.47860
0.39043 0.41103 0.47607
0.66553 0.54437 0.51878
0.43255 0.39618 0.52302
0.61878 0.59845 0.51016
0.31743 0.43672 0.55735
0.37844 0.46351 0.56592
0.46254 0.39187 0.43756
0.51381 0.42608 0.46444
0.37616 0.45569 0.60747
0.62655 0.55377 0.45617
0.41223 0.50966 0.53851
0.43969 0.41572 0.54336
0.40739 0.41998 0.54638
0.41753 0.42827 0.52925
0.36930 0.47133 0.54954
0.42656 0.51361 0.54798
0.39359 0.49111 0.51377
0.46673 0.36803 0.38730
0.52460 0.43734 0.47562
0.41010 0.49458 0.54612
0.59742 0.48447 0.45040
0.31637 0.53282 0.61524
0.38778 0.43487 0.62080
0.50313 0.45614 0.48530
0.51667 0.51331 0.52582
0.50054 0.54658 0.56948
0.45633 0.32998 0.47091
0.50023 0.47277 0.53598
0.46182 0.63568 0.60025
0.38262 0.52916 0.63577
0.49300 0.59856 0.59850
0.51851 0.40869 0.49576
0.37207 0.46753 0.57408
0.51074 0.51247 0.58295
0.39600 0.59562 0.64223
0.45893 0.52871 0.52068
0.42846 0.56142 0.57035
0.56877 0.53996 0.52912
0.44604 0.53008 0.52817
0.49538 0.54490 0.57631
0.60850 0.44877 0.42695
0.34473 0.48146 0.59038
0.46948 0.44483 0.50983
0.42604 0.59733 0.61426
0.43107 0.49415 0.55954
0.62433 0.64408 0.53533
0.45966 0.50872 0.59104
0.53893 0.38732 0.48764
0.60686 0.50445 0.44742
0.54454 0.44150 0.37954
0.49298 0.41364 0.45803
0.61648 0.63338 0.45524
0.39999 0.41804 0.44739
0.44403 0.39475 0.38281
0.59423 0.65563 0.53823
0.61442 0.45621 0.44338
0.52996 0.53734 0.49639
0.44413 0.49821 0.57946
0.49274 0.58928 0.57902
0.51139 0.50329 0.46984
0.66538 0.48560 0.44523
0.52986 0.44516 0.54244
0.44450 0.41838 0.44560
0.53485 0.54039 0.48015
0.54669 0.48082 0.52261
0.32140 0.47929 0.56341
0.49625 0.44285 0.50365
0.39663 0.47577 0.52011
0.54572 0.47267 0.51563
0.41060 0.49185 0.53454
0.36763 0.54496 0.61587
0.51448 0.45523 0.45269
0.41838 0.35683 0.46912
0.40820 0.54237 0.54768
0.50578 0.52791 0.54554
0.38902 0.49209 0.59518
0.57344 0.48467 0.52677
0.50675 0.67854 0.57647
0.46018 0.54463 0.60956
0.55138 0.42816 0.49994
0.47899 0.42144 0.37629
0.46220 0.43619 0.48062
0.55815 0.61733 0.46836
0.52792 0.50143 0.54407
0.51192 0.55542 0.55288
0.55087 0.62208 0.46507
0.71395 0.52421 0.37170
0.45250 0.56687 0.53778
0.52276 0.58570 0.61525
0.48257 0.49033 0.51376
0.43314 0.55533 0.54715
0.59302 0.57714 0.55189
0.55589 0.45555 0.53051
0.37382 0.53186 0.63396
0.41419 0.45287 0.54286
0.58852 0.53696 0.41975
0.52781 0.55826 0.38868
0.54920 0.39585 0.42621
0.40542 0.46887 0.55891
0.52909 0.49314 0.52528
0.39917 0.64374 0.66036
0.52712 0.53798 0.54963
0.46155 0.56802 0.56916
0.41506 0.49176 0.57024
0.53378 0.51319 0.48650
0.48873 0.51456 0.49463
0.44228 0.56832 0.53547
0.43189 0.57509 0.56442
0.61850 0.56233 0.52598
0.54378 0.59481 0.60363
0.34755 0.46743 0.51722
0.58341 0.51367 0.34168
0.49876 0.44429 0.44509
0.49886 0.40356 0.49745
0.60355 0.55325 0.52820
0.48346 0.39765 0.53741
0.39349 0.53204 0.60083
0.62909 0.51973 0.43892
0.49694 0.61598 0.51337
0.52748 0.51122 0.49288
0.48346 0.55482 0.57217
0.45513 0.57180 0.62550
0.42276 0.65583 0.68515
0.56416 0.50550 0.42650
0.46764 0.51371 0.52018
0.45819 0.54549 0.56036
0.38303 0.62024 0.64421
0.42860 0.58640 0.58927
0.58184 0.57909 0.50688
0.35689 0.32627 0.46479
0.57845 0.65015 0.52899
0.53278 0.46766 0.45090
0.68032 0.58358 0.46760
0.35568 0.53437 0.60426
0.59411 0.60421 0.52183
0.54637 0.63558 0.45090
0.37002 0.49747 0.61115
0.38174 0.51942 0.54221
0.39891 0.53826 0.60434
0.44383 0.46286 0.55502
0.46314 0.50224 0.48612
0.45714 0.45446 0.54219
0.35601 0.49244 0.56007
0.46255 0.52316 0.52892
0.53079 0.57122 0.50793
0.53705 0.42950 0.47409
0.54027 0.36783 0.50884
0.37948 0.59748 0.60657
0.54341 0.54897 0.52142
0.62218 0.47271 0.43999
0.49789 0.67539 0.51412
0.45420 0.43247 0.48608
0.56966 0.54364 0.43252
0.48354 0.52160 0.48903
0.57024 0.44896 0.46533
0.47616 0.57776 0.57560
0.48783 0.41626 0.50317
0.52416 0.44731 0.45573
0.45311 0.55009 0.47234
0.58469 0.55838 0.57811
0.42338 0.55755 0.53604
0.43752 0.44784 0.51286
0.47954 0.56859 0.56161
0.43372 0.43071 0.49380
0.44452 0.57239 0.54162
0.54611 0.51245 0.47500
0.33289 0.58356 0.65650
0.46625 0.60551 0.60912
0.55530 0.66147 0.50951
0.37202 0.59993 0.63162
0.59950 0.50268 0.47626
0.43829 0.42466 0.54224
0.43061 0.46640 0.51720
0.39307 0.65985 0.67893
0.45205 0.50637 0.53215
0.40185 0.50674 0.61689
0.49199 0.52545 0.51801
0.41917 0.47013 0.58361
0.60287 0.53392 0.34516
0.49043 0.50627 0.53540
0.44280 0.50167 0.59816
0.44513 0.49780 0.54787
0.45154 0.49821 0.52879
0.58825 0.61084 0.43933
0.57958 0.49550 0.51843
0.43528 0.47251 0.53906
0.43071 0.63971 0.55583
0.60997 0.71972 0.37880
0.50763 0.43882 0.51264
0.44093 0.59222 0.60456
0.41827 0.50263 0.59367
0.47481 0.50739 0.52589
0.48595 0.58051 0.54318
0.50631 0.47506 0.50449
0.48880 0.47172 0.51353
0.54252 0.46761 0.52957
0.40198 0.46561 0.54466
0.53070 0.63249 0.59093
0.49579 0.51771 0.50082
0.40242 0.61887 0.64167
0.44209 0.44295 0.52859
0.59156 0.44803 0.40638
0.39990 0.48576 0.53967
0.43060 0.44804 0.49613
0.54605 0.55719 0.55813
0.48264 0.49164 0.54196
0.43781 0.47305 0.54874
0.51278 0.55142 0.45150
0.41264 0.49144 0.61741
0.44675 0.68349 0.68857
0.58997 0.39247 0.48303
0.27556 0.45681 0.51037
0.43672 0.48537 0.57923
0.45921 0.57971 0.50966
0.51064 0.58737 0.54864
0.49301 0.45487 0.53003
0.29084 0.60553 0.61573
0.56374 0.43796 0.48393
0.46544 0.50025 0.49689
0.52793 0.49282 0.49615
0.40660 0.61441 0.63176
0.44238 0.46087 0.52646
0.50651 0.50305 0.54857
0.55438 0.42625 0.47805
0.42497 0.58167 0.59570
0.47772 0.46418 0.40864
0.43753 0.67939 0.52830
0.34726 0.51542 0.56881
0.55718 0.47098 0.43879
0.31914 0.58734 0.68749
0.43642 0.50728 0.60690
0.62408 0.57682 0.53365
0.53187 0.51785 0.49363
0.43625 0.55428 0.60679
0.51576 0.51607 0.51648
0.52718 0.49849 0.57348
0.46203 0.44614 0.49586
0.48337 0.23813 0.36800
0.52109 0.43367 0.49820
0.47237 0.60372 0.55400
0.39879 0.61910 0.59119
0.35812 0.50403 0.58131
0.49547 0.33329 0.39902
0.51614 0.49372 0.41753
0.43693 0.45589 0.46970
0.49606 0.49306 0.49926
0.40067 0.41429 0.47896
0.44697 0.44975 0.48021
0.44098 0.50434 0.54381
0.34370 0.49539 0.59429
0.51238 0.60005 0.59061
0.47902 0.50988 0.51432
0.48693 0.56026 0.55789
0.72865 0.57272 0.42328
0.42859 0.49593 0.58717
0.44547 0.46900 0.53754
0.54897 0.37920 0.47334
0.57919 0.53358 0.40334
0.51115 0.55670 0.51613
0.37782 0.45758 0.52567
0.44371 0.59908 0.61568
0.47403 0.37748 0.55769
0.48870 0.52955 0.50185
0.44344 0.55485 0.60842
0.40936 0.56635 0.61965
0.53181 0.39167 0.42644
0.33664 0.52831 0.59892
0.60206 0.55879 0.48236
0.61866 0.50415 0.47657
0.29613 0.52239 0.63872
0.51558 0.57302 0.47686
0.40605 0.36741 0.55837
0.48016 0.64767 0.58166
0.37791 0.42389 0.53061
0.54546 0.42559 0.47354
0.55539 0.39374 0.40531
0.51224 0.51679 0.52160
0.54806 0.64873 0.59843
0.42375 0.49998 0.52142
0.41752 0.57123 0.63779
0.51445 0.49081 0.47892
0.52693 0.43331 0.46973
0.58774 0.55661 0.50131
0.53716 0.55180 0.48614
0.59273 0.54499 0.50574
0.47876 0.47347 0.54677
0.50120 0.45642 0.52123
0.59939 0.48567 0.36499
0.43960 0.52393 0.57903
0.56713 0.49666 0.48202
0.41973 0.46716 0.46489
0.32416 0.40905 0.49776
0.33547 0.49049 0.63254
0.53004 0.52009 0.43912
0.43865 0.49774 0.49020
0.34627 0.44619 0.53742
0.42987 0.51148 0.56404
0.58729 0.51953 0.50247
0.47734 0.46105 0.46192
0.40495 0.44054 0.46947
0.59381 0.53734 0.50665
0.45666 0.53951 0.57117
0.42709 0.50125 0.59495
0.56656 0.39149 0.42689
0.42674 0.46852 0.60290
0.46653 0.47811 0.56955
0.52001 0.43941 0.45802
0.52508 0.48817 0.51469
0.49965 0.57854 0.58614
0.53343 0.55395 0.47372
0.54399 0.49375 0.44728
0.45788 0.67980 0.60092
0.55134 0.55911 0.45922
0.46692 0.49064 0.60036
0.40162 0.60343 0.61576
0.37561 0.58186 0.64188
0.51562 0.58328 0.55369
0.58142 0.51081 0.50976
0.53156 0.49175 0.44076
0.61227 0.37728 0.40015
0.37927 0.54728 0.53826
0.53453 0.45380 0.45508
0.50981 0.53743 0.55626
0.47661 0.51928 0.58118
0.50029 0.56423 0.56038
0.50946 0.26651 0.39962
0.31873 0.29707 0.42567
0.50285 0.48636 0.53523
0.51054 0.50098 0.50533
0.46884 0.48458 0.58487
0.46859 0.50400 0.54286
0.51689 0.47041 0.52302
0.51352 0.67627 0.66360
