20 18 1000 16185 25
0.17767 0.07838 0.19315
0.92225 0.76709 0.60935
0.70666 0.55461 0.62081
0.80865 0.60344 0.94643
0.20930 0.07352 0.38401
0.02021 0.87822 0.27609
0.46859 0.12822 0.67196
0.24269 0.84284 0.10755
0.75387 0.90492 0.54204
0.87598 0.83424 0.57304
0.56320 0.85668 0.98407
0.75052 0.09997 0.97811
0.70975 0.28372 0.10449
0.41532 0.85891 0.94226
0.90808 0.99601 0.16151
0.10326 0.31753 0.02099
0.63366 0.56021 0.10272
0.46081 0.99157 0.22002
0.53076 0.55394 0.53163
0.54145 0.51982 0.54990
0.59105 0.73361 0.47563
0.54415 0.66624 0.51240
0.53656 0.51605 0.58417
0.51183 0.71276 0.54411
0.45978 0.56987 0.39007
0.50237 0.63727 0.50638
0.54021 0.77578 0.41262
0.50258 0.64323 0.49135
0.54233 0.55846 0.48024
0.53770 0.58187 0.39961
0.52164 0.72135 0.41526
0.62298 0.59484 0.50652
0.49127 0.44636 0.43073
0.52930 0.55447 0.40242
0.54175 0.72450 0.51927
0.52921 0.56790 0.56774
0.57772 0.57568 0.35769
0.46070 0.61359 0.42750
0.49151 0.73536 0.45690
0.58404 0.58405 0.46319
0.53398 0.55965 0.49619
0.58422 0.66790 0.59394
0.49033 0.66986 0.58084
0.56491 0.59596 0.44210
0.47712 0.57626 0.41802
0.44607 0.50695 0.38567
0.58004 0.54289 0.39593
0.48426 0.58121 0.44955
0.35951 0.61734 0.35418
0.51701 0.61196 0.41796
0.52566 0.57802 0.47490
0.52630 0.48190 0.43445
0.42065 0.62665 0.48803
0.63824 0.61642 0.49838
0.56048 0.60230 0.51878
0.49890 0.64493 0.49711
0.53876 0.59384 0.40750
0.53966 0.62494 0.52102
0.62962 0.50122 0.57188
0.45791 0.59596 0.37785
0.43732 0.55479 0.33613
0.51373 0.52623 0.49276
0.55733 0.42040 0.38712
0.62542 0.52146 0.53869
0.56956 0.58454 0.49978
0.53640 0.62533 0.42200
0.53642 0.62495 0.61488
0.46725 0.53842 0.46827
0.62290 0.51733 0.58870
0.56629 0.45962 0.53141
0.57597 0.45002 0.47230
0.49979 0.60581 0.43916
0.51230 0.51131 0.41707
0.55774 0.58280 0.41991
0.49059 0.40838 0.49825
0.37966 0.56649 0.37463
0.60126 0.56737 0.59693
0.62528 0.53859 0.54280
0.59985 0.64324 0.46139
0.51615 0.54004 0.38933
0.50282 0.52614 0.45786
0.53869 0.56193 0.44172
0.59266 0.65644 0.56322
0.53519 0.63428 0.47400
0.54337 0.59009 0.62172
0.56076 0.73094 0.38063
0.51439 0.59313 0.37280
0.55733 0.45383 0.58582
0.41906 0.61597 0.46353
0.66696 0.61070 0.52147
0.49130 0.45582 0.47527
0.54658 0.52009 0.40712
0.62084 0.67106 0.50633
0.57375 0.61853 0.50965
0.53862 0.48604 0.42923
0.52284 0.67817 0.40399
0.53455 0.60676 0.58042
0.52035 0.58284 0.40075
0.45157 0.48730 0.45457
0.53748 0.46143 0.51379
0.61508 0.74181 0.43248
0.66766 0.61315 0.53064
0.56844 0.48426 0.41990
0.57279 0.66052 0.54980
0.42476 0.44644 0.43247
0.59270 0.43444 0.47590
0.49471 0.56312 0.53886
0.43126 0.49427 0.35094
0.63712 0.52345 0.56079
0.50356 0.56970 0.47247
0.61105 0.58711 0.41842
0.60167 0.57717 0.49125
0.58324 0.73372 0.55451
0.48218 0.52332 0.48943
0.41157 0.53097 0.39298
0.56415 0.61234 0.50183
0.50166 0.63327 0.43920
0.35941 0.51931 0.44013
0.53291 0.66208 0.32265
0.56551 0.58011 0.44923
0.62146 0.59803 0.37678
0.67363 0.62253 0.43251
0.57367 0.69048 0.44861
0.60790 0.69241 0.48304
0.51891 0.61334 0.51573
0.57600 0.64324 0.47353
0.55142 0.51366 0.45505
0.53821 0.47886 0.47523
0.46790 0.67017 0.48337
0.50455 0.54858 0.48957
0.57774 0.54142 0.35805
0.50548 0.61875 0.46435
0.51633 0.37474 0.42065
0.50593 0.58252 0.41887
0.66363 0.68090 0.46179
0.54656 0.60043 0.58472
0.45412 0.63446 0.44219
0.50057 0.41675 0.47740
0.47685 0.52581 0.48212
0.51191 0.57037 0.41362
0.55817 0.68706 0.44620
0.64461 0.61486 0.41039
0.60959 0.61737 0.48215
0.49082 0.55911 0.40326
0.56130 0.61760 0.49326
0.52227 0.57951 0.49003
0.39705 0.48582 0.42667
0.56821 0.75695 0.45964
0.51308 0.58285 0.48194
0.49603 0.48292 0.39578
0.59753 0.68029 0.57634
0.45609 0.57316 0.44425
0.56607 0.64663 0.38673
0.51001 0.72023 0.38769
0.57216 0.52476 0.37145
0.52749 0.45380 0.55199
0.55200 0.49307 0.45676
0.45356 0.45011 0.38975
0.51207 0.54899 0.55075
0.49545 0.56121 0.49996
0.59312 0.62412 0.50027
0.68602 0.68860 0.48244
0.50490 0.54302 0.39256
0.49922 0.65417 0.58490
0.51421 0.58123 0.43201
0.52434 0.71326 0.38425
0.42659 0.55296 0.43163
0.51456 0.71028 0.47332
0.51768 0.64288 0.40992
0.53947 0.52577 0.50376
0.56314 0.46796 0.48154
0.51747 0.53622 0.47159
0.57646 0.57345 0.59014
0.50740 0.61943 0.54142
0.54784 0.68079 0.41782
0.53164 0.53825 0.67024
0.50738 0.59883 0.52024
0.62424 0.60922 0.43558
0.59271 0.59737 0.53553
0.49089 0.56654 0.43754
0.58396 0.68286 0.50526
0.42727 0.60080 0.44626
0.65873 0.61646 0.55973
0.54122 0.65171 0.43593
0.57839 0.68367 0.40466
0.56494 0.59544 0.43196
0.55070 0.54217 0.52682
0.46750 0.49925 0.39337
0.36992 0.66605 0.40670
0.54298 0.59382 0.39666
0.45098 0.61259 0.42980
0.50901 0.46952 0.50981
0.41174 0.57614 0.37436
0.52194 0.58592 0.35177
0.47381 0.54513 0.45468
0.49729 0.60816 0.41847
0.64461 0.61389 0.53315
0.56212 0.53570 0.53373
0.44249 0.47816 0.39801
0.58293 0.66852 0.48810
0.49982 0.73406 0.48143
0.51471 0.56690 0.60244
0.57926 0.71913 0.41355
0.43844 0.67218 0.38723
0.50589 0.62196 0.43961
0.56179 0.59082 0.53043
0.61083 0.61039 0.51776
0.51041 0.66817 0.53134
0.54068 0.45585 0.43330
0.45605 0.62553 0.42376
0.54008 0.66899 0.42399
0.65317 0.64436 0.53152
0.69211 0.78627 0.40175
0.53783 0.72077 0.45703
0.65485 0.67857 0.43760
0.51018 0.63864 0.54961
0.45798 0.72178 0.46298
0.52825 0.50806 0.48787
0.56303 0.59103 0.61947
0.48644 0.71363 0.48046
0.57269 0.54570 0.48157
0.47864 0.58366 0.44322
0.56501 0.75048 0.45167
0.48476 0.53625 0.45934
0.60380 0.44781 0.46290
0.57806 0.57016 0.57786
0.55796 0.48257 0.50361
0.54974 0.65180 0.53831
0.37350 0.54863 0.35011
0.47801 0.67263 0.39953
0.52250 0.56909 0.48903
0.50538 0.51374 0.45143
0.45230 0.61974 0.49023
0.60332 0.63774 0.51899
0.54219 0.55096 0.43383
0.51120 0.44135 0.59989
0.61681 0.50797 0.36076
0.56256 0.49070 0.41732
0.57754 0.56169 0.35338
0.34072 0.52728 0.41909
0.63817 0.65174 0.51344
0.42482 0.69188 0.45133
0.55869 0.58952 0.48745
0.66441 0.51339 0.56273
0.56580 0.53151 0.57743
0.67971 0.51525 0.58358
0.59846 0.68826 0.25109
0.57455 0.56304 0.53595
0.58332 0.70060 0.55503
0.52434 0.55816 0.44308
0.56830 0.63862 0.42378
0.52458 0.34407 0.50075
0.58637 0.52940 0.40978
0.58841 0.70832 0.50730
0.63504 0.61399 0.49726
0.71799 0.75064 0.46832
0.62156 0.57315 0.51545
0.60386 0.66092 0.41811
0.57261 0.61224 0.53989
0.47515 0.60336 0.55392
0.58622 0.68506 0.55805
0.63451 0.64100 0.43443
0.58194 0.53391 0.45898
0.63551 0.55786 0.53006
0.50532 0.65253 0.38649
0.50126 0.59772 0.35726
0.60731 0.47145 0.51785
0.37711 0.48832 0.45017
0.59079 0.67920 0.50738
0.51373 0.63305 0.44172
0.62112 0.68847 0.46674
0.49048 0.64578 0.47621
0.57041 0.62405 0.53108
0.52277 0.59847 0.48528
0.49149 0.51236 0.48225
0.52724 0.62288 0.35743
0.63260 0.57680 0.47210
0.52336 0.69003 0.41650
0.64933 0.63196 0.48287
0.56742 0.49741 0.66387
0.54925 0.65396 0.40106
0.41888 0.42179 0.35268
0.63180 0.61335 0.39018
0.55880 0.52340 0.52898
0.62749 0.53880 0.47344
0.52144 0.58774 0.48344
0.61638 0.61349 0.54957
0.61759 0.63317 0.38939
0.51368 0.67772 0.42576
0.52843 0.60290 0.43978
0.52316 0.58130 0.41380
0.51300 0.58071 0.47003
0.46670 0.64810 0.51979
0.54200 0.60788 0.47127
0.50766 0.58211 0.42864
0.61473 0.54938 0.56637
0.56178 0.66565 0.41494
0.63039 0.39278 0.59546
0.64080 0.45410 0.46756
0.52125 0.73838 0.46573
0.56187 0.58459 0.51283
0.41569 0.59659 0.57201
0.50768 0.51939 0.46948
0.47331 0.50266 0.38474
0.46108 0.35674 0.54166
0.59458 0.60705 0.48837
0.55823 0.54311 0.49749
0.41500 0.39686 0.44369
0.53309 0.50749 0.51756
0.54955 0.54781 0.45060
0.45988 0.57340 0.35335
0.60113 0.64442 0.53391
0.50544 0.64433 0.54302
0.47399 0.46335 0.48375
0.52013 0.63242 0.45154
0.43795 0.53400 0.46652
0.55358 0.48139 0.43517
0.52045 0.50305 0.43463
0.58907 0.70467 0.40222
0.54999 0.75277 0.67702
0.42021 0.59414 0.41715
0.52273 0.57522 0.47634
0.41566 0.65579 0.32966
0.54154 0.51593 0.52964
0.56243 0.60989 0.54096
0.58023 0.65999 0.42918
0.67105 0.57553 0.57128
0.49414 0.55340 0.42760
0.42149 0.49876 0.38701
0.55331 0.53307 0.35894
0.66270 0.56353 0.63916
0.51311 0.73886 0.36973
0.50164 0.60656 0.50017
0.46672 0.55842 0.49867
0.51984 0.51102 0.47649
0.45914 0.45876 0.38961
0.61690 0.57406 0.51068
0.64776 0.73394 0.50258
0.50895 0.67689 0.55212
0.50961 0.62627 0.42387
0.49158 0.42926 0.45985
0.56272 0.67305 0.42098
0.60061 0.66186 0.50577
0.64907 0.65621 0.52530
0.54784 0.44965 0.56712
0.59055 0.58254 0.50010
0.60150 0.78433 0.45947
0.52335 0.67173 0.50580
0.49839 0.64367 0.34835
0.51352 0.59035 0.65625
0.62036 0.61685 0.43073
0.49951 0.74706 0.35327
0.49370 0.61960 0.52592
0.54099 0.54842 0.41937
0.56950 0.52950 0.31213
0.49414 0.48586 0.35831
0.52801 0.65030 0.66529
0.57846 0.54203 0.48454
0.57614 0.63912 0.36710
0.46258 0.72333 0.42024
0.66112 0.58693 0.55621
0.58025 0.59550 0.48080
0.50832 0.61062 0.52039
0.46283 0.51139 0.36623
0.58655 0.58487 0.34564
0.54244 0.62728 0.53128
0.52055 0.56924 0.58545
0.42320 0.64667 0.44164
0.56279 0.53408 0.50957
0.45907 0.47350 0.38656
0.59959 0.56644 0.54553
0.51414 0.55895 0.54369
0.49597 0.46147 0.41568
0.58632 0.49738 0.48887
0.54355 0.56139 0.45408
0.59715 0.53872 0.28068
0.58622 0.69257 0.43722
0.63452 0.60919 0.50014
0.56523 0.52285 0.41898
0.50507 0.48955 0.53602
0.62689 0.61507 0.58319
0.59986 0.54550 0.48157
0.51245 0.63322 0.39201
0.49264 0.49731 0.54720
0.49232 0.46611 0.49786
0.58742 0.51758 0.59167
0.61771 0.53313 0.52032
0.51023 0.56629 0.54217
0.47350 0.67991 0.38845
0.54324 0.55825 0.42540
0.47861 0.65386 0.34405
0.60316 0.70873 0.40105
0.64260 0.71612 0.39855
0.45605 0.59653 0.41772
0.54282 0.56947 0.55129
0.46365 0.62652 0.45073
0.52344 0.58068 0.62521
0.54504 0.58785 0.47955
0.50461 0.61641 0.32810
0.47327 0.40018 0.36740
0.43942 0.52016 0.44779
0.57463 0.71586 0.44330
0.55875 0.50540 0.46311
0.47061 0.53773 0.30556
0.51983 0.57480 0.66544
0.46759 0.56612 0.52146
0.47297 0.56489 0.54667
0.69701 0.68664 0.45831
0.55606 0.62096 0.43070
0.55837 0.70143 0.48957
0.53858 0.63756 0.40594
0.52726 0.37907 0.59643
0.58145 0.54866 0.55052
0.31058 0.50129 0.26245
0.45577 0.64710 0.32792
0.64323 0.61187 0.46781
0.47443 0.63440 0.59165
0.63095 0.65344 0.50770
0.54694 0.62622 0.57957
0.53981 0.53016 0.47622
0.60025 0.73700 0.48831
0.47773 0.63859 0.42989
0.46347 0.51634 0.39367
0.39994 0.55955 0.48807
0.55893 0.52383 0.40581
0.57910 0.52110 0.47238
0.57767 0.70162 0.35103
0.49460 0.57013 0.41749
0.64326 0.65370 0.49076
0.53406 0.56658 0.49139
0.56128 0.57116 0.54921
0.46383 0.54459 0.42595
0.62638 0.71997 0.61589
0.50084 0.72737 0.64118
0.60897 0.66280 0.44440
0.50922 0.57485 0.43226
0.53316 0.55698 0.27114
0.50189 0.64580 0.42447
0.46729 0.51424 0.44288
0.54443 0.53538 0.43618
0.52948 0.60776 0.48090
0.62430 0.69661 0.43919
0.56793 0.62522 0.46400
0.53656 0.51890 0.45872
0.60013 0.63590 0.45412
0.50984 0.59066 0.30207
0.53570 0.61987 0.56273
0.47895 0.65760 0.32165
0.52695 0.57937 0.39511
0.43783 0.59402 0.32104
0.60674 0.77131 0.43337
0.45914 0.71941 0.47086
0.57290 0.66570 0.36439
0.60874 0.59459 0.49085
0.58156 0.54675 0.39437
0.48270 0.49750 0.55501
0.55713 0.67241 0.50568
0.50552 0.57806 0.37061
0.66403 0.57278 0.55730
0.45746 0.53473 0.51313
0.57152 0.66720 0.37386
0.57470 0.67473 0.34098
0.63262 0.54004 0.54580
0.44619 0.55300 0.46487
0.66148 0.49168 0.55557
0.66846 0.66912 0.50230
0.62097 0.61478 0.45175
0.52291 0.52785 0.48773
0.44268 0.51620 0.39052
0.58666 0.68393 0.31867
0.64103 0.69452 0.36984
0.52150 0.59121 0.45229
0.44949 0.51177 0.43863
0.61750 0.52815 0.49315
0.44000 0.47781 0.45769
0.61258 0.59943 0.39827
0.56153 0.55965 0.46633
0.45970 0.41693 0.47252
0.67265 0.70156 0.54083
0.61340 0.66718 0.43429
0.54876 0.50637 0.41701
0.63157 0.61786 0.50153
0.57998 0.61973 0.39485
0.48002 0.42172 0.54130
0.46367 0.46226 0.43300
0.55041 0.51901 0.58011
0.57665 0.60403 0.58074
0.60093 0.59423 0.46593
0.35855 0.51808 0.45624
0.59345 0.64522 0.56284
0.58218 0.54941 0.51651
0.57662 0.51914 0.42555
0.38010 0.44867 0.42928
0.48459 0.55449 0.42378
0.60249 0.71061 0.53649
0.47698 0.57551 0.42553
0.44480 0.49165 0.47143
0.62767 0.66281 0.37946
0.57392 0.59618 0.50813
0.63157 0.66605 0.53120
0.47658 0.55108 0.41448
0.56763 0.63239 0.51879
0.49679 0.52021 0.48568
0.38305 0.74847 0.38508
0.57621 0.58243 0.48207
0.51697 0.57982 0.45800
0.54650 0.62508 0.59416
0.51524 0.60803 0.58467
0.62316 0.58022 0.39028
0.63316 0.58952 0.55818
0.50080 0.58510 0.45895
0.53690 0.49973 0.49321
0.51929 0.70345 0.37900
0.53772 0.57648 0.60763
0.62435 0.66384 0.60314
0.53383 0.61358 0.50148
0.46537 0.51254 0.40506
0.55742 0.61173 0.47782
0.50161 0.47493 0.43244
0.47173 0.63789 0.42968
0.63550 0.71482 0.55173
0.55054 0.63070 0.43055
0.57577 0.60452 0.44839
0.55911 0.60056 0.41106
0.58585 0.56958 0.53983
0.62419 0.65093 0.48900
0.56335 0.59775 0.45879
0.60951 0.63730 0.61867
0.56541 0.60239 0.44181
0.47794 0.68582 0.49684
0.53760 0.55515 0.26521
0.53906 0.57426 0.54131
0.62767 0.54462 0.44961
0.55708 0.50697 0.47868
0.51827 0.48289 0.50777
0.45976 0.51402 0.46643
0.57142 0.70957 0.51848
0.56813 0.43974 0.47613
0.50049 0.62431 0.50983
0.58144 0.62049 0.48203
0.58147 0.59024 0.32683
0.59970 0.57875 0.48486
0.56374 0.49612 0.37696
0.50541 0.67366 0.46668
0.57374 0.70227 0.45856
0.61402 0.66875 0.59458
0.46488 0.50858 0.49952
0.64471 0.61680 0.61480
0.61248 0.65275 0.43956
0.50284 0.45766 0.49927
0.49532 0.59812 0.38376
0.64879 0.52512 0.63346
0.61646 0.64265 0.65110
0.61777 0.42876 0.26502
0.47400 0.58262 0.42413
0.54129 0.58426 0.45717
0.70325 0.74140 0.43326
0.61793 0.62341 0.35739
0.52838 0.58619 0.45975
0.72484 0.68159 0.55173
0.51085 0.61242 0.49837
0.60762 0.60545 0.55366
0.60827 0.60103 0.66951
0.52848 0.67357 0.48503
0.59639 0.61550 0.46979
0.53906 0.47852 0.49348
0.55865 0.63954 0.51834
0.60434 0.67794 0.45993
0.58626 0.59923 0.48925
0.57254 0.67740 0.47379
0.49190 0.41294 0.32214
0.50328 0.50888 0.39342
0.48661 0.50022 0.45023
0.49709 0.57516 0.41856
0.53039 0.59240 0.39118
0.53877 0.61620 0.38674
0.44418 0.55851 0.41591
0.58494 0.71128 0.51427
0.48567 0.49353 0.39897
0.55176 0.50038 0.54350
0.41355 0.61745 0.35490
0.52605 0.53371 0.38996
0.46154 0.61235 0.48283
0.36252 0.69483 0.29815
0.52874 0.58621 0.43107
0.45724 0.66655 0.50562
0.48988 0.56057 0.32563
0.67933 0.68467 0.42382
0.50507 0.51637 0.47285
0.45770 0.49511 0.41580
0.59962 0.70258 0.60180
0.51886 0.45853 0.43744
0.61797 0.58238 0.52831
0.53754 0.49719 0.46891
0.50762 0.56908 0.41434
0.53037 0.43449 0.65236
0.47370 0.53705 0.51044
0.66518 0.61339 0.52211
0.48467 0.65181 0.47822
0.49021 0.64967 0.40850
0.62315 0.62755 0.61067
0.46246 0.61667 0.45213
0.57731 0.65331 0.38364
0.40740 0.42505 0.40633
0.61871 0.58674 0.52274
0.59611 0.53360 0.39669
0.42659 0.54167 0.36346
0.51718 0.72879 0.35058
0.63727 0.57386 0.41899
0.60198 0.57267 0.44081
0.43947 0.65619 0.33887
0.50259 0.43380 0.53189
0.62693 0.59050 0.36694
0.48246 0.54311 0.39755
0.53806 0.58947 0.57836
0.48272 0.67734 0.48123
0.64536 0.65189 0.45467
0.50631 0.56284 0.44729
0.47816 0.49499 0.40094
0.53530 0.66676 0.47671
0.63759 0.66770 0.48772
0.54425 0.63205 0.38679
0.63843 0.75355 0.55159
0.44974 0.77287 0.45936
0.56858 0.57516 0.46757
0.52430 0.48421 0.56975
0.53555 0.69942 0.47672
0.59865 0.39825 0.59964
0.50912 0.53766 0.46016
0.57185 0.66169 0.29960
0.53936 0.57141 0.49146
0.63985 0.61778 0.52789
0.57460 0.58763 0.52540
0.48892 0.59838 0.35207
0.65655 0.62948 0.47616
0.44557 0.63526 0.48763
0.55638 0.63747 0.60676
0.57181 0.61842 0.44063
0.60666 0.52673 0.59058
0.49392 0.37483 0.56525
0.49327 0.70730 0.48213
0.49662 0.58502 0.36113
0.54605 0.59212 0.47163
0.56377 0.59615 0.45715
0.63705 0.57634 0.52150
0.55229 0.66078 0.50480
0.50745 0.57209 0.43840
0.55376 0.56138 0.47624
0.48638 0.65169 0.32582
0.48177 0.58665 0.46643
0.63816 0.38441 0.72060
0.59827 0.58878 0.39892
0.60117 0.61532 0.46820
0.60010 0.59828 0.42706
0.54096 0.51435 0.49927
0.55834 0.49295 0.56863
0.67071 0.47108 0.54669
0.59180 0.63906 0.47051
0.56822 0.52004 0.45900
0.65760 0.64320 0.57075
0.47461 0.48398 0.43118
0.47935 0.65144 0.33913
0.46183 0.52318 0.48786
0.52549 0.72856 0.58740
0.45944 0.52988 0.35365
0.58336 0.64461 0.39054
0.56990 0.57351 0.45523
0.38250 0.70159 0.42359
0.52099 0.56255 0.44879
0.57214 0.60578 0.46748
0.61578 0.55011 0.52744
0.54115 0.68192 0.47221
0.48769 0.67624 0.45435
0.55120 0.53835 0.55715
0.54967 0.50690 0.52137
0.61996 0.60986 0.38857
0.63033 0.59755 0.60007
0.54325 0.66760 0.58968
0.55234 0.50415 0.52794
0.58379 0.62261 0.42133
0.63128 0.68746 0.57735
0.44558 0.48462 0.37149
0.53354 0.49006 0.50877
0.66649 0.68751 0.41192
0.57409 0.61642 0.53252
0.49545 0.63726 0.46766
0.51958 0.50521 0.56028
0.64696 0.52484 0.62306
0.47940 0.59027 0.41514
0.56279 0.68357 0.44704
0.51001 0.55148 0.45448
0.53644 0.52071 0.40141
0.54012 0.65187 0.44636
0.63624 0.62564 0.50753
0.63328 0.56013 0.59073
0.51852 0.61601 0.49893
0.57387 0.55765 0.60220
0.53823 0.72543 0.42346
0.44656 0.71421 0.44335
0.57507 0.55961 0.53467
0.54081 0.69300 0.53344
0.42937 0.52644 0.42405
0.49962 0.52100 0.36529
0.45702 0.58893 0.43405
0.48183 0.60550 0.49612
0.54121 0.64603 0.56959
0.61317 0.59403 0.47298
0.43439 0.60253 0.39450
0.55179 0.55286 0.43394
0.45185 0.59859 0.45454
0.47709 0.59681 0.33625
0.61861 0.64045 0.51536
0.61049 0.63087 0.47576
0.50299 0.54685 0.47129
0.48321 0.53483 0.47816
0.42772 0.57460 0.46890
0.51301 0.62729 0.35196
0.50870 0.62577 0.55796
0.57671 0.68222 0.54055
0.60797 0.51975 0.51958
0.58677 0.62867 0.43233
0.55621 0.51762 0.52012
0.51969 0.50241 0.51058
0.53244 0.59900 0.43949
0.51481 0.56210 0.43059
0.54290 0.58565 0.54231
0.55938 0.62390 0.49203
0.46849 0.37051 0.35282
0.60809 0.57046 0.56522
0.38790 0.45796 0.39390
0.49052 0.55308 0.33680
0.53836 0.73107 0.42352
0.51250 0.59878 0.41607
0.57866 0.49668 0.46401
0.62237 0.58851 0.59773
0.59367 0.61393 0.45686
0.58242 0.57871 0.58475
0.48440 0.60682 0.55153
0.53758 0.62548 0.33170
0.53205 0.63470 0.47599
0.61906 0.70652 0.54385
0.65453 0.58047 0.67813
0.46877 0.39296 0.43059
0.65081 0.69213 0.43022
0.45918 0.50422 0.40131
0.49030 0.50986 0.34133
0.56780 0.59592 0.45193
0.53200 0.51390 0.50700
0.56440 0.50018 0.54577
0.64593 0.66869 0.40268
0.49991 0.55371 0.39111
0.64113 0.62995 0.52263
0.52487 0.54056 0.45946
0.62877 0.71265 0.47952
0.62115 0.56126 0.55442
0.52049 0.60911 0.43277
0.56087 0.77483 0.40610
0.38330 0.52449 0.28584
0.56695 0.58268 0.45650
0.59298 0.49236 0.57873
0.57231 0.49701 0.56913
0.55747 0.53735 0.42578
0.47632 0.59261 0.36527
0.53584 0.65143 0.38962
0.40345 0.51657 0.37804
0.52296 0.53333 0.41405
0.49229 0.44371 0.43335
0.44688 0.54621 0.55037
0.57127 0.59719 0.44173
0.54352 0.61728 0.43926
0.46067 0.50063 0.34114
0.54811 0.71055 0.39834
0.53806 0.63897 0.50936
0.59842 0.69667 0.47271
0.32712 0.50568 0.30274
0.52185 0.62549 0.39820
0.45458 0.48558 0.44324
0.50582 0.49498 0.47914
0.51662 0.52106 0.36483
0.55755 0.63362 0.40245
0.57546 0.60584 0.42378
0.48837 0.38779 0.48864
0.60698 0.66934 0.42367
0.63479 0.58501 0.52071
0.56104 0.60636 0.50416
0.51731 0.49781 0.47156
0.62244 0.60141 0.49228
0.56261 0.55531 0.49241
0.60926 0.56376 0.46695
0.58032 0.53907 0.52203
0.55876 0.59770 0.51387
0.56577 0.64682 0.48691
0.43160 0.69123 0.31675
0.54058 0.47376 0.39972
0.55309 0.56746 0.43403
0.67531 0.52672 0.54885
0.57736 0.58020 0.53846
0.54561 0.67682 0.52556
0.51644 0.50116 0.39622
0.53680 0.52940 0.48237
0.48127 0.47633 0.42662
0.58282 0.61165 0.50044
0.51004 0.68299 0.45242
0.49987 0.47628 0.41755
0.63782 0.62516 0.54956
0.50739 0.46706 0.56474
0.57246 0.69746 0.43034
0.58356 0.43657 0.42939
0.49192 0.63656 0.48519
0.60245 0.50423 0.64260
0.57537 0.66378 0.39048
0.52411 0.63120 0.61264
0.59384 0.68300 0.40560
0.56672 0.56581 0.41111
0.63161 0.65126 0.48301
0.62044 0.68842 0.51341
0.44970 0.49438 0.31931
0.50362 0.48872 0.48640
0.55859 0.52863 0.57323
0.56226 0.50457 0.42603
0.54803 0.62482 0.42703
0.46152 0.52136 0.41359
0.65726 0.68372 0.48066
0.59594 0.47282 0.59634
0.57013 0.61328 0.42433
0.55500 0.59480 0.45541
0.57162 0.68134 0.51698
0.52160 0.66739 0.50122
0.58573 0.44046 0.43668
0.57274 0.58488 0.53620
0.54929 0.58872 0.42396
0.55998 0.64257 0.35094
0.50778 0.50784 0.54493
0.54091 0.65567 0.40738
0.56402 0.56650 0.62659
0.55613 0.56275 0.56306
0.59082 0.61226 0.52423
0.60873 0.56031 0.49486
0.58293 0.53023 0.36647
0.63568 0.73034 0.48265
0.55576 0.59422 0.45453
0.48497 0.51261 0.44162
0.46223 0.54717 0.49539
0.56795 0.75819 0.59382
0.56691 0.68376 0.41692
0.43642 0.47989 0.46775
0.54404 0.70476 0.50366
0.52859 0.57689 0.47698
0.45377 0.70418 0.37328
0.56893 0.55230 0.39258
0.42468 0.55682 0.36588
0.57235 0.74456 0.50053
0.63999 0.59952 0.50040
0.54724 0.64477 0.47384
0.68429 0.66076 0.53814
0.58049 0.52647 0.49895
0.62128 0.57131 0.56412
0.73689 0.71790 0.50081
0.61376 0.51084 0.40977
0.39946 0.57097 0.39698
0.48195 0.54499 0.47978
0.49881 0.59478 0.38382
0.53252 0.51298 0.45858
0.48889 0.57285 0.43938
0.52095 0.65390 0.58403
0.50801 0.55145 0.48260
0.57596 0.67600 0.44385
0.51921 0.56792 0.55980
0.59596 0.63966 0.46530
0.53343 0.54111 0.48703
0.61361 0.60095 0.50641
0.39318 0.55704 0.38686
0.51814 0.54538 0.43804
0.61081 0.61301 0.40199
0.56784 0.60776 0.51705
0.47820 0.51155 0.46930
0.61279 0.53427 0.35582
0.61232 0.61878 0.45862
0.51773 0.55071 0.57011
0.61274 0.52174 0.53814
0.56830 0.69473 0.57476
0.54737 0.61721 0.61452
0.62863 0.42373 0.69433
0.54946 0.62167 0.50735
0.48856 0.61377 0.37524
0.47600 0.62936 0.38630
0.48483 0.63466 0.34801
0.57100 0.49726 0.48799
0.48947 0.60523 0.61687
0.55941 0.62277 0.52423
0.62231 0.55983 0.58556
0.51801 0.61499 0.44392
0.38373 0.71662 0.48611
0.62958 0.61649 0.48313
0.48895 0.57878 0.48956
0.58099 0.63910 0.46280
0.63568 0.63440 0.43755
0.46728 0.63821 0.39354
0.62163 0.66851 0.58887
0.60678 0.69756 0.46711
0.51842 0.60842 0.40450
0.52392 0.64971 0.43549
0.60431 0.64544 0.41404
0.45859 0.46016 0.39460
0.46727 0.61516 0.44063
0.55295 0.64631 0.50324
0.54886 0.57269 0.47375
0.57573 0.60947 0.63302
0.44959 0.64214 0.41861
0.51823 0.48406 0.54406
0.53109 0.32570 0.42621
0.61187 0.64524 0.48224
0.54715 0.59253 0.47876
0.52329 0.66998 0.43911
0.57310 0.55177 0.50490
0.52290 0.56775 0.52813
0.53568 0.56558 0.36227
0.59643 0.68724 0.53045
0.48334 0.63518 0.53650
0.61333 0.64462 0.51440
0.55741 0.66339 0.47543
0.45779 0.68141 0.41279
0.56214 0.66391 0.45572
0.59045 0.59420 0.45181
0.49725 0.68945 0.59729
0.50852 0.52671 0.55943
0.54034 0.55125 0.59060
0.57479 0.65043 0.44231
0.52212 0.45211 0.46983
0.49319 0.60993 0.36520
0.53772 0.48407 0.42067
0.59947 0.71364 0.51942
0.51418 0.73165 0.53775
0.53536 0.66600 0.45568
0.50144 0.68597 0.50026
0.50928 0.64436 0.58868
0.52331 0.45853 0.44478
0.45892 0.46902 0.35975
0.51475 0.55722 0.38413
0.63870 0.69794 0.46435
0.60035 0.72325 0.45118
0.48350 0.75501 0.33043
0.33586 0.63013 0.44827
0.56010 0.62599 0.36739
0.59755 0.59941 0.50858
0.67001 0.56068 0.46984
0.61571 0.57006 0.60349
0.41621 0.57955 0.33487
0.55334 0.50327 0.50901
0.53502 0.65244 0.66431
0.49818 0.65574 0.46542
0.56859 0.65993 0.42251
0.51873 0.51046 0.40621
0.61891 0.75870 0.43529
0.48667 0.56408 0.43079
0.51469 0.41647 0.44375
0.54703 0.71576 0.63621
0.51253 0.55244 0.56796
0.52061 0.55906 0.47508
0.61184 0.51520 0.62641
0.44857 0.69047 0.39972
0.62509 0.47719 0.71777
0.51882 0.67538 0.55128
0.55095 0.64183 0.56255
0.49671 0.65934 0.45222
0.50785 0.50782 0.57353
0.51361 0.54928 0.40154
0.49472 0.54820 0.53945
0.55508 0.69319 0.39023
0.54949 0.53651 0.43333
0.42016 0.62969 0.49497
0.52167 0.67028 0.46559
0.53400 0.68779 0.43037
0.58164 0.64742 0.59561
0.44708 0.43584 0.43216
0.51266 0.51646 0.47004
0.62735 0.54157 0.60334
0.52699 0.59574 0.29484
0.56921 0.68423 0.53630
0.43149 0.43082 0.47250
0.52474 0.57035 0.44052
0.48725 0.58452 0.44899
0.60073 0.58576 0.50152
0.49804 0.61543 0.39433
0.49998 0.53044 0.51893
0.52503 0.52221 0.35523
0.58544 0.71602 0.58083
0.43482 0.49326 0.44731
0.59321 0.58925 0.58642
0.58467 0.59055 0.47036
0.49216 0.65990 0.48080
0.59191 0.67123 0.64734
0.49853 0.56449 0.45871
0.57654 0.63912 0.48283
0.47882 0.65595 0.48824
0.44577 0.59735 0.51618
0.59194 0.60665 0.61610
0.56684 0.62500 0.46649
0.44374 0.46312 0.40287
0.56210 0.69262 0.52589
0.52217 0.63576 0.58710
0.46056 0.54533 0.44593
0.60488 0.60106 0.56749
0.45667 0.73856 0.46620
0.55341 0.54739 0.48072
0.51091 0.59704 0.50533
0.37451 0.53872 0.30440
0.56119 0.63759 0.57944
0.52238 0.71324 0.55594
0.39403 0.56123 0.41881
0.61138 0.59520 0.52497
0.49767 0.53770 0.41720
0.41593 0.53346 0.41646
0.49722 0.60574 0.55645
0.55965 0.65153 0.43209
0.57119 0.62046 0.46687
0.44350 0.64598 0.42268
0.45462 0.48279 0.47841
