20 12 1000 41672 964
0.15763 0.33981 0.32509
0.98453 0.56431 0.13121
0.31543 0.96249 0.23930
0.75313 0.89805 0.80096
0.47927 0.77896 0.74511
0.88727 0.75587 0.70573
0.62534 0.42995 0.32651
0.21654 0.33265 0.98302
0.24370 0.39057 0.47158
0.74022 0.49382 0.62002
0.27670 0.70290 0.22136
0.91293 0.35259 0.72413
0.70031 0.55818 0.48898
0.56403 0.60688 0.46583
0.51693 0.60384 0.47735
0.58147 0.57678 0.45161
0.47922 0.62119 0.50142
0.67074 0.55481 0.61626
0.58947 0.56605 0.61358
0.64821 0.73356 0.63877
0.62645 0.56848 0.65195
0.59653 0.48249 0.42595
0.55497 0.62951 0.49589
0.61071 0.50370 0.50573
0.36346 0.53541 0.58513
0.49343 0.52804 0.55896
0.65726 0.51256 0.57820
0.66275 0.57595 0.59556
0.60973 0.61620 0.55746
0.55226 0.59488 0.56983
0.52573 0.60303 0.58590
0.67945 0.78828 0.72067
0.53613 0.67789 0.44153
0.55936 0.62775 0.54626
0.70017 0.64791 0.59348
0.44784 0.67053 0.51239
0.65812 0.70343 0.52603
0.44908 0.54774 0.41375
0.62459 0.61848 0.53261
0.51849 0.52606 0.50503
0.57404 0.58887 0.63914
0.50322 0.51789 0.63309
0.44206 0.64970 0.47301
0.55518 0.63205 0.59638
0.51964 0.53369 0.57774
0.44861 0.66429 0.45318
0.46098 0.55758 0.50606
0.53348 0.54895 0.52574
0.48483 0.63311 0.42710
0.63999 0.60398 0.64436
0.70132 0.62403 0.59236
0.51555 0.54701 0.43124
0.54228 0.54506 0.62788
0.52022 0.54643 0.59926
0.55448 0.64724 0.47972
0.65498 0.67854 0.59736
0.59133 0.59248 0.43906
0.56352 0.58154 0.42760
0.53845 0.62963 0.65417
0.46230 0.55170 0.52161
0.39238 0.62585 0.39060
0.48823 0.57923 0.58930
0.54785 0.59022 0.54145
0.62654 0.57805 0.59287
0.55691 0.58320 0.56527
0.66534 0.62870 0.59403
0.58358 0.50634 0.54038
0.52467 0.55813 0.53243
0.61561 0.57654 0.60539
0.60344 0.61825 0.49652
0.62437 0.66096 0.55015
0.51554 0.64460 0.51508
0.45937 0.55003 0.67233
0.52159 0.60505 0.39360
0.62502 0.55760 0.45963
0.58449 0.58072 0.53482
0.59510 0.61094 0.44639
0.40875 0.55796 0.43224
0.52106 0.50471 0.49585
0.57104 0.68479 0.60603
0.55944 0.62310 0.43848
0.49604 0.44807 0.54257
0.56046 0.62081 0.59188
0.53842 0.55884 0.52890
0.65319 0.45645 0.54580
0.59239 0.57168 0.48203
0.61112 0.71482 0.48879
0.48751 0.53538 0.50536
0.39711 0.47521 0.45539
0.51741 0.52445 0.46686
0.45134 0.61086 0.42478
0.63340 0.59613 0.41092
0.61067 0.54675 0.54416
0.56988 0.61809 0.37989
0.51156 0.53224 0.47635
0.47261 0.55521 0.46751
0.50571 0.58772 0.43874
0.54546 0.64609 0.56144
0.59684 0.62638 0.49019
0.55592 0.66855 0.51277
0.59352 0.66102 0.65512
0.38061 0.59555 0.44229
0.51534 0.61690 0.50953
0.49072 0.52709 0.54540
0.53624 0.48120 0.63099
0.55594 0.51053 0.46983
0.60119 0.57817 0.44821
0.51387 0.61724 0.52508
0.65843 0.62478 0.51460
0.52630 0.59594 0.50731
0.60690 0.67375 0.56448
0.60292 0.52837 0.50456
0.62555 0.61055 0.49672
0.54217 0.57878 0.59650
0.50989 0.51465 0.62386
0.51845 0.56088 0.54824
0.51482 0.71607 0.52738
0.49809 0.59974 0.42448
0.66916 0.60175 0.56007
0.65748 0.66565 0.58084
0.54261 0.55084 0.52557
0.58310 0.63155 0.50487
0.59640 0.64202 0.59400
0.55204 0.58312 0.37069
0.61079 0.49338 0.64451
0.52020 0.64372 0.48165
0.50842 0.55999 0.50834
0.46111 0.50575 0.44463
0.45905 0.57350 0.47397
0.40583 0.59539 0.46434
0.43688 0.55037 0.54364
0.68194 0.51928 0.53267
0.44862 0.61185 0.65949
0.63775 0.62579 0.37782
0.54851 0.51266 0.45098
0.58124 0.65975 0.53819
0.53568 0.53265 0.53087
0.64887 0.66570 0.53043
0.48438 0.69392 0.40396
0.56880 0.56866 0.54608
0.47464 0.53789 0.62556
0.50620 0.57297 0.48602
0.53406 0.57488 0.50440
0.62231 0.59393 0.57264
0.46226 0.55126 0.47359
0.51039 0.73130 0.53956
0.49897 0.54672 0.58940
0.49978 0.54075 0.42278
0.49451 0.49278 0.52167
0.55466 0.50033 0.52909
0.51401 0.67580 0.53829
0.66965 0.55101 0.53770
0.59625 0.59234 0.54961
0.53973 0.58124 0.52040
0.50399 0.51463 0.57914
0.65062 0.62066 0.58021
0.47844 0.58208 0.46569
0.45892 0.49640 0.51212
0.51162 0.59918 0.66010
0.62177 0.68860 0.55506
0.48299 0.44407 0.57085
0.63686 0.53386 0.52517
0.55452 0.60007 0.51355
0.61866 0.67112 0.48509
0.58926 0.60901 0.48050
0.50600 0.60035 0.49730
0.54756 0.45664 0.65905
0.51303 0.54859 0.57460
0.56507 0.65050 0.55682
0.68419 0.55398 0.56116
0.61431 0.49979 0.51270
0.57089 0.65577 0.45256
0.58772 0.53831 0.66437
0.55597 0.49955 0.49971
0.53298 0.70488 0.50722
0.67590 0.54813 0.52198
0.56122 0.64099 0.53291
0.61151 0.61232 0.46536
0.66609 0.58004 0.47201
0.60781 0.60212 0.47160
0.53438 0.54358 0.52095
0.63522 0.49642 0.58922
0.55176 0.50772 0.54766
0.50830 0.73999 0.37153
0.59368 0.49415 0.59424
0.46988 0.48548 0.59217
0.38436 0.55816 0.49820
0.57219 0.61791 0.58715
0.53768 0.60044 0.62203
0.65928 0.59116 0.53411
0.44912 0.76598 0.46929
0.42013 0.59097 0.48972
0.59711 0.54392 0.48306
0.40821 0.56677 0.54174
0.59463 0.75564 0.48154
0.51413 0.57005 0.50943
0.59834 0.55341 0.49151
0.57283 0.64470 0.44717
0.50899 0.54004 0.50228
0.61416 0.60124 0.73248
0.45575 0.59033 0.47489
0.59470 0.56835 0.55249
0.49786 0.54470 0.60351
0.48290 0.53771 0.46931
0.45711 0.55623 0.52441
0.57890 0.58254 0.44718
0.56357 0.59589 0.50700
0.58764 0.56583 0.57212
0.47886 0.65005 0.40769
0.61401 0.60687 0.50375
0.53938 0.56070 0.58529
0.58837 0.60635 0.48809
0.51230 0.58995 0.44655
0.56564 0.60381 0.58939
0.54116 0.64303 0.55365
0.42868 0.48368 0.43296
0.50505 0.52482 0.59202
0.54425 0.62006 0.55109
0.62943 0.56189 0.62861
0.71941 0.53523 0.59043
0.67806 0.58158 0.57594
0.56790 0.62659 0.65152
0.52468 0.62924 0.65015
0.70761 0.60368 0.51875
0.48408 0.57230 0.52093
0.42987 0.66704 0.56158
0.45856 0.65809 0.56369
0.43927 0.59085 0.56951
0.40827 0.70767 0.44815
0.58396 0.61831 0.60789
0.52473 0.58500 0.61641
0.62642 0.66626 0.48603
0.49525 0.57395 0.75587
0.61112 0.56703 0.64574
0.54709 0.63311 0.51989
0.54734 0.62426 0.41175
0.56552 0.63048 0.51329
0.55603 0.54130 0.50188
0.44391 0.67069 0.36925
0.52519 0.61776 0.52141
0.44794 0.56402 0.47276
0.39742 0.50413 0.44781
0.63045 0.61228 0.51532
0.54807 0.50462 0.56301
0.51509 0.58535 0.58257
0.42990 0.51266 0.55615
0.48840 0.61857 0.45767
0.55969 0.57962 0.50870
0.57851 0.63459 0.62518
0.52249 0.57718 0.51995
0.53432 0.71293 0.43587
0.52188 0.58167 0.42112
0.44301 0.55949 0.54541
0.51147 0.58495 0.60696
0.56132 0.53548 0.51972
0.70517 0.58903 0.43349
0.57996 0.67498 0.48928
0.50497 0.60326 0.65319
0.65232 0.57422 0.51776
0.51658 0.60154 0.34220
0.36107 0.57431 0.38635
0.64821 0.64716 0.53209
0.50334 0.54576 0.53394
0.43369 0.56995 0.45991
0.68245 0.51081 0.64261
0.58538 0.57102 0.47232
0.57319 0.59860 0.50142
0.53271 0.50977 0.54401
0.52363 0.69132 0.55797
0.70638 0.51177 0.57809
0.56579 0.58575 0.55424
0.64350 0.63570 0.52275
0.56686 0.62527 0.55156
0.63938 0.57945 0.55145
0.42704 0.54617 0.64848
0.55220 0.61707 0.54525
0.55172 0.57485 0.59930
0.51886 0.52587 0.57663
0.37570 0.56545 0.47415
0.53587 0.54104 0.44770
0.48396 0.53775 0.55520
0.63839 0.58003 0.61154
0.57536 0.60022 0.44949
0.44183 0.65415 0.49026
0.63576 0.50486 0.54362
0.61385 0.55799 0.61856
0.57029 0.61396 0.55604
0.46520 0.67748 0.37916
0.51047 0.53403 0.55907
0.56608 0.67034 0.55132
0.58671 0.53242 0.33655
0.44585 0.60829 0.43178
0.58239 0.48952 0.49923
0.49205 0.62303 0.50497
0.53732 0.51130 0.46546
0.66621 0.58593 0.46255
0.54700 0.49246 0.60203
0.62830 0.47749 0.59163
0.67341 0.57553 0.55401
0.51011 0.65110 0.44602
0.61315 0.53456 0.59804
0.52892 0.57144 0.51817
0.59894 0.56205 0.38507
0.58085 0.62911 0.55935
0.68952 0.51699 0.58849
0.58064 0.50544 0.49299
0.58848 0.60721 0.46993
0.57122 0.65031 0.64755
0.43637 0.54742 0.51627
0.61009 0.62774 0.57597
0.60607 0.64750 0.48057
0.50486 0.62182 0.53613
0.51523 0.51775 0.41057
0.48406 0.58470 0.55070
0.42769 0.53121 0.52197
0.34995 0.52071 0.42443
0.54947 0.61146 0.56907
0.62578 0.62783 0.52705
0.46559 0.57198 0.45972
0.43711 0.50716 0.60680
0.44128 0.58618 0.55051
0.57280 0.57687 0.66243
0.48778 0.63103 0.67924
0.72728 0.63219 0.47391
0.68672 0.61417 0.45840
0.76913 0.50247 0.49888
0.37835 0.48356 0.45323
0.60739 0.52387 0.49485
0.51715 0.55855 0.57070
0.52812 0.50661 0.53617
0.66670 0.62225 0.47865
0.53203 0.60465 0.57192
0.54600 0.58395 0.56594
0.69588 0.53590 0.43445
0.61524 0.56082 0.52474
0.46208 0.61698 0.41139
0.56943 0.52046 0.40810
0.52082 0.66179 0.58703
0.61257 0.55758 0.58350
0.55505 0.57008 0.54759
0.56695 0.61235 0.63084
0.59558 0.58105 0.58124
0.61478 0.59686 0.42643
0.46693 0.55772 0.56038
0.64761 0.60209 0.47090
0.59184 0.56063 0.53773
0.53998 0.66110 0.50324
0.54519 0.62045 0.40592
0.56942 0.66702 0.44045
0.66373 0.60549 0.54640
0.63756 0.60875 0.52201
0.56638 0.52698 0.58512
0.53091 0.54759 0.49898
0.51292 0.56517 0.56284
0.50848 0.62846 0.61563
0.40613 0.59347 0.44745
0.71373 0.55560 0.42268
0.53884 0.65469 0.57703
0.48958 0.59563 0.62799
0.48677 0.56661 0.50598
0.47703 0.55623 0.63726
0.59588 0.62629 0.57990
0.47643 0.65630 0.56795
0.46471 0.49826 0.67978
0.67670 0.49015 0.48658
0.43477 0.54721 0.64939
0.61324 0.70919 0.61345
0.56843 0.60930 0.54300
0.62552 0.63506 0.61056
0.55239 0.63412 0.59370
0.52612 0.51660 0.43434
0.59847 0.68073 0.38000
0.57032 0.63680 0.53207
0.64392 0.51602 0.44949
0.59326 0.54089 0.55381
0.67635 0.59535 0.44414
0.70165 0.55060 0.58165
0.50273 0.61962 0.43731
0.65872 0.59001 0.46724
0.53312 0.53922 0.59772
0.48048 0.67095 0.53876
0.62735 0.61137 0.57116
0.47014 0.58299 0.57250
0.52235 0.51808 0.55986
0.62652 0.54536 0.56276
0.61742 0.64101 0.51372
0.56071 0.53670 0.60216
0.43562 0.55317 0.56219
0.74702 0.47609 0.55415
0.60962 0.57683 0.57088
0.55179 0.58049 0.45422
0.62995 0.52117 0.42635
0.51227 0.54865 0.52488
0.55286 0.70887 0.52887
0.60183 0.56154 0.51942
0.54660 0.54698 0.55525
0.64514 0.63805 0.58704
0.53890 0.69324 0.55750
0.53161 0.59142 0.43411
0.51289 0.60565 0.56720
0.49756 0.55430 0.46528
0.50227 0.51529 0.66350
0.47784 0.66680 0.47120
0.55805 0.67484 0.59986
0.66636 0.57005 0.56699
0.64287 0.55192 0.44586
0.42942 0.55271 0.50122
0.62300 0.53891 0.52158
0.58514 0.50043 0.58107
0.48319 0.62406 0.52897
0.46233 0.64422 0.43759
0.45592 0.64398 0.47829
0.52664 0.57984 0.49652
0.47958 0.51080 0.50758
0.45486 0.57591 0.53212
0.56565 0.54860 0.54705
0.55454 0.60794 0.50874
0.46728 0.56016 0.55201
0.56067 0.63681 0.61504
0.58951 0.59780 0.61620
0.47455 0.61253 0.46407
0.63776 0.51091 0.56625
0.59521 0.58348 0.47657
0.61893 0.56625 0.49080
0.58064 0.61760 0.58470
0.59010 0.56643 0.50684
0.59739 0.62640 0.59526
0.59969 0.60881 0.32093
0.50692 0.66153 0.39489
0.59240 0.51347 0.58877
0.42380 0.64036 0.44344
0.44990 0.55665 0.45257
0.55426 0.61505 0.49478
0.43651 0.63779 0.50055
0.56883 0.57782 0.49208
0.56033 0.60040 0.49220
0.64649 0.55801 0.52404
0.76610 0.54882 0.68527
0.47629 0.58444 0.43796
0.59735 0.58241 0.46434
0.45290 0.57613 0.52541
0.48180 0.53466 0.43213
0.52846 0.58090 0.58749
0.62951 0.59434 0.60228
0.47916 0.69113 0.47647
0.50176 0.58672 0.46811
0.51554 0.54596 0.60173
0.51353 0.59095 0.59699
0.57644 0.62543 0.51631
0.56098 0.58433 0.61587
0.65112 0.58552 0.43934
0.40971 0.53129 0.51297
0.55645 0.53324 0.57757
0.36481 0.56056 0.53250
0.68783 0.62605 0.49878
0.56988 0.47111 0.53713
0.56955 0.50701 0.53333
0.59797 0.60297 0.31188
0.42239 0.57693 0.50764
0.67253 0.54668 0.48336
0.44742 0.58259 0.44222
0.62488 0.60084 0.45852
0.47103 0.51627 0.56944
0.52383 0.66421 0.67837
0.55382 0.65327 0.60594
0.56269 0.65996 0.57088
0.44986 0.60662 0.49629
0.50825 0.49051 0.41455
0.43623 0.45290 0.70791
0.53860 0.55516 0.49723
0.48942 0.66000 0.56262
0.57649 0.63672 0.54766
0.69802 0.51053 0.61794
0.68122 0.61074 0.35214
0.64108 0.69226 0.59002
0.43919 0.59530 0.55521
0.36747 0.57163 0.51613
0.50821 0.53170 0.52798
0.52620 0.63285 0.59056
0.41188 0.50871 0.54779
0.52724 0.62335 0.73391
0.42722 0.54817 0.50499
0.58007 0.60617 0.49824
0.67078 0.61754 0.52167
0.49390 0.55440 0.56360
0.63683 0.63092 0.58773
0.57938 0.70766 0.56362
0.74174 0.58281 0.58161
0.51178 0.58630 0.49372
0.58001 0.59506 0.47791
0.55993 0.65960 0.48926
0.62542 0.65116 0.60431
0.60453 0.64112 0.57513
0.57256 0.57730 0.50583
0.45543 0.53280 0.46514
0.62492 0.51176 0.50435
0.55801 0.64273 0.59322
0.65124 0.60769 0.49228
0.50935 0.58650 0.53695
0.54439 0.61245 0.56446
0.44476 0.58007 0.50974
0.65092 0.58427 0.50328
0.59466 0.49447 0.57760
0.51032 0.64833 0.61857
0.49965 0.50105 0.60196
0.57256 0.52029 0.54375
0.63826 0.58566 0.57577
0.38680 0.53231 0.56089
0.50219 0.58921 0.45577
0.56763 0.56015 0.51241
0.57172 0.56372 0.50900
0.62949 0.59054 0.57289
0.48951 0.52941 0.49177
0.58816 0.63826 0.45029
0.55350 0.61314 0.40644
0.41750 0.48719 0.58561
0.61289 0.57306 0.48584
0.57288 0.47897 0.57515
0.60942 0.56385 0.42963
0.51129 0.54789 0.57512
0.49304 0.57555 0.48322
0.47861 0.60018 0.47396
0.47185 0.54191 0.52033
0.58156 0.69429 0.61434
0.51986 0.51900 0.60938
0.59968 0.62568 0.55904
0.53222 0.55542 0.40539
0.42582 0.57845 0.45687
0.53063 0.48353 0.56284
0.67776 0.56757 0.59790
0.47725 0.54633 0.51860
0.54005 0.59553 0.49549
0.62457 0.55858 0.61548
0.32464 0.50655 0.52793
0.57977 0.67990 0.64559
0.66871 0.52251 0.48943
0.61676 0.61905 0.56469
0.40651 0.46035 0.59500
0.40051 0.62911 0.55880
0.53920 0.61659 0.53910
0.52951 0.57448 0.65617
0.61308 0.65180 0.61404
0.62029 0.63065 0.54630
0.55245 0.45587 0.42277
0.66836 0.59158 0.51942
0.50413 0.56176 0.50751
0.46909 0.57033 0.48772
0.52373 0.59219 0.45097
0.41900 0.51400 0.56761
0.54133 0.73959 0.45751
0.47534 0.47438 0.57161
0.48292 0.51481 0.47709
0.57682 0.75793 0.56985
0.50701 0.56132 0.52194
0.57524 0.62849 0.44231
0.57119 0.61965 0.47331
0.54878 0.57340 0.65507
0.54745 0.63461 0.63236
0.55041 0.60628 0.37117
0.37583 0.66629 0.42704
0.73324 0.63283 0.44606
0.44825 0.54089 0.56220
0.63384 0.48124 0.53787
0.49532 0.62765 0.49583
0.56584 0.61977 0.53383
0.42106 0.62265 0.41992
0.62073 0.57616 0.37346
0.59325 0.61046 0.61671
0.64128 0.52797 0.51112
0.59080 0.65832 0.61672
0.60606 0.58953 0.52458
0.48867 0.59564 0.44800
0.50879 0.53364 0.53982
0.49362 0.58075 0.50581
0.72856 0.57171 0.46825
0.66377 0.62620 0.55322
0.60191 0.56814 0.49656
0.65222 0.52915 0.48316
0.51199 0.50966 0.44584
0.57750 0.49828 0.55768
0.49000 0.54653 0.47556
0.55968 0.56350 0.53114
0.31717 0.45935 0.50334
0.51248 0.46521 0.60335
0.54030 0.53659 0.51806
0.54249 0.67919 0.57855
0.55677 0.60794 0.55534
0.46155 0.64557 0.61891
0.69894 0.61036 0.46468
0.54485 0.65699 0.56485
0.72059 0.46858 0.44425
0.46240 0.50301 0.46518
0.34893 0.57409 0.47370
0.51022 0.48662 0.45249
0.51087 0.53459 0.53733
0.53759 0.47217 0.46258
0.56195 0.59545 0.46103
0.57663 0.63456 0.51205
0.60229 0.56104 0.55354
0.50604 0.61908 0.51183
0.53783 0.73216 0.43599
0.52101 0.70601 0.52805
0.60522 0.63042 0.55404
0.59916 0.64172 0.50257
0.69287 0.68012 0.59775
0.61055 0.62396 0.52680
0.57955 0.58124 0.47680
0.58578 0.57223 0.58421
0.72951 0.59810 0.42747
0.48397 0.58326 0.54388
0.56550 0.54435 0.55346
0.58170 0.66194 0.65596
0.68915 0.58762 0.58099
0.60796 0.53629 0.41350
0.61884 0.54852 0.57220
0.63801 0.55633 0.57558
0.58047 0.62073 0.56150
0.38333 0.56623 0.53429
0.51553 0.55664 0.50536
0.50489 0.53219 0.52017
0.56808 0.62627 0.58960
0.49413 0.61643 0.55362
0.59152 0.63911 0.42919
0.46180 0.58233 0.45727
0.57835 0.65770 0.50227
0.61394 0.54504 0.40350
0.55715 0.55542 0.53381
0.64595 0.64006 0.55580
0.57766 0.57618 0.51909
0.57556 0.67706 0.56382
0.54393 0.61458 0.61395
0.66438 0.50093 0.57432
0.53428 0.52758 0.51208
0.64300 0.68292 0.39243
0.48271 0.55032 0.39707
0.61903 0.50891 0.57819
0.58689 0.51406 0.51988
0.66377 0.50142 0.49658
0.50313 0.52463 0.53714
0.52325 0.63178 0.58211
0.36407 0.50517 0.62602
0.45251 0.48234 0.47560
0.57484 0.50987 0.52863
0.66115 0.54607 0.61744
0.48589 0.51167 0.57600
0.63684 0.58299 0.55086
0.53449 0.50698 0.44620
0.50476 0.66212 0.48850
0.45960 0.55975 0.42187
0.51787 0.46794 0.55731
0.50109 0.57848 0.51678
0.59050 0.50951 0.67344
0.50230 0.47930 0.72500
0.45624 0.59126 0.52652
0.54048 0.60531 0.58573
0.64603 0.59651 0.55653
0.41830 0.74055 0.40082
0.52510 0.64408 0.64943
0.64094 0.52946 0.62106
0.66620 0.60474 0.48788
0.45078 0.64257 0.41298
0.62643 0.69365 0.64480
0.47719 0.60606 0.39901
0.40000 0.57675 0.46668
0.48178 0.66905 0.48398
0.49720 0.57666 0.53376
0.66862 0.61035 0.49794
0.55603 0.53355 0.52959
0.47480 0.54625 0.46635
0.54426 0.59758 0.51071
0.59694 0.65670 0.65551
0.66724 0.66364 0.57794
0.55080 0.52155 0.63083
0.54748 0.56490 0.46276
0.61028 0.64998 0.52911
0.55201 0.53171 0.53979
0.43730 0.58272 0.61527
0.45420 0.47079 0.42121
0.49937 0.53670 0.49166
0.65761 0.49506 0.51114
0.69283 0.60488 0.46847
0.48431 0.61151 0.50983
0.45924 0.71109 0.54629
0.60308 0.68083 0.63413
0.61471 0.58704 0.54295
0.56587 0.60644 0.57824
0.45741 0.65400 0.40332
0.71072 0.71597 0.61999
0.54004 0.57884 0.53852
0.51721 0.47198 0.59766
0.52261 0.51342 0.56439
0.65267 0.55040 0.49009
0.57456 0.55904 0.51109
0.67907 0.57273 0.49614
0.59900 0.61047 0.58539
0.56884 0.52379 0.52053
0.56220 0.56640 0.56251
0.55730 0.56135 0.58083
0.58332 0.70170 0.62493
0.52003 0.70535 0.54244
0.49842 0.55248 0.60208
0.49726 0.55090 0.57857
0.59163 0.61714 0.44394
0.53922 0.50876 0.69618
0.52499 0.58056 0.44326
0.50031 0.65492 0.53706
0.47418 0.55765 0.42475
0.52036 0.52266 0.55744
0.64070 0.67721 0.59838
0.60360 0.56813 0.53916
0.56319 0.46461 0.60530
0.60494 0.48561 0.58034
0.52374 0.61365 0.58060
0.59382 0.53636 0.44288
0.71163 0.60583 0.57411
0.64844 0.57604 0.57262
0.48100 0.64060 0.55367
0.54276 0.57345 0.52456
0.51741 0.59924 0.52528
0.49029 0.52762 0.62892
0.56202 0.58671 0.51700
0.53761 0.62854 0.46859
0.71993 0.48628 0.62631
0.52347 0.57651 0.44369
0.45492 0.71833 0.47245
0.43326 0.58614 0.52311
0.67327 0.52739 0.51237
0.65044 0.53122 0.41520
0.60081 0.55748 0.48496
0.60965 0.62749 0.49923
0.50540 0.57630 0.58010
0.58572 0.59297 0.53739
0.57920 0.59815 0.54289
0.46736 0.57477 0.57160
0.44400 0.59352 0.45826
0.50401 0.55564 0.51628
0.49805 0.71893 0.52182
0.44590 0.50454 0.55744
0.47136 0.57117 0.57046
0.53272 0.59711 0.52583
0.47712 0.64516 0.57558
0.43423 0.55594 0.38498
0.51746 0.59120 0.47820
0.64171 0.59373 0.57767
0.45355 0.60040 0.49256
0.53568 0.65727 0.59180
0.57114 0.62003 0.52850
0.54011 0.53056 0.57366
0.63636 0.56869 0.49976
0.52148 0.59345 0.43557
0.47670 0.68183 0.57357
0.58147 0.68230 0.62780
0.53855 0.58695 0.51190
0.51909 0.61233 0.38905
0.49537 0.54370 0.40652
0.50236 0.59682 0.54782
0.50076 0.55164 0.55982
0.46865 0.63174 0.42039
0.55867 0.62950 0.54108
0.55934 0.48050 0.52686
0.55205 0.54713 0.40658
0.45193 0.57128 0.37988
0.61172 0.66738 0.41779
0.51360 0.63935 0.59068
0.46576 0.51702 0.59059
0.48437 0.47602 0.64195
0.52271 0.56697 0.52776
0.51154 0.66541 0.67944
0.61631 0.56519 0.67982
0.51203 0.63719 0.55434
0.53423 0.57635 0.44237
0.40545 0.55867 0.56270
0.55482 0.54121 0.57987
0.53481 0.62849 0.54824
0.59567 0.57870 0.50245
0.51702 0.69633 0.46054
0.54714 0.70870 0.52759
0.61802 0.70522 0.51471
0.51297 0.57933 0.39512
0.57211 0.63328 0.54761
0.51519 0.62686 0.39900
0.58031 0.54325 0.41535
0.49663 0.63610 0.50661
0.57325 0.57107 0.44692
0.54238 0.53188 0.45013
0.68369 0.65275 0.59228
0.58264 0.50628 0.47776
0.50527 0.63551 0.55696
0.51804 0.53535 0.32334
0.67612 0.54832 0.58217
0.57127 0.62515 0.52262
0.66395 0.60456 0.60654
0.40010 0.56199 0.53983
0.54346 0.51746 0.44413
0.55918 0.56951 0.52272
0.50860 0.71453 0.43068
0.71692 0.58476 0.62969
0.65548 0.55469 0.55879
0.55902 0.62492 0.51076
0.52032 0.71861 0.54326
0.65840 0.67951 0.49259
0.59941 0.48805 0.56336
0.53328 0.62129 0.52387
0.63457 0.53160 0.58515
0.57252 0.57618 0.64167
0.58791 0.61750 0.63397
0.49086 0.58710 0.59176
0.58819 0.51594 0.54869
0.55721 0.56611 0.51143
0.45181 0.54148 0.60513
0.59596 0.56314 0.45925
0.55157 0.52798 0.55314
0.51058 0.49248 0.73772
0.56090 0.60963 0.48098
0.54441 0.55419 0.59526
0.58519 0.64169 0.56659
0.55410 0.55515 0.53927
0.51659 0.65986 0.69141
0.64255 0.58035 0.46471
0.47685 0.50916 0.47746
0.62001 0.66277 0.72199
0.39243 0.49266 0.46060
0.60362 0.54050 0.53843
0.47414 0.62280 0.46385
0.53547 0.69250 0.36071
0.56303 0.56350 0.62408
0.58535 0.62393 0.55214
0.49820 0.54713 0.51365
0.56843 0.54387 0.54825
0.50719 0.58722 0.61916
0.55472 0.51838 0.51868
0.51430 0.52760 0.67618
0.58537 0.52757 0.50148
0.55388 0.59806 0.51123
0.55542 0.59930 0.48218
0.55081 0.52405 0.52546
0.61380 0.53778 0.56155
0.56624 0.63304 0.46896
0.59683 0.62430 0.57482
0.45591 0.59389 0.41319
0.53830 0.50933 0.59213
0.65545 0.61473 0.45988
0.48134 0.53507 0.51777
0.58583 0.60370 0.47681
0.61089 0.58969 0.48895
0.46272 0.53346 0.43938
0.51976 0.64217 0.52429
0.57090 0.55603 0.52693
0.54804 0.58341 0.58998
0.51285 0.74875 0.39774
0.61235 0.64427 0.52799
0.65605 0.57719 0.55041
0.64392 0.58947 0.41175
0.45334 0.55856 0.48800
0.57304 0.54327 0.56369
0.45780 0.56525 0.57953
0.69686 0.63292 0.50903
0.50207 0.53104 0.61619
0.58030 0.58871 0.50795
0.53228 0.61723 0.55294
0.71156 0.53617 0.58645
0.47282 0.57632 0.61310
0.55823 0.59694 0.55177
0.55849 0.51815 0.57257
0.57670 0.61540 0.56203
0.57015 0.64928 0.53322
0.61362 0.65782 0.66260
0.55753 0.51909 0.53697
0.41256 0.47425 0.47835
0.61128 0.62727 0.41520
0.53551 0.59854 0.60847
0.65385 0.58182 0.60754
0.53304 0.69638 0.53192
0.60976 0.56562 0.43793
0.53298 0.53687 0.60158
0.56705 0.70150 0.51382
0.62245 0.47925 0.52511
0.60130 0.52513 0.53467
0.59995 0.53693 0.43519
0.59108 0.56498 0.42601
0.52151 0.58648 0.48361
0.62084 0.64471 0.42093
0.59967 0.55028 0.59805
0.44015 0.50196 0.50196
0.55381 0.62821 0.54946
0.54848 0.58502 0.48778
0.48837 0.47862 0.51319
0.49247 0.61158 0.57521
0.45379 0.58285 0.56614
0.50018 0.56680 0.44256
0.54946 0.50564 0.59646
0.54114 0.66447 0.57861
0.55156 0.56268 0.57983
0.61887 0.55082 0.60647
0.44841 0.47858 0.46132
0.42251 0.53255 0.65718
0.57515 0.62095 0.41495
0.44864 0.56824 0.60314
0.53508 0.62617 0.55160
0.54789 0.63352 0.51621
0.52895 0.60157 0.46455
0.55781 0.66272 0.53006
0.40043 0.49383 0.64679
0.57016 0.61007 0.58489
0.57371 0.56890 0.56595
0.51350 0.60209 0.43132
0.39612 0.54461 0.48305
0.53328 0.61845 0.40625
0.63967 0.55905 0.45589
0.43669 0.57767 0.52310
0.59622 0.56887 0.53565
0.55624 0.53516 0.55416
0.54184 0.57383 0.46914
0.41824 0.68093 0.49514
0.51805 0.63871 0.48192
0.47795 0.64876 0.40239
0.59403 0.53547 0.40853
0.68395 0.53322 0.52913
0.60111 0.57500 0.50169
0.67963 0.43447 0.53169
0.49356 0.67432 0.54428
0.44505 0.58222 0.64096
0.49403 0.67653 0.52208
0.56475 0.53524 0.48447
0.47972 0.60501 0.54621
0.62647 0.63497 0.45103
0.50091 0.59981 0.49822
0.63332 0.59643 0.60357
0.56119 0.61405 0.56363
0.60795 0.57189 0.58808
0.49518 0.60585 0.53027
0.45831 0.58369 0.36813
0.55247 0.54724 0.44776
0.62353 0.54984 0.57058
0.42028 0.59057 0.55037
0.47160 0.69134 0.41337
0.54420 0.71773 0.49680
0.70076 0.61193 0.43678
0.55701 0.73081 0.56854
0.48669 0.53463 0.41867
0.60823 0.61035 0.57390
0.47074 0.52636 0.57265
0.67863 0.60910 0.48990
0.58734 0.57601 0.54642
0.64393 0.55800 0.43182
0.54748 0.59564 0.56347
0.57672 0.65350 0.48856
0.58271 0.54369 0.54542
0.66766 0.57570 0.47851
0.70053 0.56281 0.48014
0.46834 0.52478 0.48847
0.52912 0.67540 0.52261
0.55286 0.51089 0.54839
0.59813 0.52629 0.51629
0.40064 0.59752 0.45917
0.53507 0.54217 0.53414
0.54787 0.49578 0.58063
0.59188 0.53438 0.60079
0.59200 0.48547 0.55794
0.60649 0.57950 0.52990
0.64265 0.62414 0.60053
0.67626 0.54118 0.52842
0.57039 0.56120 0.49180
0.39054 0.62259 0.39456
0.50236 0.66498 0.46457
0.59809 0.63888 0.56764
0.58842 0.55766 0.54996
0.66248 0.52997 0.59144
0.58654 0.70875 0.53609
0.60764 0.61959 0.62132
0.49513 0.51429 0.53818
0.56189 0.63887 0.40888
0.52700 0.44568 0.57744
0.60998 0.49814 0.69203
0.67391 0.60238 0.61752
0.56672 0.58271 0.56124
0.56404 0.57411 0.53431
0.56024 0.45864 0.53903
0.51316 0.66907 0.52527
0.63307 0.58518 0.43969
0.74089 0.56673 0.45527
0.52884 0.66929 0.40037
0.62226 0.54385 0.45534
0.61959 0.67166 0.58290
0.59900 0.57707 0.52875
0.60836 0.63756 0.53239
0.43057 0.59695 0.47498
0.62425 0.61794 0.55305
0.52149 0.51737 0.48774
0.61069 0.63663 0.57615
0.58505 0.61944 0.61920
0.51822 0.60845 0.51546
0.58111 0.57718 0.59365
0.48313 0.52568 0.64453
0.47258 0.59123 0.53527
0.50823 0.59582 0.40033
0.45367 0.51663 0.47679
0.43746 0.73728 0.38782
0.70878 0.58637 0.55384
0.68379 0.54819 0.47153
0.44900 0.54639 0.50172
0.58993 0.52852 0.51095
0.49654 0.56343 0.48809
0.65212 0.57789 0.47300
0.56617 0.49579 0.62434
0.40445 0.54952 0.43206
0.53042 0.68792 0.49377
0.51057 0.61548 0.44192
0.70330 0.51438 0.65338
0.65962 0.51481 0.56413
0.50263 0.50904 0.59671
0.73518 0.59052 0.50586
