20 20 1000 16497 46
0.14008 0.55114 0.15424
0.90156 0.63307 0.90768
0.77272 0.82846 0.44245
0.38076 0.81500 0.29059
0.37224 0.65621 0.51681
0.67394 0.68580 0.46259
0.13448 0.23890 0.49876
0.07658 0.23610 0.89884
0.05406 0.89749 0.29075
0.26788 0.34676 0.73872
0.44677 0.36526 0.21020
0.87737 0.03595 0.39644
0.88212 0.97768 0.20365
0.68046 0.53221 0.01848
0.43556 0.54955 0.46653
0.30697 0.44516 0.12319
0.45159 0.92572 0.98824
0.62925 0.63640 0.00868
0.79588 0.64788 0.44948
0.35987 0.99124 0.08536
0.49072 0.53336 0.36619
0.43446 0.53688 0.49211
0.46183 0.51723 0.41620
0.58224 0.63028 0.40441
0.57610 0.54494 0.31472
0.51127 0.63297 0.42112
0.33092 0.50324 0.52819
0.43132 0.57231 0.30454
0.52957 0.60793 0.44656
0.44168 0.56951 0.40049
0.50316 0.54003 0.37709
0.49983 0.60664 0.34200
0.45779 0.57379 0.43794
0.61880 0.57553 0.34184
0.53246 0.54575 0.53441
0.43586 0.57937 0.45119
0.48885 0.60835 0.44933
0.48159 0.59717 0.49527
0.55198 0.66138 0.50713
0.53028 0.66053 0.49997
0.44924 0.67999 0.34199
0.54501 0.58831 0.37839
0.51178 0.68347 0.43023
0.48103 0.63877 0.31461
0.46262 0.64679 0.38292
0.54354 0.66567 0.38093
0.46611 0.60979 0.30225
0.49673 0.65519 0.33934
0.44469 0.71189 0.42815
0.39727 0.59585 0.32255
0.58267 0.57034 0.39221
0.47441 0.55083 0.42433
0.49207 0.60356 0.39025
0.38870 0.52185 0.50115
0.51301 0.62539 0.40730
0.43690 0.50684 0.46317
0.41681 0.59591 0.35903
0.49377 0.56018 0.38731
0.54781 0.61652 0.40965
0.52915 0.67049 0.34051
0.44364 0.54990 0.33791
0.44623 0.66234 0.37400
0.58698 0.68919 0.39313
0.48798 0.62457 0.46005
0.49051 0.63054 0.32133
0.46756 0.63436 0.39774
0.50635 0.66092 0.33533
0.42960 0.62492 0.40152
0.55031 0.60468 0.48254
0.48881 0.59397 0.38612
0.58007 0.57061 0.47354
0.50756 0.71725 0.28031
0.54380 0.60075 0.38751
0.50129 0.65437 0.45111
0.48666 0.66725 0.35534
0.49656 0.62685 0.40391
0.48335 0.66185 0.42461
0.51512 0.63168 0.42362
0.51322 0.57747 0.44537
0.42495 0.59704 0.34451
0.43101 0.51979 0.32969
0.42199 0.55475 0.60309
0.45766 0.57199 0.44847
0.37775 0.56558 0.49275
0.45458 0.64258 0.34406
0.51116 0.64519 0.34377
0.54034 0.62950 0.38617
0.49050 0.66739 0.39548
0.40134 0.56089 0.44272
0.51058 0.56740 0.44861
0.47146 0.64919 0.39389
0.59219 0.58245 0.41525
0.54211 0.52482 0.39144
0.51370 0.71348 0.45257
0.50959 0.71495 0.40188
0.52758 0.64699 0.40266
0.52324 0.56601 0.44948
0.44755 0.60840 0.39461
0.43101 0.68367 0.32617
0.45744 0.49490 0.34203
0.61188 0.66484 0.53792
0.49053 0.65090 0.36860
0.46704 0.59488 0.42640
0.40843 0.55234 0.44551
0.48268 0.64446 0.49736
0.48805 0.58583 0.51097
0.45905 0.63028 0.41184
0.53086 0.65140 0.40223
0.44293 0.56098 0.40363
0.45114 0.59016 0.39364
0.50633 0.46905 0.56162
0.49426 0.58575 0.38186
0.60457 0.72564 0.40871
0.45666 0.60341 0.31320
0.33492 0.55154 0.52135
0.50226 0.58209 0.36794
0.46157 0.57893 0.48581
0.47899 0.70009 0.32216
0.47417 0.61141 0.44346
0.38099 0.53964 0.42028
0.48521 0.56794 0.30858
0.48825 0.66638 0.35061
0.47510 0.58207 0.35338
0.51068 0.64983 0.43293
0.42902 0.62718 0.45825
0.56846 0.58962 0.41067
0.53548 0.64451 0.46556
0.61020 0.54252 0.41415
0.42428 0.53441 0.42506
0.46264 0.62319 0.48802
0.50710 0.61767 0.41137
0.54351 0.67124 0.36386
0.47209 0.69066 0.44560
0.52105 0.66353 0.44358
0.43610 0.61917 0.46720
0.54959 0.54567 0.35945
0.39889 0.58900 0.45920
0.48547 0.61941 0.35499
0.43951 0.58353 0.39910
0.51259 0.68869 0.38181
0.41868 0.62492 0.29541
0.47926 0.57747 0.45120
0.59239 0.60008 0.33899
0.56201 0.64096 0.41980
0.38268 0.51084 0.52338
0.43571 0.55205 0.40262
0.41166 0.64503 0.49284
0.39761 0.42744 0.43303
0.43153 0.62219 0.48967
0.48147 0.61072 0.28943
0.46010 0.57787 0.47217
0.44606 0.58623 0.35192
0.46028 0.64100 0.38971
0.48147 0.58679 0.32601
0.40816 0.63977 0.36748
0.49280 0.62167 0.46397
0.46585 0.73469 0.29443
0.43407 0.57206 0.38582
0.58887 0.63286 0.38939
0.48399 0.51084 0.41445
0.47464 0.62742 0.43251
0.45511 0.72320 0.38168
0.47177 0.64188 0.41173
0.40353 0.54242 0.40868
0.52959 0.58845 0.39898
0.45874 0.62370 0.40656
0.45283 0.56609 0.49938
0.43031 0.51680 0.53275
0.41915 0.69995 0.46834
0.51852 0.65067 0.40011
0.52178 0.60675 0.42257
0.62198 0.66047 0.37976
0.39658 0.45229 0.49290
0.57472 0.66632 0.33844
0.48695 0.53490 0.33832
0.40107 0.58592 0.40512
0.52609 0.71417 0.44668
0.43387 0.60027 0.22539
0.48605 0.57422 0.47952
0.48860 0.67319 0.42794
0.47690 0.61175 0.42101
0.43299 0.54141 0.40524
0.43960 0.54949 0.50831
0.48235 0.58468 0.43657
0.57666 0.53683 0.42247
0.60028 0.55923 0.40344
0.50044 0.60846 0.34415
0.55533 0.46149 0.33735
0.40693 0.50236 0.49842
0.45796 0.64165 0.41871
0.55849 0.58320 0.28980
0.42542 0.59093 0.36783
0.57867 0.69695 0.26465
0.40574 0.61585 0.43480
0.47087 0.68701 0.39623
0.49285 0.55825 0.43330
0.51339 0.65734 0.42958
0.50280 0.60011 0.40328
0.49597 0.57142 0.38708
0.40066 0.47594 0.43560
0.47494 0.67730 0.38736
0.52675 0.59753 0.32894
0.42432 0.68700 0.28927
0.41493 0.55053 0.53360
0.51416 0.51533 0.39264
0.42549 0.55990 0.47021
0.54864 0.57822 0.37787
0.46717 0.61434 0.44508
0.43322 0.53071 0.38712
0.46986 0.63748 0.45083
0.50397 0.63686 0.42288
0.42487 0.56560 0.50203
0.49687 0.57082 0.41886
0.35715 0.57718 0.37592
0.46630 0.61811 0.32627
0.45016 0.69097 0.30546
0.34406 0.47998 0.50319
0.50767 0.67813 0.36369
0.50185 0.62626 0.52169
0.45648 0.68268 0.31636
0.53343 0.59620 0.39823
0.45953 0.53747 0.44395
0.37888 0.65643 0.47110
0.48845 0.63058 0.42218
0.50502 0.59453 0.34780
0.48467 0.53151 0.38455
0.45789 0.61816 0.47955
0.46080 0.59153 0.41021
0.51973 0.54595 0.37161
0.37205 0.55176 0.46910
0.53235 0.63235 0.46402
0.53317 0.60148 0.33856
0.46923 0.62845 0.37337
0.53752 0.58015 0.36032
0.45594 0.65756 0.30484
0.49390 0.65430 0.42950
0.45387 0.53913 0.51346
0.49016 0.57037 0.40603
0.45507 0.60897 0.46008
0.54573 0.61066 0.42969
0.59864 0.61483 0.37153
0.49931 0.61874 0.33184
0.53954 0.60865 0.48378
0.57813 0.60503 0.39123
0.51008 0.64184 0.43008
0.48699 0.51489 0.41895
0.38049 0.61088 0.35326
0.43382 0.62208 0.50382
0.42204 0.59900 0.38559
0.60466 0.52496 0.33330
0.40246 0.60093 0.47988
0.57765 0.67799 0.51048
0.48884 0.61543 0.39857
0.52247 0.60585 0.42896
0.39608 0.55996 0.44419
0.44505 0.68936 0.51480
0.47106 0.70319 0.34305
0.41912 0.58933 0.34987
0.42273 0.71204 0.37303
0.46030 0.59681 0.35594
0.45372 0.47831 0.38844
0.57918 0.59789 0.33133
0.52113 0.65307 0.46045
0.52251 0.61599 0.32615
0.45914 0.62948 0.40318
0.43686 0.59191 0.36769
0.49278 0.65372 0.47201
0.47271 0.52618 0.34408
0.55184 0.67852 0.33753
0.39947 0.52771 0.41407
0.46486 0.61862 0.32796
0.52296 0.69666 0.30806
0.46505 0.58689 0.40705
0.47951 0.62919 0.45997
0.48533 0.54865 0.43294
0.57058 0.52486 0.54761
0.52553 0.63817 0.41981
0.53116 0.60869 0.47370
0.49033 0.62501 0.35904
0.52806 0.55823 0.40449
0.53706 0.61366 0.37868
0.47075 0.60061 0.37066
0.49728 0.63407 0.52724
0.45960 0.60726 0.47333
0.50363 0.60421 0.40063
0.45348 0.66477 0.40243
0.44966 0.52671 0.43727
0.41183 0.55897 0.34469
0.56483 0.66465 0.40058
0.43575 0.58010 0.48917
0.54888 0.61990 0.35406
0.43250 0.61645 0.45200
0.59478 0.62013 0.31290
0.46754 0.62863 0.39155
0.44029 0.60446 0.32334
0.51365 0.43976 0.42294
0.39152 0.65492 0.44174
0.49735 0.61250 0.43335
0.47827 0.64717 0.42392
0.56470 0.58114 0.45621
0.47668 0.46557 0.43906
0.48340 0.64131 0.31417
0.44856 0.62482 0.37876
0.54918 0.65464 0.31912
0.44089 0.63587 0.39348
0.43299 0.53759 0.38492
0.43058 0.60598 0.47887
0.49760 0.60545 0.38005
0.50167 0.61419 0.33870
0.46859 0.59576 0.36341
0.44649 0.57514 0.51084
0.41020 0.59555 0.40465
0.51511 0.48392 0.41458
0.41397 0.56907 0.35096
0.49266 0.56226 0.37205
0.56245 0.64662 0.47803
0.36080 0.52398 0.39841
0.37682 0.53039 0.37212
0.49614 0.73523 0.46488
0.44741 0.60703 0.42212
0.60704 0.67359 0.47402
0.44817 0.63765 0.42100
0.32987 0.64022 0.33016
0.53925 0.57306 0.46697
0.50404 0.67214 0.38165
0.53931 0.53146 0.45166
0.52399 0.62331 0.42578
0.58715 0.61283 0.38607
0.48601 0.60116 0.42017
0.43994 0.53604 0.36738
0.41229 0.63962 0.35409
0.61607 0.54248 0.40183
0.47357 0.56340 0.37564
0.37338 0.54165 0.38610
0.48435 0.66554 0.34582
0.49342 0.72879 0.41478
0.53563 0.61982 0.35005
0.49557 0.62676 0.39250
0.56432 0.61089 0.50849
0.50845 0.60030 0.38125
0.56352 0.53755 0.39726
0.49532 0.57930 0.36005
0.52347 0.60012 0.40140
0.50260 0.71436 0.30303
0.37377 0.50163 0.49712
0.48240 0.71361 0.41256
0.49478 0.59869 0.47363
0.51333 0.60511 0.39746
0.35318 0.56811 0.46249
0.58048 0.61700 0.34707
0.48353 0.61500 0.44932
0.45157 0.63766 0.33586
0.49131 0.59836 0.39306
0.47681 0.48766 0.51005
0.54521 0.64303 0.44153
0.48480 0.61822 0.45449
0.43559 0.54740 0.36983
0.49436 0.62399 0.32888
0.55508 0.65241 0.41412
0.50953 0.68062 0.52486
0.46440 0.56837 0.42778
0.42547 0.57572 0.41715
0.48166 0.56863 0.30386
0.45030 0.59452 0.41254
0.48921 0.66259 0.40333
0.51895 0.60381 0.40176
0.55019 0.66570 0.32832
0.46368 0.54903 0.42058
0.40780 0.51177 0.44939
0.54264 0.54299 0.42475
0.49418 0.54505 0.42515
0.44599 0.61537 0.30189
0.65656 0.49033 0.39148
0.43621 0.61837 0.47440
0.45604 0.65080 0.52170
0.43458 0.64796 0.41185
0.45902 0.54243 0.42326
0.41649 0.55215 0.33450
0.38077 0.61446 0.29812
0.54709 0.57097 0.39022
0.40453 0.68547 0.40309
0.47438 0.56716 0.43765
0.44073 0.54225 0.44154
0.46408 0.71091 0.34015
0.54516 0.62700 0.36499
0.43317 0.67474 0.36625
0.47305 0.53670 0.57260
0.48304 0.49784 0.47482
0.50089 0.56667 0.42162
0.48572 0.56558 0.45623
0.51088 0.62202 0.50328
0.40980 0.58525 0.31856
0.43362 0.64056 0.29446
0.53275 0.57250 0.39711
0.61728 0.59285 0.47250
0.52503 0.63724 0.39825
0.46737 0.63265 0.45138
0.48348 0.64933 0.40711
0.45138 0.56612 0.48739
0.48631 0.58745 0.41539
0.56258 0.66307 0.35086
0.52270 0.58410 0.38570
0.40492 0.52780 0.51436
0.44609 0.62297 0.36329
0.49473 0.60053 0.43323
0.39931 0.56403 0.35797
0.51276 0.68631 0.40007
0.58282 0.55454 0.39070
0.45941 0.58756 0.47232
0.49671 0.63496 0.34320
0.57190 0.64938 0.39546
0.43807 0.55432 0.42261
0.38681 0.47664 0.44064
0.41083 0.57135 0.44915
0.50862 0.54144 0.43087
0.36934 0.58561 0.28966
0.47907 0.64019 0.32306
0.71118 0.58263 0.45275
0.47828 0.59420 0.42731
0.54402 0.66828 0.36041
0.43881 0.61141 0.40450
0.48831 0.65869 0.27215
0.36519 0.53403 0.43289
0.44942 0.62557 0.44239
0.55675 0.67779 0.34107
0.52116 0.57795 0.37092
0.45389 0.68392 0.39081
0.44266 0.57380 0.33643
0.39622 0.53483 0.43224
0.42818 0.59675 0.42642
0.51209 0.53918 0.34744
0.50395 0.63241 0.46480
0.42457 0.58532 0.42739
0.52291 0.55811 0.34414
0.39464 0.56906 0.49036
0.37054 0.50548 0.46370
0.39521 0.67154 0.34336
0.54436 0.62066 0.49047
0.52104 0.60412 0.42785
0.47627 0.56275 0.38504
0.60239 0.50251 0.41759
0.45820 0.53169 0.36745
0.40023 0.59051 0.36760
0.53985 0.66492 0.43848
0.56700 0.61629 0.49251
0.41808 0.58691 0.43137
0.53760 0.63998 0.43177
0.46131 0.59068 0.42291
0.49770 0.59511 0.32205
0.49398 0.55107 0.48216
0.49436 0.66858 0.42926
0.45677 0.58912 0.42788
0.48856 0.58500 0.44746
0.43468 0.66812 0.55481
0.53408 0.62339 0.35384
0.44113 0.51188 0.44422
0.52251 0.62543 0.37747
0.49140 0.71743 0.38276
0.58818 0.62287 0.49783
0.42876 0.60074 0.51783
0.64205 0.69301 0.53188
0.59776 0.64618 0.36664
0.51244 0.61566 0.52172
0.52294 0.59713 0.39133
0.56931 0.48911 0.37899
0.48719 0.51721 0.39301
0.47680 0.56231 0.44142
0.52887 0.64522 0.48313
0.49734 0.55703 0.42551
0.55569 0.65125 0.35564
0.51161 0.50992 0.35209
0.39991 0.59582 0.42708
0.52516 0.55214 0.41660
0.42149 0.54934 0.50370
0.48321 0.58032 0.36310
0.51569 0.59616 0.39968
0.57985 0.63948 0.33299
0.49525 0.66472 0.49080
0.48303 0.58488 0.35612
0.52005 0.63034 0.48341
0.45072 0.58889 0.37199
0.36458 0.55545 0.30506
0.42116 0.61157 0.37345
0.40861 0.52727 0.50212
0.47432 0.61818 0.33087
0.52561 0.63764 0.40242
0.46325 0.62744 0.44567
0.48704 0.60672 0.31466
0.53268 0.54705 0.42483
0.49699 0.57305 0.32191
0.59891 0.66126 0.40715
0.28956 0.63597 0.29944
0.48134 0.61868 0.40936
0.49312 0.56711 0.41278
0.56829 0.51908 0.41369
0.35275 0.54451 0.41759
0.37841 0.65893 0.43458
0.44509 0.54519 0.40387
0.54638 0.68804 0.40083
0.48934 0.64438 0.36127
0.48934 0.62634 0.27253
0.25854 0.54617 0.41882
0.51533 0.66111 0.37566
0.50146 0.56949 0.27747
0.34543 0.65412 0.40632
0.48228 0.53393 0.46667
0.50977 0.55932 0.47459
0.40823 0.45450 0.43486
0.56006 0.61696 0.36859
0.54643 0.72689 0.52364
0.44563 0.70501 0.50938
0.45700 0.60814 0.33697
0.42715 0.49111 0.52293
0.55648 0.69134 0.41042
0.62776 0.72231 0.43552
0.51394 0.54880 0.31544
0.60853 0.47372 0.47885
0.49657 0.60786 0.35536
0.51253 0.55851 0.36246
0.44121 0.71534 0.37120
0.53026 0.59502 0.30636
0.45358 0.55872 0.42837
0.47009 0.61830 0.28875
0.46590 0.64244 0.39283
0.46579 0.59944 0.40461
0.56602 0.51007 0.57650
0.51707 0.60362 0.41129
0.43078 0.71958 0.46818
0.44667 0.62691 0.42711
0.43708 0.66580 0.46541
0.47710 0.57391 0.37360
0.47044 0.64434 0.40750
0.53096 0.53709 0.44023
0.32598 0.60637 0.38487
0.51083 0.64015 0.47712
0.43363 0.62118 0.36293
0.55631 0.60725 0.47927
0.52524 0.54903 0.41257
0.50788 0.56842 0.51150
0.43408 0.62054 0.41547
0.50540 0.53389 0.37061
0.54252 0.60066 0.42060
0.43257 0.60578 0.30313
0.45441 0.62554 0.46703
0.45532 0.52175 0.26001
0.50960 0.53689 0.32280
0.53009 0.58609 0.39438
0.41021 0.57250 0.43275
0.47565 0.67470 0.37852
0.56952 0.66895 0.41473
0.47638 0.61189 0.38668
0.52246 0.58026 0.38846
0.46800 0.64251 0.40109
0.46503 0.59984 0.46426
0.42819 0.64571 0.38865
0.48449 0.52195 0.38875
0.59129 0.72220 0.35593
0.46630 0.63347 0.39892
0.54938 0.68438 0.42079
0.53434 0.59056 0.46335
0.50622 0.64507 0.46194
0.35163 0.64653 0.36566
0.54969 0.57491 0.47632
0.38137 0.57971 0.43909
0.50474 0.58437 0.44293
0.48217 0.53408 0.43401
0.50615 0.54771 0.41622
0.39079 0.57236 0.47938
0.59947 0.70860 0.47261
0.49381 0.51402 0.39489
0.52039 0.63911 0.37301
0.43873 0.58577 0.42342
0.55960 0.66308 0.46150
0.39865 0.56414 0.36122
0.46763 0.59088 0.46313
0.49408 0.58445 0.39388
0.51480 0.64003 0.41876
0.49383 0.59410 0.34827
0.52643 0.70048 0.26482
0.38282 0.69398 0.36566
0.46213 0.62857 0.42976
0.44781 0.53672 0.39384
0.53042 0.59405 0.44137
0.50879 0.54430 0.45346
0.47821 0.59907 0.34158
0.49399 0.66638 0.35184
0.57219 0.58471 0.39385
0.56575 0.60644 0.43958
0.60967 0.49473 0.41107
0.49367 0.59102 0.42322
0.51201 0.71365 0.38548
0.49906 0.56303 0.39469
0.41048 0.56177 0.43207
0.38599 0.61312 0.34973
0.42355 0.57723 0.47730
0.51038 0.61409 0.35927
0.47551 0.57725 0.34752
0.52082 0.54917 0.43418
0.49332 0.61103 0.54387
0.49616 0.58170 0.37796
0.54082 0.56291 0.39255
0.56492 0.63881 0.32961
0.59107 0.45664 0.37784
0.54401 0.65646 0.41030
0.49664 0.62532 0.30694
0.48423 0.60414 0.41074
0.54720 0.74112 0.33270
0.58554 0.62578 0.31033
0.52073 0.61708 0.48329
0.54969 0.59979 0.27638
0.43786 0.58114 0.38833
0.47614 0.52628 0.35606
0.38931 0.53460 0.50242
0.44976 0.57755 0.37680
0.58165 0.64665 0.35082
0.38464 0.60282 0.42496
0.42391 0.53907 0.44493
0.43373 0.72849 0.35011
0.41677 0.48243 0.42874
0.50959 0.59711 0.50039
0.51970 0.58165 0.34426
0.51813 0.64860 0.50690
0.56579 0.63654 0.25048
0.47134 0.57985 0.36838
0.47538 0.54356 0.40394
0.44167 0.59668 0.47327
0.37413 0.40733 0.45678
0.46377 0.66676 0.42657
0.46281 0.58275 0.48116
0.37077 0.50492 0.49446
0.46254 0.52454 0.37720
0.42796 0.56156 0.46146
0.52268 0.66651 0.43445
0.43548 0.64379 0.35529
0.56518 0.57126 0.44313
0.56135 0.57592 0.43442
0.64431 0.68680 0.46540
0.52116 0.52393 0.40717
0.44030 0.63081 0.43364
0.59035 0.68173 0.54812
0.51744 0.68909 0.39295
0.46150 0.53300 0.35938
0.58806 0.62470 0.49577
0.50248 0.73432 0.37104
0.53865 0.66169 0.33736
0.46752 0.48631 0.39777
0.48722 0.67802 0.47495
0.50216 0.56795 0.31078
0.53537 0.55303 0.49473
0.54406 0.67594 0.48894
0.48996 0.64367 0.42381
0.58797 0.46669 0.39153
0.49759 0.57322 0.53345
0.45691 0.63695 0.46118
0.51409 0.57344 0.36134
0.44325 0.59357 0.44180
0.57047 0.62602 0.43775
0.53495 0.58647 0.36368
0.40388 0.67165 0.48512
0.34784 0.64823 0.38560
0.39943 0.59306 0.34972
0.55625 0.59804 0.23938
0.44971 0.56597 0.35019
0.44851 0.58290 0.43866
0.52275 0.58793 0.37741
0.49953 0.56348 0.58562
0.52175 0.60978 0.42850
0.42287 0.63856 0.38722
0.46127 0.53549 0.37209
0.49747 0.64902 0.45370
0.59618 0.58835 0.24720
0.53863 0.58544 0.29500
0.55100 0.59021 0.41160
0.47080 0.62679 0.28786
0.57027 0.49429 0.41203
0.44457 0.62970 0.47790
0.58720 0.60788 0.43228
0.46426 0.58098 0.38624
0.43828 0.61632 0.34271
0.49416 0.64201 0.44770
0.54173 0.58715 0.37318
0.41767 0.60814 0.33817
0.39421 0.45673 0.54772
0.54031 0.57727 0.47111
0.47806 0.69903 0.39732
0.44372 0.68149 0.43775
0.48175 0.53015 0.44770
0.46763 0.53956 0.35358
0.47627 0.49485 0.45984
0.44599 0.56481 0.40731
0.54479 0.58974 0.43652
0.40053 0.57187 0.53784
0.54309 0.53235 0.32422
0.46772 0.64653 0.33034
0.45256 0.52368 0.31982
0.60566 0.58657 0.32472
0.48816 0.55420 0.44182
0.44086 0.60536 0.54966
0.54318 0.64324 0.43524
0.60318 0.73435 0.33228
0.48098 0.64009 0.38106
0.53123 0.50434 0.38556
0.46363 0.70857 0.40410
0.56472 0.58170 0.42882
0.44861 0.63339 0.33641
0.48255 0.58529 0.45318
0.43155 0.59056 0.43278
0.51718 0.60673 0.31020
0.48760 0.64398 0.36352
0.58350 0.67579 0.41031
0.43777 0.54732 0.52606
0.45203 0.57305 0.48523
0.43746 0.56620 0.33485
0.49422 0.56500 0.38932
0.53160 0.49103 0.29599
0.45802 0.56301 0.43063
0.54249 0.61034 0.36263
0.44478 0.53127 0.34320
0.50791 0.60848 0.39930
0.49238 0.58526 0.37541
0.42357 0.56584 0.31844
0.56479 0.60717 0.48539
0.42127 0.58028 0.50710
0.52126 0.58972 0.27892
0.48106 0.59642 0.51062
0.52539 0.56057 0.38957
0.50439 0.64780 0.29460
0.48593 0.58820 0.35998
0.47917 0.56254 0.37042
0.57894 0.63796 0.44473
0.54795 0.63721 0.47787
0.47018 0.53743 0.37037
0.35854 0.71223 0.36239
0.50892 0.58346 0.38945
0.39318 0.60050 0.37763
0.44692 0.64011 0.36486
0.46769 0.59402 0.31166
0.53582 0.55425 0.37446
0.43838 0.63536 0.42337
0.48718 0.62542 0.32076
0.53813 0.70485 0.32423
0.52198 0.66309 0.37556
0.59414 0.66549 0.37289
0.40921 0.55921 0.32931
0.45669 0.64191 0.41819
0.44658 0.62742 0.46278
0.43799 0.60980 0.40583
0.56471 0.56875 0.38139
0.51320 0.64639 0.30905
0.47220 0.54167 0.45787
0.43244 0.49681 0.42528
0.39999 0.70288 0.63669
0.59603 0.69635 0.37585
0.52429 0.56330 0.39564
0.51176 0.63077 0.40939
0.51356 0.52728 0.51573
0.54049 0.62857 0.36545
0.55679 0.65896 0.39136
0.49378 0.62940 0.40156
0.47993 0.64451 0.36984
0.44133 0.64749 0.35125
0.43576 0.57863 0.41791
0.41695 0.68210 0.37171
0.55902 0.67687 0.32639
0.50435 0.64172 0.45535
0.47353 0.54153 0.32709
0.51264 0.49492 0.44962
0.46008 0.60075 0.44077
0.60132 0.64103 0.50526
0.44541 0.56175 0.44324
0.51060 0.60818 0.45583
0.47547 0.55609 0.33411
0.48604 0.57609 0.35125
0.55773 0.59316 0.26710
0.51088 0.63510 0.44388
0.47210 0.56023 0.32357
0.55936 0.58535 0.44418
0.46972 0.56995 0.41642
0.47575 0.58995 0.43079
0.54956 0.71181 0.32240
0.52031 0.49216 0.43598
0.52084 0.64609 0.29667
0.47287 0.65197 0.39474
0.46145 0.59240 0.39034
0.48078 0.53233 0.41166
0.50014 0.58210 0.33935
0.58190 0.52357 0.36887
0.50523 0.65040 0.38275
0.50042 0.49185 0.47550
0.59490 0.54570 0.43506
0.42077 0.55741 0.48946
0.43824 0.60372 0.33446
0.45788 0.53413 0.35803
0.40773 0.57131 0.41576
0.50286 0.62954 0.48170
0.45852 0.70131 0.40207
0.48422 0.63496 0.36377
0.45121 0.57076 0.34299
0.40991 0.54596 0.37037
0.51756 0.55992 0.38722
0.57166 0.65364 0.47419
0.52687 0.46672 0.40153
0.45182 0.63033 0.50176
0.48662 0.69835 0.33494
0.52471 0.54308 0.42091
0.53563 0.57241 0.40350
0.50429 0.50272 0.52589
0.38082 0.47431 0.47847
0.40278 0.66076 0.48770
0.51760 0.61770 0.33886
0.41992 0.62663 0.44600
0.49526 0.65188 0.44423
0.42407 0.65165 0.40790
0.46349 0.55766 0.44822
0.58940 0.46043 0.45211
0.50866 0.66689 0.34644
0.49574 0.65042 0.35173
0.50278 0.55741 0.28671
0.44599 0.62028 0.44857
0.41835 0.64751 0.38825
0.52088 0.58163 0.32233
0.52205 0.69903 0.29736
0.55728 0.59161 0.31736
0.47018 0.63973 0.48291
0.51909 0.61291 0.35903
0.48912 0.51124 0.40013
0.45468 0.66422 0.25802
0.55783 0.57449 0.33581
0.54885 0.64404 0.44574
0.43088 0.70745 0.41975
0.52526 0.61767 0.52302
0.40891 0.54571 0.40007
0.48719 0.68156 0.34150
0.48170 0.57830 0.43577
0.54003 0.61280 0.41681
0.57198 0.62679 0.39681
0.48734 0.67932 0.41304
0.48225 0.60900 0.45955
0.47702 0.57659 0.39734
0.38618 0.58137 0.34382
0.56993 0.54669 0.40239
0.48675 0.50042 0.41298
0.38316 0.61001 0.35868
0.53188 0.53986 0.36449
0.59658 0.56260 0.36952
0.55035 0.62789 0.39687
0.45247 0.54375 0.44358
0.52490 0.50519 0.36270
0.50892 0.52553 0.36650
0.38460 0.52660 0.42696
0.53547 0.60120 0.39132
0.45496 0.54141 0.42745
0.41992 0.58988 0.43538
0.51607 0.49831 0.45094
0.44076 0.58688 0.32000
0.52979 0.69342 0.37471
0.55868 0.66999 0.41179
0.48184 0.58124 0.42677
0.53360 0.65277 0.44707
0.48600 0.57869 0.39530
0.43688 0.55655 0.33659
0.53160 0.59370 0.47063
0.47633 0.65371 0.33235
0.50913 0.50970 0.48462
0.50011 0.53691 0.45888
0.48383 0.58900 0.31493
0.38532 0.56465 0.47392
0.49372 0.66438 0.49154
0.55469 0.60206 0.42712
0.48124 0.53314 0.30778
0.56943 0.68872 0.37520
0.38911 0.60511 0.41467
0.49147 0.60989 0.38814
0.53411 0.61674 0.34005
0.50378 0.57824 0.38533
0.42292 0.53673 0.34613
0.50354 0.67118 0.47541
0.46892 0.53207 0.45222
0.50156 0.62140 0.40376
0.41536 0.60084 0.41908
0.48930 0.76076 0.38547
0.43246 0.66293 0.33344
0.48174 0.55522 0.33147
0.45575 0.61322 0.34782
0.45867 0.60577 0.42023
0.37595 0.56990 0.40594
0.31600 0.65761 0.50974
0.40908 0.61635 0.52857
0.39281 0.56535 0.53185
0.40396 0.58706 0.33050
0.45650 0.60920 0.40825
0.52623 0.58458 0.34838
0.56307 0.67221 0.60235
0.40766 0.65965 0.31594
0.55553 0.60468 0.55831
0.59285 0.62914 0.43523
0.44571 0.49092 0.47397
0.52326 0.58212 0.40123
0.45033 0.53155 0.37219
0.62040 0.65427 0.34524
0.54454 0.57715 0.44046
0.49214 0.56877 0.50058
0.59085 0.62394 0.51218
0.44665 0.53635 0.38877
0.39374 0.57651 0.42082
0.46631 0.65979 0.44786
0.48902 0.68183 0.52702
0.50886 0.67215 0.30146
0.46346 0.63059 0.39701
0.47918 0.66600 0.36084
0.47376 0.62516 0.34991
0.43035 0.60361 0.44196
0.45563 0.55370 0.47842
0.53108 0.69433 0.36761
0.54537 0.61354 0.55004
0.43147 0.51736 0.34451
0.41803 0.55046 0.39353
0.48395 0.50797 0.43050
0.62688 0.65155 0.39359
0.42531 0.64853 0.30548
0.54271 0.56401 0.58902
0.41134 0.61144 0.42663
0.39805 0.57914 0.38437
0.40917 0.60252 0.40350
0.53667 0.59990 0.33306
0.49295 0.59607 0.53392
0.54568 0.53326 0.40985
0.41604 0.58533 0.38961
0.49846 0.62391 0.50969
0.41997 0.51394 0.41071
0.48641 0.61094 0.33506
0.46957 0.65250 0.27009
0.51056 0.53429 0.39766
0.50569 0.56294 0.40794
0.52171 0.60368 0.41284
0.48881 0.62720 0.36152
0.48790 0.55828 0.36858
0.44611 0.64841 0.31043
0.50024 0.61379 0.28357
0.51469 0.63141 0.41410
0.56983 0.58197 0.40849
0.50863 0.52298 0.43496
0.47849 0.56382 0.40260
0.44892 0.72061 0.34218
0.43967 0.64719 0.35164
0.52752 0.64791 0.40025
0.48889 0.61981 0.32326
0.45225 0.57456 0.37349
0.43723 0.62799 0.37359
0.42385 0.51178 0.40412
0.45415 0.57820 0.48434
0.47426 0.60949 0.33733
0.42385 0.60405 0.40513
0.36372 0.52625 0.46784
0.47660 0.52946 0.44648
0.34629 0.56161 0.44757
0.45158 0.59115 0.45821
0.56333 0.63790 0.34466
0.41872 0.62769 0.36384
0.47710 0.66020 0.31570
0.48282 0.46103 0.34601
0.51094 0.57705 0.25706
0.44828 0.58564 0.37265
0.43823 0.61248 0.41239
0.55323 0.67420 0.42787
0.40794 0.64395 0.38179
0.47557 0.68868 0.27559
0.50280 0.63198 0.43695
0.43778 0.56199 0.46595
0.54406 0.60963 0.41359
0.48505 0.51375 0.36365
0.39009 0.50741 0.61076
0.52580 0.61924 0.48783
0.38885 0.53886 0.38346
0.54953 0.67129 0.41025
0.50419 0.58802 0.34554
0.51724 0.68978 0.41348
0.42726 0.52825 0.41425
0.47341 0.57620 0.41423
0.55152 0.59637 0.41405
0.49773 0.59879 0.39194
0.41412 0.47731 0.32928
0.51593 0.58526 0.37052
0.40718 0.57754 0.39159
0.44316 0.60188 0.52360
0.54059 0.66099 0.46047
0.40781 0.57053 0.37949
0.44342 0.54072 0.42507
0.56240 0.64832 0.32892
0.41061 0.53994 0.46890
0.58187 0.53458 0.43373
0.57839 0.63096 0.34783
0.52269 0.61537 0.29808
0.57732 0.63249 0.39106
0.41361 0.58385 0.51359
0.43610 0.68557 0.35193
0.55533 0.67944 0.35396
0.35908 0.61573 0.28550
0.54133 0.68478 0.36221
0.60702 0.64798 0.54823
0.38726 0.64436 0.33511
0.43785 0.59233 0.42830
0.58043 0.71926 0.39608
0.55554 0.56684 0.47254
0.49618 0.55347 0.35099
0.48756 0.59824 0.36272
0.40952 0.61070 0.44748
0.46937 0.60890 0.34966
0.46440 0.55874 0.44805
0.49198 0.56876 0.32518
0.51363 0.71553 0.53729
0.63196 0.66591 0.34315
0.38675 0.58989 0.38623
0.44336 0.51000 0.45850
0.50834 0.54852 0.47933
0.35636 0.51623 0.46677
0.50691 0.55011 0.52225
0.51992 0.62754 0.48740
0.46442 0.63199 0.38744
0.58037 0.59530 0.39229
