20 17 1000 30016 53
0.41662 0.01560 0.80975
0.52866 0.98021 0.41983
0.28374 0.88395 0.64517
0.15397 0.05447 0.98639
0.33365 0.42036 0.44157
0.34574 0.64608 0.19738
0.03045 0.10504 0.56616
0.70704 0.32120 0.99536
0.06048 0.99626 0.16739
0.73044 0.88308 0.28014
0.84287 0.45289 0.12916
0.26761 0.00461 0.71704
0.77362 0.36155 0.08362
0.73650 0.41561 0.72583
0.78940 0.15058 0.14734
0.24409 0.73729 0.76150
0.11407 0.66593 0.52893
0.43853 0.41339 0.56364
0.44857 0.30288 0.55523
0.31812 0.48646 0.47203
0.47758 0.50101 0.40628
0.28590 0.59805 0.47994
0.44935 0.38476 0.59912
0.38251 0.56363 0.38650
0.35672 0.57084 0.41040
0.51695 0.37484 0.44336
0.46540 0.53946 0.48175
0.42222 0.53850 0.59139
0.45027 0.46357 0.51224
0.42446 0.48436 0.52470
0.45381 0.47561 0.56425
0.36862 0.36708 0.50314
0.40482 0.52042 0.54113
0.43496 0.46273 0.48429
0.45142 0.31711 0.56850
0.34660 0.58417 0.39962
0.48443 0.58290 0.52937
0.39672 0.52979 0.43159
0.54133 0.41366 0.44440
0.45717 0.35207 0.59240
0.42809 0.54948 0.51301
0.48339 0.38362 0.56779
0.42750 0.62243 0.52929
0.49523 0.51235 0.50571
0.46771 0.58959 0.51823
0.43680 0.49080 0.55879
0.43092 0.61209 0.40133
0.46212 0.43625 0.46101
0.50733 0.40914 0.41594
0.41253 0.49684 0.48957
0.36012 0.46734 0.55029
0.35748 0.54287 0.54529
0.41002 0.55316 0.57282
0.42497 0.56742 0.46632
0.41926 0.46595 0.57065
0.43438 0.45089 0.41944
0.41090 0.38114 0.54714
0.42759 0.77387 0.35362
0.44516 0.44028 0.41425
0.46613 0.46580 0.46158
0.46278 0.35466 0.52715
0.34850 0.55716 0.47508
0.33160 0.45275 0.54561
0.46435 0.34296 0.53616
0.40624 0.63586 0.45928
0.43224 0.36042 0.52550
0.51220 0.61261 0.51767
0.48540 0.51244 0.48276
0.47701 0.42736 0.41957
0.43674 0.54212 0.50884
0.33852 0.58184 0.46364
0.44072 0.54205 0.47565
0.38481 0.42851 0.57510
0.41513 0.58270 0.52389
0.49640 0.48799 0.44142
0.40457 0.61445 0.42442
0.49715 0.55514 0.39856
0.43957 0.40647 0.54935
0.35572 0.54212 0.47749
0.39928 0.48242 0.60054
0.49900 0.45680 0.47961
0.45062 0.48442 0.39337
0.31862 0.61666 0.45233
0.39247 0.45718 0.49593
0.51064 0.42614 0.45508
0.34614 0.42605 0.51914
0.41117 0.33686 0.54716
0.41801 0.47219 0.45592
0.50863 0.43562 0.44500
0.46479 0.44137 0.59438
0.57660 0.46056 0.44089
0.47148 0.32196 0.61095
0.38736 0.36646 0.66074
0.43042 0.56613 0.38965
0.42119 0.42124 0.50259
0.35680 0.40256 0.62692
0.43682 0.46261 0.57506
0.37581 0.41070 0.51950
0.45014 0.61137 0.51984
0.39049 0.49399 0.43796
0.52871 0.55584 0.58408
0.39597 0.60405 0.48247
0.39613 0.49910 0.50516
0.51675 0.56153 0.47591
0.34168 0.53908 0.54460
0.44628 0.52937 0.46970
0.35832 0.46993 0.47842
0.42845 0.53246 0.49821
0.53103 0.50905 0.48283
0.50065 0.40813 0.61839
0.42116 0.42709 0.45599
0.26090 0.51515 0.47560
0.33432 0.58490 0.50567
0.54490 0.42332 0.62069
0.41299 0.44032 0.58799
0.39876 0.48836 0.50949
0.49090 0.42229 0.48463
0.56772 0.52432 0.38868
0.44373 0.51972 0.64945
0.43102 0.45321 0.48680
0.42656 0.37237 0.54737
0.38948 0.41643 0.57040
0.36686 0.59601 0.44974
0.38657 0.45139 0.47720
0.38725 0.53788 0.37170
0.48347 0.46398 0.57464
0.41036 0.56580 0.58224
0.36606 0.59824 0.41823
0.43306 0.61202 0.37338
0.51058 0.48792 0.38676
0.45811 0.47199 0.44191
0.26585 0.37844 0.57215
0.47785 0.46703 0.59521
0.45579 0.39813 0.48399
0.44677 0.50658 0.51671
0.37490 0.32988 0.56660
0.55229 0.39739 0.36914
0.37217 0.58613 0.55259
0.46792 0.51622 0.53878
0.45850 0.33937 0.49750
0.32826 0.42299 0.54701
0.35185 0.44558 0.49939
0.37510 0.36550 0.51092
0.40012 0.40904 0.50409
0.60779 0.34538 0.37268
0.45388 0.52853 0.56439
0.35652 0.52964 0.45463
0.38531 0.38714 0.58417
0.53043 0.44043 0.43192
0.33718 0.56102 0.41851
0.41157 0.44191 0.55323
0.47458 0.47904 0.50757
0.43665 0.44328 0.57178
0.44862 0.39981 0.59382
0.33151 0.47375 0.48932
0.39117 0.35129 0.60890
0.41428 0.47613 0.47259
0.42210 0.51744 0.55528
0.44919 0.51645 0.51520
0.37293 0.51218 0.49837
0.38066 0.42218 0.56224
0.43566 0.39229 0.57063
0.48952 0.54623 0.46893
0.48461 0.49733 0.54123
0.46830 0.48864 0.48703
0.48930 0.42298 0.57693
0.50208 0.63143 0.39285
0.52037 0.35241 0.67658
0.46268 0.49461 0.50203
0.40351 0.54127 0.39053
0.44855 0.50683 0.55863
0.34180 0.34447 0.56535
0.39962 0.35644 0.55563
0.45956 0.59806 0.39986
0.44229 0.54378 0.48489
0.37861 0.52337 0.54441
0.46759 0.41926 0.52154
0.30044 0.45727 0.63013
0.40078 0.37629 0.62862
0.57763 0.48430 0.37852
0.41235 0.48053 0.43695
0.45661 0.23327 0.54611
0.43726 0.51410 0.49976
0.40410 0.51116 0.55350
0.32359 0.57009 0.60946
0.39209 0.56795 0.49443
0.37701 0.45068 0.63208
0.54916 0.46035 0.59345
0.31601 0.45772 0.62779
0.46814 0.44327 0.62904
0.38528 0.41196 0.57656
0.41334 0.48094 0.57250
0.44698 0.47682 0.39228
0.39097 0.52106 0.50241
0.43207 0.64036 0.52154
0.38824 0.55209 0.51941
0.47032 0.50966 0.46139
0.45454 0.39398 0.48617
0.42218 0.45011 0.44783
0.45305 0.39802 0.60769
0.40958 0.57799 0.51081
0.47934 0.34587 0.41316
0.41461 0.38617 0.57668
0.39833 0.60310 0.61432
0.49387 0.45859 0.61242
0.36759 0.57573 0.49668
0.35521 0.50507 0.49548
0.46966 0.44823 0.46434
0.44502 0.64824 0.44348
0.51267 0.45025 0.50439
0.45688 0.42775 0.53972
0.44644 0.55745 0.51753
0.50018 0.54027 0.48426
0.57279 0.53285 0.38091
0.42961 0.35347 0.52126
0.50617 0.45379 0.48178
0.40579 0.50866 0.52785
0.39989 0.47900 0.54447
0.54996 0.43217 0.46480
0.40664 0.31428 0.64395
0.46647 0.61384 0.47985
0.45556 0.57436 0.54024
0.47380 0.46860 0.46611
0.31549 0.55657 0.49842
0.38363 0.48623 0.46093
0.44945 0.44872 0.49822
0.43787 0.42216 0.66322
0.43309 0.48589 0.45102
0.43447 0.44292 0.47590
0.44491 0.54500 0.43184
0.49984 0.46264 0.36619
0.47436 0.56652 0.40837
0.42109 0.40574 0.58686
0.54212 0.53947 0.44292
0.44960 0.43593 0.58241
0.33830 0.44623 0.59868
0.42156 0.47104 0.51087
0.30018 0.42645 0.64662
0.38129 0.56538 0.53729
0.42568 0.46946 0.45577
0.42735 0.35934 0.59462
0.42553 0.49126 0.48842
0.56017 0.35542 0.68873
0.44785 0.49572 0.52555
0.32073 0.42600 0.54941
0.47083 0.54064 0.37165
0.47098 0.52503 0.44346
0.47779 0.33474 0.73414
0.50485 0.39485 0.50467
0.41193 0.45201 0.55325
0.47251 0.49401 0.45949
0.36245 0.52414 0.49860
0.33760 0.46267 0.54084
0.45822 0.57823 0.45786
0.52403 0.40299 0.36442
0.37373 0.59990 0.43994
0.35462 0.46602 0.44068
0.40172 0.44286 0.52476
0.57923 0.46001 0.42103
0.48685 0.45974 0.45300
0.43611 0.46908 0.43128
0.47579 0.56965 0.44053
0.48307 0.49742 0.52245
0.39595 0.42604 0.54172
0.41145 0.33497 0.51479
0.52631 0.39806 0.57050
0.49521 0.59182 0.39739
0.40870 0.52301 0.35270
0.46446 0.42257 0.53058
0.38186 0.58759 0.46043
0.46366 0.41653 0.52472
0.49512 0.48520 0.57919
0.47626 0.52052 0.43569
0.40544 0.61910 0.44603
0.42147 0.56121 0.51917
0.53191 0.44509 0.62313
0.42291 0.47494 0.42893
0.38963 0.48819 0.51569
0.43379 0.53619 0.54840
0.51834 0.48754 0.42971
0.37467 0.53505 0.48148
0.45311 0.43760 0.60574
0.57917 0.41672 0.42448
0.48229 0.44037 0.38098
0.44616 0.45973 0.53825
0.41822 0.25752 0.57356
0.40294 0.57062 0.48168
0.46326 0.56525 0.51702
0.41724 0.51585 0.53129
0.45652 0.33297 0.53013
0.36128 0.46049 0.49364
0.45260 0.41813 0.48438
0.52423 0.46417 0.56105
0.38772 0.33675 0.67773
0.54528 0.48895 0.58177
0.36641 0.36023 0.55628
0.49237 0.53344 0.53880
0.40342 0.53368 0.42143
0.45408 0.47538 0.52956
0.33501 0.57781 0.47348
0.55987 0.48868 0.47019
0.41053 0.36797 0.58952
0.40317 0.67883 0.52746
0.40971 0.53014 0.46401
0.40720 0.61797 0.49252
0.42959 0.49477 0.52933
0.44256 0.48219 0.44766
0.48774 0.57506 0.48257
0.42580 0.54373 0.53763
0.39356 0.37517 0.53934
0.44938 0.35197 0.66915
0.38522 0.49276 0.52129
0.34539 0.42214 0.48936
0.43539 0.47720 0.53301
0.37683 0.54061 0.56701
0.39110 0.36662 0.55891
0.44178 0.47219 0.51071
0.49978 0.39772 0.44714
0.39887 0.62398 0.44712
0.42482 0.33682 0.51385
0.27999 0.52831 0.44356
0.37183 0.55289 0.42138
0.51580 0.52070 0.43405
0.48006 0.33430 0.50464
0.48394 0.43976 0.59004
0.47087 0.60226 0.36279
0.42108 0.44316 0.49500
0.41943 0.46144 0.44719
0.49154 0.34824 0.42212
0.41146 0.44573 0.45206
0.48895 0.45794 0.46249
0.30516 0.50172 0.51668
0.34771 0.47825 0.51068
0.40815 0.55378 0.47344
0.40873 0.48259 0.50113
0.47679 0.38121 0.55508
0.39727 0.46944 0.50065
0.54404 0.48730 0.52327
0.42544 0.51267 0.46005
0.40271 0.56501 0.55089
0.43546 0.52050 0.49762
0.39093 0.34864 0.59885
0.32264 0.39420 0.51381
0.42439 0.60451 0.47508
0.39312 0.38301 0.48567
0.45206 0.50549 0.52466
0.40016 0.43069 0.49538
0.47566 0.51072 0.62750
0.27787 0.38217 0.64353
0.43820 0.44319 0.51920
0.45328 0.48471 0.57743
0.44844 0.44630 0.48165
0.34752 0.44069 0.61570
0.34414 0.53796 0.50861
0.37680 0.42022 0.49470
0.47114 0.48925 0.49637
0.39639 0.55165 0.49545
0.43483 0.47503 0.59829
0.39329 0.36413 0.59522
0.45778 0.39138 0.47179
0.41437 0.52739 0.43855
0.38386 0.40945 0.59276
0.38705 0.40449 0.55331
0.56308 0.45022 0.45963
0.43499 0.41258 0.52973
0.35903 0.52618 0.44026
0.38157 0.45686 0.49169
0.42992 0.54798 0.44616
0.39199 0.50177 0.48345
0.43004 0.37180 0.45804
0.33837 0.46709 0.46306
0.37188 0.54754 0.50621
0.50416 0.40864 0.50431
0.49460 0.45386 0.38667
0.44325 0.44618 0.65759
0.40654 0.43658 0.52605
0.28157 0.52321 0.55562
0.43654 0.48310 0.53845
0.39722 0.38432 0.53062
0.48222 0.51599 0.59016
0.38385 0.48664 0.50078
0.38482 0.43757 0.52429
0.42681 0.52683 0.40900
0.49087 0.46216 0.50362
0.39581 0.38397 0.61473
0.53136 0.36266 0.43635
0.45605 0.36978 0.48502
0.51437 0.41038 0.55631
0.43752 0.38271 0.48889
0.40568 0.44977 0.50600
0.37500 0.56870 0.40010
0.42266 0.34545 0.54274
0.41473 0.55424 0.49863
0.43304 0.45285 0.42605
0.39474 0.56453 0.43289
0.40524 0.43214 0.54910
0.40160 0.56303 0.52429
0.46409 0.44595 0.45315
0.43614 0.51310 0.45223
0.34849 0.42980 0.41388
0.53067 0.55056 0.48492
0.42709 0.47435 0.55965
0.40550 0.54798 0.52223
0.43647 0.44865 0.47706
0.38807 0.55369 0.41703
0.32049 0.49912 0.53965
0.40633 0.48282 0.52223
0.55590 0.48595 0.34741
0.42679 0.47810 0.43835
0.40157 0.55704 0.51878
0.30113 0.49238 0.49201
0.40668 0.49242 0.53253
0.45931 0.41847 0.40936
0.40118 0.52071 0.42401
0.34584 0.52408 0.53579
0.48019 0.54004 0.42896
0.44986 0.47216 0.45247
0.45044 0.52744 0.44940
0.39397 0.46738 0.46629
0.45462 0.48935 0.45523
0.40851 0.48552 0.53272
0.39794 0.43649 0.59506
0.55240 0.54376 0.44177
0.49163 0.41101 0.44967
0.35316 0.69779 0.38422
0.44124 0.40264 0.56566
0.44538 0.56354 0.48106
0.38661 0.43923 0.44038
0.39878 0.48913 0.48264
0.52929 0.46485 0.47925
0.34440 0.52943 0.41506
0.41538 0.37142 0.54027
0.42246 0.55952 0.49496
0.45951 0.50167 0.47080
0.30167 0.35719 0.55050
0.40773 0.33370 0.56640
0.54556 0.61753 0.49901
0.30933 0.59866 0.42441
0.30806 0.63376 0.48227
0.43820 0.45488 0.43651
0.38724 0.50456 0.50920
0.45966 0.44716 0.41986
0.45185 0.53250 0.48176
0.39901 0.43354 0.67021
0.50499 0.48651 0.44985
0.43871 0.45884 0.43185
0.47753 0.35325 0.68616
0.38746 0.50857 0.55049
0.44458 0.55733 0.45792
0.57116 0.39114 0.45245
0.36560 0.50021 0.48227
0.46117 0.43443 0.61272
0.46641 0.53471 0.51721
0.44112 0.46216 0.50892
0.35376 0.52069 0.56121
0.43006 0.51937 0.55110
0.33406 0.47628 0.64015
0.49016 0.42672 0.51606
0.36197 0.59152 0.56414
0.37458 0.40260 0.56948
0.34736 0.54398 0.43567
0.50601 0.54779 0.44990
0.32769 0.51083 0.46529
0.43266 0.37801 0.44362
0.44378 0.52401 0.56456
0.41900 0.53738 0.46855
0.38714 0.54487 0.51685
0.55060 0.41797 0.47198
0.53291 0.45137 0.59044
0.51843 0.38146 0.38466
0.41413 0.51929 0.52891
0.46248 0.44601 0.49985
0.53475 0.48287 0.45179
0.49758 0.44985 0.55356
0.47583 0.59478 0.48579
0.31750 0.53143 0.40754
0.53280 0.47681 0.42357
0.46639 0.46847 0.53452
0.43149 0.47256 0.54782
0.36242 0.43705 0.50443
0.43596 0.51224 0.55515
0.46724 0.54904 0.39882
0.49474 0.35647 0.41839
0.42189 0.53562 0.42343
0.35975 0.54207 0.50491
0.36138 0.41735 0.54472
0.41750 0.36741 0.59238
0.42147 0.48523 0.47579
0.32864 0.44764 0.57213
0.34871 0.41348 0.54702
0.39949 0.37366 0.65438
0.44489 0.53156 0.40772
0.49998 0.41326 0.50581
0.37839 0.34683 0.61301
0.37961 0.53229 0.52339
0.37572 0.46486 0.48502
0.34437 0.46575 0.56180
0.37537 0.41814 0.54160
0.33960 0.48788 0.63289
0.40353 0.53658 0.42857
0.43359 0.49343 0.49551
0.40001 0.52522 0.56520
0.42488 0.47033 0.55308
0.42478 0.48084 0.49029
0.40768 0.26082 0.56172
0.52803 0.41691 0.74561
0.47855 0.37942 0.62334
0.39594 0.37724 0.56439
0.45348 0.32221 0.63954
0.47012 0.42109 0.40933
0.54967 0.40957 0.51969
0.47455 0.42141 0.55751
0.42013 0.51324 0.51216
0.38479 0.42461 0.57807
0.47789 0.29498 0.55651
0.39352 0.59917 0.41288
0.49809 0.41944 0.42256
0.37124 0.47482 0.50097
0.32249 0.55132 0.44225
0.39159 0.50223 0.47992
0.45373 0.45688 0.50039
0.45082 0.39896 0.50729
0.44748 0.48700 0.51079
0.56328 0.51246 0.49245
0.46375 0.50211 0.51795
0.43911 0.42134 0.56154
0.28767 0.66810 0.44347
0.44054 0.49840 0.46547
0.34803 0.52593 0.65975
0.54356 0.48923 0.52386
0.26544 0.58325 0.54578
0.34937 0.54255 0.48113
0.52603 0.55259 0.44554
0.45846 0.40223 0.58940
0.36318 0.59843 0.47176
0.39936 0.43738 0.54454
0.53674 0.40114 0.42868
0.49006 0.48449 0.48010
0.44363 0.45804 0.48373
0.36587 0.48820 0.49668
0.43257 0.43399 0.53026
0.31804 0.26981 0.56147
0.36901 0.49112 0.48382
0.44290 0.60491 0.47129
0.39809 0.45171 0.63447
0.45740 0.67543 0.33709
0.42338 0.37058 0.58977
0.39616 0.54422 0.57400
0.53328 0.49901 0.54600
0.43992 0.57652 0.49794
0.28204 0.49060 0.51467
0.41414 0.36504 0.54973
0.48634 0.46104 0.48004
0.39529 0.52647 0.49781
0.37395 0.53265 0.57892
0.51436 0.47922 0.57828
0.44415 0.58410 0.47708
0.50879 0.30395 0.45024
0.55073 0.52179 0.36117
0.32845 0.67977 0.40112
0.44248 0.44149 0.51192
0.45017 0.46172 0.63946
0.39336 0.57203 0.44647
0.48389 0.50348 0.54531
0.39017 0.41811 0.54522
0.34422 0.41851 0.57726
0.45288 0.49601 0.43834
0.37173 0.44136 0.55616
0.35561 0.45059 0.61012
0.48341 0.50938 0.58280
0.43943 0.42682 0.47175
0.37796 0.49181 0.46152
0.52870 0.49572 0.44060
0.39202 0.44063 0.57108
0.42746 0.46751 0.48223
0.43049 0.53017 0.57782
0.26624 0.44694 0.61568
0.34666 0.50035 0.50879
0.50255 0.49471 0.39938
0.45967 0.57527 0.46522
0.34211 0.57844 0.47254
0.28045 0.50205 0.52289
0.50990 0.55039 0.31141
0.34329 0.47266 0.47035
0.36669 0.55605 0.48051
0.54424 0.41047 0.42528
0.48701 0.38792 0.51407
0.39229 0.43588 0.55906
0.37295 0.51512 0.52521
0.59747 0.52908 0.35876
0.45475 0.52427 0.45818
0.36023 0.40167 0.52883
0.33111 0.39362 0.56136
0.39568 0.64403 0.55191
0.43532 0.45771 0.40891
0.44630 0.57730 0.41168
0.35446 0.58438 0.48806
0.42997 0.53068 0.47695
0.56374 0.36824 0.49760
0.35873 0.39564 0.49647
0.43236 0.34173 0.54810
0.30891 0.39481 0.50256
0.46109 0.38582 0.57340
0.45847 0.49366 0.50209
0.46045 0.56636 0.46700
0.39884 0.45371 0.59999
0.51783 0.45486 0.43255
0.34578 0.49410 0.50229
0.42421 0.50660 0.51373
0.44021 0.59973 0.47408
0.45895 0.39294 0.53960
0.39880 0.42482 0.43851
0.47429 0.43879 0.46904
0.40330 0.44139 0.48628
0.33430 0.52485 0.45543
0.41136 0.45316 0.54685
0.35520 0.58515 0.47083
0.47807 0.46123 0.36299
0.43356 0.42833 0.58642
0.47619 0.40793 0.48460
0.50585 0.35694 0.59184
0.45232 0.51302 0.50457
0.38140 0.60951 0.45313
0.45697 0.44815 0.51731
0.35320 0.57416 0.41320
0.50500 0.45189 0.54600
0.42238 0.59830 0.51943
0.48041 0.50540 0.54942
0.46358 0.59744 0.50142
0.42592 0.35924 0.60016
0.47813 0.45796 0.54140
0.39146 0.37946 0.63315
0.45041 0.53753 0.55649
0.44864 0.46134 0.51718
0.46446 0.35716 0.52718
0.43824 0.56684 0.37303
0.32565 0.49646 0.53509
0.39194 0.56284 0.36049
0.55368 0.44890 0.40340
0.46844 0.56034 0.54263
0.49289 0.39310 0.58133
0.43142 0.49221 0.40255
0.39822 0.43226 0.51687
0.34806 0.40424 0.61368
0.42455 0.59186 0.59103
0.48211 0.52325 0.48859
0.45558 0.42348 0.45118
0.45750 0.61549 0.51140
0.36376 0.51146 0.51763
0.48712 0.39393 0.53478
0.49200 0.51672 0.51468
0.46676 0.36924 0.57977
0.38780 0.45086 0.60087
0.55142 0.49443 0.49968
0.45891 0.33680 0.51914
0.46689 0.42566 0.40191
0.49103 0.57120 0.32328
0.36540 0.46775 0.58330
0.42006 0.53271 0.47191
0.47893 0.61871 0.45246
0.56719 0.56014 0.43770
0.37641 0.46724 0.56073
0.53047 0.46008 0.53828
0.40845 0.55801 0.56081
0.38650 0.48706 0.49506
0.46916 0.35463 0.46789
0.51949 0.49365 0.52066
0.48890 0.46262 0.47295
0.43075 0.49799 0.45260
0.40147 0.50586 0.49997
0.40758 0.48822 0.49900
0.30489 0.37805 0.49207
0.39181 0.65921 0.55899
0.48387 0.58210 0.50512
0.48992 0.41622 0.39455
0.45848 0.38116 0.53700
0.55547 0.38440 0.47576
0.39433 0.51190 0.49768
0.44650 0.49395 0.49430
0.44740 0.57621 0.52312
0.39986 0.39769 0.46878
0.55374 0.42193 0.45911
0.47393 0.54134 0.55453
0.40474 0.41518 0.50482
0.31780 0.48060 0.45904
0.34021 0.57483 0.52850
0.32637 0.63967 0.35604
0.56920 0.35563 0.55028
0.42723 0.47356 0.36670
0.43982 0.59405 0.57994
0.46479 0.42509 0.64154
0.38037 0.40049 0.56978
0.42674 0.47414 0.46458
0.48834 0.60911 0.46169
0.43265 0.55850 0.50295
0.55062 0.45141 0.45793
0.45694 0.39273 0.51658
0.39976 0.45850 0.52517
0.36475 0.51286 0.46557
0.42207 0.38533 0.56408
0.40072 0.38805 0.49639
0.52557 0.46255 0.35927
0.39768 0.40456 0.69257
0.50088 0.36423 0.54507
0.43549 0.47649 0.53099
0.49007 0.35570 0.41009
0.43785 0.49611 0.46172
0.37283 0.56688 0.44341
0.43997 0.51334 0.45496
0.49064 0.39624 0.43704
0.48024 0.39183 0.51368
0.45471 0.42315 0.55214
0.43177 0.41270 0.48872
0.46938 0.37098 0.43483
0.40754 0.44349 0.50701
0.35427 0.36425 0.55126
0.41602 0.56022 0.49412
0.36651 0.46026 0.55791
0.33148 0.43549 0.59069
0.41510 0.42654 0.61051
0.33740 0.41686 0.49456
0.55252 0.51374 0.42163
0.35634 0.52315 0.41403
0.47881 0.43342 0.43577
0.34690 0.56482 0.49203
0.48208 0.36173 0.54830
0.38611 0.46931 0.54291
0.40502 0.44063 0.54156
0.46716 0.42542 0.68746
0.45223 0.35577 0.49710
0.41110 0.32290 0.60529
0.39419 0.51803 0.47277
0.34548 0.49668 0.54200
0.39557 0.61978 0.49186
0.39552 0.65194 0.45337
0.29934 0.58347 0.46185
0.31414 0.53194 0.52443
0.34026 0.48353 0.47603
0.49117 0.43498 0.53217
0.52784 0.48525 0.41377
0.32618 0.35976 0.57208
0.41624 0.52520 0.50088
0.50292 0.45434 0.58806
0.48912 0.59683 0.37078
0.41747 0.43938 0.53316
0.46601 0.45668 0.44354
0.40559 0.51817 0.45003
0.55150 0.45793 0.42937
0.40923 0.54959 0.46030
0.37353 0.43081 0.56630
0.42405 0.53245 0.56527
0.37986 0.59859 0.44784
0.29337 0.63675 0.42238
0.43150 0.58905 0.52708
0.47240 0.38863 0.61901
0.35912 0.48601 0.48528
0.42769 0.52453 0.43375
0.52551 0.49134 0.39418
0.44402 0.47342 0.45880
0.49043 0.44952 0.54435
0.46239 0.52684 0.52651
0.37848 0.42488 0.50455
0.35136 0.55217 0.52691
0.46245 0.46256 0.39144
0.40877 0.50088 0.51886
0.42583 0.52993 0.48026
0.43546 0.45020 0.59642
0.51259 0.46611 0.41342
0.40204 0.37830 0.52142
0.45823 0.40777 0.63576
0.49108 0.53304 0.61397
0.44703 0.47229 0.58192
0.52653 0.54117 0.40709
0.46912 0.44064 0.55012
0.53360 0.38561 0.47350
0.37937 0.38881 0.53164
0.44639 0.40863 0.52279
0.39983 0.33597 0.61416
0.35683 0.43370 0.57282
0.48923 0.50732 0.37003
0.43367 0.39439 0.41418
0.51835 0.38374 0.54365
0.32686 0.50564 0.54491
0.36935 0.44264 0.50061
0.45567 0.63474 0.46504
0.37632 0.49409 0.57511
0.44230 0.45401 0.57817
0.39443 0.43081 0.47058
0.37962 0.38839 0.67448
0.41875 0.50749 0.58030
0.46539 0.47948 0.68954
0.44106 0.60015 0.49891
0.44045 0.44625 0.45140
0.39811 0.43404 0.64496
0.32058 0.59244 0.42920
0.41874 0.46784 0.51417
0.42781 0.49414 0.37270
0.43889 0.33640 0.61020
0.45442 0.36819 0.48869
0.42877 0.37355 0.59730
0.50224 0.49778 0.56255
0.47466 0.43636 0.53150
0.51138 0.44819 0.49596
0.40234 0.46411 0.51639
0.37232 0.47423 0.54464
0.33220 0.57433 0.45358
0.48469 0.41841 0.48513
0.43087 0.63893 0.40961
0.52876 0.64388 0.45103
0.40523 0.42991 0.55200
0.41438 0.47567 0.48022
0.54305 0.35609 0.42262
0.46163 0.41636 0.48547
0.41976 0.49001 0.51329
0.48262 0.56768 0.42270
0.47303 0.41232 0.52277
0.43494 0.41965 0.58588
0.40197 0.48051 0.56320
0.35633 0.59620 0.55322
0.43079 0.38506 0.65653
0.44731 0.43556 0.43053
0.37833 0.40823 0.58500
0.50142 0.27507 0.55498
0.50496 0.43753 0.57234
0.46267 0.51661 0.50718
0.47194 0.49341 0.51547
0.40485 0.36884 0.54002
0.40950 0.51232 0.46353
0.48467 0.40634 0.52301
0.54016 0.46145 0.38896
0.36874 0.39462 0.52511
0.43013 0.54767 0.46007
0.35497 0.51906 0.54739
0.48587 0.31802 0.50839
0.51973 0.49396 0.55756
0.45576 0.39351 0.51403
0.35453 0.61126 0.56412
0.39899 0.43673 0.46481
0.36276 0.50453 0.53655
0.55543 0.51572 0.54624
0.44201 0.42718 0.56120
0.25118 0.53043 0.46738
0.42262 0.43264 0.49001
0.40007 0.39267 0.54632
0.48930 0.52107 0.63431
0.59047 0.45989 0.36246
0.32808 0.68383 0.35651
0.51341 0.45546 0.48096
0.55142 0.44112 0.38967
0.48667 0.52330 0.57089
0.34980 0.56475 0.38696
0.51348 0.62201 0.54075
0.55902 0.41323 0.44374
0.37414 0.40758 0.57695
0.52712 0.51324 0.47112
0.49718 0.61284 0.43420
0.52080 0.50487 0.32962
0.34710 0.46047 0.56648
0.33441 0.53335 0.61867
0.45418 0.58746 0.51063
0.46901 0.48944 0.53091
0.44478 0.58292 0.48429
0.51851 0.43441 0.41713
0.40701 0.46015 0.53031
0.52892 0.59123 0.44619
0.36702 0.48956 0.48802
0.43315 0.30357 0.59536
0.39608 0.41754 0.47366
0.41680 0.42359 0.65801
0.45840 0.56821 0.45858
0.38537 0.51757 0.49840
0.43092 0.45875 0.57259
0.40408 0.49310 0.53880
0.23720 0.50701 0.53618
0.52080 0.45939 0.66929
0.44491 0.47576 0.43167
0.51057 0.47293 0.52344
0.45516 0.58985 0.48349
0.52788 0.48876 0.49443
0.56692 0.56744 0.41644
0.52944 0.52465 0.42584
0.38442 0.39858 0.47422
0.46051 0.53779 0.47553
0.44989 0.66077 0.39971
0.36200 0.47159 0.46623
0.32578 0.39523 0.55387
0.45065 0.65740 0.47521
0.50971 0.51769 0.54328
0.46783 0.53769 0.45815
0.40682 0.54074 0.47654
0.40834 0.43863 0.66281
0.40473 0.46660 0.53586
0.43518 0.59776 0.49141
0.41880 0.31366 0.57891
0.50480 0.47516 0.55409
0.34710 0.54001 0.51454
0.42204 0.48778 0.59367
0.49414 0.52877 0.56616
0.42693 0.48683 0.49515
0.31617 0.59167 0.49228
0.34645 0.57678 0.39588
0.49641 0.47139 0.45693
0.53782 0.44085 0.47704
0.40471 0.55185 0.57293
0.43015 0.62164 0.46720
0.51461 0.36186 0.44934
0.46519 0.45042 0.47828
0.37354 0.40141 0.55127
0.49455 0.45684 0.56355
0.51131 0.52174 0.60119
0.35246 0.40831 0.59590
0.28560 0.47009 0.61236
0.42248 0.33917 0.53541
0.40479 0.41782 0.50669
0.44105 0.42713 0.49397
0.52006 0.44619 0.42150
0.32242 0.38464 0.60217
0.37732 0.62229 0.48837
0.50446 0.56744 0.41435
0.46879 0.40851 0.54199
0.43646 0.50864 0.53078
0.42784 0.51840 0.52691
0.49964 0.50591 0.49281
0.47102 0.43793 0.56862
0.47415 0.58697 0.45924
0.42679 0.50008 0.58293
0.48686 0.52191 0.50626
0.39417 0.50418 0.40837
0.50313 0.40300 0.57504
0.31061 0.45531 0.60216
0.46985 0.49257 0.42797
0.36276 0.54138 0.44600
0.48953 0.33376 0.45631
0.38914 0.67464 0.43866
0.40977 0.52731 0.60986
0.48732 0.51109 0.44794
0.52262 0.47604 0.59467
0.45152 0.43713 0.49728
0.45753 0.42039 0.48456
0.59502 0.49923 0.54078
0.34757 0.52852 0.49901
0.37095 0.36877 0.61892
0.38941 0.31928 0.54940
0.42176 0.51754 0.45877
0.37499 0.52548 0.59838
0.39983 0.40487 0.61065
0.45551 0.51570 0.54687
0.39542 0.39780 0.53099
0.31427 0.60950 0.51720
0.39738 0.45010 0.47852
0.51469 0.57373 0.48241
0.37497 0.46998 0.50740
0.47261 0.53342 0.35681
0.45391 0.55730 0.43772
0.44797 0.41488 0.62155
0.53107 0.37089 0.55195
0.48435 0.41970 0.47919
0.38919 0.48068 0.56553
0.42083 0.34690 0.59625
0.43419 0.56343 0.50329
0.42529 0.43461 0.59575
0.33779 0.56785 0.54476
0.45403 0.38164 0.56480
0.42037 0.50608 0.50378
0.49255 0.48366 0.39773
0.59768 0.41925 0.49076
0.37547 0.45462 0.51274
0.37221 0.41801 0.59640
0.34673 0.52241 0.53922
0.37202 0.37037 0.54130
0.36182 0.44974 0.56028
0.39371 0.43775 0.44497
0.38877 0.33108 0.50682
0.45750 0.38679 0.61126
0.45537 0.55635 0.48695
0.43374 0.52890 0.48472
0.41676 0.34458 0.56770
0.56681 0.56847 0.46337
0.44636 0.40469 0.47738
0.30321 0.51522 0.61343
0.35049 0.56949 0.43368
0.52783 0.42533 0.44210
0.44285 0.42172 0.56938
0.27851 0.40867 0.59631
0.46538 0.50176 0.45217
0.42334 0.38786 0.46270
0.52444 0.41111 0.57425
0.35921 0.68761 0.51661
0.37376 0.30160 0.63270
0.58909 0.44799 0.37209
0.40366 0.47871 0.56746
0.55618 0.47730 0.30622
0.35652 0.42901 0.58384
0.46207 0.58650 0.48950
0.39193 0.46852 0.53109
0.53882 0.53601 0.46306
0.64599 0.36448 0.33635
0.48297 0.31835 0.57456
0.37906 0.43889 0.50905
0.38816 0.34890 0.47719
0.32633 0.45465 0.50089
0.32352 0.29358 0.63722
0.49405 0.52767 0.44680
0.47402 0.42293 0.48427
0.39381 0.50223 0.54027
0.40575 0.53933 0.55974
0.47433 0.41946 0.61288
0.50642 0.50022 0.47076
0.42037 0.33038 0.60156
0.35833 0.45028 0.48693
0.35828 0.33814 0.57760
0.27109 0.39517 0.45747
0.38882 0.33986 0.67307
0.53419 0.51444 0.37313
0.49725 0.49468 0.61000
0.41411 0.62170 0.49827
0.36721 0.39797 0.55074
