20 7 1000 61384 1571
0.26824 0.42328 0.10849
0.24285 0.01252 0.16253
0.35253 0.67091 0.40308
0.99592 0.83987 0.97300
0.03057 0.89080 0.48816
0.89685 0.84518 0.31318
0.73406 0.82394 0.15096
0.38037 0.48048 0.31215
0.46412 0.73767 0.32851
0.58004 0.66327 0.33457
0.64300 0.64613 0.46414
0.71959 0.76547 0.36216
0.40576 0.72430 0.50922
0.50811 0.81542 0.56870
0.56726 0.49514 0.26717
0.43608 0.57892 0.41915
0.51021 0.58691 0.42987
0.43181 0.56479 0.26367
0.52822 0.66801 0.37803
0.50749 0.70068 0.40450
0.63095 0.72866 0.38470
0.40871 0.67947 0.43148
0.43498 0.82625 0.38744
0.62788 0.66587 0.35367
0.17321 0.75296 0.44475
0.58936 0.61102 0.43635
0.54905 0.61578 0.36471
0.59557 0.70555 0.60048
0.37610 0.59400 0.28584
0.63617 0.72257 0.31502
0.46966 0.71166 0.53477
0.43593 0.72917 0.47398
0.42399 0.54981 0.29928
0.35338 0.67055 0.33320
0.46162 0.64638 0.33720
0.42506 0.51683 0.24156
0.70168 0.78885 0.41438
0.47011 0.51848 0.41681
0.41975 0.64634 0.29384
0.58566 0.69356 0.51039
0.62846 0.64196 0.50706
0.71310 0.77909 0.54608
0.45212 0.52462 0.26593
0.52016 0.72564 0.47186
0.47729 0.59154 0.41886
0.56274 0.72172 0.32487
0.45950 0.53097 0.28359
0.66842 0.68021 0.39573
0.26230 0.62937 0.38230
0.55317 0.63999 0.38942
0.63930 0.70294 0.45169
0.33373 0.70120 0.33278
0.54793 0.62378 0.30661
0.46594 0.58559 0.25921
0.52915 0.63412 0.24748
0.48683 0.75423 0.51290
0.62984 0.77803 0.48779
0.61070 0.77538 0.46367
0.52533 0.53332 0.50372
0.53047 0.70738 0.42541
0.71028 0.80767 0.45971
0.54890 0.78506 0.36167
0.41170 0.43419 0.27148
0.41679 0.66003 0.31885
0.65443 0.74383 0.50744
0.54328 0.59401 0.26615
0.34405 0.49223 0.18180
0.54365 0.78247 0.37869
0.50560 0.63330 0.33816
0.51056 0.67768 0.49422
0.47244 0.74654 0.45149
0.33556 0.56245 0.33479
0.49331 0.60582 0.29227
0.72228 0.68769 0.34640
0.49703 0.74912 0.35805
0.51055 0.74882 0.30132
0.63132 0.60963 0.39085
0.46878 0.52985 0.31169
0.67976 0.79110 0.52722
0.78872 0.76590 0.50868
0.48285 0.63120 0.35409
0.42064 0.50778 0.28670
0.40531 0.61323 0.28266
0.33350 0.70471 0.37188
0.40835 0.68207 0.46726
0.39854 0.60518 0.40906
0.36515 0.47380 0.26415
0.42796 0.48766 0.17176
0.44772 0.75949 0.35187
0.56431 0.61351 0.32384
0.64532 0.69964 0.45544
0.38926 0.72844 0.46815
0.45487 0.77695 0.36599
0.30796 0.52316 0.37573
0.41032 0.69248 0.42027
0.61211 0.67538 0.39484
0.43336 0.68781 0.37719
0.37668 0.57390 0.30598
0.62334 0.72381 0.40243
0.42472 0.63363 0.33556
0.42266 0.58446 0.30280
0.55226 0.52707 0.33625
0.48398 0.55908 0.22337
0.55974 0.72764 0.31723
0.60776 0.61484 0.32168
0.50422 0.69137 0.29292
0.33446 0.33340 0.26791
0.53746 0.68910 0.37970
0.44823 0.60612 0.19942
0.54446 0.80509 0.31303
0.54748 0.62678 0.25151
0.53382 0.56480 0.28133
0.69634 0.70755 0.25551
0.75598 0.75723 0.33586
0.64862 0.58004 0.26026
0.45644 0.49173 0.41935
0.43571 0.64269 0.38159
0.53763 0.59528 0.39393
0.47827 0.64491 0.42601
0.79947 0.78320 0.69898
0.49065 0.69647 0.51642
0.54822 0.64298 0.31780
0.48989 0.64815 0.31982
0.64257 0.77701 0.21079
0.43095 0.46370 0.25765
0.59567 0.78340 0.25194
0.62316 0.81976 0.44093
0.58912 0.78630 0.39702
0.70656 0.78350 0.56908
0.37518 0.51257 0.26823
0.68385 0.71408 0.39883
0.47139 0.66565 0.39878
0.29531 0.64209 0.33996
0.36568 0.52401 0.38415
0.33340 0.66614 0.35326
0.46458 0.68024 0.38015
0.50538 0.77297 0.36133
0.56174 0.60968 0.47905
0.43640 0.57579 0.31308
0.44313 0.45648 0.26131
0.57405 0.72114 0.31036
0.23623 0.74314 0.39300
0.69410 0.77444 0.53059
0.51243 0.73513 0.33488
0.54170 0.63048 0.32410
0.59093 0.64941 0.24460
0.47102 0.47909 0.27152
0.41430 0.58154 0.39425
0.82528 0.80924 0.60724
0.54250 0.72322 0.29182
0.59842 0.67694 0.34642
0.50723 0.60867 0.37610
0.37092 0.45438 0.26931
0.71864 0.73681 0.47749
0.52965 0.64738 0.36256
0.62959 0.74196 0.38123
0.27966 0.72954 0.36885
0.51871 0.68797 0.44810
0.42758 0.75172 0.50077
0.79870 0.79481 0.58387
0.44090 0.72973 0.38648
0.40901 0.82569 0.45314
0.64795 0.65756 0.31591
0.56707 0.64815 0.40220
0.43536 0.59306 0.35264
0.58372 0.76746 0.47250
0.35991 0.42827 0.24864
0.34220 0.48424 0.31549
0.54186 0.63689 0.33237
0.39151 0.55580 0.22030
0.49231 0.66416 0.35312
0.21690 0.72542 0.40795
0.63697 0.67162 0.32431
0.60456 0.71984 0.41890
0.42363 0.48148 0.29108
0.57505 0.77773 0.29705
0.37101 0.71622 0.50468
0.51415 0.63096 0.39895
0.45566 0.74645 0.47022
0.54886 0.51506 0.28874
0.46458 0.70078 0.33516
0.42931 0.72028 0.37062
0.54980 0.75562 0.31613
0.52033 0.59660 0.33239
0.71207 0.76758 0.71252
0.54532 0.57090 0.26387
0.54012 0.72633 0.37825
0.59882 0.67220 0.24006
0.64179 0.72078 0.44717
0.53244 0.62559 0.35113
0.58280 0.76572 0.40448
0.47043 0.50530 0.24884
0.61186 0.79706 0.35385
0.40092 0.58979 0.22621
0.61592 0.71866 0.35296
0.49243 0.66987 0.43896
0.79457 0.76284 0.67432
0.59179 0.74951 0.35761
0.40829 0.50972 0.36343
0.54604 0.63657 0.39828
0.63795 0.82249 0.43911
0.49264 0.78683 0.37015
0.50209 0.66227 0.26052
0.45953 0.65895 0.37095
0.57412 0.70000 0.31483
0.53567 0.71023 0.31649
0.64659 0.81372 0.57162
0.46939 0.64022 0.45310
0.64850 0.81774 0.60040
0.47501 0.60740 0.28605
0.46346 0.56349 0.36647
0.62836 0.66921 0.38362
0.36438 0.68365 0.47026
0.71207 0.72531 0.59911
0.44867 0.45273 0.22604
0.60893 0.57726 0.26960
0.50867 0.61251 0.37485
0.39402 0.60992 0.34828
0.35285 0.75073 0.42447
0.53339 0.49282 0.28895
0.33484 0.48457 0.33789
0.50070 0.53425 0.36741
0.59606 0.76411 0.52210
0.54508 0.71624 0.42338
0.72308 0.70048 0.47594
0.26162 0.54300 0.37277
0.75465 0.76637 0.73399
0.52386 0.65751 0.35749
0.73054 0.66408 0.64933
0.32696 0.56921 0.31543
0.59404 0.62549 0.36951
0.60268 0.55701 0.39210
0.61295 0.76718 0.39325
0.47113 0.67262 0.31235
0.37192 0.53539 0.29468
0.37342 0.39535 0.23933
0.53999 0.62477 0.32336
0.46444 0.58027 0.24511
0.45773 0.56929 0.47525
0.70490 0.70898 0.30297
0.21808 0.65422 0.37946
0.43439 0.70557 0.39860
0.63997 0.77095 0.38430
0.45367 0.72002 0.27336
0.44601 0.53820 0.36106
0.48393 0.46683 0.28131
0.53719 0.47130 0.30114
0.30782 0.66588 0.37592
0.54496 0.71182 0.38718
0.53008 0.49060 0.22493
0.38939 0.57532 0.22819
0.55427 0.65324 0.45549
0.42671 0.65955 0.41722
0.51467 0.61648 0.34798
0.45359 0.66062 0.26358
0.59588 0.73042 0.40322
0.70011 0.77144 0.33886
0.56199 0.69596 0.50206
0.63101 0.63006 0.34997
0.69310 0.76939 0.41261
0.61993 0.76267 0.35393
0.70919 0.72181 0.44500
0.39902 0.50156 0.43421
0.45495 0.50687 0.37739
0.42709 0.50845 0.32723
0.54006 0.69300 0.35651
0.39884 0.52847 0.25516
0.54334 0.67523 0.32079
0.47611 0.65696 0.44657
0.40517 0.75595 0.39081
0.53546 0.61226 0.41426
0.61879 0.74278 0.43345
0.47978 0.66772 0.32749
0.46992 0.59712 0.32990
0.41854 0.63487 0.31421
0.44266 0.60723 0.34405
0.57004 0.74003 0.38143
0.51548 0.60465 0.26355
0.39327 0.70440 0.44033
0.53356 0.66749 0.35959
0.39365 0.34341 0.30733
0.69414 0.65374 0.40650
0.48474 0.65185 0.27208
0.41992 0.59806 0.41050
0.48737 0.68061 0.38057
0.38543 0.53309 0.31661
0.43798 0.64106 0.36033
0.48370 0.64247 0.38139
0.50037 0.69468 0.50808
0.50588 0.68270 0.29021
0.45197 0.63756 0.33006
0.47717 0.65263 0.27509
0.51606 0.65992 0.35934
0.53766 0.73866 0.35718
0.47421 0.66409 0.50935
0.67629 0.72899 0.52217
0.62260 0.66359 0.31588
0.59311 0.72673 0.63031
0.45759 0.73480 0.51253
0.54724 0.68506 0.31145
0.39699 0.76666 0.31998
0.37853 0.64464 0.37727
0.53719 0.68240 0.52867
0.38445 0.49461 0.23398
0.61164 0.67743 0.40908
0.46631 0.51426 0.25286
0.67514 0.65769 0.66115
0.40786 0.51537 0.32260
0.41824 0.75184 0.35131
0.29970 0.66804 0.43167
0.62240 0.74026 0.24899
0.52708 0.64368 0.35660
0.40191 0.53422 0.20439
0.79551 0.79196 0.73198
0.40395 0.52588 0.27624
0.61427 0.73238 0.57354
0.34886 0.30029 0.22771
0.51232 0.58203 0.37780
0.40055 0.64310 0.32030
0.38887 0.41685 0.29297
0.47636 0.69533 0.39976
0.40724 0.59194 0.26286
0.81580 0.71951 0.71250
0.50692 0.61861 0.26645
0.59375 0.53599 0.26503
0.70476 0.71373 0.63066
0.49152 0.53541 0.44960
0.38995 0.52266 0.27768
0.65478 0.68736 0.29115
0.53391 0.71898 0.33528
0.48870 0.65861 0.35647
0.44362 0.60613 0.30082
0.71092 0.77949 0.55681
0.45642 0.68984 0.32794
0.65615 0.65587 0.29612
0.57491 0.65642 0.30336
0.46317 0.66532 0.31820
0.40604 0.49197 0.31168
0.32434 0.84129 0.55098
0.44748 0.67244 0.39587
0.53281 0.62305 0.36911
0.34981 0.55558 0.35165
0.40312 0.72297 0.34870
0.52273 0.58874 0.19898
0.38035 0.52705 0.24517
0.57944 0.53823 0.40862
0.53689 0.72295 0.39648
0.71718 0.78175 0.52557
0.35121 0.61940 0.36365
0.43276 0.55019 0.29894
0.29385 0.68533 0.33390
0.44487 0.37500 0.33813
0.67872 0.72259 0.47454
0.38798 0.69574 0.39989
0.52065 0.61842 0.29532
0.41765 0.70700 0.37218
0.32291 0.61492 0.38049
0.41869 0.59988 0.41432
0.45737 0.74484 0.39285
0.33014 0.66645 0.25900
0.31097 0.61256 0.28167
0.47123 0.49662 0.34714
0.60320 0.78273 0.39332
0.43320 0.59573 0.28277
0.49455 0.69189 0.32356
0.62590 0.68463 0.35204
0.77876 0.73229 0.38831
0.50772 0.81527 0.46897
0.40725 0.47428 0.19183
0.43740 0.37403 0.23753
0.48891 0.59027 0.28370
0.58054 0.77421 0.50568
0.45761 0.44369 0.21272
0.73464 0.74306 0.52855
0.38363 0.40594 0.18505
0.59647 0.67650 0.52595
0.65359 0.74298 0.42562
0.49992 0.67533 0.38112
0.70687 0.76169 0.40784
0.60078 0.72990 0.45855
0.39041 0.42964 0.30379
0.68856 0.74990 0.59824
0.39347 0.48796 0.22269
0.36787 0.54442 0.32060
0.47302 0.61722 0.44895
0.44640 0.82509 0.41881
0.48775 0.52067 0.36419
0.58894 0.70153 0.37597
0.46750 0.57204 0.36482
0.66551 0.63426 0.30672
0.41738 0.48447 0.30836
0.42969 0.54340 0.29303
0.57034 0.76390 0.35380
0.75054 0.77161 0.43807
0.43074 0.68632 0.27946
0.57246 0.66474 0.26062
0.50762 0.76679 0.37436
0.69710 0.82289 0.42164
0.55573 0.52171 0.47193
0.59162 0.68186 0.43331
0.48539 0.59037 0.20263
0.69514 0.66447 0.64672
0.42417 0.69921 0.38873
0.56439 0.63638 0.50513
0.46136 0.77132 0.44921
0.40905 0.73546 0.46566
0.29326 0.46569 0.24175
0.77092 0.75392 0.56862
0.34677 0.43958 0.27886
0.58232 0.62979 0.33428
0.65594 0.77540 0.35590
0.56737 0.75402 0.53570
0.64966 0.68217 0.51994
0.42932 0.74451 0.37998
0.53444 0.56726 0.29819
0.50980 0.59729 0.24881
0.47382 0.72149 0.26866
0.46324 0.70174 0.35645
0.41956 0.67009 0.31931
0.28464 0.47553 0.28073
0.43091 0.52547 0.21611
0.50192 0.65696 0.42123
0.34766 0.70804 0.36410
0.21908 0.67238 0.33424
0.33418 0.74748 0.40139
0.49366 0.59777 0.23673
0.60329 0.65065 0.33498
0.56827 0.71007 0.56907
0.48877 0.72773 0.41759
0.34041 0.45859 0.24740
0.49825 0.66352 0.34280
0.46776 0.71395 0.30957
0.61741 0.56879 0.32176
0.49970 0.75844 0.41269
0.47518 0.50290 0.33621
0.62718 0.72706 0.33752
0.33161 0.55919 0.30245
0.39081 0.48819 0.31921
0.32653 0.64796 0.32008
0.58895 0.64594 0.43649
0.56916 0.71502 0.49242
0.70421 0.73311 0.53016
0.67272 0.72522 0.51100
0.48522 0.47864 0.32035
0.26143 0.19237 0.19008
0.66249 0.75964 0.31116
0.27323 0.59242 0.32771
0.70174 0.63802 0.26155
0.61484 0.60553 0.53797
0.58996 0.55345 0.42886
0.47483 0.52589 0.33953
0.53569 0.63737 0.31546
0.42811 0.50122 0.22941
0.50007 0.47536 0.37160
0.53722 0.70939 0.24330
0.61874 0.56717 0.44456
0.51695 0.65290 0.35217
0.45893 0.53814 0.40402
0.58253 0.59880 0.49463
0.81917 0.79389 0.78279
0.29217 0.41007 0.24244
0.60287 0.62262 0.45189
0.59942 0.60362 0.42608
0.40691 0.50772 0.27456
0.27959 0.75748 0.46277
0.68703 0.61656 0.28535
0.24672 0.54625 0.32757
0.64334 0.69909 0.31609
0.49961 0.62342 0.37549
0.49549 0.66549 0.31725
0.41251 0.69442 0.36375
0.55164 0.61160 0.27873
0.62135 0.66674 0.44951
0.48329 0.66428 0.28981
0.63251 0.71885 0.33962
0.32163 0.66492 0.38275
0.54148 0.78904 0.54964
0.57190 0.73249 0.28568
0.48577 0.41286 0.35164
0.57637 0.52802 0.37764
0.35997 0.70229 0.30977
0.43326 0.45418 0.37131
0.71224 0.71374 0.32332
0.56861 0.65172 0.28810
0.64007 0.66160 0.64309
0.60876 0.72432 0.37758
0.62450 0.66082 0.27228
0.65996 0.71065 0.42070
0.37378 0.34134 0.24793
0.50677 0.66338 0.32250
0.38951 0.57852 0.38129
0.50351 0.71004 0.39740
0.47983 0.60091 0.23584
0.54695 0.70856 0.48941
0.35693 0.84141 0.57431
0.54975 0.72665 0.31688
0.25193 0.41932 0.29794
0.47601 0.60308 0.27505
0.74331 0.75489 0.61921
0.38374 0.51148 0.27628
0.41597 0.70648 0.35366
0.51161 0.76908 0.49957
0.28951 0.62196 0.37379
0.61467 0.66524 0.37962
0.55918 0.58629 0.44797
0.43601 0.62023 0.39667
0.60469 0.68671 0.30681
0.48795 0.70227 0.50118
0.34247 0.48582 0.19987
0.41781 0.53029 0.31879
0.43825 0.29658 0.31081
0.61037 0.70419 0.41885
0.47851 0.64682 0.28666
0.26247 0.72537 0.37279
0.79688 0.71190 0.72993
0.53542 0.56836 0.30748
0.61128 0.61498 0.51912
0.69073 0.65411 0.60722
0.35074 0.37226 0.27070
0.50727 0.70627 0.52711
0.49224 0.40757 0.32002
0.44705 0.64252 0.37006
0.60106 0.75951 0.37364
0.48033 0.49660 0.36813
0.53051 0.64983 0.37360
0.38626 0.69806 0.49183
0.47288 0.58513 0.25641
0.45052 0.48475 0.25204
0.31850 0.72961 0.33146
0.53359 0.68471 0.37505
0.27758 0.77214 0.41639
0.36173 0.56959 0.36077
0.47889 0.69904 0.32147
0.43258 0.62991 0.34153
0.58876 0.79528 0.34569
0.36329 0.39175 0.28513
0.48534 0.80620 0.37037
0.56681 0.62551 0.28817
0.35156 0.38298 0.26304
0.38566 0.44346 0.28666
0.66155 0.66361 0.59509
0.39289 0.77802 0.41942
0.40902 0.50870 0.22765
0.45830 0.71898 0.36356
0.67986 0.73371 0.41344
0.34531 0.55360 0.26792
0.59714 0.79054 0.46174
0.37512 0.58949 0.24434
0.35344 0.56244 0.30367
0.61505 0.74681 0.51780
0.67426 0.69549 0.33382
0.62647 0.72724 0.50555
0.48731 0.77650 0.47084
0.38056 0.55595 0.21220
0.43023 0.61341 0.43929
0.53308 0.81705 0.56172
0.75631 0.75287 0.58223
0.64258 0.73131 0.41068
0.55310 0.70928 0.33192
0.47863 0.72391 0.32563
0.44910 0.54704 0.24845
0.48021 0.67575 0.40241
0.56825 0.74707 0.21738
0.47251 0.76464 0.34734
0.65877 0.76524 0.19168
0.35883 0.49675 0.41059
0.47357 0.69887 0.33253
0.46335 0.67463 0.30732
0.49710 0.70020 0.31214
0.44016 0.77479 0.43051
0.55786 0.64726 0.34160
0.39177 0.58118 0.32611
0.15755 0.85251 0.47769
0.33947 0.52295 0.37656
0.41324 0.46092 0.25598
0.52145 0.60473 0.47631
0.55036 0.56689 0.38843
0.37251 0.38041 0.19917
0.42415 0.61960 0.29057
0.47239 0.72142 0.35453
0.53439 0.71380 0.36228
0.51476 0.77913 0.25134
0.42585 0.58125 0.28308
0.56794 0.60611 0.34804
0.48352 0.68663 0.42677
0.59906 0.64064 0.44504
0.54138 0.66126 0.51206
0.35688 0.62425 0.40582
0.42699 0.53103 0.23294
0.58236 0.64904 0.33855
0.49056 0.61093 0.32141
0.44057 0.73609 0.40759
0.43679 0.64012 0.26748
0.36447 0.75375 0.37715
0.33173 0.49748 0.28650
0.65975 0.72995 0.32063
0.36668 0.57168 0.29566
0.59393 0.64673 0.36585
0.51685 0.66622 0.34466
0.41623 0.47112 0.29132
0.29793 0.39070 0.25654
0.35562 0.50216 0.31350
0.46655 0.76181 0.41024
0.36323 0.39628 0.23925
0.57539 0.68557 0.28098
0.61153 0.59070 0.28330
0.58484 0.51872 0.29197
0.51093 0.68844 0.35654
0.56545 0.68530 0.55675
0.66149 0.74121 0.36856
0.28858 0.50793 0.31896
0.53578 0.56851 0.31483
0.73600 0.74433 0.56777
0.73635 0.77772 0.59819
0.40655 0.78975 0.45451
0.67874 0.71271 0.52665
0.65447 0.75660 0.52050
0.31332 0.53938 0.31149
0.42161 0.39866 0.30627
0.44294 0.55571 0.34663
0.68831 0.69270 0.49927
0.52230 0.80639 0.40855
0.39151 0.68258 0.48413
0.58138 0.65333 0.30772
0.52014 0.58743 0.36660
0.42296 0.57389 0.27497
0.72615 0.69666 0.52299
0.74011 0.74498 0.65887
0.41772 0.65053 0.43565
0.56657 0.65457 0.19526
0.69951 0.72610 0.41089
0.37098 0.70248 0.36571
0.63781 0.79786 0.39581
0.53614 0.60521 0.38462
0.40822 0.67076 0.41733
0.84458 0.77376 0.77112
0.49152 0.67103 0.39630
0.51034 0.68595 0.34423
0.46856 0.71755 0.38374
0.59799 0.72872 0.57687
0.51387 0.68735 0.51881
0.69623 0.76572 0.35489
0.53034 0.71290 0.36959
0.58275 0.67797 0.35045
0.35088 0.40655 0.23636
0.49451 0.75155 0.37404
0.46576 0.73226 0.42816
0.77552 0.72042 0.65512
0.53202 0.72363 0.47526
0.36183 0.61318 0.35890
0.62840 0.71009 0.48917
0.27750 0.55558 0.21128
0.42304 0.75342 0.40690
0.79945 0.77006 0.38666
0.46013 0.52652 0.28005
0.42250 0.55167 0.27827
0.59375 0.67585 0.51021
0.42086 0.58224 0.32525
0.36564 0.54655 0.30374
0.44572 0.70674 0.41180
0.40325 0.44578 0.26264
0.45046 0.57287 0.28878
0.63480 0.69319 0.29898
0.54086 0.60461 0.41975
0.63695 0.77088 0.52069
0.48811 0.48047 0.35990
0.32620 0.60776 0.26946
0.51206 0.72673 0.44346
0.47079 0.53936 0.31843
0.66541 0.79479 0.34278
0.45577 0.82164 0.42346
0.59931 0.66503 0.50142
0.74999 0.82280 0.64053
0.43856 0.48717 0.32217
0.53136 0.62599 0.40841
0.35902 0.42700 0.18606
0.26805 0.65283 0.38727
0.45455 0.59748 0.31423
0.28034 0.24373 0.20226
0.39383 0.80057 0.54738
0.62070 0.70146 0.26544
0.60671 0.68377 0.19189
0.31903 0.45075 0.32557
0.35285 0.78258 0.37568
0.65414 0.74242 0.36810
0.61365 0.72805 0.26925
0.54506 0.61388 0.28764
0.29382 0.29539 0.27479
0.49500 0.40365 0.32886
0.50583 0.62687 0.24263
0.43389 0.68510 0.28356
0.67932 0.70771 0.58388
0.28026 0.80575 0.39784
0.42231 0.46587 0.27474
0.59166 0.76722 0.28433
0.27608 0.58018 0.27718
0.50030 0.63423 0.19982
0.38426 0.72661 0.47079
0.46913 0.65860 0.26535
0.46261 0.57234 0.25602
0.67718 0.69779 0.36640
0.59250 0.70896 0.24539
0.55310 0.69423 0.40203
0.50916 0.66216 0.27654
0.54352 0.63264 0.37828
0.39664 0.55963 0.28936
0.43578 0.52088 0.22524
0.65991 0.77022 0.36159
0.45162 0.70232 0.34777
0.37507 0.68878 0.29385
0.51223 0.56506 0.33830
0.50970 0.64698 0.32493
0.54165 0.50768 0.31502
0.69453 0.67291 0.53435
0.46881 0.54280 0.40119
0.61223 0.67419 0.37355
0.52685 0.78281 0.38762
0.47572 0.54992 0.25068
0.43296 0.55271 0.31667
0.49204 0.52160 0.36725
0.63263 0.74190 0.40387
0.34220 0.58878 0.28029
0.49108 0.57165 0.41761
0.50115 0.66548 0.42177
0.42713 0.66810 0.34341
0.39580 0.62240 0.32305
0.45791 0.66491 0.28342
0.51334 0.62130 0.29676
0.36902 0.62179 0.26594
0.52671 0.62513 0.39112
0.53479 0.59062 0.20969
0.39756 0.67564 0.35060
0.70782 0.77923 0.26261
0.80326 0.80708 0.62452
0.45455 0.63200 0.38958
0.54661 0.76695 0.37561
0.54600 0.75499 0.51096
0.64687 0.73150 0.47443
0.59352 0.78363 0.49821
0.51013 0.67878 0.31602
0.65073 0.75612 0.46602
0.58207 0.55742 0.34131
0.58730 0.72173 0.30992
0.61415 0.71235 0.30639
0.66324 0.72053 0.37145
0.50472 0.67801 0.34628
0.59135 0.74949 0.46411
0.48685 0.71002 0.43291
0.43617 0.67283 0.33559
0.41240 0.69650 0.40045
0.37833 0.43666 0.28234
0.74418 0.77202 0.52938
0.48248 0.71587 0.40565
0.59832 0.68643 0.56800
0.34443 0.50887 0.28433
0.41907 0.57788 0.40093
0.46080 0.63890 0.26526
0.45748 0.54952 0.34468
0.43282 0.62004 0.30551
0.31860 0.65024 0.33631
0.50461 0.63921 0.28357
0.43284 0.76873 0.42076
0.37185 0.48464 0.34156
0.48863 0.49101 0.25871
0.63270 0.63782 0.37055
0.37719 0.63345 0.30159
0.63506 0.70998 0.37468
0.29500 0.38154 0.20935
0.67160 0.75314 0.68321
0.38916 0.47911 0.30640
0.38614 0.44941 0.24836
0.33284 0.40589 0.26212
0.51636 0.70753 0.47178
0.60439 0.57317 0.27702
0.58080 0.61617 0.44046
0.33520 0.54827 0.35469
0.47392 0.69678 0.40886
0.26462 0.62979 0.36673
0.56279 0.63018 0.46190
0.25299 0.47560 0.24122
0.50723 0.55441 0.18444
0.43470 0.65126 0.34209
0.61697 0.68371 0.54736
0.35506 0.39728 0.23674
0.76839 0.77244 0.38766
0.63269 0.66937 0.38381
0.48886 0.64251 0.36076
0.63029 0.74091 0.54586
0.38711 0.68062 0.31989
0.51117 0.59918 0.45959
0.45086 0.55342 0.30262
0.43675 0.62741 0.31217
0.32943 0.57194 0.20622
0.41831 0.38309 0.21287
0.44688 0.77000 0.58926
0.38574 0.69873 0.32998
0.57442 0.63190 0.41074
0.46981 0.56869 0.42557
0.74534 0.70028 0.51615
0.57032 0.70629 0.51928
0.47619 0.72992 0.36857
0.70390 0.75664 0.31954
0.37826 0.47155 0.23943
0.47887 0.64842 0.35920
0.54275 0.71499 0.51486
0.29848 0.49190 0.34396
0.66466 0.75877 0.27959
0.41809 0.58689 0.38794
0.61183 0.67853 0.38815
0.36177 0.74407 0.32196
0.41712 0.64117 0.33447
0.65804 0.65239 0.55247
0.40871 0.51328 0.28777
0.53281 0.65590 0.37261
0.59223 0.73398 0.42739
0.53350 0.63243 0.23674
0.75209 0.78337 0.44582
0.43487 0.53972 0.22144
0.60851 0.67450 0.25437
0.42809 0.53464 0.36517
0.67302 0.76826 0.41191
0.31075 0.56590 0.38601
0.45210 0.69878 0.43412
0.79292 0.81842 0.47595
0.45623 0.49457 0.22353
0.49383 0.55590 0.31275
0.62775 0.65318 0.37157
0.41746 0.66067 0.45264
0.64883 0.76441 0.36224
0.66906 0.71068 0.30756
0.50865 0.52025 0.31618
0.35580 0.50514 0.27532
0.65354 0.64011 0.37391
0.49081 0.54144 0.44056
0.59319 0.61559 0.47009
0.40583 0.62474 0.29168
0.48298 0.69442 0.50336
0.44042 0.45944 0.32087
0.45602 0.49422 0.33147
0.67400 0.75793 0.39974
0.55088 0.66285 0.27691
0.51920 0.58493 0.44902
0.72888 0.74560 0.60195
0.74191 0.70869 0.62695
0.74948 0.72931 0.62326
0.41404 0.63938 0.30072
0.46911 0.80701 0.49581
0.48307 0.75112 0.44997
0.50021 0.80434 0.46142
0.53276 0.78834 0.36697
0.68936 0.68379 0.42803
0.46337 0.52000 0.20510
0.46131 0.65199 0.51468
0.42081 0.60108 0.27703
0.41040 0.67267 0.30919
0.36063 0.57195 0.39167
0.43807 0.61351 0.30556
0.44443 0.62367 0.33212
0.41533 0.61038 0.48621
0.37087 0.71542 0.39273
0.37140 0.68093 0.30774
0.62476 0.71897 0.51645
0.61506 0.70328 0.36690
0.66887 0.72106 0.33709
0.59826 0.71071 0.30698
0.49050 0.52813 0.24986
0.30957 0.61927 0.33514
0.66358 0.79839 0.29738
0.51432 0.65546 0.32711
0.60653 0.70641 0.49157
0.64680 0.72556 0.50918
0.46731 0.63090 0.25962
0.44291 0.66966 0.27596
0.43924 0.73368 0.39888
0.76366 0.78434 0.53003
0.31175 0.55773 0.32493
0.62032 0.70518 0.48912
0.55566 0.64463 0.48508
0.45183 0.71340 0.42084
0.62002 0.75618 0.39910
0.47034 0.55095 0.33272
0.24046 0.54767 0.33860
0.58371 0.82202 0.47835
0.46496 0.60007 0.38933
0.41303 0.55511 0.30172
0.46464 0.73857 0.43865
0.47674 0.58322 0.44589
0.70311 0.73572 0.55319
0.67092 0.64090 0.57821
0.53582 0.69698 0.30554
0.56683 0.54531 0.30088
0.60706 0.57975 0.53876
0.49297 0.52889 0.33131
0.25535 0.43025 0.23813
0.43031 0.40928 0.21817
0.49818 0.62670 0.31689
0.43626 0.58121 0.30849
0.62457 0.70853 0.26713
0.58707 0.73663 0.54988
0.57622 0.76546 0.38692
0.61043 0.70171 0.39586
0.69985 0.76967 0.42036
0.53666 0.63570 0.29766
0.37687 0.51797 0.27179
0.60894 0.67477 0.52542
0.48306 0.70679 0.33572
0.33546 0.66389 0.42106
0.40810 0.59986 0.34846
0.42230 0.64622 0.35453
0.60140 0.61887 0.30728
0.36752 0.42845 0.23464
0.50656 0.44950 0.38524
0.52551 0.56187 0.40533
0.48890 0.50594 0.41933
0.39047 0.69992 0.43496
0.54450 0.68379 0.30667
0.32809 0.48854 0.33529
0.50723 0.65814 0.31747
0.33711 0.47767 0.29664
0.41806 0.49074 0.20667
0.48702 0.69085 0.25391
0.45084 0.60170 0.37692
0.79268 0.75264 0.71548
0.52430 0.60103 0.33584
0.42352 0.71317 0.45717
0.49814 0.59190 0.33612
0.44823 0.58877 0.30400
0.29704 0.46173 0.31638
0.52131 0.63004 0.37557
0.50854 0.60516 0.22106
0.64469 0.65910 0.36640
0.30823 0.79866 0.46351
0.35553 0.54660 0.32059
0.43313 0.73290 0.44494
0.44227 0.66173 0.31324
0.60862 0.71070 0.24560
0.59777 0.84014 0.42868
0.51328 0.67911 0.40298
0.38482 0.55312 0.33478
0.34013 0.47706 0.26923
0.48689 0.74536 0.45175
0.50941 0.58572 0.36221
0.52443 0.65719 0.31659
0.44704 0.64497 0.33389
0.24808 0.64047 0.31832
0.51154 0.61765 0.23019
0.61174 0.71842 0.40040
0.63004 0.70858 0.53054
0.56949 0.73004 0.54089
0.53054 0.60836 0.32788
0.49778 0.54282 0.23861
0.41015 0.56302 0.28691
0.29408 0.71918 0.37623
0.62164 0.70406 0.30111
0.54287 0.66418 0.41074
0.65071 0.70558 0.33089
0.40758 0.70517 0.35411
0.65175 0.73462 0.29265
0.44922 0.70311 0.41844
0.81001 0.71793 0.70652
0.35913 0.59133 0.31761
0.42519 0.55811 0.26841
0.43120 0.67345 0.26716
0.40363 0.69516 0.32742
0.45897 0.60552 0.28422
0.40669 0.54576 0.26086
0.42564 0.58840 0.26191
0.61095 0.73859 0.33599
0.43073 0.48385 0.29127
0.54424 0.58308 0.29063
0.47218 0.82127 0.35799
0.53331 0.75409 0.50551
0.51187 0.59414 0.25153
0.76585 0.77247 0.49589
0.33197 0.65027 0.29870
0.66397 0.70602 0.38252
0.54658 0.53209 0.31091
0.65138 0.69687 0.36874
0.25788 0.47793 0.27282
0.34798 0.50979 0.21181
0.44620 0.51502 0.27852
0.54587 0.77237 0.60204
0.51611 0.72025 0.33634
0.33611 0.55569 0.31101
0.72768 0.68939 0.54273
0.52609 0.69568 0.50251
0.49173 0.54088 0.21482
0.39375 0.67413 0.43403
0.42231 0.57661 0.26588
0.58444 0.63677 0.50890
0.64313 0.72024 0.32860
0.47202 0.61185 0.33964
0.19963 0.81658 0.50788
0.53078 0.62102 0.25560
0.51006 0.69908 0.31964
0.55333 0.61678 0.33174
0.44475 0.58633 0.36367
0.55281 0.83917 0.43744
0.40846 0.71443 0.39476
0.57969 0.73627 0.51310
0.52382 0.58118 0.29186
0.39766 0.72410 0.38115
0.72042 0.74711 0.69171
0.43744 0.74184 0.45411
0.59293 0.61482 0.43879
0.46817 0.50118 0.39019
0.47267 0.49888 0.30983
