20 11 1000 19566 349
0.52222 0.78363 0.49620
0.32729 0.91670 0.54720
0.78392 0.79577 0.71544
0.89944 0.84777 0.95390
0.30695 0.22667 0.69428
0.91716 0.16575 0.58309
0.83009 0.95285 0.13244
0.38465 0.34438 0.68534
0.67728 0.89791 0.25994
0.95683 0.89665 0.18875
0.18793 0.71371 0.69949
0.64864 0.71690 0.55203
0.58051 0.77473 0.48928
0.56783 0.76282 0.48659
0.57343 0.66395 0.47607
0.42176 0.65532 0.66933
0.60954 0.73628 0.53469
0.63905 0.80673 0.47085
0.73752 0.71311 0.39260
0.72605 0.77006 0.54180
0.68320 0.75707 0.37652
0.58718 0.55490 0.65262
0.69652 0.70725 0.48217
0.70253 0.77600 0.60312
0.64814 0.81361 0.45798
0.67135 0.78797 0.51616
0.50456 0.73058 0.51466
0.59263 0.55275 0.61723
0.58609 0.59734 0.57151
0.56848 0.71787 0.47507
0.51672 0.78394 0.64200
0.57308 0.71538 0.53226
0.53838 0.70852 0.57886
0.66643 0.78659 0.44347
0.67794 0.76881 0.48415
0.66185 0.71328 0.58167
0.55970 0.63431 0.51742
0.63763 0.75449 0.50198
0.56400 0.63757 0.52476
0.65211 0.61426 0.63125
0.64957 0.64493 0.52310
0.63958 0.62203 0.45144
0.62697 0.79429 0.47047
0.64152 0.73993 0.54636
0.47483 0.67337 0.57523
0.70302 0.75684 0.54460
0.56025 0.77964 0.49159
0.76346 0.74551 0.55491
0.55343 0.59124 0.50190
0.49084 0.72709 0.52411
0.64507 0.74868 0.59770
0.77926 0.54366 0.48662
0.60349 0.69991 0.51590
0.64582 0.72409 0.50615
0.52682 0.59407 0.62149
0.64773 0.75172 0.44343
0.63077 0.65882 0.55376
0.52702 0.72931 0.64966
0.54443 0.72792 0.64766
0.65873 0.66849 0.70170
0.62804 0.52918 0.62305
0.60034 0.77502 0.42071
0.69291 0.78293 0.37738
0.77755 0.78070 0.43862
0.61754 0.70540 0.51593
0.58050 0.56844 0.60522
0.53380 0.71446 0.52222
0.50826 0.59996 0.57068
0.62340 0.62557 0.48646
0.65390 0.71234 0.54911
0.75294 0.77164 0.65473
0.67289 0.65518 0.50283
0.62292 0.68638 0.52547
0.51964 0.73292 0.51281
0.67463 0.66338 0.47109
0.66431 0.69508 0.48043
0.67031 0.66740 0.48366
0.56865 0.63952 0.54805
0.60264 0.67303 0.50440
0.66979 0.69661 0.68260
0.52640 0.69258 0.53134
0.47646 0.66688 0.60205
0.64935 0.67890 0.50949
0.44555 0.65279 0.57816
0.50576 0.59585 0.60073
0.63750 0.67211 0.49403
0.64371 0.63779 0.56373
0.55560 0.78390 0.46652
0.53089 0.67203 0.59501
0.66530 0.76268 0.48436
0.57730 0.78981 0.57859
0.62445 0.62765 0.49659
0.57818 0.53404 0.59841
0.57953 0.68709 0.51760
0.54641 0.74102 0.57069
0.67169 0.72346 0.64710
0.67260 0.60662 0.61883
0.59379 0.67047 0.58456
0.52172 0.65629 0.54561
0.65020 0.65967 0.59481
0.63834 0.50299 0.53538
0.72459 0.69738 0.43641
0.65032 0.76382 0.44221
0.64361 0.72558 0.56245
0.65585 0.72892 0.46189
0.68483 0.65913 0.48386
0.57472 0.64807 0.60162
0.41190 0.69100 0.63441
0.64842 0.51937 0.58602
0.48316 0.66790 0.61268
0.55778 0.59580 0.57306
0.62098 0.67148 0.60884
0.57321 0.81948 0.53017
0.61530 0.67685 0.57334
0.54520 0.67164 0.64391
0.52675 0.69147 0.65874
0.62521 0.65493 0.57214
0.68597 0.74831 0.57070
0.69691 0.82352 0.41808
0.72404 0.81501 0.39988
0.50680 0.57940 0.62018
0.72496 0.80079 0.48425
0.62309 0.66899 0.49698
0.56611 0.74515 0.49003
0.68932 0.62071 0.62532
0.51983 0.59786 0.55274
0.67008 0.77100 0.53590
0.61579 0.65892 0.50287
0.53160 0.59815 0.63584
0.69149 0.73146 0.43820
0.60422 0.73985 0.48972
0.70139 0.66677 0.56962
0.68990 0.71549 0.61793
0.72437 0.76041 0.37478
0.64511 0.64188 0.51849
0.60041 0.74709 0.55948
0.51198 0.72640 0.61655
0.60963 0.56208 0.59532
0.57788 0.71816 0.52224
0.68309 0.65960 0.48598
0.55933 0.66926 0.62061
0.70461 0.76305 0.61620
0.79091 0.79816 0.49328
0.64745 0.74099 0.48925
0.69036 0.55036 0.58510
0.63090 0.70793 0.51181
0.57337 0.67041 0.56039
0.69249 0.67076 0.61238
0.70367 0.71437 0.64566
0.65016 0.63956 0.51236
0.59229 0.73635 0.63527
0.61330 0.67614 0.49216
0.63702 0.81969 0.47884
0.79605 0.82680 0.35572
0.61080 0.54167 0.57816
0.63160 0.56318 0.59293
0.59739 0.70876 0.64035
0.74480 0.63074 0.39408
0.68071 0.78671 0.44125
0.51400 0.65678 0.63029
0.61507 0.66844 0.49523
0.69512 0.67346 0.48659
0.57577 0.73388 0.56825
0.58733 0.73303 0.49363
0.66039 0.76743 0.51924
0.53420 0.69067 0.58331
0.71321 0.63747 0.58139
0.49777 0.67258 0.59161
0.54498 0.62365 0.53516
0.73046 0.64498 0.53681
0.56265 0.68480 0.53888
0.48647 0.65180 0.61401
0.58266 0.64781 0.63469
0.69438 0.65811 0.51115
0.67106 0.73441 0.41008
0.61418 0.64256 0.53278
0.66066 0.79507 0.51435
0.64620 0.75824 0.62140
0.67208 0.68088 0.48483
0.54397 0.82486 0.46773
0.74769 0.77340 0.38359
0.66493 0.71228 0.57434
0.58075 0.79176 0.47237
0.56472 0.76736 0.59389
0.58969 0.58974 0.60480
0.71485 0.73868 0.40912
0.67356 0.75474 0.47249
0.55753 0.81236 0.64024
0.56342 0.66482 0.50534
0.60643 0.72684 0.60910
0.67385 0.67259 0.61146
0.66188 0.56975 0.51945
0.64557 0.67870 0.44750
0.74407 0.61616 0.47616
0.36123 0.72235 0.60599
0.61746 0.73303 0.49003
0.62822 0.49800 0.61103
0.68162 0.55644 0.50040
0.54045 0.65092 0.54412
0.71081 0.60040 0.51938
0.69500 0.67221 0.49384
0.66004 0.66165 0.57302
0.72992 0.67718 0.56190
0.68040 0.76697 0.54804
0.65110 0.71463 0.63073
0.50381 0.71488 0.59077
0.66297 0.84144 0.44895
0.49524 0.64675 0.51124
0.52015 0.71006 0.56400
0.57123 0.70335 0.50501
0.61970 0.76864 0.43532
0.66495 0.76227 0.52282
0.56459 0.66362 0.50625
0.69228 0.75015 0.55596
0.72612 0.62983 0.47235
0.67550 0.71540 0.47067
0.60619 0.70116 0.56244
0.70757 0.71684 0.53691
0.59524 0.67349 0.64392
0.47991 0.63608 0.58337
0.63494 0.60879 0.71793
0.54732 0.68846 0.50497
0.62551 0.67634 0.55852
0.58193 0.61256 0.49308
0.58369 0.77766 0.59435
0.48813 0.61721 0.57000
0.64466 0.75456 0.40439
0.45450 0.72051 0.58748
0.63907 0.67271 0.59166
0.62113 0.57648 0.64736
0.75283 0.74982 0.50757
0.65676 0.75986 0.53001
0.68645 0.66613 0.42983
0.63119 0.74380 0.59396
0.74221 0.57280 0.59433
0.67742 0.58786 0.54902
0.66378 0.74064 0.46320
0.66898 0.78773 0.49249
0.59547 0.68952 0.53451
0.45813 0.75421 0.57559
0.53979 0.80654 0.47245
0.58662 0.69219 0.48762
0.57293 0.65638 0.54243
0.56675 0.69424 0.50342
0.59872 0.57550 0.55095
0.55260 0.62672 0.54853
0.54861 0.54730 0.64464
0.67739 0.80929 0.43672
0.54086 0.61923 0.56530
0.54089 0.77144 0.52240
0.58842 0.77163 0.53981
0.53373 0.75346 0.54101
0.58724 0.76361 0.52083
0.52984 0.57063 0.61140
0.60706 0.67245 0.59448
0.67548 0.75363 0.52710
0.44090 0.75437 0.54096
0.78977 0.70342 0.36546
0.75198 0.67550 0.48309
0.77581 0.82997 0.40777
0.61434 0.72306 0.46442
0.59002 0.76322 0.45228
0.59565 0.68856 0.57045
0.70213 0.61929 0.54818
0.71913 0.75165 0.66619
0.68009 0.60076 0.47186
0.59153 0.82636 0.45765
0.58083 0.69730 0.52128
0.59152 0.64321 0.58399
0.62130 0.70223 0.57542
0.61297 0.63571 0.56419
0.51393 0.77605 0.57563
0.62056 0.75741 0.45357
0.57220 0.61543 0.65660
0.57066 0.68924 0.59338
0.71807 0.76961 0.39766
0.47008 0.65790 0.57460
0.47952 0.46627 0.56467
0.50283 0.47597 0.59998
0.54606 0.61626 0.54509
0.55612 0.78737 0.42618
0.58389 0.64808 0.47176
0.54443 0.66975 0.57380
0.64733 0.61567 0.51393
0.59648 0.60249 0.53319
0.68437 0.72860 0.56989
0.59821 0.70140 0.62866
0.49493 0.78754 0.57273
0.50194 0.72038 0.60932
0.69396 0.73990 0.60247
0.72865 0.50087 0.55610
0.51013 0.74648 0.49795
0.64089 0.58728 0.53408
0.62200 0.65803 0.53058
0.59489 0.62006 0.60198
0.60206 0.68292 0.64540
0.65505 0.66243 0.47437
0.68170 0.75904 0.54591
0.67511 0.65979 0.54609
0.60033 0.63309 0.58799
0.61534 0.61223 0.47482
0.63243 0.60059 0.52661
0.63260 0.57326 0.57133
0.62084 0.71364 0.58869
0.66089 0.70818 0.49137
0.65322 0.54226 0.55834
0.63358 0.73906 0.51661
0.66320 0.76528 0.56645
0.79746 0.78916 0.75472
0.71895 0.60558 0.55519
0.59231 0.51624 0.60154
0.62732 0.69613 0.50241
0.67773 0.72119 0.52192
0.59740 0.66748 0.45914
0.51934 0.74712 0.50651
0.70742 0.80994 0.49443
0.64678 0.71627 0.50554
0.61112 0.68040 0.54223
0.58173 0.72696 0.50645
0.67462 0.72479 0.52650
0.44232 0.51254 0.59083
0.46702 0.61970 0.60372
0.71675 0.59547 0.56747
0.71275 0.85036 0.49908
0.51625 0.51681 0.58073
0.56965 0.69729 0.50574
0.70642 0.50696 0.53324
0.56917 0.70937 0.53170
0.53880 0.65748 0.55008
0.63071 0.70604 0.63175
0.65434 0.53311 0.57310
0.61241 0.65854 0.65861
0.58072 0.64046 0.57560
0.70769 0.77411 0.49913
0.61658 0.72214 0.60646
0.48913 0.77787 0.48999
0.71609 0.70020 0.46942
0.50893 0.70244 0.51424
0.80395 0.85197 0.48139
0.76960 0.64736 0.54458
0.63054 0.75993 0.42878
0.58309 0.44784 0.59680
0.72030 0.69139 0.41727
0.61917 0.63111 0.46516
0.54515 0.74458 0.50379
0.66335 0.69933 0.49531
0.63648 0.56196 0.56277
0.58872 0.75289 0.49893
0.44062 0.65058 0.61570
0.63420 0.68052 0.53771
0.50698 0.56052 0.55919
0.61821 0.62678 0.63054
0.75357 0.68195 0.45060
0.57059 0.72200 0.64157
0.64014 0.56259 0.54858
0.59482 0.69249 0.54461
0.68774 0.59184 0.50414
0.58201 0.81177 0.49812
0.68044 0.62038 0.57588
0.57905 0.67684 0.54598
0.45490 0.78565 0.58307
0.60685 0.60981 0.62584
0.76927 0.77208 0.46366
0.61461 0.74488 0.52820
0.74403 0.60865 0.61597
0.52978 0.76404 0.63872
0.72398 0.71084 0.60004
0.67369 0.71070 0.54385
0.65647 0.77112 0.70350
0.62388 0.55051 0.65405
0.46521 0.71910 0.60312
0.67242 0.64414 0.47775
0.69098 0.74118 0.47908
0.73341 0.78225 0.42426
0.69446 0.68679 0.52563
0.57402 0.77511 0.48395
0.59303 0.63269 0.55150
0.61710 0.65249 0.53581
0.64527 0.71761 0.42731
0.73923 0.54756 0.51681
0.54252 0.72376 0.55607
0.51799 0.62121 0.50992
0.57130 0.72178 0.61243
0.77157 0.55527 0.49975
0.68050 0.79901 0.47346
0.73047 0.78726 0.54302
0.67475 0.71849 0.48739
0.61232 0.62034 0.58190
0.61616 0.74933 0.55276
0.62054 0.65948 0.58506
0.65202 0.69291 0.46411
0.55281 0.74226 0.52691
0.61376 0.58508 0.52373
0.58069 0.63787 0.54373
0.64764 0.71056 0.51004
0.73302 0.67710 0.52890
0.47033 0.71745 0.53610
0.68995 0.57022 0.53733
0.52758 0.79714 0.45881
0.80866 0.83353 0.37344
0.55301 0.67373 0.60063
0.58837 0.72425 0.65368
0.44275 0.59769 0.58746
0.69186 0.72985 0.59092
0.67034 0.80352 0.51193
0.59906 0.70065 0.61018
0.57009 0.65107 0.63444
0.61293 0.67016 0.58269
0.62964 0.74241 0.46882
0.64751 0.73067 0.47542
0.63104 0.68134 0.54742
0.59685 0.72512 0.51812
0.69223 0.65161 0.55455
0.56546 0.60904 0.52498
0.59270 0.71852 0.59069
0.57277 0.71681 0.60382
0.56439 0.78067 0.49428
0.73621 0.80783 0.46310
0.59399 0.52490 0.57335
0.50487 0.73557 0.56899
0.57815 0.73147 0.46501
0.63624 0.66423 0.44194
0.71511 0.63135 0.65904
0.53178 0.70335 0.50476
0.58397 0.56146 0.60507
0.47961 0.72036 0.61740
0.62578 0.69689 0.44368
0.65746 0.79201 0.42394
0.65465 0.74041 0.41955
0.44483 0.64416 0.60135
0.54406 0.49239 0.59481
0.59719 0.69567 0.57176
0.67075 0.77863 0.41023
0.67960 0.70786 0.55701
0.52567 0.59734 0.51768
0.53592 0.65524 0.60409
0.63472 0.59998 0.59006
0.60558 0.69917 0.66909
0.68111 0.81856 0.36765
0.59974 0.69709 0.47666
0.53328 0.71153 0.51863
0.68746 0.70883 0.51290
0.64357 0.66642 0.58082
0.61456 0.71720 0.47541
0.64784 0.65117 0.47489
0.58592 0.74143 0.62749
0.63080 0.64540 0.45930
0.57288 0.66145 0.64688
0.59908 0.71959 0.42356
0.72682 0.74679 0.54441
0.66061 0.68363 0.48502
0.49300 0.66471 0.60921
0.65588 0.75171 0.52074
0.64753 0.81084 0.41296
0.65178 0.84269 0.39791
0.68125 0.79544 0.45840
0.62322 0.63585 0.65340
0.54312 0.55137 0.57228
0.61782 0.76072 0.49760
0.56796 0.84447 0.52170
0.50650 0.70632 0.59497
0.57633 0.69485 0.48682
0.63812 0.69012 0.56903
0.76735 0.60105 0.48037
0.57892 0.63522 0.66747
0.49125 0.55357 0.57471
0.64245 0.62959 0.55999
0.68035 0.82400 0.34388
0.63668 0.77732 0.55772
0.53884 0.53786 0.64742
0.58204 0.71703 0.60842
0.64309 0.63563 0.70323
0.55666 0.61865 0.60991
0.62647 0.73839 0.45454
0.66670 0.76176 0.42785
0.71115 0.76829 0.40460
0.60125 0.78084 0.47763
0.53484 0.66095 0.56788
0.56085 0.58635 0.55588
0.62243 0.67472 0.48688
0.57686 0.72685 0.48902
0.60929 0.79182 0.53853
0.62614 0.73328 0.47524
0.56797 0.65981 0.56447
0.64121 0.73259 0.48144
0.52757 0.76473 0.56987
0.60830 0.73374 0.48283
0.63090 0.69764 0.69982
0.59291 0.72791 0.52489
0.66995 0.69422 0.55759
0.60694 0.66969 0.58952
0.69158 0.81002 0.40620
0.51953 0.58223 0.57552
0.66490 0.78716 0.62990
0.47218 0.44607 0.60669
0.61414 0.72202 0.50372
0.64575 0.65723 0.60254
0.40764 0.64139 0.64428
0.57961 0.65957 0.63036
0.65116 0.78891 0.65113
0.47949 0.51350 0.61842
0.68425 0.72635 0.54468
0.61882 0.67294 0.59267
0.57723 0.62531 0.56616
0.64246 0.53550 0.64617
0.54998 0.60747 0.55162
0.68581 0.55606 0.57365
0.62811 0.72597 0.58609
0.54951 0.54285 0.57939
0.65342 0.60953 0.49688
0.58239 0.65759 0.51974
0.56027 0.61849 0.54403
0.69652 0.63231 0.49555
0.69019 0.79200 0.56883
0.53469 0.64539 0.56036
0.61400 0.72469 0.45862
0.66749 0.79688 0.59754
0.69717 0.65345 0.49403
0.66302 0.80756 0.50621
0.55704 0.61083 0.54775
0.54859 0.63941 0.53076
0.69727 0.54188 0.61592
0.56065 0.68939 0.53330
0.70833 0.69928 0.65780
0.50555 0.58198 0.51916
0.54685 0.71123 0.52093
0.68282 0.87151 0.31125
0.72523 0.74572 0.66279
0.68094 0.72657 0.57739
0.58325 0.73421 0.55222
0.70250 0.79927 0.50368
0.66471 0.70883 0.56883
0.68719 0.53764 0.57344
0.57171 0.51058 0.54291
0.57949 0.73986 0.45967
0.56391 0.62259 0.57651
0.51634 0.59486 0.55602
0.65667 0.66942 0.44578
0.78782 0.80473 0.44869
0.59630 0.69862 0.53151
0.48351 0.70517 0.58990
0.60573 0.76982 0.47803
0.73483 0.78577 0.45286
0.78714 0.79239 0.58026
0.52522 0.54724 0.61851
0.61287 0.67901 0.51895
0.67267 0.74643 0.54078
0.69608 0.54368 0.52845
0.35710 0.63826 0.61724
0.49922 0.64640 0.52551
0.66678 0.74038 0.61980
0.62735 0.70972 0.51875
0.62086 0.70502 0.56197
0.67862 0.75933 0.47491
0.80179 0.79801 0.41791
0.59893 0.71892 0.51009
0.62961 0.78913 0.42926
0.70288 0.73091 0.62057
0.67693 0.73097 0.50480
0.70169 0.75399 0.43851
0.69729 0.51162 0.58318
0.78918 0.68055 0.41155
0.76139 0.68385 0.45818
0.59427 0.58722 0.55008
0.74871 0.65333 0.55298
0.56314 0.78319 0.58093
0.68629 0.73575 0.43530
0.61613 0.67814 0.52898
0.58224 0.59620 0.60439
0.61401 0.64357 0.49707
0.63817 0.72800 0.49326
0.69664 0.74509 0.48646
0.65344 0.74762 0.50385
0.62681 0.64201 0.56333
0.61239 0.78968 0.45320
0.54648 0.70691 0.49646
0.64221 0.82762 0.46621
0.50401 0.62578 0.61348
0.58221 0.73824 0.46752
0.65479 0.70881 0.51661
0.74788 0.60990 0.50983
0.59979 0.58167 0.57229
0.51628 0.66083 0.57366
0.70340 0.84498 0.39238
0.60733 0.67440 0.53037
0.61316 0.77255 0.54084
0.68792 0.78510 0.52260
0.65288 0.67005 0.59381
0.64040 0.69813 0.50530
0.70509 0.67581 0.47864
0.55991 0.50222 0.59360
0.68998 0.51512 0.57117
0.69195 0.66027 0.53195
0.64146 0.73183 0.41288
0.66209 0.60655 0.65830
0.68557 0.83970 0.46097
0.66009 0.64773 0.50444
0.66840 0.69137 0.47322
0.52734 0.58715 0.58514
0.70507 0.81995 0.66251
0.60404 0.74612 0.45771
0.65729 0.62278 0.51367
0.69259 0.83316 0.40913
0.68183 0.77424 0.68260
0.59679 0.60428 0.52461
0.52863 0.78340 0.49948
0.50031 0.65966 0.56062
0.67315 0.74995 0.58564
0.58449 0.66078 0.50944
0.55981 0.72551 0.55566
0.62492 0.63857 0.63776
0.59618 0.76622 0.44597
0.62697 0.76087 0.50988
0.61606 0.59310 0.53141
0.46639 0.56403 0.62134
0.70856 0.50185 0.60455
0.65598 0.78007 0.48211
0.57598 0.74852 0.48698
0.68011 0.75854 0.46572
0.69806 0.85335 0.34295
0.61735 0.64740 0.60380
0.57047 0.59240 0.55042
0.64832 0.71633 0.47143
0.66432 0.67490 0.52374
0.71391 0.68756 0.52088
0.69368 0.78554 0.49036
0.68300 0.78190 0.48569
0.68810 0.83781 0.55657
0.58903 0.51270 0.61648
0.76370 0.65236 0.42325
0.56864 0.68666 0.63590
0.70612 0.62406 0.57653
0.64193 0.62092 0.53275
0.67690 0.65989 0.49441
0.65273 0.66421 0.48413
0.52305 0.72020 0.56252
0.61502 0.61315 0.59218
0.60053 0.66611 0.57196
0.54325 0.78153 0.46995
0.67160 0.71178 0.55213
0.59841 0.65402 0.64718
0.59181 0.71230 0.50676
0.73036 0.73571 0.51722
0.65181 0.69760 0.52517
0.66067 0.56064 0.51996
0.65373 0.73736 0.56103
0.62992 0.69534 0.61705
0.55857 0.76225 0.53546
0.61754 0.81300 0.43013
0.64509 0.79589 0.51549
0.56880 0.59647 0.51399
0.60523 0.67804 0.44888
0.55852 0.67147 0.58192
0.51298 0.75336 0.50193
0.69507 0.70882 0.46529
0.67899 0.78285 0.47336
0.56551 0.76059 0.45164
0.61361 0.75253 0.41366
0.61440 0.72840 0.51434
0.48980 0.64240 0.58812
0.61676 0.67324 0.53905
0.58815 0.50162 0.63434
0.69655 0.82617 0.54962
0.64657 0.72169 0.48481
0.62348 0.68308 0.57072
0.55538 0.76694 0.49881
0.71250 0.82148 0.68131
0.59967 0.73198 0.50111
0.59842 0.57043 0.47540
0.55210 0.60573 0.48926
0.63344 0.66595 0.54179
0.66515 0.74899 0.48429
0.58480 0.66837 0.49685
0.53610 0.62217 0.61096
0.66961 0.78138 0.63161
0.64926 0.67816 0.46533
0.56448 0.57410 0.53590
0.59958 0.75144 0.55500
0.63546 0.66427 0.45133
0.61665 0.72139 0.51333
0.50017 0.50219 0.58053
0.59262 0.61424 0.62737
0.62199 0.70974 0.43408
0.56716 0.67699 0.58923
0.66274 0.77716 0.49641
0.57154 0.70587 0.60586
0.58250 0.73472 0.45881
0.61771 0.59586 0.58700
0.73651 0.72956 0.39007
0.67557 0.76465 0.52950
0.51618 0.60196 0.56605
0.61962 0.53687 0.52434
0.72525 0.50206 0.55474
0.42802 0.63261 0.59519
0.64265 0.72986 0.62697
0.70636 0.67102 0.49233
0.50942 0.53454 0.60844
0.64712 0.71162 0.50589
0.46456 0.71307 0.54871
0.68919 0.60736 0.53864
0.62529 0.66582 0.52732
0.73091 0.61607 0.46934
0.61574 0.60849 0.55018
0.55680 0.65747 0.58218
0.62943 0.73072 0.71857
0.55698 0.69555 0.60973
0.71128 0.74418 0.45657
0.57170 0.73967 0.71763
0.61515 0.76039 0.52103
0.67599 0.80587 0.37648
0.58597 0.75652 0.51097
0.69363 0.77299 0.50352
0.50094 0.75782 0.49122
0.71119 0.82559 0.31643
0.60311 0.67074 0.51673
0.69796 0.74724 0.39510
0.42991 0.64743 0.59823
0.59409 0.73912 0.54131
0.56713 0.66520 0.48769
0.52155 0.74010 0.50467
0.52517 0.72776 0.55643
0.70486 0.64877 0.52648
0.44110 0.64148 0.55839
0.55888 0.77719 0.48728
0.59198 0.77508 0.46041
0.68842 0.82118 0.50659
0.70831 0.75832 0.52937
0.64486 0.61081 0.53640
0.54766 0.70896 0.52695
0.62371 0.70078 0.51555
0.70952 0.76230 0.80842
0.49907 0.66268 0.54384
0.61358 0.58117 0.50830
0.57372 0.71886 0.49719
0.45126 0.71079 0.58475
0.68456 0.62305 0.60437
0.82364 0.51020 0.51578
0.62279 0.78162 0.41685
0.66904 0.75701 0.43197
0.63098 0.69868 0.55264
0.66484 0.75208 0.39592
0.66546 0.74415 0.66425
0.65923 0.69765 0.45527
0.67113 0.76634 0.67859
0.57250 0.69674 0.62306
0.51351 0.66157 0.56960
0.56634 0.74476 0.53188
0.62768 0.65524 0.49962
0.75830 0.74489 0.39036
0.61111 0.60809 0.52870
0.70667 0.69973 0.51533
0.67353 0.80085 0.61719
0.53859 0.66246 0.54328
0.61189 0.67052 0.54986
0.53088 0.61748 0.51218
0.63111 0.68803 0.46980
0.59960 0.62998 0.54104
0.50851 0.72803 0.53769
0.57409 0.71380 0.48625
0.66656 0.83985 0.43009
0.65011 0.73910 0.46351
0.56080 0.79287 0.51957
0.59345 0.83414 0.44396
0.66509 0.69512 0.55197
0.79876 0.72203 0.46771
0.71823 0.68519 0.47549
0.55001 0.60414 0.50865
0.55321 0.79324 0.58023
0.62163 0.63265 0.51358
0.61455 0.73119 0.45319
0.62926 0.83184 0.42037
0.53465 0.84907 0.50961
0.65087 0.76591 0.39772
0.66231 0.67213 0.57928
0.50014 0.63312 0.57083
0.51259 0.61131 0.58133
0.64886 0.64028 0.61799
0.65499 0.77713 0.58196
0.67347 0.68553 0.50603
0.64612 0.70696 0.60054
0.66195 0.64894 0.66334
0.58302 0.55026 0.58351
0.66676 0.59148 0.58105
0.62270 0.78528 0.55240
0.72903 0.74803 0.49537
0.70691 0.68091 0.59075
0.72607 0.82094 0.42525
0.54577 0.71357 0.45025
0.66563 0.63406 0.59368
0.64942 0.69428 0.47868
0.55547 0.55501 0.55313
0.60908 0.74670 0.49953
0.65148 0.65208 0.56904
0.73130 0.61048 0.56440
0.71025 0.52214 0.53950
0.68709 0.76591 0.48171
0.66784 0.49847 0.52590
0.74867 0.59996 0.47631
0.60369 0.73489 0.49344
0.58001 0.68638 0.52381
0.63163 0.73027 0.54974
0.51513 0.51793 0.64516
0.64156 0.83363 0.45533
0.70663 0.71952 0.53743
0.60932 0.71814 0.47396
0.57111 0.67806 0.58193
0.72350 0.79280 0.42149
0.66372 0.74175 0.41089
0.63170 0.47159 0.58292
0.56635 0.50390 0.61932
0.72566 0.69682 0.54952
0.53307 0.64551 0.59019
0.50980 0.70244 0.53085
0.73203 0.81755 0.51550
0.55348 0.73692 0.50703
0.64237 0.73910 0.49975
0.56838 0.64431 0.55327
0.59464 0.79698 0.42611
0.61503 0.59137 0.52295
0.59865 0.61688 0.52627
0.54527 0.60196 0.58009
0.53363 0.60900 0.54920
0.50709 0.74479 0.57583
0.61479 0.77190 0.50311
0.62353 0.61951 0.59095
0.58997 0.72064 0.64779
0.55138 0.79692 0.45407
0.64506 0.77092 0.54016
0.67351 0.72486 0.58075
0.67268 0.81385 0.53967
0.51084 0.64270 0.60508
0.68622 0.79175 0.57103
0.56378 0.68958 0.60455
0.68590 0.80514 0.39988
0.47944 0.54031 0.58712
0.65433 0.67422 0.56820
0.69907 0.72066 0.59961
0.70829 0.72686 0.51998
0.72987 0.78537 0.59841
0.63912 0.69632 0.55550
0.60400 0.73774 0.50487
0.73430 0.75086 0.56137
0.61147 0.71175 0.48607
0.62795 0.44149 0.56103
0.76036 0.81748 0.36355
0.50309 0.61519 0.57942
0.59463 0.77735 0.51100
0.71576 0.45050 0.55192
0.54414 0.56085 0.56505
0.68681 0.75358 0.40912
0.52557 0.76004 0.50034
0.61309 0.60936 0.47621
0.63817 0.56631 0.53140
0.62414 0.68020 0.57831
0.62059 0.75108 0.50821
0.68482 0.78128 0.51626
0.59608 0.68018 0.52673
0.55611 0.62460 0.51501
0.67130 0.78397 0.47834
0.59112 0.66217 0.47238
0.47343 0.63549 0.65142
0.66889 0.54032 0.59581
0.67216 0.53780 0.51544
0.68825 0.78546 0.56792
0.52635 0.69578 0.54631
0.55723 0.63405 0.54564
0.67516 0.66955 0.46849
0.65558 0.66698 0.52188
0.55118 0.78690 0.61310
0.56323 0.70806 0.52177
0.51915 0.56827 0.59549
0.71051 0.77410 0.62082
0.53121 0.59412 0.53180
0.64300 0.73617 0.43861
0.67988 0.59058 0.61484
0.64419 0.56247 0.56653
0.61534 0.57503 0.57713
0.66726 0.77516 0.49205
0.60466 0.61843 0.55550
0.65236 0.66667 0.53088
0.57351 0.65522 0.51837
0.62803 0.74245 0.53620
0.67610 0.74215 0.57478
0.58244 0.64583 0.68418
0.66346 0.59478 0.58538
0.70173 0.65537 0.61411
0.60086 0.78470 0.50068
0.61163 0.76555 0.49370
0.70967 0.76917 0.40104
0.60145 0.78262 0.41920
0.70782 0.78739 0.41029
0.74217 0.78709 0.45028
0.70959 0.68043 0.53129
0.71072 0.62728 0.56612
0.62910 0.71929 0.51387
0.65195 0.77130 0.60674
0.61955 0.70812 0.54484
0.66684 0.76273 0.52882
0.54213 0.62650 0.50280
0.62989 0.75351 0.50077
0.49798 0.61595 0.64013
0.61088 0.71913 0.53485
0.66056 0.81042 0.45388
0.56399 0.79493 0.51906
0.67207 0.81860 0.53178
0.57745 0.81791 0.50952
0.55288 0.76704 0.50610
0.62493 0.75324 0.51372
0.68128 0.66527 0.48728
0.72518 0.77444 0.43167
0.59548 0.60503 0.65510
0.45948 0.65147 0.65690
0.62402 0.78742 0.44199
0.57839 0.69042 0.52871
0.72986 0.56400 0.60940
0.56811 0.61274 0.59433
0.66852 0.77360 0.46349
0.53737 0.58011 0.57214
0.63846 0.77329 0.55864
0.70294 0.75055 0.68941
0.61100 0.66172 0.52233
0.63978 0.69059 0.44939
0.57593 0.64716 0.65294
0.69011 0.66663 0.68266
0.60085 0.64313 0.47647
0.61355 0.68096 0.63392
0.61863 0.84419 0.53426
0.60500 0.66967 0.52164
0.65583 0.79344 0.51781
0.57631 0.68268 0.45449
0.55690 0.59804 0.62629
0.60383 0.71793 0.46521
0.60246 0.68184 0.55307
0.67883 0.56767 0.51168
0.73526 0.68644 0.54877
0.47176 0.61731 0.64164
0.54930 0.76338 0.49300
0.73209 0.75209 0.55934
0.62313 0.61902 0.49231
0.61308 0.76462 0.49569
0.62890 0.66224 0.46840
0.69320 0.68754 0.47570
0.68321 0.59197 0.63690
0.63326 0.69356 0.45933
0.64573 0.66571 0.67212
0.62155 0.68473 0.70315
0.59471 0.69503 0.59013
0.64108 0.71132 0.46349
0.73624 0.75988 0.49778
0.64248 0.70046 0.57973
0.59624 0.59711 0.55425
0.45022 0.60042 0.59877
0.57664 0.66873 0.63835
0.59293 0.59021 0.55125
0.68813 0.71786 0.49894
0.67536 0.68115 0.43725
0.67254 0.67217 0.45168
0.69116 0.77799 0.57915
0.64161 0.75326 0.49843
0.60012 0.69897 0.53588
0.66716 0.80250 0.42745
0.72720 0.73075 0.66915
0.58311 0.52892 0.61421
0.52954 0.73627 0.54150
0.55815 0.72440 0.47902
0.53734 0.45873 0.61118
0.47617 0.45968 0.62830
0.65930 0.80895 0.52364
0.63645 0.66002 0.61508
0.65047 0.66563 0.49566
0.60469 0.66429 0.50968
0.55050 0.53614 0.59589
0.58202 0.58796 0.53139
0.78634 0.65034 0.67993
0.60528 0.73747 0.58446
0.54744 0.76806 0.49995
0.57811 0.58888 0.55077
0.51206 0.51469 0.61199
0.55210 0.75316 0.54890
0.64846 0.53188 0.62690
0.72375 0.79101 0.51528
0.57331 0.72871 0.54717
0.71472 0.56449 0.51674
0.61664 0.76918 0.51653
0.62775 0.72399 0.48322
0.58367 0.65293 0.55659
0.54107 0.61712 0.53385
0.63467 0.51623 0.52681
0.60748 0.74190 0.52114
0.64044 0.70331 0.48641
0.66589 0.64408 0.46878
0.57766 0.61649 0.60491
0.53381 0.66957 0.59520
0.71658 0.72932 0.47147
0.59146 0.78697 0.63180
0.71830 0.77273 0.33524
0.67136 0.69501 0.59674
0.72265 0.78650 0.50458
0.53816 0.72138 0.54481
0.56828 0.77759 0.48278
0.54708 0.74469 0.60066
0.60690 0.71270 0.50974
0.66129 0.74948 0.49996
0.62473 0.81275 0.43962
0.56557 0.54965 0.57904
0.56291 0.61877 0.65423
0.57318 0.54078 0.56349
0.65403 0.74110 0.59075
0.61738 0.65321 0.46532
0.46730 0.76238 0.57745
0.48728 0.66358 0.56358
