20 6 1000 42358 61
0.80145 0.10867 0.65732
0.29254 0.71136 0.91583
0.79307 0.15457 0.82854
0.40833 0.84189 0.05216
0.65507 0.80877 0.62081
0.20732 0.82115 0.40786
0.51773 0.53493 0.51494
0.61832 0.42297 0.65332
0.70284 0.46129 0.66685
0.49844 0.58643 0.45578
0.61819 0.36026 0.65348
0.45349 0.59748 0.78512
0.43103 0.58444 0.63522
0.61167 0.51682 0.61840
0.59705 0.40644 0.67219
0.49905 0.70367 0.47957
0.43084 0.69540 0.60919
0.54723 0.43240 0.76177
0.55923 0.56162 0.48866
0.55407 0.65288 0.46157
0.47832 0.57438 0.60311
0.63807 0.36957 0.69294
0.62814 0.40671 0.61784
0.53538 0.45304 0.60037
0.40475 0.63314 0.74400
0.68350 0.37910 0.74830
0.55271 0.49092 0.47740
0.55211 0.47119 0.59052
0.65199 0.41762 0.58362
0.50763 0.54743 0.54569
0.56407 0.45343 0.78328
0.56070 0.67444 0.68171
0.55373 0.49899 0.53504
0.62301 0.52030 0.54651
0.56876 0.52333 0.45178
0.47136 0.62412 0.58583
0.43578 0.64225 0.55114
0.39628 0.73806 0.53057
0.52411 0.54672 0.57666
0.55948 0.45145 0.70309
0.44528 0.71933 0.62096
0.48398 0.58072 0.62332
0.41579 0.62238 0.52413
0.33022 0.75858 0.47854
0.50324 0.56118 0.48561
0.54759 0.59072 0.49985
0.64031 0.43999 0.66190
0.58209 0.49953 0.69827
0.49816 0.68873 0.55772
0.58048 0.50100 0.63344
0.64416 0.40230 0.57848
0.56731 0.41215 0.79579
0.59253 0.49548 0.60026
0.44438 0.56104 0.57678
0.45340 0.57318 0.64505
0.54181 0.56939 0.48212
0.70234 0.29281 0.65432
0.64836 0.50160 0.54577
0.60319 0.53141 0.61398
0.38473 0.69429 0.65253
0.68201 0.38996 0.72948
0.63332 0.47701 0.66750
0.63035 0.34838 0.73692
0.62597 0.39832 0.76169
0.51388 0.61142 0.35911
0.48998 0.55329 0.62886
0.46177 0.68253 0.54077
0.55787 0.57912 0.47821
0.38677 0.75878 0.53844
0.57573 0.52569 0.55282
0.55986 0.52634 0.57589
0.51646 0.52353 0.72294
0.44476 0.77313 0.42963
0.63539 0.50553 0.54367
0.44926 0.60944 0.58686
0.55161 0.52781 0.51776
0.55486 0.55645 0.65592
0.65353 0.43490 0.64717
0.57438 0.62519 0.60881
0.41420 0.73991 0.39294
0.55367 0.65846 0.55339
0.44007 0.61362 0.51328
0.56904 0.54835 0.62312
0.62321 0.37826 0.64653
0.61888 0.42261 0.48460
0.62320 0.70354 0.57253
0.46945 0.58054 0.58362
0.46875 0.56854 0.70898
0.46684 0.55458 0.81346
0.45982 0.64607 0.41662
0.63941 0.41406 0.69589
0.67083 0.56209 0.63091
0.34327 0.78065 0.42741
0.64784 0.46815 0.53484
0.46459 0.56820 0.59137
0.50415 0.57905 0.62581
0.66167 0.62224 0.64998
0.64402 0.60143 0.64759
0.51257 0.56235 0.53882
0.54477 0.55919 0.43207
0.56571 0.60059 0.57218
0.42679 0.63714 0.55699
0.62782 0.46915 0.61886
0.55020 0.62828 0.54691
0.54210 0.61327 0.59129
0.55965 0.66303 0.61028
0.46045 0.64169 0.67224
0.54295 0.57972 0.50591
0.63848 0.60921 0.60480
0.37330 0.76072 0.50172
0.52775 0.61218 0.58166
0.38184 0.69924 0.45078
0.57804 0.44706 0.67641
0.54423 0.49147 0.58014
0.42933 0.63658 0.52858
0.61292 0.38812 0.68563
0.45548 0.66194 0.75091
0.70314 0.27717 0.57243
0.59452 0.51256 0.53492
0.59712 0.41056 0.60093
0.62456 0.55069 0.53811
0.56970 0.64935 0.61331
0.52779 0.48421 0.59239
0.63200 0.39925 0.63885
0.42929 0.62221 0.49465
0.51595 0.60592 0.35679
0.73208 0.22249 0.67814
0.66903 0.34841 0.51151
0.69068 0.31178 0.58184
0.56922 0.53500 0.58309
0.62736 0.41896 0.58701
0.48278 0.55306 0.44341
0.55100 0.75638 0.65109
0.64043 0.51217 0.71323
0.53699 0.68926 0.62681
0.56318 0.57106 0.57215
0.59432 0.57723 0.62791
0.50026 0.67329 0.37221
0.49847 0.52130 0.52647
0.47442 0.57738 0.63757
0.51646 0.57700 0.55756
0.51113 0.53256 0.64742
0.65047 0.44648 0.60452
0.45390 0.75817 0.60897
0.35205 0.73997 0.39896
0.41485 0.69554 0.67495
0.59902 0.50512 0.45636
0.67412 0.36653 0.53808
0.65248 0.43867 0.66557
0.53477 0.62427 0.41054
0.40687 0.70900 0.62713
0.56482 0.49921 0.68080
0.60073 0.54454 0.58084
0.49062 0.57292 0.47885
0.52237 0.59370 0.62384
0.59448 0.65190 0.55637
0.62788 0.55729 0.67356
0.65382 0.52308 0.59068
0.51977 0.60587 0.53897
0.58824 0.40100 0.60976
0.46056 0.62593 0.61249
0.52879 0.52934 0.69831
0.38505 0.70076 0.42108
0.41648 0.69326 0.62785
0.63020 0.43770 0.58272
0.56568 0.50358 0.51428
0.51768 0.55986 0.53254
0.50956 0.48247 0.63379
0.35083 0.77146 0.52557
0.57511 0.62224 0.56830
0.55559 0.45314 0.68487
0.53363 0.67745 0.58147
0.53655 0.57997 0.47871
0.43589 0.69769 0.48535
0.55464 0.50610 0.69827
0.45531 0.58009 0.71705
0.47776 0.68373 0.44386
0.63942 0.35369 0.62931
0.49912 0.66798 0.55511
0.56209 0.42931 0.64769
0.60412 0.68357 0.59334
0.63569 0.36142 0.59814
0.45514 0.73085 0.44929
0.64981 0.43628 0.61213
0.61208 0.45253 0.51069
0.68806 0.42475 0.66971
0.59391 0.64200 0.61095
0.52650 0.53615 0.61186
0.70397 0.39341 0.72822
0.50027 0.77016 0.28046
0.70526 0.29694 0.63996
0.35330 0.80393 0.42492
0.56170 0.46595 0.49838
0.61178 0.40335 0.69120
0.55746 0.56327 0.57802
0.63049 0.56063 0.65179
0.63718 0.38606 0.58754
0.43683 0.67369 0.40129
0.52007 0.57128 0.64936
0.60185 0.47646 0.66521
0.56776 0.51110 0.52857
0.67301 0.31819 0.68608
0.46687 0.63256 0.53156
0.38275 0.64976 0.71218
0.46080 0.73779 0.26161
0.51021 0.47283 0.53797
0.65601 0.31591 0.66255
0.50711 0.53331 0.56496
0.44974 0.63107 0.55561
0.46413 0.60205 0.57706
0.52758 0.57171 0.42299
0.63001 0.39661 0.75001
0.53813 0.68499 0.50031
0.37034 0.77686 0.48307
0.56293 0.48271 0.64547
0.52820 0.51675 0.65556
0.53254 0.70512 0.55006
0.52977 0.47714 0.53128
0.66882 0.41964 0.61593
0.42201 0.74249 0.48930
0.56690 0.68943 0.65729
0.51403 0.60002 0.53350
0.54641 0.53292 0.53591
0.55227 0.45975 0.58248
0.64237 0.37287 0.61335
0.62914 0.49516 0.71354
0.45915 0.62274 0.43132
0.45769 0.67516 0.53757
0.57402 0.63536 0.60065
0.48368 0.59125 0.68421
0.49944 0.53838 0.63630
0.55770 0.54710 0.60044
0.50255 0.59218 0.56401
0.54554 0.59991 0.42807
0.57242 0.47937 0.69130
0.55611 0.47223 0.67019
0.59643 0.62351 0.50040
0.52669 0.60024 0.50994
0.43065 0.75098 0.49869
0.48190 0.57121 0.58214
0.43042 0.63451 0.71819
0.47094 0.60464 0.45652
0.57076 0.64165 0.56326
0.54029 0.48171 0.69344
0.61581 0.42698 0.56308
0.40936 0.66525 0.55872
0.59618 0.52513 0.44884
0.57392 0.48356 0.77408
0.60665 0.60778 0.66744
0.49402 0.64103 0.54930
0.60183 0.51488 0.63566
0.65938 0.33850 0.67303
0.49384 0.61965 0.55027
0.61420 0.46537 0.57216
0.61221 0.38472 0.64846
0.58688 0.50427 0.59150
0.57269 0.53696 0.43383
0.64477 0.40690 0.71012
0.55022 0.69296 0.60072
0.44026 0.58755 0.52815
0.56214 0.60531 0.68055
0.49063 0.75145 0.33205
0.63454 0.46042 0.57440
0.35826 0.72669 0.56730
0.57621 0.74881 0.57762
0.53634 0.48333 0.55926
0.47314 0.72085 0.54680
0.59842 0.43151 0.68956
0.54218 0.53874 0.55112
0.61104 0.40031 0.72460
0.51155 0.53764 0.56561
0.55929 0.55075 0.59014
0.45947 0.57251 0.77988
0.46661 0.66832 0.61759
0.54638 0.62457 0.41174
0.57486 0.55038 0.58940
0.48508 0.73433 0.45708
0.51379 0.74549 0.64711
0.55681 0.52597 0.58124
0.43723 0.59064 0.72725
0.57296 0.55821 0.58675
0.61342 0.45754 0.65276
0.69873 0.37478 0.73996
0.41806 0.59003 0.65515
0.53037 0.62103 0.51634
0.50622 0.55273 0.42355
0.56669 0.55788 0.64272
0.55444 0.53386 0.57016
0.52764 0.47408 0.59379
0.49551 0.69286 0.53841
0.61298 0.50408 0.52849
0.47040 0.74109 0.43785
0.51191 0.66123 0.46774
0.55165 0.59279 0.40210
0.37356 0.66746 0.57490
0.48246 0.60556 0.56714
0.60499 0.37766 0.65622
0.46052 0.57136 0.79163
0.42881 0.74594 0.58499
0.49426 0.52854 0.69757
0.39353 0.67875 0.44615
0.63762 0.37812 0.65737
0.58304 0.76964 0.54174
0.64915 0.52265 0.63423
0.61549 0.52754 0.72245
0.38548 0.70751 0.45350
0.60866 0.41483 0.64461
0.55069 0.65750 0.50171
0.49149 0.70998 0.70459
0.47608 0.59201 0.45980
0.56279 0.52175 0.64254
0.67239 0.41144 0.68959
0.39763 0.74590 0.39287
0.50079 0.74676 0.35005
0.56137 0.55011 0.62029
0.53965 0.48151 0.71376
0.52669 0.74666 0.63075
0.55547 0.53870 0.55076
0.60168 0.49332 0.43898
0.65164 0.37654 0.70717
0.47997 0.72265 0.58509
0.60469 0.45862 0.64786
0.69560 0.26315 0.67734
0.54265 0.77068 0.50699
0.50598 0.75391 0.59697
0.41840 0.60996 0.57566
0.33587 0.76264 0.41043
0.46776 0.66154 0.41449
0.53043 0.51808 0.59880
0.48051 0.67069 0.29135
0.52581 0.48888 0.62172
0.61048 0.35963 0.79050
0.45012 0.57734 0.61046
0.58097 0.49938 0.59432
0.53311 0.54654 0.67325
0.38728 0.62626 0.82219
0.62637 0.44075 0.55371
0.59311 0.38966 0.64972
0.54524 0.58382 0.53240
0.52950 0.61086 0.39308
0.56870 0.57385 0.47741
0.58787 0.69115 0.54010
0.64245 0.38370 0.73537
0.45595 0.66058 0.37430
0.54910 0.44971 0.66163
0.48294 0.55131 0.71012
0.61409 0.56674 0.48858
0.50731 0.71148 0.64906
0.67716 0.31850 0.68495
0.49127 0.75581 0.55924
0.66466 0.44643 0.61854
0.45561 0.55704 0.67419
0.42786 0.71552 0.59602
0.56565 0.47267 0.54071
0.64914 0.51571 0.61889
0.46564 0.59292 0.62757
0.57075 0.62552 0.55619
0.65153 0.37552 0.61320
0.43839 0.66282 0.58520
0.63624 0.57429 0.66120
0.65173 0.35054 0.64319
0.51689 0.54438 0.67467
0.49299 0.79350 0.48452
0.53122 0.49105 0.58344
0.51084 0.57637 0.62330
0.50605 0.57600 0.65953
0.60650 0.54053 0.52774
0.38047 0.70245 0.73406
0.51912 0.47882 0.70990
0.53422 0.55864 0.70149
0.54446 0.62194 0.39841
0.52546 0.50383 0.52376
0.61079 0.50035 0.59058
0.43744 0.72024 0.45575
0.56749 0.58140 0.66604
0.68921 0.55535 0.63371
0.51681 0.47942 0.67906
0.63093 0.37535 0.58478
0.69470 0.29278 0.62886
0.44041 0.71549 0.64783
0.39082 0.72609 0.41547
0.58676 0.62377 0.52223
0.38746 0.72777 0.61459
0.59206 0.40651 0.59381
0.37727 0.65999 0.58818
0.35649 0.69968 0.60353
0.55111 0.71486 0.58725
0.47927 0.52906 0.57749
0.63708 0.35590 0.69637
0.47664 0.68581 0.47031
0.42799 0.72996 0.52479
0.41347 0.68348 0.51519
0.53033 0.48837 0.75512
0.62200 0.52552 0.60793
0.53111 0.67330 0.51323
0.56475 0.48702 0.66864
0.49245 0.71109 0.50229
0.53553 0.55251 0.45558
0.48151 0.52549 0.64342
0.44951 0.67540 0.47590
0.41990 0.69167 0.70646
0.65640 0.40998 0.64378
0.41793 0.66296 0.77393
0.70087 0.30961 0.68569
0.47790 0.53967 0.64170
0.60687 0.45583 0.46430
0.42597 0.70576 0.62293
0.36093 0.70875 0.67911
0.42440 0.66377 0.68892
0.67207 0.34991 0.64039
0.64113 0.46108 0.59615
0.42604 0.62026 0.63703
0.49680 0.52601 0.55916
0.47045 0.61910 0.69069
0.44418 0.57364 0.73804
0.60934 0.61054 0.55493
0.54960 0.44711 0.80381
0.40492 0.68758 0.66053
0.53250 0.45394 0.67395
0.48522 0.56138 0.57777
0.50687 0.58783 0.55328
0.61291 0.37820 0.70736
0.71351 0.30198 0.63590
0.54085 0.54556 0.54791
0.56101 0.52589 0.51889
0.52561 0.63084 0.37043
0.40459 0.69720 0.47568
0.37188 0.71606 0.37395
0.58057 0.53748 0.43393
0.34276 0.68804 0.78635
0.57837 0.51883 0.62765
0.47689 0.58077 0.71457
0.40159 0.66388 0.63757
0.47615 0.66354 0.57571
0.70223 0.32568 0.57953
0.35674 0.78615 0.29946
0.55919 0.54709 0.60677
0.60452 0.42865 0.68923
0.56112 0.51809 0.61145
0.54861 0.46416 0.64899
0.63853 0.34037 0.66868
0.63557 0.50444 0.66727
0.57876 0.54369 0.64628
0.63809 0.41191 0.56562
0.60508 0.46768 0.62178
0.59337 0.43667 0.65006
0.61536 0.59558 0.62304
0.61708 0.35760 0.60988
0.47333 0.64645 0.52569
0.43741 0.71276 0.37959
0.37482 0.71229 0.56878
0.55068 0.73434 0.60830
0.55381 0.48373 0.71570
0.59308 0.47114 0.59851
0.53240 0.58557 0.50056
0.51966 0.62478 0.40472
0.57191 0.51572 0.64043
0.61839 0.47906 0.56536
0.51225 0.56821 0.58531
0.43288 0.71325 0.40526
0.59492 0.45710 0.65928
0.46483 0.64938 0.59113
0.67594 0.34539 0.58219
0.55807 0.58363 0.43942
0.50529 0.73540 0.62079
0.65894 0.34280 0.68172
0.47389 0.67046 0.49029
0.46077 0.57005 0.63887
0.59944 0.48801 0.70513
0.60520 0.45156 0.69642
0.50898 0.55228 0.73727
0.54755 0.47621 0.63503
0.61776 0.39761 0.53155
0.55605 0.49112 0.68402
0.63758 0.39039 0.63051
0.54255 0.63073 0.42994
0.55711 0.49371 0.53018
0.65209 0.36264 0.69146
0.55648 0.67683 0.56527
0.63902 0.37553 0.59722
0.44971 0.56652 0.50491
0.70090 0.30765 0.66706
0.68012 0.29996 0.69888
0.51679 0.56943 0.61604
0.45383 0.65294 0.70973
0.39425 0.69897 0.56625
0.51873 0.63701 0.63605
0.36567 0.66755 0.63666
0.46035 0.64816 0.44330
0.50317 0.67703 0.55053
0.37075 0.72833 0.49449
0.43492 0.68293 0.36474
0.40651 0.67003 0.52190
0.43663 0.58472 0.62286
0.48551 0.51056 0.77461
0.72960 0.25060 0.65355
0.49938 0.61311 0.75141
0.43515 0.68242 0.46827
0.66645 0.39553 0.62151
0.52292 0.55737 0.48308
0.61181 0.48209 0.58936
0.59403 0.53698 0.52624
0.50487 0.55452 0.63910
0.47003 0.57795 0.56744
0.46400 0.54891 0.58995
0.41612 0.71042 0.44483
0.53768 0.74188 0.53089
0.56884 0.56812 0.55233
0.55066 0.76799 0.63032
0.51088 0.51745 0.48087
0.69786 0.35739 0.64826
0.63847 0.37917 0.72518
0.52392 0.62921 0.56445
0.60669 0.72791 0.52768
0.42817 0.69160 0.76617
0.52455 0.61730 0.72491
0.56428 0.46723 0.63270
0.37882 0.64480 0.56990
0.48710 0.57612 0.67836
0.60124 0.43227 0.71832
0.38626 0.79360 0.41871
0.63218 0.59483 0.59566
0.67848 0.46379 0.69157
0.59426 0.49732 0.37266
0.50962 0.52289 0.51171
0.42803 0.62957 0.60367
0.53080 0.58916 0.38575
0.50087 0.63339 0.41124
0.45342 0.67826 0.42200
0.49112 0.49877 0.75832
0.51688 0.69534 0.62228
0.57816 0.50658 0.62269
0.43198 0.67522 0.68587
0.60203 0.48376 0.69911
0.37279 0.69477 0.52474
0.55459 0.47338 0.60944
0.36160 0.73694 0.63245
0.56421 0.56690 0.45814
0.56062 0.57492 0.59197
0.61821 0.38167 0.68758
0.35731 0.70967 0.55829
0.52153 0.57432 0.63757
0.40871 0.70564 0.48141
0.50627 0.50772 0.61229
0.67930 0.40886 0.62180
0.42086 0.66975 0.69960
0.53550 0.80016 0.38011
0.51471 0.57480 0.70133
0.52808 0.57893 0.36633
0.41024 0.68689 0.81008
0.44251 0.68750 0.43455
0.48589 0.61369 0.56837
0.47961 0.63534 0.55460
0.37881 0.69023 0.53984
0.63880 0.38472 0.64260
0.51115 0.56445 0.75244
0.51322 0.53548 0.53885
0.46756 0.76568 0.29636
0.47382 0.58553 0.54504
0.67636 0.44503 0.66036
0.52051 0.62657 0.51158
0.68675 0.33324 0.65642
0.59958 0.40210 0.62882
0.51064 0.53892 0.68056
0.46033 0.58456 0.64552
0.68649 0.35246 0.73667
0.58859 0.69336 0.58194
0.67483 0.41333 0.73579
0.52303 0.59127 0.61230
0.54280 0.43832 0.66279
0.34069 0.74608 0.44281
0.57106 0.55283 0.76376
0.48730 0.51774 0.68294
0.48111 0.51729 0.80385
0.52186 0.64068 0.48758
0.65797 0.32990 0.71773
0.40799 0.66562 0.65930
0.50451 0.54110 0.60637
0.55862 0.47751 0.60895
0.64804 0.53397 0.66327
0.63460 0.44727 0.50248
0.40474 0.75239 0.43531
0.58332 0.50219 0.56434
0.49354 0.62129 0.48914
0.40046 0.70938 0.53540
0.49588 0.64855 0.67658
0.46259 0.60819 0.71910
0.51357 0.51762 0.66400
0.53776 0.72518 0.43281
0.42233 0.69204 0.42437
0.41160 0.69083 0.52275
0.63672 0.41808 0.55086
0.53392 0.72572 0.62941
0.40018 0.64776 0.48523
0.46935 0.71254 0.70597
0.48827 0.68740 0.36577
0.43129 0.61536 0.59428
0.49582 0.65116 0.39107
0.56920 0.53592 0.67466
0.62118 0.42599 0.53208
0.52181 0.54418 0.52719
0.62845 0.47674 0.60687
0.63685 0.42138 0.72920
0.45193 0.68228 0.57672
0.46876 0.66719 0.48222
0.45314 0.60511 0.39659
0.54270 0.50362 0.60112
0.56362 0.49700 0.69122
0.56874 0.46679 0.66377
0.40151 0.65649 0.46093
0.64455 0.38492 0.62898
0.35484 0.78843 0.50506
0.45589 0.57468 0.70128
0.41509 0.67220 0.63485
0.60559 0.53333 0.51792
0.64117 0.36275 0.64665
0.43809 0.69092 0.58260
0.51919 0.56119 0.59866
0.59835 0.56051 0.67063
0.50477 0.51636 0.61675
0.46322 0.73151 0.19975
0.51590 0.47734 0.75284
0.61420 0.57187 0.60910
0.49718 0.76284 0.31715
0.53625 0.67155 0.57585
0.50083 0.58001 0.54163
0.64852 0.37959 0.73228
0.47682 0.52031 0.55172
0.43229 0.68837 0.48422
0.63119 0.42163 0.70134
0.67521 0.33103 0.58907
0.43931 0.77491 0.47342
0.54928 0.57946 0.56171
0.54916 0.72584 0.68514
0.60200 0.46827 0.66620
0.71099 0.35386 0.70630
0.52808 0.57968 0.67582
0.54709 0.62241 0.62735
0.33615 0.69087 0.72425
0.59204 0.50660 0.62098
0.37824 0.66017 0.50787
0.49678 0.69099 0.66008
0.42254 0.70916 0.38062
0.42895 0.70772 0.55135
0.54099 0.54623 0.35864
0.37994 0.74725 0.48217
0.62662 0.45489 0.57103
0.62366 0.38754 0.64276
0.39147 0.68890 0.52482
0.72167 0.39451 0.65924
0.54893 0.68051 0.65730
0.53016 0.55414 0.68570
0.44263 0.74488 0.52388
0.66620 0.34060 0.56787
0.34904 0.70779 0.49597
0.56360 0.59409 0.59184
0.54976 0.45213 0.52607
0.40716 0.66485 0.56709
0.55433 0.54778 0.64501
0.54311 0.67700 0.39403
0.50913 0.68267 0.44578
0.54862 0.48862 0.66131
0.50713 0.67865 0.52880
0.68360 0.32513 0.58673
0.62895 0.60183 0.54315
0.50264 0.59253 0.46599
0.42164 0.57471 0.76610
0.44714 0.56159 0.56758
0.49065 0.65040 0.43388
0.53632 0.60367 0.43886
0.55714 0.57788 0.67475
0.62083 0.37325 0.73303
0.58620 0.39979 0.64199
0.47412 0.64893 0.54692
0.59799 0.43339 0.65309
0.46332 0.53547 0.73703
0.60957 0.73719 0.53811
0.50325 0.76706 0.60683
0.36479 0.80681 0.30790
0.43678 0.65982 0.43903
0.54068 0.67202 0.57484
0.46233 0.59722 0.60242
0.32117 0.69488 0.75020
0.50066 0.56102 0.59586
0.60640 0.56759 0.49261
0.37803 0.70803 0.57953
0.52135 0.65159 0.32284
0.46480 0.67778 0.59318
0.48853 0.72553 0.55138
0.56706 0.48840 0.67256
0.63356 0.60708 0.59488
0.47373 0.63801 0.63164
0.61052 0.53242 0.60619
0.43760 0.77691 0.31259
0.53001 0.66208 0.56463
0.33645 0.73782 0.56053
0.56256 0.48985 0.67118
0.57082 0.39727 0.76575
0.57507 0.42014 0.60329
0.42270 0.66034 0.58146
0.48691 0.56476 0.59216
0.40834 0.71430 0.56824
0.45214 0.71534 0.54361
0.47668 0.68673 0.24336
0.65174 0.45029 0.67867
0.43738 0.64088 0.54061
0.53068 0.47195 0.51943
0.60293 0.62762 0.49869
0.66850 0.33036 0.69207
0.54916 0.67416 0.62713
0.48979 0.68330 0.52710
0.51544 0.72265 0.47298
0.68500 0.48689 0.64873
0.41208 0.78760 0.47644
0.51969 0.70736 0.39158
0.55125 0.69742 0.51574
0.44861 0.60994 0.59164
0.44029 0.68071 0.39028
0.55086 0.53084 0.47413
0.36712 0.64034 0.69108
0.32441 0.72399 0.69062
0.37053 0.66376 0.78530
0.48256 0.62264 0.53426
0.38953 0.64076 0.53228
0.52805 0.58089 0.59268
0.66478 0.38546 0.58190
0.60738 0.54855 0.69397
0.37768 0.71113 0.41735
0.46172 0.68556 0.46211
0.70548 0.24233 0.73850
0.47635 0.70658 0.29584
0.52805 0.56062 0.46126
0.44201 0.59407 0.73165
0.72141 0.42261 0.65080
0.41426 0.65056 0.68598
0.56112 0.50826 0.62565
0.60387 0.64513 0.64853
0.50009 0.60492 0.48600
0.71396 0.29842 0.67730
0.49934 0.68405 0.67982
0.52742 0.63772 0.50465
0.58287 0.47196 0.54505
0.45695 0.59953 0.43959
0.67833 0.28814 0.74222
0.49048 0.62373 0.66869
0.50562 0.51905 0.59071
0.46462 0.75228 0.54853
0.51649 0.55066 0.63346
0.60174 0.39591 0.63067
0.60375 0.65960 0.60184
0.54175 0.52482 0.46494
0.66485 0.51758 0.66278
0.30104 0.72828 0.47297
0.34586 0.75531 0.53278
0.62247 0.44331 0.56576
0.50675 0.56638 0.81822
0.56662 0.53378 0.43483
0.42041 0.73653 0.37887
0.56416 0.56812 0.61508
0.39271 0.74359 0.45447
0.61336 0.50658 0.52186
0.43903 0.65226 0.52379
0.48439 0.73470 0.31276
0.64361 0.39079 0.57257
0.64921 0.59512 0.59056
0.49446 0.65605 0.40483
0.41270 0.58457 0.68623
0.54988 0.68932 0.61379
0.44854 0.71879 0.38631
0.56034 0.48593 0.62628
0.64424 0.42344 0.62710
0.60076 0.41312 0.62598
0.48059 0.56004 0.64005
0.73215 0.33957 0.65878
0.47299 0.55312 0.66721
0.51220 0.64983 0.53133
0.64581 0.40571 0.66629
0.52056 0.63176 0.48456
0.56712 0.57223 0.49287
0.52835 0.68539 0.71971
0.53674 0.49730 0.67192
0.56622 0.43883 0.60994
0.68314 0.45640 0.64358
0.42793 0.59396 0.72709
0.52790 0.70138 0.56661
0.44194 0.61184 0.52643
0.58368 0.49448 0.70602
0.56807 0.53187 0.61246
0.60033 0.41115 0.62216
0.65653 0.39963 0.70425
0.51404 0.57303 0.65026
0.47769 0.65832 0.52487
0.47007 0.68877 0.45787
0.54109 0.68196 0.49820
0.61813 0.64965 0.57908
0.51285 0.68886 0.40862
0.42093 0.63739 0.62822
0.46230 0.75530 0.51273
0.61921 0.52625 0.63469
0.55902 0.53833 0.74039
0.35728 0.66323 0.64726
0.67913 0.39147 0.59375
0.52823 0.53084 0.64337
0.37896 0.77060 0.25580
0.58342 0.61573 0.52149
0.57588 0.68814 0.52326
0.55960 0.69184 0.65713
0.39150 0.68785 0.61717
0.42090 0.80785 0.32390
0.55151 0.48239 0.64543
0.42809 0.64794 0.65415
0.42126 0.60700 0.50264
0.56911 0.41884 0.67074
0.48860 0.66852 0.52511
0.50928 0.56994 0.49887
0.63164 0.44291 0.64970
0.44742 0.63936 0.63402
0.47995 0.65748 0.68494
0.50314 0.49279 0.70596
0.53861 0.62756 0.50637
0.43310 0.57460 0.65237
0.40163 0.74660 0.43882
0.52849 0.58007 0.41304
0.37515 0.65345 0.67255
0.47036 0.71458 0.39913
0.61680 0.44249 0.72757
0.59444 0.42847 0.68333
0.55962 0.69967 0.66625
0.35334 0.73472 0.70247
0.39224 0.66318 0.68105
0.41578 0.64524 0.62169
0.33159 0.75762 0.42884
0.40782 0.69384 0.54929
0.48600 0.62497 0.57911
0.43982 0.68420 0.54923
0.52079 0.48103 0.62549
0.55969 0.46549 0.68940
0.51422 0.63257 0.61583
0.65133 0.48561 0.64772
0.56336 0.59102 0.60656
0.61702 0.71465 0.58608
0.67254 0.49782 0.61401
0.38214 0.68097 0.57186
0.52149 0.50521 0.72546
0.68281 0.28818 0.75297
0.69854 0.32957 0.69883
0.73719 0.24090 0.67451
0.64703 0.37192 0.62413
0.43097 0.61099 0.50947
0.52693 0.56713 0.61056
0.42188 0.61198 0.60650
0.51285 0.62806 0.56308
0.53120 0.50411 0.55544
0.44485 0.57328 0.49932
0.60733 0.56375 0.59184
0.56683 0.59987 0.43080
0.41041 0.65883 0.43320
0.40683 0.70741 0.49928
0.39915 0.72417 0.35985
0.50114 0.75542 0.51444
0.53266 0.75859 0.54048
0.63279 0.38873 0.65922
0.41725 0.62409 0.48602
0.48991 0.61463 0.65330
0.47500 0.68670 0.53023
0.55624 0.61403 0.43964
0.49513 0.61047 0.76631
0.40118 0.65113 0.60123
0.43267 0.75406 0.60749
0.57139 0.63453 0.62177
0.34036 0.71698 0.47855
0.42897 0.62183 0.51954
0.50211 0.48385 0.75034
0.62562 0.57622 0.50001
0.51061 0.53981 0.61424
0.53580 0.53669 0.59553
0.49837 0.60996 0.48294
0.63116 0.42984 0.65518
0.53189 0.65158 0.52351
0.55304 0.60995 0.48287
0.69506 0.29712 0.67211
0.52613 0.57090 0.41371
0.57006 0.62239 0.64929
0.36164 0.70969 0.70197
0.52843 0.58289 0.69252
0.49697 0.77283 0.50533
0.39723 0.61317 0.68486
0.46975 0.58143 0.54961
0.39448 0.65368 0.42183
0.35723 0.72298 0.56007
0.50556 0.64302 0.47728
0.61452 0.46522 0.63991
0.52148 0.49742 0.58100
0.42936 0.76753 0.38578
0.52300 0.61731 0.63270
0.53325 0.51887 0.54531
0.41844 0.71636 0.60390
0.36285 0.67615 0.53680
0.62116 0.45884 0.62648
0.40150 0.67442 0.56936
0.55535 0.48074 0.48959
0.54723 0.64073 0.55650
0.46005 0.70732 0.74847
0.54516 0.62760 0.46804
0.47723 0.65034 0.52480
0.57743 0.63035 0.63035
0.64612 0.41916 0.63984
0.41229 0.74725 0.35048
0.57250 0.44978 0.66078
0.57906 0.51291 0.70535
0.57529 0.46822 0.64738
0.44120 0.71493 0.52806
0.47197 0.63131 0.40003
0.55647 0.61086 0.46475
0.42736 0.67337 0.76953
0.67775 0.32176 0.54992
0.53791 0.51706 0.44785
0.51771 0.66833 0.48887
0.52730 0.48520 0.62588
0.36042 0.77738 0.49311
0.57288 0.75568 0.55056
0.43124 0.61498 0.62674
0.54287 0.67616 0.64076
0.48123 0.64225 0.60763
0.57042 0.58599 0.62125
0.53820 0.61434 0.39867
0.61632 0.55085 0.52383
0.58473 0.56141 0.63044
0.40834 0.64244 0.61731
0.64250 0.37385 0.72460
0.52420 0.44768 0.58420
0.52436 0.65939 0.63910
0.68326 0.33210 0.68587
0.35354 0.69921 0.43658
0.42927 0.59768 0.57189
0.60602 0.65059 0.50959
0.58394 0.43826 0.64427
0.46676 0.70951 0.76162
0.51849 0.76132 0.37734
0.51947 0.47705 0.62278
0.55102 0.49920 0.65257
0.65339 0.37329 0.56316
0.60398 0.40665 0.58716
0.53216 0.62545 0.63093
0.57901 0.55530 0.52179
0.39540 0.69837 0.71459
0.60622 0.50153 0.68245
0.56006 0.64586 0.43152
0.47909 0.57203 0.69730
0.58761 0.58518 0.59529
0.55836 0.60505 0.67262
0.63196 0.49093 0.69462
0.62630 0.54202 0.63806
0.53999 0.51915 0.80791
0.46482 0.64681 0.62293
0.45153 0.56112 0.66206
0.69230 0.39379 0.70882
0.54704 0.64515 0.61694
0.50844 0.64763 0.52207
0.63609 0.42275 0.62271
0.68071 0.33024 0.66887
0.51074 0.73149 0.55755
0.62819 0.42729 0.73319
0.64296 0.39774 0.72294
0.57589 0.47946 0.58271
0.41883 0.63748 0.60595
0.44445 0.61504 0.56543
0.38931 0.77218 0.28053
0.61880 0.56262 0.52207
0.42245 0.74570 0.66325
0.53676 0.60947 0.37708
0.41814 0.59230 0.71103
0.46155 0.58488 0.72112
0.40047 0.66974 0.48483
0.55306 0.60716 0.45213
0.63593 0.36698 0.67775
0.53509 0.53749 0.46026
0.50335 0.74988 0.57189
0.57205 0.42630 0.67048
0.54783 0.49592 0.57659
0.38652 0.76300 0.41368
0.50509 0.53698 0.66980
0.47204 0.59961 0.45043
0.48394 0.71892 0.44733
0.58404 0.68310 0.59223
0.38523 0.69427 0.73501
0.50592 0.53080 0.60006
0.42715 0.61664 0.56305
0.41225 0.65946 0.61291
0.62992 0.54109 0.63034
0.38101 0.72084 0.53172
0.58475 0.47126 0.50227
0.40406 0.66461 0.45377
0.64383 0.36084 0.71013
0.64153 0.52975 0.62604
0.71768 0.26923 0.64964
0.55053 0.55832 0.55387
0.67891 0.26460 0.73453
0.42880 0.71992 0.48738
0.65878 0.40753 0.71288
0.48609 0.59569 0.68233
0.56293 0.54217 0.46569
0.58017 0.50027 0.43520
0.44607 0.59181 0.65284
0.50728 0.58052 0.45498
0.41745 0.75451 0.55885
