20 20 1000 27277 334
0.72859 0.67201 0.37106
0.13278 0.15967 0.73958
0.72408 0.90968 0.92087
0.97531 0.19457 0.70591
0.99447 0.92039 0.23844
0.50184 0.49818 0.49791
0.29103 0.58023 0.83058
0.56668 0.17455 0.98404
0.36866 0.17837 0.14131
0.43283 0.49961 0.97740
0.29855 0.99722 0.97892
0.25366 0.04885 0.20385
0.08622 0.73828 0.54206
0.91879 0.92111 0.28339
0.43926 0.57394 0.55825
0.32527 0.24164 0.31281
0.15779 0.58291 0.14326
0.01510 0.73942 0.31003
0.88859 0.35195 0.91597
0.30974 0.90404 0.54045
0.42449 0.48054 0.58080
0.53349 0.62746 0.55080
0.45804 0.57885 0.65794
0.45015 0.47478 0.55276
0.41785 0.61009 0.56398
0.50033 0.50160 0.60197
0.44210 0.58834 0.67337
0.35415 0.50234 0.48874
0.60276 0.69153 0.46454
0.55616 0.62133 0.53713
0.43681 0.52448 0.52752
0.52550 0.58751 0.60739
0.36990 0.55804 0.61099
0.53329 0.47620 0.42911
0.46653 0.51320 0.56083
0.50613 0.46885 0.54397
0.44010 0.58413 0.56976
0.64914 0.67898 0.46737
0.56711 0.53328 0.62418
0.43358 0.61409 0.59015
0.37743 0.51200 0.48972
0.49192 0.54719 0.51676
0.54253 0.61447 0.62131
0.53288 0.57779 0.66030
0.43741 0.52105 0.54756
0.43876 0.50892 0.68229
0.59155 0.67498 0.59831
0.48489 0.58929 0.50850
0.46211 0.49564 0.48107
0.56769 0.58940 0.54893
0.49099 0.57077 0.45997
0.42847 0.48391 0.60984
0.33504 0.55411 0.48229
0.48670 0.53979 0.60208
0.51007 0.43704 0.47414
0.52649 0.52364 0.61826
0.45860 0.56250 0.41051
0.53930 0.49922 0.44532
0.44904 0.63053 0.57440
0.43207 0.53266 0.56237
0.45375 0.55824 0.58552
0.45609 0.53873 0.54917
0.46122 0.57157 0.49359
0.45554 0.58788 0.62591
0.49761 0.52569 0.61487
0.41831 0.54139 0.49055
0.41809 0.61471 0.51628
0.40156 0.54036 0.48735
0.48504 0.69212 0.66767
0.35239 0.57510 0.57994
0.53544 0.61856 0.54225
0.47380 0.53429 0.56246
0.47512 0.56097 0.49367
0.47008 0.59352 0.62230
0.48068 0.56336 0.65126
0.50334 0.58171 0.60127
0.52235 0.50199 0.57682
0.43915 0.55338 0.55318
0.50586 0.47470 0.52714
0.52097 0.59853 0.59349
0.55755 0.51158 0.49016
0.53770 0.63017 0.40740
0.45946 0.50999 0.41886
0.47397 0.55432 0.65967
0.40185 0.56740 0.59308
0.50806 0.52877 0.51640
0.51054 0.60328 0.55595
0.53714 0.64177 0.48804
0.54833 0.51377 0.56999
0.48331 0.57261 0.59148
0.51981 0.53266 0.54826
0.46984 0.53683 0.64998
0.55482 0.55604 0.61792
0.43044 0.54365 0.50077
0.50818 0.49815 0.54501
0.38286 0.50911 0.44826
0.42825 0.58134 0.52726
0.46133 0.62214 0.57591
0.50413 0.59285 0.58924
0.47632 0.47694 0.56914
0.50295 0.61607 0.56009
0.52214 0.51839 0.59702
0.49304 0.57208 0.59014
0.56008 0.49215 0.59995
0.49773 0.68478 0.53984
0.46300 0.56672 0.50508
0.54417 0.60019 0.45427
0.52783 0.51615 0.49445
0.40951 0.50244 0.44516
0.52988 0.58377 0.60512
0.56107 0.62666 0.48658
0.43992 0.47202 0.53435
0.41203 0.65974 0.54612
0.48466 0.55590 0.63763
0.40281 0.44273 0.62401
0.49660 0.55054 0.45638
0.45953 0.52459 0.55173
0.41693 0.59577 0.52012
0.42545 0.49315 0.48360
0.40881 0.67880 0.63349
0.37320 0.52890 0.60430
0.47596 0.56331 0.56464
0.53821 0.41817 0.57854
0.49798 0.64237 0.60529
0.50249 0.53739 0.49408
0.36089 0.58160 0.49686
0.42150 0.53497 0.59117
0.53308 0.51633 0.63102
0.55737 0.48698 0.61473
0.46490 0.50912 0.55526
0.37864 0.42291 0.43197
0.47183 0.49308 0.56084
0.43371 0.60648 0.60665
0.47665 0.56268 0.52808
0.53892 0.48075 0.54158
0.42351 0.62601 0.64486
0.46727 0.52176 0.54643
0.47240 0.49400 0.44050
0.42059 0.48418 0.57279
0.39426 0.52626 0.46808
0.53557 0.46929 0.65540
0.44929 0.48249 0.44648
0.41700 0.51364 0.52222
0.51092 0.48317 0.66271
0.51095 0.64074 0.59192
0.58963 0.67309 0.49916
0.55232 0.52484 0.63377
0.47437 0.62934 0.54794
0.41734 0.52656 0.54937
0.54527 0.54852 0.52757
0.47332 0.62933 0.46935
0.46981 0.57976 0.45312
0.51730 0.63998 0.43101
0.57198 0.55673 0.61363
0.50093 0.59649 0.50353
0.48744 0.57620 0.50079
0.55474 0.62504 0.56724
0.38672 0.48245 0.57554
0.57288 0.51876 0.62822
0.39414 0.63952 0.71950
0.49476 0.38225 0.53144
0.46346 0.56460 0.58952
0.43029 0.63024 0.55898
0.50661 0.56162 0.59146
0.45537 0.61294 0.62435
0.42655 0.55458 0.50525
0.43615 0.51603 0.59123
0.60633 0.57440 0.55539
0.44734 0.44421 0.60976
0.44859 0.54524 0.61771
0.47441 0.54503 0.55818
0.58973 0.60161 0.59121
0.47670 0.67685 0.61372
0.57680 0.61211 0.52498
0.54818 0.64283 0.56514
0.54153 0.52281 0.50754
0.38820 0.49821 0.46455
0.46724 0.48974 0.45294
0.46555 0.60524 0.69345
0.44506 0.48679 0.45203
0.52577 0.51084 0.55563
0.52902 0.59439 0.70898
0.34597 0.59438 0.56361
0.43625 0.56112 0.56770
0.57273 0.63813 0.59916
0.40814 0.44753 0.57948
0.56076 0.48260 0.64682
0.49862 0.50866 0.54888
0.38674 0.55610 0.51783
0.44409 0.56210 0.51845
0.53985 0.49530 0.61784
0.52771 0.48547 0.59744
0.51468 0.54361 0.53858
0.51191 0.57718 0.63914
0.41354 0.52230 0.52266
0.37858 0.45065 0.49675
0.55389 0.50492 0.62970
0.58123 0.60261 0.53931
0.39726 0.53953 0.51948
0.44952 0.51745 0.56141
0.41028 0.51789 0.53127
0.63466 0.57955 0.61214
0.65046 0.59095 0.55849
0.57608 0.52718 0.56964
0.44331 0.47134 0.51382
0.46546 0.65496 0.52548
0.46930 0.50476 0.60708
0.41996 0.57489 0.59154
0.51470 0.49900 0.62401
0.43242 0.53681 0.59700
0.55347 0.57970 0.56825
0.47987 0.54911 0.45027
0.41112 0.62183 0.53401
0.45948 0.61686 0.56521
0.45025 0.66384 0.63682
0.51107 0.57797 0.53008
0.46654 0.48179 0.57333
0.45270 0.53824 0.51256
0.35697 0.58311 0.58352
0.58047 0.62777 0.53099
0.44013 0.59009 0.48917
0.46840 0.68153 0.67105
0.47016 0.59483 0.46287
0.53635 0.58079 0.60858
0.44420 0.39072 0.63693
0.52695 0.47261 0.60641
0.43227 0.47156 0.47961
0.51931 0.61263 0.51470
0.47135 0.49413 0.58305
0.47056 0.63839 0.51193
0.54638 0.53606 0.62690
0.38428 0.51282 0.64068
0.46901 0.53437 0.51131
0.38800 0.42769 0.46777
0.42971 0.54763 0.59111
0.46047 0.68182 0.55958
0.42787 0.60686 0.63175
0.46165 0.56110 0.56328
0.40826 0.48688 0.58779
0.51966 0.62177 0.65410
0.37971 0.55099 0.56852
0.49075 0.50381 0.59501
0.47144 0.53309 0.61311
0.51339 0.54624 0.53398
0.49930 0.60383 0.51912
0.49239 0.47440 0.45878
0.49190 0.55137 0.61074
0.44966 0.54286 0.70481
0.51603 0.43603 0.54279
0.50222 0.53962 0.51925
0.43578 0.65654 0.69637
0.50451 0.51086 0.74168
0.43840 0.52883 0.49320
0.41943 0.56765 0.66556
0.44265 0.49862 0.51599
0.57186 0.53192 0.58559
0.37244 0.55161 0.54457
0.46951 0.50991 0.43718
0.54264 0.44876 0.65657
0.45051 0.51251 0.55744
0.53005 0.60767 0.52919
0.47977 0.57489 0.61091
0.52035 0.50492 0.52100
0.41530 0.52707 0.48496
0.38469 0.57165 0.59912
0.51785 0.54543 0.67710
0.49876 0.53932 0.60741
0.41398 0.55988 0.50497
0.46298 0.54471 0.61511
0.53119 0.61373 0.65734
0.38621 0.59782 0.55681
0.38701 0.46900 0.53823
0.39475 0.43567 0.53221
0.47846 0.65394 0.64939
0.52143 0.50259 0.58710
0.46474 0.62456 0.60322
0.42716 0.60525 0.52343
0.50149 0.56531 0.55865
0.46272 0.61444 0.62904
0.41898 0.62949 0.60493
0.53589 0.58012 0.55854
0.38016 0.46241 0.55302
0.55121 0.51882 0.56309
0.43003 0.59669 0.45548
0.57135 0.55124 0.52656
0.50923 0.41918 0.57106
0.61790 0.57983 0.51408
0.52719 0.47192 0.61322
0.52171 0.50135 0.45763
0.52756 0.55591 0.54922
0.52260 0.51399 0.50004
0.46181 0.50619 0.55812
0.55815 0.50558 0.55902
0.51365 0.51872 0.64281
0.46521 0.62044 0.69733
0.46192 0.45147 0.57489
0.42501 0.61410 0.53771
0.40400 0.53822 0.55952
0.48869 0.40367 0.58058
0.56701 0.56607 0.57101
0.45438 0.61435 0.57625
0.49066 0.58355 0.73505
0.53949 0.60238 0.64338
0.52723 0.60230 0.51153
0.46333 0.54895 0.60608
0.48944 0.59083 0.65024
0.59042 0.50029 0.64566
0.47250 0.47592 0.58358
0.54119 0.59413 0.66565
0.42487 0.58284 0.52065
0.44518 0.50438 0.55753
0.54901 0.56616 0.49745
0.46460 0.56385 0.58665
0.41214 0.55801 0.54341
0.47583 0.53363 0.51151
0.50223 0.53537 0.61974
0.38776 0.58356 0.46669
0.35249 0.58686 0.63866
0.43861 0.61341 0.49677
0.51633 0.65755 0.68369
0.39882 0.45502 0.60786
0.49939 0.54812 0.60123
0.57129 0.59762 0.57616
0.51893 0.48461 0.56015
0.35204 0.67632 0.56712
0.49230 0.63135 0.41969
0.38304 0.62968 0.59774
0.45700 0.55190 0.61842
0.45622 0.52560 0.63844
0.50120 0.66002 0.43954
0.47358 0.56153 0.53650
0.51056 0.50870 0.68789
0.44894 0.69605 0.56830
0.49894 0.57150 0.49790
0.45701 0.54563 0.52818
0.53361 0.55313 0.58236
0.53152 0.45404 0.61887
0.43720 0.48778 0.53554
0.57885 0.56106 0.53540
0.59553 0.57767 0.55986
0.32214 0.41478 0.55569
0.46525 0.55314 0.63374
0.59145 0.62416 0.51486
0.51463 0.56896 0.55557
0.48366 0.58187 0.57606
0.46484 0.59188 0.63030
0.40547 0.48394 0.59343
0.42830 0.61146 0.54603
0.61782 0.49570 0.67895
0.38459 0.40986 0.50687
0.50480 0.44283 0.55742
0.44823 0.56766 0.56195
0.40580 0.48649 0.51023
0.40424 0.53677 0.59585
0.31127 0.42473 0.39806
0.42291 0.51794 0.56217
0.56779 0.57556 0.66895
0.40623 0.52812 0.50767
0.48134 0.63018 0.49471
0.42493 0.50325 0.51598
0.50577 0.57231 0.58573
0.50639 0.63679 0.48050
0.37424 0.52207 0.48794
0.39319 0.53885 0.67119
0.56962 0.54652 0.57118
0.48963 0.45343 0.52405
0.40334 0.49000 0.45867
0.35441 0.58197 0.57886
0.48436 0.62283 0.57374
0.56877 0.66050 0.59790
0.45804 0.53843 0.59542
0.54008 0.51628 0.64269
0.39020 0.57510 0.58933
0.48117 0.51925 0.50706
0.53139 0.59432 0.53402
0.46430 0.48292 0.56480
0.48788 0.58242 0.59316
0.39263 0.43743 0.63253
0.46494 0.44778 0.55956
0.43672 0.57393 0.57734
0.46211 0.52753 0.56976
0.47643 0.60080 0.54132
0.44608 0.55793 0.55098
0.46020 0.48479 0.52260
0.49168 0.54925 0.56339
0.59304 0.48034 0.60190
0.49769 0.46041 0.57585
0.45907 0.50919 0.56268
0.50838 0.41671 0.63400
0.58393 0.45849 0.56458
0.59158 0.74716 0.48987
0.45456 0.46520 0.49026
0.51254 0.46546 0.62928
0.48338 0.59030 0.61195
0.47530 0.61024 0.48001
0.53519 0.51271 0.53744
0.32346 0.58644 0.50814
0.38049 0.56727 0.58009
0.53524 0.55946 0.47645
0.41189 0.52680 0.68443
0.42873 0.49196 0.56129
0.37060 0.62190 0.58881
0.43933 0.51489 0.61515
0.56508 0.63884 0.40771
0.49418 0.57692 0.53548
0.52122 0.70043 0.63309
0.41499 0.52747 0.54446
0.48337 0.42716 0.59196
0.48051 0.61184 0.72037
0.49696 0.40778 0.66615
0.45833 0.50165 0.52163
0.59308 0.72031 0.52266
0.57356 0.63412 0.66143
0.44493 0.51549 0.54569
0.38547 0.48068 0.57693
0.41401 0.63181 0.63173
0.55414 0.65331 0.61352
0.47974 0.65506 0.58227
0.58523 0.57150 0.54469
0.43204 0.51537 0.58022
0.52029 0.60141 0.61745
0.58158 0.59798 0.57345
0.54515 0.52918 0.58107
0.42733 0.62221 0.49200
0.48018 0.56322 0.51448
0.42771 0.54632 0.51481
0.52576 0.53470 0.59286
0.43356 0.43889 0.51628
0.49879 0.56705 0.53555
0.51683 0.48993 0.67597
0.54202 0.60112 0.64925
0.48086 0.65328 0.56190
0.45170 0.50873 0.42836
0.46787 0.45150 0.65024
0.45871 0.46337 0.63061
0.55022 0.50323 0.47375
0.45935 0.57465 0.50344
0.44418 0.43620 0.71510
0.50028 0.53716 0.53564
0.51475 0.52438 0.51763
0.42447 0.59368 0.60371
0.50602 0.58045 0.49285
0.42181 0.49170 0.63852
0.51690 0.56561 0.45186
0.44289 0.50546 0.56401
0.44116 0.44009 0.49602
0.39418 0.54969 0.49369
0.47072 0.55474 0.50742
0.36029 0.55256 0.60093
0.52005 0.65052 0.51805
0.43919 0.50578 0.40808
0.31281 0.58685 0.57545
0.62125 0.58599 0.47664
0.46412 0.57474 0.59245
0.48005 0.44162 0.58467
0.53762 0.45136 0.53889
0.38316 0.55785 0.47258
0.45706 0.46978 0.62218
0.52612 0.42115 0.57292
0.49612 0.47617 0.58676
0.44609 0.51718 0.70475
0.44686 0.60715 0.52215
0.56741 0.50896 0.46010
0.44893 0.56584 0.65909
0.33194 0.48895 0.46819
0.41260 0.66514 0.67966
0.64730 0.61439 0.42243
0.44926 0.54382 0.49605
0.46274 0.50379 0.55508
0.43035 0.47129 0.59701
0.50821 0.44614 0.68571
0.43715 0.61981 0.56687
0.39528 0.49508 0.53922
0.49715 0.43508 0.48209
0.56285 0.60027 0.67518
0.53464 0.58714 0.51853
0.52349 0.49018 0.53653
0.40441 0.59354 0.60039
0.49115 0.57196 0.68838
0.49963 0.53896 0.67150
0.46169 0.58776 0.43801
0.47556 0.55778 0.53005
0.40560 0.49924 0.51643
0.50711 0.57709 0.54579
0.44913 0.54848 0.47308
0.45739 0.50213 0.54656
0.53007 0.46163 0.55767
0.40948 0.53537 0.50380
0.47103 0.60564 0.49709
0.39353 0.61532 0.51037
0.38981 0.40231 0.49831
0.48131 0.56774 0.53553
0.44379 0.42873 0.55785
0.52194 0.53954 0.63848
0.49077 0.50607 0.64097
0.44467 0.51283 0.47301
0.52727 0.60719 0.47913
0.44593 0.52229 0.48887
0.54687 0.51359 0.63549
0.41652 0.58560 0.49719
0.54894 0.58200 0.56810
0.43509 0.53457 0.61761
0.51568 0.56548 0.50187
0.61204 0.65475 0.51870
0.43695 0.60211 0.69375
0.42974 0.42617 0.57111
0.43030 0.63304 0.50627
0.39158 0.52627 0.49885
0.51507 0.42003 0.59375
0.49095 0.50629 0.60673
0.45933 0.55217 0.46936
0.39436 0.51602 0.56579
0.37344 0.47637 0.48310
0.41817 0.52598 0.59548
0.61210 0.60822 0.69547
0.43245 0.58896 0.61098
0.54815 0.56109 0.52448
0.40016 0.57620 0.62724
0.51511 0.70849 0.61205
0.58180 0.62242 0.62299
0.41498 0.53232 0.52393
0.49333 0.53147 0.57236
0.49500 0.55264 0.51432
0.50976 0.53376 0.65313
0.50153 0.49114 0.55767
0.53916 0.59695 0.47375
0.34501 0.58132 0.48057
0.45556 0.59816 0.56062
0.49930 0.63877 0.52947
0.42844 0.58805 0.57568
0.38977 0.62505 0.69629
0.51303 0.46764 0.54630
0.37877 0.61014 0.52328
0.52464 0.48755 0.55122
0.35034 0.41341 0.57380
0.45763 0.48131 0.63094
0.64393 0.57569 0.55195
0.46174 0.67086 0.60856
0.58170 0.55617 0.59843
0.49326 0.48322 0.54440
0.42849 0.52914 0.53639
0.43913 0.57238 0.52127
0.49277 0.61644 0.49787
0.48538 0.56765 0.57267
0.34638 0.60786 0.67579
0.44452 0.50308 0.48483
0.46218 0.54427 0.54173
0.51658 0.60813 0.63681
0.39809 0.57624 0.55724
0.42686 0.40854 0.53759
0.48668 0.57485 0.55992
0.53560 0.55384 0.60153
0.54544 0.53315 0.53887
0.42206 0.56369 0.61215
0.43530 0.58935 0.52969
0.46957 0.53522 0.64128
0.56962 0.57288 0.54753
0.49661 0.55615 0.58230
0.48925 0.51668 0.59504
0.51021 0.51216 0.61682
0.42523 0.56496 0.59166
0.46314 0.49900 0.51503
0.39003 0.47298 0.58017
0.55530 0.51628 0.69263
0.46108 0.45782 0.52397
0.50730 0.49124 0.47942
0.40303 0.57690 0.54519
0.38428 0.57680 0.45325
0.49027 0.46590 0.50594
0.56369 0.54733 0.54048
0.49610 0.47717 0.63216
0.62449 0.45810 0.60630
0.48063 0.52652 0.50562
0.58383 0.53664 0.49475
0.44154 0.66253 0.64723
0.47243 0.51609 0.50022
0.45323 0.58942 0.65981
0.43021 0.59044 0.50614
0.46546 0.66793 0.54685
0.39395 0.48423 0.52950
0.51926 0.48729 0.66489
0.47098 0.54356 0.58254
0.49030 0.50546 0.63525
0.53531 0.51068 0.51864
0.41388 0.57519 0.53868
0.56085 0.50767 0.57983
0.38411 0.47014 0.53763
0.40474 0.56593 0.50983
0.42791 0.46615 0.38992
0.42983 0.66991 0.55522
0.50208 0.53682 0.51568
0.57148 0.57060 0.47207
0.47514 0.45354 0.62085
0.53263 0.58851 0.63235
0.39310 0.42368 0.61071
0.43750 0.43772 0.55376
0.38652 0.53889 0.60650
0.39244 0.68215 0.54220
0.51748 0.51261 0.67075
0.45257 0.41734 0.49448
0.45375 0.55563 0.47827
0.31478 0.50674 0.43080
0.46829 0.45593 0.54920
0.41806 0.60028 0.55655
0.41816 0.49658 0.51578
0.44960 0.59064 0.51276
0.47673 0.61455 0.52498
0.49249 0.54641 0.57730
0.37524 0.49625 0.68182
0.54499 0.46127 0.69999
0.36368 0.53655 0.56883
0.46993 0.38686 0.58404
0.53548 0.54360 0.58322
0.41917 0.62320 0.56199
0.54217 0.52613 0.64548
0.50997 0.57225 0.58346
0.50706 0.50432 0.53198
0.50845 0.59582 0.48526
0.41898 0.48692 0.47733
0.45996 0.61865 0.66231
0.40128 0.60277 0.52423
0.57234 0.60854 0.52714
0.46234 0.61779 0.45397
0.39018 0.61930 0.62039
0.45076 0.51584 0.50732
0.58547 0.58633 0.57331
0.42619 0.49220 0.52946
0.36432 0.52109 0.52860
0.35556 0.53303 0.46838
0.53637 0.60037 0.48892
0.49796 0.55115 0.59315
0.50013 0.59079 0.55934
0.40761 0.55307 0.54484
0.46902 0.48525 0.52216
0.52271 0.52063 0.43952
0.39265 0.52366 0.54776
0.32898 0.60884 0.50796
0.45097 0.52272 0.68153
0.39259 0.44891 0.64222
0.45343 0.51461 0.41994
0.40378 0.45715 0.58321
0.37721 0.52283 0.52678
0.47982 0.53295 0.59575
0.43300 0.53056 0.52990
0.49480 0.54584 0.56923
0.55478 0.55250 0.59552
0.40671 0.66583 0.61552
0.40995 0.59344 0.53552
0.46397 0.56440 0.48736
0.44037 0.58116 0.52823
0.55150 0.58101 0.56811
0.47049 0.51586 0.61141
0.35004 0.56394 0.63417
0.43751 0.52385 0.63930
0.50472 0.64563 0.43805
0.41598 0.60158 0.55423
0.47010 0.60847 0.61063
0.51038 0.54352 0.56365
0.37780 0.51733 0.65557
0.41271 0.47095 0.55717
0.47790 0.55427 0.60550
0.48225 0.50464 0.59819
0.54350 0.53311 0.53579
0.44353 0.55074 0.60257
0.52285 0.61982 0.49009
0.38519 0.53655 0.54755
0.52898 0.62613 0.54066
0.56015 0.45111 0.61132
0.43034 0.52841 0.52360
0.39430 0.48097 0.62206
0.37863 0.56404 0.45773
0.46609 0.59770 0.53175
0.40140 0.49768 0.59674
0.39548 0.52901 0.56822
0.50285 0.53013 0.64162
0.57234 0.53095 0.64649
0.41145 0.53251 0.52635
0.47508 0.52866 0.55463
0.49935 0.64599 0.51033
0.49557 0.51298 0.54456
0.42360 0.52960 0.52068
0.41900 0.63873 0.51945
0.53614 0.58018 0.54806
0.44141 0.63725 0.63298
0.49954 0.64992 0.63280
0.51070 0.47623 0.54762
0.51075 0.45079 0.57268
0.50475 0.59215 0.57842
0.45421 0.61346 0.50438
0.45363 0.58249 0.48127
0.58811 0.58793 0.41773
0.43363 0.59147 0.59013
0.38231 0.54484 0.43742
0.40103 0.54842 0.48017
0.38539 0.61802 0.55961
0.42775 0.58905 0.56294
0.41048 0.48480 0.56280
0.48922 0.62309 0.53522
0.45345 0.48428 0.58786
0.47502 0.55937 0.46664
0.60683 0.61045 0.45597
0.56100 0.58946 0.49954
0.39871 0.56014 0.49402
0.40483 0.57347 0.52876
0.55568 0.61844 0.58454
0.44087 0.58514 0.65419
0.49331 0.54205 0.60405
0.46339 0.42783 0.55609
0.66439 0.63473 0.46919
0.42430 0.47132 0.54370
0.51267 0.51628 0.56580
0.49588 0.50814 0.48801
0.45957 0.51088 0.55913
0.48716 0.56026 0.57467
0.40127 0.49860 0.64137
0.43052 0.59399 0.71525
0.48062 0.50792 0.49175
0.50200 0.42584 0.50725
0.36769 0.53706 0.59304
0.36874 0.54564 0.60145
0.42464 0.60445 0.57301
0.50918 0.50859 0.58642
0.56734 0.54140 0.69191
0.41671 0.56634 0.63773
0.39148 0.53127 0.54144
0.47805 0.58069 0.60530
0.46014 0.58270 0.60942
0.37346 0.59806 0.63755
0.49417 0.40494 0.64844
0.44938 0.43417 0.57236
0.37256 0.61491 0.52837
0.43122 0.56944 0.49044
0.44041 0.47462 0.52397
0.39008 0.46032 0.51927
0.51244 0.46584 0.59444
0.53075 0.59254 0.60611
0.40545 0.47464 0.49210
0.39770 0.50292 0.59138
0.39802 0.49861 0.53367
0.59112 0.49062 0.54606
0.42531 0.46051 0.62630
0.56016 0.45975 0.62219
0.42664 0.67585 0.69428
0.56126 0.55648 0.65055
0.52925 0.52054 0.60601
0.51785 0.75040 0.52206
0.40692 0.52151 0.43816
0.43273 0.51435 0.65028
0.47813 0.58433 0.53298
0.44908 0.48946 0.57879
0.49716 0.60106 0.52783
0.51614 0.54818 0.60155
0.42752 0.56410 0.51249
0.49092 0.53598 0.56308
0.45417 0.59617 0.49389
0.48256 0.42040 0.65815
0.55829 0.53212 0.45551
0.46817 0.51553 0.56061
0.52021 0.46714 0.71085
0.51210 0.61127 0.61797
0.56558 0.50196 0.55827
0.43654 0.53594 0.56711
0.42509 0.51926 0.69227
0.45605 0.52953 0.57993
0.43352 0.52407 0.54972
0.57820 0.46502 0.59724
0.32267 0.59480 0.49611
0.41808 0.50738 0.49150
0.43378 0.49929 0.58764
0.46056 0.58961 0.53219
0.50151 0.49981 0.57767
0.62519 0.49203 0.65587
0.52257 0.58554 0.41680
0.47475 0.53732 0.64999
0.44726 0.59606 0.56911
0.46181 0.59205 0.49779
0.47842 0.59697 0.65533
0.50701 0.51447 0.43136
0.50011 0.49910 0.68404
0.41769 0.53915 0.42628
0.59989 0.46472 0.65709
0.51874 0.57031 0.63768
0.40075 0.62377 0.42802
0.47962 0.63933 0.56134
0.42097 0.54253 0.66752
0.45644 0.56758 0.50797
0.48367 0.53980 0.47272
0.52649 0.47424 0.65279
0.49635 0.50774 0.55495
0.38609 0.47146 0.53652
0.48567 0.61233 0.51354
0.44390 0.60550 0.51408
0.56354 0.65046 0.49130
0.43809 0.51640 0.68730
0.53763 0.61564 0.60688
0.38872 0.61761 0.48469
0.50148 0.66381 0.57552
0.42901 0.52104 0.46099
0.47638 0.44113 0.41792
0.37555 0.52598 0.56342
0.42315 0.47548 0.62460
0.50055 0.55704 0.51117
0.41306 0.51150 0.52476
0.57508 0.55124 0.44519
0.48838 0.47119 0.56821
0.44127 0.57766 0.58342
0.36945 0.54554 0.56968
0.54123 0.53835 0.48669
0.45887 0.54022 0.64896
0.60976 0.66153 0.43302
0.49893 0.61208 0.55291
0.58175 0.52605 0.62292
0.51828 0.47469 0.67537
0.60959 0.70008 0.48317
0.52407 0.66078 0.56271
0.42888 0.57346 0.55400
0.43149 0.58833 0.51329
0.40129 0.51747 0.57868
0.55257 0.61819 0.54462
0.51316 0.48416 0.62477
0.51076 0.46375 0.56482
0.42058 0.62381 0.61702
0.44660 0.59076 0.59877
0.43365 0.59903 0.72956
0.52136 0.60966 0.53978
0.45530 0.55661 0.50673
0.41087 0.56343 0.60025
0.52776 0.59502 0.53709
0.42707 0.61810 0.53258
0.53762 0.46278 0.65045
0.49727 0.55588 0.60458
0.49944 0.49070 0.46994
0.40965 0.45162 0.59984
0.37614 0.53553 0.52295
0.33458 0.59682 0.50720
0.32701 0.58503 0.49353
0.55233 0.52940 0.57559
0.48551 0.55140 0.52211
0.46196 0.51403 0.62278
0.35849 0.48284 0.46016
0.42094 0.62389 0.50007
0.43114 0.68022 0.54856
0.36166 0.43574 0.58178
0.42276 0.61850 0.54132
0.42473 0.54865 0.54513
0.46951 0.51540 0.57505
0.39854 0.56546 0.46742
0.45351 0.54204 0.41463
0.39047 0.70372 0.63403
0.47809 0.46980 0.54489
0.49962 0.57051 0.59724
0.51115 0.49670 0.56280
0.55294 0.62298 0.58461
0.35002 0.58281 0.51515
0.51925 0.49145 0.63262
0.40404 0.66089 0.51850
0.44389 0.49293 0.44824
0.47112 0.59209 0.53579
0.44764 0.62488 0.62305
0.44703 0.50439 0.63325
0.32911 0.56757 0.44582
0.43897 0.47532 0.55487
0.28772 0.58978 0.54967
0.35903 0.67003 0.50723
0.54732 0.51378 0.46620
0.42268 0.46598 0.47850
0.52666 0.56990 0.61776
0.36582 0.61096 0.64011
0.45239 0.50349 0.50688
0.54223 0.65821 0.64064
0.47533 0.55183 0.49268
0.50135 0.62081 0.60282
0.47651 0.48407 0.59230
0.40889 0.61114 0.49765
0.45758 0.58997 0.55655
0.34343 0.46885 0.60775
0.47691 0.53510 0.45402
0.42804 0.42268 0.57128
0.47236 0.51763 0.46812
0.47375 0.48606 0.60173
0.43725 0.50589 0.46540
0.48939 0.54363 0.58522
0.44301 0.46030 0.53258
0.52727 0.49985 0.48724
0.37902 0.56230 0.56802
0.51226 0.54957 0.48404
0.47247 0.60594 0.58906
0.37595 0.42722 0.51302
0.54000 0.51591 0.60378
0.51338 0.51486 0.47534
0.42540 0.54475 0.64318
0.56315 0.50353 0.52098
0.50416 0.51172 0.61593
0.34881 0.56567 0.63651
0.37429 0.57686 0.47964
0.35362 0.54173 0.62114
0.47055 0.57583 0.64402
0.45409 0.60062 0.62389
0.57525 0.54234 0.59292
0.44573 0.53934 0.71957
0.47486 0.53703 0.62281
0.46474 0.57566 0.59229
0.41287 0.59434 0.67099
0.41017 0.46662 0.46824
0.44665 0.58036 0.58160
0.49478 0.59250 0.59503
0.36527 0.60110 0.55354
0.52471 0.55964 0.60729
0.54955 0.54656 0.57398
0.57320 0.56319 0.63638
0.55865 0.46293 0.50763
0.53601 0.55188 0.70444
0.50513 0.58306 0.57572
0.52764 0.60726 0.58190
0.53379 0.53869 0.48492
0.55610 0.59779 0.57548
0.46271 0.49035 0.49012
0.56663 0.69936 0.55842
0.31614 0.64722 0.55075
0.49632 0.51313 0.55372
0.62612 0.58772 0.58633
0.49567 0.53458 0.64707
0.51611 0.43080 0.53452
0.55278 0.64364 0.55091
0.55342 0.54944 0.63105
0.41541 0.51822 0.59032
0.42623 0.59163 0.54064
0.35281 0.42244 0.49003
0.50875 0.61458 0.58117
0.49605 0.53012 0.55598
0.36228 0.49505 0.51929
0.50860 0.43227 0.59581
0.39896 0.46101 0.54003
0.38609 0.65404 0.46091
0.44394 0.48575 0.39601
0.44382 0.43637 0.51773
0.47031 0.42358 0.57574
0.52537 0.54623 0.49183
0.37457 0.54742 0.51043
0.52385 0.52790 0.52501
0.37097 0.60080 0.55165
0.54872 0.60394 0.47494
0.39882 0.61540 0.69533
0.44177 0.55201 0.52375
0.40401 0.39237 0.43720
0.49117 0.55991 0.48166
0.43248 0.62446 0.66711
0.35143 0.62962 0.58486
0.45495 0.52611 0.59815
0.46240 0.50850 0.60799
0.40195 0.51196 0.63145
0.55837 0.71227 0.43946
0.40920 0.56339 0.59422
0.38544 0.51245 0.45477
0.53708 0.48872 0.58972
0.37332 0.54165 0.56693
0.46878 0.40806 0.54778
0.53645 0.48119 0.58778
0.45313 0.56726 0.59430
0.42727 0.48350 0.53424
0.35927 0.51956 0.51748
0.50297 0.39239 0.70896
0.39158 0.62353 0.54664
0.40959 0.54188 0.62033
0.49480 0.47976 0.58379
0.52456 0.58163 0.49158
0.42741 0.49051 0.58394
0.36355 0.54835 0.52799
0.49942 0.65112 0.54081
0.66026 0.64968 0.52933
0.56723 0.61006 0.61863
0.56086 0.47057 0.63763
0.49288 0.54307 0.61534
0.36266 0.45201 0.55665
0.44377 0.56874 0.63005
0.53380 0.64764 0.54243
0.44409 0.43060 0.48706
0.50319 0.55542 0.59936
0.46946 0.55260 0.62464
0.38366 0.45209 0.57617
0.54268 0.34756 0.53393
0.43251 0.57240 0.67836
0.58979 0.50288 0.55534
0.48746 0.57824 0.55361
0.43452 0.57786 0.46260
0.46417 0.55570 0.57916
0.50004 0.52673 0.53899
0.45602 0.42324 0.59794
0.45292 0.46151 0.49964
0.31453 0.48135 0.50268
0.41091 0.43908 0.58277
0.47131 0.54605 0.60411
0.38624 0.39453 0.53578
0.50092 0.56729 0.57560
0.35523 0.50082 0.46854
0.36957 0.44450 0.51959
0.42760 0.49012 0.58129
0.45735 0.51080 0.57288
0.44596 0.49977 0.50434
0.48428 0.57256 0.46815
0.40552 0.59223 0.58215
0.58958 0.51364 0.57287
0.47797 0.59102 0.53785
0.43549 0.50813 0.47210
0.47774 0.52464 0.59830
0.37086 0.53390 0.57548
0.55418 0.61043 0.51041
0.35333 0.53395 0.50806
0.39337 0.53806 0.58749
0.50206 0.50119 0.48927
0.61571 0.48400 0.52352
0.35636 0.48661 0.59744
0.59494 0.66036 0.53249
0.49109 0.56793 0.55380
0.53018 0.60537 0.57251
0.52907 0.66392 0.62108
0.38574 0.57001 0.50920
0.54006 0.43066 0.67041
0.47461 0.54971 0.62442
0.55888 0.56278 0.65330
