20 4 1000 29670 72
0.82574 0.98253 0.65950
0.80644 0.92509 0.87761
0.10291 0.45349 0.15988
0.42374 0.10241 0.80434
0.58508 0.78562 0.57689
0.68057 0.67097 0.83843
0.62586 0.67655 0.65124
0.54039 0.49886 0.71812
0.48906 0.49783 0.66066
0.48152 0.52415 0.58151
0.59486 0.70120 0.62137
0.51314 0.71225 0.48358
0.68844 0.81987 0.68015
0.59483 0.63436 0.63252
0.37031 0.24410 0.64285
0.34692 0.56844 0.40547
0.26275 0.47154 0.36846
0.55634 0.68670 0.64562
0.69878 0.72363 0.83944
0.69252 0.78316 0.74256
0.41367 0.48643 0.52614
0.68818 0.82934 0.70390
0.28033 0.43595 0.40667
0.63249 0.80067 0.66755
0.75135 0.84416 0.77392
0.46000 0.37765 0.67950
0.49315 0.39999 0.72555
0.76769 0.86537 0.82133
0.55007 0.56404 0.72053
0.52455 0.39294 0.77826
0.54657 0.42521 0.79310
0.43848 0.56827 0.56186
0.63384 0.77501 0.57713
0.34635 0.59600 0.40699
0.58760 0.64497 0.64931
0.33330 0.31804 0.54138
0.52278 0.40305 0.76143
0.17516 0.48906 0.22493
0.49965 0.33756 0.73778
0.46947 0.39532 0.65107
0.50976 0.41499 0.70294
0.42990 0.51742 0.55877
0.53388 0.58138 0.67625
0.73367 0.80957 0.69401
0.49773 0.69230 0.49215
0.56104 0.69036 0.64396
0.61026 0.72994 0.58140
0.43892 0.27324 0.71392
0.75676 0.87622 0.77834
0.59375 0.75227 0.62506
0.77325 0.86749 0.80352
0.34937 0.61195 0.34689
0.51621 0.44125 0.67537
0.49078 0.34623 0.71515
0.57600 0.55075 0.75763
0.66021 0.66657 0.79573
0.55408 0.52162 0.68579
0.53706 0.75693 0.52677
0.57538 0.57453 0.74799
0.49084 0.41850 0.66719
0.63960 0.61748 0.71475
0.50403 0.40270 0.68684
0.44651 0.55130 0.53399
0.55396 0.61543 0.66032
0.57876 0.56202 0.67488
0.63991 0.60346 0.71941
0.43022 0.43788 0.58937
0.40654 0.62309 0.47446
0.75992 0.83122 0.83027
0.48423 0.67366 0.49400
0.60569 0.76849 0.55333
0.59768 0.48983 0.82661
0.43680 0.47255 0.56036
0.66417 0.76187 0.69997
0.72093 0.84336 0.78514
0.70908 0.72759 0.74714
0.48328 0.68929 0.54341
0.65959 0.77285 0.62739
0.37003 0.59517 0.42836
0.52404 0.66374 0.53346
0.66910 0.64989 0.74131
0.52712 0.46977 0.71656
0.64212 0.76559 0.70526
0.60556 0.64493 0.72406
0.49726 0.56461 0.56111
0.65888 0.83322 0.68706
0.48605 0.36916 0.69531
0.60779 0.70713 0.67580
0.69634 0.70153 0.78785
0.34226 0.46528 0.46605
0.62383 0.54811 0.76040
0.71989 0.83509 0.64651
0.29178 0.46563 0.40839
0.33858 0.38749 0.50972
0.63466 0.74962 0.69284
0.47574 0.61522 0.50094
0.34656 0.56509 0.40165
0.34259 0.54604 0.38834
0.46836 0.66562 0.47334
0.68616 0.84625 0.60080
0.62959 0.79726 0.66853
0.45046 0.20139 0.77221
0.30691 0.32877 0.51217
0.35702 0.39731 0.53128
0.69970 0.79859 0.73309
0.75108 0.88161 0.74406
0.45320 0.69313 0.45197
0.41681 0.52845 0.51567
0.52155 0.54173 0.61312
0.51252 0.61691 0.59281
0.53541 0.69514 0.62360
0.52505 0.71231 0.49965
0.73467 0.79284 0.83355
0.43377 0.56774 0.51779
0.68138 0.73316 0.79073
0.47865 0.44799 0.66141
0.65636 0.62247 0.72529
0.45355 0.63017 0.53774
0.33436 0.54995 0.42469
0.71395 0.80612 0.77867
0.72876 0.89679 0.63171
0.58069 0.73323 0.62334
0.50134 0.65366 0.54584
0.56143 0.72504 0.53931
0.63377 0.75536 0.70430
0.52418 0.62604 0.54915
0.60323 0.54970 0.72604
0.76294 0.88560 0.74150
0.53603 0.56767 0.60753
0.55915 0.66350 0.61981
0.19986 0.41262 0.31458
0.46790 0.44324 0.64790
0.77241 0.88775 0.79696
0.54482 0.71867 0.58624
0.51904 0.62551 0.56484
0.57042 0.63111 0.62406
0.67082 0.75781 0.63867
0.71719 0.77812 0.79043
0.58354 0.65427 0.62894
0.24944 0.49694 0.31586
0.63624 0.65885 0.76291
0.74578 0.83212 0.77627
0.19546 0.45270 0.27646
0.60270 0.75621 0.57244
0.41938 0.65863 0.40019
0.72536 0.88293 0.66542
0.38218 0.53541 0.49718
0.58858 0.53979 0.73271
0.42856 0.66461 0.44256
0.68656 0.81886 0.66307
0.50988 0.62728 0.56040
0.37764 0.35372 0.59096
0.66257 0.63476 0.79831
0.57591 0.64542 0.64299
0.78268 0.91145 0.79457
0.52819 0.65227 0.56555
0.38921 0.30009 0.64130
0.34652 0.54885 0.41344
0.63980 0.57742 0.78169
0.52043 0.41038 0.73763
0.67108 0.64530 0.77838
0.35269 0.39155 0.51989
0.47108 0.60714 0.58478
0.57086 0.49304 0.70486
0.25928 0.37230 0.42332
0.57341 0.73852 0.54672
0.49664 0.58628 0.62404
0.39777 0.54180 0.47686
0.57513 0.43306 0.79331
0.64892 0.62201 0.71574
0.71670 0.79415 0.78521
0.47872 0.48071 0.60779
0.35523 0.59633 0.40557
0.18154 0.43758 0.27118
0.50452 0.57766 0.61535
0.57145 0.60695 0.63060
0.54448 0.71492 0.52421
0.51753 0.69454 0.56924
0.47352 0.62350 0.53819
0.67494 0.72389 0.67052
0.29548 0.30981 0.50103
0.69873 0.88238 0.57732
0.49817 0.45962 0.65080
0.62456 0.54814 0.74476
0.44790 0.39946 0.64977
0.71281 0.74474 0.72496
0.35972 0.41853 0.51457
0.62393 0.79218 0.58425
0.58932 0.67968 0.64327
0.57512 0.69675 0.56092
0.56613 0.74798 0.62879
0.59509 0.77357 0.65534
0.63062 0.80567 0.64157
0.45411 0.56078 0.56177
0.72009 0.79507 0.67414
0.31257 0.50216 0.39688
0.78253 0.93426 0.67794
0.71466 0.86334 0.69821
0.52095 0.69423 0.52857
0.56550 0.52120 0.76757
0.28791 0.57552 0.29940
0.54423 0.70753 0.52678
0.73191 0.82717 0.68646
0.78299 0.91589 0.79856
0.33482 0.56973 0.40555
0.65195 0.64934 0.71100
0.48681 0.43598 0.68796
0.30812 0.44891 0.41638
0.68815 0.86761 0.58643
0.49830 0.63427 0.57128
0.54600 0.72995 0.58542
0.58226 0.74860 0.65996
0.73821 0.78662 0.75166
0.39878 0.54910 0.45238
0.50908 0.68081 0.49957
0.65429 0.80820 0.61214
0.34067 0.52131 0.43439
0.65494 0.75424 0.70040
0.55591 0.70581 0.56212
0.34337 0.54312 0.41057
0.55189 0.73395 0.60993
0.64580 0.68867 0.66965
0.51927 0.34663 0.78128
0.39591 0.47394 0.53615
0.57616 0.47948 0.72856
0.55080 0.72857 0.56246
0.41559 0.22543 0.71783
0.73453 0.90463 0.64765
0.70303 0.82744 0.67570
0.76840 0.90214 0.72586
0.67867 0.85737 0.57300
0.57126 0.59452 0.70311
0.43755 0.64068 0.47462
0.36560 0.40181 0.53872
0.63856 0.75639 0.71723
0.68922 0.83247 0.65678
0.32953 0.43631 0.45540
0.69465 0.73475 0.75383
0.63079 0.60991 0.71363
0.53810 0.54509 0.64763
0.71921 0.87170 0.73321
0.47996 0.24675 0.79462
0.72452 0.86338 0.77909
0.63928 0.79801 0.56551
0.77235 0.88684 0.81415
0.67991 0.79344 0.76338
0.69510 0.70306 0.77525
0.36755 0.41471 0.54553
0.60725 0.69885 0.64244
0.67092 0.67906 0.81230
0.37102 0.47514 0.49794
0.46524 0.45408 0.63143
0.32074 0.51893 0.42446
0.65113 0.64469 0.77272
0.63652 0.77365 0.68148
0.52814 0.60800 0.65546
0.63467 0.72854 0.65572
0.63773 0.70127 0.66511
0.51663 0.42026 0.71146
0.59865 0.68198 0.64555
0.73349 0.86739 0.76758
0.44147 0.64895 0.47754
0.56972 0.65964 0.58221
0.51703 0.67547 0.56362
0.41563 0.19557 0.73144
0.50036 0.68804 0.51240
0.69739 0.85071 0.61267
0.57479 0.68750 0.57671
0.52248 0.49587 0.70172
0.48034 0.57999 0.58895
0.76246 0.87929 0.80385
0.80411 0.92838 0.84658
0.36435 0.59866 0.44261
0.61990 0.66999 0.65105
0.46818 0.50762 0.61676
0.53528 0.37994 0.75376
0.70005 0.73271 0.77663
0.40470 0.44429 0.56465
0.45065 0.49731 0.57145
0.52721 0.71376 0.49058
0.39565 0.56910 0.45158
0.63198 0.63620 0.68835
0.60870 0.56221 0.72108
0.61055 0.58090 0.73523
0.40240 0.61891 0.46989
0.52341 0.51026 0.63480
0.59910 0.64607 0.64402
0.47361 0.51721 0.64069
0.48096 0.41393 0.66432
0.61943 0.68737 0.65182
0.44623 0.61469 0.49987
0.55833 0.73018 0.59311
0.38826 0.30314 0.61963
0.58000 0.66533 0.60195
0.37063 0.33895 0.58134
0.31148 0.46566 0.40986
0.75758 0.86539 0.71707
0.44941 0.35087 0.69996
0.61780 0.80710 0.55835
0.31839 0.48107 0.44009
0.52008 0.60336 0.62068
0.58058 0.62309 0.71785
0.52537 0.74594 0.47772
0.74970 0.89045 0.78829
0.47593 0.68071 0.49941
0.40940 0.31286 0.64086
0.75061 0.86616 0.72915
0.40716 0.60802 0.47111
0.64227 0.63993 0.69413
0.60319 0.67042 0.62898
0.56213 0.76494 0.55500
0.77027 0.88369 0.77711
0.48611 0.66101 0.57730
0.67011 0.79167 0.70274
0.49996 0.32961 0.76904
0.50315 0.44484 0.67393
0.47430 0.44112 0.62551
0.43762 0.44752 0.61641
0.66181 0.78389 0.70453
0.49535 0.54987 0.62675
0.63997 0.80591 0.65296
0.68990 0.81217 0.63421
0.36002 0.45278 0.48644
0.27864 0.35873 0.44558
0.25194 0.52126 0.31029
0.61342 0.53726 0.78350
0.37533 0.58802 0.43578
0.48046 0.65395 0.51890
0.75727 0.85857 0.82080
0.45868 0.24275 0.76158
0.62669 0.78139 0.64916
0.41602 0.45000 0.56186
0.59561 0.58936 0.73981
0.59594 0.56580 0.70711
0.57929 0.46358 0.81770
0.54654 0.44836 0.71865
0.50977 0.44059 0.67275
0.64400 0.72538 0.69649
0.58611 0.54543 0.74010
0.59346 0.47791 0.80827
0.62331 0.73426 0.63679
0.57913 0.75447 0.61764
0.54845 0.57819 0.68901
0.78177 0.89645 0.71606
0.72859 0.86367 0.68355
0.50040 0.39428 0.69280
0.58093 0.62851 0.68415
0.24536 0.50835 0.32062
0.63032 0.70129 0.73394
0.68945 0.77171 0.68699
0.43589 0.28453 0.69241
0.63531 0.74716 0.65472
0.68642 0.74838 0.71724
0.63404 0.66861 0.66576
0.46818 0.54028 0.61279
0.46064 0.45359 0.64253
0.59784 0.68300 0.66903
0.63108 0.67143 0.77301
0.50069 0.56399 0.63622
0.62978 0.78911 0.69379
0.51189 0.55228 0.59367
0.73754 0.88688 0.72979
0.61298 0.69639 0.70553
0.54496 0.65854 0.63633
0.54259 0.69368 0.57164
0.48941 0.64281 0.56504
0.60078 0.77509 0.64697
0.77907 0.91585 0.66014
0.62747 0.61218 0.76853
0.63048 0.57294 0.71837
0.62286 0.61106 0.75495
0.69434 0.75481 0.71069
0.39728 0.56737 0.44554
0.71391 0.89058 0.60052
0.54084 0.72881 0.53606
0.46642 0.69274 0.50775
0.32537 0.50718 0.39911
0.29830 0.47248 0.41708
0.75732 0.84086 0.82922
0.17009 0.50183 0.20747
0.36681 0.55074 0.43726
0.40165 0.41764 0.55790
0.74292 0.90004 0.62797
0.61739 0.76238 0.62311
0.66081 0.72612 0.68287
0.76294 0.85122 0.73910
0.58063 0.71263 0.60543
0.48826 0.51492 0.58995
0.64158 0.66721 0.70471
0.70136 0.74750 0.80805
0.46171 0.51478 0.57704
0.48663 0.62753 0.53598
0.37575 0.42746 0.54567
0.73785 0.80335 0.74594
0.57117 0.56176 0.68086
0.46397 0.53169 0.58230
0.49846 0.41211 0.68498
0.59148 0.58929 0.69870
0.42880 0.56769 0.49195
0.62310 0.63466 0.77504
0.59146 0.69119 0.59163
0.65668 0.73487 0.65764
0.57580 0.73818 0.65754
0.63383 0.81710 0.58717
0.63332 0.61608 0.72536
0.62277 0.68100 0.70483
0.63742 0.79188 0.59214
0.68992 0.78020 0.67605
0.69154 0.83389 0.66163
0.46484 0.59959 0.50713
0.47618 0.42008 0.65715
0.49177 0.53541 0.59528
0.55029 0.51788 0.73830
0.51159 0.53646 0.66094
0.35833 0.63545 0.35617
0.27708 0.43329 0.40308
0.58260 0.62441 0.68035
0.54591 0.58126 0.61900
0.55507 0.75167 0.58093
0.35507 0.61749 0.35615
0.49273 0.27973 0.79912
0.26052 0.55375 0.28613
0.74482 0.87003 0.79960
0.56303 0.76143 0.61287
0.44490 0.45990 0.62711
0.74296 0.90292 0.68661
0.34379 0.42879 0.48262
0.35826 0.60336 0.38739
0.63171 0.58786 0.71323
0.61572 0.67992 0.63939
0.49337 0.39198 0.68950
0.72371 0.89053 0.60753
0.53911 0.66550 0.59346
0.73536 0.88615 0.69373
0.72706 0.87004 0.66399
0.76171 0.89353 0.78181
0.40323 0.61657 0.42455
0.60706 0.67438 0.68163
0.67514 0.84749 0.66857
0.64450 0.79603 0.61655
0.28440 0.52980 0.32914
0.59364 0.56171 0.69283
0.61969 0.55559 0.72184
0.53612 0.60633 0.61799
0.46604 0.58202 0.53548
0.34576 0.56566 0.40395
0.66014 0.76164 0.66404
0.42449 0.61202 0.50257
0.64513 0.60437 0.76034
0.52037 0.69604 0.55728
0.60535 0.62005 0.76520
0.50754 0.70667 0.47895
0.38792 0.43256 0.53747
0.74519 0.90868 0.67950
0.68629 0.79003 0.74419
0.61934 0.67099 0.63728
0.46735 0.26365 0.75491
0.49422 0.60410 0.61940
0.49142 0.27138 0.79654
0.55408 0.74713 0.50325
0.63904 0.74131 0.65647
0.66740 0.68726 0.73674
0.55120 0.69826 0.62540
0.58947 0.72325 0.63044
0.58688 0.78856 0.57429
0.55784 0.73395 0.54480
0.48149 0.34210 0.71440
0.50309 0.70994 0.49343
0.72213 0.77544 0.79941
0.59667 0.62508 0.72590
0.68316 0.69601 0.73434
0.46014 0.40673 0.66371
0.57487 0.77344 0.50650
0.38163 0.28705 0.62699
0.57629 0.65411 0.69242
0.75365 0.92177 0.63280
0.74296 0.84222 0.74047
0.54561 0.67026 0.56185
0.50259 0.66251 0.56467
0.54022 0.38719 0.79440
0.49282 0.53661 0.58296
0.53619 0.52284 0.67732
0.49008 0.69639 0.55153
0.56307 0.61278 0.63291
0.72481 0.81152 0.81712
0.61240 0.67733 0.70996
0.42843 0.46691 0.55904
0.64133 0.62165 0.74639
0.51974 0.61110 0.60317
0.66905 0.77730 0.68258
0.62606 0.73239 0.60475
0.41981 0.60636 0.50163
0.47736 0.65728 0.53486
0.54162 0.51662 0.69092
0.75918 0.86670 0.75960
0.52619 0.43760 0.69987
0.55924 0.55428 0.72267
0.47946 0.25451 0.77201
0.34127 0.57242 0.40901
0.42215 0.17914 0.75332
0.43802 0.60911 0.50938
0.48536 0.33847 0.72866
0.47483 0.30362 0.72577
0.34972 0.52269 0.43614
0.69904 0.83171 0.72300
0.55082 0.71328 0.60501
0.57342 0.77668 0.58599
0.53236 0.54973 0.65561
0.59489 0.74831 0.62930
0.51283 0.57407 0.58231
0.51086 0.42169 0.71733
0.52306 0.33579 0.76901
0.75067 0.82239 0.76482
0.46113 0.41661 0.66470
0.65712 0.68831 0.73265
0.49382 0.37468 0.73150
0.73014 0.85119 0.71845
0.46847 0.49413 0.62433
0.38169 0.35641 0.57215
0.67724 0.73440 0.78391
0.36493 0.61407 0.36833
0.52876 0.67595 0.61511
0.62384 0.71012 0.72806
0.63134 0.83423 0.53506
0.76093 0.90275 0.66330
0.51045 0.59275 0.57886
0.72590 0.81966 0.79997
0.69349 0.77615 0.73987
0.48722 0.42099 0.68218
0.31443 0.40303 0.45552
0.64729 0.77065 0.62433
0.47970 0.52201 0.57517
0.41498 0.59484 0.46634
0.67826 0.81878 0.71705
0.39711 0.66016 0.39776
0.39560 0.34917 0.60801
0.73878 0.82186 0.70467
0.38885 0.61386 0.42411
0.49165 0.68792 0.51232
0.37157 0.39390 0.54720
0.44405 0.68032 0.47851
0.33801 0.56398 0.40980
0.56717 0.75512 0.63648
0.65782 0.82526 0.69840
0.44494 0.59932 0.48063
0.57892 0.45833 0.77874
0.40605 0.48052 0.54141
0.34197 0.24702 0.60116
0.39158 0.23642 0.67877
0.53306 0.44950 0.70883
0.63716 0.66394 0.74346
0.54937 0.41877 0.75304
0.49718 0.49334 0.61849
0.45326 0.53193 0.54589
0.66164 0.82261 0.63419
0.60438 0.58293 0.68389
0.74569 0.87323 0.65768
0.55008 0.69838 0.55233
0.63538 0.75707 0.59064
0.54995 0.66481 0.60241
0.39376 0.65393 0.37196
0.25448 0.51331 0.31032
0.67213 0.86864 0.55646
0.62669 0.65944 0.72300
0.35372 0.34535 0.54909
0.69656 0.82369 0.63989
0.45025 0.63936 0.46993
0.66210 0.77892 0.66488
0.61913 0.75674 0.66293
0.31969 0.56260 0.35652
0.41008 0.38185 0.59720
0.61636 0.67750 0.72847
0.66247 0.67446 0.79200
0.61185 0.57221 0.71438
0.66640 0.69651 0.72151
0.56772 0.53770 0.68274
0.49998 0.58160 0.60997
0.48486 0.68263 0.48263
0.69706 0.82050 0.73405
0.39193 0.44936 0.54432
0.48260 0.44879 0.62898
0.77911 0.91036 0.66215
0.39162 0.62651 0.42236
0.47039 0.61251 0.56168
0.40473 0.41509 0.57378
0.43811 0.67164 0.47718
0.59591 0.49708 0.74584
0.59421 0.66565 0.65329
0.77829 0.90061 0.69829
0.32989 0.30949 0.54477
0.71390 0.80583 0.74933
0.33740 0.52605 0.42180
0.58556 0.60456 0.73787
0.61941 0.61340 0.67857
0.77745 0.89185 0.74030
0.30106 0.57730 0.32659
0.31381 0.44109 0.45421
0.43531 0.52179 0.52161
0.52170 0.59262 0.61569
0.50816 0.31380 0.80342
0.40247 0.51510 0.51234
0.61583 0.59270 0.72217
0.77223 0.88966 0.77242
0.39703 0.45493 0.53080
0.56926 0.49911 0.74652
0.64407 0.78334 0.69595
0.56208 0.77297 0.52093
0.64212 0.67178 0.72926
0.37835 0.39904 0.56015
0.48487 0.44646 0.67946
0.38641 0.53887 0.47685
0.66072 0.77751 0.61320
0.48024 0.71866 0.47588
0.64382 0.81364 0.64191
0.67213 0.70177 0.80897
0.47835 0.69838 0.48750
0.42898 0.43044 0.60428
0.73870 0.86125 0.80504
0.59865 0.69089 0.65222
0.58410 0.48203 0.73692
0.63935 0.62083 0.79730
0.58675 0.58687 0.68746
0.28895 0.44015 0.41965
0.41092 0.46028 0.56255
0.59657 0.49943 0.81211
0.54105 0.49065 0.71870
0.42017 0.36048 0.63009
0.63149 0.61198 0.70865
0.59339 0.66059 0.65139
0.56853 0.69983 0.56647
0.62784 0.58854 0.77255
0.77327 0.90440 0.69965
0.44881 0.53643 0.57324
0.76074 0.87178 0.83802
0.61519 0.78251 0.56827
0.74288 0.89284 0.64976
0.57473 0.76654 0.60720
0.69349 0.84568 0.70720
0.77069 0.93089 0.66944
0.46122 0.53023 0.60350
0.57352 0.54051 0.69014
0.72550 0.79438 0.76840
0.75639 0.83503 0.73094
0.71086 0.78481 0.68607
0.65144 0.74126 0.69457
0.70007 0.77561 0.77576
0.42908 0.67259 0.48055
0.54730 0.43999 0.76185
0.49479 0.67541 0.49975
0.47620 0.68540 0.50970
0.37906 0.48152 0.49210
0.75095 0.82259 0.77397
0.47707 0.51457 0.63096
0.24719 0.51954 0.29601
0.77815 0.88438 0.73831
0.69605 0.87789 0.60042
0.50389 0.28501 0.80910
0.64966 0.68758 0.70026
0.62035 0.79619 0.58540
0.73395 0.84827 0.67796
0.49925 0.26879 0.80128
0.48102 0.57281 0.58453
0.59585 0.77847 0.64082
0.75348 0.89567 0.68836
0.63262 0.61170 0.75086
0.60391 0.70028 0.62206
0.53019 0.41522 0.70877
0.25972 0.51292 0.33388
0.44157 0.51865 0.56401
0.59976 0.74332 0.60088
0.66189 0.78808 0.65172
0.54442 0.75514 0.54563
0.35415 0.45256 0.47590
0.50924 0.54855 0.65772
0.75945 0.90972 0.73488
0.69918 0.78236 0.78389
0.41311 0.48768 0.51808
0.48388 0.39016 0.70000
0.46716 0.44549 0.66320
0.48695 0.53564 0.64464
0.46392 0.59706 0.57819
0.47549 0.24805 0.77400
0.67839 0.76453 0.72918
0.48353 0.53753 0.61999
0.72767 0.78921 0.81027
0.74471 0.87620 0.70327
0.64025 0.80615 0.58946
0.39039 0.60956 0.45845
0.52073 0.44642 0.67895
0.71198 0.84104 0.68329
0.59868 0.56372 0.73582
0.63920 0.81782 0.60018
0.55361 0.76659 0.55271
0.51619 0.71450 0.57089
0.64872 0.74109 0.69750
0.69593 0.82764 0.61449
0.45335 0.45558 0.61841
0.78551 0.90492 0.76981
0.58832 0.71015 0.60389
0.60016 0.66697 0.70433
0.23846 0.50099 0.29453
0.63742 0.83992 0.55106
0.74842 0.86304 0.81921
0.61164 0.58599 0.74751
0.65568 0.70372 0.67502
0.33773 0.49093 0.44373
0.59448 0.60456 0.71261
0.27953 0.45895 0.40194
0.33855 0.34194 0.54434
0.52152 0.68858 0.60377
0.51079 0.34510 0.74123
0.38372 0.52296 0.47503
0.50247 0.49620 0.67979
0.63369 0.59032 0.75539
0.56212 0.58926 0.64914
0.39405 0.57961 0.46795
0.61234 0.51715 0.78248
0.39010 0.63410 0.43028
0.70833 0.84015 0.68124
0.60720 0.60103 0.69399
0.60427 0.55752 0.78340
0.41615 0.20926 0.71848
0.46391 0.43901 0.64452
0.43881 0.30043 0.70760
0.19492 0.47868 0.25474
0.42463 0.63101 0.49258
0.59248 0.75849 0.64219
0.25424 0.45508 0.36908
0.71566 0.85987 0.73831
0.78515 0.89702 0.73724
0.63682 0.74565 0.62329
0.42088 0.42682 0.58305
0.74059 0.87249 0.71234
0.71061 0.76794 0.72093
0.54424 0.62464 0.65483
0.39925 0.64635 0.40029
0.68873 0.83453 0.71664
0.55563 0.73449 0.60911
0.66660 0.80259 0.65548
0.41407 0.45552 0.58530
0.31829 0.51024 0.40897
0.60142 0.49351 0.77315
0.65344 0.77030 0.61751
0.57221 0.68901 0.57226
0.40970 0.18912 0.73273
0.59807 0.52080 0.80811
0.45215 0.54602 0.55808
0.52432 0.52667 0.64413
0.36796 0.55427 0.46073
0.48730 0.59702 0.57543
0.67482 0.69423 0.69952
0.50068 0.32337 0.76762
0.67992 0.68136 0.79166
0.33185 0.41861 0.48504
0.54075 0.66939 0.59695
0.65066 0.79549 0.63971
0.64872 0.74005 0.65097
0.54768 0.74876 0.49308
0.67028 0.75520 0.73839
0.49100 0.34551 0.71333
0.50140 0.59971 0.55940
0.57470 0.49179 0.72454
0.45147 0.43296 0.64629
0.46723 0.70010 0.50267
0.41409 0.28198 0.68240
0.35100 0.56397 0.43869
0.26876 0.48468 0.34598
0.67338 0.73440 0.73005
0.67522 0.68123 0.76003
0.47386 0.29216 0.74047
0.56183 0.49818 0.70702
0.67997 0.79435 0.65198
0.31657 0.32553 0.52645
0.40697 0.37726 0.61843
0.63117 0.82400 0.55752
0.48700 0.32049 0.72616
0.70959 0.74225 0.72611
0.57424 0.50100 0.71780
0.71610 0.86824 0.72852
0.61541 0.64779 0.70507
0.66601 0.66914 0.80799
0.56285 0.63186 0.59971
0.54698 0.45119 0.70762
0.31320 0.54597 0.39581
0.65958 0.83348 0.63196
0.50410 0.50509 0.64769
0.70734 0.83112 0.63223
0.57119 0.67553 0.65658
0.70619 0.82866 0.62838
0.49049 0.28608 0.79091
0.39539 0.27316 0.66415
0.40371 0.59532 0.45253
0.58735 0.70650 0.58098
0.52450 0.55231 0.60319
0.32575 0.58396 0.38599
0.54924 0.70623 0.62148
0.53306 0.43995 0.74035
0.45913 0.55433 0.54856
0.34102 0.24944 0.60121
0.58865 0.49806 0.80581
0.46786 0.68654 0.45357
0.59218 0.75830 0.62777
0.67911 0.74841 0.79474
0.37264 0.49177 0.49634
0.55315 0.41820 0.75017
0.39877 0.36841 0.60241
0.52089 0.54932 0.65308
0.54159 0.55641 0.64296
0.48730 0.64404 0.55658
0.70165 0.84304 0.71189
0.40827 0.26452 0.68080
0.47549 0.56165 0.58580
0.35334 0.57660 0.37665
0.44159 0.48565 0.57424
0.75618 0.87893 0.67260
0.42698 0.67595 0.43058
0.67080 0.69101 0.70473
0.46360 0.67274 0.51164
0.51393 0.50219 0.70114
0.41557 0.29804 0.66381
0.54174 0.67746 0.61571
0.44318 0.46378 0.58562
0.60356 0.74288 0.61250
0.51267 0.62690 0.63247
0.35377 0.50606 0.45842
0.49074 0.30060 0.76491
0.51406 0.58507 0.56661
0.45930 0.52431 0.55067
0.67478 0.82570 0.74123
0.51614 0.36051 0.75343
0.28624 0.50217 0.34912
0.62247 0.68771 0.68450
0.36322 0.52793 0.44434
0.24436 0.49019 0.33558
0.63750 0.60172 0.78216
0.53940 0.55228 0.67647
0.53110 0.46487 0.71286
0.29684 0.33762 0.48769
0.39507 0.51376 0.49148
0.44236 0.34306 0.69462
0.48244 0.60365 0.55607
0.22432 0.45922 0.31048
0.66780 0.78992 0.69758
0.48051 0.55821 0.57028
0.32223 0.54542 0.41343
0.75537 0.88756 0.69958
0.75943 0.87873 0.82106
0.58228 0.73562 0.61428
0.35657 0.56706 0.43272
0.43731 0.45378 0.60688
0.73429 0.82118 0.68471
0.71059 0.85520 0.71606
0.57530 0.54614 0.72592
0.50212 0.66879 0.55838
0.56558 0.55313 0.74046
0.61596 0.55239 0.76944
0.66383 0.83789 0.61723
0.72986 0.86536 0.69029
0.50231 0.42394 0.71848
0.59699 0.66169 0.64931
0.41939 0.65199 0.45123
0.55801 0.44311 0.76930
0.46323 0.40031 0.65101
0.39579 0.33080 0.60673
0.45377 0.44882 0.60819
0.79244 0.92173 0.78305
0.63997 0.59889 0.76375
0.43053 0.31277 0.68856
0.32614 0.47982 0.41359
0.49285 0.35109 0.72047
0.68007 0.73134 0.76897
0.18709 0.48803 0.24314
0.58880 0.76609 0.57884
0.67283 0.69684 0.80533
0.71231 0.85463 0.61544
0.72667 0.86601 0.67672
0.62543 0.72126 0.62884
0.59692 0.52631 0.74994
0.72117 0.84066 0.76136
0.57647 0.77053 0.63775
0.39006 0.38904 0.56854
0.38175 0.59035 0.41870
0.52415 0.55203 0.66625
0.64552 0.76777 0.69044
0.66225 0.75696 0.69014
0.68548 0.81791 0.60928
0.73454 0.79216 0.68672
0.53186 0.46304 0.68990
0.47658 0.67171 0.49096
0.70537 0.87951 0.61731
0.49014 0.47756 0.66220
0.59798 0.70534 0.67406
0.63578 0.64169 0.72831
0.44929 0.62230 0.47993
0.61953 0.79123 0.54865
0.45318 0.52876 0.56116
0.44942 0.68721 0.50127
0.28471 0.53697 0.33581
0.32287 0.54083 0.38858
0.76114 0.90078 0.75865
0.43787 0.58064 0.51691
0.74367 0.81093 0.85000
0.65790 0.69181 0.73353
0.52901 0.48412 0.67971
0.40627 0.56583 0.48986
0.57198 0.43059 0.80495
0.51018 0.72934 0.50240
0.24440 0.49643 0.32923
0.55564 0.70408 0.63156
0.71734 0.80252 0.71957
0.55217 0.44216 0.71895
0.56659 0.55109 0.74665
0.25648 0.41893 0.39004
0.34482 0.38830 0.51432
0.59259 0.71971 0.63409
0.63588 0.70764 0.75842
0.59852 0.73570 0.62256
0.64497 0.62427 0.71131
0.62610 0.77236 0.64866
0.55874 0.74029 0.52493
0.53715 0.72279 0.54896
0.57528 0.54311 0.68220
0.56128 0.44602 0.73805
0.78521 0.91021 0.82189
0.49762 0.68329 0.48281
0.47937 0.71433 0.49295
0.71684 0.83898 0.67241
0.66052 0.71700 0.77565
0.39799 0.40704 0.56539
0.59453 0.48977 0.78828
0.58064 0.65787 0.64705
0.74690 0.82088 0.72984
0.66833 0.76231 0.76110
0.64121 0.58738 0.76298
0.65672 0.79173 0.61330
0.76041 0.84795 0.70646
0.43662 0.52580 0.51633
0.69425 0.80741 0.71416
0.47169 0.46536 0.60296
0.50251 0.53977 0.59022
0.71146 0.81713 0.73559
0.66030 0.61685 0.79505
0.35293 0.55528 0.44818
0.65699 0.80578 0.69908
0.69354 0.86108 0.59882
0.77327 0.89756 0.83745
0.47815 0.32044 0.74846
0.65350 0.64433 0.70220
0.55206 0.48998 0.72815
0.34120 0.38976 0.52557
0.55175 0.72589 0.55132
0.44286 0.53561 0.58471
0.72733 0.86654 0.64892
0.56505 0.71751 0.65290
0.51562 0.33029 0.78764
0.56009 0.52698 0.69886
0.40221 0.59180 0.49772
0.72654 0.88104 0.73071
0.67256 0.76177 0.76146
0.61007 0.59901 0.67764
0.66730 0.75745 0.76031
0.39906 0.53747 0.52574
0.68652 0.83455 0.63831
0.54617 0.49472 0.67572
0.68399 0.80476 0.76663
0.75297 0.86230 0.76903
0.62402 0.68222 0.64693
0.63613 0.69615 0.66954
0.58399 0.61914 0.63538
0.36579 0.62080 0.36924
0.66992 0.76379 0.68208
0.58540 0.75168 0.65394
0.38282 0.31236 0.62308
0.47421 0.61693 0.54719
0.69700 0.73986 0.69914
0.43405 0.19856 0.75787
0.54460 0.60243 0.68429
0.49467 0.44911 0.68018
0.64027 0.78876 0.64101
0.61056 0.55905 0.76279
0.68573 0.76109 0.76957
0.60020 0.55346 0.73098
0.44442 0.65569 0.51752
0.30485 0.46622 0.40683
0.58594 0.59387 0.66556
0.69299 0.84050 0.72270
0.59444 0.67507 0.60177
0.57088 0.50394 0.73752
0.58422 0.78742 0.56107
0.48623 0.48225 0.67357
0.56936 0.52114 0.74694
0.53844 0.50168 0.66371
0.63044 0.62556 0.77089
0.70017 0.76434 0.71691
0.50008 0.61890 0.59155
0.57252 0.51699 0.74810
0.61430 0.52069 0.81590
0.66104 0.83379 0.57536
0.53013 0.61294 0.64881
0.62240 0.74727 0.64105
0.48985 0.54261 0.64741
0.54441 0.75673 0.54869
0.68737 0.72792 0.73386
0.46194 0.50796 0.56939
