20 13 1000 4788 453
0.24403 0.57091 0.35387
0.55391 0.31334 0.12469
0.73352 0.49639 0.37386
0.91778 0.23409 0.40987
0.32467 0.47435 0.85727
0.20885 0.74551 0.38250
0.99955 0.92900 0.66631
0.62672 0.80065 0.26674
0.55089 0.63787 0.26343
0.25220 0.28251 0.36927
0.77346 0.66657 0.92331
0.67672 0.26976 0.82197
0.72638 0.50904 0.63814
0.57719 0.47909 0.57723
0.50229 0.51439 0.51346
0.54422 0.51135 0.47786
0.64661 0.59082 0.57879
0.78016 0.60777 0.55647
0.64283 0.56604 0.56952
0.51824 0.55792 0.40078
0.55441 0.58237 0.52766
0.66259 0.39388 0.51488
0.49916 0.51283 0.63446
0.59533 0.54827 0.48285
0.56891 0.47848 0.46785
0.54444 0.57108 0.61748
0.57230 0.50389 0.55545
0.55373 0.61549 0.41360
0.58695 0.49280 0.47527
0.59059 0.55936 0.46069
0.52023 0.49325 0.45686
0.66833 0.49798 0.50340
0.59354 0.53948 0.39408
0.71890 0.65036 0.58988
0.55750 0.49287 0.48469
0.58067 0.47495 0.46009
0.48647 0.58443 0.45866
0.43951 0.48207 0.49295
0.57485 0.45717 0.44695
0.67901 0.50622 0.59143
0.64765 0.56754 0.47906
0.50364 0.55732 0.45154
0.55014 0.53846 0.59718
0.63372 0.49626 0.45126
0.59115 0.52473 0.43233
0.59564 0.58886 0.49906
0.58819 0.54636 0.48221
0.71465 0.58301 0.57167
0.67643 0.52442 0.46653
0.56042 0.50381 0.42335
0.53063 0.49644 0.50305
0.50171 0.39582 0.47298
0.71828 0.66981 0.52022
0.52054 0.51917 0.55144
0.53498 0.49858 0.55069
0.50989 0.53122 0.44789
0.59361 0.44640 0.46521
0.49175 0.60165 0.42825
0.64665 0.48477 0.41033
0.55065 0.52545 0.45598
0.69662 0.55758 0.59604
0.53921 0.57713 0.39755
0.70871 0.43925 0.47294
0.69145 0.53460 0.52020
0.64595 0.46400 0.47781
0.62905 0.46611 0.57693
0.59351 0.47393 0.58184
0.66881 0.60554 0.50418
0.41781 0.50701 0.50974
0.52790 0.52315 0.41706
0.68888 0.55427 0.46610
0.58836 0.50765 0.63017
0.50776 0.57912 0.51564
0.54447 0.50245 0.58321
0.68080 0.58651 0.52228
0.56320 0.49556 0.46163
0.69087 0.56581 0.56237
0.59170 0.52468 0.40767
0.77237 0.63554 0.59147
0.64910 0.52719 0.42685
0.57846 0.59777 0.47500
0.47520 0.52845 0.41347
0.76601 0.68533 0.55259
0.59805 0.52503 0.48142
0.53661 0.54999 0.44234
0.63276 0.50589 0.46209
0.70626 0.50823 0.47653
0.63452 0.43854 0.62895
0.47929 0.57262 0.54803
0.63555 0.58005 0.49639
0.43759 0.51240 0.42893
0.61289 0.49399 0.40539
0.71894 0.64506 0.47476
0.64137 0.55769 0.47592
0.63417 0.46373 0.45792
0.55117 0.51562 0.59215
0.65834 0.56710 0.44197
0.60390 0.56730 0.55181
0.72258 0.52722 0.49840
0.65743 0.57764 0.60789
0.49579 0.51728 0.52541
0.48516 0.54327 0.55673
0.57153 0.57840 0.61107
0.62520 0.42138 0.54292
0.46712 0.53583 0.50465
0.65387 0.53259 0.50247
0.53373 0.51251 0.52745
0.49948 0.53407 0.44032
0.59314 0.56530 0.56527
0.66235 0.53683 0.55442
0.61095 0.54641 0.50648
0.56703 0.48641 0.46417
0.68819 0.60773 0.68003
0.57280 0.47289 0.45138
0.72032 0.49551 0.47535
0.65015 0.41840 0.48029
0.55108 0.42801 0.46399
0.56136 0.53187 0.53339
0.58668 0.47227 0.44570
0.61132 0.41913 0.50408
0.57250 0.54567 0.50208
0.53684 0.59103 0.44881
0.60475 0.51927 0.47661
0.55295 0.58998 0.51630
0.51592 0.60422 0.49676
0.54231 0.47335 0.58856
0.71108 0.57472 0.44735
0.64084 0.55815 0.51400
0.52394 0.54638 0.50048
0.68383 0.48173 0.47785
0.54368 0.58266 0.45101
0.54315 0.49851 0.49329
0.51636 0.48045 0.32156
0.54492 0.48521 0.43940
0.59233 0.53412 0.53132
0.65405 0.66298 0.58022
0.57196 0.61301 0.50251
0.77240 0.55159 0.46325
0.48094 0.44968 0.39819
0.62796 0.59019 0.42572
0.63989 0.43316 0.52244
0.60877 0.51158 0.46259
0.52948 0.55080 0.49653
0.56466 0.61063 0.39879
0.63079 0.41108 0.40337
0.54681 0.51393 0.43395
0.57613 0.58414 0.58126
0.53992 0.51914 0.52299
0.61720 0.55747 0.50974
0.59553 0.41862 0.47503
0.65308 0.57855 0.52855
0.62610 0.51389 0.62137
0.66102 0.46348 0.57355
0.63677 0.49460 0.48634
0.62254 0.46565 0.62256
0.61113 0.45796 0.57234
0.56171 0.57212 0.47666
0.59998 0.59032 0.49027
0.64787 0.57287 0.65208
0.61125 0.52051 0.42027
0.52626 0.49467 0.44504
0.58740 0.46503 0.43772
0.46343 0.51000 0.47411
0.65034 0.54222 0.51232
0.64573 0.48145 0.49772
0.53514 0.51461 0.53049
0.62768 0.54640 0.52211
0.48807 0.53853 0.39848
0.55887 0.53906 0.52874
0.68521 0.59046 0.45739
0.50362 0.47890 0.46821
0.55938 0.50358 0.51358
0.52969 0.48291 0.45630
0.67722 0.50909 0.49325
0.64150 0.50857 0.49060
0.51092 0.57014 0.50342
0.67142 0.47504 0.45442
0.56481 0.56861 0.40511
0.60223 0.53229 0.52988
0.53117 0.55385 0.44726
0.56043 0.50892 0.51137
0.66408 0.50649 0.57117
0.59916 0.56695 0.47503
0.62305 0.61865 0.53003
0.50227 0.52535 0.50153
0.63143 0.58064 0.54734
0.48395 0.59455 0.43140
0.51835 0.56966 0.49465
0.65954 0.54364 0.49992
0.64767 0.52481 0.47347
0.63240 0.54038 0.50304
0.52568 0.43447 0.54025
0.59763 0.52278 0.47537
0.67494 0.48037 0.54526
0.56209 0.59023 0.57123
0.63061 0.50674 0.49189
0.49480 0.47781 0.45627
0.52049 0.47524 0.51013
0.62271 0.44327 0.46964
0.55486 0.51455 0.48964
0.60751 0.54239 0.72906
0.49956 0.57948 0.43144
0.60832 0.48414 0.47994
0.53765 0.52774 0.50138
0.46783 0.58658 0.39444
0.58907 0.53983 0.45878
0.53080 0.53360 0.59103
0.59352 0.55569 0.59147
0.49608 0.53544 0.49304
0.82462 0.62280 0.57439
0.51464 0.47998 0.38471
0.50803 0.46502 0.39720
0.54272 0.47832 0.60515
0.58792 0.49202 0.47001
0.56612 0.55171 0.62366
0.53953 0.58970 0.45717
0.62315 0.45677 0.41275
0.42834 0.57242 0.42990
0.66798 0.69060 0.49748
0.51338 0.63899 0.49402
0.63581 0.56956 0.52908
0.61410 0.61122 0.53974
0.55112 0.47072 0.35644
0.54043 0.46417 0.46907
0.54435 0.54731 0.54091
0.63061 0.59105 0.46144
0.49593 0.53046 0.56935
0.62155 0.52287 0.45504
0.64365 0.56320 0.56449
0.63239 0.53315 0.53071
0.68427 0.51630 0.49249
0.53684 0.58022 0.52045
0.57974 0.59565 0.37106
0.49699 0.57279 0.40869
0.64285 0.56362 0.55270
0.52334 0.54641 0.45292
0.59426 0.60112 0.46805
0.64301 0.60004 0.46408
0.53440 0.52050 0.46072
0.53295 0.51633 0.36691
0.54875 0.59545 0.49579
0.63536 0.56613 0.41114
0.56476 0.48654 0.56233
0.59552 0.52875 0.52741
0.70881 0.45162 0.56633
0.48386 0.47458 0.47204
0.57205 0.50724 0.51404
0.58384 0.48786 0.51324
0.60131 0.44858 0.47054
0.66076 0.47223 0.55400
0.58894 0.41752 0.48447
0.66420 0.61465 0.54321
0.74544 0.57242 0.54881
0.59614 0.50922 0.46211
0.63027 0.42221 0.37768
0.58347 0.49861 0.59911
0.59864 0.50815 0.59225
0.60112 0.45936 0.55053
0.66688 0.47114 0.52510
0.44797 0.59400 0.52379
0.55620 0.45379 0.54868
0.57772 0.53766 0.61566
0.46087 0.49777 0.48509
0.52007 0.56072 0.48462
0.63926 0.55854 0.60069
0.50094 0.58735 0.51650
0.57877 0.56112 0.46997
0.53515 0.46925 0.51492
0.54984 0.64538 0.41409
0.54238 0.55317 0.41643
0.49285 0.53187 0.54347
0.67444 0.60070 0.55310
0.63655 0.57183 0.57480
0.62363 0.62370 0.56082
0.57848 0.52692 0.52854
0.64474 0.54169 0.52036
0.47212 0.51366 0.53160
0.56164 0.44263 0.47891
0.50296 0.49933 0.45677
0.47905 0.50216 0.50628
0.51374 0.55817 0.41282
0.57511 0.49487 0.43414
0.62267 0.51105 0.51407
0.51930 0.49499 0.46175
0.64071 0.38756 0.50788
0.46832 0.50554 0.54891
0.60726 0.46742 0.49395
0.55651 0.56409 0.38159
0.53976 0.50104 0.46805
0.49716 0.60143 0.43399
0.47440 0.52313 0.40989
0.54836 0.55329 0.44688
0.48384 0.61057 0.42372
0.62171 0.49500 0.48536
0.56599 0.60853 0.59725
0.49378 0.52997 0.45739
0.61492 0.57482 0.47345
0.58276 0.55322 0.57511
0.57510 0.58379 0.43813
0.65177 0.66878 0.45025
0.67970 0.60836 0.58626
0.61585 0.44708 0.40760
0.55761 0.55593 0.48434
0.64955 0.56999 0.56505
0.55685 0.52811 0.58890
0.52984 0.61739 0.35314
0.56700 0.48286 0.47512
0.60042 0.68067 0.47037
0.67489 0.58086 0.56137
0.54623 0.55843 0.50702
0.52992 0.54922 0.55210
0.42709 0.57179 0.60754
0.48747 0.59069 0.47484
0.52788 0.49314 0.59702
0.51164 0.47730 0.36735
0.48362 0.58739 0.47558
0.50985 0.48642 0.67519
0.57030 0.46669 0.59156
0.54657 0.50826 0.40551
0.50003 0.45436 0.49857
0.45742 0.58213 0.40841
0.58229 0.49083 0.54986
0.55122 0.42707 0.38415
0.57419 0.53156 0.58988
0.55670 0.50493 0.54588
0.54202 0.52702 0.47743
0.57468 0.56194 0.44143
0.59848 0.47494 0.52059
0.56643 0.54029 0.43900
0.58822 0.46774 0.46432
0.61289 0.49924 0.54477
0.67217 0.60252 0.63573
0.56488 0.60287 0.48938
0.58100 0.51844 0.44879
0.55176 0.59175 0.49856
0.44417 0.47813 0.49191
0.59218 0.59431 0.48324
0.56186 0.57142 0.53150
0.53505 0.52285 0.42853
0.61910 0.59518 0.55683
0.57523 0.53988 0.44609
0.58955 0.53273 0.47444
0.62137 0.53677 0.46972
0.60178 0.49577 0.58125
0.55570 0.54849 0.44238
0.58191 0.52263 0.51307
0.68621 0.51284 0.64795
0.59947 0.52098 0.51841
0.56356 0.55980 0.41008
0.59262 0.40701 0.62034
0.49369 0.50164 0.45998
0.60882 0.50674 0.49750
0.55091 0.52210 0.43515
0.57338 0.60327 0.54305
0.48547 0.53604 0.48913
0.47880 0.57184 0.54817
0.74461 0.45045 0.44026
0.69826 0.57847 0.49584
0.57804 0.58439 0.65289
0.73425 0.46814 0.50782
0.52030 0.53370 0.36800
0.58218 0.44570 0.52079
0.69343 0.53078 0.53331
0.65026 0.53555 0.59031
0.62921 0.60841 0.47072
0.55196 0.54871 0.48759
0.55855 0.52135 0.52200
0.59390 0.52169 0.36008
0.58760 0.48337 0.44553
0.55072 0.50093 0.52719
0.64758 0.60410 0.39758
0.65464 0.60441 0.37016
0.54610 0.47001 0.52189
0.66675 0.57051 0.51880
0.67874 0.61790 0.60875
0.52364 0.47786 0.43012
0.64524 0.59644 0.59287
0.64741 0.51234 0.49790
0.65748 0.48422 0.59219
0.63395 0.63125 0.65136
0.58004 0.52947 0.47171
0.58416 0.61878 0.61319
0.69393 0.45876 0.50546
0.63131 0.49288 0.64441
0.60857 0.49382 0.65435
0.50102 0.50871 0.48131
0.62684 0.58411 0.49196
0.58766 0.60536 0.56156
0.53604 0.52392 0.49480
0.61376 0.46816 0.39994
0.59577 0.61791 0.50215
0.60507 0.47993 0.53583
0.51354 0.52804 0.53674
0.52373 0.47663 0.57790
0.58087 0.49607 0.55530
0.55822 0.50469 0.55549
0.61832 0.53031 0.47954
0.79209 0.60565 0.60377
0.69723 0.67700 0.55147
0.56887 0.58545 0.46467
0.68909 0.61184 0.54202
0.60526 0.48250 0.51098
0.55295 0.59944 0.53587
0.61845 0.59269 0.59056
0.55200 0.48373 0.46778
0.57162 0.47304 0.47974
0.55953 0.57627 0.45519
0.62914 0.49846 0.46722
0.62919 0.55804 0.51653
0.51726 0.52377 0.47977
0.43609 0.55974 0.55313
0.62560 0.58013 0.45810
0.60437 0.48455 0.38308
0.66079 0.45962 0.44299
0.60031 0.50400 0.56629
0.64990 0.46693 0.64312
0.61727 0.55336 0.47137
0.55186 0.47430 0.37681
0.60249 0.44174 0.46295
0.48816 0.48382 0.46184
0.65317 0.57804 0.57584
0.52827 0.49846 0.61693
0.55488 0.49390 0.50100
0.55590 0.50970 0.40847
0.57283 0.52143 0.46537
0.55541 0.56152 0.49217
0.50689 0.62638 0.43440
0.61483 0.59253 0.55013
0.51276 0.58962 0.45660
0.63706 0.57121 0.46201
0.62956 0.54740 0.45949
0.53336 0.49659 0.48708
0.53840 0.46108 0.25952
0.48679 0.48718 0.41906
0.62790 0.56295 0.44502
0.60608 0.44336 0.45095
0.66083 0.59099 0.53979
0.52300 0.45484 0.46743
0.50113 0.56001 0.50485
0.45538 0.41338 0.47894
0.49840 0.50356 0.59905
0.63055 0.48523 0.48214
0.60055 0.49644 0.56504
0.59797 0.65110 0.49709
0.63839 0.54039 0.48623
0.48196 0.48546 0.44055
0.63386 0.53296 0.54010
0.58110 0.46179 0.47493
0.64662 0.54517 0.45505
0.56776 0.55230 0.55790
0.68609 0.58226 0.57668
0.63596 0.52438 0.46346
0.48691 0.52034 0.44026
0.47544 0.63419 0.49961
0.66857 0.63031 0.60448
0.42253 0.59729 0.41467
0.57148 0.52795 0.49454
0.49302 0.60726 0.47256
0.51400 0.50664 0.54877
0.60703 0.61503 0.49211
0.61453 0.50747 0.52507
0.64166 0.54595 0.63355
0.52212 0.58329 0.43308
0.61914 0.53795 0.56979
0.58495 0.44227 0.44218
0.59234 0.55254 0.59540
0.60554 0.47250 0.49830
0.64952 0.62176 0.50750
0.55384 0.56074 0.46314
0.54665 0.45008 0.59537
0.45661 0.50540 0.44455
0.69077 0.55537 0.44850
0.55704 0.51793 0.53909
0.55624 0.57386 0.51608
0.76664 0.63335 0.58046
0.64487 0.51144 0.56425
0.64091 0.52466 0.59645
0.53416 0.53608 0.51015
0.64772 0.65552 0.52071
0.49531 0.63150 0.32805
0.56366 0.45178 0.51596
0.63489 0.49997 0.63731
0.55209 0.52670 0.48482
0.63938 0.62835 0.53573
0.62138 0.46647 0.39495
0.51378 0.50129 0.44014
0.66161 0.50838 0.63207
0.53216 0.49562 0.53351
0.47326 0.41663 0.37622
0.63074 0.53232 0.46355
0.60787 0.56326 0.55612
0.53334 0.54585 0.44809
0.73093 0.51749 0.57199
0.60686 0.53212 0.46663
0.58180 0.62162 0.48649
0.56988 0.51384 0.54978
0.68461 0.58296 0.50760
0.64614 0.58052 0.51633
0.54753 0.49994 0.63961
0.63409 0.59870 0.51043
0.57321 0.64168 0.47535
0.58323 0.56830 0.51199
0.51373 0.58114 0.51282
0.64741 0.44295 0.64773
0.54974 0.60493 0.41542
0.63423 0.46237 0.40852
0.67155 0.53609 0.44243
0.61168 0.51865 0.47768
0.60271 0.46099 0.43589
0.56099 0.56489 0.48855
0.54729 0.60926 0.49510
0.58802 0.54138 0.41959
0.56911 0.61464 0.38507
0.53809 0.51610 0.44468
0.66587 0.59977 0.63000
0.63248 0.55360 0.55691
0.52019 0.56914 0.41371
0.57457 0.58423 0.51275
0.65072 0.55818 0.47432
0.59562 0.55621 0.56892
0.72428 0.62333 0.55233
0.58213 0.44179 0.47503
0.70802 0.52870 0.54960
0.56290 0.56126 0.56272
0.62193 0.48503 0.49044
0.58159 0.48878 0.40763
0.58524 0.56484 0.45041
0.68146 0.52076 0.53635
0.65290 0.59067 0.57621
0.60786 0.47877 0.48019
0.70585 0.58510 0.65778
0.53639 0.65725 0.56942
0.51061 0.44040 0.48600
0.53103 0.60815 0.48786
0.50699 0.51345 0.51495
0.55754 0.46028 0.44824
0.55157 0.42480 0.47537
0.63621 0.54893 0.49135
0.56493 0.57930 0.42746
0.60121 0.59867 0.55125
0.66179 0.41577 0.37802
0.57476 0.57620 0.49731
0.51333 0.52841 0.40215
0.62184 0.55361 0.45984
0.66610 0.55363 0.57236
0.54277 0.39951 0.45862
0.57423 0.56123 0.49295
0.48354 0.45758 0.45334
0.59842 0.49984 0.60203
0.46607 0.65076 0.51809
0.50971 0.49079 0.42652
0.53925 0.57150 0.61304
0.56970 0.57331 0.40728
0.55689 0.53484 0.48365
0.63594 0.53444 0.55282
0.63786 0.50177 0.43446
0.63093 0.55772 0.55487
0.49991 0.54223 0.48699
0.55620 0.45654 0.33890
0.58654 0.54200 0.46598
0.69293 0.57686 0.55589
0.61288 0.47919 0.42545
0.57910 0.64576 0.44768
0.46437 0.59005 0.37242
0.63078 0.48375 0.32838
0.49185 0.55049 0.47426
0.68610 0.55421 0.55901
0.64505 0.60512 0.48017
0.52499 0.51507 0.43012
0.60548 0.48515 0.56736
0.66784 0.54865 0.60597
0.53271 0.56100 0.43246
0.65852 0.54923 0.60045
0.60041 0.63768 0.40237
0.53000 0.48778 0.46363
0.57950 0.61290 0.51867
0.65575 0.41241 0.61020
0.57652 0.56728 0.45877
0.53109 0.52130 0.49501
0.85969 0.70394 0.63060
0.52011 0.39793 0.48104
0.56454 0.46317 0.54386
0.60058 0.53884 0.51044
0.65982 0.63284 0.45433
0.56854 0.54660 0.56516
0.64918 0.56281 0.56508
0.60213 0.57992 0.64667
0.50265 0.56235 0.53695
0.53689 0.51893 0.49678
0.50522 0.54630 0.39531
0.53104 0.50268 0.40982
0.62428 0.50021 0.52951
0.69841 0.63998 0.50875
0.61614 0.53713 0.52394
0.59280 0.49984 0.52023
0.59883 0.50214 0.52439
0.56273 0.57366 0.43925
0.67348 0.55465 0.50728
0.59717 0.55449 0.54427
0.60383 0.63140 0.39295
0.60352 0.49976 0.41734
0.59514 0.56233 0.45955
0.66005 0.60920 0.53796
0.63298 0.63933 0.52989
0.53496 0.52850 0.45039
0.57618 0.53330 0.53905
0.65161 0.45511 0.67431
0.58700 0.53146 0.53695
0.53503 0.55775 0.42342
0.60053 0.60593 0.42659
0.61274 0.50423 0.52800
0.59777 0.54529 0.59666
0.57258 0.45575 0.40886
0.49803 0.48942 0.53391
0.74718 0.69280 0.52518
0.58951 0.50281 0.55199
0.62248 0.57073 0.49473
0.56112 0.55287 0.45013
0.53843 0.52158 0.58432
0.54730 0.49185 0.47629
0.64215 0.49080 0.48878
0.50489 0.53454 0.55598
0.61432 0.54350 0.60164
0.53226 0.52310 0.44219
0.49626 0.47006 0.46398
0.64530 0.42639 0.40444
0.64089 0.52552 0.43913
0.59995 0.58095 0.59861
0.59457 0.55276 0.47062
0.43985 0.59686 0.44666
0.64380 0.52193 0.56003
0.62011 0.45676 0.37737
0.61199 0.56584 0.43928
0.58296 0.57724 0.51203
0.52306 0.53174 0.41914
0.56820 0.50688 0.49690
0.64551 0.56490 0.50623
0.52888 0.48641 0.51627
0.54126 0.56269 0.35704
0.53292 0.42215 0.54784
0.54491 0.54867 0.50452
0.72101 0.38767 0.49400
0.57911 0.51524 0.45997
0.64556 0.51861 0.56508
0.57660 0.53855 0.45709
0.65569 0.45289 0.48178
0.60739 0.51946 0.40367
0.66959 0.48624 0.55728
0.64053 0.52906 0.60254
0.61330 0.56775 0.55045
0.63540 0.53042 0.61358
0.48803 0.50438 0.56315
0.57364 0.56689 0.54206
0.55169 0.59277 0.44468
0.74199 0.55592 0.55660
0.55740 0.56204 0.47459
0.63094 0.48771 0.59479
0.63668 0.51718 0.59816
0.58394 0.55031 0.47656
0.61952 0.57030 0.45728
0.53296 0.51793 0.47135
0.39698 0.56747 0.57559
0.55438 0.60345 0.49909
0.58513 0.56575 0.51120
0.56848 0.53571 0.55432
0.55158 0.59574 0.52641
0.61698 0.53012 0.46502
0.72890 0.53359 0.59515
0.57394 0.55799 0.47416
0.56279 0.60211 0.46313
0.51885 0.57841 0.46027
0.72117 0.52175 0.57008
0.70708 0.60141 0.59493
0.52315 0.51722 0.49930
0.66573 0.59500 0.51441
0.52249 0.49549 0.44702
0.63237 0.51912 0.40507
0.67314 0.55413 0.54338
0.68540 0.48618 0.41306
0.51179 0.61471 0.42152
0.60551 0.51278 0.67079
0.65882 0.50671 0.46885
0.66402 0.62044 0.59581
0.59230 0.57918 0.57031
0.45703 0.62189 0.46878
0.57146 0.55368 0.39398
0.50694 0.51359 0.37044
0.59266 0.52965 0.43989
0.66506 0.52118 0.49759
0.38501 0.48823 0.46935
0.54387 0.52782 0.65017
0.54484 0.53942 0.48067
0.61987 0.54221 0.39819
0.60330 0.55594 0.38518
0.49452 0.41037 0.52726
0.58976 0.47318 0.41967
0.54834 0.56182 0.43932
0.61535 0.52250 0.44887
0.46894 0.53329 0.44940
0.63097 0.46181 0.57919
0.68663 0.40037 0.53904
0.62290 0.63128 0.61746
0.56928 0.46744 0.43320
0.53174 0.49130 0.46228
0.60031 0.45323 0.67838
0.70026 0.51893 0.49304
0.68113 0.54334 0.55619
0.53941 0.48644 0.43320
0.62465 0.57875 0.42036
0.60045 0.49965 0.36595
0.68857 0.53787 0.48553
0.64559 0.58593 0.47005
0.71350 0.48351 0.46741
0.60810 0.50160 0.61972
0.66226 0.54390 0.55109
0.58255 0.51339 0.54097
0.62293 0.47966 0.47871
0.56159 0.55890 0.51619
0.53589 0.49777 0.42171
0.59254 0.57691 0.49881
0.49416 0.55894 0.48868
0.55686 0.53855 0.53604
0.46840 0.57353 0.43488
0.54887 0.59277 0.47730
0.58340 0.55770 0.45932
0.60614 0.52045 0.46747
0.62709 0.44277 0.43186
0.45056 0.41474 0.56267
0.51211 0.52839 0.43634
0.70247 0.45394 0.43065
0.55755 0.51233 0.54724
0.49427 0.56070 0.43352
0.44431 0.45338 0.45328
0.66282 0.58887 0.61948
0.49944 0.52682 0.37845
0.61634 0.54617 0.50204
0.55893 0.46932 0.53685
0.66397 0.60369 0.56286
0.58511 0.48344 0.56462
0.56254 0.49250 0.53596
0.61050 0.47697 0.52485
0.58992 0.52847 0.40689
0.59441 0.54873 0.45210
0.50096 0.54395 0.56486
0.56879 0.57711 0.49130
0.62148 0.43620 0.40762
0.57203 0.54917 0.52951
0.52327 0.57238 0.54725
0.56373 0.50447 0.44400
0.66526 0.66646 0.51158
0.50225 0.58270 0.54507
0.65503 0.62532 0.50468
0.62012 0.63460 0.41692
0.64339 0.65035 0.60338
0.58061 0.55039 0.50609
0.65582 0.58944 0.47301
0.67569 0.55728 0.51158
0.55977 0.62842 0.47794
0.61107 0.51177 0.58983
0.56910 0.57315 0.51378
0.50279 0.52170 0.49618
0.59505 0.53308 0.52404
0.60452 0.53555 0.42693
0.45694 0.47850 0.47225
0.58671 0.48044 0.51399
0.61971 0.47510 0.58402
0.59662 0.57519 0.44176
0.65909 0.51850 0.56625
0.57188 0.59197 0.51628
0.57332 0.50134 0.57088
0.64847 0.47625 0.46879
0.58652 0.58997 0.36386
0.52489 0.52152 0.57977
0.49719 0.49267 0.39057
0.47864 0.52312 0.43388
0.53311 0.54778 0.51379
0.69902 0.65397 0.53590
0.68133 0.48457 0.45998
0.59487 0.56341 0.55059
0.57429 0.54092 0.42395
0.63693 0.44576 0.44649
0.45479 0.54209 0.41228
0.57711 0.66982 0.45830
0.55808 0.50491 0.45458
0.62937 0.54988 0.52119
0.65674 0.51787 0.54155
0.62464 0.51618 0.48848
0.54965 0.55422 0.42711
0.64439 0.52476 0.48801
0.49433 0.51026 0.47585
0.60659 0.56554 0.53120
0.59114 0.44642 0.44627
0.54217 0.49996 0.42703
0.61623 0.54869 0.49529
0.57251 0.49732 0.43881
0.60663 0.57682 0.53932
0.51106 0.48920 0.56498
0.59413 0.59876 0.42721
0.58115 0.59603 0.46335
0.46279 0.62413 0.44991
0.56765 0.52548 0.56232
0.56484 0.45593 0.60479
0.55359 0.54260 0.52011
0.58977 0.51748 0.49252
0.57383 0.52191 0.58382
0.52991 0.47908 0.48905
0.59450 0.51895 0.54175
0.67388 0.57666 0.54273
0.62924 0.63335 0.43911
0.65343 0.53871 0.55877
0.61222 0.53856 0.55380
0.58430 0.55040 0.51905
0.55565 0.51571 0.61474
0.50683 0.44248 0.52206
0.50096 0.50676 0.36618
0.60071 0.57668 0.54961
0.72575 0.46821 0.49961
0.60395 0.59615 0.47203
0.59980 0.52311 0.59843
0.57879 0.56061 0.39323
0.56862 0.52537 0.50387
0.57269 0.49237 0.44401
0.63952 0.48465 0.40623
0.56371 0.47032 0.52424
0.61841 0.58153 0.44512
0.66440 0.55454 0.38149
0.50892 0.50901 0.34707
0.61780 0.55912 0.50712
0.70939 0.47527 0.51934
0.60369 0.44536 0.43047
0.55693 0.59718 0.41209
0.51105 0.49273 0.54695
0.56379 0.56986 0.49459
0.55228 0.53787 0.44297
0.69383 0.60088 0.54104
0.62303 0.54259 0.35888
0.50593 0.42613 0.50460
0.64163 0.53326 0.58764
0.56774 0.56343 0.43080
0.57958 0.54513 0.52923
0.43948 0.54512 0.44949
0.61243 0.61696 0.50338
0.60876 0.47998 0.54057
0.50440 0.61987 0.47894
0.51186 0.45411 0.54263
0.71542 0.48313 0.47319
0.68274 0.54527 0.54464
0.65385 0.58435 0.56548
0.57368 0.54317 0.46336
0.52893 0.57834 0.48486
0.60164 0.53346 0.54053
0.62667 0.55231 0.44900
0.58763 0.55858 0.59219
0.62140 0.57217 0.37720
0.66906 0.65617 0.46192
0.62651 0.50591 0.50724
0.52638 0.44459 0.46699
0.55186 0.54317 0.45908
0.60435 0.47501 0.43452
0.51181 0.56772 0.41191
0.64072 0.50637 0.49272
0.65728 0.45813 0.39786
0.58533 0.48177 0.57826
0.61431 0.54528 0.47296
0.59621 0.54341 0.38044
0.61672 0.44651 0.55838
0.51758 0.57133 0.53836
0.72167 0.44964 0.44242
0.63646 0.51965 0.42384
0.73566 0.53568 0.53593
0.46291 0.58600 0.38064
0.49983 0.52916 0.36007
0.49227 0.48791 0.67881
0.69778 0.65401 0.46526
0.68060 0.52215 0.62633
0.49978 0.42708 0.50334
0.54297 0.56860 0.46312
0.60172 0.50632 0.53765
0.62830 0.54649 0.45028
0.59632 0.44200 0.63002
0.47070 0.53930 0.47573
0.57619 0.40484 0.40958
0.52604 0.44896 0.51738
0.58059 0.56333 0.45798
0.60751 0.57062 0.41876
0.53564 0.57098 0.51216
0.58033 0.50769 0.45595
0.64427 0.57038 0.53297
0.58565 0.49541 0.59798
0.55925 0.57239 0.52605
0.47577 0.49007 0.43056
0.65144 0.56218 0.39128
0.60369 0.62812 0.50832
0.41272 0.53488 0.51646
0.55383 0.53287 0.47396
0.63788 0.54822 0.56578
0.59340 0.49062 0.48081
0.64723 0.61885 0.53190
0.62043 0.49025 0.44716
0.75998 0.60674 0.60712
0.54840 0.50006 0.45391
0.51505 0.55370 0.39049
0.56572 0.53916 0.42021
0.55730 0.55674 0.44987
0.57177 0.49086 0.55507
0.49700 0.57332 0.41794
0.58572 0.54328 0.47249
0.72465 0.62747 0.51044
0.63589 0.53636 0.44494
0.61984 0.61391 0.57180
0.56004 0.52774 0.54265
0.57163 0.52579 0.46607
0.72115 0.68121 0.57345
0.59552 0.51862 0.39869
0.50688 0.44493 0.63228
0.66688 0.57646 0.55396
0.52947 0.43898 0.61327
0.57214 0.55809 0.44211
0.48219 0.52252 0.43351
0.52585 0.51799 0.56030
0.59508 0.55956 0.55674
0.59775 0.55279 0.41567
0.58260 0.60111 0.47305
0.55980 0.49290 0.48482
0.56892 0.45668 0.47525
0.55173 0.57693 0.44591
0.60285 0.53437 0.45801
0.64767 0.70196 0.48401
0.62914 0.63556 0.62763
0.51276 0.53204 0.45937
0.53543 0.51652 0.49510
0.59542 0.54916 0.47108
0.71874 0.53477 0.48752
0.51119 0.57874 0.46382
0.74747 0.50814 0.55120
0.62758 0.50892 0.57395
0.68825 0.53413 0.55586
0.61598 0.57968 0.38403
0.55679 0.48900 0.40023
0.56729 0.54376 0.48963
0.66782 0.51206 0.46452
0.56415 0.52363 0.59872
0.60646 0.46160 0.49311
0.59987 0.51843 0.55370
0.54319 0.52309 0.43571
0.59429 0.49452 0.60844
0.57111 0.57201 0.52667
0.56925 0.54159 0.46656
0.66021 0.55324 0.42231
0.56110 0.43307 0.46470
0.56269 0.47554 0.45965
0.59369 0.53554 0.55699
0.66121 0.53067 0.47090
0.51499 0.51353 0.53257
0.57243 0.57745 0.46961
0.55794 0.50980 0.52846
0.57375 0.47256 0.45753
0.61806 0.61959 0.60497
0.61008 0.51618 0.53452
0.54320 0.59738 0.42635
0.58610 0.54139 0.50127
0.61131 0.41104 0.39256
0.58204 0.52055 0.49802
0.51459 0.54647 0.45376
0.58030 0.49410 0.49290
0.50721 0.61866 0.47947
0.56980 0.51361 0.54808
0.60256 0.57152 0.57068
0.51976 0.51821 0.32974
0.65592 0.59184 0.56776
0.58559 0.56648 0.52984
0.52269 0.52862 0.56828
0.64571 0.66830 0.45288
0.64666 0.61803 0.55322
0.72049 0.45816 0.45782
0.51834 0.54927 0.60634
0.47667 0.60652 0.45764
0.56446 0.49125 0.54110
0.47997 0.56583 0.54382
0.66724 0.54081 0.48771
0.58110 0.56674 0.53787
0.60795 0.55425 0.55956
0.50544 0.47897 0.61288
0.54195 0.57788 0.51672
0.66721 0.60091 0.53077
0.59677 0.59078 0.50312
0.48760 0.56220 0.45754
0.54317 0.56866 0.45332
0.65735 0.43256 0.46949
0.72656 0.48506 0.63492
0.62290 0.59669 0.58709
0.48241 0.47865 0.45545
0.49326 0.46885 0.43795
0.53344 0.50601 0.46482
0.54312 0.51665 0.56761
0.62946 0.45866 0.58311
0.59393 0.64079 0.53280
0.53037 0.44409 0.45374
0.64706 0.56951 0.57752
0.66995 0.42567 0.48254
0.64169 0.64124 0.53442
0.50590 0.50180 0.45473
0.66108 0.50773 0.56832
0.65871 0.48944 0.53388
0.58353 0.44548 0.46090
0.59476 0.55892 0.57844
0.57884 0.44788 0.50090
0.50841 0.47503 0.49105
0.56180 0.49086 0.61910
0.65416 0.49937 0.63206
0.62453 0.58955 0.62263
0.52567 0.56692 0.48724
0.61661 0.59235 0.42223
