20 12 1000 7390 36
0.65223 0.26549 0.92523
0.15379 0.34405 0.11297
0.95727 0.35515 0.12454
0.04105 0.22406 0.81855
0.41372 0.38301 0.74888
0.61600 0.21183 0.03753
0.04054 0.72407 0.11661
0.78799 0.48674 0.02829
0.18670 0.30983 0.20313
0.05300 0.71476 0.76356
0.04660 0.25846 0.56501
0.64995 0.90199 0.09062
0.44592 0.53724 0.21132
0.33535 0.44759 0.40877
0.52354 0.46443 0.29997
0.28860 0.43569 0.32339
0.44983 0.62093 0.29674
0.43680 0.45532 0.26203
0.49342 0.42094 0.25287
0.29889 0.49902 0.42343
0.36761 0.50401 0.33958
0.30931 0.47485 0.30520
0.34744 0.51249 0.29884
0.28031 0.45360 0.44880
0.27167 0.41917 0.46875
0.35915 0.36199 0.32501
0.35085 0.43252 0.42536
0.46146 0.39341 0.27419
0.42893 0.38295 0.48360
0.36206 0.49764 0.38608
0.22153 0.56776 0.43327
0.44660 0.47430 0.30139
0.39267 0.39083 0.34486
0.42125 0.35179 0.36424
0.58013 0.33871 0.21972
0.43244 0.42875 0.52689
0.40709 0.46482 0.39084
0.44833 0.43846 0.24883
0.34126 0.43247 0.44297
0.41384 0.50314 0.36277
0.41723 0.47021 0.38142
0.36649 0.46424 0.37313
0.28699 0.45348 0.30904
0.49869 0.55560 0.34495
0.49139 0.48899 0.33211
0.25940 0.37258 0.51395
0.32287 0.46425 0.35214
0.42548 0.42909 0.31326
0.35010 0.35828 0.26532
0.28653 0.44453 0.52354
0.27019 0.47740 0.40496
0.34453 0.47653 0.42578
0.35370 0.44574 0.39372
0.37483 0.35490 0.38092
0.45110 0.41517 0.33266
0.39049 0.44756 0.37999
0.37343 0.41000 0.47429
0.45768 0.53440 0.30609
0.39613 0.44922 0.37392
0.22761 0.33038 0.44710
0.31726 0.48342 0.43944
0.40922 0.35908 0.26941
0.41495 0.37931 0.39945
0.38005 0.57548 0.18880
0.52057 0.45696 0.21477
0.35177 0.45087 0.41631
0.31630 0.36597 0.39981
0.46395 0.43540 0.39987
0.34813 0.33283 0.53706
0.29179 0.32248 0.45555
0.37715 0.38135 0.40720
0.27175 0.44157 0.38740
0.41081 0.54669 0.43442
0.33162 0.52100 0.39599
0.25926 0.37663 0.37932
0.49268 0.52725 0.41474
0.37169 0.38138 0.44648
0.41551 0.32875 0.44742
0.44049 0.57320 0.27098
0.48431 0.39245 0.38443
0.43509 0.38088 0.38943
0.42538 0.40770 0.18457
0.47197 0.41028 0.27559
0.37248 0.37511 0.40015
0.29408 0.40240 0.51449
0.51023 0.42520 0.23862
0.46323 0.46806 0.32433
0.26812 0.35735 0.54548
0.22315 0.40325 0.38967
0.58988 0.48124 0.18011
0.45235 0.51750 0.28751
0.30043 0.33229 0.46959
0.43353 0.41901 0.50197
0.37608 0.46771 0.36747
0.23309 0.38494 0.44835
0.35480 0.45978 0.26058
0.31682 0.36277 0.27774
0.36066 0.42650 0.34511
0.21571 0.53633 0.56574
0.34170 0.44881 0.34836
0.34843 0.34015 0.44152
0.38046 0.39729 0.33621
0.47695 0.64754 0.29037
0.47102 0.51992 0.49134
0.37004 0.52264 0.39193
0.49231 0.41434 0.26851
0.28013 0.43959 0.19442
0.40698 0.39240 0.62016
0.33734 0.42554 0.39813
0.36629 0.44638 0.43528
0.38172 0.40482 0.45338
0.40314 0.45084 0.22308
0.27718 0.40204 0.39133
0.35350 0.36023 0.35982
0.37425 0.52637 0.47161
0.34794 0.48558 0.44678
0.42378 0.34406 0.49883
0.50965 0.34916 0.46809
0.37484 0.42574 0.57786
0.50689 0.62000 0.25822
0.41140 0.44830 0.47778
0.38336 0.39497 0.38222
0.41818 0.43081 0.29043
0.41218 0.37277 0.46626
0.38119 0.52071 0.30570
0.30526 0.40918 0.19395
0.49297 0.48856 0.16545
0.47204 0.50706 0.37593
0.40472 0.43483 0.39697
0.39267 0.41463 0.41069
0.38952 0.41625 0.46022
0.33635 0.38456 0.43727
0.55130 0.36371 0.30014
0.44179 0.41008 0.46993
0.34786 0.45474 0.33356
0.47321 0.44030 0.30266
0.36316 0.41449 0.21948
0.40933 0.41194 0.36319
0.30119 0.41680 0.58727
0.44581 0.39655 0.34637
0.44826 0.43061 0.23584
0.37344 0.37923 0.33850
0.37351 0.41386 0.36605
0.30567 0.51904 0.29186
0.39880 0.36637 0.28918
0.42384 0.44525 0.36089
0.33801 0.38812 0.35272
0.24279 0.46725 0.39320
0.47171 0.44082 0.33749
0.36396 0.41067 0.44377
0.31174 0.44043 0.49552
0.39243 0.44769 0.54677
0.21887 0.33448 0.39051
0.37833 0.45544 0.48630
0.35316 0.55676 0.37926
0.37774 0.46327 0.29224
0.39672 0.39592 0.46387
0.33755 0.40658 0.40620
0.58613 0.41915 0.28999
0.30650 0.35868 0.45482
0.36631 0.35803 0.46070
0.51225 0.40705 0.24818
0.31840 0.40801 0.43329
0.46177 0.42537 0.23762
0.39309 0.38661 0.33428
0.21634 0.54910 0.41614
0.30735 0.45659 0.35832
0.53216 0.38275 0.21077
0.41427 0.36076 0.27694
0.38881 0.33262 0.47389
0.23731 0.54338 0.33492
0.28437 0.51436 0.40849
0.31977 0.46969 0.47671
0.62356 0.42037 0.18581
0.35597 0.39447 0.49146
0.38713 0.40057 0.35453
0.30783 0.43293 0.37773
0.41375 0.38963 0.32268
0.32811 0.47057 0.48582
0.40224 0.47014 0.51531
0.29037 0.52839 0.54232
0.44340 0.55604 0.35797
0.49986 0.44692 0.38727
0.45937 0.30885 0.40019
0.46326 0.38630 0.22173
0.33094 0.37915 0.39178
0.34525 0.47532 0.39433
0.31283 0.42287 0.45417
0.27892 0.40149 0.35238
0.38485 0.46807 0.41048
0.41392 0.36842 0.34816
0.35186 0.49380 0.41571
0.32835 0.60416 0.22202
0.51467 0.43570 0.30394
0.34134 0.40931 0.38324
0.36426 0.44756 0.45476
0.35227 0.43713 0.27986
0.41319 0.42997 0.46106
0.26441 0.47886 0.44791
0.37578 0.43381 0.28683
0.31262 0.51560 0.31457
0.32913 0.37606 0.38880
0.39809 0.39855 0.21397
0.40531 0.30563 0.56104
0.36385 0.39256 0.43696
0.45630 0.49093 0.44423
0.31578 0.41602 0.41162
0.46513 0.41181 0.28102
0.27237 0.51579 0.47102
0.42510 0.34832 0.43550
0.43129 0.49014 0.28539
0.47164 0.33375 0.30099
0.27738 0.42100 0.38394
0.47272 0.43991 0.37153
0.35147 0.37080 0.32875
0.38150 0.50126 0.22414
0.35348 0.39528 0.50422
0.31418 0.47016 0.29081
0.46912 0.44966 0.29230
0.42780 0.39765 0.32430
0.28831 0.46057 0.38638
0.40452 0.37798 0.33591
0.44015 0.39419 0.39258
0.49098 0.34175 0.34873
0.38575 0.45304 0.42939
0.41830 0.48510 0.33660
0.43342 0.43700 0.22062
0.40966 0.42816 0.58072
0.48305 0.53944 0.37173
0.35331 0.37476 0.39476
0.44756 0.39973 0.39929
0.34934 0.47697 0.34534
0.39572 0.39815 0.29914
0.36070 0.47082 0.45521
0.16974 0.34417 0.52334
0.44493 0.40042 0.39881
0.41536 0.37371 0.41899
0.24779 0.39394 0.36642
0.34531 0.41730 0.26459
0.53553 0.53999 0.31469
0.21221 0.42159 0.47866
0.46654 0.52909 0.36414
0.30022 0.39612 0.44500
0.31268 0.55483 0.27417
0.31433 0.37355 0.49426
0.34186 0.40529 0.33652
0.30454 0.46821 0.38710
0.29939 0.40303 0.45969
0.44449 0.46856 0.38637
0.29827 0.42557 0.33910
0.46116 0.58091 0.24475
0.41568 0.41312 0.33491
0.40830 0.38014 0.19950
0.45397 0.50797 0.37435
0.48889 0.34009 0.43168
0.25723 0.55726 0.15893
0.40184 0.40440 0.44630
0.44817 0.36405 0.38401
0.25839 0.41766 0.42103
0.26192 0.46395 0.51039
0.39450 0.36796 0.51832
0.31510 0.49888 0.43191
0.55453 0.50004 0.30055
0.30623 0.48561 0.48701
0.40226 0.54179 0.25491
0.54657 0.37665 0.44691
0.47196 0.43420 0.36844
0.41517 0.61579 0.36192
0.35098 0.42855 0.45181
0.45064 0.47168 0.27318
0.61410 0.50556 0.22788
0.34553 0.30874 0.40786
0.33056 0.42132 0.30703
0.32879 0.45596 0.65471
0.31095 0.42519 0.24550
0.48152 0.44359 0.31871
0.17642 0.47005 0.50406
0.52008 0.47338 0.28286
0.64167 0.40228 0.18657
0.41500 0.39494 0.29737
0.33127 0.40908 0.38259
0.47736 0.36983 0.32339
0.34265 0.54419 0.27527
0.33017 0.60347 0.36079
0.50989 0.42000 0.24930
0.30477 0.47596 0.59374
0.61141 0.43256 0.24705
0.13989 0.40827 0.50156
0.46926 0.39497 0.44791
0.41547 0.40557 0.42840
0.29212 0.39690 0.42186
0.41434 0.42181 0.26394
0.28949 0.36152 0.34267
0.36277 0.49034 0.19927
0.46774 0.49215 0.34609
0.31546 0.46063 0.41238
0.35715 0.35081 0.32175
0.51817 0.47193 0.24625
0.41707 0.38467 0.31876
0.40548 0.53467 0.36426
0.32756 0.46987 0.40342
0.36770 0.53625 0.30741
0.33638 0.32848 0.44516
0.39679 0.53370 0.26055
0.32475 0.35880 0.35014
0.28752 0.45025 0.31809
0.36088 0.49616 0.31593
0.32050 0.39504 0.41152
0.33448 0.34321 0.39065
0.34156 0.49097 0.54153
0.27947 0.37552 0.28207
0.30784 0.40178 0.42727
0.40548 0.40975 0.39857
0.38008 0.51411 0.23878
0.31345 0.46158 0.28391
0.29571 0.29146 0.59922
0.35943 0.48525 0.36497
0.52765 0.39816 0.27979
0.26043 0.36287 0.30863
0.25370 0.45410 0.38647
0.40781 0.41529 0.38402
0.48654 0.35196 0.42876
0.28668 0.51389 0.35845
0.27677 0.36360 0.49945
0.43827 0.39751 0.34429
0.35938 0.49585 0.30294
0.34249 0.43999 0.29802
0.36645 0.42722 0.42773
0.27919 0.45901 0.45499
0.51989 0.53593 0.24904
0.38701 0.41921 0.44753
0.45017 0.38478 0.45051
0.41695 0.46585 0.29791
0.53677 0.48858 0.17727
0.44723 0.46375 0.46657
0.41508 0.36824 0.50484
0.52390 0.45889 0.20136
0.38435 0.37896 0.30756
0.45752 0.40690 0.35516
0.36086 0.35393 0.39064
0.22641 0.43576 0.62444
0.40158 0.43215 0.17238
0.42649 0.47572 0.33902
0.22913 0.52590 0.32512
0.30817 0.52208 0.37269
0.39839 0.42599 0.38075
0.40969 0.36527 0.37145
0.36009 0.40098 0.53617
0.27915 0.41356 0.43085
0.44059 0.38166 0.39962
0.24590 0.53337 0.53589
0.55780 0.34718 0.45077
0.50145 0.36736 0.22871
0.30172 0.46442 0.46876
0.44123 0.37036 0.41025
0.47532 0.35034 0.35209
0.35309 0.37314 0.44829
0.32578 0.35792 0.43124
0.46471 0.47171 0.31513
0.26916 0.39002 0.54426
0.35596 0.46046 0.41250
0.31657 0.36261 0.40724
0.45444 0.36471 0.37533
0.50373 0.47480 0.36523
0.35492 0.40802 0.38695
0.40540 0.48913 0.34509
0.41968 0.63068 0.21861
0.50600 0.47316 0.33417
0.29665 0.46945 0.28788
0.29585 0.41360 0.42220
0.50383 0.42133 0.38927
0.18957 0.46757 0.45311
0.34665 0.45882 0.31998
0.43121 0.53958 0.35239
0.42617 0.35010 0.29637
0.42298 0.47880 0.27154
0.31488 0.53196 0.47427
0.36712 0.61027 0.41641
0.34887 0.45345 0.42624
0.34074 0.36712 0.21028
0.30847 0.43282 0.33877
0.43803 0.40150 0.29796
0.42661 0.47574 0.35896
0.43340 0.39491 0.42192
0.51259 0.49960 0.33825
0.32284 0.43278 0.30903
0.51157 0.48712 0.36794
0.48330 0.39018 0.41827
0.25702 0.42959 0.38950
0.38384 0.45855 0.18021
0.24671 0.47649 0.45083
0.28058 0.46953 0.46501
0.35925 0.40610 0.38248
0.37449 0.33708 0.20215
0.47203 0.41672 0.30654
0.31231 0.40253 0.36701
0.45217 0.38728 0.50072
0.35008 0.38954 0.37321
0.34928 0.43189 0.34194
0.28395 0.41427 0.46553
0.37212 0.41666 0.51791
0.41585 0.47886 0.26768
0.31399 0.46736 0.38625
0.46197 0.40746 0.35311
0.36294 0.36997 0.45571
0.36973 0.37497 0.34717
0.45006 0.49041 0.32254
0.29270 0.38524 0.43257
0.47355 0.39489 0.39338
0.40849 0.40189 0.34350
0.37190 0.41518 0.47596
0.49701 0.41169 0.38677
0.47082 0.35564 0.23922
0.35537 0.40606 0.46821
0.39719 0.49462 0.24717
0.26365 0.34754 0.44870
0.44496 0.42338 0.50518
0.36925 0.43582 0.25842
0.43524 0.44453 0.41443
0.51588 0.35769 0.43926
0.22849 0.38709 0.41417
0.35529 0.39915 0.28253
0.34613 0.46371 0.37511
0.51586 0.45336 0.22399
0.50165 0.36455 0.47125
0.49954 0.38805 0.43485
0.28360 0.55066 0.24211
0.24489 0.49088 0.41510
0.35926 0.49122 0.43025
0.33006 0.42783 0.35885
0.44695 0.45859 0.35872
0.27253 0.46919 0.41871
0.28854 0.47561 0.38378
0.44700 0.35881 0.57600
0.39749 0.41693 0.35128
0.46041 0.44720 0.25381
0.33390 0.51825 0.42545
0.29399 0.36507 0.37570
0.47643 0.44679 0.31994
0.34660 0.45549 0.43554
0.42903 0.34890 0.51825
0.31650 0.38560 0.55914
0.24325 0.51194 0.32696
0.18630 0.55742 0.53879
0.33555 0.43123 0.45515
0.16058 0.37826 0.52076
0.49137 0.39728 0.36475
0.37766 0.40392 0.44366
0.38812 0.33429 0.54481
0.48183 0.39935 0.40037
0.58062 0.38359 0.31932
0.47783 0.40792 0.49093
0.37762 0.40480 0.44155
0.41899 0.49129 0.47500
0.23581 0.47820 0.33716
0.45755 0.42659 0.33231
0.42753 0.44940 0.26900
0.37901 0.38158 0.33947
0.51918 0.47557 0.29694
0.27412 0.32765 0.39291
0.22681 0.36873 0.52137
0.41462 0.48717 0.36775
0.50818 0.38558 0.34668
0.28079 0.46295 0.42820
0.33015 0.48640 0.30956
0.38428 0.38954 0.35604
0.37942 0.58026 0.41967
0.43638 0.31353 0.50648
0.41105 0.39377 0.48593
0.38429 0.40351 0.41631
0.28193 0.52218 0.20669
0.42104 0.43479 0.46136
0.28093 0.37853 0.57025
0.36150 0.41976 0.32225
0.39441 0.45702 0.38805
0.52330 0.42777 0.26977
0.41509 0.53090 0.37989
0.32571 0.52807 0.38576
0.33397 0.35047 0.43150
0.31294 0.41857 0.41454
0.41382 0.46278 0.34126
0.39288 0.36904 0.42856
0.35869 0.39826 0.33526
0.37682 0.41431 0.42611
0.44122 0.42172 0.43239
0.35004 0.46403 0.30978
0.34702 0.34101 0.37445
0.31842 0.38831 0.48418
0.29881 0.35691 0.39964
0.43566 0.38317 0.31595
0.40409 0.48421 0.46622
0.40323 0.53213 0.36425
0.37090 0.49230 0.31373
0.38461 0.41688 0.45647
0.53251 0.40307 0.43837
0.46499 0.37887 0.32487
0.37539 0.38414 0.36171
0.27295 0.38829 0.49126
0.41496 0.47053 0.62312
0.32669 0.46626 0.35770
0.26651 0.36526 0.35706
0.31092 0.42646 0.33916
0.37193 0.41023 0.50560
0.42655 0.43186 0.39189
0.60999 0.37989 0.53175
0.29369 0.55663 0.48074
0.37859 0.46745 0.39571
0.37134 0.42110 0.46306
0.32614 0.41005 0.41146
0.27124 0.44287 0.48058
0.25106 0.37716 0.52965
0.37899 0.41141 0.30672
0.42259 0.42485 0.23795
0.38911 0.53347 0.45449
0.38122 0.38161 0.45677
0.34551 0.43609 0.41258
0.36775 0.39038 0.27497
0.28404 0.53975 0.33199
0.32624 0.42850 0.42546
0.48132 0.40212 0.28414
0.41437 0.41929 0.39516
0.39724 0.48815 0.36649
0.63753 0.40552 0.28356
0.43338 0.53563 0.27431
0.40832 0.43303 0.33113
0.34748 0.36892 0.36584
0.50649 0.36670 0.35072
0.39335 0.38869 0.37781
0.42075 0.39167 0.31592
0.35497 0.46020 0.35612
0.42069 0.37355 0.29171
0.30714 0.51862 0.46808
0.46265 0.38687 0.33656
0.20593 0.40924 0.35551
0.36013 0.48832 0.38747
0.16784 0.62421 0.37107
0.34562 0.30877 0.32357
0.40299 0.40849 0.39895
0.39759 0.42895 0.33535
0.50192 0.50446 0.26652
0.49297 0.40356 0.34708
0.40373 0.51191 0.28979
0.42041 0.42639 0.29100
0.44983 0.41791 0.32658
0.20465 0.43508 0.29208
0.26151 0.38736 0.37004
0.30419 0.45066 0.38215
0.29534 0.39877 0.45488
0.39357 0.43021 0.52921
0.28952 0.37453 0.34612
0.37463 0.41937 0.42425
0.55116 0.46359 0.30041
0.29829 0.32141 0.46511
0.47014 0.41842 0.44851
0.33531 0.38807 0.58965
0.34755 0.44220 0.41489
0.35064 0.53377 0.39663
0.52553 0.33611 0.52956
0.29513 0.45504 0.33801
0.30250 0.34398 0.39877
0.41349 0.54356 0.26043
0.48524 0.35715 0.49861
0.52201 0.49983 0.21203
0.26575 0.42750 0.41010
0.31510 0.44047 0.30906
0.49698 0.48830 0.19637
0.47090 0.40689 0.36344
0.45278 0.45155 0.26124
0.32646 0.41047 0.48840
0.42740 0.41948 0.30297
0.23460 0.38047 0.60075
0.39731 0.35523 0.41216
0.43430 0.34804 0.43310
0.48612 0.38246 0.46834
0.40957 0.60508 0.35753
0.46193 0.32224 0.57371
0.42298 0.36022 0.57145
0.26070 0.45173 0.30042
0.30348 0.35365 0.43951
0.47715 0.44479 0.42162
0.42479 0.40121 0.54280
0.32520 0.39688 0.48082
0.31465 0.41143 0.41973
0.45592 0.47024 0.39222
0.36955 0.37852 0.30161
0.40987 0.40848 0.38902
0.45559 0.32673 0.50805
0.39204 0.41867 0.40686
0.46160 0.35632 0.39221
0.38810 0.33555 0.41053
0.46577 0.54314 0.19940
0.34054 0.47929 0.53023
0.33993 0.35337 0.29654
0.36009 0.41392 0.43371
0.29053 0.42070 0.43829
0.39682 0.38372 0.25299
0.30695 0.38865 0.46669
0.25648 0.42470 0.44214
0.36439 0.40567 0.45908
0.47691 0.48151 0.30683
0.29998 0.36038 0.47385
0.30838 0.52056 0.38916
0.41864 0.53030 0.22707
0.30612 0.39047 0.53101
0.41028 0.57962 0.31344
0.48262 0.44052 0.48586
0.33290 0.55703 0.31169
0.37752 0.44093 0.29739
0.40821 0.55727 0.21829
0.34560 0.39440 0.37609
0.50458 0.40392 0.41265
0.23735 0.46244 0.40200
0.32075 0.44742 0.30849
0.35549 0.48043 0.44499
0.48917 0.47191 0.44671
0.30077 0.42783 0.44546
0.45345 0.43540 0.46197
0.39758 0.39305 0.40736
0.35365 0.42133 0.49680
0.34145 0.36136 0.46611
0.44629 0.50576 0.33708
0.33655 0.46753 0.33683
0.28992 0.42401 0.39949
0.30252 0.45302 0.22042
0.21558 0.45878 0.39803
0.31827 0.37992 0.35965
0.38555 0.42670 0.47707
0.35181 0.41472 0.42791
0.30027 0.47440 0.31894
0.37097 0.42893 0.42796
0.52015 0.38785 0.48010
0.34269 0.43051 0.37493
0.39971 0.35378 0.51795
0.42215 0.35032 0.33869
0.19417 0.51387 0.34033
0.46006 0.56979 0.27606
0.36122 0.38633 0.50749
0.32799 0.46559 0.29458
0.40179 0.38317 0.36744
0.42184 0.38137 0.45682
0.35462 0.38314 0.32375
0.30403 0.38699 0.46431
0.31914 0.43039 0.40013
0.37869 0.52733 0.29243
0.53054 0.39528 0.30207
0.43688 0.40661 0.29576
0.46011 0.57192 0.24289
0.31649 0.41506 0.33791
0.35983 0.36791 0.48500
0.43649 0.33062 0.44381
0.27226 0.48399 0.47055
0.23868 0.40870 0.40508
0.39817 0.40239 0.31549
0.39580 0.37597 0.39302
0.36116 0.51329 0.32487
0.25001 0.42476 0.44789
0.44648 0.49237 0.29652
0.24321 0.56263 0.38113
0.26901 0.39347 0.59356
0.28591 0.44061 0.27573
0.32404 0.42180 0.42553
0.28827 0.35121 0.52540
0.45865 0.39675 0.33483
0.46618 0.44993 0.24652
0.38482 0.55375 0.30739
0.43726 0.44142 0.24467
0.48124 0.44244 0.25717
0.48641 0.45386 0.37481
0.25529 0.38833 0.36239
0.31779 0.60972 0.22967
0.46814 0.55410 0.33767
0.39598 0.34490 0.55892
0.39073 0.49167 0.24847
0.48158 0.45039 0.38441
0.34602 0.41549 0.32582
0.54623 0.34739 0.28142
0.47802 0.44159 0.24684
0.43963 0.45213 0.37365
0.35569 0.37234 0.23562
0.60180 0.40787 0.41581
0.35759 0.46049 0.50222
0.26158 0.33805 0.39131
0.34610 0.44540 0.28503
0.37904 0.37361 0.41017
0.30170 0.42916 0.47844
0.19278 0.53025 0.27120
0.35548 0.44584 0.28951
0.42434 0.40355 0.45460
0.32692 0.51946 0.52492
0.21344 0.42676 0.37758
0.30581 0.41182 0.37046
0.36764 0.35834 0.52666
0.22469 0.37388 0.38954
0.36820 0.34544 0.29535
0.42772 0.44192 0.30727
0.39627 0.41332 0.40631
0.31790 0.31014 0.58283
0.49141 0.53231 0.31738
0.38376 0.35751 0.38180
0.25054 0.41355 0.42500
0.37608 0.35213 0.42515
0.52064 0.32747 0.44353
0.24408 0.44340 0.54430
0.41238 0.46779 0.18288
0.42713 0.35028 0.36733
0.24713 0.48396 0.36243
0.43372 0.32436 0.31155
0.32591 0.43632 0.31628
0.29551 0.48077 0.39275
0.34289 0.39614 0.37537
0.45201 0.51613 0.29691
0.29966 0.44712 0.28843
0.51565 0.38330 0.34957
0.44433 0.45525 0.30816
0.27521 0.36101 0.36469
0.41825 0.42594 0.22088
0.43339 0.51502 0.32764
0.39187 0.38578 0.36570
0.36856 0.52200 0.27784
0.46321 0.40019 0.47314
0.29892 0.37231 0.33015
0.34535 0.57005 0.25002
0.32690 0.54060 0.25714
0.48522 0.37947 0.30805
0.20538 0.36431 0.55359
0.25596 0.56821 0.43913
0.56833 0.44841 0.29187
0.34865 0.38042 0.35944
0.38978 0.47459 0.24300
0.39676 0.38854 0.42755
0.45570 0.46792 0.35225
0.32312 0.56218 0.33180
0.28140 0.43947 0.54860
0.27846 0.29010 0.66629
0.50987 0.48880 0.18387
0.46856 0.54807 0.25980
0.34589 0.52611 0.41031
0.40053 0.44975 0.48753
0.29110 0.34499 0.51520
0.39349 0.40965 0.40105
0.22690 0.50223 0.50422
0.42269 0.39327 0.40283
0.23650 0.47028 0.41729
0.40452 0.47365 0.34803
0.38966 0.42106 0.36892
0.29308 0.49550 0.38123
0.38725 0.33522 0.30224
0.30729 0.48845 0.46259
0.26324 0.50732 0.41047
0.38525 0.39733 0.50660
0.43601 0.54064 0.28175
0.51175 0.37310 0.50960
0.47726 0.40413 0.33115
0.41030 0.40276 0.39526
0.25560 0.39151 0.40143
0.33439 0.38966 0.55591
0.27511 0.40656 0.44424
0.42300 0.37660 0.36974
0.39437 0.36531 0.52474
0.33724 0.40280 0.32744
0.33019 0.37505 0.49720
0.49815 0.46744 0.18057
0.24655 0.47329 0.43942
0.30201 0.38366 0.44524
0.38322 0.42751 0.40055
0.36011 0.42054 0.28162
0.16543 0.46922 0.38535
0.34163 0.48759 0.30727
0.15325 0.41236 0.45057
0.28929 0.51868 0.51676
0.20817 0.53771 0.50636
0.31068 0.36026 0.31021
0.53146 0.43660 0.33177
0.24590 0.34124 0.49062
0.33034 0.39077 0.32934
0.37732 0.44494 0.32733
0.32421 0.42288 0.46650
0.46469 0.48796 0.26217
0.47784 0.55912 0.30137
0.43735 0.44741 0.27501
0.39472 0.43056 0.37490
0.32145 0.46757 0.62772
0.34534 0.40452 0.45812
0.42159 0.47197 0.42300
0.48381 0.39173 0.45515
0.32311 0.43848 0.25599
0.35705 0.45963 0.33545
0.50277 0.49090 0.34450
0.31518 0.39865 0.36584
0.31502 0.39363 0.51609
0.39554 0.39323 0.47859
0.37266 0.38233 0.60952
0.34551 0.39683 0.42288
0.42711 0.43198 0.29209
0.31160 0.46409 0.31644
0.22470 0.41314 0.48984
0.34611 0.62110 0.34135
0.61142 0.34802 0.54128
0.28186 0.44809 0.31360
0.39932 0.49656 0.36211
0.39361 0.52778 0.19381
0.51556 0.45034 0.23335
0.40179 0.47305 0.25277
0.42874 0.43790 0.40648
0.55782 0.41410 0.36394
0.62976 0.43865 0.38921
0.51922 0.33460 0.32903
0.28298 0.41969 0.32093
0.43728 0.46495 0.30030
0.51878 0.42583 0.31497
0.39013 0.37066 0.30619
0.42769 0.54548 0.25318
0.27665 0.43339 0.34147
0.49285 0.45033 0.32721
0.44359 0.49466 0.44425
0.30408 0.41136 0.44617
0.41079 0.50516 0.41308
0.33009 0.37191 0.46630
0.29664 0.37496 0.53038
0.44839 0.46722 0.29456
0.26654 0.41643 0.56468
0.52439 0.41643 0.31158
0.41678 0.46812 0.35135
0.45191 0.42137 0.49452
0.41571 0.35042 0.34541
0.57457 0.39961 0.21771
0.31832 0.37305 0.44499
0.35377 0.41737 0.33873
0.46394 0.40502 0.26789
0.44897 0.42388 0.48134
0.44002 0.49109 0.26317
0.45010 0.42026 0.46666
0.32864 0.47916 0.35050
0.46307 0.44850 0.27666
0.37554 0.32771 0.58552
0.40836 0.36880 0.22442
0.31910 0.37751 0.29120
0.46785 0.48998 0.31792
0.32871 0.40733 0.44752
0.45908 0.45026 0.27761
0.36807 0.52387 0.31096
0.54596 0.37797 0.28389
0.40867 0.40480 0.32171
0.45307 0.50694 0.33383
0.34314 0.40962 0.41893
0.43657 0.39441 0.31349
0.25161 0.48747 0.21125
0.32059 0.36022 0.35800
0.28339 0.49369 0.28070
0.38465 0.43879 0.25809
0.37573 0.39440 0.55415
0.28671 0.42797 0.33202
0.40986 0.42788 0.39295
0.55815 0.36682 0.23920
0.35843 0.46472 0.35396
0.49338 0.39724 0.36890
0.45143 0.38898 0.51584
0.44284 0.42340 0.33594
0.40070 0.43530 0.34051
0.35411 0.38804 0.69472
0.51164 0.41115 0.25449
0.44477 0.40458 0.36233
0.40777 0.47721 0.36526
0.28550 0.42071 0.50117
0.40827 0.37028 0.34970
0.35342 0.36402 0.29779
0.24690 0.39007 0.32060
0.45304 0.35807 0.44769
0.36356 0.44679 0.29729
0.29461 0.41795 0.49267
0.30950 0.50601 0.41258
0.44892 0.40580 0.35978
0.39637 0.33957 0.49282
0.37836 0.36388 0.45751
0.27666 0.33679 0.43110
0.30951 0.45757 0.28001
0.45131 0.55759 0.32718
0.35103 0.30647 0.42449
0.45841 0.41116 0.31487
0.35696 0.41976 0.37605
0.53944 0.43055 0.21120
0.29749 0.50075 0.49813
0.47133 0.41822 0.36330
0.31289 0.29055 0.49550
0.36450 0.50426 0.35893
0.42282 0.40965 0.27014
0.42583 0.39002 0.40825
0.53779 0.49421 0.21528
0.37655 0.37075 0.31845
0.18435 0.48351 0.28225
0.42216 0.33824 0.56969
0.27928 0.38800 0.44096
0.51551 0.39461 0.26422
0.36275 0.47294 0.30597
0.47760 0.41020 0.23994
0.32504 0.41026 0.48142
0.39289 0.42220 0.47267
0.21772 0.48238 0.42194
0.41093 0.43385 0.55359
0.39880 0.32593 0.60223
0.37288 0.54651 0.25150
0.26926 0.47407 0.42425
0.39179 0.38471 0.40747
0.46456 0.57274 0.37778
0.35815 0.44369 0.51450
0.27412 0.43559 0.35855
0.15029 0.50414 0.61330
0.46690 0.42429 0.34867
0.41506 0.35257 0.34793
0.42658 0.46399 0.36790
0.27691 0.47793 0.39992
0.26375 0.43086 0.30670
0.37306 0.43649 0.44439
0.35635 0.40254 0.52362
0.34416 0.45707 0.48093
0.18099 0.55184 0.56737
0.37082 0.49757 0.23476
0.26845 0.36063 0.45345
0.27073 0.51470 0.49206
0.26959 0.47910 0.42438
0.42980 0.41129 0.25533
0.32112 0.48571 0.46491
0.35619 0.51010 0.38944
0.34362 0.41392 0.31316
0.54065 0.45522 0.26653
0.48361 0.38217 0.36535
0.40011 0.58239 0.33554
0.27824 0.51247 0.34010
0.41790 0.37609 0.48417
0.42163 0.45833 0.26898
0.24050 0.36990 0.43694
0.29637 0.45392 0.40269
0.28002 0.48494 0.38838
0.32026 0.47055 0.43988
0.48893 0.38269 0.31939
0.44725 0.47798 0.43509
0.44018 0.47257 0.36639
0.31467 0.41968 0.48300
0.31000 0.38343 0.39979
0.49534 0.51471 0.51624
0.29658 0.48224 0.44285
0.36322 0.39951 0.48812
0.32835 0.49822 0.55683
0.35163 0.36926 0.47606
0.27382 0.51345 0.33631
0.44992 0.38467 0.33070
0.34878 0.38257 0.50318
0.48940 0.58056 0.19483
0.51209 0.45298 0.23850
0.51673 0.41310 0.36626
0.45427 0.37518 0.47603
0.29827 0.52003 0.33361
0.29959 0.33216 0.44489
0.45460 0.48673 0.23834
0.44472 0.33259 0.34935
0.29142 0.51577 0.32357
0.22065 0.42705 0.39099
0.47105 0.42652 0.27838
0.38901 0.42361 0.34822
0.62794 0.43072 0.28979
0.59655 0.40977 0.33032
0.37592 0.40031 0.31971
0.53328 0.31674 0.43423
0.29561 0.34476 0.61781
0.47490 0.39444 0.46631
0.39498 0.44607 0.30305
0.32131 0.39668 0.40361
0.33153 0.40714 0.50141
0.43948 0.47641 0.26026
0.39316 0.35180 0.45216
0.46988 0.57389 0.26118
0.26043 0.51240 0.26641
0.36628 0.40389 0.32606
0.43217 0.40116 0.40993
0.53166 0.45266 0.27272
0.43886 0.44324 0.40460
0.28343 0.46277 0.52130
0.27403 0.46867 0.41944
0.31853 0.52148 0.52216
0.39232 0.52787 0.27073
0.49199 0.43372 0.27868
0.49959 0.46721 0.32217
0.41171 0.53586 0.30701
0.37038 0.42310 0.54804
0.48056 0.32806 0.21328
0.25900 0.32611 0.55596
0.45499 0.49204 0.23103
0.57317 0.40464 0.21069
0.33289 0.36675 0.41579
0.32895 0.48534 0.52281
0.30851 0.42342 0.39142
0.44416 0.43277 0.39498
0.38029 0.35073 0.25580
0.35329 0.50027 0.23149
0.30814 0.37723 0.41080
0.39560 0.48290 0.31840
0.59157 0.42129 0.36453
0.30724 0.45433 0.28668
0.21749 0.49683 0.35323
0.39156 0.36872 0.30448
0.35771 0.53605 0.37318
0.55695 0.39233 0.44224
0.24802 0.48042 0.31999
0.29972 0.60614 0.29965
0.48324 0.44755 0.28657
0.33985 0.42835 0.41039
0.39315 0.45430 0.32498
0.32137 0.44098 0.42929
0.40640 0.57712 0.19764
0.44862 0.39538 0.46485
0.35086 0.38166 0.43862
0.39925 0.43291 0.50621
