20 5 1000 42652 14
0.74664 0.98523 0.16251
0.67484 0.12884 0.70579
0.07546 0.04824 0.63575
0.37327 0.56935 0.27123
0.07466 0.70027 0.70989
0.39989 0.22560 0.61917
0.50511 0.56053 0.39609
0.38232 0.66038 0.50134
0.56104 0.25627 0.59813
0.30021 0.47516 0.62396
0.47297 0.62524 0.37162
0.42474 0.39841 0.59059
0.19081 0.64661 0.58981
0.41283 0.26689 0.54827
0.31491 0.40625 0.52021
0.27860 0.35412 0.47414
0.68327 0.91925 0.22651
0.56227 0.33581 0.53835
0.31725 0.46985 0.52668
0.25209 0.61575 0.55969
0.55365 0.39381 0.59270
0.37400 0.69356 0.45373
0.39014 0.37188 0.49102
0.09413 0.55572 0.68070
0.47057 0.64478 0.35140
0.46658 0.58014 0.34187
0.40520 0.66179 0.43281
0.41269 0.53731 0.38201
0.30659 0.49242 0.50031
0.49581 0.36424 0.54694
0.23639 0.50705 0.56499
0.28287 0.55194 0.61627
0.35723 0.68492 0.40452
0.34695 0.26009 0.53763
0.33574 0.53380 0.49898
0.39410 0.56327 0.42334
0.26468 0.31668 0.51533
0.64279 0.44265 0.50315
0.19355 0.43171 0.59197
0.49971 0.63319 0.31670
0.35748 0.43568 0.59577
0.30478 0.39697 0.46071
0.53243 0.51702 0.49198
0.44408 0.56874 0.34232
0.37432 0.52271 0.54698
0.37512 0.61938 0.53344
0.36531 0.51185 0.43753
0.31005 0.38593 0.46256
0.22338 0.44335 0.64381
0.28586 0.66922 0.56638
0.65983 0.75951 0.29280
0.24302 0.38965 0.50623
0.47359 0.57778 0.45804
0.43438 0.59603 0.38933
0.36756 0.67294 0.46614
0.34725 0.49788 0.64731
0.45766 0.27853 0.62307
0.53260 0.56871 0.39938
0.40122 0.47664 0.44292
0.50596 0.47810 0.46698
0.43099 0.54763 0.46852
0.35500 0.54925 0.45090
0.33529 0.57336 0.35316
0.53320 0.19198 0.65439
0.37604 0.43266 0.53892
0.18724 0.38748 0.59886
0.59990 0.64821 0.34626
0.42236 0.41749 0.46372
0.39216 0.43092 0.50464
0.45454 0.59413 0.34876
0.53208 0.70537 0.37693
0.17646 0.64802 0.61936
0.42501 0.57018 0.32315
0.51212 0.47016 0.54135
0.50272 0.44656 0.49607
0.42491 0.24327 0.57414
0.41445 0.57218 0.36017
0.42749 0.39671 0.62236
0.48596 0.32959 0.59928
0.14677 0.54480 0.62850
0.39745 0.38577 0.52805
0.55139 0.42068 0.52614
0.48991 0.37037 0.48932
0.32201 0.32256 0.59568
0.47180 0.57892 0.44692
0.34045 0.50375 0.55133
0.22306 0.42457 0.65812
0.62332 0.78130 0.31232
0.53720 0.84193 0.31545
0.35509 0.43116 0.53272
0.47028 0.44143 0.60311
0.57881 0.44270 0.51176
0.52029 0.62327 0.36196
0.39644 0.63872 0.44331
0.48122 0.47438 0.42620
0.24489 0.31654 0.49516
0.28747 0.38495 0.61202
0.43335 0.60880 0.48740
0.36718 0.63189 0.42494
0.38711 0.42030 0.47555
0.44651 0.51578 0.45616
0.54713 0.22508 0.63120
0.29536 0.59389 0.47753
0.53289 0.48436 0.47383
0.29238 0.71802 0.51820
0.23124 0.33770 0.54822
0.49456 0.66434 0.48295
0.44430 0.50828 0.49804
0.39828 0.61819 0.47476
0.49868 0.65427 0.36904
0.34934 0.50161 0.55055
0.37742 0.50844 0.40706
0.44039 0.39840 0.47487
0.25036 0.54483 0.56206
0.35278 0.43376 0.49127
0.41015 0.48893 0.45683
0.10846 0.23728 0.62663
0.39646 0.44751 0.59634
0.24141 0.25941 0.59227
0.23817 0.32562 0.59562
0.43077 0.71075 0.38194
0.42796 0.48562 0.52856
0.57570 0.38665 0.53331
0.29171 0.46715 0.47455
0.34254 0.49675 0.64350
0.38001 0.49156 0.38426
0.28302 0.42064 0.53171
0.38913 0.63019 0.42453
0.45044 0.52510 0.44961
0.24969 0.53698 0.47850
0.46733 0.64666 0.27397
0.21057 0.38634 0.54761
0.46644 0.64678 0.27701
0.15061 0.20534 0.57746
0.51937 0.59042 0.40184
0.53912 0.31433 0.63693
0.40566 0.60684 0.28032
0.21300 0.33368 0.52938
0.12878 0.53606 0.63443
0.23163 0.34387 0.48680
0.32985 0.47252 0.67203
0.26166 0.62108 0.61794
0.29389 0.51275 0.43668
0.24094 0.65207 0.54785
0.38584 0.49059 0.48026
0.32844 0.33672 0.53893
0.44164 0.37137 0.58521
0.55364 0.41415 0.54295
0.55922 0.68642 0.35867
0.40590 0.50183 0.53774
0.25420 0.35268 0.52190
0.34818 0.72187 0.47471
0.44412 0.51790 0.47693
0.25889 0.56881 0.65365
0.26331 0.23805 0.60381
0.33508 0.58024 0.42972
0.46144 0.59456 0.37364
0.46906 0.67641 0.36255
0.22589 0.29869 0.60288
0.38414 0.57524 0.55417
0.19479 0.33945 0.53660
0.57569 0.51890 0.47520
0.36505 0.36064 0.50182
0.29193 0.15697 0.60697
0.29264 0.29379 0.54471
0.47847 0.77114 0.34500
0.41144 0.58528 0.31261
0.52883 0.44825 0.52774
0.31075 0.45908 0.58060
0.41684 0.21602 0.61174
0.54645 0.24559 0.66806
0.44033 0.47096 0.54926
0.53001 0.83898 0.32705
0.30771 0.43420 0.38705
0.37376 0.64384 0.52181
0.27569 0.33262 0.53917
0.38554 0.56825 0.53477
0.29559 0.49969 0.48009
0.40669 0.58309 0.48448
0.33259 0.25652 0.60256
0.44118 0.36227 0.54244
0.45936 0.41077 0.49456
0.30891 0.48078 0.43355
0.17709 0.21753 0.54948
0.63264 0.60621 0.38494
0.40225 0.53654 0.57125
0.24879 0.59324 0.64029
0.48716 0.40435 0.51673
0.32954 0.39335 0.45782
0.41723 0.51743 0.50696
0.39724 0.57163 0.37429
0.27492 0.51205 0.58484
0.30446 0.64894 0.55425
0.48294 0.35119 0.55264
0.31536 0.28814 0.62409
0.29358 0.54275 0.57427
0.42770 0.48774 0.41320
0.52571 0.32095 0.61478
0.38726 0.66580 0.36379
0.27302 0.32255 0.50762
0.39411 0.34956 0.59049
0.45556 0.51063 0.45622
0.59379 0.42359 0.49695
0.40502 0.60901 0.44903
0.23605 0.41778 0.59792
0.35992 0.39037 0.63236
0.34646 0.45748 0.54753
0.28255 0.31360 0.61073
0.44235 0.41372 0.49244
0.53076 0.68699 0.36187
0.50825 0.52380 0.43688
0.35380 0.57296 0.45547
0.40921 0.53006 0.56311
0.29194 0.51866 0.55570
0.28848 0.59759 0.50606
0.45194 0.44744 0.52425
0.24476 0.18290 0.58886
0.40383 0.40576 0.47107
0.50811 0.68182 0.29044
0.31070 0.42366 0.53721
0.33289 0.21583 0.57837
0.25483 0.11709 0.65419
0.49021 0.39280 0.44870
0.51345 0.25881 0.59347
0.42445 0.52579 0.52293
0.31452 0.26471 0.57449
0.39532 0.63186 0.44723
0.42016 0.52788 0.36324
0.28935 0.20816 0.58790
0.52974 0.63792 0.38428
0.26272 0.32085 0.55490
0.45349 0.67516 0.43495
0.52665 0.68493 0.40036
0.36617 0.49726 0.58581
0.31429 0.48216 0.61014
0.66546 0.87251 0.22467
0.25810 0.51530 0.67159
0.41897 0.67421 0.42771
0.23325 0.59764 0.62560
0.34343 0.51823 0.47038
0.21049 0.23644 0.63316
0.25749 0.31078 0.59131
0.54872 0.53415 0.38768
0.44263 0.68119 0.41756
0.36106 0.53227 0.40133
0.48378 0.22927 0.59686
0.36541 0.46146 0.40905
0.29594 0.49666 0.47073
0.33357 0.65741 0.52735
0.44429 0.72051 0.41335
0.43481 0.18776 0.64464
0.39742 0.46168 0.45959
0.15762 0.49697 0.59810
0.15188 0.22577 0.59844
0.42682 0.42521 0.54580
0.67430 0.68950 0.33955
0.44297 0.62231 0.35479
0.60509 0.55706 0.39238
0.52325 0.32611 0.61932
0.50662 0.46616 0.42780
0.45937 0.57764 0.44605
0.44205 0.57493 0.41832
0.45204 0.42165 0.54609
0.44546 0.76023 0.38016
0.36179 0.30670 0.51832
0.42164 0.66095 0.44155
0.32539 0.45209 0.48612
0.51634 0.73123 0.36327
0.41195 0.53479 0.45473
0.51779 0.60527 0.40374
0.51757 0.67938 0.42328
0.37672 0.41259 0.49767
0.51594 0.79494 0.30954
0.34424 0.51256 0.55738
0.17746 0.48457 0.60060
0.29034 0.75148 0.52405
0.51241 0.29205 0.56762
0.49431 0.39368 0.53712
0.36385 0.60467 0.51151
0.27704 0.55699 0.56722
0.32545 0.39818 0.46529
0.38704 0.47898 0.50533
0.34748 0.52049 0.52534
0.22784 0.49024 0.53088
0.36531 0.46404 0.47359
0.53496 0.67380 0.35096
0.41172 0.63291 0.45586
0.45887 0.67781 0.37031
0.40444 0.65764 0.44192
0.19021 0.60774 0.63878
0.41968 0.66858 0.40457
0.33031 0.47536 0.53956
0.29294 0.52255 0.65378
0.22235 0.28237 0.53337
0.54528 0.72417 0.31997
0.46721 0.83699 0.39197
0.26897 0.42333 0.43958
0.34559 0.53665 0.57886
0.38968 0.47877 0.52381
0.34750 0.59427 0.47299
0.29361 0.54436 0.44148
0.26706 0.47228 0.59138
0.49982 0.47552 0.43053
0.62370 0.81436 0.23165
0.53857 0.51422 0.42804
0.19377 0.36839 0.56518
0.54963 0.69902 0.42639
0.15965 0.61022 0.59861
0.43962 0.46757 0.52276
0.52177 0.57491 0.38307
0.48849 0.73088 0.37530
0.28181 0.53543 0.50484
0.42586 0.46018 0.50868
0.41140 0.61773 0.31454
0.21912 0.54943 0.52979
0.43635 0.72332 0.40962
0.31303 0.39440 0.49941
0.29025 0.34200 0.59485
0.44442 0.62223 0.40882
0.30996 0.41490 0.54155
0.40969 0.51672 0.36358
0.18657 0.51628 0.58569
0.29840 0.45120 0.56005
0.54952 0.46916 0.55294
0.39032 0.69860 0.41709
0.24408 0.58813 0.55814
0.39902 0.52176 0.35591
0.45625 0.58066 0.40790
0.51547 0.52361 0.47916
0.41904 0.44814 0.62687
0.31910 0.54586 0.45319
0.37134 0.53956 0.39691
0.34147 0.47887 0.50387
0.48859 0.45346 0.41380
0.41233 0.26725 0.63905
0.45700 0.59673 0.35924
0.40480 0.28132 0.56234
0.30928 0.47075 0.48836
0.37646 0.41132 0.51316
0.28910 0.60455 0.58600
0.39037 0.35000 0.54627
0.36074 0.62297 0.46358
0.50496 0.71059 0.33370
0.31507 0.65706 0.43230
0.48074 0.70776 0.33777
0.38127 0.56519 0.46597
0.27272 0.23179 0.57333
0.29414 0.32116 0.52268
0.36009 0.64452 0.44436
0.52814 0.37209 0.49395
0.57894 0.33003 0.56754
0.22971 0.49008 0.55499
0.31584 0.58814 0.46912
0.21709 0.44020 0.53290
0.30080 0.71862 0.52749
0.25831 0.63244 0.58206
0.44738 0.57607 0.39913
0.35846 0.55000 0.43227
0.49645 0.44892 0.52558
0.42637 0.56729 0.33154
0.30500 0.54267 0.51334
0.22343 0.27065 0.53659
0.28965 0.38296 0.55546
0.21076 0.25214 0.55431
0.42478 0.62863 0.28394
0.29161 0.40676 0.46090
0.56908 0.53743 0.50360
0.42723 0.53488 0.39267
0.42052 0.53772 0.43935
0.22158 0.37677 0.51691
0.12549 0.63167 0.66310
0.48000 0.53181 0.41187
0.40069 0.59721 0.40894
0.31923 0.54686 0.46583
0.18690 0.55602 0.58222
0.16624 0.45922 0.61386
0.37855 0.50294 0.59632
0.30334 0.41098 0.45474
0.43214 0.71418 0.43757
0.23409 0.63104 0.58690
0.41948 0.46593 0.42646
0.36699 0.52250 0.51339
0.35239 0.53006 0.46230
0.28717 0.19279 0.57094
0.40877 0.25692 0.59740
0.37239 0.29638 0.53665
0.31591 0.60493 0.52941
0.42578 0.28929 0.64044
0.37058 0.34286 0.61520
0.16924 0.61606 0.62521
0.34220 0.38530 0.53933
0.38224 0.39925 0.54673
0.41417 0.48619 0.56908
0.53020 0.55140 0.49410
0.35119 0.35730 0.49917
0.27802 0.29245 0.63233
0.31894 0.50641 0.48193
0.42555 0.52461 0.40841
0.51911 0.56626 0.47813
0.54936 0.41470 0.54367
0.30704 0.54270 0.49853
0.24448 0.27016 0.50798
0.47713 0.47796 0.49438
0.50409 0.53619 0.40658
0.42197 0.53207 0.38494
0.40663 0.35174 0.57755
0.39781 0.52630 0.53830
0.43384 0.56194 0.46159
0.48512 0.37161 0.61224
0.60315 0.76956 0.26404
0.22293 0.48519 0.68741
0.33875 0.38966 0.51115
0.21333 0.33209 0.60033
0.22451 0.52418 0.53264
0.42101 0.54660 0.42708
0.50188 0.27039 0.57661
0.34792 0.51713 0.39949
0.36984 0.51161 0.53520
0.48271 0.42739 0.48993
0.36135 0.73727 0.44674
0.21945 0.60992 0.57744
0.29914 0.31821 0.64855
0.34136 0.69369 0.50329
0.51350 0.24391 0.66996
0.36051 0.60786 0.43304
0.43999 0.35294 0.58533
0.27740 0.48527 0.47222
0.35596 0.40964 0.59957
0.49070 0.44550 0.52146
0.58156 0.62101 0.37353
0.28895 0.44990 0.45992
0.33579 0.25138 0.57831
0.58143 0.36122 0.54230
0.40596 0.29382 0.52277
0.42322 0.35225 0.67080
0.28302 0.48035 0.48571
0.35026 0.39034 0.62738
0.37923 0.47139 0.39628
0.32284 0.55259 0.57659
0.49169 0.63188 0.33884
0.44655 0.30091 0.56938
0.41711 0.40321 0.57184
0.23924 0.27861 0.55428
0.49995 0.63336 0.38351
0.58109 0.33578 0.54361
0.41497 0.55997 0.31865
0.48646 0.29853 0.55967
0.24339 0.23440 0.60937
0.38130 0.50566 0.43168
0.43572 0.65751 0.34197
0.21678 0.30732 0.57673
0.33212 0.42507 0.55512
0.19317 0.28681 0.59765
0.48522 0.54880 0.44890
0.37560 0.48063 0.57597
0.32410 0.28427 0.52767
0.31073 0.59593 0.49658
0.31179 0.43035 0.59024
0.23253 0.43251 0.60870
0.31363 0.21968 0.64743
0.61120 0.83330 0.26779
0.61616 0.83407 0.25305
0.24222 0.47228 0.59573
0.25928 0.37929 0.47200
0.43820 0.57856 0.34380
0.22064 0.64840 0.57870
0.31320 0.42408 0.47430
0.44912 0.52664 0.42453
0.57008 0.28260 0.64796
0.30864 0.53540 0.54507
0.38777 0.45125 0.42511
0.40410 0.18358 0.63903
0.42598 0.68089 0.44100
0.46252 0.47168 0.50580
0.53505 0.65594 0.38291
0.26150 0.70677 0.55053
0.20503 0.61616 0.61545
0.57319 0.41909 0.54003
0.26609 0.33482 0.57829
0.45046 0.67076 0.35004
0.59630 0.75657 0.32219
0.45027 0.64289 0.43874
0.28786 0.31156 0.53918
0.62729 0.55822 0.45618
0.30946 0.53026 0.58530
0.50977 0.37538 0.53129
0.46317 0.68295 0.29448
0.38427 0.42424 0.45633
0.20498 0.42720 0.56358
0.31561 0.55855 0.44293
0.25860 0.39594 0.46871
0.31698 0.22602 0.61126
0.53554 0.55885 0.40215
0.20837 0.52320 0.57414
0.23766 0.49709 0.56597
0.49411 0.55729 0.39557
0.28389 0.45205 0.59165
0.52069 0.36150 0.55403
0.50897 0.62044 0.34797
0.34884 0.52227 0.30835
0.43999 0.41989 0.48990
0.49270 0.57431 0.38204
0.31593 0.48203 0.46117
0.31474 0.39535 0.58934
0.28467 0.68176 0.54741
0.34313 0.43843 0.65547
0.58506 0.37976 0.57205
0.52298 0.30598 0.60688
0.48806 0.44850 0.48373
0.26688 0.50713 0.55885
0.36040 0.45600 0.39989
0.29827 0.43158 0.44494
0.40067 0.52169 0.48519
0.64887 0.64790 0.35648
0.20966 0.37864 0.58658
0.45029 0.34089 0.59890
0.33302 0.44513 0.47026
0.33649 0.59239 0.36440
0.38537 0.58454 0.42025
0.43855 0.65258 0.49975
0.32605 0.47154 0.64494
0.41372 0.53814 0.34057
0.31737 0.45632 0.47243
0.43203 0.48284 0.55917
0.48099 0.61577 0.46031
0.61303 0.21193 0.63385
0.38854 0.47021 0.39134
0.25592 0.32868 0.61275
0.40189 0.44961 0.57046
0.55979 0.52072 0.46275
0.19131 0.43660 0.57748
0.41822 0.18323 0.62899
0.45005 0.38336 0.58359
0.51920 0.48599 0.46628
0.22119 0.56138 0.64750
0.44526 0.52714 0.49590
0.29714 0.40744 0.50259
0.38988 0.40011 0.54978
0.49924 0.58420 0.42797
0.23485 0.46817 0.49262
0.51297 0.30591 0.53297
0.37367 0.43023 0.57769
0.17750 0.33762 0.55376
0.40365 0.40135 0.54596
0.22945 0.40552 0.56095
0.33121 0.60174 0.52903
0.53219 0.39395 0.51215
0.46792 0.53275 0.40333
0.48595 0.52527 0.48078
0.37967 0.49194 0.56928
0.33742 0.42090 0.55578
0.43865 0.58097 0.32239
0.52111 0.55397 0.50797
0.28354 0.33721 0.57391
0.38252 0.49891 0.43770
0.55836 0.75479 0.26043
0.26015 0.42202 0.67484
0.53152 0.17409 0.65111
0.36210 0.55107 0.58283
0.34498 0.54431 0.47130
0.46601 0.35132 0.54385
0.39160 0.40538 0.45346
0.51385 0.67817 0.42286
0.39753 0.55085 0.46651
0.26419 0.59362 0.58719
0.21794 0.48611 0.49530
0.32225 0.40606 0.51091
0.34742 0.45049 0.45430
0.48817 0.43343 0.52521
0.30889 0.44857 0.59466
0.39870 0.38831 0.47732
0.34222 0.46244 0.43551
0.36274 0.37834 0.52600
0.48159 0.42999 0.50186
0.56111 0.72297 0.28983
0.40308 0.56748 0.41716
0.51144 0.61903 0.35196
0.49428 0.48308 0.55155
0.24753 0.40967 0.52392
0.44161 0.62397 0.36801
0.34973 0.60925 0.43686
0.29493 0.29519 0.59310
0.60291 0.36597 0.56645
0.15880 0.33783 0.57245
0.37592 0.62660 0.49608
0.38221 0.60198 0.39808
0.42661 0.66777 0.34278
0.19519 0.34491 0.57978
0.33316 0.60002 0.59835
0.22302 0.35658 0.49961
0.46449 0.35921 0.57213
0.58012 0.54008 0.46751
0.49422 0.37257 0.61199
0.54276 0.51897 0.43906
0.31471 0.52076 0.55485
0.13311 0.19954 0.60018
0.14336 0.31732 0.65336
0.39849 0.70570 0.44651
0.19518 0.48665 0.57303
0.50811 0.40768 0.47823
0.27980 0.57745 0.45525
0.30186 0.40296 0.60047
0.52908 0.50868 0.45215
0.25283 0.45634 0.55224
0.47401 0.37398 0.52405
0.31003 0.47658 0.61107
0.37466 0.54210 0.32683
0.55442 0.24349 0.61042
0.42516 0.30886 0.55972
0.36928 0.35515 0.52263
0.46465 0.77356 0.36719
0.59289 0.28719 0.56499
0.19910 0.54228 0.58703
0.16081 0.35622 0.63658
0.50788 0.54866 0.50126
0.42788 0.66863 0.43672
0.30230 0.35303 0.50143
0.24869 0.29706 0.58865
0.26545 0.47796 0.58003
0.35308 0.64655 0.50113
0.34983 0.58455 0.42673
0.39034 0.48676 0.37343
0.56813 0.71448 0.29089
0.53884 0.47227 0.44202
0.33278 0.61669 0.45104
0.26132 0.50881 0.56611
0.22406 0.33086 0.59994
0.49444 0.51778 0.46779
0.23808 0.30046 0.49823
0.45073 0.60531 0.44904
0.32846 0.52587 0.40337
0.40016 0.34876 0.53357
0.20497 0.61898 0.56274
0.56301 0.63569 0.37834
0.34195 0.40194 0.60311
0.19572 0.51574 0.65766
0.35144 0.31767 0.62081
0.30238 0.40025 0.45991
0.33516 0.46371 0.60491
0.45869 0.45018 0.47134
0.30880 0.41286 0.54772
0.18805 0.24718 0.56524
0.30655 0.42286 0.53141
0.53797 0.63630 0.33519
0.22825 0.26013 0.65035
0.44957 0.58136 0.37961
0.42141 0.31484 0.57296
0.28374 0.27588 0.58653
0.36752 0.65179 0.42234
0.32692 0.61590 0.45713
0.29879 0.44713 0.51390
0.48983 0.26968 0.57576
0.44932 0.67276 0.43378
0.40852 0.33765 0.49983
0.32941 0.57541 0.48534
0.26504 0.50827 0.59772
0.30229 0.22558 0.56249
0.41869 0.51046 0.57003
0.54262 0.79278 0.27258
0.34841 0.46143 0.41629
0.47737 0.66987 0.33070
0.48730 0.63627 0.35564
0.26709 0.35320 0.56144
0.42305 0.70825 0.40066
0.48835 0.72729 0.34919
0.33364 0.61509 0.50097
0.41508 0.56762 0.35130
0.35490 0.45456 0.52676
0.60687 0.70791 0.31366
0.20175 0.19961 0.56354
0.35852 0.58970 0.47664
0.51460 0.37380 0.53544
0.23358 0.42603 0.64315
0.24560 0.52950 0.56530
0.23981 0.40026 0.52882
0.49867 0.38699 0.47541
0.46445 0.37802 0.58816
0.36401 0.50208 0.48746
0.46149 0.33379 0.57846
0.32569 0.47482 0.38694
0.57274 0.69270 0.40492
0.44422 0.45360 0.62493
0.45125 0.47908 0.54699
0.34752 0.54966 0.49689
0.44096 0.67509 0.38422
0.59016 0.43330 0.49813
0.31828 0.42474 0.49251
0.42443 0.46707 0.44243
0.43046 0.47989 0.46448
0.39785 0.51583 0.42990
0.34024 0.35808 0.47909
0.27718 0.47791 0.57513
0.48028 0.61815 0.35140
0.57663 0.19287 0.63946
0.35604 0.66931 0.40090
0.49548 0.62697 0.37305
0.38406 0.66817 0.47896
0.56362 0.63502 0.36254
0.32902 0.28671 0.56215
0.46124 0.70699 0.30308
0.40569 0.41866 0.53286
0.42801 0.53852 0.33280
0.60290 0.61784 0.35640
0.41587 0.29495 0.51749
0.23651 0.53630 0.60792
0.30710 0.58289 0.53717
0.24110 0.20868 0.56826
0.23728 0.24872 0.57995
0.42697 0.27167 0.54629
0.50881 0.40216 0.56549
0.27140 0.49095 0.66029
0.26395 0.56488 0.64507
0.41682 0.71878 0.39645
0.48538 0.48763 0.50286
0.36007 0.23566 0.60470
0.39316 0.46321 0.41528
0.47381 0.61262 0.46604
0.34171 0.22011 0.60050
0.42190 0.48737 0.39427
0.39579 0.36447 0.54900
0.13338 0.37477 0.64950
0.49913 0.31085 0.54720
0.24350 0.33022 0.47870
0.38307 0.62131 0.37842
0.27297 0.42143 0.48487
0.59067 0.36769 0.51977
0.42848 0.73636 0.40020
0.38389 0.55986 0.44980
0.24540 0.22764 0.60324
0.43394 0.46233 0.48728
0.54526 0.75478 0.29702
0.35386 0.41118 0.48723
0.30689 0.26854 0.53151
0.35782 0.59287 0.45150
0.30768 0.41600 0.44174
0.58206 0.79531 0.22598
0.38010 0.47718 0.48303
0.19543 0.47885 0.63049
0.30628 0.36856 0.44365
0.35855 0.56001 0.39759
0.37620 0.54789 0.49564
0.20154 0.34530 0.54656
0.62534 0.37007 0.52856
0.28238 0.61113 0.52714
0.44720 0.70208 0.33375
0.38470 0.64490 0.42214
0.33469 0.64347 0.50821
0.51162 0.63514 0.30966
0.45648 0.60224 0.32884
0.39600 0.49175 0.56751
0.36344 0.61849 0.45555
0.30681 0.35086 0.45766
0.19431 0.39870 0.60784
0.25680 0.45648 0.60707
0.39326 0.48791 0.44833
0.44338 0.47853 0.47074
0.51501 0.33991 0.63815
0.48337 0.49288 0.45258
0.40295 0.57792 0.39458
0.26072 0.42950 0.46523
0.31479 0.47367 0.60402
0.14340 0.34649 0.62612
0.50028 0.47699 0.44258
0.33265 0.47405 0.44236
0.53048 0.62709 0.44330
0.21594 0.31149 0.58520
0.35979 0.51441 0.46245
0.27319 0.26770 0.63662
0.44604 0.67109 0.44852
0.25523 0.22674 0.55553
0.23968 0.65916 0.58754
0.44702 0.58803 0.41926
0.53577 0.35763 0.57505
0.39048 0.48369 0.62540
0.36848 0.66967 0.44341
0.31904 0.41945 0.54080
0.54745 0.64268 0.37252
0.47497 0.62794 0.44080
0.26572 0.49970 0.51841
0.40846 0.57617 0.52438
0.38739 0.44060 0.46302
0.46074 0.69518 0.38678
0.38761 0.38886 0.49080
0.44202 0.48005 0.51577
0.39942 0.39828 0.59206
0.34769 0.24631 0.56838
0.48387 0.66649 0.39293
0.45927 0.58243 0.40298
0.38673 0.43701 0.42755
0.49522 0.73465 0.34082
0.35567 0.20476 0.61381
0.38538 0.67329 0.35248
0.41421 0.50524 0.42121
0.47578 0.23320 0.62745
0.27820 0.23761 0.59212
0.44142 0.23655 0.63392
0.19430 0.64140 0.61190
0.51935 0.31396 0.55314
0.28124 0.70899 0.52207
0.54741 0.58261 0.38806
0.14630 0.24357 0.60213
0.30737 0.24377 0.56924
0.33487 0.52480 0.42191
0.45286 0.39361 0.49031
0.37495 0.42316 0.44847
0.51037 0.42497 0.48525
0.32706 0.59830 0.44793
0.30831 0.61150 0.52405
0.44848 0.53542 0.33174
0.31036 0.52235 0.57604
0.37823 0.57259 0.53325
0.39129 0.48118 0.52523
0.31785 0.42663 0.40928
0.15184 0.34566 0.59250
0.45324 0.43285 0.57854
0.45579 0.42085 0.55478
0.34874 0.50452 0.53118
0.23212 0.55409 0.58210
0.46544 0.48322 0.56768
0.30175 0.62577 0.49567
0.29140 0.46835 0.47904
0.39664 0.62860 0.44832
0.44410 0.46605 0.45330
0.26542 0.52086 0.62913
0.16792 0.36022 0.59964
0.49243 0.51329 0.40765
0.39282 0.47560 0.52467
0.36138 0.43674 0.58269
0.23878 0.23823 0.52573
0.41808 0.59557 0.44317
0.33430 0.46747 0.46552
0.39308 0.61291 0.52002
0.20280 0.45258 0.52478
0.22384 0.48654 0.61992
0.36311 0.54661 0.50023
0.20823 0.56291 0.64330
0.49109 0.65977 0.29070
0.45315 0.61899 0.37212
0.54423 0.58682 0.35092
0.51438 0.40643 0.48094
0.25162 0.42934 0.53407
0.45505 0.62576 0.46830
0.22457 0.38451 0.63948
0.35319 0.36627 0.58339
0.36958 0.63537 0.47883
0.21937 0.31078 0.62151
0.52163 0.57587 0.48541
0.43591 0.68372 0.43126
0.49399 0.40904 0.48163
0.31516 0.63506 0.49602
0.38899 0.50686 0.46465
0.60273 0.67265 0.33012
0.35670 0.33238 0.56821
0.18606 0.59612 0.62899
0.36643 0.39982 0.55619
0.25176 0.37161 0.60577
0.35604 0.43838 0.56130
0.55007 0.33394 0.63164
0.45651 0.48615 0.55693
0.26653 0.20230 0.56812
0.34440 0.23770 0.57372
0.46445 0.39163 0.52217
0.42529 0.46636 0.51526
0.40808 0.46337 0.51521
0.60363 0.41024 0.51035
0.33004 0.46084 0.52118
0.49321 0.38370 0.54789
0.51340 0.69692 0.33849
0.46872 0.60686 0.43370
0.30868 0.48585 0.46799
0.37528 0.31503 0.56856
0.37541 0.27802 0.64451
0.37661 0.59564 0.41835
0.38522 0.37818 0.48707
0.46722 0.50128 0.44185
0.25847 0.57971 0.54146
0.11930 0.52027 0.64039
0.33940 0.54455 0.34471
0.63474 0.84936 0.23213
0.28599 0.59571 0.45385
0.45585 0.38428 0.53725
0.59587 0.23758 0.61211
0.58336 0.26732 0.63657
0.49002 0.25705 0.62775
0.24491 0.22289 0.55224
0.29128 0.45797 0.45764
0.24496 0.62318 0.54619
0.34111 0.55566 0.41192
0.35018 0.49896 0.46320
0.49138 0.46899 0.48048
0.32197 0.47791 0.56189
0.13063 0.45900 0.63442
0.48898 0.38445 0.55490
0.35439 0.56121 0.38120
0.23050 0.14706 0.64328
0.39454 0.57853 0.32138
0.38748 0.74493 0.42749
0.38834 0.65387 0.48115
0.54959 0.39957 0.55627
0.65766 0.71232 0.33308
0.43082 0.39969 0.59613
0.28193 0.55325 0.64726
0.39184 0.50558 0.60714
0.23143 0.34694 0.53506
0.41234 0.70149 0.42761
0.24486 0.60671 0.54196
0.38292 0.58579 0.50138
0.21124 0.40266 0.65630
0.43369 0.27197 0.59780
0.35462 0.53569 0.46401
0.43643 0.58784 0.36900
0.13007 0.13315 0.60745
0.52295 0.53073 0.46832
0.19503 0.52920 0.61736
0.32703 0.33694 0.50212
0.45509 0.67550 0.43669
0.40955 0.37450 0.59269
0.51246 0.68209 0.33250
0.50366 0.60344 0.46583
0.59236 0.46580 0.47961
0.28099 0.53115 0.57595
0.52783 0.30516 0.61326
0.42273 0.38232 0.55529
0.15709 0.39467 0.58349
0.39813 0.44824 0.43195
0.36496 0.53456 0.44963
0.33966 0.40976 0.53782
0.38052 0.46108 0.41251
0.13638 0.42885 0.65666
0.45054 0.44317 0.49924
0.54287 0.62363 0.41187
0.35290 0.54617 0.49539
0.34635 0.54222 0.43540
0.34842 0.57330 0.45290
0.57888 0.73244 0.38618
0.60108 0.54816 0.48421
0.35516 0.33111 0.61926
0.39574 0.52417 0.45043
0.23981 0.35027 0.47746
0.22280 0.33977 0.55888
0.30897 0.65376 0.43734
0.58025 0.73439 0.27435
0.42331 0.60397 0.42751
0.20896 0.60910 0.54920
0.20861 0.42352 0.56025
0.29563 0.49990 0.66730
0.45538 0.36238 0.55749
0.40906 0.32717 0.62067
0.29913 0.43490 0.44866
0.46031 0.59799 0.45487
0.40858 0.47678 0.52296
0.41495 0.33821 0.54764
0.22245 0.68794 0.58413
0.45882 0.37871 0.55808
0.25104 0.23684 0.54506
0.50307 0.49290 0.49429
0.22221 0.35206 0.54693
0.39305 0.59970 0.29410
0.21918 0.58447 0.59756
0.26832 0.57117 0.57861
0.31532 0.42058 0.43877
0.61550 0.60940 0.41865
0.55081 0.62584 0.38841
0.31978 0.25089 0.59479
0.51824 0.43088 0.49844
0.39455 0.24109 0.57273
0.15795 0.43740 0.64811
0.40242 0.51962 0.39810
0.23977 0.30041 0.59318
0.51021 0.43103 0.53622
0.49946 0.49649 0.53953
0.50300 0.57871 0.38403
0.33514 0.36069 0.46209
0.51756 0.47702 0.44083
0.47089 0.45286 0.58406
0.27898 0.56290 0.63166
0.34573 0.34781 0.60887
0.56235 0.38948 0.52105
0.23017 0.46674 0.51926
0.42235 0.62724 0.33942
0.45838 0.19161 0.63517
0.17433 0.52307 0.62262
0.54627 0.36742 0.50730
0.42613 0.72939 0.48199
0.45468 0.25943 0.62406
0.44887 0.41093 0.51319
0.44617 0.60499 0.39178
0.56614 0.59560 0.42648
0.28491 0.36324 0.48346
0.42990 0.74443 0.43160
0.20194 0.45591 0.61631
0.53590 0.60377 0.40145
0.39982 0.68785 0.46322
0.55037 0.55080 0.48288
0.29874 0.59376 0.50892
0.63356 0.59583 0.39449
0.39527 0.39510 0.48201
0.42098 0.60421 0.40580
0.39428 0.69145 0.46309
0.32404 0.60255 0.45868
0.33069 0.67940 0.47998
0.42656 0.27047 0.63975
0.37783 0.46234 0.62150
0.34973 0.45039 0.45223
0.48637 0.49619 0.39441
