20 9 1000 4083 6555
0.30647 0.29597 0.27987
0.71235 0.15160 0.44952
0.78575 0.81584 0.92087
0.78993 0.26901 0.64080
0.08596 0.12864 0.07345
0.72681 0.66316 0.49288
0.54369 0.80354 0.45883
0.89248 0.28943 0.26749
0.94715 0.03845 0.29609
0.63224 0.34316 0.36428
0.77025 0.23893 0.38922
0.72297 0.25985 0.37963
0.70130 0.51885 0.57653
0.75820 0.30146 0.42482
0.66789 0.33933 0.46472
0.72423 0.34424 0.42757
0.66229 0.31655 0.41782
0.75335 0.37710 0.49713
0.68013 0.46287 0.40647
0.42112 0.29763 0.30444
0.72019 0.53581 0.53650
0.60455 0.57807 0.48818
0.66916 0.38086 0.42330
0.70174 0.29641 0.48232
0.67107 0.55363 0.61797
0.59695 0.29140 0.37951
0.63808 0.41991 0.51016
0.66169 0.36637 0.36407
0.62489 0.27412 0.38122
0.62488 0.28006 0.40435
0.49638 0.41502 0.34663
0.57557 0.37235 0.40684
0.81071 0.40614 0.37986
0.62041 0.50112 0.48960
0.78166 0.28169 0.39064
0.52558 0.48556 0.40023
0.73215 0.42228 0.50871
0.70887 0.44944 0.53458
0.67922 0.35949 0.51302
0.68840 0.53639 0.53635
0.54854 0.45100 0.35563
0.58878 0.37363 0.43546
0.54657 0.33308 0.37066
0.67456 0.20305 0.41049
0.74193 0.39418 0.57467
0.55430 0.31020 0.40300
0.71371 0.40487 0.44721
0.57463 0.43602 0.42326
0.74622 0.34144 0.35810
0.64761 0.28074 0.33873
0.70868 0.22588 0.34691
0.51389 0.35985 0.39872
0.72976 0.60424 0.60504
0.49364 0.27970 0.32994
0.51570 0.33755 0.29971
0.67748 0.41465 0.48679
0.64073 0.25541 0.38664
0.63889 0.33944 0.44826
0.72135 0.27930 0.50998
0.64657 0.31419 0.33343
0.65678 0.40877 0.51564
0.59744 0.36094 0.38685
0.41105 0.25426 0.27458
0.68947 0.49029 0.48367
0.61663 0.50902 0.51383
0.60977 0.46262 0.43451
0.63068 0.66479 0.45169
0.64776 0.35154 0.43906
0.66853 0.39977 0.37236
0.60713 0.41628 0.53472
0.61902 0.47231 0.49076
0.74556 0.42387 0.54601
0.67364 0.27230 0.33996
0.72775 0.24313 0.35504
0.62182 0.47750 0.42351
0.68017 0.40583 0.54757
0.56685 0.34622 0.40347
0.69135 0.49805 0.46923
0.58843 0.32962 0.37949
0.65603 0.31625 0.39569
0.43187 0.23933 0.29389
0.72179 0.46250 0.45896
0.64947 0.45314 0.39281
0.64968 0.47038 0.41904
0.69464 0.64434 0.59530
0.68279 0.37068 0.40659
0.61302 0.32661 0.39334
0.62259 0.37065 0.34734
0.60392 0.44670 0.42035
0.66577 0.37675 0.39826
0.75739 0.26143 0.46883
0.79017 0.33728 0.52331
0.50402 0.45024 0.35179
0.56814 0.40115 0.44585
0.73795 0.33772 0.42053
0.60994 0.38041 0.48566
0.74734 0.24330 0.36935
0.64030 0.27534 0.38528
0.76499 0.16574 0.34139
0.75223 0.58260 0.59584
0.64916 0.50864 0.45289
0.52187 0.41630 0.44369
0.74369 0.24522 0.37937
0.60732 0.30400 0.33819
0.64778 0.38743 0.50281
0.55123 0.35878 0.43911
0.70269 0.47780 0.44766
0.70334 0.40849 0.38500
0.62731 0.40032 0.39533
0.64035 0.47722 0.51896
0.55817 0.41583 0.41451
0.51688 0.26746 0.30976
0.70637 0.44032 0.44962
0.65257 0.31742 0.36383
0.51227 0.23910 0.30165
0.74242 0.36437 0.36226
0.73693 0.39828 0.37794
0.78844 0.29162 0.46499
0.57554 0.26888 0.29492
0.60667 0.34510 0.45553
0.65342 0.50687 0.44387
0.61829 0.47339 0.45326
0.67062 0.51903 0.50362
0.58606 0.41294 0.41650
0.73697 0.36525 0.44263
0.55969 0.26760 0.32788
0.61954 0.23561 0.28802
0.63005 0.29853 0.34253
0.64718 0.40359 0.47470
0.64481 0.31567 0.40262
0.71358 0.25768 0.41238
0.68504 0.42750 0.40413
0.72819 0.39581 0.47283
0.76148 0.53329 0.62045
0.56009 0.36977 0.43976
0.59536 0.44456 0.46000
0.61696 0.38914 0.42538
0.68125 0.38644 0.39962
0.72452 0.31018 0.44071
0.58318 0.35927 0.35633
0.71437 0.42784 0.43672
0.73714 0.24726 0.46207
0.56034 0.37222 0.38366
0.64952 0.29756 0.34727
0.67554 0.28136 0.35489
0.64667 0.54411 0.59490
0.68681 0.56110 0.53392
0.68112 0.27473 0.43349
0.72794 0.38919 0.41105
0.67661 0.33536 0.45409
0.63330 0.29325 0.47283
0.77072 0.31919 0.36275
0.53815 0.40443 0.39011
0.50168 0.30281 0.31524
0.69533 0.61325 0.61713
0.73613 0.56697 0.48312
0.66408 0.35292 0.42116
0.59621 0.29085 0.34790
0.66966 0.53859 0.44795
0.60277 0.31381 0.37428
0.57327 0.43156 0.38997
0.73606 0.49215 0.49540
0.54245 0.39285 0.38028
0.66283 0.57893 0.55959
0.67335 0.37798 0.38605
0.56808 0.35023 0.32963
0.68720 0.42681 0.43939
0.67889 0.31774 0.40924
0.63035 0.40318 0.43279
0.57379 0.26166 0.37293
0.54425 0.31025 0.30643
0.74464 0.37601 0.42839
0.75715 0.56173 0.63311
0.62226 0.42119 0.35438
0.52933 0.39227 0.38696
0.58622 0.44651 0.47178
0.69748 0.51948 0.60654
0.67654 0.51621 0.55445
0.60168 0.42108 0.44919
0.62203 0.42852 0.46385
0.62144 0.34879 0.39337
0.68089 0.53304 0.57246
0.73208 0.43900 0.49843
0.79232 0.34095 0.48544
0.40549 0.25361 0.25541
0.68410 0.35682 0.39900
0.77275 0.56281 0.64287
0.69159 0.43024 0.52201
0.61538 0.43964 0.36122
0.74020 0.37945 0.43570
0.72967 0.43574 0.48288
0.74027 0.57492 0.56089
0.81891 0.29519 0.35947
0.66977 0.32027 0.49368
0.84154 0.31854 0.38116
0.58064 0.38331 0.45158
0.75919 0.41594 0.52191
0.62787 0.51486 0.43987
0.42303 0.28722 0.31433
0.60096 0.32552 0.36334
0.44483 0.27064 0.28759
0.65889 0.42767 0.43293
0.72442 0.42863 0.41200
0.52006 0.34107 0.41333
0.70892 0.24100 0.41937
0.48812 0.36080 0.33550
0.66588 0.36247 0.42289
0.74712 0.22705 0.34607
0.70006 0.30162 0.46168
0.63009 0.45731 0.36317
0.66015 0.28653 0.36294
0.70991 0.27490 0.43328
0.56260 0.26838 0.32659
0.73548 0.26191 0.44155
0.49760 0.28956 0.31666
0.59294 0.27601 0.35788
0.60489 0.47446 0.45344
0.75374 0.29756 0.44758
0.69962 0.38275 0.46771
0.74457 0.30514 0.52105
0.68333 0.42196 0.47983
0.72295 0.49316 0.62849
0.52932 0.34866 0.31951
0.69508 0.27238 0.38630
0.47496 0.41337 0.39440
0.62655 0.23542 0.33917
0.64610 0.40923 0.42933
0.65718 0.24832 0.43559
0.57718 0.28737 0.37395
0.66613 0.51619 0.52054
0.53695 0.21199 0.34381
0.59905 0.24805 0.38511
0.77727 0.32163 0.49605
0.75144 0.31575 0.44568
0.73339 0.30222 0.35834
0.75841 0.22512 0.35841
0.65623 0.53515 0.49160
0.64997 0.29666 0.41419
0.76170 0.31336 0.45172
0.71599 0.41440 0.45324
0.75268 0.35325 0.51578
0.63698 0.44527 0.44731
0.69304 0.41169 0.45505
0.55133 0.31466 0.37138
0.67277 0.38725 0.43452
0.74800 0.29214 0.37704
0.64769 0.39350 0.43752
0.71238 0.38821 0.43256
0.82634 0.17056 0.34927
0.60120 0.37120 0.37644
0.73052 0.54721 0.50543
0.75360 0.32649 0.47193
0.61029 0.41110 0.44834
0.70076 0.41306 0.43656
0.53093 0.29200 0.28607
0.56819 0.41768 0.39330
0.73897 0.33976 0.40190
0.66978 0.65903 0.63325
0.66424 0.26401 0.41093
0.75530 0.37409 0.43640
0.70882 0.33840 0.41085
0.70852 0.40976 0.42494
0.64739 0.35622 0.43837
0.59368 0.31053 0.37273
0.63965 0.26404 0.38323
0.54357 0.36853 0.44403
0.55964 0.37895 0.34043
0.69214 0.49700 0.43123
0.57918 0.39213 0.41033
0.66077 0.46300 0.55185
0.69006 0.37524 0.53183
0.62697 0.24733 0.37204
0.58765 0.34224 0.36863
0.67368 0.40063 0.49066
0.48822 0.44640 0.36228
0.67962 0.49933 0.55965
0.66321 0.54011 0.63408
0.65990 0.48612 0.42935
0.67635 0.62752 0.64829
0.72633 0.35354 0.44797
0.69389 0.40846 0.46054
0.64731 0.61234 0.53608
0.49648 0.23276 0.29334
0.78617 0.41105 0.47503
0.67742 0.43558 0.56574
0.69050 0.31284 0.35047
0.66051 0.37290 0.42096
0.69790 0.44971 0.51020
0.62205 0.35389 0.42908
0.58012 0.27148 0.30040
0.56037 0.47120 0.47737
0.62843 0.41254 0.39195
0.68893 0.41535 0.57622
0.74888 0.26845 0.28296
0.56754 0.37592 0.40109
0.54157 0.29813 0.38692
0.60647 0.39916 0.41217
0.61786 0.49876 0.45703
0.58965 0.36374 0.48648
0.60110 0.31841 0.42184
0.64549 0.35961 0.40565
0.64429 0.36858 0.46418
0.61740 0.37335 0.40580
0.50456 0.45963 0.35536
0.71873 0.47040 0.53724
0.51177 0.45716 0.39285
0.59384 0.30697 0.32611
0.59551 0.43977 0.39321
0.69378 0.46599 0.45585
0.60825 0.40268 0.37562
0.45934 0.50602 0.37084
0.54899 0.42123 0.32431
0.60522 0.32485 0.37362
0.72785 0.52353 0.55873
0.53542 0.24229 0.35341
0.63449 0.46681 0.38840
0.65617 0.57535 0.58927
0.76791 0.26989 0.48039
0.73828 0.40206 0.48397
0.62788 0.46982 0.45078
0.72568 0.53157 0.56878
0.67449 0.37907 0.46337
0.73388 0.42264 0.45390
0.72539 0.18624 0.31817
0.59504 0.34123 0.40580
0.82377 0.34602 0.43651
0.44305 0.34396 0.29197
0.65417 0.38201 0.44124
0.52191 0.29221 0.35844
0.71959 0.46848 0.51780
0.59911 0.38523 0.42964
0.52130 0.41992 0.32775
0.68952 0.32288 0.44972
0.68093 0.40453 0.48364
0.73756 0.45700 0.53383
0.66028 0.39792 0.39396
0.72673 0.33076 0.52452
0.68067 0.43668 0.39260
0.55165 0.35263 0.36756
0.53221 0.32879 0.35683
0.51669 0.29257 0.39235
0.71099 0.45277 0.53018
0.69109 0.55668 0.52638
0.57257 0.33584 0.42884
0.55252 0.38887 0.34750
0.67899 0.37351 0.43206
0.65450 0.56615 0.42308
0.70275 0.33427 0.47193
0.71524 0.55225 0.55425
0.68515 0.35964 0.45831
0.72477 0.25783 0.36282
0.71313 0.38590 0.44244
0.58630 0.47149 0.43661
0.76980 0.27941 0.49420
0.67194 0.52364 0.54274
0.68537 0.46219 0.50414
0.64459 0.43141 0.40632
0.63805 0.46881 0.51587
0.64839 0.35232 0.36947
0.61779 0.31783 0.37718
0.61873 0.19697 0.27092
0.65615 0.40561 0.49617
0.59639 0.35715 0.44475
0.67827 0.32010 0.45925
0.45956 0.28655 0.27531
0.66527 0.34759 0.36818
0.67342 0.35250 0.50783
0.75069 0.39909 0.41623
0.69385 0.35376 0.43835
0.61929 0.29211 0.37274
0.59525 0.49213 0.44129
0.57265 0.32377 0.39461
0.71269 0.29652 0.42152
0.68320 0.25858 0.38384
0.58903 0.30103 0.41352
0.63158 0.28714 0.43683
0.76149 0.30809 0.35214
0.71127 0.31511 0.50306
0.81568 0.23241 0.40678
0.71903 0.43159 0.52265
0.78997 0.29861 0.38475
0.45385 0.25605 0.32201
0.67508 0.39663 0.48941
0.70174 0.34933 0.39074
0.65834 0.37856 0.42744
0.72022 0.42753 0.47853
0.78065 0.49648 0.53920
0.67690 0.41316 0.42028
0.52895 0.34959 0.31182
0.64608 0.29171 0.38376
0.62888 0.39472 0.48527
0.61769 0.35003 0.35070
0.59000 0.46024 0.49719
0.65891 0.21875 0.34734
0.61580 0.67460 0.55182
0.49231 0.39314 0.43440
0.52107 0.24744 0.31811
0.72627 0.43112 0.48762
0.77352 0.39911 0.54928
0.70916 0.35349 0.44209
0.65741 0.51502 0.47785
0.67971 0.41446 0.45660
0.54513 0.39608 0.40073
0.72017 0.44156 0.51955
0.66017 0.25313 0.33903
0.55864 0.28284 0.36514
0.62505 0.41181 0.47474
0.64076 0.37127 0.41914
0.66317 0.48085 0.44732
0.57084 0.46409 0.46237
0.63183 0.39201 0.48006
0.60567 0.39471 0.39768
0.55526 0.22646 0.35191
0.54243 0.39993 0.35781
0.73896 0.32767 0.39587
0.73943 0.37329 0.44944
0.66291 0.33271 0.42283
0.73317 0.62963 0.66412
0.77426 0.35337 0.52293
0.66096 0.41426 0.43739
0.63490 0.38209 0.41700
0.75853 0.37299 0.40905
0.74968 0.40728 0.47014
0.70974 0.39586 0.36657
0.65772 0.51063 0.56223
0.67381 0.35706 0.40693
0.65483 0.37551 0.45135
0.67535 0.49410 0.50876
0.67077 0.33346 0.43222
0.75195 0.41512 0.41488
0.57354 0.37838 0.40912
0.63347 0.30888 0.37753
0.68827 0.49823 0.58984
0.70621 0.27988 0.38726
0.63903 0.38263 0.36787
0.66835 0.48427 0.51022
0.52399 0.43456 0.37064
0.73678 0.27551 0.40667
0.68483 0.39867 0.37225
0.72977 0.42737 0.48520
0.60512 0.40933 0.43163
0.69197 0.37392 0.47397
0.63714 0.50797 0.44340
0.73464 0.38315 0.39226
0.77580 0.38801 0.52322
0.66788 0.46350 0.48854
0.58979 0.38431 0.38247
0.45516 0.41555 0.38991
0.62030 0.32827 0.36237
0.76369 0.37737 0.47159
0.61974 0.42267 0.49120
0.67383 0.40903 0.42910
0.62365 0.39012 0.46293
0.65780 0.33344 0.45553
0.58288 0.33616 0.37939
0.38273 0.24627 0.23476
0.74280 0.43178 0.63137
0.59501 0.62111 0.46532
0.47194 0.42379 0.36035
0.60363 0.64217 0.50669
0.67482 0.35120 0.40376
0.61483 0.19863 0.27370
0.63853 0.47515 0.41113
0.58030 0.33883 0.31007
0.66256 0.36404 0.49479
0.67237 0.35920 0.30785
0.65573 0.32948 0.45039
0.71381 0.41325 0.50024
0.71494 0.47246 0.45321
0.75154 0.33096 0.40786
0.69542 0.39973 0.46097
0.47155 0.34229 0.35187
0.72759 0.42162 0.51532
0.68430 0.33603 0.46965
0.56314 0.39156 0.42483
0.66822 0.30028 0.38068
0.56923 0.48013 0.44258
0.59297 0.28677 0.40284
0.68954 0.52699 0.50711
0.71262 0.39201 0.43290
0.64166 0.44505 0.41003
0.53766 0.34125 0.41262
0.57304 0.43247 0.42383
0.67359 0.32878 0.43459
0.57498 0.32138 0.32566
0.66160 0.38245 0.46673
0.53672 0.38494 0.33979
0.64812 0.27782 0.44800
0.74520 0.49818 0.50367
0.43945 0.31070 0.34406
0.70901 0.27291 0.34781
0.57439 0.50367 0.44140
0.65447 0.26609 0.41067
0.75592 0.28157 0.41835
0.65360 0.50468 0.46286
0.64600 0.35402 0.40006
0.73992 0.49958 0.55977
0.67431 0.29806 0.45885
0.71473 0.42891 0.41893
0.64374 0.56161 0.52424
0.76195 0.32913 0.34603
0.63418 0.32555 0.44248
0.43714 0.27785 0.30592
0.76745 0.26805 0.39766
0.74939 0.31100 0.36672
0.58348 0.41977 0.39147
0.71977 0.42653 0.46985
0.70754 0.28979 0.43068
0.72314 0.59308 0.65906
0.59107 0.34852 0.38289
0.71730 0.23124 0.36110
0.74962 0.43194 0.50884
0.58586 0.29280 0.36320
0.48268 0.39139 0.40897
0.54160 0.27201 0.37423
0.69611 0.57446 0.55991
0.45953 0.20746 0.26504
0.61811 0.56148 0.46508
0.57628 0.42725 0.38672
0.76539 0.31106 0.43048
0.62527 0.37561 0.32530
0.64425 0.39749 0.36918
0.65083 0.44367 0.37649
0.70908 0.32927 0.43519
0.57194 0.40572 0.38963
0.69932 0.50432 0.55514
0.71376 0.48829 0.44634
0.57317 0.36061 0.35739
0.79855 0.29132 0.44094
0.75423 0.42048 0.53350
0.60133 0.51530 0.49556
0.67542 0.32290 0.42121
0.71112 0.50387 0.53975
0.78685 0.34698 0.46191
0.68812 0.31755 0.47874
0.71914 0.36181 0.41190
0.64924 0.29974 0.36284
0.72417 0.28339 0.39457
0.78666 0.35455 0.51795
0.68684 0.45533 0.50938
0.67268 0.38681 0.42950
0.77072 0.37911 0.39898
0.70737 0.40635 0.46764
0.68252 0.53551 0.50499
0.75806 0.45406 0.45074
0.70885 0.48657 0.45979
0.61818 0.30578 0.42121
0.55991 0.26708 0.35147
0.64673 0.23159 0.38397
0.73378 0.27335 0.53468
0.72632 0.28367 0.51664
0.68391 0.29021 0.44905
0.62883 0.25564 0.35982
0.60806 0.39223 0.41536
0.55337 0.27720 0.37699
0.50492 0.39773 0.36980
0.47429 0.31225 0.26906
0.71129 0.50695 0.47932
0.73248 0.44421 0.54687
0.43495 0.32623 0.31582
0.63723 0.37856 0.46371
0.71759 0.21869 0.36423
0.64604 0.29971 0.37529
0.66470 0.33579 0.33700
0.67807 0.36943 0.36485
0.64905 0.25514 0.32378
0.53858 0.31964 0.36562
0.64751 0.27428 0.32932
0.58758 0.38946 0.43893
0.49833 0.42811 0.41735
0.74676 0.41740 0.42014
0.65045 0.34775 0.40105
0.60423 0.40915 0.36392
0.63287 0.34856 0.37774
0.75404 0.28807 0.42344
0.46480 0.26903 0.31217
0.67253 0.41250 0.40005
0.75150 0.45846 0.51265
0.80291 0.28745 0.39381
0.73558 0.40655 0.41509
0.65983 0.43697 0.39914
0.70956 0.50096 0.46506
0.66707 0.35138 0.41151
0.65033 0.27857 0.45688
0.71543 0.41589 0.51164
0.75442 0.43011 0.55220
0.65994 0.42636 0.44110
0.75817 0.36189 0.53310
0.70005 0.54204 0.59174
0.58163 0.40726 0.43685
0.63480 0.45687 0.48000
0.58411 0.36366 0.40254
0.59788 0.35066 0.43127
0.48854 0.34853 0.35774
0.65444 0.49915 0.63801
0.65959 0.34015 0.37812
0.68305 0.48058 0.44708
0.49702 0.25702 0.27166
0.69254 0.46445 0.56744
0.53788 0.45957 0.40784
0.55293 0.25632 0.36240
0.50793 0.50257 0.45584
0.57783 0.40281 0.39965
0.72066 0.57544 0.58727
0.62630 0.28765 0.44175
0.68300 0.36766 0.46480
0.73951 0.26720 0.39163
0.66532 0.43182 0.44796
0.58689 0.48481 0.44629
0.71685 0.30762 0.47541
0.65425 0.32761 0.40846
0.58815 0.43422 0.41128
0.63316 0.44873 0.49777
0.65638 0.39070 0.38849
0.56977 0.37416 0.42204
0.74000 0.51690 0.62246
0.71499 0.40869 0.47798
0.67813 0.39275 0.48481
0.68389 0.50557 0.45409
0.82588 0.28885 0.43960
0.64643 0.29217 0.38964
0.68911 0.44633 0.51070
0.71976 0.43177 0.47793
0.72911 0.47649 0.52213
0.35014 0.25522 0.24063
0.62371 0.37859 0.36723
0.73055 0.56687 0.63313
0.60916 0.38772 0.45889
0.77582 0.40150 0.48469
0.54501 0.53857 0.42225
0.54875 0.39399 0.40880
0.56385 0.43592 0.43047
0.75777 0.58267 0.68027
0.44528 0.26882 0.30957
0.55493 0.36280 0.33835
0.70338 0.46722 0.47259
0.71852 0.24498 0.47847
0.67529 0.52203 0.57874
0.46873 0.38868 0.41313
0.59567 0.28964 0.37376
0.62476 0.31663 0.36548
0.56109 0.30890 0.33982
0.62939 0.45821 0.45209
0.78028 0.40916 0.47818
0.51231 0.27621 0.33378
0.69363 0.46684 0.59869
0.53126 0.32924 0.35998
0.67119 0.31617 0.43189
0.58824 0.48653 0.45386
0.66336 0.50503 0.50982
0.65235 0.40317 0.49808
0.63927 0.58294 0.49657
0.61687 0.38755 0.34826
0.70554 0.50591 0.46017
0.72222 0.57909 0.58979
0.66687 0.52675 0.54553
0.58119 0.46597 0.38905
0.71619 0.39397 0.51135
0.58312 0.38675 0.40199
0.61697 0.25699 0.38515
0.71632 0.20554 0.39850
0.53653 0.35409 0.40259
0.72661 0.46554 0.45887
0.82594 0.48420 0.61841
0.49243 0.28811 0.36187
0.73774 0.32323 0.53658
0.75711 0.46588 0.51132
0.68705 0.32470 0.47324
0.64687 0.27466 0.36689
0.71589 0.44781 0.48607
0.69365 0.64048 0.62657
0.77334 0.23636 0.46133
0.56893 0.44754 0.39084
0.60609 0.48465 0.41547
0.66300 0.48138 0.45887
0.65829 0.34617 0.35421
0.53820 0.31008 0.34140
0.68260 0.39804 0.50765
0.59854 0.44031 0.43575
0.44321 0.35366 0.31417
0.68322 0.35118 0.43650
0.55627 0.38786 0.39392
0.65585 0.40228 0.47644
0.66646 0.46703 0.47128
0.74191 0.45448 0.46401
0.67365 0.31622 0.40920
0.61918 0.26920 0.41040
0.56089 0.27455 0.36873
0.69875 0.54688 0.49212
0.50802 0.30485 0.35022
0.66102 0.31991 0.43163
0.42602 0.28862 0.33146
0.58349 0.32499 0.42145
0.40420 0.28528 0.31489
0.59338 0.33624 0.38614
0.69977 0.50774 0.47882
0.73216 0.31304 0.34220
0.58263 0.43426 0.42323
0.70299 0.43366 0.50062
0.39345 0.41090 0.34230
0.64451 0.42131 0.52060
0.47483 0.31561 0.31644
0.65491 0.31867 0.39776
0.63517 0.46154 0.49850
0.70132 0.40094 0.45182
0.59415 0.33716 0.38160
0.54847 0.51555 0.40628
0.73720 0.17442 0.38064
0.74253 0.39908 0.41451
0.78126 0.24755 0.35253
0.63083 0.37721 0.44429
0.70943 0.32213 0.39858
0.64334 0.53722 0.58726
0.70838 0.37847 0.46108
0.68536 0.24775 0.44009
0.69757 0.47095 0.50665
0.69380 0.40655 0.49391
0.63093 0.42658 0.50277
0.65111 0.42980 0.43226
0.72496 0.29205 0.39771
0.51373 0.34926 0.35511
0.70682 0.53681 0.57396
0.47139 0.31969 0.33697
0.70882 0.37509 0.44019
0.70441 0.22134 0.44230
0.74581 0.38824 0.42084
0.69110 0.32730 0.39737
0.75129 0.40238 0.54059
0.68936 0.30945 0.45441
0.77761 0.30352 0.36010
0.69207 0.37407 0.47753
0.67509 0.54313 0.55248
0.52327 0.39493 0.34303
0.72696 0.47549 0.46862
0.66811 0.43640 0.46771
0.68113 0.28828 0.40955
0.76437 0.29559 0.50276
0.73130 0.28611 0.52008
0.74988 0.44298 0.42502
0.66260 0.41112 0.52080
0.63460 0.47102 0.46268
0.41272 0.23242 0.26167
0.78063 0.43691 0.53852
0.65725 0.47235 0.45336
0.73529 0.36306 0.44254
0.76427 0.38067 0.35471
0.52051 0.49031 0.39372
0.69663 0.45683 0.51840
0.70215 0.42342 0.57719
0.59415 0.52467 0.41345
0.82086 0.33870 0.41712
0.65005 0.35127 0.44006
0.72878 0.40926 0.45079
0.67319 0.25349 0.41028
0.71931 0.33427 0.49432
0.53087 0.35861 0.38244
0.68084 0.41910 0.41549
0.58761 0.20529 0.29844
0.60645 0.54284 0.56126
0.75786 0.46197 0.51597
0.66579 0.51541 0.44003
0.68790 0.33934 0.38529
0.73642 0.26702 0.44429
0.71648 0.42805 0.39190
0.75144 0.51873 0.56929
0.54523 0.49095 0.42695
0.42838 0.40688 0.35486
0.48569 0.27436 0.28058
0.52516 0.26643 0.33794
0.66791 0.23274 0.42665
0.60616 0.42485 0.42111
0.70216 0.58648 0.57390
0.60627 0.38423 0.38175
0.51837 0.31211 0.29993
0.68023 0.36714 0.40238
0.72325 0.39454 0.40689
0.73718 0.39710 0.49737
0.75946 0.26995 0.41558
0.65874 0.56314 0.58309
0.61796 0.40945 0.39339
0.61469 0.39874 0.41723
0.75971 0.46655 0.50765
0.63589 0.40152 0.48394
0.74521 0.20010 0.33306
0.58038 0.33409 0.38962
0.63346 0.38403 0.38799
0.80066 0.32186 0.36076
0.65567 0.33755 0.40647
0.68850 0.51048 0.40082
0.50265 0.49272 0.37770
0.54099 0.45071 0.38910
0.67959 0.29216 0.39453
0.70706 0.38813 0.43737
0.66676 0.39902 0.48931
0.68357 0.49029 0.49018
0.50677 0.33321 0.33812
0.79390 0.34920 0.46947
0.71258 0.20881 0.35892
0.74500 0.28187 0.40729
0.65256 0.35653 0.46593
0.67001 0.31264 0.43706
0.71331 0.34713 0.44006
0.73552 0.27845 0.47329
0.67175 0.51440 0.52032
0.70129 0.44995 0.51037
0.59819 0.35909 0.40713
0.74847 0.36306 0.47618
0.74602 0.47254 0.61185
0.70343 0.42342 0.39589
0.62945 0.55205 0.55012
0.57615 0.52579 0.42467
0.45967 0.36136 0.31760
0.61032 0.40187 0.44880
0.70885 0.59943 0.53269
0.71378 0.47607 0.54751
0.60994 0.24351 0.31896
0.68551 0.24412 0.44204
0.50911 0.32590 0.38413
0.63575 0.52649 0.50773
0.76501 0.28097 0.47631
0.66379 0.30029 0.34904
0.54795 0.36296 0.40243
0.72795 0.43231 0.41065
0.75527 0.29562 0.44068
0.56348 0.49655 0.45314
0.75155 0.42308 0.44670
0.63096 0.41497 0.41074
0.59175 0.37810 0.38599
0.79933 0.35335 0.43399
0.77306 0.53814 0.69435
0.57886 0.41213 0.44159
0.58248 0.31452 0.32180
0.61731 0.47643 0.43423
0.63723 0.34670 0.39195
0.56512 0.20126 0.36032
0.66436 0.43607 0.54248
0.65876 0.46602 0.54163
0.61628 0.36164 0.40852
0.64150 0.36750 0.51587
0.71778 0.54105 0.62716
0.67416 0.50564 0.52027
0.58580 0.34049 0.37647
0.53413 0.34005 0.33573
0.60189 0.54601 0.58510
0.49735 0.29617 0.35591
0.56952 0.30996 0.34288
0.61739 0.23847 0.36309
0.68123 0.46337 0.56011
0.59530 0.52038 0.45330
0.66968 0.44604 0.46826
0.54169 0.27703 0.34879
0.51174 0.24901 0.30745
0.73758 0.37602 0.56370
0.61337 0.24183 0.39367
0.58198 0.49448 0.46940
0.59810 0.47294 0.41886
0.64508 0.24923 0.36396
0.70564 0.37429 0.44386
0.69142 0.38418 0.41926
0.72956 0.50831 0.50036
0.67542 0.36970 0.45564
0.75263 0.31083 0.39427
0.73271 0.36792 0.51181
0.67123 0.31604 0.49170
0.67162 0.28928 0.40373
0.69497 0.37795 0.54252
0.67199 0.35034 0.44412
0.65413 0.39030 0.38095
0.67542 0.36335 0.50694
0.69390 0.46811 0.47586
0.61550 0.39500 0.37733
0.64442 0.60843 0.48153
0.39409 0.28038 0.25668
0.45843 0.29863 0.29527
0.60372 0.33122 0.41898
0.60044 0.53171 0.46867
0.66143 0.44751 0.51309
0.66478 0.51285 0.51842
0.64598 0.39548 0.39205
0.65319 0.45108 0.50998
0.50424 0.31151 0.29690
0.69134 0.30948 0.40519
0.74835 0.45555 0.53881
0.67232 0.41283 0.46832
0.69070 0.37285 0.40094
0.53446 0.44216 0.41987
0.55221 0.54343 0.40793
0.61794 0.37740 0.48387
0.57227 0.34287 0.41860
0.69198 0.44760 0.42979
0.58675 0.48177 0.54581
0.55298 0.41631 0.39363
0.67907 0.55854 0.50254
0.66258 0.46996 0.46762
0.81405 0.26508 0.47171
0.59101 0.38469 0.42153
0.73493 0.25175 0.43780
0.58994 0.47054 0.43422
0.66394 0.43255 0.39884
0.64829 0.45854 0.46476
0.71573 0.57344 0.59340
0.52650 0.43610 0.38514
0.53866 0.31229 0.36590
0.70734 0.47302 0.54467
0.72943 0.37356 0.34927
0.49823 0.51343 0.36231
0.74556 0.33552 0.34971
0.69067 0.49317 0.54018
0.66194 0.28678 0.46018
0.64010 0.30237 0.37761
0.78132 0.35343 0.50057
0.67972 0.34350 0.43451
0.64296 0.32633 0.35072
0.72232 0.47327 0.47716
0.47608 0.42642 0.35782
0.64844 0.30720 0.43792
0.66537 0.52558 0.49495
0.73717 0.41646 0.55194
0.76780 0.27945 0.46843
0.69235 0.32566 0.40846
0.75585 0.39481 0.51585
0.52615 0.38870 0.38331
0.73893 0.41235 0.54023
0.64816 0.51234 0.57191
0.68858 0.46130 0.50313
0.75426 0.33158 0.40537
0.63195 0.38112 0.44697
0.74720 0.29669 0.44789
0.69107 0.42412 0.52584
0.60880 0.41845 0.48404
0.73006 0.33909 0.36315
0.67309 0.33344 0.41589
0.79178 0.24477 0.39191
0.69672 0.24281 0.37646
0.66272 0.51219 0.58795
0.73201 0.43187 0.48346
0.49096 0.27214 0.31244
0.53363 0.34505 0.35439
0.60979 0.30565 0.39011
0.52580 0.40127 0.41244
0.69087 0.40246 0.48687
0.58281 0.47903 0.48574
0.70803 0.34197 0.40812
0.54576 0.23323 0.33938
0.37690 0.27566 0.29789
0.63578 0.52054 0.46143
0.60572 0.34494 0.38319
0.62680 0.37016 0.42521
0.73278 0.40667 0.52169
0.52364 0.22137 0.33452
0.75557 0.52581 0.56041
0.69138 0.30315 0.43095
0.70858 0.45122 0.51162
0.63276 0.27453 0.37232
0.72252 0.44086 0.46260
0.65472 0.36717 0.34734
0.75818 0.19279 0.35074
0.66289 0.37740 0.38719
0.68633 0.35651 0.40651
0.68829 0.58765 0.49198
0.61540 0.34612 0.38489
0.60618 0.32084 0.37239
0.58743 0.40227 0.35809
0.71602 0.34777 0.43893
0.60765 0.29675 0.40788
0.77089 0.45891 0.47748
0.67734 0.25061 0.43666
0.62167 0.43022 0.49320
0.70706 0.38209 0.46193
0.61951 0.53009 0.51855
0.55164 0.53282 0.42016
0.63335 0.46495 0.46397
0.60002 0.40439 0.45792
0.55392 0.34700 0.45010
0.69683 0.55764 0.67294
0.79213 0.17383 0.34523
0.69202 0.33745 0.39296
0.70386 0.47371 0.51822
0.62512 0.59043 0.43895
0.50365 0.33066 0.34959
0.62603 0.31220 0.36049
0.61456 0.37233 0.38348
0.76135 0.39134 0.43235
0.71163 0.37874 0.38834
0.71463 0.38858 0.43494
0.64914 0.40038 0.47318
0.69728 0.36444 0.42830
0.66393 0.41912 0.45572
0.54611 0.40706 0.32873
0.61164 0.47117 0.53192
0.69705 0.51136 0.51366
0.50052 0.21828 0.32816
0.71561 0.44405 0.51431
0.74276 0.48027 0.55715
0.74254 0.44672 0.44536
0.60350 0.47534 0.50172
0.62369 0.50223 0.41774
0.61190 0.34205 0.46978
0.59601 0.33742 0.37051
0.55914 0.35830 0.41969
0.71094 0.41744 0.56935
0.65387 0.52919 0.60767
0.69826 0.46655 0.57373
0.64817 0.35271 0.45949
0.61842 0.48685 0.46312
0.62784 0.36902 0.42649
0.56297 0.45965 0.40135
0.63173 0.42761 0.39791
0.69224 0.29597 0.40919
