20 19 1000 39094 75
0.90127 0.53632 0.85517
0.07065 0.26627 0.98764
0.78955 0.77588 0.16153
0.53494 0.14100 0.64870
0.56023 0.22689 0.95568
0.14154 0.01989 0.67567
0.66646 0.19973 0.99548
0.76819 0.34484 0.19624
0.91081 0.51813 0.32515
0.86010 0.28196 0.87408
0.89252 0.90969 0.40228
0.66376 0.56764 0.65640
0.10687 0.43820 0.90712
0.91829 0.19149 0.40340
0.23444 0.18735 0.94799
0.12872 0.90265 0.51557
0.15962 0.06945 0.08137
0.89140 0.98158 0.11584
0.57394 0.59523 0.77504
0.61027 0.50332 0.53051
0.59267 0.44322 0.66194
0.58777 0.46468 0.63841
0.63974 0.53892 0.53774
0.48557 0.54030 0.57461
0.62057 0.36344 0.71899
0.61303 0.43350 0.64609
0.54068 0.46723 0.66888
0.49001 0.39457 0.54118
0.54986 0.36474 0.55825
0.61874 0.50414 0.59540
0.66360 0.55878 0.59345
0.62307 0.40928 0.62991
0.67336 0.49404 0.62743
0.59304 0.54542 0.51680
0.59220 0.38119 0.63468
0.43751 0.33435 0.63482
0.51058 0.33630 0.61659
0.46699 0.43242 0.58822
0.56521 0.37277 0.54379
0.54909 0.42933 0.52998
0.66866 0.45385 0.63999
0.67746 0.42853 0.67307
0.61705 0.55033 0.53601
0.53503 0.48346 0.60504
0.43395 0.31077 0.72289
0.60937 0.45019 0.58016
0.60627 0.46947 0.60983
0.54795 0.36420 0.71307
0.62391 0.45957 0.57386
0.58339 0.43344 0.51849
0.57540 0.42419 0.58774
0.57942 0.34484 0.65989
0.54319 0.38243 0.63926
0.59542 0.46860 0.46123
0.73994 0.46774 0.60444
0.51209 0.48151 0.63899
0.49118 0.32972 0.70485
0.52805 0.44690 0.60230
0.53116 0.44354 0.64053
0.63917 0.42182 0.51806
0.65924 0.47132 0.55767
0.55373 0.43671 0.53917
0.44313 0.35475 0.70473
0.65703 0.48390 0.57300
0.48228 0.38846 0.70370
0.49662 0.46330 0.62435
0.65975 0.57794 0.47272
0.49853 0.52259 0.47884
0.64186 0.52135 0.57237
0.53216 0.49023 0.51622
0.63225 0.45980 0.63117
0.47689 0.38019 0.62893
0.56621 0.49222 0.47976
0.40707 0.28154 0.58302
0.64413 0.46490 0.60150
0.57618 0.43974 0.64529
0.44479 0.35008 0.67143
0.60778 0.43441 0.53482
0.71203 0.43838 0.48349
0.49447 0.29764 0.72959
0.52804 0.48475 0.60478
0.47965 0.43360 0.58131
0.54588 0.36283 0.58855
0.60250 0.45510 0.65870
0.64333 0.52345 0.53449
0.47385 0.38247 0.65424
0.55629 0.25543 0.70258
0.65602 0.38325 0.49351
0.48104 0.33100 0.63029
0.48094 0.43118 0.69550
0.37317 0.33328 0.62177
0.63572 0.50109 0.53551
0.54979 0.43946 0.61550
0.56612 0.39117 0.55732
0.47957 0.42657 0.67134
0.56045 0.50595 0.54136
0.59544 0.44029 0.55387
0.61418 0.44700 0.60761
0.55571 0.36495 0.66711
0.61500 0.46414 0.59055
0.60762 0.37380 0.69448
0.56592 0.48217 0.65383
0.54933 0.32724 0.50221
0.48871 0.37511 0.64301
0.52089 0.42751 0.67011
0.44903 0.28236 0.54399
0.73251 0.54403 0.54335
0.54630 0.48695 0.62407
0.38741 0.33550 0.60902
0.58805 0.55700 0.52336
0.63399 0.47276 0.61640
0.57526 0.33155 0.67897
0.51029 0.42301 0.54793
0.56179 0.39814 0.64634
0.60618 0.48156 0.56368
0.50893 0.41986 0.60761
0.59063 0.40739 0.58084
0.40602 0.52918 0.64397
0.61966 0.43694 0.60872
0.58030 0.43652 0.59620
0.48875 0.35647 0.42642
0.60350 0.34063 0.73921
0.62323 0.37137 0.64503
0.55599 0.34483 0.74607
0.58238 0.42045 0.69291
0.50604 0.43175 0.67473
0.55902 0.43368 0.55827
0.58923 0.41107 0.60495
0.58044 0.34646 0.68894
0.50626 0.43971 0.55938
0.56950 0.44417 0.60109
0.62207 0.41179 0.61216
0.69492 0.54407 0.45795
0.64382 0.45226 0.52339
0.53677 0.47514 0.63104
0.47192 0.32145 0.62441
0.58381 0.42562 0.52641
0.53229 0.40332 0.61539
0.62489 0.38232 0.71693
0.52692 0.36745 0.51147
0.62773 0.47826 0.48513
0.53424 0.50813 0.58309
0.53493 0.34777 0.66852
0.46624 0.43653 0.51960
0.47116 0.30993 0.61788
0.60514 0.54321 0.50379
0.66296 0.40739 0.57983
0.62195 0.41195 0.61060
0.59219 0.44350 0.59688
0.69472 0.35130 0.44612
0.47615 0.43589 0.54563
0.69471 0.57235 0.51594
0.52901 0.45072 0.60963
0.59430 0.54841 0.43775
0.49700 0.39631 0.69172
0.62386 0.39672 0.57430
0.59575 0.52919 0.57444
0.58737 0.33441 0.67927
0.62746 0.38064 0.68306
0.66238 0.47163 0.61265
0.66161 0.50271 0.51209
0.69946 0.53650 0.54213
0.58947 0.36464 0.61619
0.52843 0.52106 0.57489
0.56143 0.39732 0.61988
0.63524 0.49680 0.62791
0.56247 0.49924 0.59415
0.59166 0.34325 0.65265
0.53587 0.40077 0.49822
0.51951 0.44419 0.69996
0.51846 0.42786 0.59880
0.55037 0.47571 0.54720
0.49388 0.35400 0.65058
0.60343 0.42136 0.49144
0.46800 0.43970 0.61710
0.46343 0.42732 0.75163
0.54529 0.37778 0.45105
0.57856 0.32605 0.68690
0.48028 0.42363 0.43902
0.47653 0.29863 0.62076
0.60994 0.42938 0.68051
0.52503 0.41311 0.61411
0.61257 0.44628 0.62973
0.62510 0.46891 0.67740
0.50988 0.43930 0.61817
0.47394 0.35056 0.67204
0.52133 0.45719 0.60753
0.59661 0.44669 0.68383
0.67406 0.35742 0.48982
0.67519 0.37128 0.39857
0.52149 0.41202 0.68793
0.61305 0.43807 0.46555
0.57214 0.44521 0.57827
0.56512 0.48757 0.60630
0.69327 0.55758 0.56600
0.64340 0.45276 0.61778
0.60068 0.38644 0.64736
0.63553 0.46327 0.53048
0.67552 0.37715 0.63332
0.57610 0.40210 0.61274
0.49251 0.41942 0.63222
0.56406 0.43722 0.60358
0.68967 0.54316 0.47666
0.63108 0.45034 0.58410
0.64129 0.57711 0.44637
0.61576 0.42323 0.63877
0.64223 0.52335 0.62648
0.53082 0.45459 0.57885
0.67063 0.38120 0.68131
0.59557 0.45259 0.60193
0.60886 0.35344 0.63319
0.47968 0.47377 0.68587
0.69087 0.50542 0.55292
0.73284 0.50368 0.62872
0.68678 0.46620 0.57695
0.52973 0.42742 0.56701
0.65773 0.41139 0.54676
0.53894 0.36259 0.69367
0.61735 0.59320 0.52661
0.67683 0.50390 0.47249
0.58559 0.45501 0.59542
0.74001 0.37932 0.45843
0.57527 0.43370 0.68017
0.67756 0.35604 0.72311
0.52493 0.42207 0.52179
0.61949 0.34951 0.62235
0.48846 0.58920 0.57768
0.47370 0.44845 0.66279
0.40154 0.39233 0.76584
0.59872 0.38877 0.58668
0.46177 0.37746 0.74019
0.41327 0.35638 0.60910
0.48909 0.45384 0.70594
0.56514 0.45770 0.54912
0.53840 0.42644 0.74277
0.51577 0.44445 0.57530
0.54989 0.34351 0.60450
0.62048 0.39607 0.68346
0.52832 0.36347 0.66412
0.58868 0.39061 0.60826
0.52819 0.38876 0.69016
0.70010 0.44016 0.60388
0.66559 0.42476 0.67750
0.51662 0.35166 0.67431
0.63735 0.38296 0.55606
0.53214 0.45663 0.62161
0.36088 0.49920 0.71758
0.52365 0.35797 0.60026
0.58366 0.38054 0.66358
0.55329 0.47631 0.54398
0.49750 0.51895 0.52246
0.62993 0.48222 0.50536
0.60475 0.30735 0.63687
0.63350 0.43995 0.57970
0.63105 0.54088 0.50307
0.71786 0.46568 0.57816
0.56564 0.47489 0.49020
0.55591 0.41935 0.57413
0.58385 0.39517 0.65791
0.49927 0.38041 0.72908
0.53631 0.38877 0.56279
0.41628 0.55658 0.60658
0.49522 0.48311 0.64123
0.62279 0.37153 0.67873
0.58257 0.41044 0.55329
0.52967 0.43957 0.59611
0.41754 0.32867 0.62107
0.54711 0.37333 0.58036
0.49814 0.41977 0.67709
0.52759 0.46158 0.60455
0.63512 0.39562 0.54927
0.56802 0.44356 0.62284
0.52171 0.29366 0.67940
0.41372 0.40571 0.68885
0.51357 0.41946 0.69938
0.57015 0.34423 0.62019
0.54107 0.40681 0.61296
0.52902 0.48262 0.59505
0.46263 0.30720 0.58762
0.63407 0.40092 0.51329
0.60573 0.46608 0.64335
0.46571 0.43485 0.56096
0.61101 0.48719 0.47678
0.49928 0.37084 0.65963
0.58147 0.45119 0.60636
0.61123 0.40031 0.65193
0.57451 0.32937 0.50588
0.47527 0.40267 0.58808
0.61091 0.45809 0.67832
0.55837 0.38604 0.56397
0.48075 0.50460 0.70614
0.66339 0.39278 0.70949
0.57173 0.42903 0.61076
0.42502 0.41871 0.75784
0.52738 0.28459 0.61889
0.67908 0.47731 0.45195
0.53200 0.40038 0.69341
0.57096 0.40022 0.65589
0.69079 0.49011 0.50474
0.56058 0.41304 0.69747
0.59628 0.37690 0.53691
0.55560 0.45497 0.62674
0.61103 0.30836 0.63026
0.51132 0.41643 0.64421
0.53372 0.42032 0.60667
0.60241 0.43210 0.62696
0.54509 0.39445 0.64636
0.61932 0.44568 0.66676
0.68575 0.40388 0.56328
0.59256 0.48558 0.58223
0.53619 0.40100 0.61263
0.49771 0.34482 0.69842
0.59802 0.46079 0.64945
0.65586 0.51758 0.63434
0.49426 0.54879 0.57953
0.56332 0.49410 0.68716
0.69170 0.57771 0.47272
0.62074 0.40609 0.63320
0.63910 0.43936 0.57167
0.60722 0.42830 0.55230
0.66374 0.37030 0.60711
0.62997 0.47554 0.54287
0.59142 0.42691 0.64216
0.56028 0.38846 0.65191
0.53565 0.45911 0.58516
0.49349 0.39658 0.64411
0.55762 0.45049 0.55894
0.65495 0.43989 0.63026
0.66352 0.54108 0.61621
0.47716 0.42169 0.60797
0.55385 0.42376 0.66983
0.63375 0.41421 0.64891
0.49992 0.33130 0.70677
0.71008 0.47370 0.54237
0.63715 0.47556 0.61209
0.58064 0.47477 0.62000
0.50740 0.44086 0.54885
0.55216 0.49808 0.55041
0.57207 0.42963 0.64580
0.54705 0.44832 0.63684
0.57928 0.48826 0.58496
0.44538 0.46457 0.62499
0.54776 0.41409 0.59548
0.45114 0.39273 0.71449
0.53111 0.49071 0.66284
0.57790 0.56277 0.53613
0.61811 0.50439 0.58454
0.55069 0.46211 0.54764
0.49314 0.41256 0.74257
0.55209 0.43653 0.58936
0.55179 0.32593 0.56074
0.59168 0.37041 0.63895
0.67027 0.51617 0.52473
0.62424 0.54355 0.42443
0.56830 0.46298 0.62224
0.53664 0.42713 0.75531
0.67698 0.51443 0.52949
0.50651 0.40886 0.68169
0.54376 0.43180 0.62757
0.61326 0.47560 0.51955
0.65842 0.51222 0.51695
0.55850 0.40992 0.58986
0.60962 0.36468 0.63108
0.58883 0.33491 0.58574
0.41395 0.35245 0.59387
0.69320 0.46378 0.59136
0.48418 0.38442 0.73043
0.73249 0.42500 0.49608
0.57350 0.31019 0.68779
0.55299 0.36276 0.68184
0.51390 0.41540 0.62712
0.58378 0.43221 0.61336
0.65579 0.29298 0.59468
0.53359 0.45754 0.66682
0.64228 0.59740 0.34080
0.53561 0.43297 0.64498
0.61106 0.40075 0.59952
0.55487 0.40574 0.53145
0.53736 0.43501 0.60158
0.57002 0.38559 0.67355
0.54332 0.40792 0.65142
0.59049 0.41138 0.59827
0.42493 0.41240 0.70427
0.65517 0.47324 0.53281
0.50111 0.27107 0.73339
0.62683 0.45418 0.53956
0.54335 0.35680 0.56095
0.62156 0.46056 0.51805
0.59469 0.53373 0.57433
0.51770 0.29206 0.59360
0.48129 0.45216 0.64765
0.59407 0.48369 0.65326
0.61789 0.47558 0.62101
0.52376 0.48617 0.62709
0.53727 0.59420 0.51958
0.56208 0.40373 0.66252
0.48568 0.41447 0.66601
0.55032 0.38048 0.44064
0.50390 0.43089 0.69060
0.55352 0.41111 0.59703
0.44638 0.36399 0.75160
0.48818 0.46570 0.62531
0.54592 0.46480 0.67035
0.60443 0.44742 0.55635
0.46607 0.42242 0.41062
0.49801 0.42534 0.70644
0.49085 0.43023 0.62071
0.43019 0.33661 0.61825
0.44276 0.38357 0.57082
0.62472 0.44064 0.51127
0.66156 0.35607 0.56249
0.54521 0.47083 0.51334
0.63921 0.35567 0.59414
0.45899 0.42274 0.64554
0.47542 0.38370 0.68578
0.60817 0.54439 0.58087
0.51567 0.44181 0.56099
0.61214 0.43470 0.62004
0.52917 0.32356 0.67278
0.63445 0.43575 0.67641
0.49874 0.42810 0.63691
0.56084 0.46879 0.60645
0.50441 0.37129 0.66806
0.57769 0.48974 0.56841
0.56154 0.49652 0.45062
0.64606 0.48721 0.55269
0.59691 0.37720 0.61722
0.60575 0.38948 0.69987
0.64797 0.37359 0.60925
0.57361 0.32360 0.62196
0.54209 0.43257 0.52664
0.67651 0.36905 0.77771
0.46562 0.45615 0.67990
0.62541 0.43719 0.68002
0.59280 0.42908 0.68428
0.62967 0.44355 0.53894
0.70684 0.42125 0.58990
0.57522 0.41275 0.64315
0.49660 0.45326 0.61500
0.56187 0.43833 0.68266
0.55541 0.37654 0.66684
0.61770 0.54663 0.52216
0.59745 0.38684 0.68264
0.55955 0.40612 0.64608
0.54921 0.41896 0.65762
0.63970 0.53723 0.48145
0.44481 0.39060 0.60652
0.56455 0.41910 0.66349
0.65393 0.55867 0.53320
0.42250 0.41659 0.70785
0.55274 0.35466 0.69701
0.50163 0.48247 0.59159
0.39519 0.32028 0.62910
0.51814 0.45114 0.55947
0.57078 0.47513 0.56982
0.45070 0.51582 0.60117
0.59101 0.41464 0.57722
0.52173 0.33789 0.69569
0.47223 0.33302 0.57270
0.54302 0.38355 0.65676
0.59184 0.37875 0.70866
0.60568 0.49452 0.57398
0.44811 0.36629 0.74538
0.49072 0.39903 0.57430
0.47467 0.42085 0.70785
0.68439 0.49513 0.55526
0.42431 0.32603 0.61626
0.60320 0.42526 0.58500
0.53945 0.42189 0.56339
0.53420 0.42930 0.69299
0.49447 0.39068 0.61848
0.52113 0.48915 0.63545
0.60029 0.34711 0.68733
0.47553 0.35373 0.64877
0.55144 0.34471 0.67211
0.56323 0.45973 0.63527
0.68749 0.48503 0.55055
0.47009 0.52139 0.60628
0.53441 0.45581 0.53033
0.61134 0.48837 0.50154
0.56095 0.39779 0.69778
0.59280 0.46078 0.56151
0.36873 0.52665 0.55946
0.49918 0.42984 0.51585
0.51457 0.37191 0.51758
0.56930 0.37048 0.47271
0.60047 0.39519 0.61422
0.55073 0.38358 0.66990
0.54753 0.42888 0.54887
0.65626 0.50542 0.54721
0.50669 0.46029 0.72407
0.55547 0.50167 0.61327
0.47818 0.47433 0.61002
0.61404 0.47638 0.53038
0.60025 0.51602 0.57857
0.55448 0.51741 0.62595
0.61281 0.37870 0.65431
0.61760 0.44163 0.72541
0.62374 0.35663 0.67478
0.48548 0.43143 0.62997
0.55893 0.43696 0.64355
0.49690 0.52127 0.59966
0.50861 0.39653 0.74377
0.64241 0.55049 0.57626
0.58975 0.44404 0.61016
0.58027 0.39814 0.62684
0.57002 0.48113 0.60623
0.52209 0.42679 0.65271
0.58531 0.46130 0.52563
0.42747 0.39873 0.74935
0.54482 0.44433 0.59546
0.64720 0.47086 0.56500
0.43614 0.32412 0.67067
0.66597 0.43622 0.56640
0.61495 0.49047 0.56060
0.60927 0.43668 0.72311
0.59973 0.50386 0.51163
0.55416 0.48020 0.58166
0.48546 0.48867 0.53864
0.52285 0.33557 0.60153
0.74044 0.35843 0.58840
0.51345 0.45731 0.55165
0.55191 0.39918 0.64000
0.62571 0.46693 0.65807
0.53355 0.45130 0.60922
0.60716 0.41129 0.51311
0.58071 0.41018 0.58082
0.57189 0.41856 0.61815
0.72379 0.33100 0.54805
0.50473 0.36666 0.63486
0.67422 0.46355 0.48670
0.49497 0.49318 0.46643
0.65317 0.56057 0.47042
0.53088 0.48838 0.56824
0.54534 0.44990 0.56781
0.50577 0.40282 0.56758
0.63732 0.53886 0.53365
0.62543 0.41977 0.61005
0.45495 0.36855 0.53437
0.53412 0.47719 0.58579
0.44621 0.37512 0.70193
0.62236 0.50290 0.57373
0.70740 0.47869 0.53350
0.61596 0.43104 0.64177
0.53170 0.45878 0.71118
0.64453 0.43378 0.54820
0.57793 0.46633 0.61007
0.56340 0.42343 0.55898
0.60226 0.43550 0.62988
0.57150 0.50928 0.60860
0.63689 0.51888 0.56247
0.47456 0.34239 0.53172
0.51040 0.54863 0.63556
0.52647 0.42615 0.67553
0.57933 0.43242 0.60421
0.59691 0.50251 0.58024
0.59195 0.29702 0.66968
0.57271 0.41278 0.65764
0.54622 0.37265 0.78760
0.56823 0.39644 0.67567
0.63647 0.46496 0.57646
0.61157 0.43959 0.63357
0.59161 0.37925 0.62819
0.49370 0.24310 0.60350
0.48183 0.43033 0.61868
0.52614 0.42529 0.66913
0.54404 0.28684 0.64013
0.50331 0.48354 0.59754
0.53332 0.38255 0.71773
0.55425 0.52375 0.55841
0.52423 0.39338 0.64915
0.63086 0.45306 0.48608
0.62424 0.46294 0.72694
0.48996 0.43018 0.53752
0.50774 0.36679 0.56501
0.68703 0.50421 0.39080
0.40600 0.40295 0.61995
0.70827 0.66333 0.42703
0.49180 0.30410 0.60411
0.57299 0.41458 0.68339
0.63739 0.52044 0.56097
0.47174 0.41719 0.66468
0.66919 0.48284 0.59362
0.62229 0.48423 0.66646
0.60363 0.51899 0.59976
0.63689 0.43224 0.70139
0.72443 0.57503 0.49596
0.61729 0.37974 0.49158
0.63306 0.46989 0.53056
0.45443 0.44192 0.57264
0.56661 0.35364 0.73345
0.59520 0.40344 0.56649
0.59556 0.45259 0.52392
0.56873 0.34894 0.59409
0.60552 0.49337 0.63885
0.58548 0.34045 0.54443
0.59453 0.44969 0.59322
0.57461 0.35488 0.55864
0.61194 0.40791 0.51933
0.52592 0.41272 0.60902
0.47123 0.53571 0.60479
0.47836 0.36263 0.54643
0.64434 0.45706 0.53085
0.50202 0.45912 0.59921
0.68901 0.44899 0.58016
0.46216 0.54948 0.65465
0.60301 0.43024 0.65122
0.57841 0.42396 0.55104
0.64458 0.45302 0.59092
0.55868 0.39999 0.67818
0.44749 0.56543 0.54101
0.56097 0.35643 0.57279
0.56579 0.45769 0.71106
0.52401 0.43463 0.52533
0.59342 0.39134 0.62171
0.57774 0.41147 0.67920
0.53042 0.46864 0.66502
0.41444 0.43679 0.66120
0.45429 0.33336 0.53909
0.63333 0.44388 0.55560
0.45640 0.36174 0.68531
0.64493 0.47958 0.52047
0.61317 0.34146 0.64115
0.53562 0.33359 0.62720
0.67464 0.33425 0.51700
0.53601 0.49813 0.61532
0.50178 0.34505 0.59891
0.57523 0.46034 0.58452
0.41375 0.36806 0.76130
0.48741 0.31665 0.59338
0.61107 0.44093 0.56580
0.56637 0.46309 0.57858
0.55703 0.38079 0.67951
0.57569 0.47986 0.61683
0.58374 0.39432 0.68802
0.64858 0.52054 0.53102
0.56304 0.45526 0.59085
0.56988 0.51072 0.57955
0.68370 0.40487 0.66220
0.47925 0.43045 0.59341
0.63884 0.48318 0.66579
0.58872 0.39417 0.59793
0.47846 0.36691 0.61641
0.66081 0.45874 0.62044
0.55111 0.42238 0.55866
0.59278 0.48144 0.50837
0.50317 0.30859 0.63608
0.52209 0.28167 0.65717
0.58044 0.51133 0.64933
0.57407 0.36444 0.65730
0.62386 0.36764 0.54626
0.61508 0.45800 0.58340
0.45854 0.31188 0.61996
0.62151 0.40240 0.53902
0.51285 0.47138 0.57606
0.48332 0.38177 0.59254
0.59284 0.46884 0.62879
0.51991 0.45177 0.60936
0.54574 0.34204 0.68091
0.53965 0.45639 0.52442
0.60905 0.45512 0.60470
0.70914 0.51544 0.54480
0.65944 0.45954 0.65195
0.61304 0.31353 0.64894
0.59725 0.49954 0.58863
0.66952 0.50013 0.49733
0.58250 0.51573 0.59242
0.58095 0.38112 0.60396
0.58096 0.40499 0.65737
0.48591 0.30310 0.51192
0.45142 0.50377 0.52129
0.70483 0.35948 0.62501
0.54259 0.41062 0.64526
0.59884 0.38394 0.57406
0.59638 0.37708 0.66792
0.55438 0.42193 0.63395
0.63768 0.46882 0.56280
0.48276 0.33308 0.74208
0.41976 0.35670 0.61751
0.54390 0.47655 0.64116
0.50210 0.38966 0.57179
0.46708 0.38294 0.59737
0.50124 0.36453 0.76252
0.48426 0.34372 0.72538
0.47566 0.38555 0.68457
0.65335 0.36444 0.69287
0.63448 0.44400 0.60075
0.67194 0.50960 0.61915
0.58941 0.41045 0.61900
0.61552 0.41638 0.45016
0.56839 0.42266 0.53229
0.61060 0.43649 0.63297
0.49064 0.47535 0.59191
0.57309 0.46594 0.57264
0.51874 0.45556 0.60430
0.67891 0.61548 0.47129
0.28092 0.29121 0.72388
0.54766 0.31864 0.71370
0.72755 0.43182 0.61539
0.41840 0.49954 0.54459
0.45173 0.36637 0.63652
0.56009 0.40127 0.68847
0.44607 0.38110 0.64267
0.50720 0.33950 0.67200
0.53053 0.33640 0.62017
0.49466 0.40566 0.64802
0.55983 0.45255 0.58083
0.47380 0.44060 0.67102
0.46608 0.36392 0.63218
0.70402 0.44722 0.62053
0.59594 0.51516 0.63841
0.53544 0.34612 0.67293
0.54838 0.40253 0.72180
0.54866 0.35466 0.67358
0.71635 0.61143 0.52768
0.47812 0.41939 0.70475
0.66227 0.42409 0.56784
0.67171 0.51663 0.61765
0.70554 0.58419 0.34460
0.51415 0.36161 0.57420
0.68635 0.49659 0.51552
0.67992 0.44077 0.51056
0.57235 0.47953 0.69443
0.54903 0.36764 0.62747
0.66257 0.49391 0.52098
0.61298 0.47894 0.49764
0.59055 0.44117 0.55016
0.50604 0.45335 0.55951
0.66192 0.48777 0.66122
0.65890 0.41611 0.59485
0.50913 0.43973 0.60212
0.67523 0.43464 0.56229
0.53847 0.36454 0.61547
0.54676 0.39228 0.67464
0.65236 0.48935 0.60763
0.60088 0.47151 0.63046
0.62106 0.42439 0.63483
0.41645 0.35980 0.61003
0.61830 0.47248 0.59824
0.47090 0.37287 0.70251
0.54646 0.53078 0.57776
0.60591 0.37686 0.59556
0.55768 0.40834 0.45103
0.68458 0.50731 0.47605
0.52644 0.34624 0.70149
0.66785 0.52685 0.41057
0.40270 0.35390 0.46683
0.49625 0.35429 0.64758
0.52602 0.30632 0.62639
0.49545 0.43198 0.62165
0.58180 0.42428 0.69938
0.66391 0.44232 0.69924
0.58050 0.45017 0.55001
0.57237 0.46014 0.66407
0.63231 0.37707 0.62527
0.61499 0.52639 0.67315
0.61318 0.49233 0.56279
0.49632 0.37471 0.64234
0.67677 0.43632 0.48635
0.68225 0.50416 0.66002
0.46476 0.42555 0.57840
0.49453 0.41945 0.69068
0.37519 0.47183 0.67726
0.54790 0.45655 0.57523
0.60627 0.57984 0.53098
0.53377 0.47958 0.57748
0.56151 0.39114 0.65732
0.61141 0.46360 0.67851
0.38715 0.44400 0.73894
0.48720 0.42312 0.66829
0.54960 0.39478 0.55434
0.51510 0.47984 0.60363
0.47477 0.43510 0.56456
0.55676 0.38295 0.58374
0.57476 0.49667 0.51139
0.52981 0.37756 0.66957
0.43902 0.45885 0.66611
0.55432 0.41356 0.60348
0.53000 0.41016 0.51552
0.55664 0.34417 0.52757
0.62243 0.52952 0.53196
0.52740 0.51775 0.55786
0.57120 0.44175 0.56741
0.51833 0.39338 0.71125
0.61185 0.42216 0.65031
0.43877 0.39993 0.54259
0.57118 0.49300 0.58471
0.56901 0.45260 0.63437
0.62133 0.44007 0.60458
0.56188 0.49012 0.53330
0.59778 0.48200 0.62517
0.57112 0.32605 0.60456
0.52981 0.46833 0.48509
0.56849 0.46953 0.56935
0.65754 0.56849 0.46997
0.56016 0.42808 0.68876
0.64505 0.46558 0.51485
0.41971 0.32230 0.66604
0.63919 0.45934 0.55016
0.49944 0.38666 0.57647
0.57648 0.48202 0.55994
0.64748 0.49551 0.51556
0.53988 0.31531 0.82173
0.42392 0.49571 0.58146
0.62199 0.50751 0.53341
0.52119 0.45609 0.70318
0.59949 0.40215 0.60167
0.53261 0.44711 0.56528
0.58500 0.40242 0.55694
0.61866 0.45839 0.58884
0.67150 0.45951 0.55019
0.45934 0.29091 0.62976
0.54200 0.51500 0.48814
0.57597 0.36476 0.65649
0.48291 0.28736 0.66940
0.50101 0.52585 0.64831
0.63912 0.46122 0.52929
0.50714 0.32705 0.66912
0.49724 0.52363 0.59567
0.57108 0.45553 0.68076
0.58609 0.42906 0.56457
0.52791 0.49244 0.62066
0.45324 0.29483 0.59985
0.58939 0.45478 0.62314
0.64863 0.40142 0.50267
0.55083 0.44272 0.75654
0.64028 0.53019 0.63160
0.66622 0.40539 0.63897
0.61482 0.49884 0.46885
0.65304 0.42865 0.49100
0.40672 0.38141 0.73315
0.57776 0.33103 0.72270
0.58481 0.43057 0.58911
0.57027 0.40192 0.63619
0.56294 0.43102 0.60507
0.63015 0.54049 0.58150
0.74243 0.44275 0.47546
0.62373 0.52076 0.55182
0.53346 0.41572 0.69298
0.55079 0.32690 0.72495
0.71023 0.52169 0.55520
0.53925 0.38471 0.58079
0.58862 0.49138 0.60462
0.59029 0.47747 0.51273
0.55579 0.42090 0.64739
0.52012 0.43214 0.58547
0.45042 0.26551 0.58158
0.56256 0.44593 0.68042
0.52557 0.37336 0.60297
0.55952 0.46118 0.63689
0.68960 0.50560 0.46195
0.57634 0.50828 0.57574
0.61473 0.40569 0.61418
0.57998 0.55903 0.58224
0.59602 0.50294 0.57193
0.45607 0.40571 0.69685
0.56597 0.41445 0.60728
0.56449 0.43033 0.68697
0.60501 0.47101 0.46539
0.64029 0.47609 0.55596
0.52717 0.39642 0.59110
0.62819 0.53494 0.52753
0.64587 0.51230 0.56359
0.57293 0.43208 0.59981
0.35825 0.39684 0.65683
0.57210 0.39809 0.46893
0.39796 0.32259 0.52245
0.65895 0.46691 0.52737
0.65849 0.47469 0.63283
0.54106 0.40147 0.69448
0.67201 0.49601 0.56997
0.64577 0.45084 0.60838
0.65478 0.41837 0.57471
0.58891 0.34193 0.53244
0.62690 0.52294 0.58232
0.56088 0.50974 0.64719
0.44422 0.34848 0.58764
0.64834 0.42956 0.59497
0.63196 0.52687 0.54292
0.60858 0.42157 0.61628
0.62899 0.41230 0.64840
0.69193 0.54345 0.49534
0.55271 0.43073 0.63832
0.66497 0.37318 0.57751
0.61738 0.55851 0.51724
0.74094 0.46802 0.62876
0.58672 0.36955 0.57466
0.60938 0.38939 0.58540
0.69626 0.62386 0.38282
0.60827 0.50478 0.45027
0.59352 0.40154 0.57066
0.56977 0.44833 0.53175
0.56611 0.50759 0.63461
0.56604 0.40507 0.61150
0.52233 0.32069 0.65150
0.55002 0.34338 0.61738
0.49842 0.44794 0.62433
0.67914 0.38442 0.55212
0.54600 0.47571 0.48151
0.61517 0.39670 0.62726
0.49628 0.35174 0.69874
0.48385 0.50012 0.60754
0.64131 0.57411 0.47260
0.48341 0.30754 0.67522
0.51838 0.36840 0.64888
0.70425 0.50326 0.56983
0.59542 0.45929 0.53846
0.30346 0.30601 0.64717
0.54079 0.40014 0.54280
0.58063 0.36615 0.72553
0.59313 0.51093 0.54652
0.52029 0.41757 0.67953
0.57445 0.52857 0.48829
0.64073 0.37337 0.69915
0.65136 0.56627 0.54126
0.71807 0.46437 0.50249
0.60982 0.39730 0.60078
0.65416 0.39318 0.51323
0.60991 0.37913 0.67458
0.47305 0.35096 0.65409
0.46862 0.44517 0.64910
0.52165 0.51010 0.50846
0.57560 0.38956 0.62938
0.55212 0.41219 0.49932
0.53987 0.36750 0.69794
0.43831 0.45160 0.60725
0.53372 0.38204 0.63680
0.55850 0.45163 0.58289
0.69276 0.53132 0.52934
0.66345 0.50388 0.65673
0.65929 0.41423 0.59797
0.49782 0.35916 0.64800
0.52742 0.41313 0.56109
0.51768 0.40969 0.62418
0.55620 0.43596 0.63871
0.70445 0.53639 0.59352
0.65157 0.40780 0.61442
0.60870 0.48719 0.54693
0.67005 0.59269 0.48222
0.62212 0.44459 0.65284
0.51579 0.46898 0.62627
0.56713 0.40542 0.71417
0.53681 0.48165 0.52920
0.57152 0.42282 0.66233
0.56679 0.36438 0.54141
0.58634 0.41896 0.52400
0.64405 0.51712 0.56416
0.73242 0.44868 0.62883
0.61028 0.59438 0.60286
0.57684 0.36709 0.60908
0.52648 0.39927 0.61784
0.57198 0.55638 0.52748
0.39885 0.24782 0.52574
0.54988 0.51541 0.66115
0.56472 0.40849 0.54746
0.68314 0.52647 0.57208
0.45830 0.42238 0.62929
0.48796 0.45192 0.63721
0.69574 0.45417 0.59420
0.53713 0.32543 0.58272
0.58407 0.54505 0.55935
0.65757 0.47132 0.68745
0.47318 0.31753 0.59099
0.60877 0.42650 0.53072
0.66927 0.48422 0.36015
0.49299 0.46092 0.64060
0.57047 0.48205 0.57821
0.51866 0.41359 0.65087
0.49214 0.47541 0.61085
0.43929 0.51771 0.67437
0.48611 0.46478 0.67263
0.54570 0.47425 0.49215
0.57002 0.33517 0.75360
0.37722 0.31779 0.74030
0.59395 0.49136 0.57121
0.56624 0.41040 0.54809
0.46438 0.39973 0.64585
0.51402 0.40839 0.69650
0.65947 0.52710 0.56999
0.51150 0.35995 0.58632
0.54018 0.38976 0.75033
0.47553 0.43996 0.61297
0.54792 0.47265 0.60071
0.59550 0.49757 0.48696
0.54816 0.48885 0.60526
0.71547 0.42369 0.56335
0.65729 0.45834 0.64990
0.59300 0.50673 0.49973
0.55815 0.32823 0.75986
0.63214 0.43315 0.65716
0.49220 0.34470 0.53611
0.62364 0.39201 0.60224
0.55445 0.50808 0.63089
0.55566 0.41265 0.57918
0.61822 0.50438 0.61020
0.61690 0.45476 0.62592
0.68775 0.45419 0.60280
0.48626 0.36606 0.64989
0.54856 0.47349 0.60406
0.58202 0.46274 0.61803
0.50645 0.31281 0.75264
0.61239 0.45814 0.65494
0.53952 0.40359 0.64968
0.58301 0.39271 0.59280
0.58397 0.35417 0.70699
0.52903 0.42012 0.54300
0.58037 0.41586 0.62848
0.64672 0.45422 0.57751
0.57819 0.41390 0.62779
0.59763 0.50356 0.64202
0.55768 0.57002 0.54638
0.59497 0.31934 0.73313
0.45890 0.52243 0.59617
0.61442 0.49967 0.62677
0.56305 0.43101 0.54753
0.58900 0.38968 0.61652
0.50872 0.39538 0.62710
0.43194 0.36347 0.65631
0.49179 0.40553 0.67176
