20 14 1000 4244 8475
0.67650 0.43115 0.04727
0.99322 0.30355 0.39879
0.15372 0.96732 0.70206
0.76422 0.28468 0.21905
0.77136 0.30359 0.39466
0.22785 0.74536 0.88051
0.02644 0.54836 0.19329
0.78808 0.12387 0.21602
0.97256 0.10277 0.97988
0.88920 0.14753 0.26087
0.51728 0.35919 0.69181
0.40033 0.01123 0.08201
0.84837 0.52450 0.86684
0.07632 0.63764 0.69671
0.64740 0.33002 0.41997
0.55329 0.41751 0.44805
0.70673 0.32593 0.40928
0.38485 0.49266 0.42253
0.47598 0.46932 0.53096
0.60624 0.33418 0.40268
0.53815 0.37755 0.41755
0.58610 0.42184 0.46276
0.60437 0.34221 0.43684
0.54074 0.49317 0.48604
0.71461 0.34541 0.47093
0.41043 0.51781 0.56686
0.57414 0.42596 0.63335
0.64585 0.33462 0.47939
0.43403 0.48872 0.53536
0.44632 0.38840 0.42069
0.71780 0.35010 0.39610
0.53914 0.51829 0.53571
0.63786 0.37545 0.51912
0.69130 0.35754 0.65441
0.63993 0.41906 0.58539
0.50207 0.44849 0.48265
0.44700 0.48237 0.56906
0.72721 0.28851 0.54276
0.67703 0.33859 0.40444
0.73837 0.32934 0.44027
0.45450 0.42822 0.53108
0.57065 0.43926 0.63666
0.63484 0.39680 0.40720
0.55344 0.47085 0.43275
0.44481 0.49142 0.53373
0.63441 0.33483 0.31839
0.56485 0.39939 0.46920
0.55657 0.43197 0.46680
0.40312 0.57547 0.49831
0.67741 0.28026 0.33813
0.57858 0.45228 0.60126
0.56549 0.39280 0.49788
0.52992 0.35144 0.51616
0.53848 0.43043 0.47797
0.54377 0.41603 0.52463
0.50702 0.44280 0.44550
0.41656 0.42951 0.48122
0.62483 0.31014 0.36914
0.61885 0.38015 0.37127
0.63526 0.33521 0.45359
0.56413 0.41801 0.58410
0.54592 0.39789 0.41409
0.57354 0.29347 0.38299
0.44800 0.38467 0.34257
0.61742 0.35442 0.45215
0.72317 0.30026 0.45310
0.60916 0.44793 0.51798
0.58400 0.44094 0.45078
0.60786 0.41060 0.52532
0.68680 0.34191 0.49954
0.59970 0.45675 0.50679
0.47067 0.43705 0.45793
0.55486 0.36961 0.45116
0.60526 0.36306 0.38596
0.33977 0.48632 0.54067
0.60936 0.41190 0.45375
0.61934 0.39281 0.43681
0.50350 0.36850 0.49942
0.60294 0.37480 0.38383
0.69697 0.33458 0.48342
0.57769 0.37791 0.42522
0.57783 0.43041 0.48138
0.58953 0.36037 0.52929
0.51769 0.40981 0.46778
0.68046 0.31346 0.40738
0.65653 0.33649 0.45675
0.61475 0.37042 0.50546
0.56215 0.37409 0.49487
0.49239 0.39226 0.42792
0.62785 0.36300 0.44555
0.69309 0.37680 0.50021
0.51086 0.51467 0.56621
0.64124 0.42245 0.47353
0.46699 0.50992 0.61757
0.63753 0.39118 0.49472
0.60975 0.40962 0.43720
0.60665 0.42574 0.49361
0.73965 0.29275 0.36987
0.57250 0.37638 0.49410
0.44688 0.42083 0.57525
0.57605 0.36504 0.40532
0.70139 0.32755 0.39602
0.67863 0.31762 0.33538
0.58227 0.35598 0.37255
0.58101 0.36174 0.46856
0.52173 0.33759 0.43197
0.70356 0.37579 0.54031
0.72708 0.31783 0.55336
0.50808 0.46456 0.52756
0.52616 0.44431 0.56428
0.65260 0.36169 0.55684
0.65754 0.39969 0.52289
0.65902 0.32242 0.43886
0.67831 0.36092 0.48156
0.64584 0.36026 0.51495
0.52556 0.46908 0.53677
0.53768 0.36774 0.31668
0.55436 0.34089 0.41636
0.70682 0.33158 0.47667
0.62927 0.36942 0.48636
0.57992 0.42222 0.51126
0.52560 0.39700 0.41511
0.70729 0.41879 0.55210
0.70456 0.28924 0.39009
0.56825 0.41706 0.53474
0.55063 0.34042 0.40607
0.67127 0.33250 0.44392
0.53273 0.52534 0.58504
0.50954 0.45301 0.60432
0.51885 0.40581 0.49921
0.69911 0.36402 0.42511
0.68425 0.33435 0.37389
0.76660 0.36743 0.47358
0.69217 0.30922 0.42604
0.65083 0.40902 0.41446
0.42848 0.50728 0.53024
0.48353 0.37581 0.45825
0.63167 0.32542 0.41087
0.60230 0.40487 0.57166
0.64322 0.37852 0.54140
0.53664 0.38296 0.40487
0.62906 0.28007 0.39268
0.54978 0.38221 0.46421
0.75667 0.37605 0.62443
0.65702 0.33237 0.38420
0.53064 0.37345 0.45495
0.60351 0.34527 0.39510
0.58385 0.35974 0.46830
0.64127 0.33343 0.41309
0.51393 0.46420 0.55086
0.66283 0.32101 0.51558
0.57743 0.38099 0.36552
0.58989 0.35168 0.48261
0.59463 0.37935 0.39792
0.59299 0.44236 0.42107
0.71225 0.37433 0.51679
0.56489 0.43179 0.52672
0.58835 0.33233 0.40244
0.61561 0.31681 0.50750
0.68603 0.29399 0.49436
0.68858 0.44679 0.62396
0.41623 0.62795 0.61589
0.57633 0.36485 0.38514
0.51039 0.35085 0.42254
0.46219 0.38640 0.41740
0.42688 0.42616 0.49811
0.71449 0.29282 0.58837
0.53749 0.47626 0.55022
0.69802 0.27446 0.38782
0.58073 0.33722 0.44104
0.64814 0.36480 0.40348
0.55006 0.32641 0.41224
0.68077 0.32501 0.48760
0.70776 0.33967 0.52735
0.67624 0.36486 0.59315
0.58291 0.32629 0.43879
0.59402 0.35596 0.45754
0.53456 0.51238 0.52493
0.65866 0.37773 0.43633
0.73838 0.28634 0.32165
0.56020 0.37655 0.29953
0.59367 0.29934 0.33198
0.59260 0.31367 0.42974
0.69016 0.36147 0.63158
0.70030 0.32122 0.60870
0.66489 0.33713 0.35766
0.57072 0.37639 0.50173
0.73429 0.30579 0.39904
0.70735 0.33853 0.57383
0.52079 0.42385 0.56820
0.50228 0.41056 0.46937
0.61730 0.35333 0.47456
0.64479 0.36557 0.42214
0.53120 0.36530 0.38603
0.58617 0.36295 0.44164
0.64111 0.30369 0.43900
0.59625 0.36365 0.38036
0.50813 0.40089 0.48592
0.59008 0.39851 0.48536
0.50913 0.41040 0.54229
0.65041 0.33637 0.48801
0.52854 0.45933 0.41946
0.65519 0.35703 0.53198
0.39950 0.54655 0.61418
0.51376 0.40633 0.49111
0.60515 0.35662 0.41092
0.59011 0.47019 0.52372
0.56451 0.34105 0.42129
0.58105 0.32918 0.38089
0.56624 0.35210 0.35388
0.68191 0.39508 0.52001
0.41822 0.47429 0.51273
0.54853 0.41497 0.55657
0.40246 0.55265 0.54133
0.57825 0.36919 0.41299
0.43319 0.48589 0.53442
0.59889 0.33616 0.50595
0.70391 0.37851 0.48878
0.59330 0.34353 0.42137
0.56680 0.34328 0.29492
0.44835 0.39535 0.44129
0.39370 0.41770 0.48388
0.60981 0.43575 0.56662
0.64825 0.38214 0.42597
0.69754 0.35812 0.38622
0.43550 0.47847 0.56223
0.62603 0.33592 0.41985
0.57238 0.38914 0.41159
0.65991 0.30422 0.34144
0.62157 0.30491 0.37682
0.62375 0.38788 0.40809
0.52086 0.42107 0.43003
0.46149 0.42358 0.41299
0.73702 0.32221 0.48700
0.47036 0.43770 0.46670
0.59149 0.40976 0.59394
0.48821 0.42286 0.44922
0.46220 0.52383 0.60710
0.48416 0.46350 0.47952
0.67744 0.37250 0.49429
0.70458 0.34040 0.51009
0.52349 0.41651 0.59611
0.57751 0.40695 0.52629
0.70131 0.27116 0.40904
0.72425 0.30864 0.58530
0.70249 0.33981 0.49728
0.60175 0.30510 0.47727
0.50927 0.43770 0.56087
0.61746 0.31748 0.51443
0.61862 0.36604 0.46527
0.70258 0.35812 0.44105
0.72699 0.31883 0.35722
0.57796 0.43952 0.46755
0.67329 0.33877 0.39185
0.48076 0.42354 0.51788
0.56483 0.21299 0.30027
0.46049 0.33096 0.35976
0.52166 0.38766 0.48930
0.45837 0.45858 0.54304
0.58726 0.35508 0.44242
0.45950 0.44458 0.59978
0.65797 0.31409 0.50552
0.61829 0.37319 0.43567
0.53960 0.46621 0.57176
0.57104 0.42427 0.49949
0.68761 0.37111 0.59759
0.52772 0.50182 0.59417
0.44969 0.51411 0.51761
0.45177 0.52607 0.40686
0.67467 0.24995 0.39644
0.54291 0.23388 0.28104
0.61158 0.36994 0.47713
0.64193 0.44024 0.52499
0.69690 0.29997 0.52843
0.60446 0.35845 0.39361
0.52952 0.47892 0.51259
0.55821 0.40759 0.39365
0.57271 0.39010 0.58742
0.71993 0.33374 0.51581
0.62234 0.27251 0.44861
0.57755 0.38926 0.43046
0.54089 0.43921 0.41230
0.61758 0.41494 0.51743
0.53040 0.43568 0.48530
0.58684 0.41076 0.45930
0.58970 0.41412 0.51186
0.63272 0.37616 0.49391
0.58443 0.53270 0.69113
0.66778 0.38152 0.44302
0.72462 0.32171 0.40797
0.49613 0.32952 0.34923
0.70289 0.32404 0.43362
0.66503 0.36698 0.48882
0.57306 0.34971 0.43512
0.54769 0.43684 0.47604
0.53137 0.33810 0.43086
0.62493 0.33911 0.40606
0.46290 0.51117 0.47040
0.41164 0.44037 0.39787
0.47985 0.46600 0.50128
0.56175 0.36914 0.42828
0.70231 0.33485 0.34663
0.59358 0.35606 0.44488
0.55091 0.34407 0.41958
0.51478 0.36687 0.37919
0.59729 0.42408 0.57954
0.62729 0.34836 0.36743
0.66542 0.38317 0.34291
0.38114 0.56826 0.58629
0.43195 0.42574 0.53961
0.61705 0.35706 0.60048
0.70329 0.33558 0.43842
0.51561 0.49558 0.43464
0.60677 0.43989 0.45173
0.59191 0.45546 0.47388
0.58098 0.35474 0.43209
0.59155 0.32898 0.41367
0.50722 0.42520 0.43178
0.71867 0.29881 0.45870
0.52452 0.52026 0.65849
0.65810 0.31632 0.44995
0.57766 0.36279 0.36482
0.44044 0.40773 0.45470
0.62891 0.32992 0.45035
0.61072 0.25799 0.43783
0.66768 0.35740 0.55457
0.74090 0.24826 0.59234
0.57978 0.37421 0.46410
0.69118 0.37599 0.44344
0.61862 0.39857 0.45786
0.63538 0.39766 0.63110
0.53123 0.36690 0.33820
0.60232 0.33524 0.39066
0.46596 0.44081 0.43523
0.50529 0.47519 0.52497
0.47085 0.42699 0.52324
0.55025 0.40013 0.50448
0.56825 0.36225 0.39195
0.47599 0.47322 0.49796
0.50180 0.41260 0.51054
0.58630 0.35436 0.46872
0.60886 0.37180 0.40986
0.52522 0.41576 0.53910
0.63231 0.35556 0.59071
0.53104 0.41429 0.56113
0.64449 0.34522 0.41078
0.55732 0.31876 0.52456
0.55323 0.39727 0.42500
0.62701 0.33671 0.44801
0.68986 0.32840 0.45462
0.57191 0.35654 0.51800
0.65528 0.34757 0.57308
0.57464 0.46833 0.62506
0.65266 0.35331 0.37771
0.39863 0.52341 0.54261
0.44686 0.61924 0.58559
0.61959 0.38794 0.37853
0.67884 0.35269 0.42098
0.53860 0.40432 0.54245
0.64981 0.30637 0.37140
0.45683 0.34004 0.30940
0.61196 0.39103 0.29948
0.67170 0.33985 0.35202
0.65356 0.30041 0.30397
0.53326 0.37797 0.34022
0.52569 0.45410 0.46840
0.48542 0.46586 0.42544
0.49508 0.43740 0.48456
0.39913 0.48340 0.45089
0.62470 0.36491 0.54281
0.50485 0.47225 0.59688
0.62192 0.39503 0.38165
0.52334 0.44357 0.55009
0.46201 0.49023 0.46223
0.65373 0.32607 0.34057
0.47587 0.47284 0.52101
0.49833 0.46716 0.55220
0.38000 0.45130 0.34701
0.63958 0.34426 0.30957
0.44303 0.31900 0.34169
0.61971 0.37061 0.56773
0.61213 0.36168 0.45848
0.62550 0.28832 0.49557
0.63828 0.42975 0.52816
0.45205 0.33110 0.36736
0.54037 0.45129 0.47394
0.66626 0.40753 0.42811
0.66485 0.33633 0.56694
0.56391 0.41328 0.54607
0.71685 0.34840 0.33694
0.44692 0.40531 0.41070
0.66003 0.33315 0.55861
0.51180 0.42719 0.49444
0.59822 0.42995 0.44896
0.50005 0.55288 0.57439
0.54337 0.42724 0.49798
0.57465 0.35919 0.40731
0.55749 0.36940 0.43510
0.59830 0.34755 0.53555
0.62904 0.28052 0.38433
0.51985 0.37819 0.42863
0.53216 0.41316 0.48372
0.66177 0.37447 0.55607
0.53866 0.29698 0.34133
0.58147 0.44555 0.44638
0.60560 0.39094 0.53551
0.71479 0.34138 0.43474
0.45713 0.47798 0.57170
0.50641 0.37763 0.41583
0.51039 0.42212 0.38671
0.60191 0.46006 0.57409
0.34710 0.55786 0.46164
0.61719 0.36735 0.32907
0.65398 0.31176 0.36908
0.65794 0.42588 0.43608
0.55335 0.35817 0.31648
0.47063 0.54420 0.50053
0.63322 0.37779 0.38807
0.51658 0.44440 0.43975
0.61816 0.36740 0.41819
0.63519 0.40013 0.52979
0.39698 0.44386 0.41797
0.63089 0.41444 0.44676
0.62858 0.35473 0.40268
0.62964 0.40679 0.52087
0.64894 0.30879 0.56032
0.65601 0.31172 0.40995
0.60989 0.43298 0.40566
0.65028 0.36900 0.43084
0.60758 0.37992 0.50281
0.54512 0.37432 0.46406
0.61524 0.36409 0.38362
0.61723 0.36453 0.51636
0.57713 0.50774 0.59197
0.62142 0.42837 0.47809
0.56605 0.40179 0.44853
0.48857 0.36675 0.45615
0.60255 0.39600 0.47887
0.47790 0.32716 0.44201
0.55881 0.37268 0.42473
0.55964 0.39365 0.34698
0.65834 0.35028 0.60350
0.64043 0.36598 0.45181
0.51657 0.47042 0.51722
0.62099 0.36371 0.35170
0.58663 0.36073 0.46214
0.57049 0.38102 0.45668
0.53121 0.41839 0.40765
0.60474 0.43002 0.56213
0.42305 0.51038 0.48337
0.56467 0.33247 0.44309
0.62192 0.34549 0.37597
0.58630 0.43902 0.60318
0.52761 0.32770 0.47458
0.56058 0.32590 0.38214
0.74198 0.27913 0.56706
0.49803 0.40841 0.53354
0.66541 0.30153 0.40273
0.66288 0.32503 0.66857
0.57987 0.37176 0.51716
0.43700 0.50544 0.67556
0.57855 0.36231 0.46143
0.71327 0.36723 0.35041
0.56902 0.42302 0.37344
0.68701 0.37955 0.43225
0.67623 0.30794 0.44897
0.54056 0.43874 0.64763
0.59418 0.41469 0.33604
0.66882 0.32499 0.41808
0.71911 0.29278 0.33913
0.56291 0.42348 0.67874
0.57386 0.37876 0.47676
0.61342 0.35601 0.47686
0.51716 0.24885 0.39625
0.32406 0.47360 0.36754
0.66884 0.37656 0.60022
0.62056 0.38028 0.31563
0.65165 0.36275 0.44720
0.50417 0.45068 0.58292
0.43660 0.47278 0.59804
0.56033 0.41058 0.39922
0.53701 0.51408 0.51807
0.50995 0.39851 0.43696
0.42929 0.49618 0.62280
0.46163 0.37167 0.41573
0.44590 0.56355 0.53913
0.51176 0.44223 0.43073
0.63236 0.35411 0.55264
0.49297 0.46948 0.44081
0.65710 0.26762 0.44103
0.47834 0.50183 0.56708
0.64174 0.35695 0.61020
0.52807 0.44720 0.45446
0.49557 0.43663 0.53614
0.66721 0.35532 0.52501
0.66859 0.41093 0.46899
0.40394 0.55747 0.55221
0.53530 0.42664 0.44725
0.64560 0.35348 0.55475
0.43045 0.42790 0.39607
0.58411 0.43055 0.52598
0.61361 0.37528 0.39837
0.47003 0.43071 0.40191
0.65259 0.40687 0.72518
0.60315 0.40832 0.52563
0.59998 0.42145 0.57416
0.59216 0.33524 0.47886
0.60064 0.39246 0.54106
0.53099 0.49709 0.63394
0.57595 0.38776 0.46832
0.62146 0.38540 0.45870
0.56218 0.37215 0.31268
0.68823 0.37185 0.53375
0.53889 0.39839 0.45526
0.52420 0.41786 0.44065
0.58084 0.33261 0.39884
0.50057 0.42803 0.44972
0.62495 0.32545 0.65704
0.37982 0.43982 0.46431
0.66056 0.37501 0.61711
0.57004 0.42238 0.45361
0.65227 0.51529 0.65573
0.61565 0.42125 0.49982
0.49732 0.48980 0.49265
0.60504 0.32428 0.47016
0.37913 0.52439 0.47343
0.63101 0.37334 0.35778
0.68854 0.35370 0.45773
0.60857 0.36050 0.37036
0.42198 0.49824 0.67578
0.55328 0.42022 0.49968
0.61884 0.37282 0.37471
0.62088 0.40169 0.42998
0.48765 0.46113 0.53907
0.55431 0.37290 0.40964
0.57251 0.42420 0.49763
0.75416 0.35344 0.36274
0.43133 0.56381 0.58532
0.72846 0.29398 0.47080
0.60535 0.29003 0.35053
0.67024 0.29351 0.43244
0.59249 0.40422 0.43396
0.73212 0.31051 0.61354
0.70770 0.36702 0.66433
0.61972 0.29920 0.36116
0.39415 0.50597 0.40886
0.54034 0.47431 0.51415
0.70897 0.32693 0.60616
0.62159 0.37564 0.50810
0.54023 0.42666 0.52641
0.68114 0.35871 0.47309
0.57223 0.41226 0.46763
0.58055 0.38009 0.40146
0.66403 0.32064 0.42992
0.61367 0.36328 0.46634
0.69642 0.34027 0.36625
0.62262 0.37735 0.52007
0.61207 0.38619 0.48476
0.59240 0.44045 0.38561
0.60238 0.31118 0.37376
0.54199 0.27372 0.36737
0.68401 0.35059 0.51300
0.49371 0.50025 0.54875
0.52320 0.33767 0.40278
0.55812 0.23579 0.28280
0.60493 0.41792 0.57051
0.60681 0.29428 0.38804
0.64253 0.39293 0.44914
0.55128 0.39634 0.51936
0.57799 0.39231 0.51966
0.58655 0.45898 0.54629
0.60181 0.39324 0.38368
0.52942 0.37140 0.37118
0.57320 0.32256 0.30313
0.49379 0.40735 0.35976
0.55841 0.41085 0.50114
0.43152 0.39000 0.43451
0.64886 0.37473 0.56359
0.71608 0.25512 0.53855
0.65878 0.24423 0.34269
0.57692 0.35624 0.52859
0.43796 0.36884 0.36799
0.58626 0.31319 0.37470
0.66055 0.39239 0.53851
0.57992 0.38932 0.46767
0.62872 0.36973 0.66133
0.59273 0.30608 0.37044
0.51535 0.31108 0.42996
0.50125 0.41404 0.48224
0.50057 0.45439 0.49331
0.67649 0.39819 0.45469
0.61556 0.34457 0.41452
0.33265 0.45791 0.48607
0.65057 0.37389 0.46419
0.52412 0.39430 0.51343
0.45648 0.42141 0.44914
0.55728 0.40454 0.41914
0.40729 0.59271 0.57279
0.55192 0.39519 0.42910
0.58092 0.40099 0.51033
0.48227 0.47043 0.37072
0.45535 0.49250 0.54286
0.53909 0.42685 0.61227
0.60546 0.33231 0.43018
0.66505 0.35787 0.46231
0.52583 0.50242 0.47707
0.56703 0.36314 0.47425
0.57583 0.35476 0.39310
0.52901 0.37864 0.39435
0.63613 0.39064 0.41415
0.72770 0.36122 0.63084
0.49724 0.50521 0.50777
0.40775 0.48465 0.42918
0.60061 0.38506 0.45565
0.46506 0.40941 0.45412
0.54162 0.45590 0.49792
0.67538 0.38064 0.48208
0.58873 0.28850 0.27835
0.51831 0.39647 0.43122
0.47684 0.40757 0.52618
0.50940 0.50122 0.55100
0.58899 0.40783 0.53944
0.55661 0.41331 0.45844
0.46608 0.42693 0.41464
0.54723 0.40382 0.49641
0.59133 0.42011 0.50382
0.61021 0.33984 0.39978
0.55814 0.30944 0.39724
0.52289 0.44070 0.42873
0.53986 0.42405 0.42345
0.56083 0.40486 0.44980
0.60791 0.30800 0.37214
0.69125 0.29167 0.48910
0.57210 0.31354 0.43170
0.56857 0.36149 0.47761
0.59318 0.43122 0.52834
0.55318 0.40873 0.54989
0.55336 0.31902 0.34201
0.53234 0.43457 0.51417
0.64472 0.29284 0.25478
0.57213 0.39489 0.50787
0.56980 0.37871 0.41140
0.66277 0.34736 0.46365
0.55059 0.38437 0.41596
0.53166 0.51184 0.59955
0.54620 0.35435 0.38747
0.62289 0.37956 0.52161
0.65767 0.33122 0.31254
0.55044 0.36233 0.51782
0.56738 0.39463 0.49971
0.64106 0.34815 0.50849
0.65439 0.37160 0.45687
0.74005 0.30101 0.52695
0.42386 0.50050 0.50624
0.46623 0.39484 0.42414
0.56884 0.42416 0.46017
0.63578 0.36025 0.40063
0.58479 0.37727 0.55121
0.65567 0.38833 0.53125
0.39520 0.55243 0.52990
0.43170 0.37237 0.47748
0.45413 0.48146 0.62960
0.54537 0.40404 0.51041
0.69951 0.31823 0.45813
0.67581 0.40254 0.53905
0.63166 0.32925 0.48992
0.60654 0.32396 0.52599
0.52988 0.35843 0.40210
0.54035 0.32150 0.41467
0.68923 0.31617 0.43167
0.54211 0.39392 0.47766
0.61218 0.32641 0.36123
0.49564 0.40044 0.54930
0.54820 0.33356 0.30278
0.45027 0.39471 0.39820
0.45938 0.53356 0.46920
0.51379 0.42377 0.38433
0.67120 0.37710 0.45116
0.72522 0.32757 0.47966
0.42596 0.45059 0.48844
0.56706 0.41408 0.44955
0.45663 0.39802 0.40843
0.65891 0.40653 0.48376
0.71514 0.31595 0.40114
0.49909 0.38475 0.42274
0.64219 0.31880 0.36651
0.57103 0.42994 0.49574
0.51315 0.44974 0.57539
0.67834 0.35481 0.40290
0.56737 0.42680 0.52254
0.57410 0.41580 0.47703
0.59204 0.33745 0.57359
0.63469 0.34378 0.44577
0.47056 0.53197 0.65647
0.60522 0.25690 0.34518
0.51655 0.39049 0.43950
0.65111 0.32333 0.43850
0.62510 0.34430 0.38850
0.54598 0.39226 0.44280
0.61835 0.37192 0.50158
0.52354 0.41406 0.57725
0.51606 0.41534 0.42929
0.67281 0.38666 0.60043
0.49477 0.43733 0.47547
0.64689 0.29344 0.50590
0.59970 0.35564 0.50043
0.47251 0.52202 0.65890
0.58944 0.42772 0.55898
0.64188 0.44687 0.59954
0.70928 0.25553 0.35811
0.53302 0.43666 0.49866
0.45946 0.40179 0.45190
0.59338 0.43417 0.61821
0.56384 0.40946 0.49152
0.49003 0.42890 0.53706
0.53371 0.42705 0.45611
0.44292 0.51683 0.55481
0.59057 0.35682 0.45416
0.59820 0.43327 0.64574
0.61355 0.37590 0.51595
0.72030 0.27305 0.35061
0.70057 0.34462 0.42117
0.45773 0.41931 0.37826
0.53231 0.41609 0.47714
0.59030 0.34943 0.38738
0.53644 0.44438 0.41473
0.51545 0.43747 0.48289
0.57566 0.38379 0.51664
0.39769 0.49011 0.55071
0.56367 0.50891 0.64181
0.67400 0.46053 0.63498
0.62056 0.31967 0.35632
0.58017 0.37631 0.41100
0.64212 0.40644 0.51313
0.61203 0.34554 0.46364
0.65511 0.28844 0.36404
0.58742 0.33674 0.45844
0.53824 0.38476 0.34815
0.67086 0.36533 0.54794
0.61851 0.31927 0.39433
0.75078 0.37682 0.46318
0.52948 0.36643 0.44433
0.58506 0.30041 0.43444
0.51861 0.43857 0.42417
0.71701 0.30873 0.52145
0.53540 0.34024 0.34093
0.53018 0.43405 0.55845
0.52339 0.39440 0.34793
0.61410 0.38478 0.49563
0.51810 0.39321 0.48594
0.53372 0.36370 0.41921
0.54349 0.40548 0.46252
0.58394 0.34565 0.41945
0.69999 0.27301 0.48762
0.43368 0.51841 0.58934
0.52414 0.43743 0.37284
0.54047 0.33903 0.43569
0.59092 0.42267 0.49086
0.61262 0.37886 0.55666
0.66576 0.32023 0.36215
0.55139 0.42585 0.48989
0.50839 0.42404 0.53104
0.61166 0.35777 0.47169
0.54528 0.38265 0.40873
0.54092 0.49674 0.56674
0.50063 0.41625 0.41601
0.53349 0.37130 0.44542
0.73366 0.31032 0.45600
0.67846 0.27582 0.51787
0.48808 0.49855 0.42689
0.62206 0.35211 0.47484
0.60449 0.43779 0.54593
0.30098 0.52894 0.41720
0.61606 0.33708 0.48059
0.62886 0.35994 0.55308
0.57213 0.38901 0.57328
0.57187 0.36650 0.54730
0.42576 0.48777 0.45685
0.64312 0.45050 0.58704
0.57492 0.36644 0.48604
0.72078 0.34053 0.48332
0.59759 0.33029 0.43004
0.49856 0.52125 0.61375
0.46359 0.49395 0.54773
0.55671 0.44000 0.49178
0.58268 0.47501 0.54682
0.65733 0.34887 0.41924
0.60503 0.37307 0.51939
0.57647 0.44037 0.46643
0.53767 0.47615 0.46681
0.56161 0.36070 0.43153
0.50007 0.36490 0.45619
0.58235 0.42621 0.42746
0.36018 0.46483 0.48337
0.43123 0.47056 0.49183
0.66024 0.33473 0.42568
0.55378 0.47808 0.53179
0.61245 0.39156 0.56650
0.70589 0.33551 0.46436
0.60172 0.36528 0.50565
0.60963 0.37067 0.58327
0.60965 0.30202 0.39010
0.53984 0.48179 0.58352
0.58494 0.45621 0.45175
0.44600 0.43387 0.43693
0.58272 0.39583 0.65362
0.69455 0.33150 0.37252
0.67354 0.34611 0.59150
0.51795 0.48582 0.54974
0.55033 0.52974 0.52660
0.52890 0.49790 0.51447
0.58211 0.34304 0.48354
0.67734 0.38739 0.45924
0.56366 0.33719 0.44212
0.62813 0.41496 0.53998
0.52077 0.49137 0.49871
0.52830 0.37524 0.36144
0.53542 0.42937 0.39523
0.56690 0.41269 0.47966
0.53345 0.40200 0.50791
0.54198 0.37834 0.43505
0.61305 0.29825 0.38420
0.67212 0.32954 0.44900
0.64587 0.34562 0.50561
0.52725 0.45689 0.56909
0.77474 0.23497 0.40172
0.62122 0.40316 0.54518
0.50719 0.35703 0.47151
0.60294 0.35475 0.36003
0.69734 0.25742 0.40542
0.62975 0.42806 0.49384
0.54792 0.41788 0.54905
0.55014 0.40012 0.40131
0.63695 0.40371 0.43713
0.48276 0.48632 0.50524
0.48079 0.50785 0.55604
0.66024 0.46159 0.57105
0.45527 0.62606 0.61143
0.66324 0.23731 0.34191
0.47041 0.44882 0.41870
0.64043 0.28082 0.36024
0.63538 0.34509 0.34956
0.62985 0.36739 0.46400
0.44453 0.56215 0.57839
0.49069 0.38525 0.45777
0.70983 0.33055 0.53947
0.47934 0.42369 0.57954
0.50048 0.43270 0.53297
0.36295 0.49436 0.46603
0.54957 0.41311 0.36493
0.56886 0.37507 0.55969
0.64773 0.29517 0.44749
0.62691 0.43356 0.46674
0.63498 0.26681 0.41543
0.66776 0.34828 0.57057
0.53099 0.47828 0.44572
0.43677 0.56584 0.54891
0.41552 0.59322 0.59564
0.55879 0.46367 0.55648
0.59262 0.31497 0.38242
0.54528 0.42815 0.47007
0.51301 0.37610 0.44757
0.69965 0.36962 0.52913
0.52169 0.43141 0.48287
0.57949 0.41745 0.70172
0.66261 0.32655 0.62649
0.60486 0.33379 0.52662
0.54441 0.43132 0.54585
0.59615 0.44128 0.61033
0.61617 0.40023 0.48243
0.63398 0.41824 0.48249
0.62821 0.28257 0.31872
0.46835 0.38490 0.37620
0.60076 0.38503 0.43198
0.60566 0.35122 0.39156
0.69650 0.34971 0.47113
0.67737 0.40583 0.54983
0.57082 0.35782 0.30895
0.54731 0.32984 0.42223
0.56103 0.37399 0.35905
0.59641 0.42011 0.58953
0.56364 0.41063 0.49419
0.78519 0.22402 0.58068
0.62617 0.33008 0.64470
0.63625 0.35250 0.44417
0.48822 0.52089 0.45920
0.55427 0.39180 0.46824
0.66921 0.27073 0.42900
0.73790 0.30652 0.38083
0.45184 0.38782 0.39396
0.67845 0.30829 0.47497
0.59305 0.48297 0.67134
0.55176 0.40824 0.53503
0.69573 0.27594 0.64247
0.50215 0.34191 0.37268
0.61032 0.29779 0.45040
0.47907 0.36176 0.38580
0.61226 0.50267 0.73021
0.61625 0.29656 0.45160
0.44583 0.42284 0.50917
0.62560 0.39151 0.37495
0.69787 0.37835 0.42306
0.42199 0.42052 0.36998
0.43453 0.44870 0.49802
0.57137 0.48765 0.47850
0.59176 0.31560 0.39423
0.67434 0.29608 0.31993
0.69852 0.34318 0.47646
0.65617 0.24863 0.31722
0.59487 0.41610 0.56886
0.56812 0.46633 0.53753
0.46445 0.41527 0.48012
0.52744 0.40732 0.45387
0.65508 0.39439 0.50572
0.61488 0.40289 0.59099
0.56426 0.37895 0.48853
0.60452 0.37632 0.46262
0.50545 0.39604 0.39734
0.54925 0.51548 0.59096
0.57291 0.41253 0.35828
0.69226 0.38065 0.48091
0.48853 0.47185 0.56910
0.48334 0.43873 0.37846
0.65550 0.28293 0.32166
0.45902 0.28435 0.28898
0.52834 0.44170 0.46372
0.51107 0.48182 0.49945
0.50463 0.47004 0.57825
0.64419 0.41253 0.43595
0.57675 0.44366 0.59889
0.43924 0.45106 0.54968
0.64957 0.39073 0.45170
0.57837 0.38186 0.51909
0.70576 0.31240 0.68274
0.53390 0.38481 0.34637
0.61496 0.36012 0.43392
0.64407 0.38567 0.47677
0.66609 0.30548 0.35809
0.55828 0.35639 0.59196
0.58954 0.48826 0.56696
0.50076 0.47379 0.51909
0.53684 0.46666 0.62479
0.63497 0.40586 0.56156
0.49117 0.44310 0.51057
0.50624 0.31764 0.36199
0.69991 0.34844 0.41409
0.61540 0.34341 0.60927
0.47419 0.50340 0.61970
0.59109 0.27138 0.39207
0.66656 0.33694 0.43533
0.60066 0.40294 0.37856
0.57485 0.32939 0.53282
0.60148 0.39153 0.45658
0.49739 0.35694 0.39845
0.69015 0.24738 0.30554
0.48072 0.42815 0.47030
0.71918 0.32004 0.42502
0.67074 0.26860 0.48873
0.54240 0.36753 0.32303
0.77653 0.32190 0.46861
0.44217 0.56507 0.44422
0.46952 0.54141 0.55595
0.67374 0.35510 0.50140
0.63985 0.32734 0.43847
0.62375 0.35132 0.51931
0.63719 0.38784 0.53638
0.61157 0.24272 0.28164
0.59228 0.39570 0.49129
0.63883 0.42784 0.45839
0.57026 0.30795 0.39483
0.50044 0.52783 0.61536
0.46990 0.42553 0.40957
0.55747 0.32039 0.37199
0.59386 0.41143 0.47318
0.58736 0.37793 0.45738
0.76480 0.32872 0.53737
0.56166 0.41906 0.57843
0.55762 0.39498 0.36146
0.51119 0.38662 0.56318
0.50745 0.48076 0.62165
0.62133 0.33992 0.60247
0.57562 0.32200 0.35002
0.61378 0.39580 0.48815
0.53646 0.46850 0.62165
0.69301 0.35660 0.46870
0.68112 0.37690 0.46352
0.61733 0.36144 0.31940
0.52801 0.36132 0.43166
0.48935 0.44326 0.59737
0.44961 0.52407 0.43399
0.50593 0.43634 0.63134
0.55489 0.37899 0.47324
0.61627 0.34637 0.64153
0.53353 0.46505 0.43290
0.39731 0.42508 0.34063
0.62308 0.34108 0.36772
0.56883 0.40559 0.32498
0.66249 0.33929 0.46100
0.47920 0.47982 0.46566
0.54498 0.47947 0.50400
0.68228 0.32509 0.50338
0.50951 0.31137 0.36891
0.77680 0.29455 0.51980
0.51283 0.42506 0.41576
0.62895 0.41086 0.57596
0.39540 0.55847 0.49958
0.53382 0.45132 0.48439
0.58772 0.37282 0.54749
0.55546 0.46509 0.57035
0.69679 0.35577 0.50298
0.47075 0.39441 0.44608
0.64202 0.36591 0.42382
0.43044 0.41759 0.47535
0.65584 0.36279 0.48758
