20 20 1000 33767 23
0.05793 0.19718 0.71580
0.33723 0.82871 0.69602
0.80732 0.87242 0.83683
0.00953 0.45345 0.98200
0.45237 0.64203 0.30274
0.83129 0.73764 0.63454
0.67827 0.69773 0.69234
0.06938 0.32640 0.75182
0.79120 0.40262 0.78958
0.58100 0.72048 0.17066
0.38781 0.41191 0.26356
0.50051 0.86420 0.03950
0.57095 0.65069 0.57696
0.23614 0.64602 0.20024
0.60538 0.79634 0.93427
0.86091 0.13672 0.79429
0.21961 0.56117 0.04221
0.67205 0.46270 0.84237
0.81456 0.49115 0.14789
0.03361 0.18030 0.98945
0.44748 0.56336 0.65761
0.47841 0.54227 0.62130
0.49088 0.55276 0.65153
0.55021 0.57751 0.60796
0.49409 0.51382 0.58507
0.51112 0.51766 0.62110
0.55102 0.53014 0.63923
0.56304 0.63013 0.61707
0.51317 0.56455 0.51133
0.52960 0.55960 0.56490
0.51984 0.61644 0.61183
0.45753 0.51807 0.60718
0.52559 0.61416 0.50363
0.38416 0.55543 0.52305
0.49710 0.58905 0.54915
0.41405 0.50886 0.57860
0.43777 0.50804 0.55202
0.51589 0.62403 0.54524
0.51849 0.61288 0.61708
0.43980 0.51716 0.73731
0.45273 0.52206 0.53261
0.49072 0.55857 0.62500
0.50855 0.61707 0.61993
0.43574 0.58128 0.61276
0.48106 0.41858 0.64466
0.51793 0.58633 0.48282
0.40441 0.50966 0.52602
0.44460 0.51838 0.57520
0.45864 0.52326 0.57050
0.54825 0.59501 0.60062
0.39384 0.49498 0.59094
0.51920 0.61972 0.55644
0.44152 0.61752 0.59506
0.42115 0.46934 0.64812
0.55951 0.52111 0.58547
0.46105 0.51644 0.52424
0.36672 0.51785 0.71068
0.45803 0.53899 0.53724
0.44946 0.54327 0.46091
0.49132 0.54451 0.60417
0.46820 0.58776 0.54527
0.45805 0.56277 0.57614
0.43495 0.51605 0.50590
0.46241 0.55010 0.61797
0.47742 0.60103 0.66715
0.54748 0.58844 0.50556
0.37929 0.46119 0.67267
0.46649 0.54498 0.55704
0.44155 0.58476 0.48358
0.37722 0.53851 0.63607
0.61402 0.53614 0.54598
0.43747 0.61185 0.65856
0.49906 0.53760 0.63148
0.56592 0.56244 0.64833
0.44094 0.53491 0.68448
0.44059 0.62114 0.44161
0.48946 0.55555 0.65956
0.41573 0.53925 0.47433
0.47275 0.60576 0.59756
0.37394 0.55293 0.49857
0.45541 0.60781 0.59032
0.51031 0.54501 0.57302
0.52484 0.59355 0.58788
0.45618 0.57196 0.48001
0.42769 0.50223 0.70617
0.42697 0.56317 0.63550
0.47123 0.52158 0.50576
0.44496 0.55783 0.53417
0.37544 0.50056 0.65420
0.39590 0.49639 0.59624
0.47869 0.53941 0.60784
0.48448 0.56147 0.61044
0.47375 0.47786 0.54588
0.47779 0.60977 0.57428
0.53416 0.60114 0.55570
0.30596 0.42358 0.72940
0.41474 0.52633 0.51407
0.43491 0.58604 0.46151
0.55371 0.49800 0.68459
0.48939 0.56615 0.45951
0.50681 0.57585 0.62063
0.51636 0.59205 0.60990
0.52797 0.64876 0.61893
0.51779 0.56128 0.63242
0.43586 0.54711 0.64508
0.48422 0.58180 0.53440
0.41334 0.59680 0.48030
0.34184 0.54550 0.55954
0.44894 0.56491 0.50042
0.38068 0.48838 0.49319
0.51269 0.55822 0.47177
0.49523 0.50364 0.63481
0.50950 0.54898 0.63771
0.40425 0.49740 0.60096
0.46605 0.59625 0.58597
0.50943 0.56290 0.63539
0.58058 0.58580 0.50637
0.57279 0.47723 0.61728
0.59142 0.56511 0.63065
0.47465 0.54244 0.66126
0.44773 0.48011 0.58682
0.54182 0.59229 0.54710
0.49423 0.56322 0.54062
0.59123 0.64110 0.58606
0.54948 0.55874 0.70364
0.49042 0.57957 0.53784
0.38472 0.66021 0.41017
0.50090 0.62946 0.46266
0.57266 0.56557 0.48662
0.43147 0.48384 0.62198
0.33427 0.48324 0.69942
0.53796 0.48988 0.59655
0.39712 0.52767 0.54064
0.55345 0.53981 0.49631
0.56683 0.59374 0.62970
0.59782 0.59683 0.69112
0.50286 0.59445 0.45634
0.48998 0.60658 0.53418
0.57117 0.55193 0.65298
0.45424 0.56862 0.40390
0.46338 0.59479 0.47538
0.43982 0.52005 0.50324
0.44270 0.54750 0.62643
0.54171 0.58822 0.47633
0.53664 0.54090 0.57915
0.48552 0.53283 0.56158
0.40442 0.54838 0.51167
0.50964 0.61417 0.53001
0.53502 0.57496 0.62599
0.34354 0.45389 0.58555
0.57943 0.57455 0.58958
0.36081 0.55938 0.56172
0.48793 0.57296 0.58438
0.34096 0.45983 0.49988
0.45355 0.56768 0.53646
0.49189 0.58514 0.54844
0.43563 0.53432 0.52036
0.42892 0.51472 0.62378
0.40751 0.48151 0.56206
0.54062 0.64155 0.53067
0.43421 0.52096 0.57622
0.57577 0.49244 0.59289
0.50675 0.56692 0.59682
0.54502 0.53619 0.67710
0.61141 0.43832 0.56680
0.42834 0.49175 0.47066
0.36002 0.53147 0.54210
0.46083 0.49654 0.54914
0.43860 0.45617 0.68496
0.51193 0.51411 0.48034
0.43386 0.52653 0.60647
0.48592 0.63632 0.58240
0.58258 0.56205 0.58852
0.49408 0.62799 0.62707
0.47401 0.59205 0.54263
0.56959 0.54176 0.58678
0.48328 0.51982 0.49136
0.52181 0.63900 0.57983
0.51934 0.60560 0.55915
0.43302 0.54772 0.64583
0.46613 0.60145 0.57124
0.48183 0.51752 0.69158
0.49165 0.51827 0.71112
0.56725 0.60033 0.54178
0.60817 0.47913 0.52231
0.48214 0.52748 0.57879
0.40416 0.58458 0.45732
0.33012 0.53125 0.68606
0.46106 0.48931 0.64454
0.43301 0.53565 0.56053
0.61638 0.61013 0.68619
0.54791 0.66856 0.54707
0.41498 0.49356 0.65349
0.55300 0.49163 0.55594
0.55059 0.58248 0.46462
0.47247 0.58264 0.65035
0.46715 0.58019 0.51562
0.48636 0.56065 0.56454
0.47168 0.50522 0.53356
0.46939 0.55598 0.57977
0.51258 0.58876 0.67987
0.46807 0.49249 0.63374
0.35121 0.48149 0.59087
0.49325 0.57384 0.42927
0.45651 0.52571 0.50619
0.30347 0.49517 0.70707
0.57345 0.58948 0.56615
0.52808 0.53201 0.56045
0.44950 0.56420 0.59493
0.51710 0.57271 0.62241
0.51731 0.49918 0.62898
0.38019 0.50784 0.60005
0.47317 0.54863 0.53338
0.53819 0.59469 0.54833
0.45779 0.60771 0.59141
0.44391 0.56126 0.70425
0.43201 0.54771 0.59527
0.54733 0.59781 0.54881
0.67290 0.60355 0.59003
0.56191 0.57137 0.54334
0.43360 0.62098 0.49841
0.47470 0.54078 0.57187
0.33998 0.53397 0.45612
0.47219 0.59070 0.56148
0.55544 0.61565 0.57427
0.56765 0.46869 0.69599
0.49462 0.56096 0.56668
0.47184 0.57963 0.56666
0.41362 0.49465 0.73075
0.57803 0.52538 0.66578
0.47519 0.62254 0.46316
0.48695 0.49620 0.55864
0.43926 0.53451 0.66150
0.49349 0.57835 0.63272
0.48335 0.61122 0.62759
0.42440 0.57398 0.55843
0.53141 0.61298 0.51914
0.46185 0.59739 0.56664
0.44294 0.60808 0.55877
0.50734 0.55867 0.49615
0.43571 0.49728 0.65679
0.42908 0.55348 0.57797
0.41531 0.56103 0.48954
0.53306 0.60059 0.54507
0.63209 0.57625 0.54809
0.39636 0.49431 0.67240
0.42685 0.53813 0.64687
0.48451 0.54359 0.63104
0.48324 0.57334 0.62016
0.50300 0.58513 0.64718
0.34273 0.47225 0.62885
0.42989 0.59936 0.71961
0.47298 0.54560 0.45401
0.47762 0.64267 0.56276
0.44616 0.56611 0.48619
0.42212 0.47010 0.64271
0.44656 0.57880 0.43032
0.45981 0.58045 0.54458
0.55328 0.45998 0.57274
0.39509 0.52933 0.56557
0.46356 0.50497 0.65016
0.53492 0.54009 0.63581
0.55003 0.55122 0.49429
0.44701 0.56379 0.46554
0.45819 0.53834 0.55326
0.41293 0.53041 0.71223
0.49837 0.55238 0.63499
0.44891 0.54704 0.55841
0.50552 0.61204 0.62965
0.52920 0.50615 0.57865
0.45472 0.56806 0.56982
0.42696 0.56422 0.46053
0.46335 0.56058 0.59439
0.42969 0.46290 0.47201
0.51009 0.60421 0.47314
0.43998 0.55924 0.56808
0.48888 0.54703 0.64271
0.43423 0.56340 0.48114
0.35648 0.54089 0.52537
0.39991 0.53325 0.65065
0.36027 0.56066 0.49060
0.52420 0.63583 0.50264
0.48419 0.64200 0.50579
0.44276 0.50117 0.34950
0.45982 0.49513 0.64098
0.43296 0.61744 0.51250
0.46817 0.60062 0.47896
0.53086 0.47557 0.60440
0.45170 0.56111 0.53123
0.46299 0.51143 0.66287
0.59007 0.62789 0.55926
0.57034 0.54161 0.58360
0.49476 0.59358 0.58003
0.46263 0.53673 0.58781
0.46417 0.51879 0.55015
0.35768 0.54237 0.52060
0.61229 0.53294 0.48256
0.48696 0.54118 0.67098
0.53031 0.59445 0.53848
0.47856 0.55471 0.52732
0.50644 0.62392 0.54177
0.45710 0.55750 0.47893
0.46947 0.66257 0.54877
0.45122 0.55739 0.53973
0.35833 0.53591 0.58463
0.53807 0.67770 0.58196
0.45938 0.46533 0.57500
0.51104 0.55607 0.53246
0.43511 0.55023 0.65318
0.42468 0.42058 0.65170
0.61860 0.61122 0.54346
0.45257 0.52295 0.49571
0.50442 0.57114 0.54110
0.49734 0.58436 0.61069
0.49358 0.52022 0.56910
0.44522 0.50476 0.62838
0.51741 0.59440 0.50737
0.54539 0.67626 0.56003
0.46552 0.63328 0.49264
0.49819 0.62046 0.53875
0.45830 0.59424 0.41228
0.40724 0.58475 0.64732
0.54432 0.49587 0.64316
0.48597 0.57925 0.52074
0.51567 0.57199 0.54385
0.37987 0.44520 0.61085
0.41921 0.52024 0.51129
0.55119 0.65254 0.54243
0.56653 0.64185 0.45632
0.47443 0.59138 0.50613
0.46733 0.56128 0.62149
0.42576 0.49975 0.57927
0.50575 0.51592 0.58011
0.41209 0.55278 0.56875
0.49562 0.61266 0.56104
0.41765 0.45339 0.69904
0.56613 0.55959 0.62232
0.40627 0.51157 0.49024
0.50318 0.55610 0.56285
0.45053 0.53226 0.72751
0.52776 0.54206 0.43204
0.52911 0.60133 0.51248
0.59115 0.69071 0.67114
0.46866 0.59589 0.48296
0.48726 0.47528 0.63548
0.45221 0.48490 0.56416
0.39879 0.55771 0.64204
0.50217 0.57629 0.61735
0.54645 0.61455 0.57866
0.45040 0.58864 0.55696
0.45829 0.56471 0.60796
0.55923 0.63398 0.51374
0.50941 0.66025 0.53527
0.45573 0.54834 0.66787
0.44028 0.51554 0.63851
0.49968 0.58703 0.61865
0.42498 0.59116 0.57369
0.44565 0.48574 0.52574
0.42921 0.50570 0.57029
0.52648 0.63117 0.57894
0.51891 0.64769 0.57680
0.40618 0.49344 0.65594
0.54190 0.54016 0.52638
0.42203 0.48100 0.54680
0.43041 0.46212 0.51620
0.44362 0.50970 0.47647
0.49891 0.60917 0.52916
0.43666 0.63511 0.44705
0.44424 0.59550 0.57507
0.47096 0.53056 0.62670
0.50644 0.57495 0.61459
0.54998 0.56918 0.59871
0.55701 0.48578 0.65163
0.45225 0.57845 0.58758
0.48496 0.50496 0.59136
0.53281 0.49818 0.69034
0.53349 0.57664 0.45020
0.41619 0.58003 0.61305
0.47558 0.58836 0.56103
0.47915 0.56416 0.52683
0.32464 0.45951 0.59753
0.52422 0.57663 0.57868
0.46766 0.51475 0.62292
0.46169 0.52494 0.60502
0.46028 0.48205 0.50108
0.52278 0.60066 0.56046
0.43488 0.54470 0.55451
0.34185 0.58251 0.68081
0.44567 0.50555 0.52326
0.36451 0.49942 0.56636
0.41231 0.53345 0.63477
0.48561 0.61063 0.46895
0.37796 0.54536 0.46890
0.49271 0.61153 0.49342
0.46667 0.52901 0.63096
0.47456 0.59337 0.55257
0.46527 0.69237 0.48889
0.40263 0.57263 0.56194
0.60120 0.47795 0.60145
0.54880 0.54374 0.61152
0.52458 0.61712 0.50874
0.56047 0.55952 0.63325
0.41235 0.54765 0.55914
0.60024 0.64487 0.55380
0.45426 0.54721 0.55830
0.41625 0.57525 0.66359
0.41377 0.51765 0.66458
0.41188 0.54489 0.46753
0.46851 0.59992 0.63266
0.39588 0.53630 0.53219
0.50132 0.58328 0.56403
0.40456 0.51561 0.71837
0.61491 0.63809 0.53460
0.53260 0.56398 0.61527
0.42099 0.51550 0.64441
0.49351 0.57747 0.62671
0.42284 0.61685 0.41910
0.54930 0.51926 0.68230
0.50201 0.51828 0.48704
0.48950 0.52348 0.54433
0.55863 0.57874 0.59303
0.42011 0.57332 0.70119
0.45224 0.58465 0.54671
0.45535 0.58357 0.45571
0.46765 0.58975 0.54280
0.50385 0.46497 0.66876
0.55257 0.63249 0.39361
0.35960 0.50849 0.48953
0.35575 0.49378 0.61033
0.53539 0.55169 0.55045
0.52478 0.54338 0.59427
0.45547 0.50828 0.52035
0.56888 0.55459 0.55449
0.54735 0.61998 0.69376
0.48563 0.60377 0.48015
0.53657 0.58360 0.54350
0.49118 0.53234 0.65744
0.44905 0.59794 0.47643
0.53174 0.66179 0.37875
0.44419 0.48405 0.59879
0.51675 0.55984 0.53823
0.55238 0.49711 0.53025
0.47060 0.57608 0.50951
0.60393 0.55327 0.38271
0.50753 0.56339 0.56064
0.40317 0.44311 0.67899
0.39940 0.49193 0.56947
0.43165 0.47750 0.68489
0.57072 0.52876 0.66011
0.50805 0.50569 0.58364
0.45778 0.52812 0.61109
0.60022 0.62100 0.49378
0.58521 0.51943 0.64514
0.53936 0.56517 0.60111
0.42072 0.49704 0.62483
0.54645 0.56465 0.65868
0.49619 0.60589 0.64653
0.36722 0.56470 0.61546
0.49561 0.46129 0.59475
0.47166 0.57585 0.58939
0.30579 0.48082 0.71130
0.51638 0.55708 0.61188
0.39766 0.55057 0.48410
0.42811 0.50955 0.53385
0.49885 0.55233 0.51031
0.56947 0.53813 0.57135
0.45032 0.56683 0.56185
0.38697 0.54795 0.46009
0.50982 0.57144 0.57148
0.49549 0.44673 0.52945
0.55374 0.64022 0.62895
0.52751 0.61303 0.62848
0.49000 0.48987 0.64841
0.38411 0.42746 0.66946
0.49228 0.46267 0.48657
0.54163 0.58214 0.55251
0.41667 0.52726 0.62021
0.44154 0.53935 0.52892
0.37821 0.55805 0.58778
0.60073 0.53018 0.60266
0.55411 0.55827 0.66208
0.49376 0.62080 0.54568
0.58273 0.60107 0.62368
0.51941 0.48208 0.64471
0.55626 0.55239 0.49427
0.51509 0.65600 0.48213
0.52278 0.56970 0.56185
0.50220 0.62685 0.52354
0.42628 0.60249 0.47329
0.52535 0.61979 0.59536
0.37698 0.55940 0.63554
0.50667 0.55147 0.54316
0.52900 0.61366 0.61213
0.37708 0.58027 0.53733
0.48462 0.60546 0.67477
0.57187 0.47328 0.61057
0.47058 0.61357 0.63927
0.56507 0.55934 0.54052
0.50118 0.63044 0.49404
0.47396 0.60829 0.53443
0.51320 0.60907 0.64651
0.39529 0.50751 0.55238
0.47473 0.58561 0.49359
0.52442 0.52996 0.59932
0.49316 0.55570 0.58798
0.52496 0.59549 0.53116
0.52109 0.66169 0.43610
0.46740 0.58787 0.40967
0.39612 0.57048 0.40866
0.47105 0.53805 0.53424
0.49022 0.65332 0.54412
0.41421 0.50261 0.65119
0.45005 0.58985 0.58263
0.47969 0.59247 0.48498
0.37493 0.56292 0.60204
0.49839 0.55806 0.53043
0.47785 0.56989 0.53011
0.59218 0.58205 0.52152
0.40910 0.51728 0.56114
0.50088 0.57344 0.62791
0.43863 0.49794 0.64444
0.42418 0.46407 0.67454
0.42644 0.48117 0.60586
0.39523 0.57038 0.57300
0.48249 0.55816 0.59034
0.48929 0.57277 0.55680
0.48150 0.55089 0.64312
0.47181 0.48768 0.66790
0.49084 0.58554 0.57725
0.48505 0.54166 0.50347
0.49957 0.55306 0.50703
0.37075 0.49999 0.58442
0.44587 0.55864 0.47209
0.45332 0.56740 0.45562
0.37478 0.53679 0.53545
0.46727 0.55922 0.44354
0.53654 0.60076 0.42351
0.53380 0.49400 0.62734
0.37844 0.56360 0.52630
0.52784 0.56108 0.61684
0.45233 0.48216 0.59225
0.47331 0.58567 0.59607
0.49049 0.49033 0.52546
0.49597 0.46148 0.70605
0.46022 0.63091 0.52320
0.39994 0.52798 0.69847
0.53974 0.49130 0.65475
0.52346 0.61988 0.56939
0.38635 0.55889 0.40739
0.53699 0.56607 0.63682
0.51168 0.57043 0.59203
0.44087 0.59316 0.43082
0.44806 0.59207 0.60707
0.32846 0.42993 0.64518
0.57280 0.58015 0.67850
0.34572 0.46042 0.60996
0.48861 0.54285 0.46115
0.44990 0.58423 0.51433
0.51051 0.54262 0.59376
0.42614 0.52473 0.59806
0.40708 0.51619 0.61669
0.38144 0.51108 0.62683
0.45888 0.56902 0.60204
0.42222 0.50971 0.64179
0.47191 0.45352 0.55730
0.44560 0.49838 0.52455
0.50246 0.57857 0.53196
0.57253 0.51588 0.50886
0.62393 0.60309 0.71269
0.52483 0.61218 0.57041
0.54898 0.57496 0.59241
0.40468 0.52124 0.66879
0.47637 0.57969 0.55505
0.45695 0.50939 0.61509
0.41827 0.58644 0.68976
0.51075 0.65558 0.59357
0.38398 0.57724 0.36141
0.35912 0.48376 0.53121
0.51756 0.53097 0.66173
0.51318 0.55945 0.57919
0.51252 0.63982 0.54574
0.52934 0.51618 0.45731
0.51165 0.61888 0.61431
0.54773 0.44180 0.57382
0.46725 0.54676 0.48010
0.49642 0.48437 0.68994
0.57027 0.59860 0.71347
0.36187 0.44514 0.59706
0.47559 0.55896 0.63422
0.45826 0.50750 0.70529
0.38536 0.58824 0.54053
0.42685 0.49029 0.65626
0.46531 0.53023 0.56176
0.39070 0.52675 0.65829
0.39341 0.56257 0.67905
0.50281 0.64071 0.56707
0.45608 0.51954 0.66339
0.39427 0.53196 0.59025
0.47258 0.61962 0.54322
0.49480 0.57367 0.48644
0.44349 0.55028 0.54982
0.49286 0.54962 0.58196
0.54612 0.57383 0.60169
0.40158 0.49310 0.61076
0.48407 0.51692 0.61963
0.49123 0.56311 0.48759
0.46746 0.57646 0.57856
0.57039 0.55528 0.49982
0.42540 0.54554 0.61194
0.49364 0.61334 0.60702
0.47348 0.60304 0.60699
0.41473 0.42263 0.61118
0.37412 0.51018 0.58156
0.48853 0.48885 0.60619
0.43573 0.55197 0.46797
0.39595 0.49346 0.60942
0.50641 0.57148 0.62191
0.50939 0.54992 0.54287
0.51135 0.56828 0.63910
0.51134 0.54260 0.53328
0.40823 0.47054 0.56175
0.58288 0.62390 0.54593
0.59014 0.58409 0.48104
0.45347 0.54232 0.56336
0.48643 0.56039 0.58348
0.55002 0.61124 0.56956
0.39073 0.49200 0.60091
0.53054 0.67975 0.42493
0.47568 0.47270 0.62851
0.46261 0.57525 0.57706
0.42973 0.54492 0.58887
0.39318 0.56315 0.67553
0.42795 0.59778 0.62884
0.50897 0.52759 0.69850
0.44781 0.52109 0.51468
0.46539 0.48349 0.60060
0.51869 0.51134 0.58367
0.50349 0.55664 0.59617
0.49935 0.55173 0.43714
0.46232 0.57188 0.56909
0.46733 0.60844 0.57366
0.48228 0.54987 0.43550
0.41548 0.47393 0.61188
0.58447 0.61192 0.62805
0.45275 0.54330 0.55880
0.41468 0.48928 0.60525
0.48237 0.61740 0.65231
0.47512 0.58409 0.44483
0.55002 0.60478 0.54483
0.55352 0.65072 0.62112
0.57233 0.56564 0.46656
0.57182 0.64373 0.50443
0.42271 0.62965 0.66294
0.49301 0.60104 0.58866
0.48329 0.54409 0.51544
0.42128 0.52103 0.41907
0.42901 0.55675 0.62238
0.44759 0.56418 0.51605
0.51292 0.49514 0.58395
0.39007 0.47471 0.62548
0.58484 0.58355 0.62522
0.46591 0.56540 0.47428
0.44998 0.53450 0.45111
0.51315 0.61087 0.53360
0.38033 0.44514 0.57176
0.48574 0.65406 0.42143
0.49691 0.52227 0.50264
0.46139 0.51302 0.54539
0.45510 0.54458 0.57932
0.56540 0.68458 0.65540
0.43673 0.59376 0.55926
0.41907 0.54000 0.57617
0.56113 0.61537 0.58535
0.37900 0.49117 0.58715
0.48574 0.52630 0.48405
0.37832 0.49919 0.49739
0.44563 0.61440 0.54165
0.39835 0.46712 0.74771
0.45134 0.54372 0.57423
0.41563 0.55748 0.56649
0.34412 0.45545 0.51103
0.40129 0.62852 0.38872
0.43887 0.50707 0.65073
0.57589 0.59064 0.55466
0.38051 0.44503 0.73015
0.58929 0.56662 0.59021
0.53398 0.52606 0.55676
0.50865 0.46474 0.62138
0.48732 0.55400 0.48820
0.53293 0.62504 0.50778
0.40447 0.55505 0.56545
0.50398 0.54860 0.58211
0.51494 0.55325 0.64155
0.53839 0.60479 0.67944
0.47695 0.50725 0.65549
0.30026 0.44107 0.62550
0.37808 0.52759 0.43859
0.50625 0.59048 0.63254
0.33456 0.52297 0.63573
0.53356 0.58359 0.53946
0.48893 0.57589 0.65795
0.46995 0.58205 0.66838
0.47490 0.58473 0.55202
0.51484 0.58454 0.45949
0.43339 0.53723 0.54306
0.43665 0.58125 0.47851
0.42590 0.58084 0.55166
0.40541 0.52606 0.61774
0.51333 0.58683 0.46007
0.58214 0.55766 0.57953
0.50503 0.58248 0.52446
0.54727 0.53703 0.60326
0.40182 0.60753 0.64340
0.48812 0.60957 0.47882
0.50760 0.58077 0.57195
0.57434 0.56180 0.50970
0.58609 0.58534 0.52421
0.47081 0.52990 0.66436
0.42514 0.47053 0.57609
0.39873 0.58260 0.41108
0.37701 0.53653 0.61246
0.42696 0.55088 0.65180
0.37891 0.53541 0.60644
0.50979 0.56330 0.55856
0.55349 0.62855 0.59943
0.40024 0.52810 0.56738
0.42317 0.59955 0.61503
0.57215 0.62864 0.57157
0.40493 0.44582 0.63339
0.50218 0.57808 0.53249
0.35244 0.54912 0.51651
0.41154 0.52231 0.52308
0.55353 0.53258 0.61985
0.43186 0.52155 0.60915
0.50529 0.53963 0.60860
0.37255 0.55099 0.68442
0.50632 0.57591 0.56218
0.48678 0.56102 0.54764
0.61526 0.51742 0.57284
0.55176 0.52621 0.45251
0.50329 0.56117 0.49981
0.29473 0.51230 0.71379
0.40969 0.54898 0.66570
0.46158 0.52127 0.49739
0.48373 0.63947 0.46498
0.42170 0.50134 0.58779
0.41657 0.59270 0.55048
0.51477 0.54208 0.58879
0.48658 0.56943 0.54436
0.43402 0.62086 0.46545
0.49230 0.60374 0.56763
0.47790 0.52478 0.57599
0.44924 0.55990 0.46782
0.45117 0.56232 0.66588
0.54238 0.51794 0.65194
0.43797 0.55035 0.46351
0.41046 0.60001 0.65623
0.45184 0.50074 0.64016
0.43905 0.50135 0.53231
0.46880 0.61547 0.57741
0.54389 0.57788 0.62851
0.48306 0.54208 0.66401
0.39552 0.53994 0.54401
0.42671 0.49283 0.56231
0.40019 0.54561 0.56442
0.39693 0.47403 0.61337
0.44283 0.53062 0.58896
0.45361 0.49270 0.62121
0.45714 0.54688 0.49256
0.43260 0.48862 0.63405
0.37301 0.52679 0.68357
0.32403 0.54375 0.61825
0.53498 0.65130 0.56644
0.49791 0.60985 0.53764
0.52208 0.58177 0.41985
0.42835 0.46751 0.54259
0.42346 0.50949 0.70752
0.45899 0.55800 0.55841
0.44054 0.55518 0.58962
0.60441 0.61174 0.61862
0.50779 0.53379 0.59728
0.32777 0.54926 0.55865
0.45347 0.51521 0.55012
0.40685 0.54941 0.44099
0.56455 0.52845 0.59313
0.49046 0.60027 0.62707
0.47264 0.65409 0.45725
0.49689 0.54827 0.52297
0.52000 0.57375 0.64073
0.47426 0.64910 0.38966
0.45757 0.56973 0.56074
0.39557 0.52689 0.59517
0.51114 0.49194 0.58522
0.51121 0.62327 0.44624
0.56378 0.48826 0.63753
0.45428 0.61668 0.44121
0.46739 0.52399 0.73128
0.50398 0.56849 0.63377
0.45494 0.53839 0.54557
0.46222 0.58934 0.42680
0.52440 0.56293 0.40843
0.50321 0.60555 0.43514
0.45828 0.58594 0.61130
0.51452 0.53245 0.61793
0.40239 0.53925 0.64438
0.39232 0.57175 0.42750
0.50665 0.55386 0.65818
0.54138 0.60497 0.66100
0.45125 0.49566 0.62392
0.51889 0.52228 0.64822
0.38149 0.49867 0.60821
0.47072 0.61660 0.61546
0.49218 0.63366 0.46001
0.42178 0.57394 0.41546
0.53888 0.64060 0.50466
0.45084 0.52213 0.50035
0.48445 0.57782 0.59541
0.47557 0.55963 0.60377
0.40734 0.52399 0.57180
0.44128 0.52657 0.46895
0.49427 0.58429 0.43846
0.47671 0.53149 0.53386
0.36981 0.59303 0.66520
0.40795 0.45350 0.62487
0.40203 0.55446 0.49261
0.38517 0.58777 0.58311
0.43711 0.55833 0.46486
0.50362 0.56183 0.54886
0.59675 0.52270 0.61421
0.31356 0.49762 0.68818
0.44697 0.56691 0.65244
0.45640 0.47924 0.58826
0.52723 0.55572 0.53473
0.49563 0.58438 0.61346
0.50391 0.58976 0.54258
0.35542 0.48168 0.54415
0.53052 0.56203 0.51374
0.35399 0.52774 0.58833
0.46840 0.60110 0.62319
0.40540 0.52189 0.64603
0.47002 0.49247 0.58973
0.48300 0.53542 0.58999
0.45079 0.57391 0.59406
0.49281 0.50785 0.46060
0.50448 0.63573 0.44186
0.50372 0.53482 0.60821
0.50396 0.58765 0.69446
0.44825 0.49755 0.64058
0.48600 0.62051 0.61172
0.40526 0.51863 0.55814
0.44339 0.52941 0.61304
0.39873 0.47366 0.57229
0.40537 0.56410 0.57166
0.46915 0.63145 0.60511
0.53626 0.43792 0.59456
0.45178 0.62872 0.51917
0.42345 0.51208 0.61493
0.45144 0.51130 0.57182
0.53535 0.57519 0.54745
0.48646 0.59081 0.49507
0.54290 0.54632 0.59628
0.48318 0.54409 0.54709
0.44658 0.54955 0.52472
0.54152 0.62885 0.51444
0.34987 0.49806 0.48137
0.47393 0.55944 0.52698
0.58086 0.56037 0.52913
0.42068 0.55078 0.62356
0.52911 0.61320 0.41050
0.57724 0.53441 0.66497
0.39402 0.54609 0.51530
0.46645 0.54788 0.55302
0.38583 0.53072 0.63432
0.52098 0.60524 0.50936
0.58432 0.60496 0.61966
0.52377 0.62798 0.50726
0.55783 0.58623 0.53693
0.52184 0.58072 0.46671
0.37489 0.50741 0.51727
0.50052 0.53776 0.65089
0.56799 0.63101 0.70159
0.45665 0.51970 0.65800
0.46729 0.54553 0.56651
0.51520 0.52450 0.48787
0.44519 0.61720 0.56224
0.46352 0.57204 0.54388
0.52096 0.61235 0.61607
0.57362 0.56948 0.65530
0.41440 0.53758 0.49787
0.45284 0.52639 0.52626
0.49588 0.50877 0.49786
0.38987 0.53896 0.64806
0.57243 0.52807 0.58087
0.45226 0.58608 0.61516
0.58427 0.56291 0.57715
0.30662 0.44007 0.72819
0.42510 0.58076 0.55275
0.53675 0.58091 0.68504
0.45285 0.53105 0.55443
0.45306 0.63320 0.39724
0.41407 0.62606 0.43826
0.54024 0.49708 0.65390
0.42539 0.55665 0.52561
0.45509 0.55043 0.57701
0.58248 0.64668 0.51747
0.53027 0.62564 0.59056
0.48790 0.52408 0.53560
0.57130 0.53890 0.55488
0.51130 0.62877 0.43587
0.42116 0.53548 0.58943
0.49312 0.59902 0.40620
0.46165 0.57034 0.63311
0.44119 0.58052 0.58624
0.47913 0.47081 0.49105
0.56916 0.59591 0.52370
0.52069 0.57508 0.62382
0.55983 0.61118 0.42702
0.46161 0.54190 0.47962
0.49006 0.55351 0.51254
0.53036 0.64223 0.46159
0.48045 0.59339 0.50802
0.38167 0.49500 0.51455
0.50865 0.61014 0.50375
0.57577 0.51154 0.57598
0.37032 0.44636 0.63214
0.44352 0.56081 0.45382
0.61189 0.52207 0.65799
0.38422 0.56797 0.35333
0.52907 0.59127 0.56657
0.41488 0.56705 0.45351
0.53095 0.49024 0.59426
0.49254 0.47771 0.63550
0.59577 0.53896 0.60648
0.49150 0.55262 0.61784
0.41359 0.58701 0.58815
0.45862 0.54884 0.53310
0.35542 0.48784 0.57735
0.54160 0.60461 0.50466
0.51110 0.60442 0.35364
0.49349 0.53663 0.55479
0.30164 0.51261 0.54877
0.48974 0.60506 0.64229
0.49720 0.61062 0.52389
0.42794 0.55024 0.62518
0.37551 0.44905 0.64673
0.43524 0.56166 0.57485
0.45256 0.55300 0.60874
0.54009 0.52564 0.66429
0.58415 0.54287 0.53752
0.43157 0.52665 0.53299
0.47914 0.56771 0.58235
0.50011 0.51807 0.62726
0.46778 0.55230 0.47377
0.42507 0.47197 0.55886
0.45841 0.49433 0.59522
0.47845 0.56645 0.58090
0.48216 0.61094 0.46860
0.47201 0.56915 0.51480
0.51089 0.58986 0.50994
0.44899 0.47634 0.45851
0.46998 0.57063 0.51643
0.38141 0.67145 0.42387
0.46647 0.56601 0.56143
0.50090 0.58597 0.41421
0.47873 0.53398 0.51608
0.44789 0.51447 0.61916
0.44467 0.58102 0.53017
0.53547 0.60092 0.41570
0.48301 0.58228 0.54664
0.52074 0.59769 0.51693
0.54064 0.57412 0.51058
0.47855 0.56371 0.55581
0.46402 0.58224 0.45945
0.47724 0.59325 0.62472
0.37902 0.46962 0.70486
0.46010 0.61297 0.61837
0.49685 0.57829 0.58219
0.46758 0.56252 0.63317
0.48917 0.53333 0.62199
0.44223 0.53897 0.54858
0.55585 0.56807 0.42960
0.42603 0.55314 0.59360
0.40536 0.54205 0.66323
0.57684 0.57444 0.67224
0.45195 0.52261 0.54377
0.40941 0.52322 0.61045
0.52595 0.55283 0.57573
0.41283 0.51252 0.54588
0.47501 0.57340 0.58134
0.52874 0.61345 0.51744
0.50431 0.55312 0.57798
0.44466 0.53153 0.57941
0.53112 0.50460 0.55582
0.45319 0.56180 0.53446
0.39562 0.58575 0.50311
0.47193 0.47268 0.69238
0.44777 0.53494 0.64023
0.44646 0.55704 0.55334
0.48663 0.51262 0.67308
0.35471 0.50266 0.53908
0.35964 0.56636 0.59723
0.53367 0.56989 0.66262
0.52850 0.54119 0.48216
0.49362 0.50857 0.55306
0.40676 0.58929 0.59628
0.52518 0.56846 0.57674
0.60314 0.49364 0.59698
0.53253 0.58813 0.58531
0.40670 0.49430 0.59724
0.55959 0.61403 0.71131
0.45552 0.54015 0.64788
0.41193 0.59754 0.49191
0.54032 0.58216 0.59511
0.48950 0.58936 0.50818
0.54375 0.61222 0.60353
0.48197 0.50929 0.54392
0.51641 0.55589 0.53676
0.46405 0.58948 0.46735
0.50297 0.55576 0.57221
0.45891 0.47681 0.57890
