20 7 1000 23650 4762
0.17295 0.83647 0.98034
0.35214 0.10142 0.12851
0.34090 0.48519 0.20430
0.56040 0.50500 0.11752
0.67040 0.16071 0.72973
0.04513 0.23023 0.46863
0.12854 0.94224 0.14412
0.31138 0.42241 0.57265
0.38197 0.45570 0.43334
0.21149 0.41255 0.43280
0.22646 0.67556 0.42507
0.27345 0.66941 0.26601
0.26665 0.53012 0.29987
0.39020 0.41195 0.40456
0.31474 0.37523 0.32210
0.34230 0.38472 0.33702
0.35312 0.59229 0.26829
0.29170 0.43962 0.41211
0.31273 0.32088 0.36348
0.30327 0.57445 0.52640
0.49373 0.28351 0.47618
0.15564 0.37228 0.51943
0.40542 0.51751 0.42422
0.29595 0.53027 0.47478
0.42517 0.41384 0.47250
0.34403 0.28023 0.26608
0.39586 0.49304 0.35639
0.34000 0.44587 0.55535
0.39228 0.34630 0.38786
0.25694 0.50616 0.25581
0.36734 0.23803 0.52418
0.30403 0.31194 0.45441
0.30928 0.45664 0.38814
0.37911 0.33280 0.20360
0.26688 0.46077 0.32575
0.27388 0.43789 0.28608
0.39712 0.41733 0.43591
0.44340 0.44408 0.48949
0.29088 0.49836 0.33307
0.36760 0.27976 0.36299
0.19491 0.39364 0.40521
0.27408 0.35236 0.42207
0.26322 0.39547 0.39644
0.28290 0.55854 0.33514
0.35582 0.32670 0.23254
0.26122 0.62706 0.28550
0.37342 0.40795 0.26703
0.39631 0.51536 0.23911
0.51859 0.36719 0.46310
0.36133 0.51108 0.27274
0.29350 0.69728 0.40133
0.31753 0.37622 0.49634
0.31470 0.43135 0.33288
0.39858 0.43721 0.59656
0.25969 0.62452 0.28776
0.22447 0.47239 0.39590
0.33677 0.38314 0.29757
0.34992 0.45432 0.33366
0.30695 0.44138 0.49506
0.40077 0.36141 0.52038
0.27983 0.60738 0.38040
0.27810 0.45646 0.34662
0.26230 0.49274 0.22713
0.34858 0.33002 0.33393
0.36887 0.32568 0.47071
0.24407 0.50555 0.32144
0.18429 0.39197 0.43174
0.24566 0.66727 0.29688
0.22735 0.64577 0.25561
0.31081 0.53902 0.30744
0.52998 0.24388 0.54805
0.36738 0.59365 0.31538
0.43007 0.53227 0.40190
0.25958 0.66631 0.40710
0.39087 0.39334 0.56364
0.25220 0.48428 0.43339
0.35033 0.41459 0.45559
0.20870 0.54943 0.56138
0.37900 0.47568 0.46769
0.29466 0.38476 0.42275
0.33131 0.65221 0.36084
0.33503 0.42200 0.38470
0.26961 0.56743 0.41904
0.23062 0.62062 0.58399
0.36295 0.32454 0.23919
0.26190 0.63838 0.40265
0.28384 0.62702 0.36267
0.33840 0.53645 0.33936
0.41883 0.23475 0.57989
0.27456 0.61825 0.22412
0.41640 0.46810 0.26480
0.29618 0.44707 0.38746
0.41481 0.43771 0.37050
0.41484 0.55722 0.33361
0.27245 0.50922 0.33640
0.29664 0.51655 0.24026
0.24980 0.61682 0.39091
0.34954 0.29143 0.26414
0.48853 0.31025 0.39398
0.38615 0.25336 0.31506
0.34220 0.32442 0.29439
0.17356 0.36236 0.47827
0.31537 0.57051 0.41126
0.29210 0.56897 0.53168
0.43818 0.44785 0.40699
0.36559 0.26008 0.33970
0.22343 0.30528 0.41585
0.25608 0.56341 0.53525
0.39566 0.50356 0.30492
0.37533 0.47273 0.31631
0.25092 0.53452 0.42221
0.31459 0.43706 0.30064
0.21472 0.28234 0.33425
0.18899 0.52126 0.50166
0.33644 0.47815 0.61136
0.34988 0.53385 0.38950
0.42684 0.32573 0.37138
0.22569 0.74004 0.24105
0.18640 0.61702 0.27747
0.24367 0.37823 0.38114
0.36628 0.49812 0.42474
0.30586 0.39810 0.48254
0.27444 0.33982 0.38554
0.46307 0.47197 0.33105
0.38568 0.44449 0.27684
0.22571 0.46870 0.52175
0.36055 0.56227 0.56095
0.29296 0.67277 0.60237
0.40811 0.28014 0.52675
0.37735 0.51245 0.42991
0.25225 0.52442 0.45284
0.32747 0.37160 0.30844
0.29698 0.43956 0.38028
0.44036 0.31321 0.55253
0.27999 0.55751 0.53011
0.37570 0.38930 0.41336
0.31414 0.36890 0.37265
0.19695 0.75190 0.48539
0.40205 0.27500 0.44455
0.32522 0.56665 0.48496
0.26488 0.63916 0.59301
0.29052 0.56053 0.42572
0.38108 0.53662 0.32499
0.27800 0.71527 0.30084
0.32117 0.52621 0.39809
0.38244 0.39063 0.49288
0.31927 0.33921 0.40224
0.26708 0.45050 0.40539
0.37714 0.32312 0.27542
0.26951 0.53553 0.34197
0.21392 0.51610 0.58531
0.33322 0.51022 0.40758
0.28101 0.58205 0.49172
0.31676 0.41878 0.20397
0.17757 0.44086 0.39161
0.39421 0.46367 0.40568
0.27111 0.57647 0.35915
0.35208 0.48883 0.45434
0.29608 0.33672 0.45187
0.23337 0.46309 0.42749
0.40518 0.41531 0.24265
0.44071 0.42970 0.28357
0.29935 0.37708 0.26690
0.26705 0.44835 0.46411
0.36917 0.42244 0.59388
0.28539 0.41483 0.35315
0.41687 0.39461 0.49505
0.26039 0.48772 0.46865
0.35811 0.40463 0.45021
0.34415 0.34061 0.52460
0.28650 0.45789 0.20918
0.32526 0.52278 0.18927
0.41667 0.40140 0.54808
0.44263 0.45615 0.54840
0.34146 0.47539 0.51314
0.34915 0.44215 0.53491
0.29102 0.50593 0.43331
0.29574 0.52296 0.38028
0.46479 0.49113 0.16173
0.24344 0.33299 0.35320
0.47427 0.35544 0.23438
0.27455 0.57267 0.63480
0.35601 0.37650 0.43493
0.38579 0.49101 0.43950
0.18384 0.68875 0.25265
0.19536 0.78364 0.36435
0.32605 0.47966 0.49563
0.37159 0.39134 0.22782
0.41811 0.56257 0.29981
0.26603 0.56509 0.33802
0.28931 0.64066 0.26975
0.33751 0.47539 0.41141
0.29093 0.36749 0.34098
0.23537 0.37853 0.45307
0.31280 0.33988 0.30536
0.32704 0.54362 0.46804
0.25354 0.42098 0.33591
0.22586 0.54941 0.48216
0.29493 0.63392 0.39017
0.28625 0.45299 0.48854
0.37265 0.38002 0.49841
0.34723 0.64168 0.22614
0.28963 0.68251 0.43922
0.32717 0.58916 0.57059
0.24893 0.67114 0.64178
0.33645 0.53630 0.33046
0.31311 0.45634 0.40897
0.28032 0.62770 0.44929
0.26250 0.61868 0.25013
0.24529 0.48502 0.39369
0.34050 0.32127 0.46697
0.27893 0.38571 0.30992
0.29789 0.55743 0.42954
0.34419 0.45825 0.42977
0.43354 0.47243 0.35207
0.36695 0.37890 0.30320
0.15436 0.50903 0.48920
0.33513 0.53445 0.48354
0.40641 0.47485 0.34574
0.32870 0.50169 0.25752
0.29355 0.64321 0.47696
0.35214 0.31728 0.44182
0.42757 0.48563 0.48553
0.22267 0.35870 0.53050
0.15332 0.54612 0.42132
0.21057 0.78206 0.36867
0.45495 0.45346 0.37757
0.47296 0.38221 0.50300
0.32264 0.53582 0.33675
0.31669 0.51028 0.36536
0.31873 0.24680 0.23415
0.42599 0.42689 0.24859
0.22493 0.52334 0.62395
0.28628 0.57430 0.41257
0.31847 0.47389 0.34883
0.53166 0.22303 0.49742
0.27270 0.55846 0.32978
0.37987 0.48952 0.33398
0.42542 0.44324 0.64977
0.43242 0.44358 0.24299
0.38517 0.34197 0.54447
0.33473 0.27932 0.25423
0.38732 0.41197 0.25160
0.28773 0.55370 0.35627
0.28410 0.63564 0.41122
0.30813 0.47340 0.28018
0.26099 0.59090 0.55328
0.27176 0.41478 0.38094
0.26736 0.61953 0.23096
0.38695 0.36244 0.38715
0.31768 0.61978 0.62092
0.27752 0.42124 0.36171
0.34402 0.47075 0.46821
0.31915 0.41883 0.37755
0.31676 0.54245 0.39398
0.25075 0.35685 0.42232
0.30122 0.64741 0.25770
0.39236 0.61814 0.18898
0.38629 0.49319 0.47998
0.23005 0.60805 0.58587
0.37119 0.38872 0.35119
0.27313 0.47585 0.46716
0.24069 0.38202 0.32460
0.24527 0.43539 0.41378
0.37094 0.46753 0.34506
0.35917 0.44784 0.43687
0.42722 0.48774 0.39873
0.26947 0.53490 0.45886
0.35478 0.44913 0.43293
0.31223 0.62587 0.46737
0.27356 0.45880 0.34425
0.34601 0.32495 0.42749
0.28735 0.56727 0.31986
0.26139 0.51956 0.22449
0.21829 0.59000 0.30922
0.44872 0.42645 0.40550
0.25281 0.49023 0.31582
0.37476 0.25313 0.35721
0.31235 0.24145 0.47886
0.24169 0.57959 0.50647
0.39310 0.30906 0.28258
0.32713 0.48360 0.32636
0.37073 0.46089 0.47637
0.38799 0.42799 0.33067
0.32043 0.49158 0.47106
0.42088 0.38413 0.29799
0.28754 0.62376 0.42418
0.42569 0.36217 0.47795
0.26922 0.51109 0.49758
0.35059 0.42988 0.44313
0.44665 0.35824 0.50132
0.35449 0.36512 0.35885
0.37273 0.45156 0.59328
0.32203 0.27207 0.35010
0.33256 0.47633 0.34858
0.36942 0.52223 0.33599
0.37807 0.41818 0.52432
0.34272 0.25900 0.29679
0.40108 0.55193 0.35715
0.20931 0.69942 0.40184
0.31553 0.50376 0.27274
0.23110 0.72075 0.60786
0.36036 0.38572 0.30016
0.31211 0.54613 0.25726
0.39082 0.49232 0.47123
0.34723 0.43302 0.52100
0.39349 0.44222 0.32029
0.34974 0.48554 0.46315
0.25778 0.41550 0.37385
0.31844 0.48466 0.36079
0.36314 0.24223 0.27572
0.35627 0.38273 0.36202
0.34805 0.42309 0.30199
0.36725 0.31055 0.40473
0.29166 0.45667 0.36532
0.41277 0.28729 0.43447
0.24801 0.32356 0.43702
0.43506 0.31318 0.41279
0.44240 0.46164 0.40435
0.24115 0.44459 0.34000
0.22972 0.60862 0.24255
0.29929 0.47878 0.26752
0.29705 0.35364 0.40272
0.28780 0.41717 0.53574
0.41376 0.41065 0.55953
0.23988 0.27880 0.34539
0.21684 0.28905 0.38783
0.35157 0.41535 0.28845
0.36404 0.21863 0.23422
0.30388 0.35935 0.33971
0.28503 0.61375 0.28546
0.33006 0.42052 0.41731
0.31808 0.49521 0.47083
0.30875 0.33779 0.32061
0.44391 0.51462 0.36845
0.30848 0.52416 0.36008
0.34317 0.33702 0.36991
0.39265 0.45956 0.48347
0.28819 0.49141 0.44995
0.34464 0.61107 0.27228
0.19147 0.44252 0.46846
0.26133 0.46338 0.23334
0.38611 0.29382 0.46044
0.28141 0.51446 0.37670
0.38780 0.39267 0.61707
0.46488 0.39174 0.41380
0.37240 0.50013 0.26046
0.35087 0.48699 0.33464
0.44826 0.40445 0.47518
0.22810 0.61552 0.58281
0.27702 0.47766 0.39059
0.20591 0.65027 0.22174
0.34840 0.48183 0.38957
0.40582 0.44429 0.51821
0.31655 0.42020 0.30399
0.41390 0.41421 0.17531
0.37742 0.45170 0.47915
0.28175 0.53343 0.35145
0.41989 0.47144 0.30007
0.37129 0.53017 0.55209
0.35135 0.35815 0.34753
0.40187 0.41952 0.31923
0.28822 0.36642 0.39373
0.32495 0.53110 0.68171
0.32640 0.49748 0.42005
0.12210 0.42613 0.38530
0.25844 0.59037 0.42133
0.38785 0.29286 0.24410
0.40956 0.40817 0.36638
0.36509 0.47525 0.41349
0.35869 0.33488 0.34761
0.29757 0.53164 0.52670
0.32110 0.41353 0.40152
0.30718 0.51057 0.25053
0.41592 0.32464 0.50197
0.39662 0.48158 0.39944
0.40165 0.41932 0.21552
0.33622 0.54948 0.38521
0.33546 0.53446 0.32401
0.35378 0.38047 0.27541
0.31968 0.39063 0.23216
0.41988 0.31814 0.54259
0.40027 0.23971 0.48096
0.32002 0.32962 0.51903
0.33416 0.63621 0.50866
0.38946 0.45583 0.53759
0.33256 0.48236 0.42543
0.29310 0.36855 0.37163
0.28862 0.68895 0.51734
0.20742 0.61039 0.36690
0.34653 0.25499 0.36675
0.35949 0.50506 0.41553
0.35314 0.46687 0.39254
0.35425 0.45197 0.35207
0.41884 0.32545 0.57202
0.32820 0.31535 0.39414
0.43808 0.34567 0.43842
0.29520 0.55535 0.28406
0.34090 0.42646 0.44995
0.21849 0.64432 0.44949
0.28621 0.36863 0.38214
0.41414 0.44005 0.24247
0.43664 0.36119 0.56534
0.21617 0.69334 0.43623
0.40940 0.47516 0.39560
0.44182 0.35481 0.34922
0.41649 0.23307 0.52783
0.27252 0.38726 0.32079
0.23679 0.48781 0.37470
0.26393 0.29538 0.31959
0.34015 0.55690 0.29091
0.33729 0.45637 0.33108
0.30123 0.39431 0.32633
0.25561 0.52258 0.46745
0.35796 0.54914 0.42769
0.26142 0.63138 0.64396
0.30433 0.35610 0.37218
0.33255 0.48404 0.38892
0.28370 0.54688 0.39436
0.41020 0.51925 0.23471
0.36079 0.49648 0.49054
0.47126 0.38662 0.47577
0.33329 0.34080 0.39122
0.36729 0.45377 0.50610
0.28970 0.51887 0.29118
0.26616 0.48939 0.58767
0.34946 0.35178 0.48489
0.31794 0.61780 0.29776
0.26155 0.41843 0.35665
0.51930 0.37465 0.54925
0.24093 0.65217 0.38558
0.33434 0.61214 0.31121
0.37475 0.35970 0.31732
0.25995 0.57179 0.27030
0.38607 0.31051 0.39859
0.23269 0.43277 0.47538
0.25776 0.54469 0.33430
0.28368 0.39205 0.33859
0.29698 0.42349 0.27798
0.31444 0.35565 0.29112
0.25664 0.56448 0.35660
0.24141 0.55047 0.24614
0.46219 0.50526 0.29120
0.37523 0.41193 0.50125
0.22148 0.51182 0.52558
0.40473 0.40256 0.55109
0.21441 0.58988 0.32336
0.28599 0.54291 0.35178
0.30621 0.49880 0.40896
0.41940 0.51270 0.48087
0.26474 0.30940 0.35788
0.26333 0.56147 0.34189
0.34910 0.41256 0.31745
0.32185 0.30884 0.37757
0.36780 0.37610 0.28468
0.35253 0.44276 0.22403
0.26717 0.38854 0.50151
0.20729 0.62485 0.50081
0.11649 0.33260 0.40000
0.32413 0.32647 0.42749
0.21402 0.60647 0.51812
0.28062 0.57958 0.26691
0.25872 0.42463 0.43766
0.34520 0.31996 0.50750
0.37479 0.37157 0.41820
0.31695 0.54650 0.62199
0.26228 0.51420 0.26648
0.42336 0.45793 0.41883
0.38233 0.44037 0.31157
0.45313 0.46221 0.23352
0.34264 0.34797 0.37212
0.33022 0.55749 0.40930
0.38516 0.49557 0.28752
0.32139 0.34807 0.50054
0.46824 0.34114 0.43359
0.41251 0.29903 0.42494
0.36685 0.26770 0.41583
0.35885 0.46241 0.36420
0.29836 0.46328 0.46207
0.37370 0.51593 0.52601
0.37465 0.48426 0.57388
0.19966 0.57614 0.44887
0.26286 0.40946 0.33434
0.29055 0.54070 0.53042
0.28804 0.55644 0.45644
0.48807 0.42625 0.51050
0.27019 0.27383 0.47890
0.29712 0.59069 0.30027
0.39119 0.32919 0.52930
0.28080 0.52241 0.51420
0.35039 0.57109 0.79249
0.45404 0.42536 0.49009
0.36679 0.53592 0.46462
0.30122 0.50929 0.36153
0.38191 0.36447 0.27179
0.48258 0.34496 0.44533
0.42170 0.38713 0.54935
0.30918 0.58425 0.21234
0.29678 0.52439 0.26951
0.38855 0.42004 0.48635
0.36850 0.39563 0.39433
0.25426 0.44058 0.33075
0.24391 0.56909 0.40602
0.32979 0.43933 0.44960
0.39992 0.47249 0.40874
0.37725 0.45834 0.50145
0.25717 0.50801 0.27208
0.42156 0.31333 0.56005
0.34988 0.48142 0.42222
0.28755 0.57151 0.43967
0.24039 0.32631 0.38825
0.35715 0.36105 0.21888
0.48234 0.52549 0.25261
0.35942 0.41105 0.29694
0.30379 0.61297 0.50807
0.36392 0.50465 0.50935
0.38908 0.54518 0.39480
0.37226 0.50854 0.34581
0.22582 0.61010 0.44594
0.34394 0.41638 0.46887
0.38317 0.28801 0.44105
0.25146 0.57684 0.28232
0.28438 0.67354 0.19046
0.35965 0.54066 0.55392
0.36317 0.56353 0.48074
0.37694 0.51773 0.32454
0.30556 0.30199 0.28265
0.24103 0.62674 0.43151
0.41487 0.38126 0.28157
0.29893 0.38547 0.35380
0.18345 0.44942 0.38173
0.34365 0.37797 0.24969
0.42769 0.30416 0.47874
0.25249 0.43266 0.36578
0.15154 0.73261 0.24968
0.26178 0.42218 0.37017
0.33223 0.43223 0.24484
0.38013 0.41249 0.32729
0.31811 0.48076 0.42069
0.28613 0.36556 0.40628
0.26293 0.34164 0.37531
0.35977 0.47696 0.37672
0.21799 0.59195 0.63140
0.29277 0.48657 0.33347
0.31440 0.57618 0.44649
0.25382 0.63218 0.35467
0.30051 0.46638 0.32413
0.17073 0.46172 0.34324
0.40143 0.39668 0.50002
0.36443 0.31259 0.29716
0.44865 0.38868 0.63689
0.20735 0.56521 0.65851
0.29895 0.36380 0.32534
0.28489 0.53440 0.56557
0.36830 0.58681 0.28945
0.32571 0.39911 0.36274
0.45111 0.39022 0.41168
0.25079 0.61392 0.69574
0.28837 0.31569 0.31750
0.32463 0.33954 0.33479
0.25149 0.51481 0.25831
0.33989 0.51407 0.47417
0.38035 0.63889 0.42170
0.29845 0.45276 0.43445
0.20105 0.65204 0.56647
0.20515 0.74009 0.73900
0.22151 0.67124 0.68734
0.38108 0.45940 0.27377
0.24100 0.49066 0.30103
0.27038 0.63128 0.37531
0.29590 0.56181 0.29578
0.29540 0.58092 0.44946
0.30244 0.58199 0.58704
0.23442 0.34882 0.42912
0.36726 0.57683 0.31865
0.32711 0.58712 0.41152
0.32562 0.53535 0.25490
0.35941 0.25012 0.20567
0.29103 0.50239 0.46110
0.33670 0.39977 0.50500
0.20626 0.51569 0.37567
0.27986 0.70046 0.36854
0.46752 0.51073 0.21431
0.25059 0.58516 0.25426
0.25517 0.55443 0.36698
0.41614 0.28435 0.31506
0.21507 0.59416 0.30850
0.37084 0.49794 0.18767
0.41894 0.38678 0.36904
0.31700 0.50428 0.34868
0.31489 0.41255 0.28092
0.30494 0.35874 0.46128
0.38962 0.39703 0.38608
0.30074 0.51696 0.38135
0.29027 0.41345 0.35910
0.39637 0.41805 0.29335
0.38846 0.46908 0.45387
0.30587 0.30352 0.49407
0.35347 0.27914 0.49430
0.26504 0.59082 0.22628
0.40194 0.34976 0.56955
0.43788 0.36811 0.44662
0.38440 0.43194 0.40324
0.35431 0.34864 0.43177
0.22483 0.54904 0.41981
0.38360 0.39527 0.65099
0.38232 0.27999 0.31101
0.33645 0.34709 0.40181
0.29892 0.53106 0.32055
0.52476 0.24955 0.44943
0.41267 0.48256 0.55165
0.22585 0.61753 0.35798
0.29464 0.50686 0.31708
0.27928 0.65817 0.37743
0.31414 0.48875 0.31678
0.29146 0.51224 0.39668
0.30660 0.50206 0.27783
0.24688 0.63027 0.24775
0.38177 0.40462 0.26151
0.26081 0.42395 0.38961
0.18251 0.44732 0.51953
0.37804 0.53007 0.78268
0.30395 0.28520 0.34237
0.28727 0.46980 0.47872
0.22610 0.27494 0.46717
0.32073 0.30039 0.44206
0.34339 0.28163 0.35778
0.28358 0.36924 0.28078
0.29824 0.40680 0.42521
0.29606 0.31599 0.36187
0.26239 0.58598 0.36734
0.36696 0.36673 0.39724
0.39402 0.47923 0.49098
0.27492 0.55982 0.24389
0.19201 0.58070 0.28096
0.34507 0.45932 0.48790
0.33613 0.41602 0.25823
0.20066 0.58130 0.53889
0.28072 0.47214 0.33952
0.29317 0.58945 0.54914
0.19194 0.63021 0.73064
0.45966 0.42855 0.55561
0.29549 0.67606 0.25716
0.36085 0.46033 0.28092
0.29551 0.35232 0.35291
0.25332 0.47620 0.46297
0.43844 0.44197 0.49408
0.38142 0.38331 0.37227
0.33400 0.34913 0.42777
0.19472 0.74522 0.71244
0.35658 0.55840 0.34181
0.26719 0.56110 0.48066
0.41428 0.38356 0.43573
0.22580 0.48738 0.41134
0.22896 0.55294 0.40102
0.35697 0.29148 0.46915
0.32221 0.60129 0.26533
0.40829 0.48420 0.32690
0.26630 0.53307 0.52248
0.30949 0.46083 0.32155
0.19168 0.52139 0.55790
0.37057 0.42868 0.32747
0.32463 0.40366 0.24596
0.38887 0.42084 0.32107
0.25829 0.56039 0.51517
0.34199 0.53010 0.51859
0.22709 0.72979 0.50922
0.23310 0.49014 0.39843
0.39640 0.34893 0.43983
0.42505 0.47087 0.22173
0.34985 0.59064 0.47261
0.30590 0.53216 0.38517
0.25987 0.63701 0.32574
0.33175 0.48922 0.26034
0.29146 0.56949 0.33415
0.32192 0.41361 0.54295
0.18732 0.49220 0.30057
0.23876 0.65997 0.57568
0.48392 0.46590 0.33370
0.30040 0.59009 0.31354
0.41645 0.37609 0.46868
0.41211 0.49025 0.72668
0.35357 0.53112 0.38694
0.25816 0.63071 0.68600
0.28577 0.45144 0.51150
0.31952 0.50041 0.56424
0.32557 0.35059 0.31994
0.21752 0.52814 0.34782
0.24432 0.45574 0.29882
0.27878 0.36139 0.34001
0.32409 0.58703 0.38088
0.22145 0.50868 0.26783
0.34935 0.50214 0.27514
0.15782 0.56230 0.50200
0.33173 0.39660 0.35760
0.30929 0.61354 0.51441
0.21172 0.67649 0.53164
0.43170 0.49962 0.21686
0.32662 0.48992 0.38386
0.44734 0.38266 0.29180
0.27299 0.63994 0.55429
0.27625 0.28345 0.41045
0.36228 0.60194 0.44846
0.37531 0.46876 0.49639
0.43493 0.41495 0.41105
0.29785 0.46123 0.26937
0.30298 0.37059 0.34914
0.29562 0.62205 0.42161
0.25856 0.49595 0.30522
0.26706 0.37863 0.38466
0.43153 0.28355 0.33967
0.33663 0.46769 0.35292
0.28962 0.28348 0.26876
0.36770 0.39585 0.23359
0.30079 0.48094 0.48662
0.30080 0.41827 0.58440
0.25432 0.67794 0.65059
0.37303 0.35496 0.35175
0.40929 0.44455 0.34203
0.41532 0.28259 0.49374
0.34072 0.34254 0.25002
0.40282 0.38937 0.30978
0.34910 0.40153 0.27609
0.30125 0.44853 0.49924
0.32511 0.57350 0.24949
0.27752 0.66585 0.44382
0.25011 0.59377 0.37455
0.22431 0.62980 0.69055
0.39969 0.50768 0.48415
0.33883 0.33180 0.28465
0.24079 0.70505 0.56223
0.33176 0.48599 0.46521
0.27114 0.50658 0.47272
0.26108 0.59038 0.44202
0.32494 0.38087 0.40907
0.34153 0.48944 0.43367
0.20836 0.58770 0.34972
0.36139 0.51492 0.40767
0.30025 0.54352 0.25530
0.44054 0.37482 0.49939
0.41486 0.28589 0.29332
0.26534 0.50690 0.46377
0.50996 0.45930 0.27207
0.33859 0.51242 0.48875
0.42042 0.34844 0.51392
0.32711 0.45884 0.63505
0.26776 0.29538 0.23240
0.32301 0.40808 0.24110
0.47806 0.43641 0.41988
0.38550 0.48775 0.70733
0.22912 0.44270 0.50266
0.25059 0.43928 0.47246
0.39155 0.32996 0.32981
0.27013 0.45756 0.34114
0.31293 0.40543 0.36065
0.32539 0.44003 0.30441
0.30503 0.45046 0.42636
0.36016 0.37191 0.57345
0.26383 0.45788 0.43011
0.26795 0.25169 0.27347
0.32662 0.38943 0.53588
0.29511 0.36705 0.37943
0.34014 0.53096 0.64175
0.36676 0.40742 0.29323
0.25357 0.52608 0.34834
0.26746 0.52663 0.29263
0.24192 0.57362 0.51656
0.28180 0.44593 0.38945
0.35472 0.41118 0.30731
0.27089 0.45155 0.26263
0.33348 0.37063 0.36536
0.43733 0.45271 0.48813
0.32649 0.47877 0.32262
0.38578 0.49173 0.31929
0.35459 0.49367 0.21972
0.26765 0.53393 0.57385
0.26844 0.42288 0.54524
0.31100 0.49690 0.50383
0.44593 0.41352 0.49178
0.24417 0.61297 0.21849
0.20416 0.40627 0.35932
0.34514 0.33810 0.33141
0.14042 0.69239 0.38331
0.32987 0.36450 0.24663
0.26104 0.67399 0.28094
0.33326 0.34009 0.25516
0.32432 0.51448 0.22041
0.36135 0.33865 0.40457
0.32723 0.31114 0.24064
0.34157 0.45016 0.25719
0.45894 0.38752 0.47161
0.30033 0.49659 0.37220
0.28575 0.58921 0.36765
0.26248 0.62372 0.23830
0.36410 0.49239 0.27454
0.29418 0.51247 0.65957
0.31237 0.44353 0.35295
0.15571 0.49185 0.54672
0.42172 0.38304 0.40072
0.19617 0.53294 0.47417
0.16070 0.52779 0.43101
0.35914 0.42035 0.45970
0.28617 0.53387 0.31663
0.35258 0.36010 0.45559
0.26871 0.45861 0.45555
0.31262 0.40282 0.32893
0.42072 0.46158 0.53748
0.35638 0.36570 0.27235
0.28811 0.51855 0.53897
0.23248 0.39808 0.46446
0.41874 0.39151 0.52062
0.35132 0.56815 0.42185
0.27466 0.56357 0.45701
0.37490 0.33802 0.23038
0.33851 0.41930 0.51057
0.41101 0.44551 0.28186
0.20145 0.61866 0.55602
0.37596 0.42036 0.59796
0.24611 0.63561 0.47302
0.29079 0.36308 0.36733
0.51147 0.42160 0.24941
0.29137 0.51795 0.35005
0.33955 0.52909 0.48613
0.22243 0.42144 0.34784
0.34968 0.58866 0.49979
0.42447 0.24672 0.33923
0.26739 0.67751 0.34273
0.30640 0.50128 0.31570
0.30521 0.38607 0.46725
0.31462 0.52144 0.65347
0.34215 0.62209 0.40905
0.32343 0.58864 0.49758
0.32358 0.58358 0.34175
0.31718 0.48577 0.41388
0.25479 0.48614 0.40475
0.33780 0.50427 0.26816
0.28945 0.51964 0.33978
0.35816 0.50185 0.44663
0.32524 0.41923 0.23824
0.44839 0.49888 0.41372
0.33578 0.55576 0.39032
0.24555 0.61753 0.48962
0.34355 0.29716 0.32318
0.35268 0.50238 0.29855
0.30399 0.50009 0.29852
0.19121 0.42022 0.31188
0.32451 0.38485 0.45608
0.47954 0.22547 0.52331
0.14696 0.58742 0.40364
0.32375 0.49528 0.24905
0.27138 0.50287 0.30301
0.30743 0.49068 0.53635
0.36974 0.51555 0.29677
0.47474 0.36285 0.41756
0.37857 0.55015 0.41396
0.41550 0.50789 0.30026
0.23084 0.40973 0.32765
0.35141 0.35787 0.35508
0.27422 0.37941 0.45957
0.27875 0.58291 0.27941
0.40572 0.50485 0.55962
0.36273 0.35617 0.42188
0.42631 0.43337 0.55899
0.32822 0.29523 0.40432
0.32749 0.51097 0.38206
0.35210 0.47455 0.42595
0.27670 0.40391 0.28041
0.32560 0.50438 0.55271
0.22511 0.38844 0.39410
0.39874 0.39950 0.40358
0.35965 0.21960 0.33672
0.31295 0.45934 0.39476
0.29328 0.52020 0.27807
0.38116 0.45375 0.48627
0.46894 0.31162 0.44978
0.27488 0.34746 0.27336
0.28557 0.60084 0.33679
0.36236 0.49233 0.40994
0.30250 0.46912 0.44296
0.30379 0.57464 0.58611
0.30949 0.39355 0.37108
0.45006 0.48075 0.34817
0.44935 0.45288 0.30431
0.33849 0.45873 0.40280
0.33296 0.46192 0.34422
0.22080 0.65101 0.55088
0.26573 0.57434 0.56534
0.27199 0.37414 0.27091
0.21193 0.63527 0.42128
0.49015 0.41964 0.36323
0.31971 0.25556 0.34110
0.34015 0.52411 0.35100
0.28580 0.35736 0.40113
0.33278 0.53116 0.37302
0.30266 0.51799 0.30507
0.28446 0.67332 0.47976
0.32302 0.25682 0.33673
0.28752 0.46098 0.45792
0.32066 0.49436 0.45133
0.21603 0.41129 0.36771
0.26355 0.54266 0.41593
0.10121 0.32325 0.49434
0.26059 0.71506 0.69557
0.34035 0.38676 0.34030
0.36921 0.34600 0.32711
0.21853 0.78323 0.52471
0.30346 0.57336 0.60297
0.33818 0.38763 0.33456
0.30975 0.50564 0.40204
0.32028 0.56895 0.25991
0.35478 0.55295 0.27592
0.32916 0.51319 0.56964
0.34554 0.55641 0.29449
0.58793 0.22971 0.61122
0.36832 0.37328 0.27547
0.27826 0.43399 0.39889
0.31549 0.41663 0.32724
0.34666 0.33910 0.30117
0.20415 0.60461 0.33675
0.30473 0.56299 0.37512
0.32819 0.37282 0.44719
0.31274 0.33346 0.48605
0.38901 0.20519 0.24413
0.29906 0.38916 0.41228
0.21091 0.42564 0.61772
0.28088 0.51003 0.39631
0.46501 0.36844 0.38454
0.28779 0.46854 0.32917
0.43448 0.43164 0.34625
0.31542 0.43335 0.53381
0.26768 0.39433 0.46646
0.44679 0.43411 0.42685
0.38396 0.41350 0.28076
0.33191 0.52294 0.41439
0.27455 0.41061 0.36287
0.32989 0.43839 0.26600
0.16949 0.52745 0.54428
0.32126 0.49188 0.33841
0.34708 0.57296 0.44206
0.35227 0.37507 0.39396
0.27584 0.47504 0.35965
0.33278 0.45920 0.40745
0.26327 0.24659 0.35342
0.44215 0.46871 0.34095
0.27867 0.35768 0.32696
0.31060 0.56317 0.27067
0.40934 0.33700 0.19295
0.27969 0.49062 0.43088
0.25156 0.55412 0.42122
0.38188 0.52339 0.42348
0.41389 0.51090 0.37031
0.42976 0.46981 0.67806
0.25542 0.61452 0.39530
0.29433 0.58322 0.30451
0.43976 0.36237 0.32980
0.19749 0.68089 0.75144
0.31235 0.50856 0.59690
0.31292 0.51636 0.54137
0.41251 0.46384 0.22586
0.27297 0.65292 0.34947
0.29233 0.36362 0.47535
0.25104 0.65229 0.64161
0.37543 0.48232 0.35174
0.34368 0.53101 0.38017
0.31315 0.43333 0.60584
0.27460 0.33403 0.32371
0.34820 0.33587 0.42459
0.18686 0.58838 0.28496
0.19385 0.63465 0.30470
0.37415 0.38760 0.28070
0.32152 0.39606 0.22815
0.28981 0.55999 0.45499
0.45351 0.42624 0.54648
0.34260 0.46154 0.57406
0.42541 0.37093 0.49076
0.28015 0.47447 0.35192
0.34626 0.39543 0.40760
0.34885 0.37294 0.34706
0.36106 0.53279 0.30805
0.24608 0.51275 0.51937
0.21891 0.56768 0.62507
0.27133 0.67258 0.45004
0.30299 0.47260 0.44965
0.35615 0.65068 0.44198
0.47224 0.41192 0.21104
0.34165 0.51241 0.32791
0.36281 0.27934 0.23183
0.40459 0.46163 0.28469
0.41720 0.43922 0.38985
0.25253 0.19802 0.28058
0.23118 0.40749 0.45068
0.29437 0.42007 0.44369
0.18320 0.81738 0.40499
0.29544 0.48653 0.28414
0.34536 0.61139 0.35528
0.36638 0.54799 0.33252
0.37455 0.27434 0.38660
0.31421 0.51205 0.56874
0.29850 0.50878 0.39025
0.23876 0.49891 0.44509
0.41389 0.27118 0.33611
0.32141 0.46729 0.34895
0.20033 0.37633 0.42849
0.38722 0.37796 0.31722
0.39911 0.40387 0.48228
0.34380 0.44993 0.26385
0.34757 0.30073 0.39719
