20 15 1000 36975 1614
0.17083 0.48615 0.08738
0.36721 0.08146 0.49703
0.90249 0.87127 0.62822
0.28188 0.83372 0.72646
0.77799 0.63839 0.40617
0.09618 0.15690 0.21867
0.28055 0.17339 0.33924
0.49365 0.80869 0.47748
0.86039 0.72059 0.88281
0.49886 0.90669 0.16406
0.14750 0.58301 0.86773
0.08420 0.69173 0.11273
0.05063 0.14750 0.27237
0.64207 0.47869 0.00946
0.91818 0.96095 0.34195
0.42559 0.46654 0.34545
0.56652 0.68716 0.47332
0.55982 0.56626 0.33596
0.58393 0.67319 0.57353
0.37186 0.53113 0.30809
0.43697 0.64205 0.46686
0.33531 0.54101 0.42090
0.45591 0.55461 0.35124
0.30037 0.49006 0.52114
0.40309 0.59430 0.44416
0.46019 0.57243 0.48352
0.37126 0.54918 0.39569
0.39585 0.52123 0.53083
0.43547 0.51600 0.38696
0.48592 0.64106 0.34491
0.45309 0.70597 0.36473
0.45209 0.61474 0.42110
0.44140 0.54092 0.41960
0.56253 0.62807 0.42156
0.37621 0.40190 0.36470
0.34047 0.62835 0.41375
0.49008 0.55082 0.39376
0.31786 0.42317 0.34629
0.50577 0.67089 0.37309
0.42609 0.53435 0.48773
0.53630 0.67831 0.47722
0.67384 0.64890 0.43423
0.42254 0.59036 0.56795
0.36024 0.48156 0.33757
0.36143 0.61889 0.31322
0.44269 0.53456 0.37326
0.43160 0.53285 0.45285
0.41919 0.56994 0.48483
0.47374 0.70831 0.33852
0.53143 0.61405 0.45728
0.41092 0.61322 0.31842
0.64022 0.61486 0.39102
0.53922 0.49895 0.43223
0.41758 0.63824 0.53097
0.44300 0.62226 0.37767
0.35029 0.40806 0.24955
0.41933 0.52334 0.33787
0.52052 0.57883 0.42347
0.48818 0.58155 0.37741
0.38843 0.52907 0.31429
0.41788 0.66333 0.44737
0.37698 0.62067 0.31797
0.33781 0.58420 0.43977
0.40769 0.55129 0.21957
0.56788 0.65739 0.45223
0.38048 0.55210 0.37770
0.39362 0.58377 0.31387
0.37345 0.43543 0.37431
0.42791 0.62820 0.48929
0.52337 0.57925 0.41079
0.53292 0.62080 0.48444
0.45527 0.46903 0.39810
0.39313 0.59138 0.32022
0.50623 0.55405 0.28079
0.55588 0.64564 0.51980
0.38198 0.40102 0.33816
0.48487 0.61895 0.55725
0.45523 0.60463 0.47710
0.43167 0.60711 0.43421
0.46492 0.60492 0.49593
0.58093 0.69867 0.41449
0.35494 0.44729 0.44421
0.40379 0.57333 0.35826
0.37501 0.56563 0.42019
0.26639 0.53164 0.52047
0.60060 0.71417 0.39170
0.53690 0.68083 0.47607
0.36859 0.44878 0.37588
0.44629 0.67836 0.44642
0.43352 0.59252 0.50731
0.33091 0.44543 0.43050
0.34520 0.61007 0.28872
0.51227 0.51870 0.34466
0.43592 0.52436 0.38054
0.48541 0.62507 0.43915
0.38633 0.47878 0.37462
0.42257 0.62507 0.46826
0.43511 0.47987 0.40980
0.62691 0.68880 0.49598
0.54551 0.70112 0.52020
0.47125 0.71143 0.54533
0.50817 0.53041 0.36338
0.26130 0.43531 0.32905
0.25468 0.39471 0.28296
0.35018 0.40433 0.39892
0.35059 0.64551 0.22103
0.46054 0.56579 0.41281
0.41291 0.60004 0.43283
0.62870 0.74135 0.49754
0.47046 0.52881 0.45814
0.43871 0.54213 0.41370
0.48599 0.56230 0.46699
0.39419 0.59863 0.34325
0.47303 0.54175 0.42149
0.31420 0.38690 0.32793
0.51642 0.67334 0.36630
0.38757 0.51129 0.37919
0.58921 0.65052 0.38554
0.45936 0.60015 0.46387
0.40536 0.52633 0.32947
0.54507 0.69623 0.53701
0.56531 0.72511 0.40203
0.44978 0.51426 0.43137
0.42505 0.54668 0.37841
0.43951 0.53676 0.37333
0.45741 0.47467 0.39120
0.41077 0.60987 0.27004
0.55448 0.66430 0.43398
0.41312 0.55514 0.42444
0.43016 0.52575 0.34383
0.57094 0.68085 0.36196
0.43398 0.58774 0.48971
0.38871 0.49125 0.30712
0.38801 0.51951 0.30730
0.59629 0.66348 0.43626
0.48587 0.54530 0.33235
0.49951 0.73506 0.36440
0.45402 0.51632 0.35674
0.49230 0.65479 0.41661
0.36146 0.42342 0.31162
0.42391 0.71987 0.49110
0.51071 0.55033 0.35227
0.29255 0.60981 0.33136
0.49031 0.56188 0.42245
0.52491 0.72212 0.43207
0.46720 0.63272 0.45377
0.36876 0.53933 0.43740
0.56881 0.68538 0.43771
0.42752 0.61109 0.43206
0.44710 0.57395 0.48988
0.57642 0.66182 0.42722
0.45525 0.52620 0.42502
0.45940 0.62530 0.24381
0.26534 0.35786 0.33841
0.56777 0.65521 0.45309
0.27327 0.49409 0.29684
0.45643 0.62150 0.37519
0.46020 0.48951 0.40081
0.32057 0.41997 0.38502
0.47504 0.55970 0.40150
0.45828 0.52698 0.43657
0.34483 0.60386 0.39792
0.42115 0.44872 0.31355
0.45599 0.64662 0.39946
0.33864 0.43883 0.30730
0.43894 0.64584 0.44340
0.47945 0.57487 0.46608
0.43706 0.58264 0.39634
0.38940 0.44775 0.41500
0.46508 0.54961 0.36188
0.58875 0.65204 0.44410
0.42181 0.58450 0.36323
0.39862 0.47027 0.33601
0.42490 0.55801 0.32564
0.45694 0.64278 0.37428
0.51819 0.68902 0.42657
0.36589 0.50873 0.46756
0.38409 0.38444 0.34160
0.32467 0.57151 0.25296
0.44501 0.68154 0.33070
0.42944 0.52815 0.38365
0.39957 0.52215 0.28622
0.31378 0.43470 0.40585
0.38956 0.56079 0.34585
0.43198 0.59128 0.47606
0.41240 0.64898 0.27514
0.60022 0.76923 0.40924
0.40976 0.55883 0.41074
0.53458 0.50180 0.47902
0.42959 0.57495 0.37446
0.34429 0.46737 0.41822
0.42958 0.58081 0.38018
0.44429 0.64826 0.42554
0.45014 0.62551 0.34642
0.32293 0.52108 0.49287
0.36537 0.44648 0.32414
0.38660 0.54396 0.42685
0.38136 0.58076 0.39288
0.46447 0.60760 0.47168
0.33656 0.60586 0.35636
0.49459 0.67891 0.36970
0.46899 0.55984 0.38408
0.56428 0.67955 0.41893
0.30499 0.51049 0.29740
0.40211 0.47148 0.39323
0.46221 0.69209 0.39560
0.51845 0.52239 0.28896
0.46409 0.55371 0.42846
0.39222 0.56637 0.46478
0.52103 0.69741 0.51545
0.43657 0.50615 0.42898
0.48250 0.61263 0.38080
0.48533 0.68703 0.36107
0.45894 0.68879 0.37372
0.62940 0.57007 0.56425
0.45505 0.59987 0.36983
0.41449 0.57177 0.42513
0.53187 0.61006 0.44803
0.35385 0.51527 0.35983
0.49105 0.67383 0.38824
0.39564 0.67157 0.31323
0.35667 0.54904 0.36942
0.38897 0.52423 0.31328
0.52313 0.67645 0.56052
0.54592 0.65674 0.43236
0.34974 0.61544 0.47645
0.47769 0.58008 0.35179
0.33882 0.55897 0.39191
0.49196 0.57268 0.41807
0.46443 0.59407 0.28061
0.42993 0.52816 0.35503
0.46135 0.66767 0.41809
0.40151 0.46787 0.39015
0.51513 0.54910 0.39812
0.38945 0.40943 0.38739
0.54120 0.62958 0.41701
0.41645 0.55443 0.30347
0.42556 0.54231 0.43521
0.38331 0.45429 0.45255
0.24864 0.47973 0.27677
0.37258 0.51065 0.38600
0.38136 0.52009 0.41591
0.35543 0.53742 0.34639
0.43710 0.57647 0.28600
0.46494 0.57115 0.38337
0.40239 0.57205 0.41711
0.64721 0.70403 0.45662
0.29669 0.46936 0.47430
0.47490 0.61192 0.37562
0.47217 0.64762 0.38916
0.42411 0.56120 0.37326
0.39084 0.51150 0.42956
0.46362 0.56955 0.37307
0.42318 0.54755 0.37877
0.33965 0.54922 0.40937
0.40362 0.59912 0.39178
0.38883 0.47263 0.31810
0.51769 0.52775 0.51981
0.63587 0.70549 0.39347
0.40663 0.51415 0.37976
0.52022 0.60094 0.37918
0.51931 0.51477 0.42652
0.49332 0.57265 0.41679
0.50987 0.59907 0.43659
0.42889 0.51056 0.30167
0.40005 0.61806 0.37349
0.40027 0.54146 0.45620
0.46918 0.71785 0.40050
0.40448 0.52558 0.36909
0.34010 0.52579 0.42965
0.35743 0.50949 0.32779
0.57508 0.58917 0.33774
0.43522 0.59011 0.49292
0.37683 0.55805 0.28701
0.31108 0.40730 0.31675
0.40029 0.66753 0.28950
0.41062 0.60563 0.40577
0.35455 0.50182 0.31402
0.51097 0.61527 0.40207
0.43826 0.52149 0.24193
0.51284 0.71326 0.38189
0.42254 0.49628 0.40575
0.41480 0.48120 0.40726
0.55148 0.63291 0.45309
0.40529 0.54581 0.32365
0.41747 0.54389 0.37730
0.39511 0.57148 0.32855
0.32495 0.39562 0.33962
0.38541 0.45250 0.42756
0.45193 0.47949 0.19361
0.44903 0.58846 0.38765
0.45816 0.48927 0.47683
0.50631 0.52078 0.40750
0.41346 0.49783 0.43242
0.36252 0.61449 0.27154
0.37404 0.64651 0.52647
0.36640 0.59472 0.45097
0.51944 0.59718 0.36765
0.25695 0.47901 0.32193
0.27783 0.45213 0.28142
0.30749 0.44460 0.36410
0.56862 0.67090 0.42965
0.39944 0.52531 0.30270
0.39643 0.62248 0.34140
0.49136 0.67524 0.39331
0.44715 0.56114 0.42708
0.41871 0.53401 0.36986
0.60195 0.58021 0.55258
0.63914 0.65408 0.45044
0.37936 0.54852 0.42001
0.47597 0.60291 0.42300
0.41310 0.58272 0.42004
0.46274 0.61830 0.50683
0.31509 0.48692 0.30526
0.31326 0.51973 0.48807
0.33463 0.62514 0.57750
0.35313 0.56788 0.38528
0.34343 0.60731 0.44722
0.54615 0.61377 0.32770
0.39571 0.52074 0.35534
0.41220 0.55974 0.41778
0.35067 0.59666 0.61334
0.37707 0.56056 0.46883
0.51853 0.64361 0.54012
0.36642 0.58431 0.35225
0.41775 0.59535 0.36086
0.34383 0.61773 0.51964
0.37224 0.50985 0.37245
0.41762 0.65716 0.41607
0.37952 0.56196 0.40145
0.39211 0.54275 0.45494
0.53243 0.61458 0.55354
0.50177 0.48141 0.29914
0.32539 0.59109 0.42254
0.45214 0.59161 0.39288
0.37475 0.66724 0.30075
0.36592 0.63440 0.25605
0.44914 0.53019 0.44215
0.55770 0.68922 0.39915
0.42797 0.55198 0.40272
0.39162 0.55811 0.36501
0.48933 0.60029 0.36262
0.43625 0.49381 0.50806
0.38684 0.50853 0.30889
0.38815 0.59008 0.50097
0.49688 0.61714 0.47564
0.47104 0.47182 0.51346
0.37061 0.51175 0.32953
0.41375 0.50189 0.35859
0.56052 0.65482 0.33969
0.56399 0.69085 0.56812
0.58546 0.62773 0.47706
0.50560 0.58481 0.30908
0.36880 0.46170 0.43156
0.37646 0.52535 0.33611
0.38962 0.45635 0.34458
0.52024 0.60769 0.40631
0.51094 0.65430 0.40357
0.37976 0.48094 0.38123
0.38035 0.53016 0.48534
0.58113 0.73517 0.53324
0.47912 0.51196 0.45423
0.36648 0.48804 0.31236
0.59178 0.67434 0.57754
0.39965 0.50099 0.36889
0.29580 0.46261 0.42417
0.46059 0.65396 0.44561
0.46457 0.61816 0.54110
0.43695 0.53237 0.39636
0.40084 0.51892 0.32529
0.36989 0.52487 0.32269
0.39019 0.55444 0.37869
0.37941 0.50128 0.38342
0.30846 0.42610 0.39150
0.45734 0.67992 0.43574
0.37184 0.39705 0.34103
0.35369 0.67391 0.31346
0.48493 0.61200 0.40615
0.49873 0.65901 0.41292
0.41258 0.52522 0.37299
0.56789 0.68491 0.42059
0.52799 0.65928 0.34500
0.46757 0.60278 0.38580
0.36114 0.62614 0.44449
0.62679 0.66118 0.55024
0.44189 0.57389 0.40505
0.46208 0.65318 0.41968
0.47734 0.50313 0.38655
0.42769 0.63966 0.35182
0.36517 0.63368 0.42207
0.47476 0.59496 0.38747
0.52608 0.68542 0.38611
0.40168 0.55953 0.41407
0.41663 0.60051 0.32141
0.42188 0.54398 0.35323
0.41938 0.55152 0.42774
0.52850 0.62440 0.40386
0.36853 0.48191 0.32771
0.58512 0.69648 0.45964
0.34164 0.58158 0.40683
0.41876 0.52031 0.42114
0.40703 0.66595 0.35610
0.37075 0.55716 0.43848
0.37829 0.56059 0.46505
0.40016 0.59105 0.30970
0.39729 0.55921 0.28765
0.38766 0.55008 0.42785
0.48883 0.62511 0.53307
0.46596 0.67917 0.47288
0.37912 0.42041 0.28170
0.40524 0.59436 0.45120
0.43008 0.58641 0.48409
0.50345 0.69953 0.49345
0.43780 0.48834 0.34326
0.36107 0.56363 0.36388
0.45403 0.64869 0.46782
0.37724 0.64553 0.40485
0.35249 0.49603 0.33996
0.42564 0.58037 0.34892
0.39623 0.53084 0.35233
0.41041 0.58861 0.32027
0.39699 0.56773 0.46090
0.59043 0.62797 0.38439
0.46458 0.57524 0.48544
0.24472 0.52127 0.33244
0.31406 0.55190 0.49578
0.47522 0.54113 0.38431
0.39290 0.54628 0.43986
0.43499 0.57457 0.35208
0.40241 0.58534 0.44447
0.45388 0.42941 0.26895
0.41255 0.52265 0.31940
0.46335 0.60087 0.42299
0.48708 0.64939 0.40537
0.39817 0.54507 0.33787
0.44368 0.58624 0.44851
0.49513 0.50244 0.35971
0.46658 0.48244 0.33557
0.46115 0.64749 0.38333
0.43823 0.56469 0.35039
0.49821 0.71922 0.51617
0.40151 0.63728 0.49499
0.40581 0.46160 0.31676
0.50903 0.59833 0.40764
0.40028 0.57586 0.34881
0.43319 0.54246 0.37922
0.37207 0.53054 0.44580
0.44810 0.64573 0.37027
0.26810 0.58896 0.53173
0.45423 0.54858 0.37608
0.43681 0.66418 0.38332
0.33159 0.46197 0.35591
0.59901 0.76301 0.47068
0.43867 0.57332 0.35357
0.27805 0.51802 0.33206
0.34453 0.58641 0.54041
0.47506 0.60805 0.48276
0.40371 0.51115 0.38016
0.49166 0.61080 0.43057
0.29724 0.47324 0.37875
0.48365 0.63316 0.29467
0.38241 0.55313 0.37933
0.52566 0.68784 0.36488
0.38036 0.46724 0.36288
0.44935 0.58560 0.47121
0.30778 0.53934 0.33139
0.48110 0.58510 0.45511
0.39622 0.63180 0.54360
0.40271 0.46216 0.52867
0.41848 0.58969 0.29684
0.53215 0.62742 0.50344
0.57495 0.60456 0.49405
0.38102 0.49181 0.52012
0.64174 0.69218 0.48894
0.38430 0.53670 0.39058
0.49404 0.52147 0.32075
0.34577 0.47653 0.41888
0.48428 0.54808 0.37043
0.40260 0.63057 0.37834
0.47348 0.66665 0.44900
0.50479 0.55269 0.34079
0.48237 0.61337 0.43290
0.49149 0.59849 0.36716
0.40893 0.62516 0.55835
0.47515 0.58374 0.33466
0.43204 0.48547 0.47063
0.37441 0.57518 0.47889
0.41090 0.47254 0.40513
0.46384 0.59670 0.52270
0.41647 0.53899 0.33143
0.43820 0.56155 0.36629
0.43082 0.51664 0.46527
0.62267 0.68115 0.41533
0.41507 0.52999 0.36925
0.55323 0.56809 0.50913
0.53205 0.56657 0.44567
0.52455 0.69404 0.42210
0.55657 0.73187 0.46455
0.60666 0.61906 0.43633
0.56115 0.67533 0.32479
0.33308 0.63066 0.48370
0.44751 0.53519 0.41946
0.48783 0.55667 0.27277
0.43932 0.57471 0.41951
0.43223 0.64908 0.46006
0.42811 0.56565 0.42487
0.45812 0.69413 0.42098
0.33518 0.50262 0.35489
0.41738 0.57808 0.36475
0.43402 0.57230 0.34862
0.42153 0.60598 0.49446
0.61947 0.63094 0.45506
0.34452 0.48753 0.47542
0.39642 0.59248 0.43823
0.47731 0.58880 0.34645
0.63727 0.68235 0.47325
0.52909 0.65011 0.41024
0.36511 0.58503 0.45880
0.37883 0.49583 0.33547
0.41749 0.56539 0.33597
0.34740 0.58653 0.32806
0.47026 0.60108 0.35623
0.42996 0.50319 0.29948
0.53744 0.67886 0.36362
0.56433 0.69809 0.42784
0.60169 0.68776 0.39155
0.35797 0.58218 0.58160
0.56628 0.64155 0.44202
0.37370 0.59820 0.32239
0.50136 0.54590 0.50284
0.48596 0.52027 0.31532
0.53741 0.65148 0.40557
0.31996 0.53377 0.35663
0.46432 0.57393 0.48103
0.45363 0.56813 0.21899
0.52731 0.62745 0.53547
0.45002 0.64127 0.33014
0.48440 0.63253 0.39867
0.36257 0.57672 0.37722
0.28952 0.58465 0.26595
0.53709 0.56284 0.35529
0.42808 0.63775 0.39805
0.32723 0.51114 0.42334
0.39088 0.57958 0.41476
0.35748 0.50057 0.36887
0.42982 0.51779 0.41678
0.53169 0.57980 0.47185
0.37526 0.58131 0.48099
0.57893 0.63702 0.49539
0.49905 0.44901 0.34819
0.47753 0.67479 0.34968
0.43510 0.63644 0.43654
0.45683 0.58120 0.50351
0.45695 0.66067 0.38936
0.35955 0.50689 0.36244
0.53894 0.60962 0.40112
0.43450 0.52461 0.35598
0.56882 0.68896 0.52102
0.52640 0.61072 0.41410
0.50990 0.63645 0.38774
0.47536 0.61841 0.35891
0.38271 0.57034 0.47658
0.44615 0.53054 0.47861
0.51005 0.59030 0.40332
0.47815 0.64902 0.46261
0.47574 0.61526 0.49311
0.32750 0.50483 0.47844
0.42277 0.68731 0.52523
0.40698 0.61484 0.32120
0.54423 0.67626 0.47957
0.52826 0.57281 0.39744
0.50768 0.65523 0.37210
0.45785 0.69514 0.40321
0.43503 0.53366 0.43065
0.42096 0.44525 0.33838
0.41649 0.62739 0.45116
0.49064 0.51346 0.27782
0.50453 0.62688 0.46976
0.37562 0.50294 0.40204
0.60106 0.75489 0.44548
0.45808 0.52429 0.39874
0.37374 0.54708 0.43036
0.41733 0.39374 0.31310
0.43847 0.62378 0.50514
0.46079 0.55614 0.42038
0.38364 0.55052 0.42594
0.34284 0.55210 0.52359
0.28057 0.45809 0.52057
0.33583 0.52508 0.35058
0.43370 0.56124 0.38769
0.48162 0.68940 0.54876
0.41067 0.55168 0.32047
0.49098 0.49856 0.39726
0.37617 0.57656 0.31456
0.40495 0.56652 0.65071
0.42404 0.70762 0.48419
0.29047 0.45286 0.36698
0.50172 0.61781 0.40668
0.41151 0.51058 0.36930
0.50020 0.46460 0.35467
0.42417 0.60502 0.42940
0.41715 0.60112 0.40828
0.47502 0.54645 0.35486
0.37566 0.51786 0.31232
0.42367 0.55236 0.37989
0.32922 0.50599 0.38814
0.43265 0.56018 0.49319
0.48897 0.57534 0.42372
0.46597 0.61583 0.46157
0.35509 0.57233 0.56658
0.54624 0.60591 0.47910
0.50446 0.63534 0.43271
0.38083 0.42543 0.35629
0.43389 0.62142 0.54202
0.44762 0.66266 0.45678
0.44194 0.61906 0.54588
0.54225 0.56914 0.45027
0.38237 0.46254 0.31096
0.44962 0.56024 0.36101
0.48872 0.59312 0.37765
0.41370 0.58100 0.47934
0.53629 0.64629 0.47257
0.36396 0.51533 0.37946
0.42989 0.51406 0.40671
0.47246 0.55229 0.38923
0.53534 0.60612 0.45167
0.35389 0.48686 0.42371
0.54838 0.65622 0.31063
0.37932 0.54485 0.42082
0.48688 0.51950 0.38870
0.36023 0.46943 0.31022
0.41519 0.59695 0.30084
0.40545 0.66511 0.32928
0.50293 0.56951 0.41926
0.31588 0.48840 0.20321
0.42345 0.50390 0.45744
0.41328 0.55211 0.44219
0.45590 0.48880 0.41192
0.37209 0.47421 0.47602
0.43663 0.63465 0.33022
0.44254 0.64438 0.38506
0.44018 0.57715 0.35309
0.55516 0.60891 0.43774
0.41392 0.58073 0.48019
0.43512 0.55670 0.43012
0.31447 0.60016 0.52372
0.38871 0.54826 0.37384
0.42057 0.59830 0.38144
0.36936 0.52111 0.33170
0.50223 0.51456 0.47631
0.31765 0.31823 0.44227
0.49456 0.61654 0.45663
0.45724 0.62689 0.35797
0.48431 0.61760 0.62316
0.40694 0.55366 0.34520
0.47353 0.71953 0.52895
0.33193 0.52680 0.44714
0.41686 0.48885 0.46173
0.36907 0.57319 0.33026
0.55540 0.63497 0.43299
0.50133 0.70114 0.62270
0.41203 0.63092 0.44229
0.52910 0.67623 0.42630
0.42621 0.54529 0.42462
0.40723 0.54667 0.35494
0.38505 0.58956 0.42554
0.42848 0.47899 0.31995
0.30441 0.58760 0.27345
0.43389 0.62341 0.39222
0.38139 0.53154 0.46639
0.33407 0.43448 0.32643
0.44815 0.51906 0.47102
0.27242 0.35271 0.33713
0.48741 0.51468 0.58175
0.45526 0.65257 0.42346
0.54238 0.61197 0.45537
0.36732 0.54242 0.36438
0.43504 0.53924 0.42093
0.43272 0.58207 0.37112
0.51734 0.48874 0.32928
0.36130 0.41951 0.38436
0.61110 0.69163 0.36786
0.35604 0.51344 0.36410
0.47136 0.64463 0.45455
0.42485 0.47116 0.43618
0.36356 0.41938 0.34430
0.40454 0.55613 0.44816
0.61495 0.69484 0.46777
0.45344 0.53509 0.47288
0.36707 0.54335 0.47552
0.42550 0.50407 0.28209
0.38962 0.56298 0.45875
0.55696 0.79590 0.52377
0.44115 0.61987 0.35340
0.51360 0.64102 0.38154
0.53150 0.59298 0.47575
0.54165 0.61227 0.36690
0.37555 0.49589 0.34069
0.42163 0.52904 0.43521
0.32449 0.40093 0.40730
0.44695 0.63014 0.21619
0.37420 0.53581 0.34062
0.38943 0.47999 0.42213
0.43944 0.54128 0.42865
0.51804 0.61368 0.35567
0.40723 0.57415 0.39288
0.51205 0.55657 0.52105
0.37321 0.60208 0.45640
0.39299 0.40645 0.30604
0.49111 0.60604 0.47326
0.36456 0.64776 0.30969
0.37846 0.45738 0.33917
0.46940 0.64418 0.45973
0.42941 0.51004 0.40529
0.51202 0.58594 0.40887
0.34238 0.54000 0.35788
0.42076 0.56134 0.33777
0.37854 0.64736 0.43731
0.50125 0.56569 0.37751
0.27546 0.30520 0.28755
0.41251 0.57724 0.48265
0.52603 0.58418 0.48578
0.41599 0.60514 0.42683
0.33220 0.47097 0.53834
0.43835 0.62212 0.43475
0.32789 0.52529 0.42472
0.58103 0.60840 0.38502
0.46380 0.49669 0.34143
0.45686 0.61618 0.39295
0.37204 0.55585 0.26481
0.44919 0.54807 0.36057
0.59562 0.59560 0.34387
0.46165 0.54380 0.41975
0.42401 0.53617 0.32274
0.37864 0.66255 0.31697
0.37976 0.48266 0.41145
0.39058 0.60816 0.40069
0.49029 0.69109 0.42700
0.45640 0.65697 0.53890
0.50849 0.67204 0.28962
0.46700 0.54977 0.35127
0.43473 0.49745 0.46065
0.31292 0.43377 0.26260
0.41991 0.58453 0.42206
0.52220 0.63732 0.37467
0.42104 0.55291 0.47139
0.27622 0.40040 0.31184
0.39624 0.56781 0.34253
0.41510 0.53962 0.30782
0.29704 0.48810 0.32608
0.48084 0.59876 0.47444
0.54006 0.61270 0.56220
0.35754 0.46770 0.28298
0.53252 0.58289 0.47982
0.58638 0.69905 0.43389
0.37570 0.63345 0.35688
0.32761 0.53344 0.46076
0.52023 0.65907 0.41948
0.35595 0.56211 0.43892
0.35738 0.52006 0.51125
0.32867 0.39671 0.34385
0.34509 0.52000 0.43706
0.49823 0.60272 0.40093
0.47216 0.58744 0.40525
0.55145 0.73401 0.41344
0.48346 0.58857 0.38554
0.42325 0.57084 0.40171
0.31843 0.40997 0.40655
0.43705 0.51448 0.35227
0.27036 0.44157 0.29786
0.52445 0.68098 0.38185
0.44482 0.56393 0.32012
0.33658 0.53225 0.38430
0.49896 0.54247 0.36746
0.40108 0.59249 0.47212
0.56565 0.71685 0.44530
0.31801 0.38766 0.35067
0.31188 0.58241 0.25384
0.56762 0.62704 0.39711
0.48307 0.61742 0.36489
0.49952 0.66011 0.37720
0.27748 0.44386 0.28947
0.44883 0.53721 0.34021
0.55991 0.55131 0.37757
0.49491 0.71937 0.48542
0.42831 0.58596 0.37891
0.42094 0.53558 0.35958
0.40540 0.52601 0.35935
0.54112 0.53272 0.48950
0.52477 0.63187 0.35835
0.32808 0.44785 0.35422
0.45427 0.55145 0.39566
0.52537 0.59568 0.34745
0.42900 0.48953 0.38429
0.53794 0.63831 0.45309
0.53916 0.67138 0.32127
0.35912 0.64055 0.47648
0.40254 0.55086 0.33181
0.48882 0.53291 0.48028
0.60124 0.67845 0.47344
0.42233 0.56520 0.44371
0.44580 0.59619 0.29448
0.34330 0.52787 0.47460
0.34665 0.46274 0.40264
0.46981 0.59082 0.52820
0.40141 0.66961 0.45220
0.35166 0.55493 0.36314
0.50496 0.55099 0.36822
0.44677 0.47695 0.45917
0.49481 0.70998 0.50993
0.41610 0.53375 0.43499
0.49731 0.61848 0.34541
0.42146 0.44832 0.37032
0.41138 0.53352 0.47830
0.46365 0.51530 0.40525
0.47865 0.57165 0.37278
0.48562 0.58012 0.44271
0.55547 0.61543 0.38737
0.30426 0.46772 0.43139
0.45987 0.56964 0.32248
0.45646 0.63310 0.38830
0.45968 0.66921 0.32597
0.35514 0.58011 0.39469
0.36007 0.66027 0.41543
0.43084 0.68108 0.39618
0.35503 0.49352 0.42649
0.42718 0.66373 0.33664
0.35238 0.48265 0.34001
0.40110 0.59925 0.35965
0.50011 0.68398 0.37766
0.42970 0.49261 0.38815
0.37039 0.49484 0.30659
0.43909 0.63849 0.32433
0.48299 0.60379 0.44331
0.33033 0.57770 0.25256
0.43151 0.55489 0.48741
0.35048 0.57632 0.28273
0.40836 0.62338 0.42212
0.36670 0.55777 0.36357
0.57805 0.69097 0.41897
0.39445 0.60751 0.43610
0.27872 0.34075 0.37215
0.47412 0.54696 0.35580
0.68233 0.76494 0.43819
0.33779 0.57814 0.51210
0.47116 0.63528 0.48443
0.46705 0.63843 0.38943
0.38745 0.64821 0.30295
0.46617 0.46112 0.39356
0.35980 0.49507 0.22104
0.26981 0.41208 0.34884
0.54101 0.59876 0.42521
0.44968 0.68799 0.41439
0.46298 0.50641 0.33363
0.34011 0.53788 0.39878
0.43734 0.61474 0.40775
0.43551 0.65289 0.51888
0.39995 0.56143 0.33437
0.37884 0.47341 0.43116
0.42176 0.60780 0.35910
0.46810 0.55694 0.40632
0.39578 0.48508 0.47445
0.43288 0.60355 0.42096
0.44504 0.54920 0.35935
0.41080 0.61325 0.52609
0.53648 0.62289 0.51882
0.41817 0.55662 0.45629
0.36053 0.51579 0.32951
0.43323 0.46029 0.42603
0.34659 0.52083 0.33576
0.50026 0.63228 0.38127
0.34614 0.42987 0.41871
0.50329 0.56579 0.45444
0.43606 0.60554 0.44634
0.48750 0.69096 0.47717
0.40403 0.52571 0.33783
0.41139 0.51124 0.39095
0.30693 0.59407 0.32553
0.57942 0.60870 0.41090
0.61979 0.66047 0.40684
0.45677 0.67020 0.39169
0.42948 0.41870 0.37127
0.42754 0.50645 0.45793
0.38820 0.48107 0.35134
0.51281 0.54455 0.36439
0.35930 0.51197 0.37939
0.54202 0.55437 0.36424
0.51629 0.63945 0.39760
0.37780 0.56365 0.46694
0.44475 0.49570 0.42840
0.45398 0.53002 0.31566
0.35565 0.46713 0.51873
0.41654 0.60879 0.48077
0.39620 0.55115 0.32996
0.56291 0.69545 0.41433
0.39992 0.52449 0.36179
0.44424 0.61028 0.51844
0.52183 0.62598 0.30749
0.49799 0.58469 0.39916
0.41149 0.47773 0.43813
0.27992 0.45764 0.36412
0.48983 0.67093 0.52715
0.51259 0.70465 0.35447
0.31786 0.60951 0.50019
0.44896 0.54518 0.42785
0.38845 0.51514 0.41196
0.52625 0.69611 0.50740
0.26126 0.44901 0.42482
0.33309 0.52549 0.44247
0.36525 0.51154 0.39789
0.34015 0.45657 0.30976
0.47453 0.53331 0.32828
0.62167 0.59080 0.41104
0.40966 0.46219 0.33274
0.37723 0.54766 0.44718
0.43285 0.53664 0.38740
0.55975 0.62709 0.51117
0.61621 0.69064 0.42754
0.36337 0.60447 0.39408
0.43278 0.53197 0.45186
0.48570 0.65779 0.42884
0.58159 0.64369 0.46437
0.45545 0.53801 0.55437
0.44224 0.62035 0.44421
0.42120 0.47395 0.24405
0.23339 0.45383 0.39036
0.37968 0.66986 0.30907
0.53766 0.56281 0.30001
0.46183 0.68661 0.46460
0.46236 0.54227 0.36310
0.45640 0.63109 0.37934
0.36100 0.50086 0.36551
0.30324 0.45311 0.35527
0.38113 0.46718 0.41236
0.51677 0.63566 0.52035
0.35547 0.55481 0.36969
0.50463 0.59890 0.32807
0.42912 0.47993 0.27663
0.42422 0.57931 0.40991
0.48313 0.56962 0.33618
0.36193 0.55983 0.47708
0.33480 0.43140 0.36237
0.42936 0.60764 0.38964
0.48973 0.59434 0.42824
0.37563 0.60618 0.38186
0.35382 0.46273 0.39290
0.44115 0.52517 0.48353
0.68015 0.68398 0.70826
0.45684 0.65447 0.29785
0.34761 0.46617 0.32253
0.43445 0.53960 0.38999
0.39367 0.48179 0.31107
0.47061 0.65494 0.51330
0.52402 0.68605 0.34377
0.39862 0.62090 0.43154
0.45113 0.71279 0.48402
0.67578 0.71159 0.48714
0.35584 0.43760 0.42672
0.40317 0.58231 0.47233
0.37083 0.45021 0.37451
0.40628 0.53895 0.47497
0.42654 0.57285 0.39232
0.48722 0.59950 0.40566
0.45360 0.50394 0.40840
0.47807 0.74011 0.49857
0.41313 0.47582 0.38140
0.49321 0.53669 0.44486
0.43035 0.56683 0.34629
0.47496 0.52186 0.42874
0.61152 0.65665 0.37013
0.29815 0.57903 0.46075
0.38171 0.54060 0.44102
0.33191 0.58155 0.33989
0.34690 0.65209 0.33332
0.44573 0.53634 0.49583
0.49159 0.64764 0.45123
0.40527 0.48584 0.26312
0.31900 0.51207 0.41708
0.42124 0.48106 0.30585
0.44690 0.66419 0.43387
0.44464 0.55855 0.40054
0.35569 0.51867 0.38903
0.46877 0.60406 0.34602
0.49183 0.61510 0.52591
0.32765 0.53110 0.43659
0.52608 0.65086 0.37287
0.47081 0.48572 0.32157
0.47891 0.50925 0.43103
0.30664 0.51399 0.28033
0.48300 0.65486 0.40075
0.63706 0.70124 0.48473
0.46476 0.60205 0.38310
0.48904 0.66259 0.45906
0.45795 0.59226 0.39388
0.36053 0.54352 0.31778
0.39873 0.47850 0.42092
0.42523 0.53808 0.42277
0.43258 0.51500 0.43549
0.49778 0.65634 0.39440
0.35635 0.57804 0.32368
0.50630 0.53353 0.31434
0.43765 0.51089 0.45791
0.51214 0.62904 0.58593
0.49314 0.58031 0.47285
0.42811 0.62496 0.37107
0.34459 0.41123 0.34909
0.53497 0.57312 0.45873
0.47033 0.60739 0.45773
0.43726 0.59848 0.37623
0.45213 0.59199 0.39885
0.55209 0.61619 0.45056
0.44453 0.52739 0.43142
0.42245 0.62641 0.35576
0.57141 0.63859 0.36731
0.34949 0.54069 0.44649
