20 7 1000 51445 168
0.49804 0.89664 0.87869
0.69368 0.90134 0.62216
0.95627 0.98881 0.09918
0.65084 0.73269 0.89820
0.86606 0.59877 0.69210
0.02536 0.07843 0.80953
0.89802 0.29117 0.96032
0.69783 0.77909 0.69814
0.77656 0.69722 0.59798
0.67453 0.67706 0.80911
0.64842 0.59147 0.73143
0.59966 0.59959 0.56666
0.73496 0.76527 0.65061
0.75158 0.65318 0.78970
0.71184 0.72925 0.64271
0.51303 0.56144 0.73350
0.74205 0.70315 0.74488
0.36386 0.33947 0.71617
0.63503 0.76287 0.69010
0.76731 0.82540 0.44421
0.68199 0.70262 0.52831
0.66502 0.50104 0.75887
0.71808 0.51300 0.85915
0.78628 0.46491 0.80129
0.61874 0.75705 0.66865
0.74488 0.74233 0.63077
0.63606 0.74552 0.81522
0.65035 0.59253 0.80976
0.68755 0.77197 0.70034
0.59954 0.82731 0.76226
0.61078 0.58269 0.81750
0.59204 0.49389 0.84118
0.64703 0.63862 0.74162
0.76232 0.74474 0.62492
0.61988 0.73515 0.59816
0.67973 0.73176 0.67763
0.62200 0.53983 0.70372
0.65052 0.57933 0.78010
0.66312 0.81080 0.52198
0.62796 0.63162 0.77320
0.60631 0.59704 0.79057
0.57924 0.62659 0.78076
0.68441 0.80475 0.67461
0.49764 0.63510 0.76565
0.69246 0.77958 0.69916
0.72171 0.79083 0.68335
0.56040 0.64066 0.79284
0.56682 0.32331 0.86993
0.45653 0.40322 0.76596
0.77200 0.73600 0.63880
0.64210 0.55202 0.83114
0.63147 0.66838 0.71100
0.81872 0.60256 0.73986
0.38088 0.45988 0.74030
0.69229 0.67964 0.71625
0.74225 0.78877 0.53195
0.68823 0.76586 0.71937
0.69397 0.47137 0.68540
0.70680 0.64036 0.72568
0.71531 0.60124 0.70009
0.81941 0.58239 0.71482
0.70423 0.59585 0.62308
0.82511 0.64146 0.69453
0.64121 0.63303 0.67374
0.69980 0.68457 0.75686
0.72959 0.82726 0.63984
0.75772 0.84295 0.54404
0.72220 0.63164 0.74138
0.81603 0.53705 0.81062
0.60323 0.57312 0.77546
0.71582 0.59906 0.68024
0.64827 0.62771 0.82211
0.62784 0.65236 0.65392
0.68350 0.67781 0.49126
0.59528 0.65341 0.77258
0.54585 0.65821 0.71518
0.72916 0.45086 0.83803
0.72379 0.73813 0.72814
0.73256 0.83057 0.57190
0.64750 0.72763 0.51687
0.74762 0.62786 0.75366
0.64512 0.56597 0.71800
0.69697 0.74279 0.61689
0.48840 0.53621 0.81599
0.75073 0.79012 0.46214
0.58307 0.46776 0.74245
0.58563 0.57214 0.73482
0.62496 0.88049 0.71601
0.52721 0.48659 0.73997
0.77651 0.55119 0.76291
0.69396 0.72197 0.60042
0.67255 0.68753 0.67444
0.65720 0.59795 0.71170
0.56867 0.64561 0.80609
0.70368 0.59574 0.67532
0.67567 0.85597 0.64657
0.64689 0.64432 0.79979
0.61201 0.56751 0.65723
0.70952 0.69102 0.58907
0.59100 0.64887 0.66491
0.61255 0.79507 0.80417
0.60672 0.71787 0.62697
0.59446 0.62545 0.70895
0.53832 0.47849 0.68477
0.71518 0.56953 0.78488
0.52936 0.58123 0.74917
0.63595 0.60180 0.77375
0.67224 0.54487 0.84384
0.61109 0.55520 0.81452
0.71315 0.60215 0.69397
0.70521 0.59738 0.80225
0.77655 0.66086 0.74867
0.70898 0.83729 0.65054
0.42446 0.39290 0.70571
0.53776 0.42971 0.79254
0.65939 0.69280 0.78956
0.60259 0.60038 0.56519
0.58441 0.50987 0.75313
0.73850 0.73033 0.62131
0.50440 0.50619 0.82556
0.71222 0.72535 0.73400
0.73333 0.72221 0.67884
0.66259 0.33760 0.87349
0.65479 0.69602 0.70658
0.84765 0.67769 0.54462
0.74342 0.64162 0.72001
0.62140 0.60864 0.63125
0.62778 0.77510 0.78047
0.54449 0.66213 0.75258
0.77462 0.81965 0.57341
0.73666 0.53605 0.74664
0.68140 0.80886 0.73224
0.73517 0.48013 0.80587
0.73789 0.62663 0.76673
0.79846 0.76517 0.48880
0.45180 0.47753 0.66918
0.58369 0.81847 0.78414
0.68468 0.66447 0.77286
0.68600 0.65179 0.83597
0.76873 0.84851 0.55534
0.58422 0.68685 0.77730
0.52622 0.67809 0.82954
0.71329 0.80442 0.58451
0.72203 0.51573 0.74741
0.62134 0.52864 0.70940
0.65011 0.54504 0.82333
0.69118 0.71710 0.76621
0.74174 0.74368 0.61248
0.69749 0.64175 0.72868
0.57818 0.50087 0.82587
0.57200 0.62971 0.55878
0.70300 0.74317 0.71266
0.66579 0.66797 0.62880
0.67018 0.64299 0.77279
0.78774 0.69236 0.68127
0.55800 0.51916 0.79865
0.63667 0.78475 0.79122
0.74330 0.83306 0.46759
0.66367 0.41702 0.77580
0.62887 0.59574 0.68302
0.56088 0.55739 0.56025
0.46771 0.50428 0.77148
0.69275 0.48310 0.70342
0.70779 0.68289 0.71881
0.73341 0.83611 0.61180
0.66161 0.78054 0.74790
0.76450 0.51812 0.67407
0.63698 0.52371 0.77577
0.57650 0.57785 0.72265
0.78018 0.76282 0.54940
0.73991 0.63606 0.76602
0.69415 0.76416 0.67942
0.73592 0.69033 0.74490
0.52673 0.62597 0.77557
0.73875 0.73356 0.57305
0.64940 0.71679 0.80497
0.45204 0.56541 0.75256
0.70170 0.74510 0.52690
0.56254 0.75737 0.69719
0.61634 0.55765 0.74113
0.76820 0.72647 0.66274
0.51225 0.49914 0.72111
0.50546 0.63671 0.78428
0.79424 0.69136 0.62388
0.53728 0.65919 0.78457
0.69221 0.69679 0.69198
0.80946 0.57515 0.78465
0.74149 0.70907 0.73602
0.68131 0.81084 0.65202
0.56505 0.73650 0.75325
0.80935 0.64150 0.70450
0.71342 0.84934 0.57045
0.71048 0.72264 0.71824
0.74349 0.74796 0.66788
0.64137 0.51598 0.64912
0.54771 0.56431 0.86029
0.61682 0.66314 0.58768
0.78008 0.63371 0.76382
0.75439 0.45658 0.86393
0.66298 0.66065 0.67397
0.70617 0.51928 0.73564
0.70319 0.65823 0.74122
0.73154 0.71948 0.69722
0.67532 0.55582 0.71138
0.55257 0.67557 0.74979
0.69922 0.61114 0.68588
0.74747 0.67274 0.75883
0.51479 0.57836 0.66961
0.58990 0.69461 0.65133
0.54702 0.32620 0.83228
0.71179 0.64521 0.69582
0.60655 0.72775 0.67789
0.63620 0.68171 0.79761
0.80901 0.69963 0.60418
0.51955 0.82214 0.82190
0.69282 0.46799 0.80327
0.68340 0.65612 0.72133
0.46979 0.40217 0.68493
0.42607 0.48881 0.72868
0.66056 0.46736 0.82511
0.64402 0.77697 0.60216
0.67783 0.70081 0.52437
0.57662 0.47795 0.69590
0.68422 0.79798 0.59429
0.70712 0.80255 0.61368
0.81116 0.58649 0.68333
0.81228 0.45062 0.84841
0.86842 0.75948 0.45220
0.72237 0.63598 0.76330
0.59182 0.52335 0.75834
0.54177 0.53733 0.74209
0.69640 0.71076 0.74843
0.76246 0.72880 0.68412
0.63231 0.55332 0.72363
0.63608 0.71234 0.80139
0.72240 0.76308 0.67688
0.52590 0.41224 0.83483
0.59859 0.63536 0.80725
0.60801 0.53697 0.57603
0.58665 0.52339 0.83415
0.58108 0.59953 0.63622
0.52772 0.51310 0.72626
0.82586 0.71650 0.58276
0.59022 0.61904 0.75994
0.80256 0.68441 0.59035
0.74263 0.78511 0.51087
0.67352 0.48823 0.76853
0.47969 0.49232 0.73221
0.77113 0.75651 0.44067
0.63050 0.77440 0.76186
0.79385 0.72898 0.65473
0.57243 0.48582 0.66801
0.82103 0.86362 0.43486
0.69736 0.79113 0.64903
0.74112 0.71562 0.68617
0.78424 0.81100 0.55347
0.59546 0.63499 0.75035
0.68453 0.68888 0.75317
0.52409 0.50579 0.75922
0.76879 0.62541 0.69233
0.64786 0.66592 0.83057
0.36953 0.40402 0.79185
0.55303 0.43827 0.81469
0.73334 0.69748 0.71605
0.77391 0.82680 0.46976
0.76293 0.78435 0.55204
0.68725 0.69085 0.64201
0.67200 0.61083 0.60740
0.63312 0.79743 0.75044
0.76113 0.82722 0.58542
0.68708 0.46695 0.77573
0.61666 0.51054 0.84801
0.69601 0.81171 0.60127
0.83154 0.73101 0.56338
0.55033 0.73760 0.76562
0.28546 0.33004 0.71283
0.70925 0.62725 0.80052
0.51788 0.47862 0.84354
0.69387 0.63390 0.71909
0.65345 0.52060 0.78483
0.75325 0.70879 0.72484
0.62077 0.67936 0.70641
0.52853 0.81504 0.80763
0.56434 0.59036 0.67115
0.66539 0.65088 0.57078
0.69640 0.62216 0.78996
0.61439 0.74768 0.83254
0.61599 0.63203 0.70206
0.58109 0.59923 0.66833
0.73850 0.74626 0.65315
0.50813 0.54931 0.76481
0.64252 0.62826 0.71116
0.48951 0.48296 0.77442
0.87965 0.61349 0.60388
0.72340 0.49973 0.82018
0.64555 0.72482 0.83478
0.62029 0.48920 0.70212
0.21024 0.28434 0.73312
0.59317 0.62878 0.56534
0.59524 0.69017 0.75476
0.67491 0.67998 0.74714
0.59540 0.75756 0.81052
0.72061 0.60749 0.61395
0.61297 0.59342 0.74189
0.74643 0.71449 0.65077
0.69007 0.61884 0.76756
0.75469 0.67440 0.66901
0.68529 0.83786 0.55390
0.61786 0.65484 0.77825
0.62796 0.50610 0.65288
0.71578 0.75683 0.55323
0.70744 0.64312 0.72458
0.86659 0.66924 0.57927
0.70289 0.83093 0.63285
0.68203 0.86337 0.61159
0.52943 0.43678 0.76938
0.57073 0.63769 0.72448
0.72384 0.71574 0.69120
0.76366 0.79472 0.38140
0.76590 0.65397 0.61117
0.67623 0.65844 0.70496
0.73289 0.56835 0.66272
0.81467 0.68431 0.62116
0.81195 0.63535 0.64290
0.52649 0.54338 0.78793
0.66583 0.74410 0.63095
0.76816 0.72501 0.66565
0.67716 0.75893 0.72745
0.57619 0.67895 0.78401
0.73047 0.68395 0.75955
0.74652 0.54065 0.82567
0.74027 0.84346 0.55388
0.59805 0.74007 0.74005
0.65617 0.80882 0.61710
0.67118 0.76802 0.69992
0.76640 0.70719 0.62033
0.73338 0.79270 0.59020
0.50080 0.43358 0.73866
0.47060 0.47703 0.70117
0.73932 0.63315 0.81593
0.54001 0.62709 0.54207
0.81706 0.63207 0.72165
0.76028 0.71654 0.68890
0.60249 0.68397 0.68632
0.58441 0.60731 0.69727
0.69256 0.56820 0.81566
0.80939 0.66276 0.67999
0.65672 0.64638 0.76955
0.56170 0.67261 0.79036
0.76664 0.64598 0.59288
0.74851 0.63233 0.74837
0.70493 0.78134 0.71686
0.65909 0.63335 0.75446
0.73950 0.67339 0.69280
0.64382 0.57603 0.82502
0.68791 0.71136 0.53039
0.60639 0.68570 0.78463
0.64493 0.55761 0.71053
0.48628 0.35142 0.77859
0.60516 0.65988 0.81222
0.74395 0.86736 0.53286
0.66186 0.67487 0.58007
0.72314 0.74449 0.70254
0.38652 0.45643 0.75200
0.41284 0.47851 0.79950
0.54341 0.62755 0.79008
0.74081 0.76383 0.59897
0.60723 0.65254 0.76918
0.74904 0.75493 0.46069
0.73733 0.81317 0.57047
0.67677 0.69059 0.53772
0.74334 0.69523 0.71089
0.79013 0.61564 0.67376
0.70359 0.72355 0.72158
0.70773 0.71570 0.68108
0.76001 0.69113 0.68917
0.57204 0.55611 0.70815
0.71173 0.53716 0.67116
0.59471 0.69263 0.66306
0.79552 0.78356 0.44639
0.39753 0.41620 0.75911
0.55723 0.61901 0.74879
0.67204 0.80990 0.50284
0.76049 0.60799 0.70988
0.66510 0.57323 0.86064
0.73882 0.72882 0.60975
0.46937 0.54380 0.81169
0.63443 0.73403 0.70793
0.71365 0.66384 0.69532
0.71904 0.80519 0.54767
0.67699 0.69976 0.69701
0.44455 0.54550 0.83832
0.53426 0.44439 0.78394
0.63579 0.83602 0.66210
0.45321 0.51889 0.74849
0.79117 0.55005 0.79212
0.50119 0.49823 0.75407
0.41840 0.50263 0.74524
0.69665 0.61893 0.69512
0.60419 0.59653 0.84598
0.52699 0.55535 0.77534
0.58189 0.52624 0.76465
0.58932 0.68302 0.81013
0.69413 0.73440 0.77210
0.75496 0.59623 0.60564
0.75259 0.86301 0.55964
0.53378 0.37560 0.83628
0.68869 0.66520 0.76793
0.77223 0.72049 0.62247
0.76731 0.76153 0.62029
0.67385 0.62730 0.83480
0.63886 0.75556 0.52400
0.69702 0.66197 0.53488
0.66993 0.64722 0.75399
0.81578 0.67575 0.57832
0.61933 0.51571 0.84078
0.32571 0.45167 0.76917
0.62789 0.55966 0.76913
0.70300 0.63673 0.71284
0.68166 0.65130 0.77231
0.72089 0.77049 0.68723
0.57082 0.51969 0.80137
0.75674 0.83237 0.52835
0.72131 0.59357 0.74995
0.76323 0.69088 0.71218
0.63241 0.59282 0.63377
0.67177 0.66347 0.77054
0.42036 0.54196 0.81396
0.53978 0.52355 0.76347
0.57410 0.68443 0.80197
0.39129 0.42127 0.75682
0.67154 0.69608 0.65398
0.58634 0.54245 0.66142
0.70363 0.74519 0.68907
0.71115 0.62157 0.78534
0.34386 0.42949 0.82914
0.61511 0.61211 0.72783
0.61833 0.60501 0.80729
0.65955 0.70287 0.59724
0.50568 0.56230 0.76900
0.67482 0.71006 0.58149
0.75186 0.67646 0.70844
0.52847 0.43302 0.79272
0.64138 0.49119 0.82462
0.76866 0.49646 0.87073
0.60965 0.75647 0.73003
0.67553 0.63288 0.82556
0.47691 0.49802 0.77533
0.76104 0.63330 0.77536
0.68555 0.68093 0.70398
0.56010 0.41757 0.71633
0.63637 0.61370 0.78362
0.82048 0.89220 0.42072
0.43014 0.46942 0.71499
0.64441 0.64630 0.68271
0.71549 0.71542 0.54679
0.79658 0.63893 0.71258
0.55952 0.66132 0.57820
0.57949 0.45896 0.81481
0.73443 0.84711 0.53366
0.70830 0.69932 0.75649
0.63261 0.65072 0.83871
0.63684 0.70227 0.84206
0.68529 0.67776 0.80982
0.71504 0.71061 0.76865
0.76056 0.66359 0.77088
0.65610 0.72753 0.74437
0.70991 0.72581 0.50156
0.67325 0.77668 0.70202
0.63605 0.57431 0.67920
0.61573 0.68048 0.69824
0.76511 0.71447 0.48573
0.59680 0.55386 0.65355
0.58930 0.49631 0.77155
0.62053 0.46027 0.75067
0.70777 0.43760 0.76453
0.68526 0.76276 0.72281
0.63867 0.76727 0.62106
0.37190 0.38233 0.79215
0.55646 0.63830 0.75961
0.62020 0.56700 0.71962
0.56481 0.73990 0.67823
0.64139 0.67798 0.75968
0.61533 0.53382 0.83248
0.67019 0.72500 0.74769
0.46351 0.49675 0.74105
0.61956 0.74406 0.75438
0.72975 0.62501 0.64695
0.75113 0.57122 0.85061
0.79716 0.58392 0.69038
0.49347 0.54334 0.58882
0.75772 0.78207 0.60156
0.75465 0.57693 0.77245
0.70251 0.73945 0.76340
0.50379 0.59562 0.57451
0.59673 0.62654 0.75873
0.65746 0.67585 0.65020
0.74491 0.66426 0.64759
0.59398 0.64806 0.64963
0.70076 0.52554 0.78737
0.77851 0.75530 0.40076
0.47928 0.39700 0.82426
0.63815 0.65500 0.74822
0.54502 0.60653 0.76184
0.65428 0.79790 0.74907
0.77309 0.72808 0.55799
0.82443 0.88713 0.38570
0.69101 0.67138 0.73879
0.71726 0.79676 0.68002
0.77712 0.69704 0.65403
0.67218 0.70505 0.67995
0.72651 0.49383 0.86695
0.70617 0.71027 0.66325
0.71343 0.70459 0.65680
0.78939 0.58502 0.73491
0.61695 0.71140 0.72456
0.71292 0.65619 0.81544
0.78880 0.61843 0.65327
0.68061 0.71561 0.78367
0.66230 0.76179 0.77857
0.70459 0.66673 0.71986
0.64631 0.60845 0.76722
0.71471 0.78743 0.58084
0.60709 0.66717 0.81323
0.61718 0.41913 0.79831
0.62853 0.63592 0.78049
0.53896 0.30404 0.85379
0.60991 0.68136 0.84033
0.68815 0.68244 0.73327
0.51020 0.58245 0.69083
0.75459 0.68371 0.69905
0.83797 0.82530 0.46793
0.68495 0.61147 0.69156
0.71028 0.76568 0.63575
0.65618 0.63040 0.70593
0.81493 0.70183 0.63498
0.81788 0.69539 0.64432
0.72597 0.58483 0.76151
0.66950 0.54368 0.81274
0.72924 0.73397 0.68316
0.81380 0.80237 0.47615
0.75123 0.72995 0.60963
0.31117 0.45170 0.76762
0.72633 0.79694 0.64923
0.72742 0.64006 0.77010
0.71870 0.69819 0.73577
0.73505 0.63886 0.79009
0.67036 0.68532 0.58965
0.58370 0.62310 0.73204
0.60961 0.73048 0.79392
0.41421 0.48596 0.78781
0.71900 0.80565 0.51510
0.71419 0.62181 0.77042
0.60725 0.59212 0.73126
0.75501 0.74061 0.56199
0.74382 0.74406 0.66866
0.79067 0.77157 0.48076
0.62940 0.69697 0.75822
0.82328 0.65117 0.60654
0.69778 0.74017 0.77092
0.73728 0.60506 0.82522
0.74586 0.71647 0.51598
0.67085 0.65406 0.85404
0.57552 0.74723 0.80544
0.65071 0.75562 0.47487
0.53410 0.52358 0.80738
0.58450 0.66891 0.69432
0.69832 0.61325 0.61625
0.87569 0.50487 0.73808
0.72077 0.86878 0.57437
0.67266 0.65616 0.72236
0.72797 0.61022 0.76053
0.69518 0.73737 0.62507
0.75886 0.64209 0.75073
0.65512 0.69354 0.63871
0.65100 0.64286 0.49905
0.43951 0.51275 0.74310
0.62512 0.66726 0.68283
0.71247 0.71084 0.74130
0.71098 0.69939 0.75618
0.76691 0.67900 0.66796
0.63202 0.66500 0.78718
0.43639 0.47313 0.60826
0.72063 0.66394 0.67287
0.67887 0.75818 0.77454
0.57073 0.62256 0.85118
0.65660 0.58941 0.77349
0.69885 0.69431 0.77594
0.64594 0.73097 0.73348
0.65950 0.70795 0.58653
0.66223 0.49868 0.76748
0.43737 0.55358 0.77015
0.66849 0.74757 0.70484
0.54193 0.57055 0.77849
0.79590 0.64034 0.70373
0.81590 0.62563 0.65943
0.78617 0.84673 0.41133
0.67878 0.72763 0.78026
0.56219 0.57576 0.76092
0.77896 0.77296 0.61542
0.56047 0.74954 0.75041
0.70166 0.68972 0.71653
0.41016 0.48798 0.69527
0.60779 0.60958 0.74092
0.62784 0.40949 0.82758
0.47149 0.44747 0.83224
0.74467 0.49131 0.86937
0.69826 0.51548 0.72759
0.81546 0.69857 0.63497
0.63484 0.65973 0.78759
0.56367 0.66559 0.54961
0.55263 0.52992 0.71218
0.59866 0.59708 0.70912
0.79132 0.57759 0.76861
0.74528 0.55552 0.76447
0.60033 0.48368 0.76179
0.65753 0.51014 0.80382
0.71715 0.53321 0.69644
0.61082 0.64950 0.60923
0.67003 0.60182 0.78219
0.72480 0.79979 0.59041
0.59255 0.53234 0.72427
0.57739 0.67038 0.77192
0.50044 0.59373 0.72931
0.55880 0.64106 0.85698
0.35514 0.44480 0.83525
0.83075 0.65296 0.63142
0.61453 0.45991 0.75784
0.78942 0.87968 0.42017
0.77149 0.58139 0.73527
0.72965 0.69354 0.75308
0.71401 0.74289 0.71464
0.73535 0.83021 0.60510
0.61032 0.66698 0.75342
0.65580 0.78250 0.63617
0.61048 0.68398 0.79381
0.39067 0.39722 0.74495
0.80267 0.72713 0.60897
0.69543 0.46196 0.84360
0.49965 0.54720 0.71179
0.48242 0.41575 0.80517
0.40034 0.37640 0.77561
0.74248 0.79409 0.31352
0.46800 0.63121 0.84186
0.58566 0.68238 0.70079
0.76619 0.74327 0.47980
0.74793 0.76202 0.65730
0.57612 0.64622 0.67173
0.73709 0.63381 0.78398
0.50775 0.46496 0.71341
0.74722 0.60537 0.69542
0.40131 0.40214 0.77751
0.79209 0.52420 0.76459
0.71665 0.77080 0.48176
0.63392 0.59922 0.81427
0.46528 0.54494 0.72148
0.54999 0.50995 0.74500
0.70915 0.52678 0.79427
0.55384 0.57239 0.78232
0.77720 0.70884 0.64436
0.35338 0.49321 0.75595
0.63135 0.62276 0.72056
0.74785 0.71953 0.63180
0.62007 0.77514 0.77934
0.71644 0.82878 0.62487
0.68627 0.68614 0.80627
0.63273 0.69752 0.65905
0.68325 0.63774 0.67641
0.63243 0.86163 0.70511
0.84338 0.78801 0.46060
0.55418 0.64559 0.62199
0.65100 0.56642 0.78930
0.64392 0.67493 0.79147
0.59013 0.70517 0.76746
0.48542 0.55064 0.76574
0.55521 0.70833 0.71121
0.59291 0.62937 0.75428
0.62504 0.68106 0.83968
0.61338 0.63658 0.69737
0.57120 0.59961 0.67936
0.48403 0.45099 0.76463
0.72032 0.71832 0.56960
0.78602 0.66400 0.65687
0.80594 0.60779 0.75144
0.66106 0.83971 0.64347
0.52767 0.62092 0.79805
0.47960 0.43070 0.82570
0.69244 0.69110 0.76276
0.54086 0.59757 0.77568
0.69920 0.63867 0.73424
0.74665 0.55384 0.82379
0.47212 0.46571 0.65967
0.48134 0.58086 0.66908
0.57365 0.66381 0.73345
0.77329 0.57768 0.73557
0.60812 0.76943 0.66338
0.63364 0.61497 0.59648
0.62449 0.71182 0.74568
0.52323 0.49744 0.72895
0.70763 0.80181 0.63838
0.69412 0.60624 0.75142
0.71057 0.43137 0.80266
0.64862 0.68593 0.74487
0.74380 0.59475 0.66095
0.51417 0.49934 0.67969
0.80723 0.75232 0.52617
0.69324 0.65506 0.62753
0.60386 0.73075 0.60075
0.67048 0.62046 0.70964
0.61969 0.47561 0.75087
0.58872 0.46403 0.81015
0.85941 0.84197 0.40236
0.73059 0.69662 0.59147
0.76982 0.52886 0.80758
0.51568 0.66894 0.73230
0.39825 0.44217 0.73952
0.36601 0.42587 0.74875
0.61101 0.52904 0.83230
0.43947 0.46164 0.70014
0.60376 0.60476 0.82040
0.76010 0.69964 0.72674
0.60384 0.62465 0.65484
0.71721 0.64312 0.83286
0.60712 0.69712 0.80544
0.51768 0.58088 0.77478
0.64361 0.67458 0.88266
0.64648 0.74572 0.75716
0.76702 0.62847 0.70536
0.63705 0.59069 0.72574
0.67848 0.76859 0.70478
0.25910 0.30180 0.75288
0.73798 0.62445 0.83452
0.69277 0.56046 0.74554
0.58766 0.70283 0.69541
0.72924 0.72732 0.67405
0.68406 0.76064 0.61672
0.75029 0.63170 0.67761
0.71228 0.83019 0.64411
0.47768 0.39963 0.72647
0.75851 0.83667 0.46395
0.74379 0.76073 0.54689
0.51080 0.48615 0.79348
0.69418 0.77100 0.70375
0.57265 0.84803 0.79502
0.64306 0.75214 0.80041
0.66872 0.66006 0.77831
0.76892 0.46457 0.80791
0.56483 0.67575 0.65511
0.74831 0.58750 0.85513
0.68410 0.69965 0.72478
0.77560 0.83777 0.51311
0.58104 0.60035 0.74922
0.74186 0.79914 0.46287
0.61000 0.68490 0.74216
0.53761 0.65814 0.75988
0.61471 0.58875 0.78065
0.74014 0.54762 0.76858
0.53185 0.52248 0.73511
0.73999 0.76179 0.70193
0.67239 0.70886 0.69262
0.40448 0.46188 0.65917
0.67832 0.74974 0.78919
0.68267 0.65071 0.83048
0.76082 0.72494 0.55810
0.62022 0.79274 0.69255
0.39796 0.42476 0.81262
0.66229 0.71000 0.45501
0.78048 0.82299 0.51483
0.74902 0.63900 0.80550
0.81616 0.69498 0.61355
0.81883 0.80305 0.50314
0.79378 0.69656 0.60425
0.81442 0.54551 0.73326
0.70352 0.60454 0.77180
0.69958 0.75583 0.62131
0.79134 0.52606 0.81935
0.52992 0.44127 0.78991
0.46633 0.55729 0.74609
0.75968 0.75161 0.60528
0.66880 0.64890 0.71923
0.77057 0.62664 0.62410
0.61534 0.44681 0.79809
0.62395 0.66846 0.74846
0.61838 0.64914 0.86227
0.51024 0.56705 0.74384
0.58227 0.71875 0.76947
0.70930 0.73654 0.74444
0.63849 0.76516 0.79910
0.72167 0.57635 0.71726
0.72794 0.75324 0.63497
0.77667 0.75551 0.55545
0.72961 0.72240 0.60540
0.61518 0.58082 0.68050
0.82111 0.73108 0.59030
0.71361 0.72636 0.57337
0.66111 0.63976 0.80588
0.53635 0.62004 0.70454
0.76349 0.56670 0.79633
0.77921 0.70184 0.63518
0.57326 0.85666 0.76474
0.79339 0.59511 0.78417
0.76041 0.74701 0.53614
0.71197 0.72457 0.70740
0.58161 0.61522 0.59915
0.74122 0.73837 0.58902
0.66771 0.76010 0.72123
0.59996 0.67339 0.60808
0.82331 0.71249 0.50392
0.70623 0.81735 0.52297
0.62418 0.67373 0.73869
0.69479 0.58510 0.70628
0.75764 0.51663 0.78964
0.77365 0.52926 0.84533
0.77490 0.62906 0.70612
0.77579 0.67990 0.66522
0.79709 0.73697 0.60874
0.45065 0.41377 0.73094
0.65003 0.62346 0.57136
0.56015 0.56682 0.73419
0.68107 0.66549 0.59125
0.74471 0.65874 0.74107
0.73564 0.67458 0.77998
0.47004 0.58875 0.82447
0.75081 0.60796 0.75639
0.56933 0.64279 0.80284
0.60813 0.52823 0.64851
0.67720 0.76309 0.70399
0.85971 0.64891 0.58240
0.79202 0.68077 0.51407
0.56678 0.53489 0.77985
0.59022 0.60133 0.67001
0.72108 0.52479 0.73914
0.57808 0.52010 0.87073
0.59754 0.59250 0.66833
0.57894 0.62044 0.76079
0.64577 0.62027 0.75130
0.50784 0.55185 0.65220
0.70612 0.73300 0.69638
0.71372 0.75306 0.65525
0.64223 0.68195 0.59120
0.62069 0.73616 0.55292
0.61656 0.75687 0.84298
0.68193 0.72608 0.68457
0.74789 0.48070 0.80151
0.54761 0.61695 0.86413
0.75392 0.86780 0.51986
0.67028 0.79450 0.65002
0.65366 0.61681 0.69071
0.51673 0.63755 0.72889
0.77340 0.70430 0.46652
0.64371 0.80084 0.60963
0.72893 0.74972 0.63428
0.68348 0.80692 0.70088
0.80058 0.85284 0.31434
0.59094 0.78665 0.69363
0.70035 0.74951 0.72283
0.62411 0.59794 0.73404
0.80281 0.78675 0.55360
0.64238 0.50385 0.83673
0.72292 0.67021 0.75886
0.59819 0.72424 0.74358
0.77600 0.64842 0.76763
0.61472 0.55559 0.73172
0.60127 0.62309 0.69124
0.73560 0.66062 0.55566
0.71868 0.72157 0.71301
0.67652 0.74343 0.69335
0.49547 0.50181 0.82714
0.77449 0.69145 0.62611
0.58640 0.67230 0.62797
0.68515 0.57669 0.71926
0.74945 0.70571 0.65682
0.68067 0.77337 0.63547
0.66299 0.57913 0.69520
0.69472 0.65337 0.72618
0.59214 0.57084 0.74344
0.69580 0.38088 0.81942
0.73578 0.69214 0.77180
0.57729 0.63148 0.83272
0.53658 0.56743 0.68690
0.69790 0.51369 0.86466
0.62928 0.70257 0.71320
0.71427 0.57481 0.76382
0.56915 0.73913 0.75519
0.67541 0.70099 0.54561
0.67720 0.65715 0.71048
0.47589 0.51907 0.56476
0.60801 0.62164 0.73959
0.64276 0.72600 0.57473
0.66289 0.80260 0.69737
0.70049 0.72550 0.54993
0.88931 0.55935 0.65352
0.79169 0.53736 0.80798
0.67036 0.70297 0.72773
0.63624 0.74794 0.66613
0.72268 0.64159 0.66598
0.67313 0.67918 0.66941
0.69928 0.64057 0.81771
0.65368 0.65537 0.77993
0.62346 0.58127 0.78354
0.61701 0.54022 0.66605
0.78113 0.74014 0.59797
0.76938 0.62987 0.67042
0.65367 0.58836 0.75458
0.64420 0.46909 0.75988
0.44659 0.53891 0.72983
0.67557 0.71584 0.75463
0.67749 0.69905 0.62341
0.62756 0.57887 0.70514
0.66861 0.61467 0.77202
0.64554 0.74403 0.70378
0.60755 0.72415 0.70764
0.56675 0.53868 0.73223
0.71748 0.66448 0.74043
0.60391 0.60078 0.62995
0.72581 0.67854 0.76676
0.51136 0.42297 0.82019
0.74092 0.66181 0.57446
0.53957 0.65876 0.82937
0.68615 0.63714 0.67775
0.75244 0.76683 0.61209
0.72616 0.63743 0.68373
0.65542 0.67020 0.72172
0.63310 0.76578 0.75953
0.76376 0.70741 0.69633
0.45997 0.46462 0.77904
0.57122 0.53631 0.54738
0.61322 0.56052 0.72207
0.72591 0.81911 0.59836
0.74318 0.73420 0.63674
0.66351 0.73022 0.67965
0.73051 0.73062 0.70975
0.66439 0.77516 0.72645
0.71509 0.70248 0.72046
0.73763 0.55082 0.86700
0.61542 0.60943 0.79599
0.62825 0.70096 0.72159
0.57680 0.36960 0.77251
0.63169 0.67618 0.81060
0.80659 0.64376 0.69718
0.62557 0.63083 0.53013
0.53879 0.55791 0.78337
0.67279 0.44841 0.82942
0.73954 0.73966 0.68928
0.64215 0.70273 0.77128
0.54462 0.50800 0.75385
0.62707 0.80581 0.78814
0.56540 0.67576 0.70838
0.52011 0.58012 0.75288
0.65531 0.72388 0.55610
0.56846 0.44627 0.73227
0.74159 0.56599 0.82425
0.54717 0.61143 0.77405
0.74559 0.64434 0.80184
0.72008 0.67465 0.71547
0.66816 0.61762 0.78585
0.60713 0.60450 0.69136
0.70530 0.81161 0.66006
0.77057 0.78305 0.60650
0.69036 0.49238 0.79569
0.73536 0.81462 0.53339
0.52958 0.58980 0.65956
0.61283 0.70027 0.76093
0.58679 0.68856 0.79935
0.68407 0.61749 0.73316
0.70608 0.69287 0.70202
0.56297 0.50170 0.82046
0.63916 0.54656 0.83317
0.55511 0.45559 0.84384
0.63273 0.76849 0.71453
0.73272 0.71104 0.67172
0.48110 0.50492 0.73901
0.65093 0.70974 0.81349
0.75630 0.67849 0.60443
0.77728 0.75092 0.61821
0.68566 0.61091 0.78556
0.73161 0.71847 0.62709
0.77033 0.55326 0.76621
0.52865 0.75774 0.79089
0.56253 0.62566 0.66360
0.51671 0.60802 0.77096
0.48791 0.38656 0.82333
0.72318 0.63143 0.85048
0.47244 0.67361 0.78043
0.63442 0.68811 0.68621
0.67642 0.75048 0.77365
0.70844 0.60835 0.60526
0.71659 0.55392 0.79385
0.82608 0.54682 0.72944
0.71661 0.76742 0.67336
0.74880 0.58825 0.86165
0.69358 0.45388 0.82712
0.56821 0.48037 0.74372
0.65569 0.65052 0.63204
0.76301 0.59823 0.71950
0.78194 0.75200 0.65060
0.58249 0.54483 0.77331
0.76980 0.57641 0.70083
0.67364 0.66484 0.72471
0.71796 0.54980 0.73257
0.67653 0.68449 0.81545
0.71605 0.74109 0.69344
0.67389 0.72142 0.70175
0.62736 0.41806 0.75537
0.69082 0.71530 0.44339
0.31676 0.38732 0.75787
0.63645 0.67991 0.60835
