20 9 1000 6482 28
0.13415 0.99090 0.41875
0.58871 0.41769 0.83770
0.13300 0.06197 0.14607
0.21959 0.78498 0.77925
0.02848 0.83591 0.03421
0.58693 0.47366 0.11233
0.10471 0.20233 0.19627
0.21527 0.77239 0.85996
0.94323 0.21260 0.69246
0.20948 0.64394 0.30183
0.37920 0.57218 0.42073
0.34706 0.54296 0.35759
0.22669 0.68129 0.41900
0.28125 0.70004 0.44036
0.21292 0.39649 0.30239
0.31381 0.51330 0.46137
0.38184 0.40230 0.49504
0.37010 0.41858 0.31298
0.48508 0.50449 0.36127
0.47709 0.37685 0.43319
0.26135 0.46843 0.41882
0.32992 0.61541 0.59668
0.35093 0.25716 0.39207
0.21717 0.62015 0.37776
0.35058 0.48944 0.45496
0.53784 0.34349 0.47574
0.32867 0.44652 0.33148
0.28809 0.57418 0.48351
0.36150 0.49046 0.44486
0.25017 0.51568 0.31271
0.26022 0.35461 0.40621
0.50836 0.46520 0.60864
0.33032 0.38150 0.44534
0.50198 0.42343 0.49028
0.43018 0.53820 0.68939
0.38567 0.47271 0.47919
0.51494 0.49599 0.64471
0.26184 0.48519 0.35823
0.31668 0.35926 0.46044
0.28460 0.42901 0.52012
0.34766 0.44788 0.44553
0.19237 0.70086 0.48433
0.19933 0.59008 0.50099
0.45760 0.46344 0.30107
0.42096 0.38752 0.42269
0.38793 0.41554 0.44984
0.33165 0.55282 0.50103
0.32339 0.28635 0.37980
0.25675 0.60678 0.57465
0.40966 0.52695 0.62725
0.29940 0.51130 0.42024
0.48352 0.48530 0.74303
0.22857 0.53754 0.41047
0.24686 0.64904 0.45805
0.37028 0.48162 0.44143
0.32098 0.64603 0.38867
0.23365 0.45131 0.40435
0.25369 0.60616 0.45288
0.36107 0.52118 0.54325
0.44344 0.32106 0.48835
0.28331 0.54622 0.46817
0.30605 0.49363 0.42909
0.28076 0.46854 0.47183
0.34613 0.49965 0.58552
0.39198 0.51553 0.53918
0.58176 0.37179 0.59641
0.21870 0.59028 0.32351
0.31672 0.63257 0.46619
0.22725 0.54625 0.32233
0.26800 0.48953 0.41322
0.20254 0.57442 0.30532
0.36041 0.59538 0.36985
0.30346 0.53982 0.26241
0.20949 0.47162 0.31423
0.24199 0.65232 0.44539
0.43810 0.44221 0.37421
0.19407 0.74369 0.37861
0.38378 0.49331 0.37499
0.31325 0.46851 0.35069
0.53547 0.41080 0.54736
0.42782 0.43105 0.44788
0.23112 0.57609 0.52312
0.36161 0.51012 0.27864
0.33473 0.54062 0.43676
0.30235 0.65641 0.30281
0.40383 0.59774 0.54765
0.30512 0.64469 0.62650
0.32274 0.67218 0.49406
0.37654 0.46149 0.54395
0.33379 0.45543 0.38091
0.42567 0.53005 0.45165
0.24561 0.47081 0.31459
0.26891 0.55939 0.61290
0.24634 0.43955 0.28224
0.45482 0.51834 0.55633
0.35962 0.51439 0.56229
0.39673 0.47583 0.46380
0.24038 0.63544 0.49951
0.39425 0.32959 0.34698
0.28727 0.56853 0.37047
0.37387 0.52254 0.44355
0.40568 0.51752 0.48696
0.20279 0.45276 0.35221
0.21983 0.64919 0.55224
0.25096 0.49265 0.46324
0.28442 0.45446 0.37869
0.40874 0.42498 0.49004
0.25531 0.61001 0.34350
0.25032 0.54244 0.39147
0.36135 0.42633 0.31623
0.25796 0.52770 0.20806
0.31195 0.37066 0.31092
0.40817 0.34567 0.45613
0.41121 0.46161 0.43931
0.42736 0.44281 0.35520
0.44832 0.55707 0.39219
0.29188 0.23205 0.34388
0.37478 0.53425 0.61035
0.22814 0.73162 0.49927
0.33233 0.51017 0.45894
0.36134 0.55758 0.56977
0.22622 0.27048 0.34739
0.34698 0.52789 0.35822
0.38375 0.61213 0.40865
0.27389 0.49762 0.50075
0.21011 0.63017 0.39258
0.28890 0.52519 0.37221
0.22176 0.82012 0.45400
0.31172 0.42027 0.36396
0.27373 0.49087 0.24820
0.36228 0.59894 0.46134
0.28112 0.70713 0.50905
0.45722 0.47440 0.41018
0.43081 0.38359 0.53206
0.26258 0.69312 0.62418
0.34658 0.52168 0.40172
0.30837 0.69060 0.56093
0.30300 0.39774 0.41390
0.24932 0.53473 0.42829
0.35033 0.54367 0.48807
0.33391 0.63495 0.52425
0.34152 0.51981 0.48109
0.38487 0.59154 0.64362
0.38314 0.46715 0.38704
0.24012 0.56357 0.29263
0.29322 0.40137 0.33924
0.26151 0.57001 0.56790
0.42094 0.55807 0.50045
0.26406 0.48240 0.35203
0.33221 0.43976 0.45940
0.33321 0.54990 0.44116
0.33857 0.63596 0.48078
0.23433 0.48060 0.32523
0.33898 0.64224 0.47947
0.19416 0.48956 0.43461
0.29642 0.58051 0.40462
0.42511 0.33990 0.43285
0.32187 0.52801 0.42922
0.31994 0.56078 0.38681
0.44148 0.35879 0.45003
0.48109 0.47265 0.42622
0.26774 0.61160 0.49688
0.47686 0.48252 0.53960
0.23929 0.69966 0.35787
0.24828 0.40607 0.33019
0.36582 0.54866 0.48848
0.34948 0.47947 0.41157
0.33980 0.38576 0.47066
0.23244 0.55308 0.42907
0.26050 0.35833 0.34768
0.46054 0.49229 0.49905
0.41651 0.60422 0.70015
0.16360 0.54234 0.38244
0.28143 0.58366 0.53299
0.30167 0.61139 0.25966
0.38363 0.58283 0.48869
0.26105 0.58119 0.59116
0.57971 0.31879 0.42902
0.27534 0.42085 0.38946
0.36235 0.51320 0.35362
0.37667 0.56885 0.35732
0.18496 0.73367 0.41401
0.21134 0.26825 0.32092
0.31976 0.50870 0.60526
0.30775 0.48283 0.42096
0.26000 0.53134 0.49647
0.35269 0.67325 0.38036
0.43778 0.51324 0.39462
0.14995 0.38589 0.35337
0.36606 0.60038 0.43591
0.55088 0.44503 0.59245
0.37133 0.52574 0.61053
0.28109 0.43271 0.38459
0.51070 0.37971 0.51655
0.19793 0.58683 0.40364
0.39638 0.53576 0.35941
0.33215 0.42899 0.50562
0.29870 0.42722 0.32990
0.19135 0.32652 0.32259
0.29861 0.58739 0.61177
0.46655 0.37856 0.51672
0.35527 0.45536 0.52572
0.15049 0.52732 0.31727
0.31467 0.54171 0.48574
0.55125 0.50794 0.65453
0.31550 0.43830 0.30845
0.25366 0.36913 0.33902
0.23837 0.58184 0.45303
0.28332 0.49013 0.38389
0.31867 0.42035 0.50603
0.39131 0.59165 0.55308
0.31338 0.45947 0.49170
0.28664 0.63615 0.42758
0.26708 0.51227 0.43863
0.32988 0.50732 0.40008
0.28697 0.63197 0.45547
0.34374 0.60407 0.40370
0.35826 0.44279 0.54586
0.33462 0.57366 0.56234
0.31694 0.60649 0.50463
0.32587 0.61594 0.61034
0.20612 0.57832 0.32780
0.26560 0.66298 0.45147
0.18907 0.69107 0.40971
0.34557 0.42365 0.52155
0.34872 0.43751 0.48947
0.42416 0.54434 0.46356
0.26115 0.74603 0.65024
0.31181 0.62645 0.22065
0.26264 0.49275 0.44612
0.43886 0.50298 0.56680
0.23751 0.56023 0.37502
0.26748 0.49206 0.41857
0.21481 0.72857 0.68397
0.18959 0.70118 0.63960
0.25118 0.56851 0.36952
0.31178 0.62241 0.50136
0.40653 0.57679 0.45711
0.31299 0.54368 0.50108
0.27321 0.49756 0.38860
0.37515 0.52565 0.40195
0.24066 0.61410 0.47136
0.36854 0.58235 0.49895
0.28624 0.58870 0.47887
0.36652 0.56894 0.59586
0.44830 0.49564 0.54977
0.31300 0.47235 0.42396
0.43793 0.37623 0.53089
0.32051 0.49983 0.51476
0.33997 0.48325 0.41168
0.40982 0.52041 0.69327
0.25088 0.46646 0.24841
0.37098 0.61501 0.54581
0.18098 0.57404 0.35293
0.28125 0.44652 0.48307
0.20318 0.63294 0.52052
0.45109 0.54855 0.64949
0.25008 0.63940 0.40822
0.27665 0.49865 0.40461
0.23074 0.64196 0.41742
0.29627 0.66391 0.35826
0.36237 0.44022 0.34062
0.31007 0.49137 0.49753
0.29921 0.57650 0.44166
0.45093 0.48139 0.57730
0.37167 0.47148 0.35465
0.24257 0.40556 0.41836
0.12079 0.76361 0.13195
0.40515 0.48547 0.31039
0.21166 0.50951 0.31217
0.26849 0.45699 0.44864
0.25422 0.69865 0.57326
0.24433 0.40981 0.43576
0.38006 0.51018 0.43861
0.50782 0.36348 0.49006
0.25092 0.54229 0.43733
0.43291 0.47969 0.25107
0.39558 0.55052 0.34606
0.29073 0.72657 0.47983
0.32232 0.47285 0.39517
0.20595 0.51000 0.26957
0.23395 0.74530 0.65325
0.25441 0.44454 0.46116
0.36936 0.38812 0.32673
0.38087 0.58013 0.47948
0.38503 0.51258 0.48275
0.30295 0.40279 0.42235
0.22215 0.67524 0.38815
0.31647 0.58287 0.65405
0.39807 0.50834 0.56348
0.31443 0.45809 0.44368
0.35006 0.50662 0.36165
0.51795 0.45396 0.63614
0.41925 0.53717 0.51040
0.20385 0.51743 0.29139
0.30504 0.63998 0.48988
0.22019 0.53354 0.35898
0.22141 0.52632 0.54954
0.28367 0.55201 0.39802
0.33350 0.50226 0.42251
0.22766 0.44179 0.31556
0.36547 0.61917 0.28672
0.27082 0.64982 0.38576
0.26122 0.53542 0.28147
0.28724 0.20789 0.25158
0.30746 0.57123 0.48599
0.32779 0.46092 0.49375
0.34430 0.60872 0.58646
0.24603 0.62541 0.32391
0.28457 0.51473 0.45347
0.28029 0.51686 0.38054
0.45922 0.47004 0.51674
0.32510 0.57709 0.50848
0.27204 0.60983 0.51754
0.15692 0.61633 0.23845
0.11742 0.65758 0.20515
0.37164 0.49278 0.51386
0.31452 0.66045 0.46509
0.42168 0.46808 0.29353
0.46904 0.56473 0.41837
0.25922 0.61447 0.61701
0.23723 0.61364 0.37535
0.31033 0.41082 0.33498
0.37929 0.53146 0.33015
0.46517 0.52376 0.38750
0.25494 0.55878 0.52844
0.22665 0.54393 0.44438
0.29994 0.53498 0.39707
0.19695 0.60300 0.47280
0.27193 0.49359 0.43733
0.33718 0.67047 0.41708
0.34998 0.61110 0.45142
0.24035 0.72824 0.66982
0.19959 0.53097 0.25802
0.36151 0.49334 0.47771
0.29449 0.48229 0.48201
0.22723 0.54753 0.45194
0.22098 0.57709 0.25230
0.28669 0.53516 0.28970
0.40535 0.50101 0.61395
0.31857 0.43754 0.47201
0.38568 0.40316 0.44745
0.45423 0.51362 0.46850
0.37296 0.49929 0.48703
0.24956 0.53095 0.43337
0.28752 0.45765 0.41448
0.26634 0.66185 0.42393
0.32231 0.61060 0.50171
0.41034 0.44143 0.43806
0.29880 0.57892 0.40082
0.13149 0.68784 0.25745
0.30300 0.58654 0.56494
0.50027 0.51072 0.60640
0.21032 0.64758 0.42802
0.20199 0.60760 0.36351
0.29076 0.60640 0.36059
0.34871 0.56404 0.32932
0.26481 0.57647 0.47081
0.51506 0.41003 0.47046
0.33331 0.37779 0.38663
0.39799 0.56374 0.54381
0.37030 0.53510 0.46427
0.42816 0.54091 0.52890
0.44332 0.52926 0.62445
0.36092 0.57759 0.45700
0.51830 0.46655 0.43036
0.22975 0.63011 0.30008
0.40277 0.50442 0.43185
0.31316 0.55075 0.52482
0.36671 0.57685 0.37980
0.39545 0.38559 0.51266
0.34521 0.46386 0.49548
0.36218 0.40666 0.56434
0.20281 0.69964 0.31392
0.26426 0.58783 0.52821
0.39295 0.42478 0.51091
0.26086 0.71452 0.41733
0.29680 0.56543 0.32104
0.44650 0.43531 0.48034
0.27162 0.50893 0.42975
0.18517 0.46190 0.44779
0.39123 0.60066 0.53128
0.36256 0.36750 0.36533
0.38087 0.52646 0.46032
0.23268 0.47039 0.43343
0.26367 0.59153 0.34973
0.20160 0.60326 0.36772
0.24101 0.61180 0.39208
0.36619 0.56287 0.49659
0.23808 0.66357 0.40341
0.29855 0.64566 0.59545
0.28662 0.68832 0.45816
0.33168 0.53544 0.38229
0.31259 0.28847 0.34738
0.17148 0.66375 0.38107
0.37278 0.55978 0.55033
0.39470 0.53876 0.50565
0.22348 0.32998 0.36761
0.43018 0.51584 0.63766
0.37629 0.40385 0.43780
0.27846 0.30419 0.37930
0.45214 0.58609 0.54744
0.21828 0.68663 0.40070
0.39998 0.52541 0.48258
0.24212 0.47986 0.26865
0.26060 0.35766 0.27097
0.19662 0.56921 0.37187
0.41682 0.52807 0.63443
0.36724 0.39198 0.41473
0.18033 0.60046 0.41181
0.27696 0.74572 0.55820
0.39419 0.50159 0.32377
0.36591 0.48512 0.24237
0.32176 0.46825 0.31083
0.35967 0.58859 0.45248
0.39970 0.56433 0.61267
0.20880 0.63174 0.45798
0.35951 0.53157 0.40394
0.27473 0.55486 0.54905
0.32526 0.59733 0.59594
0.24960 0.38508 0.36134
0.26298 0.52610 0.44345
0.24494 0.65934 0.19216
0.20812 0.69721 0.39981
0.40141 0.41905 0.46736
0.29497 0.50738 0.43742
0.18763 0.59919 0.32004
0.23047 0.59811 0.45510
0.44513 0.46089 0.47423
0.36862 0.52448 0.56718
0.23632 0.76545 0.46912
0.42458 0.58254 0.52253
0.44559 0.51114 0.44311
0.27605 0.61623 0.46161
0.23944 0.63094 0.49598
0.32675 0.49751 0.43921
0.30422 0.58794 0.42755
0.25759 0.56286 0.41290
0.25785 0.58759 0.51738
0.41170 0.56216 0.53395
0.26186 0.62590 0.42463
0.21268 0.45681 0.41717
0.48609 0.44348 0.59712
0.21120 0.63509 0.38553
0.29923 0.43898 0.41547
0.25629 0.59266 0.43849
0.25205 0.55244 0.30255
0.30267 0.63834 0.54455
0.28342 0.40419 0.38653
0.22788 0.40256 0.36266
0.34976 0.45778 0.49949
0.22886 0.44724 0.26261
0.26657 0.47213 0.43889
0.37459 0.49986 0.59932
0.25095 0.50322 0.29354
0.21275 0.70669 0.24923
0.35275 0.62451 0.48854
0.31332 0.55924 0.59033
0.39498 0.52793 0.61037
0.37486 0.55818 0.45984
0.42296 0.49675 0.57679
0.45950 0.55805 0.57416
0.37305 0.52800 0.55885
0.36811 0.53222 0.54730
0.31884 0.33290 0.34417
0.41675 0.42050 0.56266
0.36652 0.54378 0.62150
0.35848 0.62356 0.65961
0.27392 0.50855 0.29040
0.33384 0.39563 0.35828
0.28447 0.53013 0.43581
0.27939 0.64626 0.63581
0.25465 0.72295 0.49546
0.29088 0.42810 0.28906
0.17636 0.61952 0.40426
0.27172 0.66219 0.42253
0.40814 0.43146 0.43566
0.31838 0.64556 0.53585
0.46564 0.36885 0.51688
0.43538 0.28310 0.40651
0.24951 0.66406 0.60224
0.30277 0.43718 0.48987
0.30380 0.74645 0.49422
0.37230 0.46679 0.43762
0.33222 0.65812 0.44461
0.21001 0.55235 0.52111
0.38915 0.50401 0.53803
0.35826 0.47260 0.41318
0.24294 0.58183 0.32675
0.25380 0.64069 0.34603
0.32836 0.33575 0.39788
0.33383 0.48778 0.40732
0.27161 0.42890 0.47849
0.37420 0.49251 0.47445
0.29220 0.52250 0.42143
0.37291 0.54859 0.60525
0.40776 0.51566 0.67030
0.23940 0.67189 0.29180
0.35381 0.50066 0.52282
0.33152 0.61980 0.39974
0.22485 0.42141 0.35079
0.34050 0.48960 0.46964
0.28178 0.43599 0.34951
0.34755 0.45168 0.55052
0.55705 0.35414 0.48202
0.27589 0.71659 0.50431
0.44675 0.58861 0.66486
0.26118 0.53551 0.30457
0.28327 0.53755 0.34619
0.32991 0.58312 0.61767
0.33165 0.40721 0.41029
0.33571 0.54146 0.44409
0.41566 0.53270 0.59342
0.28936 0.59846 0.59195
0.61354 0.37501 0.56636
0.33911 0.42752 0.29942
0.41039 0.50381 0.58455
0.21254 0.64296 0.41060
0.31445 0.55118 0.36827
0.31786 0.63982 0.53244
0.21116 0.62535 0.40520
0.56393 0.43917 0.72909
0.35605 0.50161 0.47909
0.22192 0.61718 0.49006
0.36508 0.45176 0.46626
0.41891 0.40607 0.38259
0.30020 0.43181 0.42150
0.42008 0.56690 0.53563
0.50581 0.49880 0.66110
0.27027 0.41201 0.34659
0.39497 0.49879 0.44090
0.39589 0.51878 0.52563
0.27306 0.58414 0.38458
0.19464 0.57502 0.32126
0.40659 0.47991 0.63716
0.23233 0.49353 0.51788
0.21961 0.43008 0.41460
0.38921 0.49703 0.40311
0.32861 0.66372 0.45495
0.24569 0.52808 0.51708
0.40596 0.40112 0.42676
0.46937 0.40228 0.44420
0.31155 0.69661 0.49388
0.28315 0.61507 0.46091
0.28807 0.51088 0.39630
0.28590 0.46846 0.33133
0.27280 0.61252 0.59772
0.33868 0.48706 0.39978
0.32144 0.54839 0.48333
0.26696 0.52291 0.40845
0.25863 0.39068 0.36565
0.42928 0.51796 0.72822
0.29092 0.70369 0.51865
0.19993 0.57576 0.38213
0.41753 0.45057 0.41435
0.36196 0.60301 0.34233
0.36584 0.60749 0.62773
0.22442 0.64656 0.53022
0.20132 0.78782 0.45972
0.21903 0.77297 0.43674
0.44824 0.51090 0.51143
0.42922 0.48212 0.52658
0.33397 0.47141 0.37674
0.37696 0.49014 0.39316
0.35321 0.51070 0.45185
0.36255 0.62043 0.48346
0.39610 0.47604 0.51651
0.26242 0.63978 0.57806
0.32155 0.49389 0.39066
0.19603 0.48876 0.46980
0.37666 0.55450 0.58815
0.19863 0.52942 0.38154
0.31754 0.58040 0.48135
0.22587 0.74032 0.37597
0.32126 0.40094 0.30604
0.36212 0.52356 0.49642
0.27888 0.72874 0.51407
0.34291 0.61841 0.53981
0.39092 0.42394 0.43925
0.38538 0.56832 0.48473
0.37508 0.60384 0.45607
0.20278 0.80413 0.40365
0.39433 0.51089 0.51448
0.26571 0.65371 0.46351
0.35168 0.48067 0.51487
0.32894 0.52133 0.47481
0.51969 0.48570 0.59477
0.30252 0.56714 0.36544
0.44384 0.52411 0.41868
0.22072 0.66365 0.41678
0.27841 0.68924 0.39770
0.25861 0.70331 0.38861
0.34838 0.56194 0.57442
0.33537 0.55110 0.57011
0.24440 0.73190 0.41686
0.26145 0.45413 0.41890
0.28814 0.51836 0.41061
0.24831 0.71872 0.28522
0.19779 0.72655 0.49356
0.24961 0.63442 0.42659
0.22409 0.49984 0.46010
0.15291 0.28949 0.23782
0.23058 0.56289 0.44029
0.22982 0.32604 0.30836
0.24999 0.60626 0.33304
0.25354 0.45262 0.27853
0.49270 0.48499 0.38902
0.21009 0.69654 0.44328
0.27452 0.57589 0.49061
0.53955 0.46110 0.54377
0.35220 0.42694 0.43254
0.32470 0.45518 0.33813
0.26137 0.54539 0.42466
0.28413 0.43997 0.47398
0.39463 0.55793 0.55214
0.33561 0.52551 0.57388
0.24970 0.60183 0.43320
0.42271 0.48516 0.36099
0.40140 0.50029 0.46666
0.28449 0.50935 0.40979
0.45135 0.53671 0.62725
0.29716 0.42939 0.40564
0.22567 0.53321 0.28026
0.41738 0.48817 0.45460
0.33675 0.44591 0.46303
0.53350 0.41078 0.54074
0.28096 0.52299 0.31126
0.31456 0.38446 0.32822
0.27531 0.63315 0.59662
0.24436 0.56206 0.30449
0.27214 0.72438 0.53463
0.32586 0.52253 0.48208
0.32888 0.47124 0.26070
0.39672 0.54817 0.49069
0.18090 0.73594 0.25767
0.30986 0.59124 0.59967
0.29632 0.44238 0.34529
0.25982 0.51252 0.47509
0.33640 0.53449 0.41640
0.30165 0.43529 0.37520
0.52480 0.48979 0.32511
0.28924 0.65283 0.44683
0.31062 0.56765 0.54650
0.32810 0.44131 0.43468
0.31905 0.44881 0.37174
0.29262 0.69457 0.50803
0.43443 0.37478 0.51636
0.42147 0.55895 0.54153
0.36898 0.53316 0.57651
0.45228 0.53780 0.44904
0.22592 0.77693 0.49263
0.29264 0.65650 0.52965
0.31472 0.56148 0.47150
0.25503 0.49646 0.37812
0.26304 0.51841 0.35432
0.33811 0.39070 0.40406
0.32085 0.57677 0.35687
0.29171 0.41082 0.41180
0.33745 0.51621 0.44845
0.25819 0.35539 0.33365
0.37489 0.52580 0.46960
0.45945 0.49440 0.55411
0.37823 0.62635 0.74474
0.37813 0.56111 0.58655
0.35559 0.48432 0.43754
0.21283 0.64180 0.32095
0.23768 0.60196 0.32574
0.30080 0.60347 0.55947
0.39419 0.53163 0.50175
0.27140 0.33310 0.35197
0.21920 0.51026 0.39796
0.35457 0.55501 0.43457
0.47492 0.44176 0.35858
0.27297 0.36547 0.38311
0.25484 0.69045 0.41296
0.20845 0.56580 0.35582
0.42702 0.43765 0.57984
0.20054 0.39160 0.30703
0.36027 0.58739 0.66212
0.27252 0.48445 0.33299
0.26488 0.62408 0.46931
0.37678 0.50738 0.35577
0.34405 0.62657 0.59517
0.49167 0.44635 0.59053
0.42810 0.52726 0.64059
0.28890 0.51069 0.36920
0.41534 0.54585 0.39765
0.23307 0.54599 0.42562
0.32143 0.55807 0.49709
0.27407 0.78236 0.49021
0.38742 0.49614 0.52894
0.31133 0.54833 0.37197
0.46481 0.49111 0.50182
0.16919 0.68450 0.29695
0.31872 0.30887 0.41190
0.33423 0.46114 0.32663
0.32813 0.55359 0.45026
0.46051 0.53599 0.72728
0.35523 0.49026 0.61582
0.29376 0.49444 0.40628
0.21743 0.42432 0.31730
0.22369 0.59309 0.43490
0.28254 0.57010 0.59616
0.25973 0.69258 0.68965
0.31799 0.42302 0.49399
0.41686 0.52970 0.62833
0.27379 0.49572 0.44459
0.18888 0.48167 0.33827
0.24625 0.64719 0.48622
0.20672 0.65402 0.38813
0.39641 0.43746 0.42137
0.29671 0.45748 0.41789
0.21031 0.58258 0.48241
0.40221 0.58284 0.42685
0.42440 0.52755 0.59908
0.36988 0.55611 0.62889
0.47855 0.42232 0.50714
0.22732 0.65337 0.44436
0.18382 0.62551 0.49617
0.28441 0.57522 0.53746
0.36310 0.52044 0.48276
0.46650 0.46916 0.55841
0.20177 0.52481 0.41420
0.47387 0.60100 0.56320
0.27342 0.65790 0.60586
0.19923 0.30551 0.29396
0.42011 0.62750 0.55792
0.37910 0.63678 0.58633
0.17069 0.57159 0.41469
0.43350 0.51585 0.59993
0.45966 0.51653 0.48431
0.30279 0.66784 0.74557
0.30929 0.49261 0.39358
0.26212 0.64017 0.32039
0.43313 0.55510 0.53589
0.27520 0.43405 0.46002
0.35212 0.59123 0.67496
0.39047 0.50525 0.40344
0.24881 0.50895 0.34361
0.27564 0.49261 0.51226
0.37508 0.62332 0.67232
0.22737 0.69557 0.46445
0.26850 0.57257 0.49658
0.63080 0.42353 0.48066
0.59410 0.41126 0.64054
0.30503 0.34685 0.27035
0.27735 0.71329 0.45095
0.34844 0.49007 0.59530
0.44758 0.54257 0.55395
0.45824 0.55037 0.55931
0.21584 0.53964 0.51593
0.36688 0.52484 0.44836
0.40031 0.49583 0.44172
0.34394 0.38664 0.43667
0.32659 0.48219 0.43564
0.22383 0.69947 0.48307
0.30466 0.35606 0.41733
0.32056 0.48586 0.39437
0.36973 0.29855 0.40294
0.30291 0.65345 0.55437
0.47741 0.44525 0.44012
0.42445 0.46419 0.43736
0.22283 0.59313 0.38831
0.44091 0.37621 0.31812
0.25546 0.70988 0.42552
0.22708 0.34269 0.33783
0.32625 0.58283 0.40489
0.32693 0.56358 0.49958
0.40350 0.41515 0.31581
0.25325 0.53493 0.45225
0.29402 0.35185 0.38064
0.55136 0.45584 0.54686
0.36198 0.59559 0.39445
0.36284 0.47113 0.50306
0.54041 0.43824 0.51106
0.35754 0.47460 0.51498
0.32856 0.49179 0.35787
0.28317 0.51686 0.43303
0.30140 0.54279 0.61092
0.49557 0.47248 0.34057
0.31142 0.50497 0.29496
0.32658 0.53078 0.28776
0.54380 0.50072 0.47855
0.28947 0.46390 0.41043
0.51513 0.41867 0.44715
0.20794 0.41734 0.33773
0.24491 0.66088 0.53701
0.23016 0.44651 0.32461
0.22412 0.66620 0.43304
0.35283 0.51521 0.62409
0.33739 0.42040 0.44688
0.33108 0.59875 0.51199
0.47674 0.39992 0.45945
0.27728 0.62765 0.31390
0.37671 0.39983 0.39061
0.24655 0.57542 0.37873
0.21885 0.58791 0.27792
0.32087 0.58742 0.50244
0.48799 0.40913 0.55924
0.28537 0.66688 0.63266
0.33292 0.50963 0.33223
0.27641 0.70002 0.65312
0.18626 0.51508 0.39351
0.16761 0.43196 0.30676
0.21838 0.65756 0.47427
0.26730 0.59591 0.25538
0.37227 0.48078 0.64510
0.55489 0.46873 0.64977
0.33499 0.50691 0.50659
0.42550 0.42187 0.43758
0.43762 0.46882 0.49747
0.17960 0.59164 0.33653
0.32761 0.60673 0.54763
0.47627 0.53253 0.69386
0.17702 0.46522 0.30159
0.35765 0.56861 0.55936
0.25197 0.58968 0.38247
0.44203 0.56948 0.57824
0.55096 0.42083 0.53266
0.31627 0.58431 0.39285
0.24669 0.46836 0.23553
0.38215 0.48203 0.53046
0.22395 0.68059 0.43825
0.26711 0.54442 0.30036
0.41277 0.37401 0.39048
0.42584 0.52946 0.45357
0.29622 0.55779 0.51031
0.28073 0.31250 0.30326
0.51309 0.41201 0.44264
0.41916 0.42134 0.40933
0.25849 0.66266 0.53971
0.39114 0.45704 0.42608
0.36317 0.43360 0.43101
0.28728 0.66774 0.51450
0.29182 0.51906 0.43431
0.16786 0.45763 0.24203
0.45444 0.43824 0.53690
0.23640 0.53450 0.38347
0.31215 0.67461 0.55273
0.35555 0.50264 0.35419
0.43978 0.54731 0.58467
0.31054 0.40783 0.36113
0.33900 0.57376 0.37149
0.44424 0.53823 0.66664
0.40997 0.64140 0.63691
0.45739 0.45131 0.59050
0.30117 0.44435 0.47000
0.34580 0.63338 0.74163
0.41723 0.51817 0.48172
0.30624 0.44241 0.43149
0.40686 0.50861 0.54724
0.19887 0.51809 0.40435
0.20750 0.63087 0.49014
0.35312 0.61265 0.60808
0.16211 0.67841 0.25453
0.41740 0.59248 0.67397
0.28562 0.41494 0.43218
0.16433 0.65341 0.45552
0.28434 0.63917 0.45475
0.17881 0.64100 0.24784
0.25882 0.50382 0.25500
0.33175 0.51482 0.33528
0.19582 0.61813 0.46727
0.28703 0.59985 0.38242
0.37031 0.60374 0.49215
0.34962 0.56782 0.50996
0.23518 0.74616 0.43834
0.23878 0.67434 0.41665
0.37854 0.56461 0.43020
0.43316 0.56425 0.47749
0.33879 0.60955 0.59905
0.25616 0.47739 0.34825
0.33551 0.45930 0.38197
0.33446 0.34966 0.45099
0.41377 0.53259 0.47759
0.34715 0.56785 0.44753
0.37557 0.52850 0.62244
0.23377 0.66455 0.45511
0.29093 0.48814 0.50729
0.34989 0.48540 0.44417
0.24864 0.30592 0.36853
0.30960 0.65176 0.49281
0.32284 0.53770 0.56189
0.37216 0.39137 0.51284
0.20628 0.54699 0.34533
0.46185 0.55651 0.60221
0.46859 0.46151 0.63501
0.35063 0.52601 0.47825
0.32595 0.50897 0.29647
0.26715 0.58788 0.48069
0.47238 0.38827 0.50204
0.25453 0.59719 0.40232
0.27240 0.53368 0.40630
0.27816 0.52873 0.40234
0.20732 0.70890 0.53319
0.21177 0.45773 0.21649
0.36954 0.62135 0.33567
0.30347 0.45301 0.48917
0.27878 0.65199 0.50465
0.25011 0.67108 0.36398
0.28739 0.49386 0.37091
0.32443 0.49586 0.40512
0.28679 0.51358 0.49580
0.27404 0.39323 0.42464
0.31619 0.40883 0.45955
0.27146 0.70799 0.45942
0.29667 0.55471 0.50112
0.25926 0.51753 0.52774
0.26240 0.57635 0.33423
0.23801 0.44040 0.47544
0.28946 0.54022 0.36770
0.49682 0.45744 0.45532
0.39806 0.36060 0.31896
0.27413 0.67603 0.39709
0.23829 0.67067 0.33314
0.25363 0.69071 0.48087
0.24950 0.49817 0.45133
0.48156 0.45330 0.50476
0.27086 0.52308 0.49041
0.29062 0.63234 0.36906
0.31497 0.66670 0.55151
0.27915 0.43803 0.42085
0.26036 0.63977 0.38364
0.30797 0.48198 0.33043
0.34491 0.58789 0.23246
0.42110 0.44310 0.53865
0.49935 0.49777 0.57727
0.41373 0.47737 0.30130
0.44812 0.52951 0.57241
0.41595 0.60306 0.55153
0.43092 0.50641 0.42577
0.32141 0.58833 0.42061
0.28996 0.68005 0.58765
0.28028 0.56329 0.61054
0.18425 0.52383 0.38151
0.22324 0.53761 0.47721
0.41240 0.54304 0.31031
0.31637 0.61412 0.24104
0.45294 0.51141 0.33140
0.50899 0.49546 0.53071
0.18882 0.58055 0.43055
0.30809 0.67499 0.50133
0.40032 0.53549 0.39304
0.31082 0.64158 0.53607
0.27880 0.57191 0.41953
0.52381 0.43289 0.52409
0.47106 0.48789 0.36274
0.23786 0.49090 0.24972
0.32523 0.45632 0.37532
0.35651 0.32043 0.38013
0.25771 0.53365 0.26057
0.29586 0.64287 0.65149
0.38347 0.58182 0.64897
0.22630 0.55591 0.35808
0.25295 0.49335 0.33073
0.35350 0.59175 0.60346
0.38831 0.58326 0.60357
0.35023 0.46802 0.57189
0.34511 0.51899 0.43764
0.42227 0.44789 0.44284
0.24026 0.36009 0.37075
0.14025 0.68075 0.38588
0.20081 0.68316 0.35105
0.21848 0.73800 0.36375
0.44076 0.41128 0.43701
0.19101 0.67699 0.39961
0.21117 0.46007 0.29929
0.39251 0.53840 0.43884
0.30917 0.50722 0.37062
0.39584 0.49406 0.40764
0.43805 0.50510 0.39030
0.19164 0.61407 0.36096
0.28611 0.67837 0.36426
0.42869 0.55444 0.65039
0.32687 0.50526 0.52963
0.28377 0.56657 0.59568
0.31237 0.63759 0.40223
0.39352 0.46722 0.35504
0.38569 0.51165 0.50405
0.29331 0.61829 0.44177
0.36016 0.52190 0.31268
0.20680 0.54290 0.35914
0.28472 0.43286 0.43340
0.42464 0.27337 0.49506
0.24477 0.49478 0.42617
0.25163 0.70955 0.45851
0.37025 0.45811 0.51209
0.44350 0.49067 0.56313
0.36432 0.59955 0.63599
0.22385 0.69640 0.41797
0.26134 0.44991 0.43833
0.37605 0.50707 0.43280
0.49892 0.44731 0.58317
0.25558 0.64819 0.51897
0.26028 0.56057 0.45576
0.53620 0.40431 0.53535
0.25608 0.68990 0.33368
0.26223 0.51373 0.50024
0.36296 0.43043 0.35976
0.19807 0.76791 0.40330
0.41731 0.55471 0.36147
0.27404 0.65368 0.51645
0.28717 0.61850 0.46327
0.56342 0.45496 0.46175
0.43244 0.44035 0.49346
0.22315 0.63551 0.38827
0.43922 0.55563 0.65345
0.38008 0.54977 0.56905
0.26265 0.67713 0.31634
