100 100 13
590573 485281
440344 468812
690609 312311
265363 679011
751143 425572
288217 608536
772239 503538
736526 539509
278959 589136
609212 338739
408286 556374
234846 605837
724523 407361
363559 579548
299068 566930
419048 444728
708297 437812
317717 750106
589508 441936
532108 508274
653941 399316
667300 538994
477114 517361
322202 681908
627926 438281
332382 722342
406481 532902
346054 606269
277456 683600
564761 386924
288169 594437
350643 581481
262203 592360
658015 376196
728908 502114
621348 445025
289722 576828
667814 453991
758412 277330
694492 360333
584940 502233
196936 722423
501648 544130
690781 351441
351585 752783
642516 424119
345659 718427
271045 764054
326414 664441
325630 598266
697325 247977
278203 650615
241972 679102
715105 458393
491423 497627
206672 743005
605295 458430
751551 273504
264917 746485
245307 636745
679963 512572
745619 483713
390483 672804
390240 441403
372074 731894
524434 390383
693197 330600
752156 601704
585210 595885
562934 452269
228799 652554
327758 346724
605688 448511
343339 653867
342779 551587
347451 386547
371838 519112
657728 385972
329876 602908
330690 335069
578076 494658
332666 668328
643523 456581
684675 380973
375129 475271
344435 553217
295962 669248
244228 720129
604079 543391
702856 411763
238976 687803
737006 450954
414258 369290
755974 378556
279932 688150
261060 609904
577953 369624
364620 366277
353498 700740
685757 391811
169397 259710
571637 730012
691396 776536
577716 802246
875162 597597
549733 364358
275443 799509
635472 237641
197397 290107
536155 274099
684379 592456
600028 493252
273610 164061
262525 182200
742902 735469
695704 705967
681185 547910
507061 810035
747325 738970
611531 477727
266054 226067
631840 311574
789034 590366
673533 485977
511604 684120
665123 766942
297213 161372
630232 430663
506546 259175
183196 285582
609750 251358
682476 704359
651788 659317
672459 411429
609068 643914
821966 617099
711812 436529
326989 370272
226178 203215
673860 308333
310162 314567
253270 336996
575898 732147
783005 649766
304435 274868
413730 94926
275642 294467
640794 666410
498740 769264
225693 352994
246254 193564
533364 179718
853856 682973
574612 667023
296859 287481
654686 386705
658856 368575
546899 254185
522328 726031
786288 564730
522668 674094
657606 287886
594299 243527
372916 85825
401845 778510
586547 280859
293807 264144
589906 195317
563550 323007
693519 466873
822230 474195
688157 320091
486463 728926
282503 316906
282691 315575
207353 250020
509802 772854
674365 426214
475050 697739
256164 219159
590523 175336
562550 290533
677037 520098
827580 479822
624034 691924
551014 785357
501113 700607
671898 441507
325571 201782
542128 296222
764710 474293
256238 272027
248416 296908
676153 404888
705924 686023
597380 295416
528462 220159
677381 564684
596320 292782
663380 373943
435814 503708
504840 554827
850001 660669
360956 559838
648439 499951
612685 418603
800219 703511
422689 590260
720753 590944
330578 523221
339234 882168
669183 469740
408783 692130
