0 0 0 0 1 0 0 0 0 1 0 0 0 0 1 0 0 0 0 
0 0 0 0 1 0 0 0 0 1 0 0 0 0 1 0 0 0 0 
0 0 0 0 1 0 0 0 0 1 0 0 0 0 1 0 0 0 0 
0 0 0 0 1 0 0 0 0 1 0 0 0 0 1 0 0 0 0 
0 0 0 0 1 0 0 0 0 1 0 0 0 0 1 0 0 0 0 
0 0 0 0 1 0 0 0 0 1 0 0 0 0 1 0 0 0 0 
0 0 0 0 1 0 0 0 0 1 0 0 0 0 1 0 0 0 0 
0 0 0 0 1 0 0 0 0 1 0 0 0 0 1 0 0 0 0 
0 0 0 0 1 0 0 0 0 1 0 0 0 0 1 0 0 0 0 
0 0 0 0 1 0 0 0 0 1 0 0 0 0 1 0 0 0 0 
0 0 0 0 1 0 0 0 0 1 0 0 0 0 1 0 0 0 0 
0 0 0 0 1 0 0 0 0 1 0 0 0 0 1 0 0 0 0 
0 0 0 0 1 0 0 0 0 1 0 0 0 0 1 0 0 0 0 
0 0 0 0 1 0 0 0 0 1 0 0 0 0 1 0 0 0 0 
0 0 0 0 1 0 0 0 0 1 0 0 0 0 1 0 0 0 0 
0 0 0 0 1 0 0 0 0 1 0 0 0 0 1 0 0 0 0 
0 0 0 0 1 0 0 0 0 1 0 0 0 0 1 0 0 0 0 
0 0 0 0 1 0 0 0 0 1 0 0 0 0 1 0 0 0 0 
0 0 0 0 1 0 0 0 0 1 0 0 0 0 1 0 0 0 0 
0 0 0 0 1 0 0 0 0 1 0 0 0 0 1 0 0 0 0 
1 1 1 1 1 1 1 1 1 1 1 1 1 1 1 1 1 1 1 1 
1 1 1 1 1 1 1 1 1 1 1 1 1 1 1 1 1 1 1 1 
1 1 1 1 1 1 1 1 1 1 1 1 1 1 1 1 1 1 1 1 
1 1 1 1 1 1 1 1 1 1 1 1 1 1 1 1 1 1 1 1 
1 1 1 1 1 1 1 1 1 1 1 1 1 1 1 1 1 1 1 1 
1 1 1 1 1 1 1 1 1 1 1 1 1 1 1 1 1 1 1 1 
1 1 1 1 1 1 1 1 1 1 1 1 1 1 1 1 1 1 1 1 
1 1 1 1 1 1 1 1 1 1 1 1 1 1 1 1 1 1 1 1 
1 1 1 1 1 1 1 1 1 1 1 1 1 1 1 1 1 1 1 1 
1 1 1 1 1 1 1 1 1 1 1 1 1 1 1 1 1 1 1 1 
1 1 1 1 1 1 1 1 1 1 1 1 1 1 1 1 1 1 1 1 
1 1 1 1 1 1 1 1 1 1 1 1 1 1 1 1 1 1 1 1 
1 1 1 1 1 1 1 1 1 1 1 1 1 1 1 1 1 1 1 1 
1 1 1 1 1 1 1 1 1 1 1 1 1 1 1 1 1 1 1 1 
1 1 1 1 1 1 1 1 1 1 1 1 1 1 1 1 1 1 1 1 
1 1 1 1 1 1 1 1 1 1 1 1 1 1 1 1 1 1 1 1 
1 1 1 1 1 1 1 1 1 1 1 1 1 1 1 1 1 1 1 1 
1 1 1 1 1 1 1 1 1 1 1 1 1 1 1 1 1 1 1 1 
1 1 1 1 1 1 1 1 1 1 1 1 1 1 1 1 1 1 1 1 
1 0 0 0
1 0 0 13
1 0 0 15
1 0 0 17
2 0 0
1 0 5 0
1 0 5 2
1 0 5 3
1 0 5 12
1 0 5 18
2 0 5
1 0 10 7
1 0 10 8
1 0 10 13
1 0 10 15
1 0 10 15
2 0 10
1 0 15 0
1 0 15 5
1 0 15 5
1 0 15 6
1 0 15 11
2 0 15
1 1 0 2
1 1 0 2
1 1 0 6
1 1 0 12
1 1 0 15
2 1 0
1 1 5 1
1 1 5 11
1 1 5 13
1 1 5 15
1 1 5 16
2 1 5
1 1 10 4
1 1 10 5
1 1 10 10
1 1 10 11
1 1 10 18
2 1 10
1 1 15 9
1 1 15 11
1 1 15 12
1 1 15 12
1 1 15 17
2 1 15
1 2 0 1
1 2 0 3
1 2 0 7
1 2 0 14
1 2 0 17
2 2 0
1 2 5 0
1 2 5 1
1 2 5 2
1 2 5 6
1 2 5 14
2 2 5
1 2 10 3
1 2 10 6
1 2 10 7
1 2 10 8
1 2 10 16
2 2 10
1 2 15 7
1 2 15 7
1 2 15 13
1 2 15 15
1 2 15 17
2 2 15
1 3 0 1
1 3 0 1
1 3 0 2
1 3 0 8
1 3 0 13
2 3 0
1 1 15 11
2 1 15
1 3 5 2
1 3 5 11
1 3 5 11
1 3 5 16
1 3 5 17
2 3 5
3 1 10
1 1 10 5
2 1 10
1 3 10 4
1 3 10 5
1 3 10 7
1 3 10 12
1 3 10 17
2 3 10
1 3 15 0
1 3 15 1
1 3 15 13
1 3 15 13
1 3 15 18
2 3 15
1 4 0 0
1 4 0 2
1 4 0 5
1 4 0 11
1 4 0 15
2 4 0
1 2 15 14
2 2 15
1 4 5 7
1 4 5 10
1 4 5 11
1 4 5 12
1 4 5 15
2 4 5
1 4 10 6
1 4 10 9
1 4 10 12
1 4 10 18
2 4 10
1 4 15 0
1 4 15 3
1 4 15 5
1 4 15 6
1 4 15 16
2 4 15
1 5 0 6
1 5 0 6
1 5 0 11
1 5 0 14
1 5 0 14
2 5 0
1 5 5 6
1 5 5 7
1 5 5 11
1 5 5 12
1 5 5 18
2 5 5
1 5 10 1
1 5 10 6
1 5 10 7
1 5 10 8
1 5 10 14
2 5 10
1 5 15 3
1 5 15 7
1 5 15 15
1 5 15 15
1 5 15 17
2 5 15
1 6 0 10
1 6 0 10
1 6 0 13
1 6 0 15
1 6 0 16
2 6 0
1 4 10 7
1 4 10 11
2 4 10
1 6 5 1
1 6 5 7
1 6 5 9
1 6 5 12
1 6 5 17
2 6 5
1 6 10 6
1 6 10 8
1 6 10 12
1 6 10 12
1 6 10 17
2 6 10
1 6 15 2
1 6 15 4
1 6 15 6
1 6 15 7
1 6 15 15
2 6 15
1 4 5 17
2 4 5
1 7 0 2
1 7 0 7
1 7 0 10
1 7 0 11
1 7 0 16
2 7 0
1 7 5 0
1 7 5 5
1 7 5 9
1 7 5 11
2 7 5
1 7 10 0
1 7 10 3
1 7 10 6
1 7 10 9
1 7 10 11
2 7 10
1 7 15 4
1 7 15 5
1 7 15 9
1 7 15 10
1 7 15 10
2 7 15
1 8 0 2
1 8 0 3
1 8 0 4
1 8 0 14
1 8 0 17
2 8 0
1 8 5 6
1 8 5 8
1 8 5 11
1 8 5 13
1 8 5 15
2 8 5
1 8 10 5
1 8 10 7
1 8 10 8
1 8 10 11
1 8 10 15
2 8 10
1 8 15 10
1 8 15 12
1 8 15 15
1 8 15 15
1 8 15 16
2 8 15
1 9 0 9
1 9 0 11
1 9 0 12
1 9 0 16
1 9 0 17
2 9 0
1 9 5 4
1 9 5 5
1 9 5 7
1 9 5 10
1 9 5 17
2 9 5
1 9 10 2
1 9 10 6
1 9 10 7
1 9 10 7
1 9 10 11
2 9 10
1 9 15 2
1 9 15 9
1 9 15 10
1 9 15 12
1 9 15 12
2 9 15
1 10 0 4
1 10 0 5
1 10 0 10
1 10 0 10
1 10 0 15
2 10 0
1 10 5 1
1 10 5 7
1 10 5 7
1 10 5 11
1 10 5 15
2 10 5
1 0 5 2
2 0 5
1 2 0 16
2 2 0
1 10 10 3
1 10 10 3
1 10 10 7
1 10 10 16
1 10 10 18
2 10 10
1 10 15 6
1 10 15 11
1 10 15 11
1 10 15 14
1 10 15 16
2 10 15
1 11 0 1
1 11 0 5
1 11 0 8
1 11 0 10
1 11 0 12
2 11 0
1 11 5 7
1 11 5 10
1 11 5 10
1 11 5 14
1 11 5 14
2 11 5
1 7 5 7
1 7 5 15
2 7 5
1 11 10 1
1 11 10 5
1 11 10 10
1 11 10 12
1 11 10 14
2 11 10
1 11 15 3
1 11 15 11
1 11 15 12
1 11 15 14
1 11 15 18
2 11 15
1 12 0 0
1 12 0 1
1 12 0 5
1 12 0 11
2 12 0
1 12 5 7
1 12 5 8
1 12 5 8
1 12 5 9
1 12 5 16
2 12 5
1 12 10 2
1 12 10 11
1 12 10 12
1 12 10 15
1 12 10 15
2 12 10
1 6 0 11
2 6 0
1 12 15 3
1 12 15 7
1 12 15 8
1 12 15 15
1 12 15 15
2 12 15
1 9 10 16
2 9 10
1 6 0 14
2 6 0
1 13 0 1
1 13 0 2
1 13 0 2
1 13 0 7
1 13 0 16
2 13 0
1 13 5 4
1 13 5 9
1 13 5 9
1 13 5 11
1 13 5 17
2 13 5
1 13 10 0
1 13 10 5
1 13 10 9
1 13 10 10
1 13 10 15
2 13 10
1 13 15 1
1 13 15 1
1 13 15 1
1 13 15 9
1 13 15 13
2 13 15
1 14 0 11
1 14 0 11
1 14 0 11
1 14 0 11
1 14 0 17
2 14 0
1 14 5 2
1 14 5 3
1 14 5 12
1 14 5 14
1 14 5 18
2 14 5
1 14 10 3
1 14 10 3
1 14 10 12
1 14 10 12
1 14 10 15
2 14 10
1 14 15 5
1 14 15 9
1 14 15 10
1 14 15 11
1 14 15 18
2 14 15
1 15 0 3
1 15 0 7
1 15 0 7
1 15 0 16
2 15 0
1 15 5 3
1 15 5 8
1 15 5 10
1 15 5 14
1 15 5 16
2 15 5
1 15 10 6
1 15 10 7
1 15 10 14
1 15 10 17
2 15 10
1 15 15 2
1 15 15 2
1 15 15 7
1 15 15 11
1 15 15 14
2 15 15
1 16 0 6
1 16 0 9
1 16 0 9
1 16 0 11
1 16 0 12
2 16 0
1 11 0 12
2 11 0
1 16 5 0
1 16 5 2
1 16 5 3
1 16 5 16
1 16 5 17
2 16 5
1 16 10 1
1 16 10 2
1 16 10 6
1 16 10 7
1 16 10 16
2 16 10
1 16 15 2
1 16 15 6
1 16 15 12
1 16 15 12
1 16 15 15
2 16 15
1 17 0 2
1 17 0 4
1 17 0 9
1 17 0 9
1 17 0 12
2 17 0
1 17 5 2
1 17 5 6
1 17 5 16
2 17 5
1 17 10 5
1 17 10 9
1 17 10 10
1 17 10 16
2 17 10
1 17 5 3
1 17 5 14
1 17 5 15
2 17 5
1 17 15 2
1 17 15 7
1 17 15 7
1 17 15 7
1 17 15 15
2 17 15
1 18 0 0
1 18 0 1
1 18 0 13
1 18 0 18
2 18 0
1 15 0 2
1 15 0 2
2 15 0
1 18 5 0
1 18 5 6
1 18 5 9
1 18 5 13
1 18 5 14
2 18 5
1 18 10 2
1 18 10 11
1 18 10 12
2 18 10
2 7 0
1 18 0 9
1 18 0 12
2 18 0
1 18 15 3
1 18 15 3
1 18 15 7
1 18 15 9
1 18 15 12
2 18 15
1 19 0 2
1 19 0 8
1 19 0 8
1 19 0 12
1 19 0 14
2 19 0
1 19 5 2
1 19 5 2
1 19 5 10
1 19 5 14
1 19 5 15
2 19 5
1 19 10 0
1 19 10 6
1 19 10 7
1 19 10 11
1 19 10 16
2 19 10
1 19 15 0
1 19 15 0
1 19 15 5
1 19 15 6
1 19 15 17
2 19 15
3 0 10
1 0 10 0
2 0 10
3 0 0
3 0 0
1 0 0 10
1 0 0 16
2 0 0
1 18 10 6
1 18 10 6
1 18 10 16
2 18 10
3 8 0
1 8 0 1
2 8 0
1 17 5 0
2 17 5
1 8 0 11
1 8 0 12
2 8 0
1 0 0 1
1 0 0 5
1 0 0 12
2 0 0
1 0 10 2
1 0 10 16
2 0 10
1 14 10 5
2 14 10
1 19 5 8
2 19 5
3 12 0
1 12 0 15
1 12 0 17
2 12 0
1 5 0 9
2 5 0
2 17 5
3 7 5
3 7 5
1 7 5 1
2 7 5
1 7 0 6
1 7 0 10
2 7 0
1 7 5 5
1 7 5 11
1 7 5 11
2 7 5
1 5 10 5
2 5 10
1 3 5 11
2 3 5
3 6 5
1 6 5 14
2 6 5
3 12 15
1 12 15 15
2 12 15
1 16 10 2
2 16 10
1 6 0 3
2 6 0
3 6 5
1 6 5 9
1 6 5 10
2 6 5
1 15 10 4
1 15 10 4
2 15 10
1 17 0 17
2 17 0
1 17 5 3
1 17 5 15
2 17 5
1 10 5 7
2 10 5
1 17 10 10
1 17 10 11
2 17 10
3 19 15
1 19 15 8
2 19 15
1 18 10 16
2 18 10
1 13 15 14
2 13 15
3 16 10
1 16 10 0
2 16 10
3 6 10
1 6 10 8
2 6 10
1 11 15 4
2 11 15
1 19 10 1
2 19 10
3 18 0
1 18 0 15
2 18 0
3 15 15
3 15 15
1 15 15 12
2 15 15
1 15 15 2
1 15 15 15
1 15 15 15
2 15 15
3 0 0
3 0 0
3 0 0
3 0 0
1 0 0 1
1 0 0 8
1 0 0 12
1 0 0 13
1 0 0 14
2 0 0
1 15 5 14
2 15 5
3 6 10
1 6 10 2
1 6 10 11
2 6 10
1 1 0 11
2 1 0
1 13 10 16
2 13 10
1 10 5 7
2 10 5
1 19 15 13
1 19 15 17
2 19 15
1 18 10 10
2 18 10
3 7 10
3 7 10
1 7 10 5
2 7 10
3 17 5
1 17 5 7
2 17 5
1 6 0 4
2 6 0
1 7 10 5
1 7 10 10
2 7 10
1 14 10 18
2 14 10
1 7 15 7
2 7 15
3 18 0
1 18 0 10
1 18 0 10
2 18 0
3 6 10
1 6 10 5
1 6 10 10
2 6 10
1 15 10 15
2 15 10
1 17 5 0
1 17 5 6
2 17 5
3 14 15
1 14 15 16
2 14 15
1 18 0 10
1 18 0 14
2 18 0
3 4 0
1 4 0 12
2 4 0
1 8 10 5
2 8 10
1 1 10 4
1 1 10 17
2 1 10
1 19 10 5
2 19 10
1 6 10 5
1 6 10 11
2 6 10
1 1 15 12
2 1 15
1 19 15 8
2 19 15
1 4 5 0
2 4 5
1 9 15 9
2 9 15
1 0 15 16
2 0 15
3 1 5
1 1 5 1
2 1 5
1 18 0 5
2 18 0
3 4 5
1 4 5 6
2 4 5
1 4 0 8
1 4 0 10
2 4 0
2 6 15
1 4 5 2
1 4 5 15
2 4 5
1 16 10 8
1 16 10 12
2 16 10
1 7 10 4
1 7 10 11
2 7 10
3 0 0
3 0 0
3 0 0
3 0 0
1 0 0 7
1 0 0 9
1 0 0 9
1 0 0 12
2 0 0
1 15 5 5
2 15 5
1 0 0 6
1 0 0 7
2 0 0
2 5 10
1 1 5 7
1 1 5 9
2 1 5
1 6 5 7
1 6 5 11
2 6 5
1 15 5 8
2 15 5
1 16 10 6
2 16 10
1 13 0 0
2 13 0
2 18 10
3 10 5
1 10 5 1
2 10 5
1 9 0 16
2 9 0
1 9 10 14
2 9 10
1 5 10 7
1 5 10 11
2 5 10
1 14 15 3
1 14 15 14
2 14 15
2 4 15
3 10 5
1 10 5 11
1 10 5 16
2 10 5
1 3 15 14
2 3 15
1 3 0 12
2 3 0
1 13 0 2
2 13 0
1 1 10 7
2 1 10
1 4 0 17
2 4 0
1 1 0 16
2 1 0
2 10 5
3 14 5
3 14 5
1 14 5 2
2 14 5
1 9 15 2
2 9 15
1 10 5 0
1 10 5 2
1 10 5 5
2 10 5
1 12 10 13
2 12 10
3 17 15
1 17 15 8
2 17 15
1 7 15 17
2 7 15
3 12 15
1 12 15 16
2 12 15
1 10 10 5
2 10 10
1 17 15 2
2 17 15
1 12 0 1
1 12 0 12
2 12 0
3 15 10
1 15 10 6
2 15 10
3 18 5
1 18 5 3
2 18 5
1 12 15 1
1 12 15 9
1 12 15 12
2 12 15
1 14 5 11
1 14 5 11
2 14 5
1 14 5 9
1 14 5 15
2 14 5
2 16 15
1 6 15 0
1 6 15 18
2 6 15
1 0 5 12
2 0 5
1 3 15 1
2 3 15
1 7 5 17
2 7 5
3 0 0
3 0 0
3 0 0
3 0 0
1 0 0 6
1 0 0 10
1 0 0 13
1 0 0 16
1 0 0 16
2 0 0
1 4 5 7
2 4 5
1 4 15 9
1 4 15 17
2 4 15
1 18 5 14
2 18 5
1 16 15 17
2 16 15
1 11 10 8
2 11 10
1 18 5 1
1 18 5 17
2 18 5
3 0 0
3 0 0
3 0 0
3 0 0
1 0 0 1
1 0 0 9
1 0 0 10
1 0 0 12
1 0 0 13
2 0 0
1 17 15 5
1 17 15 11
2 17 15
1 9 0 15
2 9 0
1 18 10 0
1 18 10 9
2 18 10
2 17 15
1 16 15 3
1 16 15 7
2 16 15
1 8 0 1
2 8 0
1 13 15 10
2 13 15
1 18 10 3
2 18 10
1 19 15 0
2 19 15
1 18 5 14
2 18 5
1 15 10 5
1 15 10 11
2 15 10
1 2 5 14
2 2 5
1 2 5 17
2 2 5
3 5 0
1 5 0 15
2 5 0
1 4 5 1
2 4 5
3 5 15
1 5 15 5
2 5 15
1 5 0 5
1 5 0 10
2 5 0
1 13 15 2
2 13 15
1 9 15 9
2 9 15
1 7 5 3
2 7 5
3 3 10
1 3 10 3
2 3 10
1 0 0 1
2 0 0
3 17 15
3 17 15
1 17 15 6
1 17 15 10
2 17 15
3 5 15
1 5 15 9
1 5 15 15
2 5 15
1 17 15 4
1 17 15 14
1 17 15 15
2 17 15
3 0 0
3 0 0
3 0 0
3 0 0
1 0 0 2
1 0 0 6
1 0 0 7
1 0 0 7
1 0 0 7
2 0 0
1 3 10 9
1 3 10 9
2 3 10
3 0 0
1 0 0 14
2 0 0
2 1 5
3 0 0
3 0 0
3 0 0
1 0 0 2
1 0 0 10
1 0 0 11
1 0 0 12
1 0 0 15
2 0 0
1 1 5 7
1 1 5 8
2 1 5
1 17 15 17
2 17 15
3 9 10
3 9 10
3 9 10
1 9 10 6
2 9 10
1 9 10 9
1 9 10 11
1 9 10 11
1 9 10 14
2 9 10
1 3 5 10
2 3 5
1 9 0 8
2 9 0
1 4 15 4
2 4 15
1 8 5 18
2 8 5
1 5 0 15
2 5 0
1 12 5 15
2 12 5
3 4 0
1 4 0 4
2 4 0
1 4 0 6
2 4 0
1 12 5 9
2 12 5
2 9 0
1 16 0 8
2 16 0
1 14 10 9
2 14 10
1 4 10 16
2 4 10
1 14 0 17
2 14 0
1 2 5 0
2 2 5
1 5 15 4
2 5 15
1 3 0 12
2 3 0
1 9 0 1
1 9 0 14
2 9 0
1 17 0 10
2 17 0
1 4 0 2
1 4 0 5
2 4 0
3 0 0
3 0 0
3 0 0
3 0 0
1 0 0 1
1 0 0 5
1 0 0 6
1 0 0 9
2 0 0
1 5 15 8
1 5 15 16
2 5 15
3 0 0
3 0 0
3 0 0
1 0 0 3
1 0 0 5
1 0 0 10
1 0 0 10
1 0 0 12
2 0 0
1 11 5 3
2 11 5
1 5 15 13
2 5 15
1 1 5 18
2 1 5
1 4 15 13
2 4 15
3 4 10
3 4 10
1 4 10 1
2 4 10
1 0 5 17
2 0 5
3 4 10
1 4 10 5
1 4 10 10
1 4 10 11
2 4 10
1 10 5 17
2 10 5
3 0 10
1 0 10 1
2 0 10
1 14 10 7
2 14 10
1 16 0 18
2 16 0
1 5 10 16
2 5 10
1 18 5 1
2 18 5
3 3 10
1 3 10 13
2 3 10
1 0 10 15
2 0 10
1 9 10 10
2 9 10
1 4 10 10
1 4 10 17
2 4 10
1 14 5 15
2 14 5
2 19 15
1 3 10 11
1 3 10 15
2 3 10
3 19 0
1 19 0 13
2 19 0
1 11 0 18
2 11 0
3 0 10
1 0 10 12
1 0 10 15
2 0 10
1 13 15 18
2 13 15
1 19 15 8
1 19 15 15
2 19 15
1 0 10 6
1 0 10 16
2 0 10
1 8 15 17
2 8 15
1 9 10 15
2 9 10
3 19 0
1 19 0 1
1 19 0 18
2 19 0
1 5 10 3
2 5 10
1 17 10 7
2 17 10
3 7 5
1 7 5 11
2 7 5
1 7 5 5
2 7 5
1 9 0 13
2 9 0
1 17 15 14
2 17 15
1 19 0 11
1 19 0 14
2 19 0
1 11 5 18
2 11 5
3 13 10
1 13 10 8
2 13 10
3 12 0
1 12 0 5
2 12 0
1 12 0 0
1 12 0 2
2 12 0
1 9 5 3
2 9 5
3 13 0
1 13 0 8
2 13 0
1 7 15 12
2 7 15
3 1 0
1 1 0 8
2 1 0
1 10 15 7
2 10 15
1 0 15 10
2 0 15
1 15 0 3
2 15 0
1 18 5 4
2 18 5
1 18 5 3
2 18 5
1 8 10 8
2 8 10
1 13 10 0
1 13 10 12
2 13 10
1 13 0 7
1 13 0 12
2 13 0
2 2 0
1 12 0 8
2 12 0
3 2 0
3 2 0
1 2 0 8
1 2 0 16
2 2 0
3 18 15
3 18 15
1 18 15 16
2 18 15
3 9 5
1 9 5 7
2 9 5
1 18 15 7
1 18 15 8
1 18 15 15
2 18 15
2 5 10
2 1 15
1 18 5 13
2 18 5
3 18 10
1 18 10 18
2 18 10
1 2 0 6
1 2 0 7
1 2 0 17
2 2 0
1 16 0 10
2 16 0
1 19 10 5
2 19 10
1 6 5 11
2 6 5
1 5 10 4
1 5 10 16
2 5 10
1 9 5 4
1 9 5 5
2 9 5
1 7 5 7
1 7 5 18
2 7 5
1 7 5 7
2 7 5
3 19 10
1 19 10 6
2 19 10
2 17 0
1 18 10 3
1 18 10 16
2 18 10
1 10 5 1
2 10 5
1 19 10 11
1 19 10 15
2 19 10
1 7 15 18
2 7 15
1 17 0 2
1 17 0 9
2 17 0
1 11 5 7
2 11 5
1 1 15 8
1 1 15 13
2 1 15
2 19 10
1 5 5 17
2 5 5
1 15 5 10
2 15 5
3 10 10
1 10 10 9
2 10 10
1 10 0 15
2 10 0
1 17 5 14
2 17 5
3 0 0
3 0 0
3 0 0
3 0 0
1 0 0 5
1 0 0 5
1 0 0 9
1 0 0 11
1 0 0 12
2 0 0
1 4 5 12
2 4 5
1 19 5 10
2 19 5
1 6 0 18
2 6 0
1 9 10 15
2 9 10
1 1 0 15
1 1 0 15
2 1 0
2 6 5
1 10 10 5
1 10 10 7
2 10 10
1 19 10 4
2 19 10
1 7 15 15
2 7 15
3 19 10
3 19 10
1 19 10 2
1 19 10 2
2 19 10
1 6 5 6
1 6 5 16
2 6 5
1 15 10 7
2 15 10
1 9 0 7
2 9 0
1 11 0 10
2 11 0
3 16 0
1 16 0 5
2 16 0
1 19 15 17
2 19 15
3 19 10
1 19 10 4
1 19 10 12
1 19 10 17
2 19 10
1 13 15 7
2 13 15
1 17 5 18
2 17 5
1 0 15 3
2 0 15
3 9 0
1 9 0 6
2 9 0
1 16 0 8
1 16 0 15
2 16 0
1 5 15 0
2 5 15
1 3 0 10
2 3 0
2 8 5
1 18 15 18
2 18 15
1 9 0 0
1 9 0 6
2 9 0
1 1 5 12
2 1 5
1 15 15 7
2 15 15
1 3 0 4
2 3 0
3 8 15
1 8 15 7
2 8 15
1 3 0 9
2 3 0
3 0 10
1 0 10 18
2 0 10
1 8 15 11
1 8 15 17
2 8 15
1 18 0 10
2 18 0
3 8 5
1 8 5 9
1 8 5 16
2 8 5
1 9 10 12
2 9 10
1 10 10 1
2 10 10
1 9 15 9
2 9 15
1 3 5 14
2 3 5
1 8 5 4
2 8 5
1 2 5 17
2 2 5
3 8 5
1 8 5 2
1 8 5 8
2 8 5
1 8 5 7
1 8 5 15
2 8 5
1 6 10 0
2 6 10
1 5 5 2
2 5 5
1 3 0 16
2 3 0
1 3 15 8
2 3 15
3 0 5
1 0 5 5
2 0 5
1 10 0 9
2 10 0
1 15 10 11
2 15 10
1 0 5 3
1 0 5 16
2 0 5
1 2 10 14
2 2 10
1 2 15 0
2 2 15
3 6 0
1 6 0 18
2 6 0
3 16 10
3 16 10
1 16 10 10
2 16 10
1 8 5 6
2 8 5
1 16 10 4
1 16 10 5
1 16 10 17
2 16 10
1 10 5 13
2 10 5
1 4 0 7
2 4 0
1 12 10 10
2 12 10
1 7 5 8
2 7 5
1 17 10 10
2 17 10
1 14 15 18
2 14 15
3 10 10
1 10 10 0
2 10 10
1 14 10 11
2 14 10
3 4 0
3 4 0
1 4 0 8
2 4 0
1 10 10 6
1 10 10 16
2 10 10
3 6 0
1 6 0 8
1 6 0 14
2 6 0
1 6 0 3
1 6 0 11
2 6 0
3 19 10
1 19 10 0
1 19 10 11
2 19 10
1 15 15 10
2 15 15
1 14 5 5
2 14 5
1 0 15 6
2 0 15
1 14 0 16
2 14 0
1 17 10 5
2 17 10
1 4 5 15
2 4 5
1 3 15 7
2 3 15
1 0 10 3
2 0 10
1 18 0 0
2 18 0
3 0 0
3 0 0
3 0 0
3 0 0
1 0 0 5
1 0 0 6
1 0 0 7
1 0 0 11
1 0 0 12
2 0 0
2 16 10
1 19 0 15
2 19 0
1 4 0 7
1 4 0 7
1 4 0 15
2 4 0
1 16 10 5
1 16 10 15
2 16 10
1 4 0 6
2 4 0
1 19 10 8
1 19 10 9
2 19 10
1 8 10 11
2 8 10
1 10 15 3
2 10 15
1 6 10 2
2 6 10
1 1 10 8
2 1 10
1 6 0 17
2 6 0
1 17 5 9
2 17 5
3 15 0
1 15 0 8
2 15 0
2 4 10
1 18 5 12
2 18 5
1 17 15 11
2 17 15
1 8 10 10
2 8 10
3 5 15
1 5 15 15
2 5 15
1 4 10 10
1 4 10 14
2 4 10
3 0 10
1 0 10 8
1 0 10 11
2 0 10
3 16 15
1 16 15 16
2 16 15
1 18 10 1
2 18 10
1 5 15 11
1 5 15 11
2 5 15
3 4 10
3 4 10
1 4 10 7
2 4 10
1 11 0 9
2 11 0
1 4 10 1
1 4 10 7
1 4 10 15
2 4 10
2 7 5
1 19 0 6
2 19 0
1 16 5 11
2 16 5
1 12 10 7
2 12 10
1 2 0 5
2 2 0
3 8 15
1 8 15 16
2 8 15
3 7 5
3 7 5
1 7 5 5
1 7 5 11
2 7 5
1 7 5 2
1 7 5 4
1 7 5 15
2 7 5
1 0 15 16
2 0 15
1 4 10 9
2 4 10
1 1 5 7
2 1 5
1 18 15 11
2 18 15
3 15 5
1 15 5 7
2 15 5
1 6 5 8
2 6 5
1 15 5 7
1 15 5 17
2 15 5
1 3 10 15
2 3 10
1 19 0 10
2 19 0
1 3 5 6
2 3 5
1 5 0 6
2 5 0
1 16 15 9
2 16 15
1 16 15 0
1 16 15 8
2 16 15
1 8 5 6
2 8 5
1 9 5 9
2 9 5
1 12 10 16
2 12 10
1 5 5 8
2 5 5
1 12 15 1
2 12 15
1 0 10 3
1 0 10 12
2 0 10
3 2 10
1 2 10 1
2 2 10
1 10 15 18
2 10 15
1 1 5 6
2 1 5
1 5 0 4
2 5 0
3 18 15
1 18 15 1
2 18 15
1 19 10 11
2 19 10
1 8 15 3
2 8 15
1 15 0 16
2 15 0
1 7 0 16
2 7 0
1 17 5 10
2 17 5
3 8 15
1 8 15 11
1 8 15 16
2 8 15
1 17 0 12
2 17 0
1 18 0 2
2 18 0
1 2 5 7
2 2 5
1 0 0 10
2 0 0
1 4 15 1
2 4 15
2 9 10
1 12 10 1
2 12 10
1 15 0 13
1 15 0 15
2 15 0
1 13 5 7
2 13 5
1 18 0 5
2 18 0
1 18 15 7
1 18 15 13
2 18 15
1 9 10 5
1 9 10 6
2 9 10
3 18 5
3 18 5
1 18 5 15
2 18 5
1 17 0 6
2 17 0
3 3 0
1 3 0 11
2 3 0
1 7 0 13
2 7 0
1 9 5 12
2 9 5
1 13 0 8
2 13 0
1 19 10 5
2 19 10
1 3 0 3
1 3 0 5
2 3 0
1 19 0 14
2 19 0
1 13 15 4
2 13 15
1 9 0 15
2 9 0
1 18 5 0
1 18 5 13
1 18 5 15
2 18 5
1 8 15 4
1 8 15 11
2 8 15
1 2 5 3
2 2 5
2 9 0
1 9 0 3
1 9 0 16
2 9 0
1 13 10 2
2 13 10
1 7 0 1
2 7 0
1 6 5 5
2 6 5
1 11 10 10
2 11 10
1 15 0 14
2 15 0
1 1 5 1
2 1 5
3 0 0
1 0 0 10
2 0 0
1 15 5 1
2 15 5
1 2 10 6
1 2 10 14
2 2 10
1 18 0 10
2 18 0
1 9 0 10
2 9 0
1 0 0 1
1 0 0 13
2 0 0
1 2 10 1
2 2 10
1 10 0 0
2 10 0
3 0 0
3 0 0
3 0 0
3 0 0
1 0 0 9
1 0 0 9
1 0 0 9
1 0 0 16
2 0 0
1 12 5 12
2 12 5
3 0 0
3 0 0
3 0 0
1 0 0 3
1 0 0 4
1 0 0 5
1 0 0 6
1 0 0 11
2 0 0
1 18 10 5
2 18 10
1 4 10 5
2 4 10
3 17 15
1 17 15 0
2 17 15
1 1 15 15
2 1 15
2 0 15
2 8 10
3 17 0
1 17 0 7
2 17 0
1 15 10 7
2 15 10
3 14 0
1 14 0 10
2 14 0
1 16 15 9
2 16 15
1 17 15 2
1 17 15 11
2 17 15
3 0 0
3 0 0
3 0 0
3 0 0
1 0 0 3
1 0 0 5
1 0 0 9
1 0 0 11
1 0 0 16
2 0 0
1 7 10 17
2 7 10
1 17 0 8
1 17 0 14
2 17 0
1 4 5 11
2 4 5
3 0 15
1 0 15 0
1 0 15 2
2 0 15
3 15 0
1 15 0 1
2 15 0
1 7 0 14
2 7 0
1 14 0 11
1 14 0 11
2 14 0
3 2 0
1 2 0 10
2 2 0
3 0 15
1 0 15 2
1 0 15 12
2 0 15
3 19 15
1 19 15 16
2 19 15
1 17 10 10
2 17 10
1 19 10 5
2 19 10
1 15 0 7
1 15 0 9
2 15 0
1 14 10 16
2 14 10
1 8 10 2
1 8 10 7
2 8 10
1 7 15 2
2 7 15
3 3 15
1 3 15 7
2 3 15
1 8 0 6
2 8 0
1 1 5 3
2 1 5
3 3 15
1 3 15 1
1 3 15 17
2 3 15
1 0 15 3
1 0 15 11
2 0 15
1 0 5 0
2 0 5
1 3 15 7
1 3 15 16
2 3 15
1 4 15 4
2 4 15
1 19 0 3
2 19 0
1 15 0 7
2 15 0
3 18 0
1 18 0 8
2 18 0
1 5 0 12
2 5 0
1 17 0 2
2 17 0
1 2 0 1
1 2 0 13
2 2 0
1 15 15 11
2 15 15
2 17 5
1 12 5 11
2 12 5
1 11 10 5
2 11 10
1 7 10 9
2 7 10
1 4 0 14
2 4 0
3 13 15
1 13 15 6
2 13 15
1 6 10 4
2 6 10
3 6 0
1 6 0 12
2 6 0
1 2 10 12
2 2 10
3 8 15
3 8 15
3 8 15
1 8 15 8
2 8 15
1 8 15 0
1 8 15 5
1 8 15 17
2 8 15
1 0 5 17
2 0 5
1 6 0 4
1 6 0 10
2 6 0
1 5 15 16
2 5 15
1 18 10 4
2 18 10
1 18 0 6
1 18 0 11
2 18 0
1 3 10 12
2 3 10
1 19 15 10
1 19 15 17
2 19 15
3 14 5
1 14 5 1
2 14 5
1 10 5 4
2 10 5
1 17 5 0
1 17 5 5
2 17 5
1 8 15 1
1 8 15 7
2 8 15
1 12 5 12
2 12 5
3 0 0
3 0 0
3 0 0
3 0 0
1 0 0 3
1 0 0 4
1 0 0 5
1 0 0 7
1 0 0 7
2 0 0
1 14 5 11
1 14 5 12
2 14 5
1 1 0 5
2 1 0
2 1 15
3 4 0
1 4 0 2
2 4 0
1 9 0 16
2 9 0
1 1 10 10
2 1 10
1 0 0 7
2 0 0
1 16 15 3
2 16 15
1 17 10 17
2 17 10
1 15 5 5
2 15 5
1 14 5 12
2 14 5
1 14 0 15
2 14 0
1 15 10 9
2 15 10
1 13 5 11
2 13 5
1 3 5 4
2 3 5
1 4 10 10
2 4 10
1 18 15 12
2 18 15
3 7 10
3 7 10
1 7 10 2
2 7 10
1 7 10 1
1 7 10 3
1 7 10 7
2 7 10
3 15 15
3 15 15
1 15 15 10
2 15 15
1 13 15 5
1 13 15 7
2 13 15
1 17 0 7
2 17 0
1 12 15 10
2 12 15
1 7 5 14
2 7 5
3 11 0
1 11 0 1
2 11 0
1 10 0 5
2 10 0
1 3 5 2
2 3 5
3 15 15
1 15 15 7
1 15 15 8
2 15 15
3 1 15
1 1 15 2
1 1 15 12
2 1 15
1 8 15 17
2 8 15
1 15 10 12
2 15 10
2 13 5
1 15 15 7
1 15 15 7
2 15 15
3 0 0
3 0 0
3 0 0
3 0 0
1 0 0 3
1 0 0 11
1 0 0 13
1 0 0 16
1 0 0 18
2 0 0
3 0 0
3 0 0
3 0 0
3 0 0
1 0 0 1
1 0 0 9
1 0 0 9
1 0 0 12
1 0 0 13
2 0 0
1 2 15 11
2 2 15
1 19 10 10
2 19 10
3 19 10
1 19 10 6
2 19 10
3 1 15
1 1 15 4
1 1 15 15
2 1 15
3 0 0
3 0 0
3 0 0
3 0 0
1 0 0 4
1 0 0 8
1 0 0 8
1 0 0 13
1 0 0 14
2 0 0
1 11 10 9
2 11 10
1 1 15 3
1 1 15 18
2 1 15
1 17 0 8
2 17 0
1 11 5 18
2 11 5
1 4 0 15
1 4 0 15
2 4 0
1 16 0 13
2 16 0
1 18 5 10
2 18 5
1 9 5 17
2 9 5
3 3 0
1 3 0 3
2 3 0
1 1 10 11
2 1 10
1 9 0 5
2 9 0
1 3 0 14
2 3 0
2 13 0
3 3 0
1 3 0 1
1 3 0 16
2 3 0
1 19 10 1
1 19 10 14
2 19 10
1 5 5 7
2 5 5
3 13 0
1 13 0 10
1 13 0 12
2 13 0
3 0 0
3 0 0
3 0 0
3 0 0
1 0 0 8
1 0 0 10
1 0 0 10
1 0 0 13
1 0 0 14
2 0 0
3 3 15
1 3 15 10
2 3 15
1 11 0 9
2 11 0
3 3 0
3 3 0
1 3 0 4
1 3 0 10
2 3 0
3 14 10
1 14 10 7
2 14 10
1 3 5 6
2 3 5
3 14 10
1 14 10 6
1 14 10 7
2 14 10
1 7 5 13
2 7 5
1 10 5 18
2 10 5
3 7 0
1 7 0 6
2 7 0
1 19 10 11
2 19 10
3 15 15
1 15 15 2
1 15 15 4
2 15 15
1 14 10 2
1 14 10 15
2 14 10
1 9 0 1
2 9 0
3 13 5
1 13 5 10
1 13 5 16
2 13 5
3 9 10
1 9 10 2
2 9 10
1 15 15 6
1 15 15 18
2 15 15
1 9 10 14
1 9 10 14
2 9 10
1 12 15 13
2 12 15
1 7 15 9
2 7 15
3 3 0
1 3 0 2
1 3 0 9
2 3 0
1 3 5 5
2 3 5
1 16 5 7
2 16 5
1 11 0 0
1 11 0 11
2 11 0
3 17 5
1 17 5 6
2 17 5
1 2 10 7
2 2 10
1 9 5 8
2 9 5
1 19 15 14
2 19 15
3 3 0
1 3 0 5
1 3 0 11
1 3 0 11
2 3 0
3 3 15
1 3 15 5
1 3 15 15
2 3 15
1 13 5 1
1 13 5 13
2 13 5
1 17 5 7
1 17 5 16
2 17 5
1 15 10 6
2 15 10
1 10 10 7
2 10 10
3 14 5
1 14 5 18
2 14 5
1 8 0 5
2 8 0
3 14 5
1 14 5 11
2 14 5
1 3 0 9
1 3 0 9
2 3 0
1 14 5 1
1 14 5 3
1 14 5 12
2 14 5
1 5 15 15
2 5 15
1 4 0 11
2 4 0
1 3 15 0
2 3 15
1 16 0 3
2 16 0
1 17 15 3
2 17 15
1 11 15 17
2 11 15
3 11 0
1 11 0 7
2 11 0
1 7 0 8
1 7 0 15
2 7 0
1 4 0 14
2 4 0
1 11 10 6
2 11 10
1 2 5 6
2 2 5
1 3 15 3
1 3 15 12
2 3 15
1 15 0 3
2 15 0
1 11 0 9
1 11 0 15
2 11 0
3 2 15
1 2 15 2
2 2 15
1 6 0 13
2 6 0
1 16 0 14
2 16 0
1 17 5 9
2 17 5
3 7 5
1 7 5 8
2 7 5
1 11 15 8
2 11 15
1 14 0 16
2 14 0
3 7 15
1 7 15 0
2 7 15
3 2 15
1 2 15 6
1 2 15 12
2 2 15
1 16 10 3
2 16 10
3 0 0
3 0 0
3 0 0
3 0 0
1 0 0 1
1 0 0 6
1 0 0 9
1 0 0 10
1 0 0 16
2 0 0
1 11 5 3
2 11 5
1 4 10 3
2 4 10
1 7 15 13
1 7 15 14
2 7 15
3 0 0
1 0 0 16
2 0 0
1 11 5 11
2 11 5
3 0 0
3 0 0
3 0 0
1 0 0 4
1 0 0 6
1 0 0 10
1 0 0 17
1 0 0 18
2 0 0
1 13 0 3
1 13 0 17
2 13 0
1 2 10 13
2 2 10
1 7 5 14
1 7 5 15
2 7 5
1 17 0 1
2 17 0
1 16 0 9
2 16 0
1 11 10 16
2 11 10
1 2 15 8
1 2 15 9
2 2 15
1 18 0 15
2 18 0
1 11 10 3
2 11 10
1 8 0 15
2 8 0
1 0 5 7
2 0 5
1 1 0 4
2 1 0
3 15 5
1 15 5 12
2 15 5
2 15 0
1 11 0 18
2 11 0
1 15 0 2
1 15 0 12
2 15 0
3 0 0
3 0 0
1 0 0 12
2 0 0
1 15 5 1
1 15 5 13
2 15 5
1 0 0 9
1 0 0 10
1 0 0 10
2 0 0
3 0 0
3 0 0
3 0 0
3 0 0
1 0 0 1
1 0 0 2
1 0 0 7
1 0 0 9
1 0 0 15
2 0 0
1 16 0 7
2 16 0
1 5 5 18
2 5 5
3 0 5
1 0 5 0
2 0 5
1 1 10 5
2 1 10
3 19 0
1 19 0 6
2 19 0
1 19 0 0
1 19 0 5
2 19 0
3 19 0
1 19 0 7
2 19 0
3 10 5
1 10 5 8
2 10 5
1 19 0 6
1 19 0 14
2 19 0
1 11 10 7
2 11 10
1 13 15 15
2 13 15
3 17 5
1 17 5 11
2 17 5
1 2 0 7
2 2 0
1 10 5 4
1 10 5 13
2 10 5
3 19 0
1 19 0 7
2 19 0
1 8 5 4
2 8 5
1 9 5 17
2 9 5
1 19 0 8
1 19 0 18
2 19 0
1 18 15 1
2 18 15
1 14 10 5
2 14 10
1 10 10 6
2 10 10
1 7 0 7
2 7 0
3 15 0
1 15 0 15
2 15 0
1 3 0 4
2 3 0
1 19 15 11
2 19 15
1 0 5 14
1 0 5 15
2 0 5
3 0 15
1 0 15 16
2 0 15
1 18 10 2
2 18 10
3 15 0
1 15 0 15
2 15 0
1 14 10 10
2 14 10
1 17 5 7
2 17 5
1 19 10 7
2 19 10
1 15 0 5
1 15 0 6
1 15 0 16
2 15 0
1 3 0 2
2 3 0
1 0 15 10
1 0 15 12
2 0 15
1 9 0 5
2 9 0
1 10 15 6
2 10 15
3 13 5
3 13 5
1 13 5 9
2 13 5
3 17 15
1 17 15 5
2 17 15
1 19 15 8
2 19 15
1 16 5 14
2 16 5
3 17 5
1 17 5 15
2 17 5
1 19 0 9
2 19 0
1 13 5 1
1 13 5 4
1 13 5 16
2 13 5
1 17 5 2
1 17 5 7
2 17 5
3 9 15
1 9 15 0
2 9 15
1 14 10 11
2 14 10
1 9 5 12
2 9 5
1 11 0 3
2 11 0
1 1 0 9
2 1 0
1 16 0 12
2 16 0
1 6 5 4
2 6 5
1 17 5 7
1 17 5 7
2 17 5
3 1 10
1 1 10 8
2 1 10
1 9 15 11
1 9 15 17
2 9 15
1 8 5 4
2 8 5
1 0 5 8
2 0 5
1 1 10 7
1 1 10 17
2 1 10
1 17 15 11
1 17 15 15
2 17 15
1 13 10 5
2 13 10
1 13 10 6
2 13 10
1 15 0 8
2 15 0
1 10 0 16
2 10 0
1 7 5 6
2 7 5
1 7 5 14
2 7 5
1 0 0 15
2 0 0
1 19 5 8
2 19 5
1 6 0 15
2 6 0
3 9 0
3 9 0
1 9 0 3
2 9 0
3 9 0
1 9 0 9
1 9 0 9
1 9 0 14
2 9 0
3 18 0
1 18 0 7
2 18 0
1 14 15 16
2 14 15
1 4 5 9
2 4 5
2 6 5
3 5 5
1 5 5 8
2 5 5
1 6 5 5
1 6 5 6
2 6 5
1 9 15 7
2 9 15
1 12 5 1
2 12 5
1 18 0 6
1 18 0 18
2 18 0
1 19 10 3
2 19 10
1 3 10 7
2 3 10
3 11 15
1 11 15 14
2 11 15
1 5 5 11
1 5 5 14
2 5 5
1 10 0 11
2 10 0
3 6 0
1 6 0 5
2 6 0
1 11 15 2
2 11 15
1 11 15 0
1 11 15 6
2 11 15
1 9 0 4
1 9 0 17
2 9 0
1 19 5 14
2 19 5
1 15 10 1
2 15 10
3 6 0
1 6 0 5
1 6 0 10
2 6 0
1 6 0 12
1 6 0 15
2 6 0
1 0 0 5
2 0 0
1 11 10 7
2 11 10
1 0 10 18
2 0 10
1 10 5 15
2 10 5
1 9 15 15
2 9 15
1 13 5 2
2 13 5
3 10 10
3 10 10
1 10 10 5
2 10 10
3 10 10
1 10 10 7
1 10 10 11
1 10 10 15
2 10 10
1 4 5 7
2 4 5
1 12 15 10
2 12 15
1 4 0 12
2 4 0
1 1 10 11
2 1 10
3 10 15
3 10 15
1 10 15 2
2 10 15
1 17 0 2
2 17 0
3 15 15
1 15 15 7
2 15 15
3 10 15
1 10 15 5
1 10 15 10
1 10 15 16
2 10 15
1 0 0 10
2 0 0
3 0 0
3 0 0
3 0 0
3 0 0
1 0 0 3
1 0 0 5
1 0 0 16
1 0 0 18
2 0 0
1 17 0 7
2 17 0
1 6 15 5
2 6 15
1 13 15 6
2 13 15
1 2 0 0
2 2 0
1 0 15 15
2 0 15
1 0 0 3
1 0 0 14
2 0 0
3 18 0
1 18 0 4
2 18 0
1 18 10 16
2 18 10
1 6 0 1
2 6 0
1 12 5 13
2 12 5
3 14 10
1 14 10 8
2 14 10
1 17 15 4
2 17 15
2 7 5
1 4 15 16
2 4 15
1 0 10 2
2 0 10
1 15 5 0
2 15 5
1 12 10 6
2 12 10
1 10 15 7
1 10 15 11
2 10 15
1 14 0 2
2 14 0
1 0 15 2
2 0 15
1 18 0 8
1 18 0 16
2 18 0
1 8 15 15
2 8 15
2 1 0
1 10 10 10
1 10 10 10
2 10 10
1 4 5 18
2 4 5
1 10 10 10
2 10 10
3 0 0
3 0 0
3 0 0
3 0 0
1 0 0 2
1 0 0 10
1 0 0 11
1 0 0 13
1 0 0 15
2 0 0
1 19 5 10
2 19 5
2 4 0
3 14 10
1 14 10 5
1 14 10 10
2 14 10
1 15 15 7
1 15 15 17
2 15 15
1 15 10 18
2 15 10
2 16 5
3 7 5
1 7 5 9
1 7 5 15
2 7 5
3 16 5
1 16 5 3
1 16 5 12
2 16 5
1 14 10 11
1 14 10 16
2 14 10
3 10 5
1 10 5 14
2 10 5
1 0 5 5
2 0 5
1 3 0 10
2 3 0
1 10 5 4
1 10 5 15
2 10 5
3 0 0
3 0 0
3 0 0
3 0 0
1 0 0 4
1 0 0 5
1 0 0 6
1 0 0 14
1 0 0 14
2 0 0
1 18 5 10
2 18 5
1 14 15 10
2 14 15
1 7 5 16
1 7 5 18
2 7 5
2 18 15
1 18 15 6
1 18 15 16
2 18 15
1 15 10 4
2 15 10
1 4 10 16
2 4 10
1 2 0 6
2 2 0
3 9 5
1 9 5 9
2 9 5
1 9 5 0
1 9 5 6
2 9 5
1 5 10 17
2 5 10
3 1 0
3 1 0
1 1 0 1
1 1 0 14
2 1 0
1 6 15 6
2 6 15
1 19 5 16
2 19 5
3 9 15
1 9 15 7
2 9 15
1 9 15 4
1 9 15 9
2 9 15
1 1 0 6
1 1 0 16
2 1 0
1 17 0 17
2 17 0
1 17 15 2
2 17 15
3 15 5
1 15 5 6
2 15 5
3 13 5
1 13 5 1
2 13 5
1 4 0 3
1 4 0 18
2 4 0
1 5 10 11
2 5 10
1 16 5 5
1 16 5 15
2 16 5
1 3 10 7
2 3 10
1 9 0 10
2 9 0
1 15 15 10
2 15 15
1 15 0 10
2 15 0
1 9 5 5
2 9 5
2 17 5
1 19 0 15
2 19 0
1 7 0 7
2 7 0
3 12 10
1 12 10 7
2 12 10
1 17 5 2
1 17 5 7
2 17 5
3 2 5
1 2 5 5
2 2 5
1 11 15 15
2 11 15
1 15 0 12
2 15 0
1 16 15 14
2 16 15
1 9 5 12
2 9 5
1 12 10 14
1 12 10 16
2 12 10
1 10 0 2
2 10 0
1 15 0 6
2 15 0
1 9 0 12
2 9 0
1 0 5 8
2 0 5
1 1 10 7
2 1 10
1 2 5 0
1 2 5 1
2 2 5
1 15 5 7
1 15 5 17
2 15 5
3 19 15
1 19 15 14
2 19 15
1 1 0 0
1 1 0 7
2 1 0
1 9 10 1
2 9 10
1 16 15 9
2 16 15
1 1 5 12
2 1 5
1 0 15 11
2 0 15
1 14 5 8
2 14 5
1 16 10 10
2 16 10
3 18 5
1 18 5 14
2 18 5
1 12 15 11
2 12 15
1 15 0 12
2 15 0
2 18 10
1 9 15 14
2 9 15
1 16 10 4
2 16 10
1 19 5 7
2 19 5
3 5 0
1 5 0 15
2 5 0
1 18 10 7
2 18 10
1 14 10 17
2 14 10
1 9 10 9
2 9 10
3 0 15
3 0 15
1 0 15 0
2 0 15
1 6 15 7
2 6 15
1 0 15 5
1 0 15 9
1 0 15 9
2 0 15
1 4 0 7
2 4 0
1 15 10 5
2 15 10
1 5 0 9
1 5 0 15
2 5 0
1 1 5 5
2 1 5
1 12 15 10
2 12 15
1 6 5 14
2 6 5
1 16 15 5
2 16 15
1 11 10 10
2 11 10
3 6 15
3 6 15
3 6 15
1 6 15 10
2 6 15
