0 1 0 1 0 1 0 1 0 1 0 1 0 1 0 1 0 1 0 
0 1 0 1 0 1 0 1 0 1 0 1 0 1 0 1 0 1 0 
0 1 0 1 0 1 0 1 0 1 0 1 0 1 0 1 0 1 0 
0 1 0 1 0 1 0 1 0 1 0 1 0 1 0 1 0 1 0 
0 1 0 1 0 1 0 1 0 1 0 1 0 1 0 1 0 1 0 
0 1 0 1 0 1 0 1 0 1 0 1 0 1 0 1 0 1 0 
0 1 0 1 0 1 0 1 0 1 0 1 0 1 0 1 0 1 0 
0 1 0 1 0 1 0 1 0 1 0 1 0 1 0 1 0 1 0 
0 1 0 1 0 1 0 1 0 1 0 1 0 1 0 1 0 1 0 
0 1 0 1 0 1 0 1 0 1 0 1 0 1 0 1 0 1 0 
0 1 0 1 0 1 0 1 0 1 0 1 0 1 0 1 0 1 0 
0 1 0 1 0 1 0 1 0 1 0 1 0 1 0 1 0 1 0 
0 1 0 1 0 1 0 1 0 1 0 1 0 1 0 1 0 1 0 
0 1 0 1 0 1 0 1 0 1 0 1 0 1 0 1 0 1 0 
0 1 0 1 0 1 0 1 0 1 0 1 0 1 0 1 0 1 0 
0 1 0 1 0 1 0 1 0 1 0 1 0 1 0 1 0 1 0 
0 1 0 1 0 1 0 1 0 1 0 1 0 1 0 1 0 1 0 
0 1 0 1 0 1 0 1 0 1 0 1 0 1 0 1 0 1 0 
0 1 0 1 0 1 0 1 0 1 0 1 0 1 0 1 0 1 0 
0 1 0 1 0 1 0 1 0 1 0 1 0 1 0 1 0 1 0 
1 1 1 1 1 1 1 1 1 1 1 1 1 1 1 1 1 1 1 1 
1 1 1 1 1 1 1 1 1 1 1 1 1 1 1 1 1 1 1 1 
1 1 1 1 1 1 1 1 1 1 1 1 1 1 1 1 1 1 1 1 
1 1 1 1 1 1 1 1 1 1 1 1 1 1 1 1 1 1 1 1 
1 1 1 1 1 1 1 1 1 1 1 1 1 1 1 1 1 1 1 1 
1 1 1 1 1 1 1 1 1 1 1 1 1 1 1 1 1 1 1 1 
1 1 1 1 1 1 1 1 1 1 1 1 1 1 1 1 1 1 1 1 
1 1 1 1 1 1 1 1 1 1 1 1 1 1 1 1 1 1 1 1 
1 1 1 1 1 1 1 1 1 1 1 1 1 1 1 1 1 1 1 1 
1 1 1 1 1 1 1 1 1 1 1 1 1 1 1 1 1 1 1 1 
1 1 1 1 1 1 1 1 1 1 1 1 1 1 1 1 1 1 1 1 
1 1 1 1 1 1 1 1 1 1 1 1 1 1 1 1 1 1 1 1 
1 1 1 1 1 1 1 1 1 1 1 1 1 1 1 1 1 1 1 1 
1 1 1 1 1 1 1 1 1 1 1 1 1 1 1 1 1 1 1 1 
1 1 1 1 1 1 1 1 1 1 1 1 1 1 1 1 1 1 1 1 
1 1 1 1 1 1 1 1 1 1 1 1 1 1 1 1 1 1 1 1 
1 1 1 1 1 1 1 1 1 1 1 1 1 1 1 1 1 1 1 1 
1 1 1 1 1 1 1 1 1 1 1 1 1 1 1 1 1 1 1 1 
1 1 1 1 1 1 1 1 1 1 1 1 1 1 1 1 1 1 1 1 
1 0 0 11
1 0 0 14
2 0 0
1 0 2 7
1 0 2 10
2 0 2
1 0 4 4
1 0 4 12
2 0 4
1 0 0 11
2 0 0
1 0 6 15
1 0 6 17
2 0 6
2 0 4
1 0 2 14
2 0 2
1 0 4 15
1 0 4 17
2 0 4
1 0 8 2
1 0 8 4
2 0 8
1 0 0 2
2 0 0
1 0 2 7
2 0 2
1 0 10 4
1 0 10 5
2 0 10
1 0 2 11
2 0 2
2 0 4
1 0 2 2
2 0 2
1 0 8 7
2 0 8
1 0 4 8
1 0 4 11
2 0 4
1 0 12 0
1 0 12 7
2 0 12
1 0 8 1
2 0 8
1 0 8 7
2 0 8
1 0 14 7
1 0 14 10
2 0 14
1 0 8 7
2 0 8
1 0 16 13
1 0 16 14
2 0 16
2 0 6
1 0 16 10
2 0 16
1 0 12 2
2 0 12
1 0 16 8
2 0 16
1 0 6 7
2 0 6
1 0 6 7
1 0 6 14
2 0 6
1 0 18 0
1 0 18 15
2 0 18
1 0 6 11
2 0 6
1 0 2 10
2 0 2
1 1 0 15
1 1 0 17
2 1 0
1 0 12 7
2 0 12
1 0 2 7
2 0 2
1 1 2 0
1 1 2 8
2 1 2
1 1 4 7
1 1 4 14
2 1 4
1 1 0 11
2 1 0
1 0 4 14
2 0 4
2 0 18
1 0 4 7
2 0 4
1 1 4 10
2 1 4
2 0 6
1 0 14 14
2 0 14
1 0 6 0
1 0 6 15
2 0 6
1 0 18 15
1 0 18 17
2 0 18
1 1 6 7
1 1 6 14
2 1 6
1 1 6 7
2 1 6
1 1 4 7
2 1 4
1 0 18 7
2 0 18
1 0 10 7
2 0 10
1 0 14 11
2 0 14
2 0 4
1 0 14 7
2 0 14
1 0 16 11
2 0 16
1 1 2 5
2 1 2
1 1 4 11
2 1 4
2 0 14
1 0 4 0
1 0 4 13
2 0 4
1 0 4 7
2 0 4
1 1 4 14
2 1 4
2 0 16
1 0 0 7
2 0 0
1 0 14 7
1 0 14 10
2 0 14
1 1 4 7
2 1 4
1 0 6 7
2 0 6
1 0 16 1
1 0 16 15
2 0 16
1 0 14 2
2 0 14
2 0 2
1 0 2 15
1 0 2 17
2 0 2
1 1 8 3
1 1 8 17
2 1 8
1 1 10 0
1 1 10 8
2 1 10
1 1 12 0
1 1 12 7
2 1 12
2 0 6
1 0 8 7
2 0 8
2 1 4
2 0 4
1 0 2 7
2 0 2
1 0 4 0
1 0 4 8
2 0 4
1 0 0 10
2 0 0
1 1 12 15
2 1 12
1 0 16 4
2 0 16
2 0 2
1 0 2 8
1 0 2 14
2 0 2
1 0 4 2
2 0 4
1 1 10 7
2 1 10
1 0 6 0
1 0 6 15
2 0 6
1 0 18 11
2 0 18
1 1 4 7
1 1 4 10
2 1 4
1 0 2 11
2 0 2
2 1 10
1 1 10 10
1 1 10 15
2 1 10
1 1 4 7
2 1 4
1 1 14 15
1 1 14 17
2 1 14
2 0 6
1 0 2 11
2 0 2
1 1 6 11
2 1 6
1 1 14 7
2 1 14
2 1 14
1 0 6 4
1 0 6 12
2 0 6
1 1 14 0
1 1 14 15
2 1 14
1 1 2 4
2 1 2
2 1 8
1 0 16 11
2 0 16
1 1 8 2
1 1 8 4
2 1 8
2 1 14
1 1 0 7
2 1 0
1 1 14 15
1 1 14 17
2 1 14
1 1 16 7
1 1 16 14
2 1 16
2 0 6
1 0 6 0
1 0 6 15
2 0 6
1 0 16 14
2 0 16
2 1 16
1 1 16 4
1 1 16 12
2 1 16
1 1 18 3
1 1 18 17
2 1 18
2 1 6
1 0 14 4
2 0 14
2 0 12
2 0 0
1 0 16 7
2 0 16
1 0 4 7
2 0 4
1 1 10 14
2 1 10
1 1 2 2
2 1 2
1 0 6 15
2 0 6
1 0 14 12
2 0 14
1 0 2 8
2 0 2
1 1 18 12
2 1 18
1 1 0 10
2 1 0
2 0 16
1 1 2 10
2 1 2
1 1 10 7
2 1 10
1 1 18 7
2 1 18
1 1 14 7
2 1 14
1 0 0 8
1 0 0 14
2 0 0
1 0 0 7
2 0 0
2 1 10
1 0 12 1
1 0 12 15
2 0 12
1 0 8 11
2 0 8
1 1 0 7
2 1 0
2 1 2
1 0 12 10
2 0 12
1 0 16 2
1 0 16 10
2 0 16
1 1 2 0
1 1 2 7
2 1 2
1 0 12 7
2 0 12
2 1 18
2 0 12
1 0 12 3
1 0 12 17
2 0 12
1 1 6 7
1 1 6 14
2 1 6
1 1 6 7
2 1 6
1 0 12 11
2 0 12
1 1 2 13
2 1 2
2 1 12
1 1 10 0
1 1 10 15
2 1 10
1 1 12 7
1 1 12 14
2 1 12
2 0 4
1 0 0 11
2 0 0
1 0 10 7
2 0 10
1 0 4 0
1 0 4 3
2 0 4
1 1 18 13
1 1 18 14
2 1 18
1 1 12 8
2 1 12
1 1 12 11
2 1 12
1 1 6 11
2 1 6
2 1 12
1 1 12 15
1 1 12 17
2 1 12
2 0 0
1 0 0 3
1 0 0 17
2 0 0
1 1 18 6
2 1 18
2 0 0
1 1 10 7
2 1 10
1 0 6 10
2 0 6
1 0 4 10
2 0 4
1 1 12 7
2 1 12
1 0 16 7
2 0 16
2 0 8
1 1 18 2
2 1 18
2 1 12
1 0 0 7
1 0 0 14
2 0 0
1 0 8 2
1 0 8 4
2 0 8
2 0 4
1 1 10 7
2 1 10
1 0 14 10
2 0 14
1 0 4 7
1 0 4 11
2 0 4
2 0 16
1 0 0 7
2 0 0
2 0 14
1 1 4 14
2 1 4
1 0 14 11
1 0 14 14
2 0 14
1 0 16 3
1 0 16 17
2 0 16
1 1 12 0
1 1 12 8
2 1 12
1 2 0 2
1 2 0 10
2 2 0
1 0 4 2
2 0 4
1 1 4 7
2 1 4
1 1 12 2
2 1 12
2 0 12
1 0 14 7
2 0 14
2 0 2
2 0 6
1 0 2 7
1 0 2 10
2 0 2
2 0 14
1 0 16 10
2 0 16
1 2 0 8
2 2 0
1 1 10 10
2 1 10
1 1 0 14
2 1 0
1 0 6 7
1 0 6 11
2 0 6
2 1 12
1 1 10 14
2 1 10
1 0 12 14
1 0 12 15
2 0 12
1 0 14 0
1 0 14 15
2 0 14
1 0 0 11
2 0 0
2 0 14
1 0 16 13
2 0 16
1 0 14 8
1 0 14 11
2 0 14
1 0 12 11
2 0 12
1 1 10 7
2 1 10
1 0 2 2
2 0 2
2 0 14
1 0 14 4
1 0 14 12
2 0 14
1 1 4 7
2 1 4
1 1 12 0
1 1 12 15
2 1 12
2 1 12
1 0 10 14
2 0 10
1 1 12 13
1 1 12 17
2 1 12
1 1 12 7
2 1 12
1 0 2 10
2 0 2
2 0 8
2 0 2
1 2 0 2
2 2 0
1 1 10 12
2 1 10
2 0 0
1 2 0 7
2 2 0
2 0 12
2 1 14
1 0 0 3
1 0 0 17
2 0 0
2 1 12
1 1 0 13
2 1 0
1 0 0 11
2 0 0
1 0 2 1
1 0 2 10
2 0 2
1 0 2 13
2 0 2
1 0 8 4
1 0 8 12
2 0 8
1 0 12 15
1 0 12 17
2 0 12
1 0 12 7
2 0 12
1 0 10 4
2 0 10
1 0 18 2
2 0 18
1 1 12 0
1 1 12 15
2 1 12
1 1 14 8
1 1 14 11
2 1 14
1 2 2 15
1 2 2 17
2 2 2
1 0 16 14
2 0 16
1 1 10 7
2 1 10
2 2 2
1 0 16 7
2 0 16
1 0 10 12
2 0 10
2 0 10
1 0 10 8
1 0 10 11
2 0 10
2 1 2
1 1 12 11
2 1 12
1 1 2 15
1 1 2 17
2 1 2
1 2 2 10
1 2 2 15
2 2 2
1 0 6 14
2 0 6
1 2 0 10
2 2 0
1 2 4 7
1 2 4 14
2 2 4
1 0 6 7
2 0 6
2 2 4
1 2 4 0
1 2 4 15
2 2 4
2 0 6
1 0 6 7
1 0 6 10
2 0 6
1 2 6 0
1 2 6 8
2 2 6
1 2 4 7
2 2 4
1 0 10 14
2 0 10
1 0 10 11
2 0 10
2 1 2
1 2 6 7
2 2 6
2 0 2
1 0 2 15
1 0 2 17
2 0 2
1 1 2 0
1 1 2 7
2 1 2
1 2 8 2
1 2 8 10
2 2 8
1 1 18 10
2 1 18
1 2 10 14
1 2 10 15
2 2 10
1 2 10 11
2 2 10
1 0 16 15
2 0 16
2 2 10
2 1 8
1 0 16 14
2 0 16
1 1 8 0
1 1 8 15
2 1 8
1 1 2 7
2 1 2
1 1 8 7
2 1 8
2 2 8
1 2 8 0
1 2 8 8
2 2 8
2 1 8
1 0 6 7
2 0 6
2 2 6
2 1 0
1 1 0 1
1 1 0 8
2 1 0
1 2 8 7
2 2 8
1 1 0 7
2 1 0
2 2 0
2 0 2
1 1 18 14
2 1 18
1 1 18 13
2 1 18
1 0 2 2
1 0 2 4
2 0 2
2 2 4
1 2 2 14
2 2 2
1 1 8 7
1 1 8 10
2 1 8
1 2 0 15
1 2 0 17
2 2 0
2 2 8
2 0 8
1 1 10 7
2 1 10
2 0 12
1 0 16 11
2 0 16
1 2 2 13
2 2 2
1 0 18 7
2 0 18
1 0 10 7
2 0 10
1 0 8 15
1 0 8 17
2 0 8
1 1 8 2
2 1 8
2 0 8
1 0 8 15
1 0 8 17
2 0 8
2 1 2
2 0 16
1 0 12 0
1 0 12 15
2 0 12
1 0 16 8
1 0 16 11
2 0 16
1 2 2 4
2 2 2
1 1 2 2
1 1 2 7
2 1 2
1 2 4 8
1 2 4 14
2 2 4
1 2 6 14
1 2 6 15
2 2 6
1 0 12 7
2 0 12
1 1 18 10
2 1 18
2 0 12
1 0 12 2
1 0 12 8
2 0 12
2 0 0
1 2 6 11
2 2 6
1 0 12 16
2 0 12
1 0 0 7
1 0 0 10
2 0 0
1 1 18 2
2 1 18
1 1 0 10
2 1 0
1 2 4 11
2 2 4
1 2 8 0
1 2 8 15
2 2 8
1 0 14 10
2 0 14
2 2 8
1 2 8 10
1 2 8 15
2 2 8
2 0 8
1 0 8 0
1 0 8 15
2 0 8
1 0 12 1
2 0 12
1 0 8 7
2 0 8
2 2 0
1 0 6 14
2 0 6
1 1 18 16
2 1 18
1 0 18 7
2 0 18
1 1 8 10
2 1 8
1 2 0 7
1 2 0 17
2 2 0
1 2 10 0
1 2 10 15
2 2 10
1 2 12 7
1 2 12 14
2 2 12
1 0 12 7
2 0 12
1 2 14 1
1 2 14 15
2 2 14
2 1 8
1 1 8 0
1 1 8 15
2 1 8
1 2 12 7
2 2 12
2 1 8
2 0 12
1 1 0 2
2 1 0
1 1 10 7
2 1 10
1 0 12 0
1 0 12 8
2 0 12
2 2 4
1 2 12 10
2 2 12
1 0 6 11
2 0 6
2 0 10
2 0 8
1 0 8 7
1 0 8 14
2 0 8
1 2 0 15
2 2 0
1 0 18 1
2 0 18
1 2 2 11
2 2 2
1 0 18 4
2 0 18
2 2 2
1 2 8 7
2 2 8
1 0 10 0
1 0 10 15
2 0 10
1 1 16 14
2 1 16
1 1 16 7
2 1 16
2 1 6
1 2 6 7
2 2 6
2 0 0
1 0 12 2
2 0 12
1 0 6 7
2 0 6
2 0 6
1 0 18 2
2 0 18
1 0 4 10
2 0 4
1 0 0 15
1 0 0 17
2 0 0
1 2 14 6
2 2 14
1 0 8 11
2 0 8
1 0 14 2
2 0 14
1 0 6 9
1 0 6 11
2 0 6
1 1 18 14
2 1 18
2 0 12
2 0 10
2 1 16
1 0 0 7
2 0 0
1 1 18 7
2 1 18
1 1 2 10
2 1 2
1 2 12 7
2 2 12
1 0 6 7
2 0 6
1 0 10 3
1 0 10 17
2 0 10
2 2 12
2 0 6
1 0 16 10
2 0 16
1 2 0 7
2 2 0
1 1 12 7
2 1 12
1 0 16 7
2 0 16
1 0 6 2
1 0 6 10
2 0 6
1 2 14 7
2 2 14
2 0 10
1 0 10 14
1 0 10 15
2 0 10
1 1 0 10
2 1 0
1 1 18 13
2 1 18
1 2 8 1
2 2 8
1 0 12 15
1 0 12 17
2 0 12
2 1 12
1 1 6 0
1 1 6 15
2 1 6
2 0 12
1 0 12 14
1 0 12 16
2 0 12
1 0 16 2
2 0 16
1 1 8 15
1 1 8 17
2 1 8
1 0 12 7
2 0 12
1 1 10 0
2 1 10
1 1 12 3
1 1 12 17
2 1 12
1 1 10 7
2 1 10
2 1 10
2 0 12
1 0 10 7
2 0 10
2 1 2
1 0 12 8
1 0 12 11
2 0 12
1 1 2 7
1 1 2 10
2 1 2
1 2 8 7
2 2 8
2 0 18
2 2 8
1 0 18 7
1 0 18 14
2 0 18
1 0 8 7
2 0 8
1 0 18 7
2 0 18
2 1 8
2 1 0
1 2 14 14
2 2 14
1 1 18 10
2 1 18
1 0 12 7
2 0 12
1 0 0 11
2 0 0
1 0 0 7
2 0 0
1 1 0 0
1 1 0 15
2 1 0
1 2 14 7
2 2 14
1 0 10 11
2 0 10
1 1 8 10
1 1 8 13
2 1 8
1 1 12 10
2 1 12
1 1 10 15
1 1 10 17
2 1 10
1 1 16 0
1 1 16 3
2 1 16
2 1 0
1 1 10 7
2 1 10
1 1 0 0
1 1 0 3
2 1 0
1 0 14 7
2 0 14
1 2 2 14
1 2 2 15
2 2 2
1 2 4 13
1 2 4 14
2 2 4
1 2 8 15
1 2 8 17
2 2 8
1 1 8 14
2 1 8
1 0 12 14
2 0 12
2 2 8
1 0 12 11
2 0 12
2 1 6
1 0 14 10
2 0 14
1 1 18 14
2 1 18
1 1 6 0
1 1 6 7
2 1 6
1 2 8 7
1 2 8 14
2 2 8
1 1 18 7
2 1 18
1 2 12 3
1 2 12 17
2 2 12
1 0 16 14
2 0 16
1 0 12 7
2 0 12
2 0 4
1 2 2 10
2 2 2
1 1 12 7
2 1 12
2 0 16
1 2 4 10
2 2 4
1 1 8 7
2 1 8
2 1 18
1 1 0 10
2 1 0
1 0 4 15
1 0 4 17
2 0 4
1 1 6 8
2 1 6
1 2 10 15
2 2 10
1 0 16 0
1 0 16 15
2 0 16
1 2 2 2
2 2 2
1 1 6 11
2 1 6
1 0 16 7
2 0 16
2 0 18
1 1 16 11
2 1 16
2 1 16
2 1 0
1 0 0 14
2 0 0
1 2 8 10
2 2 8
1 0 18 0
1 0 18 15
2 0 18
1 1 0 7
1 1 0 10
2 1 0
1 2 14 15
2 2 14
2 0 4
1 0 6 8
2 0 6
1 2 10 1
2 2 10
1 2 10 16
2 2 10
1 0 4 15
1 0 4 17
2 0 4
2 0 4
1 1 14 11
2 1 14
2 1 8
1 2 12 8
2 2 12
2 1 6
1 0 4 2
1 0 4 10
2 0 4
2 0 16
1 0 16 2
1 0 16 8
2 0 16
1 0 0 11
2 0 0
1 1 4 10
2 1 4
1 0 16 11
2 0 16
1 0 2 10
2 0 2
1 1 6 7
1 1 6 14
2 1 6
1 2 14 0
2 2 14
1 2 14 7
2 2 14
1 2 2 7
2 2 2
1 1 6 11
2 1 6
2 2 14
1 1 8 1
1 1 8 7
2 1 8
2 1 6
1 0 4 7
2 0 4
2 2 4
1 1 8 10
2 1 8
1 2 8 2
2 2 8
1 1 6 2
1 1 6 10
2 1 6
1 1 8 15
2 1 8
1 2 12 14
2 2 12
1 0 6 0
2 0 6
2 2 2
1 0 0 7
2 0 0
2 1 10
1 2 8 10
2 2 8
1 0 6 2
2 0 6
2 0 14
1 0 14 0
1 0 14 15
2 0 14
1 1 12 15
2 1 12
1 2 12 15
2 2 12
1 0 6 7
2 0 6
2 2 8
1 1 10 10
1 1 10 11
2 1 10
1 1 14 14
2 1 14
1 1 16 0
1 1 16 3
2 1 16
1 1 4 7
2 1 4
2 0 0
1 1 12 14
2 1 12
1 0 16 7
2 0 16
1 1 4 11
2 1 4
2 0 6
1 0 0 15
1 0 0 17
2 0 0
1 1 12 11
2 1 12
1 0 6 2
1 0 6 4
2 0 6
1 1 18 1
1 1 18 15
2 1 18
2 0 12
2 0 0
1 1 14 7
2 1 14
1 0 0 0
1 0 0 15
2 0 0
2 1 14
1 0 12 15
1 0 12 17
2 0 12
2 1 12
1 1 10 7
2 1 10
1 0 12 7
2 0 12
2 0 12
1 2 12 10
2 2 12
1 1 16 7
2 1 16
1 1 18 11
2 1 18
1 0 12 15
1 0 12 17
2 0 12
1 0 6 2
2 0 6
1 0 12 11
2 0 12
1 0 6 17
2 0 6
1 1 16 10
2 1 16
1 0 6 8
2 0 6
1 0 6 11
2 0 6
2 0 0
1 0 14 7
2 0 14
1 0 2 2
2 0 2
2 2 12
1 1 0 2
2 1 0
2 0 10
1 0 0 15
1 0 0 17
2 0 0
1 0 10 2
1 0 10 4
2 0 10
2 0 16
2 0 6
1 0 6 13
1 0 6 14
2 0 6
1 0 6 10
2 0 6
2 1 16
2 0 0
1 0 2 7
2 0 2
2 1 18
2 0 6
2 0 14
1 0 0 15
1 0 0 17
2 0 0
1 0 0 11
2 0 0
1 0 6 0
1 0 6 15
2 0 6
1 0 14 7
1 0 14 14
2 0 14
2 0 6
1 2 10 7
2 2 10
1 0 6 0
1 0 6 15
2 0 6
2 0 6
1 0 18 7
2 0 18
1 0 4 7
2 0 4
1 0 6 0
1 0 6 15
2 0 6
1 1 8 10
2 1 8
1 0 2 10
2 0 2
2 0 6
1 1 6 7
2 1 6
1 1 4 14
2 1 4
1 1 4 7
2 1 4
2 1 0
1 0 2 14
2 0 2
1 0 6 15
1 0 6 17
2 0 6
1 0 14 7
2 0 14
1 1 2 14
2 1 2
1 0 16 3
1 0 16 10
2 0 16
1 1 2 7
2 1 2
2 0 14
1 2 10 14
2 2 10
1 0 14 0
1 0 14 15
2 0 14
2 1 10
1 0 14 7
2 0 14
1 2 10 15
2 2 10
1 1 0 14
1 1 0 15
2 1 0
1 0 16 14
2 0 16
2 1 2
2 0 6
1 0 6 7
1 0 6 14
2 0 6
1 2 10 11
2 2 10
2 1 4
1 1 0 11
2 1 0
2 1 0
1 2 10 10
2 2 10
1 1 8 14
2 1 8
1 1 0 15
1 1 0 17
2 1 0
1 1 2 0
1 1 2 3
2 1 2
1 1 8 13
2 1 8
1 0 0 7
2 0 0
2 1 2
1 1 8 7
2 1 8
2 0 8
2 0 4
1 0 4 0
1 0 4 15
2 0 4
2 0 0
1 1 0 7
2 1 0
1 0 16 11
2 0 16
1 0 14 10
2 0 14
1 2 0 11
2 2 0
1 0 0 0
1 0 0 7
2 0 0
2 0 4
1 0 4 7
1 0 4 14
2 0 4
1 0 2 7
2 0 2
2 0 2
1 0 2 7
1 0 2 14
2 0 2
1 0 14 2
2 0 14
2 1 6
1 0 2 7
2 0 2
2 0 18
1 0 2 11
2 0 2
1 0 16 7
2 0 16
1 0 0 8
2 0 0
2 2 6
2 0 16
1 2 10 7
2 2 10
1 0 8 15
1 0 8 17
2 0 8
1 0 14 7
2 0 14
1 0 0 11
2 0 0
2 0 8
1 0 12 7
2 0 12
2 0 2
2 0 14
1 0 2 4
1 0 2 12
2 0 2
1 1 0 11
2 1 0
1 0 8 2
1 0 8 4
2 0 8
2 0 12
1 0 12 7
1 0 12 10
2 0 12
1 0 12 2
2 0 12
2 0 2
1 0 2 14
1 0 2 15
2 0 2
1 0 2 10
2 0 2
1 0 14 0
1 0 14 15
2 0 14
1 1 0 7
2 1 0
1 0 4 13
2 0 4
1 0 4 11
2 0 4
2 0 2
1 0 2 8
1 0 2 11
2 0 2
1 0 12 4
2 0 12
1 0 16 8
1 0 16 14
2 0 16
1 0 18 0
1 0 18 7
2 0 18
1 0 18 7
2 0 18
1 1 2 0
1 1 2 3
2 1 2
1 0 12 14
2 0 12
1 1 8 14
2 1 8
1 0 14 7
2 0 14
1 1 4 2
1 1 4 10
2 1 4
1 1 2 10
2 1 2
1 1 6 0
1 1 6 15
2 1 6
2 0 0
1 0 0 14
1 0 0 15
2 0 0
2 0 2
1 1 4 7
2 1 4
1 0 0 10
2 0 0
2 1 4
2 0 18
1 0 12 11
2 0 12
1 0 2 0
1 0 2 15
2 0 2
1 0 18 3
1 0 18 17
2 0 18
1 1 4 15
1 1 4 17
2 1 4
2 0 2
1 0 8 14
2 0 8
1 0 0 15
2 0 0
1 0 8 13
2 0 8
1 0 18 11
2 0 18
1 0 2 0
1 0 2 8
2 0 2
2 1 4
1 0 2 7
2 0 2
1 1 2 2
2 1 2
1 1 0 7
2 1 0
1 1 8 7
2 1 8
1 1 4 0
1 1 4 15
2 1 4
1 0 12 10
2 0 12
2 1 4
1 1 4 13
1 1 4 17
2 1 4
2 1 8
1 0 12 7
2 0 12
1 1 2 4
2 1 2
1 1 8 3
1 1 8 17
2 1 8
2 0 14
1 0 6 10
2 0 6
1 0 14 15
1 0 14 17
2 0 14
1 0 16 11
2 0 16
2 0 16
1 0 6 2
2 0 6
1 0 16 3
1 0 16 17
2 0 16
1 1 10 0
1 1 10 3
2 1 10
1 1 0 10
2 1 0
1 1 12 8
1 1 12 14
2 1 12
1 1 12 11
2 1 12
2 0 14
1 1 6 7
2 1 6
1 0 0 10
2 0 0
1 0 14 7
1 0 14 14
2 0 14
1 1 14 0
1 1 14 15
2 1 14
1 0 4 7
2 0 4
1 0 14 7
2 0 14
2 0 12
1 0 4 14
2 0 4
2 1 12
2 1 6
1 0 4 11
2 0 4
2 0 2
1 0 2 3
1 0 2 17
2 0 2
1 0 18 7
2 0 18
1 1 4 8
2 1 4
1 0 12 14
1 0 12 16
2 0 12
1 1 4 11
2 1 4
1 1 2 2
2 1 2
2 0 14
1 0 14 13
1 0 14 17
2 0 14
1 1 14 7
2 1 14
2 1 14
2 0 2
1 0 10 10
2 0 10
1 0 4 10
2 0 4
1 0 6 10
2 0 6
1 0 2 1
1 0 2 8
2 0 2
1 2 0 14
2 2 0
1 0 8 10
2 0 8
1 0 2 7
2 0 2
1 0 2 14
2 0 2
1 1 6 0
1 1 6 15
2 1 6
1 1 12 0
1 1 12 7
2 1 12
1 2 0 10
2 2 0
2 0 6
1 0 6 7
1 0 6 14
2 0 6
2 1 12
1 1 2 10
2 1 2
1 0 4 7
2 0 4
1 0 12 2
2 0 12
1 1 6 8
2 1 6
1 0 12 7
2 0 12
1 2 10 14
2 2 10
1 2 0 2
2 2 0
1 1 6 11
2 1 6
1 0 14 7
2 0 14
1 1 10 11
2 1 10
1 0 16 10
2 0 16
1 0 2 7
2 0 2
2 1 10
1 1 10 15
1 1 10 17
2 1 10
1 2 10 7
2 2 10
2 1 10
1 0 6 11
2 0 6
1 1 10 15
1 1 10 17
2 1 10
2 1 2
2 0 8
1 0 8 2
1 0 8 4
2 0 8
2 2 10
1 1 2 0
1 1 2 3
2 1 2
2 1 6
1 0 12 0
2 0 12
1 2 0 7
2 2 0
1 1 6 0
1 1 6 15
2 1 6
2 1 10
2 0 14
1 0 12 8
2 0 12
1 0 14 15
1 0 14 17
2 0 14
2 0 12
1 0 12 0
1 0 12 15
2 0 12
2 0 12
1 0 8 14
2 0 8
1 1 6 7
2 1 6
1 0 14 7
2 0 14
2 0 14
1 0 12 15
1 0 12 17
2 0 12
1 0 14 0
1 0 14 15
2 0 14
1 1 10 0
1 1 10 8
2 1 10
2 0 2
1 0 2 0
1 0 2 3
2 0 2
1 0 10 2
2 0 10
2 0 6
1 0 6 0
1 0 6 15
2 0 6
2 0 6
1 0 14 7
2 0 14
1 1 10 2
2 1 10
2 1 4
1 1 8 11
2 1 8
1 0 6 4
1 0 6 5
2 0 6
2 0 16
2 0 12
2 0 4
1 1 10 7
2 1 10
1 0 0 14
2 0 0
1 0 0 7
2 0 0
1 0 4 0
1 0 4 15
2 0 4
1 0 4 2
2 0 4
1 0 12 7
1 0 12 10
2 0 12
1 0 0 11
2 0 0
1 0 16 10
1 0 16 15
2 0 16
1 1 0 7
2 1 0
1 1 4 0
1 1 4 15
2 1 4
1 0 8 13
2 0 8
1 0 10 10
2 0 10
1 1 4 8
2 1 4
1 1 12 0
1 1 12 15
2 1 12
1 0 12 11
2 0 12
1 1 14 1
1 1 14 8
2 1 14
1 1 16 3
1 1 16 17
2 1 16
2 0 18
1 0 18 0
1 0 18 15
2 0 18
1 0 14 14
2 0 14
2 0 18
1 0 16 0
2 0 16
1 0 18 8
1 0 18 11
2 0 18
1 2 0 0
2 2 0
1 1 18 15
1 1 18 17
2 1 18
1 0 2 10
2 0 2
1 1 18 2
2 1 18
1 0 16 15
2 0 16
1 0 4 16
2 0 4
1 2 2 15
1 2 2 17
2 2 2
1 2 0 7
2 2 0
1 1 2 11
2 1 2
2 2 2
1 2 2 2
1 2 2 10
2 2 2
1 0 6 14
2 0 6
1 1 16 13
2 1 16
2 1 10
2 0 10
1 0 6 7
2 0 6
1 0 2 7
2 0 2
1 0 10 13
1 0 10 14
2 0 10
2 0 12
1 0 12 0
1 0 12 15
2 0 12
1 0 16 10
2 0 16
1 1 16 10
2 1 16
2 2 0
2 0 10
1 0 14 7
2 0 14
1 1 4 10
2 1 4
1 0 4 14
2 0 4
1 0 10 7
1 0 10 14
2 0 10
1 0 4 15
2 0 4
1 2 2 7
2 2 2
2 0 10
1 0 8 10
2 0 8
1 1 4 12
2 1 4
1 0 10 0
1 0 10 15
2 0 10
1 1 10 0
1 1 10 3
2 1 10
2 0 6
2 1 4
1 0 10 7
2 0 10
2 1 8
1 0 6 0
1 0 6 15
2 0 6
1 1 10 10
2 1 10
1 1 4 15
1 1 4 17
2 1 4
1 1 18 10
2 1 18
1 1 16 7
2 1 16
1 1 8 0
1 1 8 3
2 1 8
1 2 0 7
1 2 0 17
2 2 0
1 2 0 8
2 2 0
1 1 2 8
2 1 2
1 2 4 13
1 2 4 14
2 2 4
1 0 16 2
2 0 16
2 0 6
2 0 14
1 2 0 2
2 2 0
1 1 4 7
2 1 4
2 0 10
1 0 6 0
1 0 6 15
2 0 6
1 0 10 0
1 0 10 8
2 0 10
1 0 14 15
1 0 14 17
2 0 14
1 0 10 2
2 0 10
1 1 8 0
2 1 8
1 1 14 11
2 1 14
2 0 2
2 0 8
1 1 6 7
2 1 6
1 0 2 0
1 0 2 15
2 0 2
1 1 10 7
2 1 10
1 1 8 7
2 1 8
2 1 8
2 0 2
2 1 14
1 0 2 1
1 0 2 8
2 0 2
2 0 16
1 0 4 11
2 0 4
2 0 6
1 2 0 10
2 2 0
1 0 6 3
1 0 6 17
2 0 6
1 0 8 0
1 0 8 15
2 0 8
1 0 2 7
2 0 2
2 2 0
2 0 14
1 0 14 13
1 0 14 17
2 0 14
2 2 2
1 0 8 15
2 0 8
1 0 16 15
1 0 16 17
2 0 16
1 0 8 14
2 0 8
2 0 4
1 0 4 15
1 0 4 17
2 0 4
1 0 4 15
2 0 4
1 0 16 7
2 0 16
1 0 6 7
2 0 6
1 0 8 7
2 0 8
1 1 6 11
2 1 6
2 0 12
1 1 12 7
2 1 12
1 0 4 14
2 0 4
1 2 4 7
2 2 4
2 0 10
1 1 18 7
2 1 18
1 2 4 16
2 2 4
1 0 10 8
1 0 10 14
2 0 10
1 1 2 14
2 1 2
2 0 16
1 1 10 11
2 1 10
1 0 2 10
2 0 2
1 1 2 11
2 1 2
2 1 4
1 0 12 0
1 0 12 3
2 0 12
1 0 16 4
1 0 16 12
2 0 16
2 0 12
1 0 14 8
2 0 14
1 0 4 7
2 0 4
1 0 8 10
2 0 8
1 0 12 0
1 0 12 15
2 0 12
1 1 4 1
1 1 4 7
2 1 4
1 0 12 7
2 0 12
1 0 2 12
2 0 2
2 0 8
1 1 6 7
2 1 6
1 1 2 15
2 1 2
1 1 2 10
2 1 2
1 1 4 7
2 1 4
1 0 8 13
1 0 8 17
2 0 8
1 1 8 0
1 1 8 15
2 1 8
1 0 2 7
2 0 2
2 1 8
1 1 8 0
1 1 8 15
2 1 8
1 1 14 7
1 1 14 14
2 1 14
1 0 18 10
2 0 18
1 0 18 7
2 0 18
2 1 2
1 0 10 11
2 0 10
2 0 18
1 0 8 8
2 0 8
1 0 18 11
1 0 18 14
2 0 18
1 1 14 10
2 1 14
1 1 2 2
1 1 2 10
2 1 2
2 1 0
2 0 12
1 1 16 11
2 1 16
1 0 12 8
1 0 12 12
2 0 12
1 1 4 10
2 1 4
1 1 0 0
1 1 0 15
2 1 0
1 1 0 7
2 1 0
2 1 8
1 1 8 13
1 1 8 17
2 1 8
1 0 2 14
2 0 2
1 1 6 14
2 1 6
1 1 14 12
2 1 14
2 0 10
2 1 0
1 1 8 7
2 1 8
1 1 18 7
2 1 18
