8
# n = 8
# hyperSolverNum = 1208
# hyperMinDiff = 0
# hyperMaxRound = 2
# hyperStep1 = 1
# hyperStep2 = 1
1000000000000000000000000000
# 27 0
1000000000000110000000000000
# 27 0
1000000000000110001000000000
# 26 0
1000000000000111000000000000
# 26 0
1000000000000111001000000000
# 25 0
1000000000000111001100000000
# 25 0
1000000000000111001100100000
# 24 0
1000000000000111100000000000
# 24 0
1000000000000111101000000000
# 23 0
1000000000000111101100000000
# 23 0
1000000000000111101110000000
# 22 0
1000000000000111101110100000
# 22 0
1000000000000111101110110000
# 21 0
1000000000000111101110110100
# 21 0
1000000000000111110000000000
# 20 0
1000000000000111111000000000
# 20 0
1000000000000111111100000000
# 19 0
1000000000000111111110000000
# 19 0
1000000000000111111111000000
# 18 0
1000000000000111111111100000
# 18 0
1000000000000111111111110000
# 17 0
1000000000000111111111111000
# 17 0
1000000000000111111111111100
# 16 0
1000000000000111111111111110
# 16 0
1000000000000111111111111111
# 15 0
1100000000000000000000000000
# 15 0
1100000100000000000000000000
# 14 0
1100000000000000001110000000
# 14 0
1100000000000000001110100000
# 14 13
1100000000000000001110110000
# 14 13
1100000000000000001110110100
# 13 13
1100000100000000001110000000
# 13 13
1100000100000000001110100000
# 15 12
1100000100000000001110110000
# 15 12
1100000100000000001110110100
# 14 12
1100000000000000001111000000
# 14 12
1100000000000000001111100000
# 13 12
1100000000000000001111110000
# 13 12
1100000000000000001111111000
# 12 12
1100000000000000001111111100
# 12 12
1100000000000000001111111110
# 16 11
1100000000000000001111111111
# 16 11
1100000100000000001111000000
# 15 11
1100000100000000001111100000
# 15 11
1100000100000000001111110000
# 14 11
1100000100000000001111111000
# 14 11
1100000100000000001111111100
# 13 11
1100000100000000001111111110
# 13 11
1100000100000000001111111111
# 12 11
1110000000000000000000000000
# 12 11
1110000100000000000000000000
# 11 11
1110000110000000000000000000
# 11 11
1110000110000100000000000000
# 17 10
1111000000000000000000000000
# 17 10
1111000100000000000000000000
# 16 10
1111000110000000000000000000
# 16 10
1111000111000000000000000000
# 15 10
1111000111000100000000000000
# 15 10
1111000111000110000000000000
# 14 10
1111000111000110001000000000
# 14 10
1111100000000000000000000000
# 13 10
1111100100000000000000000000
# 13 10
1111100110000000000000000000
# 12 10
1111100111000000000000000000
# 12 10
51
24
6
58
42
40
62
37
10
39
1
8
41
36
25
28
9
26
49
27
30
53
25
43
22
50
24
60
4
40
19
3
60
55
6
49
25
43
35
9
36
13
57
59
2
59
61
61
57
59
35
44
43
23
0
63
61
56
37
20
10
13
37
7
62
37
32
45
4
20
25
47
8
13
14
45
9
54
41
1
0
53
11
44
10
16
43
4
13
57
46
42
12
31
31
15
24
47
13
4
