12
# n = 12
# hyperSolverNum = 2193
# hyperMinDiff = 0
# hyperMaxRound = 4
# hyperStep1 = 1
# hyperStep2 = 2
111111111111111111111111111111111111111111111111111111111111111111
# 12 0
000000000000000000000000000000000000000000000000000000000000000000
# 12 0
111111111101111111110111111110111111101111110111110111101110110100
# 11 0
000000000010000000001000000001000000010000001000001000010001001011
# 11 0
111111111001111111100111111100111111001111100111100111001100100000
# 10 0
000000000110000000011000000011000000110000011000011000110011011111
# 10 0
111111110001111111000111111000111110001111000111000110001000000000
# 9 0
000000001110000000111000000111000001110000111000111001110111111111
# 9 0
111111100001111110000111110000111100001110000110000100000000000000
# 8 0
000000011110000001111000001111000011110001111001111011111111111111
# 8 0
111111000001111100000111100000111000001100000100000000000000000000
# 7 0
000000111110000011111000011111000111110011111011111111111111111111
# 7 0
111110000001111000000111000000110000001000000000000000000000000000
# 6 0
000001111110000111111000111111001111110111111111111111111111111111
# 6 0
111110000001111000000111000000110000001000000000000111111111111111
# 6 6
000001111110000111111000111111001111110111111111111000000000000000
# 6 6
111100000001110000000110000000100000000000000000000000000000000000
# 5 0
000011111110001111111001111111011111111111111111111111111111111111
# 5 0
111111000001111100000111100000111000001100000100000000001111111111
# 7 5
000000111110000011111000011111000111110011111011111111110000000000
# 7 5
111110000001111000000111000000110000001000000000000111101110110100
# 6 5
000001111110000111111000111111001111110111111111111000010001001011
# 6 5
4
16
0
6
2
3
5
1
15
10
16
2
14
1
10
20
11
19
13
6
16
11
9
4
13
10
7
0
4
12
3
5
1
19
10
16
21
6
2
2
11
8
18
16
7
19
20
11
6
1
1
5
3
10
3
20
20
19
14
11
15
9
14
12
5
13
2
0
10
14
2
6
6
6
7
6
9
4
3
21
19
15
20
20
21
14
18
9
11
4
0
16
6
12
21
3
19
4
11
14
