4 1 19 17 0.20
0000001000001010000
0001000000100000000
0000000011110000100
1110110001000000000
0001000100001001000
0010010100000100000
0000000100001010010
1001000110000000110
0000010000001000001
0000010100010010000
0010001001001000100
1010000111011010000
1000000000010101110
0000000100001000000
1010011100000010000
0001011000000010000
0000001100000001100
0100000001000000000
0101000000010100001
0101000000101000000
00100100000100000000
01000011000000100100
00010001000000001000
00000100010100000010
01011000001000000001
01001100000001010000
00000000000110101101
00001001000001001000
01001000010100100001
01001010100100000001
00000000010000000010
01010000000000000001
00101100000100000000
00110000010100000100
00000110000011001110
00000000101010001000
00101100010100000001
00000000011001100010
00100000100000000000
