3 1 17 18 0.10
0000100001010000110
0010000001011001000
0000010010000001000
0000000101010000000
0001000000100100010
0100010000001000100
0010010010101100100
0000110100000001010
0000110000001010110
0001000000000000010
1010001001010100100
0001000000010000001
0010000100000010010
0011010000001011110
0000001000100101000
0100000100100000000
0010000000111001001
0000000000000000100
0010000000000001100
0000000000000001000
00100000100000010001
00000100000000000001
00001001000000010000
01000010010000001001
00000101000000001010
10011001000000010010
00000001000101000001
10000000001100000000
01000000010001110000
00000000100110001100
01100010011001011100
10000011000101000000
10101100100100000000
10001000010001001000
00000000001100000001
10001100000000011000
00000101100100000000
01001001010001010100
10000000110000100000
