2 2 15 15 0.42
0000010000000000110
0000000100110100000
1000000010010000000
0010010000000100000
0010100001010000000
0001000110000010000
0000000001000110101
1100010001100110100
0000100100101000000
0000001000000000000
0001010101001001000
0010000000000000100
0010001000000000000
0010010000000010000
1100000010000011100
1001000000001000100
0001001000100001000
1100000000100100000
1000000100100011010
0000001000000000000
10000001010001010000
00001000100001000101
00001100011000010010
00000010100101000110
01000010000110010110
00100011100100000000
00001000000100001100
00010000010000000000
00001000001101100001
01000010000100000011
00000000100000101000
10101010010011001101
01000100011011001100
00000001101000000000
00001000000010100000
00100000000000100000
00100100010010000000
00001100100011000000
00000100000100100010
