4 2 17 17 0.19
0000100000000000001
1001000001001010000
0000000000001100000
0110010101000001000
0010000010000000000
0010111001100001000
0100001010000010000
1100000000100100110
0100100111000010100
0000100100011001010
1110000100000000001
0001000001100100001
0000100010000001000
0011000100000010010
0000110001110000100
1100001001000010000
0101100010000100010
0001100000111001101
0100000110110100000
0000000000000000000
00000010100000001000
00100010111001010000
00000100000000100110
00001011000000011000
11000000110100000000
00010000000010000000
00010100000010000000
00001000101000000001
00100110000100100000
00000101000001000000
00000010010000011000
00101100001000010000
01000010010000000010
00000010000110000000
00000001010000101000
00010000001000001000
00000100000000000100
10000010000000100000
00010100010000010000
