3305 100
42 84 54 82 44 98 68 34 81 32
-1251 5217
-1751 -981
-955 2718
-2252 2876
-5829 333
1441 -5754
-4960 7800
-7024 -4258
9512 959
4162 -3213
1944 9196
4549 341
4308 865
-2086 5007
4122 -1062
603 -8204
934 85
3535 5477
-313 1377
6967 1022
5072 8363
-3752 4103
-669 4517
-4316 -1124
7138 5322
3238 -1675
9039 -266
-256 -2842
-5353 -121
1573 6250
7690 -5909
-1580 3960
2161 6086
-530 -5104
155 2521
4000 -3378
-1433 6661
-5356 8330
-7280 -6268
8324 4517
4979 672
4744 7797
-1330 8278
3783 -566
-5802 -7423
-90 9714
-1229 -4786
3722 4267
572 -3770
4569 -2424
-1460 -9097
-2328 -8005
-1647 9583
2791 -1054
4733 2950
-202 5211
-849 3760
-749 7312
3029 3114
1131 2989
-900 5744
-6893 5114
6639 -1422
-5706 -4326
-2296 8800
-3242 -1839
3104 7579
-6693 4936
-8663 -3312
-7495 3710
3593 -9260
-8377 2067
-8029 -4909
-592 5793
1172 -4342
-1507 -5666
4732 7628
374 -7825
3584 -2490
-939 706
8635 1734
4660 -8639
-3585 5542
-6615 3613
-7715 5395
605 -1789
645 -1156
3856 4108
-5608 -3062
-8186 -5585
6408 6576
8252 -2310
2262 -1580
1780 -1879
5273 -7024
3067 -530
6947 1734
7607 -2601
-8348 -4977
-7380 -2203
3652 9200
-6519 760
4849 4423
6097 -5594
5233 -2627
-4052 285
-4386 -5554
9047 619
6570 1569
3666 -8599
2208 254
-8099 -5263
-1857 -8195
6092 -1617
-5529 -7162
-8421 3129
8258 -671
2501 1815
-6915 -3824
1149 1873
-376 6756
-1293 3359
-7532 -2360
7564 4157
1025 -2542
5366 -3149
-1673 -3374
-5038 -4500
800 307
-4091 -5192
9259 2851
-2507 -6811
6778 1901
-3406 -8769
-1208 -5259
7000 4594
-6974 1268
-5191 -2671
-3869 4696
-4919 3077
5842 -4664
-301 -3128
9396 -781
-8358 4257
301 7185
-4054 1562
7125 -6380
-5702 -663
-2528 8574
6203 4545
-3553 1222
6042 -7267
-2611 8016
-3549 1623
6751 3255
2573 4772
6660 6333
-9028 3527
-9478 3101
9734 233
-8106 213
-4765 -7246
6308 1067
372 -6930
-6590 -5631
-129 3439
6140 -6730
8201 -4064
-2616 7798
5343 5579
-5360 -5082
-2200 -7603
1111 9852
-133 -8012
1965 -2710
-4404 -7338
6555 3134
1831 3975
-8522 -1818
6201 -1560
5734 -250
6053 5568
1278 5176
2771 6027
9023 687
5104 4782
746 -7185
-72 -5228
-9899 -321
-1886 -9123
-3246 -4326
-4871 4397
-1647 -9732
-2149 6726
1802 1539
6925 -5838
6259 4892
6800 -2560
-6694 -5264
-1952 1160
-661 -2200
3203 8868
3676 886
1927 -9680
5371 -8115
-6790 -1562
-2166 9035
-8344 1086
-314 6150
6190 5812
300 -9102
2221 -1923
8447 1232
-979 -3630
-3928 -7966
-7380 5683
-8540 -4853
-3752 6762
9622 -1922
5233 1303
-124 -4416
-8593 -1427
-8131 -3454
-5144 3883
-8973 -4238
-8578 534
8265 3907
618 7285
-3823 -5244
5903 -3472
6333 4499
-1869 -4842
4684 1812
-6702 4412
-3914 1399
-8061 5786
-7892 3210
-2571 -1999
1976 -3162
-6993 577
-2280 -8772
6047 -7507
-6950 3658
762 2189
8873 197
1556 9723
2800 2031
-4059 -3081
-1805 -3796
3419 -425
327 -3237
-4056 -4507
5766 5802
-581 -9965
5941 2253
444 3592
9 1104
3643 -4301
-636 7477
-3004 -5658
-3366 -5190
2582 3092
-1164 -1792
-3181 -1608
-4971 -8283
-6278 5472
-1326 -3685
5456 -5932
9921 85
7040 4702
-2637 131
-3447 5949
-4956 -4965
3640 3264
-6944 1006
-808 4907
3170 -2393
2183 7070
-49 4442
-4822 -7460
1033 -8120
-1513 9752
4681 2317
1467 -5508
-8614 3535
7840 -4169
5879 479
4349 5528
-4301 2393
7106 -1866
4656 -6647
2140 5459
-5820 -7387
-5439 4851
-5264 1948
1123 -946
9128 -1552
-2148 7197
-2679 -6278
-2555 4169
-3512 -5477
2265 -4026
8419 -1763
-5553 -5724
6601 -5485
-7175 -461
8818 1878
1138 -4122
-881 6817
4571 2031
-238 -2110
8424 -3344
-2705 -142
-6252 -6899
6714 1420
4089 -9095
8065 4499
-7593 2842
-1467 -3198
2969 5206
1583 5104
647 4655
6674 789
6490 6409
8737 -4432
-1994 -2566
1298 8392
4560 1344
889 8503
4946 3420
2507 7072
-2128 9561
2941 3363
-5183 48
655 -8587
-8650 -2897
3883 8596
5225 -3077
-4313 -236
-8211 2586
1564 -7838
-2225 893
2579 -7772
2312 260
-3405 144
3880 -6998
-8483 -1769
1490 5522
3179 7736
115 877
2437 -3053
3301 -2335
-9769 1291
-3210 -1660
-348 5
669 -7146
4441 3282
-3796 2300
-4317 -6265
-543 4867
289 5701
7953 2902
-9086 232
-2402 -8148
-3817 7261
-4693 3175
-2901 -2325
3560 587
-3087 -3003
-5547 6451
-1594 -5239
7249 1579
-2265 6128
-5045 5617
5195 341
-834 6002
-4508 6578
-3116 -8748
8778 -2154
-1259 -2777
2075 -6773
8964 464
47 -6229
555 -6032
-3224 6990
2847 6521
1597 -8775
7008 -3732
-3377 6360
3637 5508
-4104 1486
6369 -533
-3588 -6406
-6942 -4917
3869 117
9295 -1626
-7661 -3092
4754 -7862
3376 3456
-8022 429
-597 8097
931 2839
4575 -5966
348 -9336
4126 545
-4628 5393
2275 -2892
-7848 -4046
5728 5131
9582 572
105 1032
943 5805
6530 -2724
-3900 -214
2315 5071
-3715 -5247
603 -3832
6381 -2219
-2045 2529
-5327 -1986
6304 3750
-4506 -3305
-1162 9744
-2569 -1932
-7021 6467
1720 6918
7303 -6092
-283 3046
-554 -1434
-1933 8344
-4283 3901
-675 3254
-6452 -2075
-6269 226
-3840 -959
8337 3794
-4857 -2068
-5991 5233
7371 -5306
6423 7429
1257 -930
3626 8932
-1492 5696
-5907 -6352
-3686 -1374
-6594 -3725
-5427 -5581
-5941 -1520
-7354 4479
8594 3726
1624 -347
2803 2728
4849 -4857
-5896 -6066
-7305 -1287
-2296 5488
-594 -7187
-1219 4160
-1381 5403
4934 147
-5631 5871
-7093 6171
3331 -3989
4397 6359
-6622 -4743
-4220 5316
-2065 8886
-2390 -8124
3125 4921
-5281 -3936
9191 -2605
4245 2142
2425 3012
5674 2388
-2253 1272
5752 -3227
-1872 -901
-7309 3758
2866 2773
-4675 -4547
2718 8570
-1328 2339
-4914 1283
3728 -527
271 4798
1700 -8354
1244 4843
-4996 2422
-8906 -72
-2097 -3053
-3590 -6575
-6640 1369
-7779 3647
-8366 4669
775 -2319
-1796 9516
-8032 5580
1379 -6399
-6533 -6533
6449 2203
4309 8589
5469 -1818
-6979 5469
-6562 -3199
-3387 5021
4633 -3698
-3259 -4627
-7251 3084
-2431 4036
-532 9371
-3030 -1765
-204 -3375
3094 5620
-4324 -2594
-3084 1246
-2440 8416
3740 4292
-2503 -753
4807 -1118
6898 4569
2070 930
-2136 -1081
-5113 6758
-4723 2878
-5271 -818
797 -4221
-7808 -2845
-256 -5604
-646 -7627
367 4121
5781 2632
7515 -2572
-4240 -2614
-6546 -6478
5314 2460
-7832 3856
624 -3859
-9423 3286
4678 4985
-8043 -1903
-84 -3113
-1213 5942
-6512 -2639
986 6551
-226 -526
7992 -600
8449 -205
2001 5120
-9739 260
-1759 9099
406 -7845
-8279 -1290
-3679 -8938
-6868 7173
-1767 3016
2635 -2628
5692 -475
7507 -5270
3849 -1459
-327 4504
3623 -4855
7703 772
6960 6660
-7209 -5215
6456 3691
-1136 3591
5375 6458
6977 -1672
-4809 -219
8727 -339
3715 2793
3015 9002
3171 -5717
-5883 3775
6913 3198
-818 7904
-7119 6998
7747 6064
5059 5431
-1189 4928
1077 8718
9562 566
1241 8558
3793 -1261
8893 666
-3974 4979
-4284 -1367
-477 325
4855 2882
3402 117
-3361 7822
6834 4497
2519 6792
4205 586
2689 -773
9033 -2356
-2127 7833
-1464 -8972
-252 5688
-1889 -8599
-3122 1362
3522 -2608
3024 6164
-3613 -4206
-4695 -8082
878 -4594
-8435 -5160
-5177 -5084
4483 -4710
-1229 6050
-7693 920
-5936 -8009
-3243 -6335
-6194 -3383
-243 -8104
-6470 7386
1464 3099
-7185 -4604
7918 3012
3909 -2785
-8600 1009
4098 -2833
-3841 -4598
293 9932
-1851 -3050
8160 3703
-1268 1571
7480 -4600
2228 9626
-3895 -5753
-7114 -1755
-4701 8354
-2475 -4245
2395 1047
-381 -3903
-5540 -7971
6739 3488
4712 5739
-4560 374
8009 39
-5750 7101
5591 -7451
9909 819
-720 6403
-6453 6619
7801 818
-1298 5691
296 7229
7084 -5286
89 -7824
-874 6781
-4998 45
9716 -2274
-2222 3251
3664 1821
9469 -174
-8558 2755
-2999 -3488
-2760 -1689
1370 -3467
5668 3592
-697 4876
436 -670
-8873 -1213
2648 9257
2147 -8185
4588 -8349
-9494 2965
8300 772
-1990 -5107
-2567 3749
-3538 8832
8583 -4746
7652 -911
1731 8170
-4906 -3408
7252 4612
-4878 1777
1449 -9318
5022 6137
-3486 -779
5061 5238
5221 7951
-4781 -8428
4193 6791
6311 -7197
-8371 -1543
-6668 6564
3758 -7207
5601 -2229
233 7977
-2254 9085
-539 3636
-7898 1330
-4396 -775
-1430 -7590
4053 2109
-1095 3923
5941 5372
-1188 -3105
3337 9380
-4904 -8617
-2819 969
-2539 1791
9047 4251
8487 -4758
2605 -3870
-764 7286
-2846 2624
5228 -1649
7463 462
-8508 714
-6456 3696
5496 -2596
-6728 4336
2860 -125
-4299 7844
7328 1803
-6057 2173
1268 -6218
-307 -6707
-6678 -3294
8904 -2491
-4292 1018
583 -3211
-5305 378
5299 -4409
5141 -5500
-1294 6431
-657 -7899
5466 4590
8401 -2838
481 6837
9201 1139
7132 6497
4143 7607
-6638 337
2250 -324
2301 7573
-2631 -2071
-3414 2105
1412 -4422
-8381 4730
-1840 -3726
-2015 -3464
-196 -6958
-9680 683
7762 472
-2910 3753
262 8019
4349 8702
-5433 5652
1234 2811
8064 -3310
-908 -6678
6534 117
-8465 -5123
-7536 -1377
8274 -4217
-1493 -6770
153 5898
7349 -5682
2778 2360
1235 3987
-3569 7172
519 -4750
4018 -7978
523 1615
5628 2206
8086 1842
4757 -3959
4324 -4526
3823 5232
9532 918
-354 5288
-5981 -2493
2064 323
7009 3139
756 -4711
-1068 5347
-986 -8834
-3129 5073
-8644 -1747
3846 -6491
-8645 2430
-7260 -1347
-1434 -8872
-5246 75
938 -6363
3888 7767
-7975 -3318
-1209 -1749
4330 -7114
-8915 -909
5663 -2303
4208 6165
6758 -4170
-4413 -6117
2628 217
-1579 3116
-1760 -489
6467 6894
2835 -21
-5603 5434
-5334 -8441
4148 38
848 -8914
-4091 -1721
430 8409
2859 -8596
5804 2097
-8003 5562
-2221 1771
2912 191
-2921 7561
7961 -3414
5042 -878
-2568 -8722
20 -1355
-961 -8199
-778 5371
-4218 5487
-320 -6919
2787 -777
-3320 -8090
-6655 -5094
-1701 -3412
8493 -1276
-3591 6501
470 5105
1330 -6147
-652 -8548
-5295 6434
4038 -3227
-3022 -3503
1789 4117
-9830 672
118 -286
-9624 891
233 1068
2937 -932
8169 1384
6008 -6405
-6376 1419
2696 -2802
7087 21
4761 -3978
8700 -689
-3706 8385
2308 -4018
3071 -6640
8219 2548
8786 124
-3675 -2637
-1673 -5796
6682 -5056
-4505 148
5394 -5190
-5821 -2556
-1978 7600
-804 2657
929 -8757
-1795 9536
3538 -2618
6804 -2836
7308 -5655
1190 -1576
1906 -5066
82 -6735
-1171 -4909
8462 -415
-7269 -2627
-3254 -1061
-659 -1296
-1815 -2315
-6151 5470
7844 -279
-593 828
-7625 2014
-3684 7736
5930 1938
-3944 7201
-5637 -1847
-1440 1492
499 9114
-5484 2560
-1091 -2294
596 -3804
-3555 -6886
-5198 3776
-6071 5125
4242 1365
3058 -1117
-420 3947
7274 -6321
-1857 5042
-5348 -1225
1497 -5766
5665 -1231
-4433 -3271
8298 4714
7418 4212
35 9461
474 428
-8309 -2296
1842 -9427
449 3700
8707 2342
5365 7349
-8120 -3493
6593 186
8367 -2669
-6383 3854
1871 5026
6047 -3443
-4222 -3345
9782 1351
6694 6724
8864 263
-4614 -6080
2620 5328
6709 -1027
-7443 -5034
-5126 -195
3480 -7947
4236 -3491
-6478 1496
-6701 -5014
1364 790
687 -7690
-9200 1203
-950 -6272
-5109 -7455
-1905 5905
249 -60
-1440 556
-3988 -4510
1943 -3070
-2735 -7880
-3376 -7823
2106 1563
-4813 3116
207 6597
7486 6044
4849 4904
-6017 68
4643 4057
-2898 -2058
4993 4631
1071 -1410
994 -869
7144 5878
8194 -3668
2988 -700
-8496 -4668
5381 3169
7776 2077
987 -3763
7980 4590
-1757 4446
7233 -2951
8524 -1846
-3548 -5634
-1202 -7517
-3537 -5924
9735 -1146
-8920 -202
3313 -3613
4930 2625
5223 -1193
1610 -6973
-3255 -3052
-6842 -6290
-1659 7135
-2437 2588
2388 5583
3617 -471
836 3954
7058 6712
1990 8819
2460 -6422
932 -2629
-6989 1820
1982 8690
-994 -2677
-2711 -1148
-5505 -5662
-1368 -5884
-8056 1625
-6950 -1078
1694 8743
-3405 -4790
7660 -3084
-5968 5196
4086 -4345
-3737 8780
-4361 -6842
-2910 -1294
997 -507
5580 5459
-3541 -2625
-8993 -4125
7086 1809
-5761 -3463
-8220 -4326
2796 -9295
-107 -7413
-1714 5841
128 -2295
-25 -3764
-1044 7295
-5608 -2527
-8727 -3453
4532 1705
1357 3805
6329 -3318
-7183 -4336
-9419 1764
991 -7227
2227 6735
3356 -2708
-873 5946
4874 4640
-7416 4057
-8589 5046
-8031 5359
-3592 -637
5281 -6552
4679 -3461
-6614 5922
-2700 8937
3757 -3522
6885 2659
1522 4129
8867 -2088
-3252 1930
6531 -2423
6674 -5351
-2036 -2936
4504 -8349
6231 -134
957 319
2308 -1679
-2030 8468
-1594 -403
320 5513
-422 1545
1275 7185
-4722 -4592
6131 6018
9329 -75
5267 -1185
1788 -3774
350 4327
8839 4598
-5798 -7926
-3939 -4992
-3424 9242
-1419 4290
-4216 -1455
6846 -2430
-1159 566
34 -2344
-7981 5666
6061 1365
-4376 6400
-1961 -5431
5398 7160
-1276 3132
230 5672
7625 917
7940 -3592
-8306 336
-857 4296
-5660 3097
7808 3341
-7651 -5977
6756 -6230
-2735 -927
632 -8979
6958 3942
-3446 9382
2022 2798
-5202 -2493
-8464 3690
9321 3444
3679 1308
-1848 -6966
-1061 7292
4476 -8210
3125 7860
3563 -2224
8838 2048
-2041 5909
539 8561
3539 5405
2272 7767
7828 -2508
-1957 3252
2250 9012
-4761 -3556
-8948 -2897
6087 -4850
2346 -903
1374 -1219
9387 2530
3648 8894
8329 -5450
1798 4243
-2983 4147
4678 -2128
3942 292
4675 -7410
4298 8529
-3472 8511
9680 1804
-1316 6159
-7561 -5064
9492 1120
3483 3290
2675 2351
9479 -1266
-2801 -4892
2676 7876
5735 1332
1513 -690
-1495 -8767
1315 -5401
-8249 3397
-2923 8033
2878 3532
7975 3818
-5964 5561
96 -508
389 -6593
-2253 479
-2703 4418
-4480 -5466
3831 5287
1601 -6125
7614 327
6457 625
1284 6944
4828 -4292
-1585 -6398
3700 -3187
-2408 -3038
-3188 8800
9414 769
-3385 -4096
1909 2940
-7039 1325
4642 -887
2238 -9431
-1438 47
1341 4307
6314 -7743
2186 -6869
7137 2241
4039 -4458
-7762 -2850
7062 2513
-2056 9455
7900 -5349
4236 2039
-5321 -7224
-6348 -3958
-4520 -7501
-4684 -8197
8961 2977
7064 4147
-797 -4757
-3524 -1333
-594 -6698
552 960
-7332 -2273
-5222 -253
7636 -4981
6598 -3375
2134 -4236
3740 -6516
4933 -4959
6181 -3600
6885 -5430
2621 -7698
-9477 -2708
271 8409
-6053 -7287
314 -5276
4689 6759
-126 -3731
5111 2711
-5919 -7267
7154 -1600
1998 6471
5134 2333
-7176 2997
78 1808
5853 -7698
-1778 -8298
-3260 -1003
1278 6520
-5176 7131
7733 -1825
-1625 2832
-1999 8041
3594 5134
-6130 -5597
2209 -3763
9825 -1039
463 6446
1413 -4390
3100 8917
-1875 -9309
133 -4537
-806 9629
-9867 -444
7373 -3675
-3660 -5344
9430 2355
-340 7744
-2158 8169
-8543 1968
680 -638
7579 4521
702 -4562
-3322 -3461
-6495 -6564
-6740 -2876
9142 2237
8394 -3175
2920 -6629
-3546 3314
-2147 3965
3150 4063
6533 -1250
-1567 4163
-3660 3579
6677 7284
-4300 7206
9274 -1556
1238 6199
-4671 -6065
-6373 -4090
3259 -7549
-1182 3886
-2526 -1264
170 -4005
-8551 -4897
-1106 2813
1924 -710
-1290 7044
2659 1594
1871 -8311
3025 8541
504 -5632
5249 5471
-4449 -8606
-1866 3881
-4494 -3001
-2029 5562
-496 3706
4834 6690
1091 7912
-3985 -2646
-2026 8484
-3322 341
8084 -5653
1442 4841
4845 -3289
7171 5668
4275 -3418
-6800 -5119
-8293 -4256
6696 7023
4229 1932
-6449 6236
-1150 1539
7197 -4741
2897 -9519
-5949 -2672
-7977 -2207
-642 -6394
1619 -2737
-9555 2520
5848 -6756
8469 -1103
6142 -6678
4459 -8553
-1734 -4710
-1931 2230
-7411 -6649
7888 934
5918 981
523 9596
-2713 -4996
9027 -3542
-1423 -2971
1150 -912
-5165 -5530
2657 5024
-53 -5521
6649 5174
-9186 895
-1519 -9357
5926 3325
8315 5179
-3120 -5689
-3247 -9097
-2468 4056
2953 6349
-5359 -4462
8631 4510
-4910 3412
-3988 4419
-8950 -776
-3163 6654
-1796 -6808
5371 207
-5778 3397
-3511 4913
928 9030
6491 311
-2972 2427
-3536 -6229
7614 5873
-8417 1157
5915 6935
884 8833
941 7302
-4875 8703
-2474 7334
-3525 -34
5805 -2865
-8325 5188
-943 -264
6726 2602
325 -4035
-2095 -605
5089 5179
-5876 7421
354 3123
-3612 -7344
2197 8752
-3910 5520
-6892 2558
1943 -8733
3780 -5858
-8954 4145
9421 3292
2908 -795
2119 913
-6342 6387
-7723 3673
-7436 4876
4884 4196
-4237 -7447
-5625 -4101
-177 4614
7880 5409
-2827 5472
-1803 -9381
-3126 -2899
1793 3053
2569 4492
685 -5016
-2915 3919
-4477 -6134
-7979 -5871
111 -2419
701 -7581
8239 -448
3252 -3214
4581 6857
5327 -459
-3068 3502
5509 1571
706 -8934
3917 8806
-5756 6489
-532 -2485
-8620 3006
2853 1333
8504 -5011
8594 -2442
3404 8499
2861 1608
6823 590
2815 2362
-2364 2075
-2077 -4082
2299 -4241
-7358 -4363
-3644 -7845
-1041 -2091
-795 4244
443 7196
-5732 -6722
-3983 3572
7711 -4053
-4433 2315
2492 6729
-3354 5240
-8798 -1987
-1404 -1521
4985 542
7014 4345
3765 -5038
-4158 -498
-2997 5142
2577 2320
1232 7418
-6777 1860
8902 -3314
-6723 1044
-3190 -7984
3323 7102
-1415 -8297
-4402 6850
-6390 -7566
-8608 -4077
6410 -3336
-5115 6187
5513 7675
6082 3098
-5400 -337
7347 5609
-2749 6228
3338 -210
-4118 -2873
-4137 -1330
-65 -5360
1035 9319
-2531 -1167
-1611 -2759
7346 1855
1093 998
5980 -1782
4600 648
2899 3879
-2590 -5144
-3225 -3168
-552 -1257
1245 -5815
-1744 -6760
6309 5266
6579 -1330
-7953 5774
-133 -3909
-1053 2802
-416 8238
8693 -843
-2727 8524
-4853 -2991
6104 -5183
-3579 6987
-2877 -1795
9503 -2516
-4369 -3480
4300 5329
255 -831
-8872 -1397
2886 4426
-4775 8273
4670 4565
-7903 4965
4984 -2470
7176 -195
-1740 6939
7509 -1112
4480 -2644
5049 901
7687 -5354
3782 -3010
-8579 3510
-3369 7112
1661 6739
420 -4123
7879 -5216
-9732 1199
4862 740
-6814 -6651
7515 6219
-706 -4111
-5977 -97
-6696 -1779
612 -5024
230 8009
3147 -3161
8143 -339
737 -8119
5076 -3301
1206 1525
-8164 -2859
-5045 3948
4342 -8488
6653 1542
-4092 295
4100 -2408
-5746 8176
5080 5131
3037 -8618
1166 4300
706 348
-1422 -4493
-187 4527
-6613 -6092
9494 1187
-186 2598
-6589 4890
-4799 5144
-5501 -3074
-8209 2565
9636 -2302
-3974 -8076
-895 -5779
-6742 -8
5492 -5529
-7195 2885
-1544 -7846
-624 7142
3474 -6879
2492 -8211
-2895 3608
-864 5169
3437 -3274
-2068 -5023
-1365 -867
-7671 -3566
5559 -5148
7189 -4794
-1891 690
-6661 -2795
4153 -258
6688 3379
-2800 -8964
-1921 484
215 -3976
-2155 -4345
-4997 -1438
-4278 2983
-5371 7775
2235 6561
502 -9754
-3357 -1784
-6247 -3494
-7068 -6354
-1677 -1937
-8892 3513
-7986 4813
1748 1089
2171 9135
-6355 1379
5487 -4280
-5310 -79
-6018 313
-6866 1962
-1924 1616
-4412 7480
-5648 5907
6654 3928
4245 6834
577 8812
5070 -8315
-3278 -9413
6272 5117
3156 8586
5352 6232
-348 3251
4881 -7108
-556 -9202
6245 -5515
957 -6787
-1340 -6269
-2279 364
8128 -4606
1574 -5252
-7130 -348
731 4573
2633 9051
-4310 -1367
-3260 -930
768 1550
3942 4688
9197 635
3836 2248
7026 4796
-2554 6484
-5665 5700
230 8539
6069 -3642
8319 3794
6059 5577
6120 -3231
2225 3146
7660 -53
-8274 4282
8355 -2584
7130 -5651
4066 -581
9416 2881
7959 -5859
1973 -298
2218 -5498
-5904 -3189
-2893 -7256
3398 -360
5127 -2339
2473 -972
1846 -8024
3696 -1145
-1500 4008
-1859 -3529
-1566 -8251
-2839 1696
-5967 -3689
-6955 -2233
843 -599
-5584 -5930
8991 2720
1871 -7819
-4626 -2684
-3726 7266
-1371 -7879
-1696 -1398
-7813 -295
5555 -2851
3129 583
-1923 -4455
5046 7432
-2730 2388
-5377 -7352
3908 -363
7510 6440
2475 -4358
-7295 3571
1040 3749
806 -750
-4498 -1031
-12 5267
-7442 -4844
4620 6605
-6429 -3308
-2399 -6856
4432 -1244
1710 7929
-2506 -3825
2171 -7388
-6395 -510
-9858 -1029
6600 74
-7799 4517
776 9047
5140 -2933
481 9055
6753 -2890
2140 -5373
631 -4521
-8166 3233
6029 -3981
5011 -8347
3959 2790
-2640 746
-3436 -8867
-131 9037
1424 -1895
8359 -2989
-8479 -5076
-7319 -891
1273 -5591
6881 -2546
-2316 7881
-6808 -4
5429 -2818
2338 -2504
-14 -7460
1136 6304
2422 6568
4507 -1626
4949 -5281
-8045 -455
-8015 1734
-8989 798
-7046 2695
7762 1278
4164 -2944
580 651
-5981 2675
6514 -3661
-8912 4295
2448 -3114
144 -8417
8300 -274
8279 -4672
-6074 -1160
-5858 -2197
-9538 2965
2970 5605
-8650 4348
-445 -1469
-3965 -2868
4294 5010
-9434 -1659
5315 1008
1091 -8437
-766 7702
6813 -719
5551 -7160
-2100 -9310
-309 6086
6363 -6956
-6932 -5488
3373 -5417
-7002 -1397
-4745 7382
-9631 -852
5461 -1310
-5145 6520
7120 3548
-2769 -3385
4896 -945
-7107 4142
4859 -6328
-9638 -1097
6720 3511
1566 1344
4798 -5657
3122 1509
-1383 -4814
-2723 -3558
5238 -4655
2530 6169
-3353 -6557
7055 -2636
3958 -9054
-2775 7150
-3157 1833
7796 -1617
-417 -8597
3384 -5014
1419 7681
-4773 -3187
-508 6697
5303 -3358
6622 -1459
-1319 -5357
-2105 1246
1939 -1583
1222 536
-4776 4560
241 7062
-3439 1599
5430 -936
9163 -3374
-1608 6964
-943 7466
-9211 1213
-746 34
-1503 -3719
-2041 3093
9260 2318
2257 2469
-4879 4058
-2605 -7856
-925 -7350
1711 -3742
-4835 -8422
1221 -3432
318 5256
4560 3194
-2159 -7107
-5164 5233
-4716 -8620
4872 6337
-15 9222
-3509 -8346
-6770 6261
-3736 -4364
-1123 5166
1547 -9877
-2089 -8424
7631 -2029
-2438 -3881
4804 6934
5570 -5593
1828 -9677
-690 299
1901 2556
-8654 -4250
4909 -875
699 -2808
-2809 9503
-1004 546
7273 -3884
5504 3990
-6202 -4991
2778 7976
1909 7497
7227 -5968
-3811 -1228
-3664 3106
-4963 -1075
-5930 6978
-938 -4598
4088 4016
2775 -8110
-3488 3098
-4201 -1729
-4390 -3571
2109 3542
8099 -4702
-1281 -5963
3521 3529
6880 -257
-3294 7033
8913 -2399
2869 830
3658 -5318
-2173 -7303
3413 7403
687 -7776
1604 -6612
7395 -3833
-2074 -7536
2012 -8613
3676 2863
6865 -6179
-4106 -4110
2615 -6639
-4519 -7052
-3153 980
2476 3153
-2338 1458
-7925 -2903
-1210 -7538
4594 7414
-8423 1624
4754 3039
4995 -294
2212 4034
-973 258
5306 -7522
-2027 -9213
4238 -6283
-2682 -5097
-5134 817
-4077 6990
-8954 -4065
-9183 2816
-8615 918
3835 -8247
6486 -5859
404 9977
6130 -2949
9740 155
3756 3091
-4807 -2723
3680 -2665
3936 3808
4513 3647
-6654 -1456
216 -6743
-6559 -3559
-5390 -2659
-3447 -3584
-206 -3834
3112 -2000
2181 -9062
3100 9269
-7270 -3173
-3568 -7468
-7289 5374
-6712 5459
-5393 2959
-9532 -661
-834 2628
-6754 -6396
-3282 7756
5312 8407
-6113 -247
-3870 -1665
-2405 6458
2856 6704
3835 4886
-2983 2608
-2770 7419
668 1993
-829 -5287
-3211 2987
-6298 -3261
9387 2325
5686 7098
6138 -3950
-9825 -1621
7264 -1980
3191 3509
1479 4028
3550 3992
3811 2036
1314 -6478
6841 -4711
-600 -8786
283 -5703
-738 8463
2444 -8307
-961 236
-2655 7150
6080 -6067
-5247 4886
-6717 -3529
5430 2223
-1160 -177
6027 -3277
811 -9616
5180 5813
-7693 744
6563 1328
-2158 -245
-2960 8154
-9431 -1352
1313 -6983
-8371 -2662
7460 1047
-5691 -2620
314 5408
-6222 1127
6143 -6462
-831 1106
3527 -981
5770 -2267
-7420 3379
-1850 4040
8844 -1828
-3033 2409
2556 -4476
4 9625
6435 6137
5999 -1754
3277 -3996
2042 -2705
-845 1251
-94 -9838
-549 -1451
3674 -8557
1326 -4328
-425 -2046
2825 -2204
-2029 2757
8646 -4852
5981 -6807
1500 406
-1497 7522
944 298
2230 -7713
4841 -7675
3399 6658
1027 -6375
-5164 3582
6544 -6970
7910 2926
1357 8908
8353 -1762
7232 5638
2057 -1628
-8180 -2286
-6524 3664
-49 3521
4671 -1758
3350 5736
-4966 -66
1240 6607
3245 -179
3054 -439
-6299 -6315
1101 2430
-1597 -2215
-5895 4648
5813 -2433
-8796 3716
-4184 7417
-1623 -4050
-6560 5543
-2147 -8017
1456 3903
-1479 4533
795 5640
4378 -2380
8084 -2728
2801 -7657
-3092 8551
3198 3915
-6360 -1067
-9017 -256
2004 5613
-1363 2082
-219 3410
5826 7299
5619 3469
-2359 -3959
4839 2191
8265 -4332
484 161
474 9574
4457 2284
4648 -3705
-6729 3480
412 -9559
5039 -2412
-2089 -2581
-4791 5557
-2379 -1001
-6176 -7830
4215 -17
2131 -1082
-1243 -1000
-120 791
6796 1830
5217 4231
-2859 -8037
1591 -4867
4881 -820
2273 2166
-3780 -8368
-6165 4773
2813 4619
-2645 -8562
-4366 -8762
-1209 3395
-2750 4817
-4294 -8924
5951 -4772
-5375 -2483
5587 3481
1775 -7724
-3144 -2903
-3972 4595
4328 -6197
5916 -5912
6447 1083
6817 -502
-2875 -7358
-2589 -6074
-6042 4759
256 4797
1400 -3948
-1946 3830
9436 39
2219 5147
-3440 -5840
-9536 1220
2812 -4663
-1915 1300
1546 -2085
-4570 8775
-8687 1555
2399 9114
-5506 -6760
-2447 -7934
2378 -7688
-6700 -7403
-562 -6298
-9121 -2048
2200 -6240
1925 -6253
-6793 4897
2756 3063
-4987 -6024
-4719 1462
-4707 -8684
3428 2140
-9456 1218
-1016 -2310
-5428 -3509
3565 -2066
5772 -1154
-8714 912
-8395 -3908
5987 1364
-3881 8965
1918 9348
8132 1361
-1488 -3722
3060 3468
-9005 3533
-5857 -7938
-6270 3511
1482 4352
3859 1795
8063 2594
-4942 1421
-6993 5801
9238 437
5694 3369
9560 2207
5338 5871
-4576 -5664
1607 7679
-476 -8971
-6025 3687
-3958 5413
1475 -9004
-1226 4678
841 -4928
6693 880
1727 241
307 450
4278 -7022
-529 -4159
-2664 -3790
-1677 9721
2462 7305
3044 9046
-6485 -5123
3751 6961
-1100 9013
-1483 -7325
-3092 1485
7466 -6378
6391 -7381
-232 2342
-8389 2343
-4151 -6158
-5857 -5168
137 -2511
-1159 6029
-3771 -8379
-1391 -1078
-565 199
1817 4156
2435 5831
-1956 -1017
-932 -6073
3239 1744
-3094 -9358
-8320 -2280
-6672 4120
-117 -223
613 2966
-5355 6850
-1648 -9010
9403 1098
61 4396
1093 -5909
4644 -5445
-2941 -6529
-1235 -4106
1638 -9311
-5538 -4393
-3008 -2158
-1415 9771
-6476 283
7817 -4121
-2487 -6268
7609 3977
6423 5958
7113 -4742
-5081 2680
2878 -9505
3474 8111
-1074 -1858
-4922 -8514
9927 810
1635 -4263
2299 -5415
-6777 3135
-2087 -9065
3274 3767
-1206 -3473
-6978 4175
2056 -140
-808 6833
-2093 2772
-403 4805
2655 2868
-1596 -5895
3985 -4279
-3959 -5674
6455 1026
4068 -48
4452 6035
7453 4769
1285 -7177
8040 -5721
3256 940
6135 -5950
-4162 8813
2461 5399
3019 -813
-8836 3968
8095 -3953
-7780 -6061
5189 7724
1662 1778
2324 -3266
-2840 6406
-4439 6203
-5418 -5065
7312 6574
2641 398
-3482 5410
9787 -1134
-3140 -3176
-2636 5635
4158 -4469
-6031 -6285
3346 475
-7749 627
7519 -6393
-2264 8850
4375 -8951
-2398 -7178
-1309 -5152
-5942 409
6502 -7304
-4950 3373
9025 87
2776 2551
5540 2716
3444 -234
-2307 4761
-7974 4018
7332 -4229
-1702 7641
-1500 -1565
8547 1105
-8241 3278
-6669 -2205
1677 949
7854 1434
-4482 -1398
-3461 7967
2237 -4439
3976 -8371
1241 -4490
-5848 6302
-2375 2555
-4853 6453
1800 1422
7837 -5132
-308 -6159
-1223 4234
8536 2082
-7002 -4645
1383 -526
-5419 2526
7573 -3629
-6389 7679
-3068 -5559
-4932 2054
4786 -2341
-6289 -919
-507 8791
-2196 775
1261 534
411 -5196
5320 5728
-1957 -9664
7909 -6059
1164 8527
3119 7488
-1463 6931
6657 -6636
5101 7285
-6921 7145
-7026 -3385
-1205 5412
3328 -920
5131 -4213
-3033 6990
1432 -2606
926 3191
-3421 -4338
-2819 5082
-1539 -5825
-2075 -7477
-6556 1768
-3496 2456
2352 2081
6865 -4281
-1600 1575
6045 -6252
9905 716
-5847 230
4340 3131
4397 -5657
-5802 2775
3654 -2061
-508 1
-8620 -367
1641 8966
3325 -5404
6642 -4503
-3887 6614
192 4803
2649 117
-4100 -1920
-8410 -1035
5934 7624
3273 6061
518 -5623
-107 7915
25 6105
-6083 -7099
3797 -6947
2489 2401
4597 6501
1838 -8703
-8217 -4519
-9374 3318
-3256 4713
1550 -6373
9728 140
3682 2915
-4698 951
8917 1361
6696 -6186
-4682 7092
-4166 -9065
-7410 3074
1221 7972
2185 7505
-3039 1467
3563 -1934
6363 6045
8658 -3660
590 665
-1099 -6259
-9269 3070
4139 5672
-804 -2810
-5153 -282
-1228 7767
8101 -1451
3726 -7816
-770 8272
-7611 355
49 2214
-251 6020
-2446 4947
3238 -2045
3914 -3105
4789 -4401
5109 -7906
-595 1539
6841 -301
-1385 4353
-3806 4515
-1156 9322
2364 -908
-564 1892
2014 1797
403 -9474
8032 -4778
4997 -1565
-3472 -4776
-6044 -7711
6811 2503
-5457 -1964
-438 -9643
4636 -1129
-8350 3788
6233 -6008
-1415 6846
-6751 -6571
-8625 -4469
3050 -7267
-9316 3118
-3370 -4311
5893 5062
6600 -2638
-139 -8900
-158 8390
691 -917
-2016 -1732
-9869 -916
1420 262
-8152 2027
-3705 -5840
-2937 6314
754 -9863
-1503 7178
-4262 1392
2250 -2753
8640 -4500
-3915 2063
-7281 -4314
609 5726
3900 5918
-2239 -8536
-1730 -6740
3118 -424
9548 1721
-3709 -4237
1754 -2204
-4139 9001
6321 -6072
8679 1848
-8077 -2909
1148 -1162
5491 -5437
7921 5507
2140 73
-297 -6564
-237 2648
-1731 -4177
5065 -7761
-2818 2857
-1324 7451
5868 5412
-9111 3024
-2756 8436
-2800 -4470
-2631 6049
-6542 5271
3449 6792
-1567 -7370
4264 2188
-8270 5475
-7690 1415
3636 -6008
-4097 -6600
-4018 4414
-8166 4838
-5294 -655
-825 -7129
6747 -3383
-4875 7553
481 -6469
-6210 1995
-7945 3051
7881 -44
3977 3671
6643 3738
5328 7150
-8286 -2154
-2790 4321
8401 -2641
-1626 -4134
-4381 -4867
-7243 4956
-657 1867
1380 4
-1077 -4025
3344 4642
8118 -2565
-8161 -611
6287 -5244
-5725 3538
-3381 -7362
-9268 -3278
8722 1900
6487 5398
-7838 4255
-4107 6464
-2382 -7588
7152 6002
-81 -316
70 -5966
-5034 2006
-4013 -7808
-6345 7355
7471 -579
-2113 -5189
573 -8117
5498 -873
-2743 5128
7318 -6206
3749 6851
-39 -1996
-6755 6719
3718 -6242
869 -2970
-4895 6381
1817 7801
-8074 4351
1580 2879
1814 -8322
-5358 -1299
-7137 -3634
-8430 309
-4494 2455
7677 2642
-1038 -2924
-3756 3094
153 172
1793 -1502
-8226 4616
4593 -1428
231 -94
-3216 2095
1215 6400
2052 -2676
-575 -7822
323 -9875
-3424 -9201
2897 -1012
6886 7221
-483 -9406
-8401 5162
-1836 1861
-3142 3142
-5637 4567
3574 351
3409 -9118
8096 -2321
-7664 1250
-8299 5198
-532 -8572
2468 -918
800 8815
3159 6855
-7609 -2056
5394 -2650
-3088 -861
-3135 -4001
6496 -2312
1916 5712
-389 126
1914 -2241
-1746 -7673
-3153 -8994
-514 -2486
-7587 -3702
-1420 -9198
-1862 -5772
-4076 5653
2805 1108
1475 3160
-1436 4255
-7067 3561
-8159 -5705
-1529 6305
6169 3662
-2921 6913
-5641 -217
-1417 -2156
-3492 -7632
-7672 -1382
-7329 -2063
-1319 -9513
6660 2531
-2157 3330
4347 -8023
-2335 4167
-7276 -2759
-3079 5693
-3582 -749
-1745 -425
1889 5101
-2280 5175
2878 6772
3332 9247
-7029 4236
6127 3211
1734 9169
-3640 -8583
1416 -4464
-5342 4993
-217 8703
2115 -9034
-8019 -5571
2934 -1381
6856 -963
574 8713
-3825 -4328
6486 -3830
-5243 8464
-6926 5488
3843 7314
-6180 -3355
6789 -3686
-1546 -1163
-4905 236
-145 3059
-3336 1608
-2802 -5008
4950 6606
-2921 -8938
4889 5686
4947 -6382
-8870 1752
1992 6314
-5696 -3581
-4679 -8455
2873 9431
4272 2123
-3144 -584
-4097 1069
-4116 3301
4878 -658
4032 -182
4486 -808
-1218 9298
6745 5177
-3533 -6732
-1057 1217
1659 -7269
-1466 8376
1693 -6515
-9418 -798
-4863 6780
582 -4561
-9404 1625
1015 -285
-3228 -3052
-7238 1214
-1584 -1874
9571 963
-8232 2503
1716 8206
3259 609
5302 -5832
1433 -5410
-7300 -3162
-2834 1183
3351 391
-2738 -3997
8684 -3878
-3021 4695
-4353 -5031
4758 7813
6119 6131
-2368 -6781
2382 6011
-6478 6054
-2926 4291
9477 -2936
-7738 2938
1625 -1725
975 6293
2358 2686
-96 5498
-1091 3868
5797 -1582
3725 7057
8895 3945
7237 -6722
5906 -1769
1665 -3223
-8256 -551
-1580 6421
-7263 -2234
-5798 -4465
-6203 478
-7422 -2295
8574 499
6384 -5045
1229 -1872
2009 -6759
1566 493
-6155 5052
4356 6102
3483 1643
9606 2215
-5823 -4712
3912 5056
-5343 -1490
1640 -3810
6330 -6617
-2027 8161
-726 1626
1729 -6255
-3433 -6640
3521 5291
5826 7943
4888 5736
-3550 1706
5741 3003
-2414 -7434
1712 -5444
-2798 -5776
1399 4890
-8388 -2743
130 -3442
1723 -9317
786 3882
-1028 -9707
476 -4723
-2935 -1812
-7805 5701
-2112 -4205
6871 4154
1096 -6038
-5683 1923
7457 -4391
-2225 -2404
1586 -2696
-9310 -666
7276 -5391
-7818 -1888
-1408 -7028
-5542 -3286
1609 796
3525 9225
-4416 -2446
3126 -6961
3817 5432
-4598 -7140
-365 -3022
6006 1117
-3443 -6834
4699 5186
-664 -4884
1553 -5611
757 6165
1076 -4428
-5084 -6810
6322 -5314
-1501 -8363
-150 6268
-5427 -4480
4856 7707
1680 -8946
-8283 4248
3844 -8095
-1490 -308
-5051 3899
-888 -4521
2471 6079
-9607 223
3695 1080
493 8507
-2272 6457
4028 -8493
5882 1809
-9269 846
3683 -822
4182 2683
4784 -1882
3740 3159
54 -1413
-1427 9892
-7253 -3714
8892 2010
-7050 5278
-44 8278
2139 -8280
-7261 2894
4247 1552
-12 -9752
-3738 -5344
5550 -6842
-8492 -3589
-3024 -2495
6108 6476
-2571 9408
3917 -2642
7078 -131
5311 2990
1778 -717
-6933 1157
2657 -2451
-7978 -3971
404 -4735
6034 -1421
-6139 -3803
2761 -5375
-523 -3201
-871 -5849
-6759 -4552
-1532 -7584
4871 -3654
-369 3059
236 511
-3725 -230
-3959 -2815
2744 2988
5035 557
-2029 -4894
-7498 -3105
5023 -319
-6521 133
43 4415
-4739 835
-7825 -6091
-598 9508
9643 -2249
-6662 1691
-3148 8948
-3658 3992
-3345 -2095
-5540 -5558
-2262 -4404
-8499 4277
-2990 6152
7799 -5320
-7302 -1864
-9009 3082
2745 2125
-1387 1306
4613 -1624
7744 2173
2099 -2759
-8057 5902
-4388 -4520
3102 -5988
-3531 -5320
-817 4465
-3306 9024
-5194 1509
-2274 5745
-1355 1215
-8191 3686
8589 -1970
3443 3909
5967 3143
-2613 3379
-3566 -2105
-3463 -6829
-2331 -8398
6602 -6839
-7230 4427
-4434 -7198
5113 -4315
5885 3376
2546 -2737
-4873 8194
-2487 -8425
4450 -7414
5016 -8448
-3759 -5885
-5157 2189
3013 9031
-1887 6801
-5737 2855
-5084 -8401
2866 2571
4425 -4526
-1426 8560
100 -2028
7421 -2751
-5703 6539
-8096 1286
297 7526
569 -3268
5708 6543
-4931 -3084
6235 6220
8554 -3252
-6114 159
-2997 -5915
8168 3714
6824 -3494
620 -2190
-8408 -3171
787 1106
2783 -4531
-6727 -3049
-6826 -3929
2595 -9622
-4748 4200
2586 -7091
-249 -5789
654 -3686
-2499 -6782
6165 -6953
3668 5440
5247 -3467
-4528 -4595
-2985 1637
4351 405
6594 3807
-6153 3310
7815 3819
-4986 -4179
-3381 -5762
8054 -341
8797 -2100
886 8135
8582 2210
-4185 7692
2152 7332
-7412 6566
952 -9455
-4523 6389
-5311 3117
3086 -8313
-5720 856
1913 -1123
-7632 -2688
1255 9073
-5792 -5563
-2967 -1618
-7852 2668
-3914 -6738
724 -9906
-443 -6176
186 -3052
6623 -6705
3765 6030
2174 -7301
-4132 5626
-77 -6123
-6331 239
-8121 -4819
-8199 -1289
988 1827
3833 689
-4286 -5975
7192 -944
-3402 -4718
5351 8012
215 3925
7646 4295
-5843 -4016
3413 3426
-2925 1438
-3823 -5005
-7139 -5403
2346 -9502
7720 769
4983 4543
-5495 2550
8242 244
596 -6684
4537 -7460
-2967 624
-3023 -6889
7575 4874
1343 -5005
-2092 -5323
-5050 3067
375 -82
7329 1524
-3234 -4329
-5387 3707
2798 5681
-2715 -2128
6773 -5914
7376 1278
2176 -286
2382 -5100
2065 8439
-1793 -1114
1679 -5457
-1365 -6750
-171 7768
6386 -5466
7250 842
-1314 4177
-1833 -3887
5890 -2396
-2239 -3162
-534 7647
-8232 -1613
1707 2793
-3163 -9392
-1818 3227
-5561 -184
1078 -9928
8883 -2076
6031 6864
1951 5383
-1284 -4796
1130 2707
-2714 -196
-78 -6318
-5958 6161
-1404 3695
1930 7631
-9318 -1528
-1924 1089
-240 7995
-721 -1086
-4433 -2655
-7530 -6206
-1445 7257
-2426 -731
5557 -1880
-2598 6613
-8357 -1114
-4997 4355
-8674 4680
-3056 -1048
-5843 -5013
225 -8798
-4057 -8190
-3548 -3311
6721 6775
1104 3773
-9435 -797
2107 -6239
-4900 468
8587 -3543
-8686 -2942
-450 -3627
-7621 -3280
5408 -5534
-819 5413
-2585 -7172
-1578 -9450
3053 -3713
-5436 -6397
-3534 1798
5919 -5482
1451 8124
2520 -5164
-1068 7535
4593 481
59 -2481
3721 -4278
-6468 -5456
5156 -625
-6702 6628
-392 -1364
-5926 1982
-2504 7858
2265 -8733
6236 -4490
4821 -3941
-202 -2742
-8638 -3480
6125 -4290
6400 -2589
7589 -4593
5077 7795
-729 5719
-6541 3877
3700 735
-933 -6768
-7568 722
527 4620
-8870 591
-744 6662
-3725 333
-5603 -1258
1717 -4773
2892 5469
-3505 -3824
-1433 9608
230 -5316
6912 -4850
-6913 -2849
-1228 -6123
7846 -1374
475 4980
-5288 -1885
-994 -6916
-5951 6404
-9215 -2778
-3361 6300
-1058 8083
8114 -2505
-2993 6956
6862 -4743
-8090 -3281
-3069 2181
9030 -1571
2629 -5417
-7984 1901
-2745 -4228
-6188 -3876
-3690 -6432
3751 -3328
6676 -5363
2340 6709
-6842 5329
-1847 6708
-1634 -2414
8196 -1598
-3049 -728
-8288 3038
-3513 2332
4686 666
7255 -4575
-7413 3648
-4119 593
-3167 -1635
2284 -8838
6836 -5126
-1085 9697
-9209 -1771
-4106 -7736
-8154 -1434
-3444 -8983
-6189 -1400
6092 3173
5357 -6782
3431 4037
-1510 -4058
5923 -1568
1618 9373
-189 -8675
2572 -3272
-7457 6310
6124 -2007
1015 8426
6002 -4677
-7593 -6087
3002 -5039
-2736 -4715
-3720 6300
1820 9292
1977 1863
6364 -3557
-513 5539
8016 3611
2391 5055
2780 8865
476 -9728
-1075 8610
-2847 2984
5019 3038
2881 -5877
3695 5675
-8439 1269
5393 6410
1434 -4011
5853 8037
-5003 5886
-948 3814
-3128 7533
7511 3260
-9521 -2192
460 1214
-630 -1892
4745 -7717
323 -18
5952 -7587
-6245 6297
1593 5767
7370 -3150
4168 -3681
-3783 -7435
8599 2366
2068 7945
-7428 -1622
-94 608
6768 3862
-1790 -4966
-5547 -6191
-4954 -4989
4115 -5371
1036 -6268
-7570 -3543
-1367 6611
6483 -2902
1059 8637
-2847 -5176
3923 2919
-9354 -2168
2304 8730
5927 5219
-497 4181
7140 -6993
893 6025
7245 6027
4115 -7870
7788 3478
-526 674
7531 4709
3143 9127
3956 3306
3194 -5117
-7773 -3807
2080 -1380
7689 -3968
-1700 5590
-543 -2021
-8547 -652
2607 -814
5265 4041
-2766 7123
-244 8767
7884 3867
1609 6105
6280 -2907
-2016 3895
-1068 -5500
-6041 -4017
4914 -5543
-514 2925
2146 8504
-7835 2070
9463 -1813
6221 3526
-9880 1359
634 3178
-2426 -4739
5613 7855
-3267 -205
-5680 2994
-1404 4690
7186 3431
-2818 6674
-5522 2500
-9070 1043
3581 3724
5001 8051
-8269 -2851
7056 -6442
-6972 2877
8983 -14
-177 5777
4791 -3314
2975 380
-3363 4194
-1796 8108
-3142 -1908
-5575 7373
-1422 1458
1773 -3414
-676 -1881
-555 -3886
2769 -1639
-3045 3484
4017 7651
-6530 1160
-1256 -1430
8379 3453
-2902 -3792
89 935
-9624 1230
125 9189
7741 972
-7163 5008
-3840 -5872
-6952 6671
-8047 1990
-1759 -8375
-3332 7492
-1618 -6086
-6344 2243
-2283 5499
-7051 -6159
5219 6957
-6302 -6347
9777 1845
3613 -7933
-5730 -4370
-6685 3811
-6885 -2824
-1390 5785
-6608 4147
-4598 2205
5792 -6385
6010 2037
-9071 -2549
8996 3657
7162 2840
-7588 -660
-5983 -186
-6205 2342
1964 2537
2792 6366
-5283 4348
600 6884
1650 -9402
-8002 -1864
5886 5091
699 -6566
8768 2037
-1041 -6799
5448 -7593
8423 -2575
-1568 -9583
-4882 -7494
-3434 6297
-7407 -4386
2542 7883
9083 1301
8822 -938
-3854 -1134
329 8842
1410 -2500
-1259 2515
-3127 -8151
-2684 9147
3642 -7181
5909 -3101
3667 6495
5363 -4739
-955 8958
3129 -371
6407 -2790
-2613 -3035
310 5691
-412 6980
-3027 -8072
4159 2582
-9395 -456
-5438 7816
-1463 5783
-3154 3643
1172 -1487
4466 8037
3982 -6835
6435 550
-3179 3766
-1467 4055
2221 4736
308 -4311
-5096 -4585
3663 -1003
-6689 2438
2693 8954
7649 4827
1710 -597
-607 2886
1667 6058
-5243 396
9134 1614
7221 -2359
-1133 6119
-2803 8839
