2365 100
80 98 27 3 94 30 39 44 49 28
5090 6273
361 5730
-6916 -1507
-1386 -8642
-3311 6129
-3708 -8595
-3099 -8354
-4906 -6731
4569 -2539
-2958 -6400
7665 -4577
9688 -879
4304 3651
2895 7276
7314 -1631
3420 6753
-620 5467
5334 -7385
-1548 7606
1433 6330
4226 7290
-986 -4249
5901 -6573
-2730 4309
-4339 -4171
-4311 1762
9069 -2857
-7172 586
-5783 -6240
6696 -475
-1667 -9142
-1668 -6292
-3983 -1522
8794 -1217
8092 -3431
-8658 2754
160 -3084
-6512 -1007
-3372 7230
-4832 5247
-4366 -3506
3405 -3033
-1713 -6418
3260 -7060
885 435
-6401 -1255
-5714 -1198
3512 -1106
-8630 129
5671 -2689
8188 -4549
4628 -1653
-9213 2343
6097 -4475
-6515 -147
3464 -6085
3574 -8447
-3674 -4073
687 -3534
-1271 1464
6054 3522
3924 -2191
5559 -3622
4839 6227
3077 1926
1619 -8403
-4043 5132
3217 3710
-6145 -5579
6894 2786
3828 -4897
-7731 3567
9038 -3565
3708 7826
-9433 1869
511 -3189
3798 1234
-2125 -1730
-3411 -3842
-2870 -2084
813 5226
-2306 933
5964 -7768
179 6446
-897 1739
4701 -1852
-4473 -3269
8050 -1222
9321 2853
1911 -156
-6463 -7194
7311 6092
-7377 -3585
-402 -1426
8244 -4194
-1173 4062
-6041 -6132
7006 198
6284 -5530
-7524 -550
8642 4658
257 4826
-6379 -772
-6892 -826
8358 2877
-2705 8336
1065 7682
8586 402
8455 5327
-1989 2820
-7893 5164
-5132 3295
8957 1128
3582 -7055
-7254 -2534
628 -4609
2093 -4188
-2776 -7709
2572 5636
7692 4983
-217 -9964
6671 -5247
-2601 -6312
1892 7928
7407 3869
-1858 -1880
8450 -81
1382 -5949
1337 -9648
5801 8137
4210 -7489
7668 3617
-5080 8410
-8037 3087
-1837 -6430
-3674 -3186
8090 -1347
416 4429
6433 4216
2226 -2308
-1010 -7171
-6255 6926
1521 4324
7271 -4696
-4256 8489
4657 7403
-4642 -4085
-7564 -2454
-2838 -1729
5941 4802
4340 -5540
-1597 -4242
-3387 2406
-5972 -2150
-6189 7606
2803 6225
-3152 -6173
7015 5095
-3861 296
-8540 -5053
3710 3290
1472 -584
7497 -1448
7171 -6416
-5472 -6704
9264 1215
-1596 2861
-1029 -9388
855 8317
3024 1988
5105 4351
8943 2452
-3672 6022
8697 4225
-7643 -1542
3513 6587
-388 2076
4463 -3546
1032 -452
-2036 2193
-1024 -9406
1345 8101
7403 -4799
2676 1229
1342 -6747
-3131 0
3103 -6621
-9768 299
8282 -3182
3096 1574
2934 1191
-4201 -3907
642 -6777
7114 5710
-3341 -1872
7885 645
-6814 -2383
-5756 4982
-5410 -6691
7268 6378
-2437 9428
1646 6838
6141 -6411
-6740 2527
-5302 -6835
-166 -2680
7471 2102
6231 4935
-1175 2829
858 1776
576 -2047
2724 -5643
-7862 -3128
827 8636
-85 4642
3633 -5064
-422 -1227
6196 5761
1937 9328
-6263 -1146
-4924 2947
-1780 2588
-84 7963
2845 -4967
-7784 -2405
1860 -3479
4933 -6663
-1722 -9661
-2152 7404
6733 -6786
-6342 4539
6496 -244
1220 7320
2833 -3941
-7708 5556
1913 8154
-3993 8741
1611 -5893
-4921 -3139
-1251 1000
-6482 -1884
-3424 2033
3344 -2634
-5704 1620
143 -9418
-2968 6221
-2008 1395
3562 -6185
-3894 4150
5208 -6814
-7997 -2321
3791 5280
-9050 2966
-650 4668
-647 4314
-1809 -2199
-3417 1385
6597 7202
2514 3632
-8543 4254
-4903 6511
-7492 807
6202 -6178
-713 -2783
-202 -671
-3971 -5342
-1664 2504
6532 -1720
1964 9276
-2623 2223
953 5858
-2206 5441
9544 -2410
5123 -5573
2704 7593
-4020 725
6177 4905
1939 -3964
4235 5456
-1456 -101
1946 6631
4007 -6925
2009 6766
1826 1478
-1816 7212
-4849 -7567
-8052 3442
3035 -7252
-653 -9832
9817 -219
5266 7196
-4894 -6485
6602 -2884
7678 -6167
2105 406
7181 -5765
-8238 3937
5333 -7534
4575 8528
5263 -2963
-3464 4731
516 194
458 -1087
3017 8759
6036 4849
-3448 35
-6439 4109
718 -8113
3849 6927
582 1016
1693 -1617
-9418 1900
-5848 1257
9398 -2620
-7199 -1612
-2232 -9158
-6148 -5704
3593 -4237
-2479 -5054
1434 638
-3318 5095
854 1196
-7246 5276
3964 2976
-8769 -2146
-8744 4428
-1463 7793
-903 -6143
4026 6977
6057 1
7202 175
-9818 -1093
1012 5342
7180 1709
-7054 6505
-3819 2492
-1282 3448
3306 6848
-2764 4502
238 -5342
3678 -6341
-1657 -5075
8164 4442
6018 -1965
-6739 -1532
-4611 -7605
6060 -2760
-2579 -7824
2865 -4705
5804 2321
174 5796
-4361 -3996
-6102 -2746
-5111 -8161
-3004 1722
4822 -2751
-8643 596
-8484 803
-4147 4701
6877 -2082
9502 359
2200 1141
5572 -7973
-561 413
-940 6010
-7419 -1860
-3045 4816
8538 3082
5715 -7479
4919 -1254
-3507 -4797
5733 -371
-7943 2270
5166 -8373
-4646 4711
-1643 -6226
4473 3090
-5176 -7926
-2777 3923
3611 -6853
755 1450
961 -7154
-182 -2113
-6550 -7508
-2272 -989
6873 2820
5654 -5747
2136 -5592
501 -3565
1386 -2385
-583 -6160
-6606 1331
-6235 -2895
7674 2413
1359 -349
-1075 -5634
8783 -4137
4962 -6013
-1295 -3242
6916 1737
-4576 4045
-7895 -2082
-1184 5512
-6174 -6848
3213 1762
3013 9313
-6388 -5497
-4318 394
-3727 2897
-4316 4509
416 -5993
-6525 176
-7817 -2002
-3205 -1289
4710 3268
718 7621
5796 5196
-2827 8269
3331 756
-3119 -4944
1810 -5122
-6246 -2754
-347 928
-380 -6694
9594 -1596
6886 -5497
1516 -1658
2693 -2357
5978 -6076
-578 5291
-6725 -367
5172 2388
-8854 3753
-4115 8364
-2889 -636
-6448 2247
-6518 6275
625 -2102
5657 4974
4629 -5166
-285 -8949
-1386 -4551
-5591 -6097
-5532 7570
301 -8225
-4573 -7651
-660 -7864
-3401 6080
-5296 -403
-4553 -4864
2794 1725
-7676 2911
2511 2049
-5905 -6199
6299 -982
-879 -2581
1554 3482
-3221 -6681
5828 3
-923 7956
2612 5734
-1690 7676
2597 -7891
-1097 -5094
2588 -3448
9297 -3071
-4191 5719
8833 1973
1264 -9859
-3047 -8286
1855 2518
-692 210
-7745 5881
-4183 1653
-7121 -6684
9066 -3832
-1793 4356
-8100 2150
3310 5719
1101 4160
1621 -994
1089 -7856
-3075 -4074
-5645 5946
6074 5756
-2146 4298
5507 7673
-8339 -2285
-5574 -364
3553 6754
-598 8714
7165 -259
1043 -4552
-6290 -7563
-5048 -5785
-715 -3836
-8995 11
-9088 -1353
-1139 3737
4739 -5277
-3654 -4833
-2519 -5257
1521 -3131
-4125 -7194
9761 -1721
3329 147
696 7062
4109 2889
75 -4514
4876 -8452
-2782 -3137
-184 7842
-2992 7270
5234 7125
-1142 -7882
-6529 1598
-1679 -3008
-2193 -8569
-7754 -5735
4244 6611
1730 -6607
9285 -2204
6520 363
3374 -5335
-7856 1204
-4683 7010
-262 2528
1711 -8436
6163 -5466
7501 5524
-91 1283
456 -6760
-401 -4285
8249 -3116
3790 -3089
3992 -8334
-7354 -6367
5420 590
-3868 -7722
2539 -6630
-4503 -1948
-3185 4884
954 929
3475 -1028
-4338 562
-7932 -1856
7863 -3252
-4994 2119
5706 3093
1173 9396
-5476 269
5378 5342
-2051 -1293
-1258 -1754
-7928 -2284
8522 4285
1531 -4608
-4833 703
5073 3194
-9494 404
6692 -3207
-6695 2037
7400 -2429
8084 -1869
-3577 -470
5522 3317
-6684 -6566
-4816 73
6440 7345
-4573 -1341
-8816 1626
4219 -5080
-8628 -1721
-3385 -797
-3149 273
-1187 3411
2363 3171
986 4598
-5899 -7211
5983 7354
-9507 2053
-2413 2807
-466 -6555
-3854 -7852
455 -2366
7077 -3919
-566 5584
3965 972
3447 5425
995 6972
4125 269
3083 -738
1709 7782
-2277 -1909
-6275 588
8530 556
-7270 2452
33 -696
-647 -9351
-4683 -1524
1304 2406
-5246 3429
-6015 -627
126 7539
-7481 152
3272 -5838
76 -6891
8432 -4822
-1248 1606
702 -3668
-2171 7041
3997 -977
579 -5747
-4128 -6733
-4875 -852
2605 -6110
-3336 -1250
4332 -1574
3722 6356
3384 -2251
-687 6066
3559 7827
-5315 1237
1366 -6509
-8010 3412
-5102 -4205
-923 8171
-4788 3565
6205 4347
-2473 5326
-3456 -7560
8288 -991
436 7276
-817 1457
1961 -3021
1476 4370
-1988 -3610
-5876 78
5873 -3909
7778 3476
-337 8005
-4374 3119
3738 -5398
-5339 2125
23 -1844
6216 7528
9083 -1496
8492 2469
3841 -1888
-9348 3008
2181 -3041
6938 -5904
8060 4854
-2506 9388
-3132 -366
4585 6480
9192 -3728
8390 -4024
-612 6144
-5161 -3779
3311 5014
865 -2902
-3185 3592
-1663 5974
-1596 -3886
-6094 -4287
-1149 -2243
-5666 5524
-2006 4623
1057 5323
1185 7159
-5269 -3556
-4100 -2514
7122 965
-3118 8991
-5396 -5554
-2158 -9505
-2178 6755
-1788 -6673
-1961 6702
4557 1308
663 -6705
4574 4863
5335 5086
-2336 -3468
4204 1256
35 -3888
6459 5293
6963 -3851
2033 -491
-5976 -1418
-1862 5764
1307 2384
-826 3189
-2433 -1464
6618 1655
-2855 6904
-1282 5958
3809 -6529
8509 -3101
-5229 -351
371 635
-305 7827
2817 3486
-5866 4583
2260 4155
-4733 5792
4227 -6990
-7268 -6153
-5439 -8235
-7660 -1535
-5241 5587
6618 1115
943 -8743
8438 -2851
-3567 -8623
-5489 7309
-6459 2576
-3124 -5174
9147 1629
-1348 -7007
7242 2654
-5314 -7286
1605 7656
1890 -6987
-2684 8657
-6823 4799
6263 -4234
-1582 7343
2382 -2540
4755 -6330
-7391 719
4486 916
-1999 -1911
3387 1100
281 -7652
6915 -4852
1695 -4438
-6049 -136
-2578 -381
6083 -5976
2585 8997
-5576 -5704
4045 3025
-2737 -7964
2087 -235
5571 503
-600 -9154
311 1750
-5909 -4092
-5021 -176
-6543 2548
5809 3592
-457 289
-1368 1290
-5885 -5262
1845 6985
-1798 -7985
9091 928
-3247 5357
7304 -6510
3 -3923
7753 4542
-8711 189
4998 5352
-8087 -2133
766 -9892
697 1485
4797 -8296
-382 -2493
-2839 -4244
2682 4991
-7638 -5208
2990 6693
4414 -6118
8319 593
-1437 4893
-3605 4303
1601 5179
4536 -2707
6412 6972
2487 -3356
-6658 -1066
947 9838
2423 77
-8089 2615
1240 -1897
4586 -1569
-4185 3504
5943 951
-8602 63
-4253 -1017
-645 -3135
-1896 -7811
4658 -2627
-5739 7176
3344 -3183
-7669 -3643
7698 -5749
-8007 2064
-3122 -5477
-3704 4342
8726 1875
-3235 7170
3060 9504
2481 198
-9564 506
-2956 -5342
789 -4031
5068 -313
-8258 -4957
-6342 -1544
-3270 996
-5711 7291
-4591 3973
-6262 -5432
-4463 -6452
-1106 6585
600 1907
-2345 8170
-1004 5127
2908 1239
7075 4840
-3783 -4856
3687 4404
156 1460
3125 8547
-208 -3765
4352 5829
3980 1894
-1572 -4448
-6891 -5183
7846 6027
1504 -8229
-1819 -2838
7086 5495
111 -7100
7725 -311
-7468 -404
6508 688
-8142 334
-4534 -6900
-7491 -2395
2675 3305
-8758 3859
-6049 2549
2237 4674
-1353 -5008
-9830 1578
-2020 -2178
2546 4224
2201 5856
4327 -8902
970 4414
-2317 -6744
927 6628
2867 -7253
1102 -4268
9376 2874
3093 -7720
-498 3979
-4385 -888
7238 -5597
2690 -4460
-3858 536
3816 3409
-4519 8472
1053 -6921
-153 7558
8326 -4130
5021 -6380
3982 -2724
-3960 -2917
1544 -5349
2079 -709
-8052 -2892
-1681 8196
-2183 -9021
1869 -8767
4487 -5031
-3093 -2529
-3621 1859
-2280 3106
1269 4112
-595 8704
1085 -1578
-4320 1976
740 -5159
-2032 -8942
-2969 2176
7030 571
-3897 -7107
7821 -364
-3699 -8782
-5695 6862
-6453 -1562
4613 -4614
88 -6464
5992 4786
6878 329
-4808 3889
1858 7535
1581 -1729
-4375 -1280
5996 5689
2459 -5754
4077 -8274
916 -8601
7173 4892
-4900 -2761
8236 -619
-5933 3501
-3254 2543
-4608 -1631
2933 -1141
-5217 -5003
4003 -2533
4341 7519
-2993 2384
7406 5879
-597 -9365
-4890 -6773
3194 -6746
8885 3588
-7845 339
-478 5334
6315 2066
-2898 -5754
-406 -6467
7334 -5132
2918 -4764
-624 286
-5664 7594
6063 -6021
-8976 620
-3547 -6320
-4943 4205
-2125 -4754
7997 4796
-5719 1591
-4605 5115
5780 7855
-7946 3623
8230 1313
6480 3950
-3239 -6649
-477 6166
-6990 -3801
7453 1922
-3768 -4916
-2182 -588
-5427 1115
6274 -1983
-8824 -2099
-3930 4376
-5375 6171
-3359 8068
-2980 8609
-7994 3623
2287 4728
5064 -3435
-8766 1132
-2013 2841
8659 1724
5386 -2431
2939 1588
1001 -7614
3477 -8496
3529 -4895
-9234 -432
-8177 -1513
6574 -6378
2501 3838
6398 2750
-4171 -3444
6309 1769
-2429 5196
-6715 4749
5936 1496
1075 -3189
-9097 -1048
2205 2057
-5381 -1185
7165 -5373
1533 -7149
-7849 1560
-582 -4988
-3640 7939
4294 5652
6694 17
-5996 1333
4122 5636
-5380 -6278
-4688 1994
4360 8329
2180 1331
-5213 -7861
1845 932
1080 9802
5887 3792
-4176 6884
-743 -3934
2558 -1319
3792 -6638
3559 -8762
-3541 1746
-6915 4496
-7316 4714
6253 3345
-7278 -998
-1759 3865
1356 -7341
5142 -52
-8024 3183
659 -2896
-1935 1992
-1084 6481
399 -6015
4772 -7767
1628 -2610
-7240 2184
1183 -3597
-7355 -5767
7066 6338
4100 -1063
1724 5396
-9326 612
6986 -5136
-391 8356
-8044 -515
3256 5489
3457 7964
2229 1921
7125 -2224
2349 -6438
-3279 9390
1014 -1789
7856 4601
-5404 1097
-353 7750
-5811 -2376
-7137 -6091
-7588 -6201
5057 6338
6812 2426
-4031 6017
1052 -4999
234 3969
4607 -2087
-1345 9197
7626 2508
-4916 5135
7089 -5784
1789 -8568
8190 816
-9046 -861
-7011 6665
3534 -979
398 -9212
-469 -691
-2235 2935
-3351 310
-1603 -1630
4986 5601
9550 -2957
-4210 6531
-5097 -2489
-1835 6343
2926 3481
-3976 -618
-1317 -7487
5526 192
-4384 7173
-636 1932
-9050 892
5517 -4794
5204 7646
8423 -1192
2052 -2336
-2055 6124
-465 -4119
362 1274
3563 -4342
-1166 -6899
8179 -2896
-3766 8174
1974 -8918
-5898 -7476
5533 -5428
-1926 3688
-5275 -3133
6769 -5030
2563 7111
-3002 -3856
-2028 1916
-2288 3653
3637 1908
-260 5089
-2427 4174
-8315 -2720
-5083 3507
-4838 1980
-9426 2686
3781 5404
8025 -501
-61 -7257
-1822 7394
-6212 -1186
-3303 -7361
2983 4108
-2468 -8557
2916 9157
6646 -4653
9760 2105
-3243 4255
5740 -6317
4499 -6452
-7390 6130
-71 -314
7265 5736
-7881 3483
7027 -6701
-1520 -7108
-7224 -6228
-1907 -9005
2455 1331
-7784 3629
-2678 5444
-2566 3965
-63 5876
6156 -2967
-2961 5122
-2657 1485
-5319 -2601
4570 3567
3916 -6765
-2592 7121
7626 -1069
8045 -496
-5483 1132
1387 430
-972 2116
-663 -7089
-9247 280
8563 2444
3918 249
2277 -1078
-1331 -7517
-4053 -5552
4933 8578
1694 -1814
457 6889
3876 -6548
-4228 8022
2985 4068
-4985 -3803
-391 3496
3547 4931
-2085 3688
2379 2480
-2687 -4198
4908 -3806
-4678 2657
-7119 1472
-3821 -6117
748 -8191
7426 113
-1680 9429
8338 -326
-6078 -7164
3542 -1701
2192 -6587
-6406 4306
-7069 -4656
4433 2133
5706 8086
3697 3808
3662 -2333
-2669 1327
-3961 6760
4569 -8138
-895 5508
6324 3297
127 8927
5884 66
-2403 -1378
3254 183
4510 7353
3832 6898
-3760 5274
-7004 -3594
7236 -6083
-4152 2566
1098 -5911
2751 -1042
135 7112
-2844 2154
-2746 9569
5153 -2240
-3636 -5181
-2389 1790
8527 -1778
2934 9209
-4690 6625
-955 -1816
-4803 -4225
5314 929
1913 4117
-294 -4934
1684 8707
-6434 7464
3567 4458
-1315 -7079
4328 3101
-299 -8137
-3443 8137
-5803 -1212
1809 9059
-2670 8466
-6644 4726
3127 6923
1405 4852
-4768 -7873
-8651 281
-3068 9131
629 -3451
6904 5051
2900 9438
4219 1757
137 -2291
-3765 -2220
-204 -4312
-4648 6299
-7075 3094
-2628 -4825
4565 1898
-3148 6325
-9541 2451
501 310
-3930 2958
-389 5299
3491 -34
2006 2151
-4148 -7966
-3262 7691
-799 7410
-489 -4423
3971 5848
1135 5662
-139 8873
1484 2875
-3387 -4291
-8286 -3019
-1482 -2078
9259 2977
-8885 828
882 -8328
-5827 -1763
-1427 7145
-539 8530
8872 -1943
-5414 -4749
6085 -2983
3099 -2728
-6560 -5265
-5398 2051
7355 -4146
309 -9949
9479 -2805
490 2316
5129 -8064
2588 -3390
2945 199
1921 -8270
-1667 -9409
-3001 -5840
-6567 4995
4239 8514
2329 2151
-3233 -8467
-1476 3161
-238 7646
5606 3124
4500 -6807
-5377 4355
-1334 9790
477 6174
4376 2773
6345 4490
8819 4286
-1782 6812
-1699 6090
7084 3424
977 -6181
457 7088
4513 3250
7446 1224
-8198 5064
880 -7842
-2706 -2078
-899 5189
-417 -6677
-6205 6101
8008 -4586
-2710 -7958
-8862 2667
5557 1274
-4719 5392
3933 -8495
-4723 5973
7056 -3761
-325 8257
415 546
1111 -7613
-405 -3046
5606 6703
1436 5984
189 -7021
-3708 -7861
-5032 -3542
7417 2020
185 2622
-4904 4219
3255 -1587
-3622 3795
4755 673
1789 833
-5345 3356
-2785 -7170
286 2427
-9261 1734
464 -3497
3189 1336
5614 8114
-2127 -257
4052 -6681
5903 -7501
-1183 -2265
2162 -1861
-7668 477
2659 -9061
-1133 2249
6063 -4070
-567 9801
-1288 -1225
3236 -8378
-2189 -6590
4320 4853
5918 1209
939 -738
-4972 6349
27 -4269
5799 1570
3800 -7173
-694 -2374
-8659 -2500
8476 779
3570 -3811
3134 6771
9435 300
7209 -4581
-2864 7826
-3925 -7453
6137 -908
-27 -1017
-694 -823
-7090 3451
-1270 -8259
-2871 5559
6136 -5431
2388 -3637
1105 -9094
8017 -2198
-4176 -6785
-6442 -4846
2441 -4387
506 -7493
-3151 5366
8676 -701
-6925 -6997
-2268 -1999
8278 -5025
-3516 -3245
8706 1286
-499 4412
4506 -4595
-8356 2557
-4109 6719
2597 2447
5466 -51
-3670 422
-535 4474
-4730 1443
-623 -8536
6669 -4920
4662 7351
-4864 -2947
2603 1990
-6643 2621
9886 -1276
2484 1405
-1037 -4667
-2041 6145
1097 -5048
8070 79
-2468 904
-649 532
6116 -550
4135 7732
8211 -2760
-5887 -7519
-8449 3398
-9624 354
-5648 1846
3929 -4552
3515 6440
-2770 4184
7662 -3002
-2874 1865
4362 2673
2653 726
6718 3511
-8662 -4120
-1180 -6489
-1416 -4473
-770 -2919
-5884 -6336
3941 -6665
6531 2012
7026 -3150
-398 4627
3608 8004
-9534 977
8175 -3809
-5748 1424
-1861 6728
-2171 -241
3578 6839
-9510 2161
-1974 6819
-6256 -2571
-4620 7911
-8000 4668
2606 -8168
-7869 3617
5640 3596
2776 -5866
3532 -9326
8430 3359
-1412 1515
-5646 5762
5863 4194
-628 4678
3064 -8266
-8558 1027
-283 -1111
-8128 -5748
5683 -7730
-2454 8175
1121 2217
1306 -2
2414 2877
312 -622
2121 2117
-6773 -811
6571 134
-1913 487
9396 -3399
4246 4717
7919 4539
-3183 -265
6043 2222
-3673 -4391
551 -3794
2069 89
-2194 3957
204 9240
-3101 7137
-4327 -5020
-1997 6842
8067 -5154
-2155 -5194
-4635 -3546
5864 -4064
1319 -462
6213 5387
4610 4228
-2651 -8350
-564 -7863
724 -7016
-488 642
2215 -7727
-5298 -4619
-4124 2049
-782 1104
-6639 3696
4539 1265
4454 -3154
-8970 -682
-2203 5356
9424 3022
-1421 -4458
3572 7830
4919 -5636
-2625 -8186
-2596 -3970
-559 -5969
1716 -7644
-7777 -1871
-4611 2924
7840 3073
1704 -6688
7763 498
-5025 -2640
-5317 -644
7329 -2894
-6390 -3053
5554 -1385
1265 1201
-261 -3914
7515 -4376
1501 -38
-2968 256
-5117 -6743
8839 184
5367 2686
-8038 2187
-5122 -6845
-4374 8048
4593 3574
-4840 1131
-8826 -2493
2853 9029
-5515 1542
-9125 -2748
8601 -4925
-4867 -3736
-5506 2149
-2383 -2061
-7302 -3897
-7367 858
-1017 -2965
986 -8493
-5730 8051
-3541 -1030
1960 210
5201 2047
5844 1984
-1699 -4125
-4310 -49
4429 1662
-3627 3771
5314 -2686
-1717 5442
5735 3203
-4995 -5435
8983 -3785
4679 3052
-6953 -3092
991 -1017
-3682 5266
65 -4641
3970 5353
8575 -2606
1022 -8460
7379 -2413
-3972 -4409
-572 8271
-1278 8168
-3789 -383
-9784 1750
-3093 -6205
-3009 -5289
-7656 5984
197 4999
3394 2503
-1082 -9372
650 7464
9658 450
406 1349
-93 -5712
-2666 895
-5668 -2753
-1049 -6524
3267 8586
502 -5680
-1573 -9638
-953 -9197
-3122 489
281 1035
2620 -4754
4667 -8769
-1371 4382
-1204 -3467
3519 2394
5446 -6710
-3010 7078
400 1663
-3337 -1576
1557 -8157
3806 2884
5838 203
-4130 -4623
-6702 7200
1788 -2024
-2432 -2426
6926 -712
-9096 -638
2627 5308
-513 -7187
-7944 -224
6558 3400
9305 3605
4183 612
-4995 -3670
6299 5339
8132 1706
-615 -8341
-3253 4720
1634 -8066
-2468 -1285
7203 2589
-6419 -4767
-540 -2901
-887 -1062
8935 -75
654 -489
-3638 -6132
-8934 -2345
-7364 -747
2310 -9030
-4570 7462
-2153 -8809
7057 -5730
-9564 2149
-4043 1035
-2214 -1462
-5222 750
8579 4165
1743 9201
-6769 5443
5025 -3020
4128 7644
3053 -4439
-1671 4007
-6429 -1352
-6494 3006
-3210 5748
5689 -1891
6845 -6460
5796 3180
4409 6826
-2559 -3477
3705 5112
619 -4573
1315 -5137
-2800 -849
7738 5402
2705 8702
-9003 -3809
-8994 3199
-2611 4169
3175 2546
5604 7359
-2213 8304
-5368 -8391
-5100 -4051
511 98
-9368 2553
-448 -2336
2361 -2872
4799 6783
-2372 7647
1746 -8169
-6527 3663
6918 -7001
7163 66
-2399 9011
4435 3657
8604 3277
-1382 8692
5293 -3347
1839 4940
-4064 4775
7408 6607
2979 -5384
-833 1643
3815 3339
-3636 376
8186 -4449
2648 -8661
-3776 6195
6113 -3001
-8776 -657
5902 5707
3303 3136
5645 4255
5592 -6166
-623 -7753
-3093 -3658
7265 -2521
36 4256
916 -2393
-4258 -8675
-8544 4538
-2386 -516
126 -3746
-3592 -9144
3764 -8932
2597 3597
-4835 -2706
218 7481
5666 -6593
2835 -5437
3363 6616
-3387 -4875
-1793 -5225
-3836 -6552
4307 -6787
7927 -620
-2853 3153
-2200 -8301
2974 -7212
1320 5063
2393 4312
-2635 -1824
-2043 5225
2299 1146
-1578 -2672
9 5282
6784 5483
-2530 -7469
5027 -6187
-1770 -2336
-4803 6436
-9115 677
7119 2352
631 -4072
896 586
4203 4041
7061 -5788
-8638 -1844
9232 1972
376 169
151 -6810
-7234 273
-3704 -197
43 -2014
5827 828
-7317 2290
-8883 2008
7872 2400
223 -1527
-1572 6844
-6850 -3803
6177 -3387
9075 -1037
5 5103
-3074 -3576
8031 -1676
1756 5345
5282 -872
-168 3530
-6997 -2305
2819 -3874
-7380 5893
-1359 5629
-1608 9824
1293 8692
5414 6875
778 6182
-1863 -8760
7042 -240
-662 3774
3176 -4289
-2265 -6202
-7985 -4173
-4804 3652
3327 -5123
6414 2516
-6918 3461
6618 101
5815 7129
5797 8099
2457 2871
-5198 8319
-5355 -4034
771 9633
517 -3556
2750 3796
-7010 -454
-8369 3053
5343 2462
399 -2865
3815 1098
8318 -4607
2018 1010
2017 2897
-4656 -7882
709 -8633
1588 8240
-2797 8634
3787 -7658
-5357 -5766
-6667 -7200
-1138 3565
2777 -533
-632 3575
-647 5620
-5381 867
-5764 6233
-3588 6936
-7127 5978
2848 2710
6322 369
-2494 -7917
6999 -4439
-6193 7623
-5087 -1781
-4753 -3317
-1736 3620
-6575 -3783
8265 272
-1322 4318
-998 -3498
5391 6732
5374 3907
7751 5302
3289 8727
7549 -4841
-7007 2695
1416 -6441
9425 -246
-266 -3377
5477 -141
2730 7882
4825 3563
-3369 61
6940 1150
-1873 1406
298 3582
-5776 -5456
7149 255
658 -285
119 -7409
2126 3686
761 1390
2566 -8320
4224 6096
27 -5430
-5812 -4283
4366 -1521
-8095 5102
-465 2593
3475 1396
-7985 -5484
8385 -4595
-529 -9402
-5108 2694
-8592 1926
-6519 6975
-9794 -1635
5399 1567
-458 980
-9371 -2163
2975 6015
8416 205
-3769 -6157
783 2400
-213 -1914
-2314 4771
-5571 -6143
880 -6415
-7881 -3225
5381 -5629
7606 -2104
-2402 312
-4376 -2358
6053 3337
6722 -6434
4826 2011
-4717 -4940
-4577 -6392
-1761 2904
-2628 4524
3121 9468
7200 1783
4402 2551
3516 5721
2644 5521
7210 1887
1467 9291
8466 185
-5187 -2945
7490 3836
7133 455
-1693 -7943
-541 -9108
-7901 4506
5140 5692
-6255 -274
-4366 4934
-4613 -5227
4374 5210
1360 5941
-2244 -5320
7935 -3192
2591 1159
8954 -1423
7900 2778
143 3566
4180 -5327
2708 2572
7009 -4936
9952 44
-8234 -2380
-2332 1011
4501 -1727
3960 5906
-4925 -5231
-7376 -156
-3412 4698
-236 199
-7370 1187
7326 -5578
-4168 3392
357 -3709
-4981 -2539
-7749 -2698
-7191 -5580
3186 5796
137 -7908
2640 -8455
3297 6978
-2840 5012
-6140 2506
5631 -5943
-2179 -2061
609 -2395
-7254 1475
4458 8258
-4474 2957
2103 7164
7286 4976
-6395 4492
-1593 -5179
2394 -4437
9607 1553
4738 6143
-4526 -4010
1581 -3903
7103 -5817
5842 -5839
-4964 -6229
6083 2922
-3150 6179
9003 -2467
5745 -6074
4428 -3723
-5530 8263
1072 6360
-891 -4148
-8421 -2048
5893 -1153
359 -4
447 6453
8590 -158
1922 4422
-4816 4729
3811 -5370
-7568 6251
6341 -4435
-992 4197
-2617 6906
-4791 -2461
-581 -1461
-3748 -2202
-5108 1645
-580 1740
-9076 -711
-6890 -3823
-6630 2031
1213 -4382
4289 -110
1428 5923
-3696 -4326
1992 6552
5315 2607
8190 -3665
2093 -8467
975 592
9120 -2026
5370 -3048
4633 -617
8701 -2124
-2707 5699
2028 -7067
-4530 -5602
-1 -7704
2651 620
7591 -1109
-5305 -4414
6947 5515
1782 -8826
5477 -4145
3970 8561
-2583 -6228
-8847 -3384
-4286 2027
-4789 -2855
-3107 2461
-7092 5519
-3518 2157
6885 4952
-3199 5838
-1300 -5727
183 -2729
6335 -4892
1385 55
-2372 844
-7527 -4891
191 7552
-9191 -1615
5051 -4984
1129 -9625
-5366 -6353
-1287 -8453
1353 5228
2781 -3281
-1336 -8718
2093 -782
4074 2331
-2331 542
2010 1302
-1659 6595
7874 3048
8360 -4545
-3077 -8875
-1201 -1360
5385 5675
540 1234
439 -9895
5849 -5728
8848 -4457
4375 -1304
-4975 5511
-288 -103
7297 -6674
3952 3579
-3198 -180
-8693 -4870
-2071 1531
-3649 -6230
6622 5660
-2343 -2480
-5546 -4693
1497 9779
-3146 -8133
-1495 -3176
5716 -2052
8854 -3547
-220 7851
2330 2853
3540 -1418
-2231 1733
-8280 260
6951 -3823
-4986 -4864
-6371 4325
-3664 -5376
6542 2754
3766 7616
-3698 -4705
1748 -3946
4608 -4089
-1692 931
-2182 -6204
1889 1601
1670 3866
9648 190
-9491 -2057
6076 6787
4077 6445
2271 -14
1951 9694
5233 4266
7442 -4693
2268 -3177
-5975 -4078
2591 -8116
1315 1948
241 8914
4951 6263
542 9874
-1444 2326
-2745 -2175
-1968 -7802
4147 1479
-6726 -4980
1474 4548
8716 -1028
-8267 1835
2887 -8268
-4951 8053
2052 2082
-2370 4700
2335 6791
7287 -5374
3080 -818
-5798 -1571
-4636 -8134
-6124 -7223
-8197 502
-4133 2153
1882 2937
-7323 -2603
6319 6583
-72 4605
-3329 4195
6696 3857
7270 -1708
9174 -3817
-2577 -2500
8160 -3045
1093 3117
4341 6713
-3515 -4707
2508 9126
8704 1635
6231 -1075
-1371 -950
-8789 -3572
-7119 5667
-3766 7036
-7930 5878
2333 5204
4247 -961
-2529 -2431
-697 6152
-4110 -5982
3011 8648
2466 3998
-2384 1856
-886 -8753
-4001 7173
-4351 4151
2115 -4023
-106 9554
-3795 2726
392 -1292
6654 -2276
4834 -7759
-7063 -5306
-2529 -3265
1469 2359
-2853 9510
-3299 8845
-520 2999
-6924 5559
-7559 1417
-4480 -5063
3348 3299
-1050 824
-9524 2764
-3063 -373
-2728 -6089
2985 6003
966 -9409
3482 5563
5998 7339
-9087 2718
-1872 -3212
377 5760
3706 4844
720 8930
252 8442
-5299 2735
-5475 421
3399 -7041
1626 8468
3301 -6682
6835 5733
4325 5683
-9316 -2674
-9534 -1969
6083 -7860
9799 -960
3071 4792
1632 -2887
-1263 -1047
-473 -319
-7228 3889
6524 3777
-9071 -1330
-1319 -8467
5137 342
-7697 3980
6356 4944
9469 1148
-9122 -1881
-1226 3059
-7669 388
-2470 3727
7860 -6120
-8007 -1464
1245 6596
-4308 -5243
-4073 6289
-2232 6229
6430 -6999
-7305 -6777
-2667 -5
-715 6229
-9711 -393
7911 -703
5923 4573
-7360 1113
1476 2479
-2410 8850
1138 -2052
5784 5840
7741 -741
2842 -5166
4541 8654
6683 4635
7492 1691
2015 -5971
-1089 -209
-107 -400
-5622 -2217
631 1232
628 5201
1423 -416
2254 7653
-1845 -144
2826 1579
4606 -2788
6889 3726
5089 7029
-1870 -5233
-5257 1614
3196 -3414
-6030 4369
226 2576
8892 -3267
-595 -5666
-4630 -1458
164 -2838
3313 -3916
5077 8143
-6311 534
-1442 -1449
-8078 -1652
4550 -4542
-4317 5402
-5876 5631
-9009 -3788
1881 8568
-6880 1093
5620 4510
4417 -2821
-1422 6600
8861 -3967
9640 1518
-5060 1925
4798 4447
7060 1851
-7634 4169
-3722 -9126
-7747 6203
-1395 1242
-8994 3083
-3314 869
-8040 5850
-1776 9081
-2135 -6200
-5261 -574
-4138 3043
9027 385
7426 3647
8302 -2037
-7227 734
6360 6866
4277 -6508
3236 8315
-9874 1265
2823 9530
4952 6170
-4013 1831
-9407 -273
2448 5265
2166 5095
-4586 -7468
4740 1133
-2857 -8501
-710 7242
-2983 -9331
5953 6504
-3333 828
3730 -1244
-5106 -2646
-6210 7261
4509 6122
-7531 1778
4386 6962
5041 -7892
-3140 5613
5440 -3450
-4903 7241
6701 -2873
1087 7869
-2385 -2234
-659 -753
4024 4723
4265 7516
-2495 -5346
-5327 -3826
-3674 -6193
4896 -1809
-2795 -2813
-7702 -1893
4036 -6047
-2642 -4901
-9756 -537
-3147 6795
-2153 6529
-2764 7995
2584 -7280
7706 -3542
35 5141
-3354 -3696
427 -4944
-4479 -6066
6348 -7001
4436 2491
-7862 -623
2364 -4070
-8467 -3413
1145 7138
5023 2041
3211 -6850
1294 -1721
1980 -827
-2008 -2620
2153 -6677
4956 660
-3199 7936
-2113 867
-8097 2288
-4823 -1415
1443 -3374
-2530 -8818
-6114 2854
-7429 897
3088 -5456
3619 -5470
-1865 -7029
-1185 4084
-7316 -3365
-8935 -1684
-3048 7671
3851 3720
-2389 3506
-4373 7646
-5796 3074
