1440 100
12 53 56 20 37 9 9 36 16 34
8399 515
816 -3236
-9093 2669
3111 7967
3446 5736
-696 -2641
-2796 -8476
-4972 7643
-594 -3971
1916 5679
5691 -2249
1125 -5196
-2835 5733
2750 3540
9685 558
6223 -1873
-8908 1232
-2302 1986
-8036 -2193
5585 -7869
-341 -1084
182 -1766
-2062 6856
840 -1453
5821 6873
-2448 -5567
-1193 -8962
-5004 4411
5991 3784
-5976 7829
-660 4249
1302 194
212 -3890
4552 -4811
411 -998
-1741 -3253
-2287 -6812
6908 2837
7177 -3421
-4801 2578
4847 -2977
-9208 -1313
-7723 -1517
-76 4433
1773 -3904
9795 -587
7526 -5776
-2477 813
1683 -2622
213 -3109
-7582 -1864
859 6784
-9183 2097
5788 4671
-4967 -7132
-5350 -2218
-1505 -4574
-2072 -5929
4250 -8584
9256 -1999
5451 -6996
-4094 6000
-1428 8379
-5251 -4935
7363 4260
-2554 2476
-8913 916
6465 -4608
-260 5368
1057 -2117
4740 7323
1369 -1596
-3178 -1270
-3612 3054
-860 8716
-1236 -5325
1017 5114
5929 4460
7437 -3965
-900 1048
3574 -522
9311 3604
1482 -6499
8914 -3926
-6598 -3340
4543 4840
-8298 -3030
-2171 2347
-2015 5595
-1404 -6113
655 -2023
-5210 -2494
-4847 8194
377 -4226
5816 981
1617 -1921
-7216 -4112
-4147 4239
2556 -8806
-8613 -4530
-5070 -5348
-4039 5192
1712 3700
-5055 5299
-1435 8870
3017 -8428
-5402 -6750
1248 7166
-8852 -3171
-8365 625
-4397 -1645
2855 -8065
-2463 -389
-4995 -8148
-8649 -4113
-418 7353
1483 -2277
-5719 7550
1038 -7689
-6206 3901
-2781 955
-5220 -4056
-6388 5775
-8918 1712
-6201 6683
2818 9124
-4278 6304
1624 -6887
-1533 -873
-8127 2505
4571 3410
-6193 4060
3347 5697
8075 1533
-1058 -897
-1151 -2726
1322 -7758
-9184 -3549
-839 1453
4313 -3279
5581 -5051
946 1572
-215 8649
7461 -5862
1608 4269
-8263 -524
988 -8142
-774 2510
2723 1177
-8923 431
1044 -263
771 -5321
4555 5229
-162 -9016
-5883 -6917
-5550 -4570
-1224 -4721
1766 2755
-4875 3481
-2647 7646
-6192 4562
-2815 2354
940 2282
5629 -1140
6454 -6081
5385 -8358
6321 -3770
6558 -6225
-1463 8929
4936 6839
1114 -371
-4953 -5325
-2555 -7176
-5224 -5642
-8256 386
-8229 -2044
6277 -2065
-1702 2731
3371 -5086
5804 -6709
-2643 6207
53 1056
3565 5354
-3931 -8464
-4650 5383
1214 -4016
-6079 -4941
-5287 222
3169 -3384
-838 -2573
-1354 4899
4046 -3527
5967 -3496
2728 -7580
-1443 -2793
-311 -6321
-7981 -3176
-7216 348
2950 962
-237 -281
-3288 -576
2175 -3474
1297 -168
-383 7540
-4135 -2702
-8717 -4456
-9496 2162
-3639 5120
-4354 2437
-3493 2234
8644 -1116
-8874 3809
1751 4376
-4203 -3160
5772 7120
-3385 -5397
1249 -2107
8375 -3256
-6568 6386
3107 339
5410 1861
-8563 846
-7091 2259
8571 -3273
-5484 163
893 -6003
2941 6460
6911 -4553
1761 3285
-8596 -293
-4007 -4696
-4610 5214
-5419 191
-2537 7333
-7349 456
-1444 -785
-7223 -5752
4699 2096
-8579 2503
-4931 3493
4972 -219
2681 5297
-6275 -6573
-1448 6430
458 9222
3939 -2895
9798 168
4310 1597
856 -7310
-6487 -5790
-2583 9536
-4050 -6881
7250 1626
-2520 6194
8782 2777
-1109 8387
5516 -6979
-4235 -2797
1899 4391
7848 5217
7978 -3885
2090 2427
-2115 166
291 -9343
-9564 1955
-1330 2509
3003 -8702
-8482 2191
-1835 -2295
6684 -6110
-5563 5663
6264 -2741
-4121 -5666
7920 -4223
3307 1504
7673 4317
-4480 -1951
6633 1857
-3302 -5860
-3242 2849
-9684 -2333
7662 2159
1374 -2697
-443 9105
9488 -1453
1272 -4820
6841 -4389
-4174 -6899
-6237 2399
4978 -5941
413 -86
-8392 -220
1494 -525
4876 -8684
-3200 2201
-3318 -5905
-3191 -1818
-1253 9066
-7774 1608
1274 -4954
-1552 4762
4005 -6416
4336 3746
-7670 2516
2293 7522
-3469 -2997
-4944 3793
-7608 3612
-758 8150
6173 3404
-3451 -2791
-2045 -6138
-1152 -9457
-1022 4000
-7444 -5085
-2784 5553
492 -1957
4575 -8218
6855 6988
-7146 4503
-1159 -7223
-1504 2448
-6298 2472
-8174 -3300
2502 5684
811 4787
-9670 -218
-6338 -5269
-641 -1592
-4601 -5013
2309 620
-2754 -4479
-331 -8965
5882 4526
2252 -235
6375 -1852
-4570 162
2053 -7143
1611 2414
7819 2978
2325 -1831
-5698 249
-7452 -5488
-2256 -8742
-6771 -6377
-6155 -1126
1511 -6380
3223 3420
8652 1720
2718 -459
6617 3858
-465 3965
-3390 -457
-914 -5432
-4543 -8564
-1382 -1153
8375 5336
1494 -3434
-8440 4869
-6308 7629
2865 -8371
3097 822
-1674 6985
-460 -8591
-3632 3734
602 -5405
-4670 -3321
-2223 2732
1202 7530
5672 -667
-2399 1123
-3280 -6941
-2654 -8849
2489 -7604
-5930 4725
4257 -439
-3843 8734
-3099 -3873
-2695 5957
221 -6742
1810 8844
4977 7850
-9081 -27
-2878 -219
-3644 -6703
-6281 -1004
-2495 -7247
5856 2807
549 7075
-4680 5820
-1658 -2296
-5883 -3335
1832 -3523
-986 -5635
-5528 -892
2720 -747
-1193 9304
-7974 3490
8770 -2229
-9376 1034
-8180 -4744
-2422 -9142
-5845 -5947
9504 2691
6940 2014
-2428 -7335
4849 -4694
4302 260
-4203 7386
-4945 3662
2732 5843
5632 -5128
-8062 -5875
554 -7312
-2348 5691
7595 2730
-1363 4834
-3126 -1204
-4182 -3003
5427 -2007
-1877 8059
-3551 -2707
-872 1649
-7426 5001
-5613 -6307
-1266 -269
-3670 4968
7362 -5051
3310 -799
5274 799
802 8951
-1188 2640
3125 4608
1405 -8387
238 -5808
156 7151
-2352 -5366
-347 7480
432 8334
2365 -6167
-1347 -630
4065 -1305
5799 -1123
-5951 -2109
214 -5667
-2126 -9739
2283 5221
-3701 -3113
-4073 -2277
-7017 -488
2711 -5776
8682 -414
9336 -2318
2508 187
-4979 -1794
-1217 8161
5545 6267
-2878 7507
342 1384
1745 -2783
2248 9282
1566 -5393
-1667 -2691
2735 -6779
2852 2816
3432 6219
-100 9512
327 2314
-9880 1207
-3332 1794
2305 6902
5832 -4316
-6840 6002
-796 -7236
5501 2867
5428 5705
-939 -2458
1764 -4404
-2749 -3556
-1800 9091
-8371 2176
-2800 -631
-7337 -2631
4566 -8742
-3193 6388
7827 5025
6744 4834
2964 3966
4097 -5963
-6798 -4985
-7936 -5032
5667 -1439
-434 8072
-9216 1083
-6213 -3854
6563 -2812
3713 5990
-5448 3278
-2795 2559
2736 -7686
-1493 -9552
-1988 -3958
2533 7835
-1069 4291
-5409 1018
6832 -4344
-53 2741
-4704 -8764
911 -3848
5106 5105
-6265 646
3889 -7277
1870 -1453
6090 -2449
-8256 5528
-1617 431
2957 -7282
1689 -293
8468 -4339
-1785 -7742
-1153 -6523
-7018 -956
802 5533
1333 -7929
995 -6803
8285 2506
1463 -6046
-1865 371
-9057 374
2776 -912
3180 -9385
-6898 1787
-187 1646
9225 2129
-1084 -169
4005 -732
5419 2169
-3242 -5000
3326 -2676
-6760 -6915
-3972 5801
-1982 5462
5215 441
-2995 -1124
-3026 2299
9034 -2186
-6786 772
2670 7772
1776 5495
82 -152
-3786 7061
1443 -6353
4694 -5843
7358 589
-1016 5690
-6718 3435
-3517 -5976
-4319 5316
-5385 -4617
-5922 5006
7607 2636
-9293 -1390
7055 6433
7070 2951
-2437 9497
-3132 -5465
4331 -5150
-274 4374
2357 8306
-7340 -5321
2073 -4824
2963 4274
-794 4972
5423 -1933
1783 -3447
5518 1331
4791 -2188
9108 975
-250 7988
-1643 4565
1490 -2258
6193 5758
9884 -867
2514 -347
2608 -2773
-6164 713
-5585 669
-6093 1409
-1236 -3589
-4659 -5361
-2258 -9570
-5663 -7834
-610 4913
-356 7644
-8809 -3862
2821 3024
266 3492
-6844 2765
-6938 5147
-5813 6158
-7254 3393
-6098 6413
8081 -2500
-2486 3904
2299 574
7033 -5633
-9584 -50
3362 -7775
-1427 5187
-2583 7592
6417 1315
3123 3485
-8059 1250
-904 -4564
-1112 3013
-4963 3501
-8030 482
-3049 2311
-9411 2651
-3287 -3695
-3015 -6386
-2235 -1099
1589 5152
-6547 -2063
7273 507
-1496 -1679
-2466 -2867
-4955 -1888
-1998 975
3726 -3586
-2016 -3173
-1700 5555
4631 6627
-8233 -3475
-862 -8361
2069 -8381
5538 4369
5378 -7124
4761 -2710
-5418 -6664
4136 -7339
-6284 -3990
-822 6974
-689 2101
-654 6855
228 4336
-3047 3430
112 -6188
919 -6816
4728 -7551
1033 9826
3467 2510
-4550 7606
5184 7675
3966 7196
-4176 5390
-7558 3322
8504 -1825
6282 -7048
-656 8879
-3722 7514
5217 -4850
-5534 4846
2932 1584
5381 -800
-3929 -1435
-4079 4279
2121 -919
4947 -6531
5160 1910
716 -1437
-8495 4002
-3119 567
9057 4087
-3953 -4850
-2536 5794
4159 -1106
-1035 -4603
-6192 7472
-1906 2372
6769 -6200
748 1535
652 -4764
-188 5047
5655 -400
8563 -1994
-4270 -125
-6593 5378
-5643 2162
570 -2155
-40 -443
7156 -5633
-2426 4176
263 6252
-5500 3519
-466 46
-1131 -3704
-4452 1305
7038 6853
-3545 1902
-7034 282
4422 -4079
-4422 -5683
4999 -6595
4930 -5097
8085 4532
6022 -4565
-6484 -5193
-2722 -4910
-3028 -8327
759 6139
-7695 3829
255 -5912
9219 933
1388 4839
-8225 -3866
639 -5120
-3508 -3718
3002 -2085
-3715 1289
3604 7793
8647 -2147
7642 -6112
-1359 -7524
-3028 6095
8779 2105
1579 -8562
-1992 8319
4297 6300
4951 -7542
7930 4726
-4440 3918
-3598 -3996
3893 3146
577 5304
6215 -4018
-4786 -1906
5407 839
5936 953
1049 1097
1209 -9267
7068 4094
6270 3251
-6598 -3134
4424 -8676
6484 6077
4742 -8061
8488 3375
8354 4113
520 -9770
-5978 5499
6155 -6319
-5185 -576
6079 4795
-3519 4899
-4879 -4100
2480 -6970
4538 -8054
489 -3854
-1642 1547
6365 49
2788 -3668
-1107 1893
-4473 4878
4652 -5988
5839 -4916
-2061 2775
-2803 3934
-1405 -2812
1475 -5610
-8734 479
8948 -807
4280 -4687
753 9115
3310 7370
5016 -6926
539 850
-7351 -1770
888 -2987
-4645 -2167
-6474 6647
5936 -6979
-2477 4195
-254 -857
5913 1031
-1205 -6729
3530 -8802
-3577 534
5295 1842
6687 7421
-1486 -3477
-5542 -8132
-6678 -5039
1890 8844
-4212 -1060
-5722 1484
-1395 -6146
-1480 6373
-6963 7098
-1138 -1073
-9431 -784
-2665 5141
-3960 -7253
-3116 385
-9171 2751
-2156 2860
-8046 -2743
-2663 3220
3973 3113
9014 -1665
2925 -6783
1966 -4828
-5090 4568
-5516 -1082
-9635 2533
-5166 6084
2177 4238
-4913 -594
-3569 -5621
400 7294
-8552 221
2106 -7395
4368 -1271
-3539 -332
-3448 -7952
-7153 -6193
-2849 5327
-2333 -8263
-5183 4088
-6685 -5682
-2640 6509
-7269 -2699
-5619 -6890
-4694 -78
3445 4043
-3479 -3921
514 5947
-5713 3403
-279 2675
3719 2290
-3800 -5682
-9305 430
-2131 -3868
3365 4295
-7460 -5782
-3220 -9346
-2083 6275
3277 2750
-5078 -8535
-8696 2125
5823 2972
117 1433
-2946 874
-716 -5366
8291 5071
1593 -1553
2684 5043
9733 -298
-57 -1617
-8051 -69
507 2814
-4889 -7491
2304 6788
-7239 -4318
38 -2127
-6340 -5431
6512 -3969
-4415 58
-4615 -7084
-4344 8873
6233 -6059
9741 477
1094 252
-6453 -1783
-1115 -9718
-1008 -4765
-9410 -2637
-7976 2698
-8370 1411
-7857 -1357
282 6283
-5971 2974
-7708 -3813
-3307 3271
6768 -2146
-2263 9466
6852 40
-7119 5145
-6327 -61
3397 -2282
-8267 -1021
-40 -2842
6091 -3992
-2930 1294
-5104 6577
-572 -5020
5329 -7374
5119 5214
2307 -2110
7122 3515
3601 -3475
-6846 -489
1686 8767
-3985 3559
-1419 -6841
-5108 4139
3255 2996
-3169 -3024
-5022 7127
8852 -4507
3080 2642
4439 302
-7414 2229
2617 -2554
1727 7065
5895 490
5930 -5924
-4022 -3850
-3472 -8074
9886 -1052
1558 5294
-948 3960
-7217 4381
2271 -5589
8307 -4325
388 -5436
1951 5070
6735 1217
-3015 4801
-8141 -2749
-8204 -4181
2860 8963
-5974 6250
1670 1536
-1797 3548
199 -4144
7649 5467
6695 -1396
953 5441
8594 -5002
1694 3488
9403 -2338
-7949 1008
-2220 -4872
7705 5541
9611 -2566
-654 -5804
-6069 -6226
-2741 7851
4962 1
7681 -3628
-811 -9259
4945 -2929
-5489 -6258
-5054 -7955
2061 202
-3833 -6510
9425 -837
-941 1036
-283 -5565
-575 4134
3748 -4443
1574 541
2019 -7767
-4245 4272
1860 7384
8847 3753
-7596 4514
3891 1735
-8302 -1772
-3996 7889
-7345 1721
-4296 7664
-2618 -5064
-2598 4564
-7266 -1369
-8684 1988
-495 -4487
125 -9422
6502 5586
4477 6723
-3910 2163
3520 -748
3256 2918
-2027 -6171
-6048 3049
-6629 6713
7161 1128
-5401 -3372
483 -7237
6225 143
3261 -1050
6108 -6642
-1721 4135
6 -7434
1388 9431
-4652 8493
811 -8708
94 -9994
-5369 5695
4284 -1233
5132 -6876
-5895 -6065
2837 -181
412 -7766
-1130 6267
-2149 4635
-4336 -4836
-6705 7133
-6068 301
-7708 -4675
-8111 1394
4935 -3253
4464 -8250
368 -3137
-3593 9134
3972 -4304
-8256 1877
-2819 9126
1875 -3911
1483 -5236
184 8741
-7927 5051
3375 -1810
-4713 -2020
707 5818
-726 -2735
-2831 -5898
-7884 5016
-6863 -2304
2296 -5251
5339 8166
5234 -7118
-4890 -1806
-4549 -976
-5389 2989
2260 2599
-5835 3705
-2881 1599
2808 -721
-7007 -6663
3652 -1144
-1490 -5682
3733 8067
-926 -9644
-1595 -5224
8875 42
1958 4315
-582 8462
8170 -3336
962 3512
1432 1339
3779 -3041
9628 -2585
6783 -5312
-6247 -3546
6773 4296
-6469 -6477
-3981 8830
4526 1148
-3017 6331
-2348 -1252
-3410 -5287
6376 1061
-2028 3935
-1030 -5400
8786 -30
3740 5051
3858 3812
-4008 -2558
-4628 4045
-617 -7391
473 -6346
-7434 -6228
-124 -6591
3084 -7116
4161 -5984
-8546 -2140
-114 2515
8705 4608
-7041 2034
-4871 -1897
1216 -1069
575 -6545
-1861 1768
650 -9773
-7970 -5457
-4662 3665
2211 2541
-435 -9823
-3586 -6152
101 2204
-978 8931
-3918 1193
-8095 2035
3361 6578
22 9934
4229 5026
-1349 -255
5927 -6854
910 -3651
1306 -9119
-5697 4749
-7834 5715
-4854 2422
7423 -5727
-7806 343
-1146 592
1116 7514
5312 -1364
-6386 2826
1428 -6033
2070 4799
3422 98
4649 -8706
6378 -7010
8782 -3786
-7593 -2588
-4877 -2581
-6437 635
-2609 -8468
3493 -8311
1141 -1264
-3730 -2519
-1671 -4089
4444 222
4286 3113
-1630 -4747
-7373 -6577
-4901 -5027
2137 -8301
-2447 2372
-3093 2508
2979 -2987
-9336 1003
-226 -1769
584 -5697
-4797 5105
7495 4516
-2432 2187
5887 -2353
-5420 -7016
-2157 -751
716 -5098
7647 2321
-2427 2504
-5800 5992
-179 -6399
-3394 422
-1930 -3111
3756 6175
3124 1458
3741 9095
7236 -396
-2290 -6560
994 -3904
-4524 -3553
-5263 -5718
5356 -65
-8581 546
-1102 -8274
-6172 -2653
6599 -290
1357 -1017
-3138 -797
4613 -116
-3652 1838
-3414 4585
4032 -7512
666 -1732
8703 -3278
-5048 -3340
8182 773
2121 -4238
-4574 -7017
2034 -9411
-5987 -3008
8561 -131
5899 1706
-5881 3799
-1723 -2598
-440 694
-6206 3210
6492 6128
7783 -5018
-3853 2336
1858 3507
-1640 -7365
9693 1561
-5562 7714
7847 -3553
738 -722
4358 -2298
-2709 -8474
-8862 880
-4528 -3298
-3696 -323
-7762 1085
-2337 1369
5725 -1194
3476 8080
5532 621
-7174 -18
-6443 -476
8390 90
-8636 -90
4054 -2449
8221 -3053
605 5712
-9618 -2520
-3135 3933
-1336 -9565
1146 7973
-4873 3285
-3220 -5512
-4442 -2261
-3911 7664
2523 4890
2042 8551
5740 -472
-8006 -3381
-3838 -5098
-4228 -7316
139 -399
5167 -862
-5974 -5249
-3485 -7183
782 -981
4241 -6715
3173 -1355
5640 -8069
3804 -3832
-4192 -3508
-8228 1277
-2380 3706
-6430 3894
2508 7365
-1391 4696
8955 -1831
4384 -982
5888 6097
440 -4191
582 -4561
408 -1858
7169 5814
-347 -1492
1957 5356
6571 -6173
898 -8715
-3633 -7482
2406 -7028
2401 2191
7515 -3348
-9117 -2486
-7250 -3814
-6102 5245
-8719 1209
-330 796
5872 -1702
8338 -3035
-4883 -555
-1886 -2836
2326 7898
1441 1738
-4076 6860
8993 1233
-1165 -6418
-2612 2968
-5720 -2212
-4070 -2200
-4274 8960
4364 5503
6139 -6115
728 4224
-6577 -265
1926 3246
4912 3559
-6631 -3303
7087 738
3218 -6265
-1572 -8691
5818 1932
-3808 -6402
-118 -1387
-5491 -6490
-6480 6140
8033 -2033
7158 4430
-7743 -2991
-4168 -3494
2603 2628
6549 -6611
-730 -4464
-3808 -478
3138 920
7214 -4451
-2060 -4139
-5455 -7211
-1236 -2359
-1180 -9624
-1773 -1761
-8291 -2749
-4746 -8292
-3939 7579
-4316 -3242
-8541 -3101
3595 -880
4631 -1474
-1302 1256
4652 1134
5941 5286
6086 6974
9247 -2436
-3464 -4714
-407 687
6566 466
692 6215
3905 -1861
2783 1149
6910 -2419
-8949 -3134
1591 7885
2138 -7436
-5634 -3891
3916 6263
5316 -7460
2270 4666
-7658 -745
-2241 6594
-2731 -2727
-1839 -8713
-6273 7067
-4080 6389
7808 -6092
-2065 -6188
-8496 -249
-2875 -9308
8639 -656
-429 6731
3102 835
-2565 -7442
5929 -5974
-2738 -9446
7522 -2407
-6456 -4758
7044 6945
-2562 -1690
-3133 -1752
-9287 -2854
1756 -5132
1993 -6937
4583 4653
-6316 -2594
-389 9751
2695 5679
-8084 -5341
-5597 -712
-1638 3556
-3895 4303
-876 -560
-8578 3584
4225 6848
-7842 -2882
-36 4060
-6631 -7409
6595 -2238
-824 4066
9589 -489
-5778 3761
-8428 -3848
6673 -3783
3844 -1420
8323 -477
5978 -5204
-4948 -733
-676 -7318
-3726 -6813
-4683 -3700
8158 -478
-2812 2175
3496 -6441
5123 -1398
-5791 2179
7600 -653
-3286 -4721
-2805 4682
9519 2839
-991 6950
3400 7298
427 5440
7118 131
-2306 5750
-9036 -1458
-143 -2064
-9540 429
3355 -5223
826 1991
-926 8748
5738 -2206
2497 8991
-6049 3285
474 1203
6367 -3158
-8145 4440
-4939 536
5129 -3438
5230 7225
-2916 -3891
-2569 3838
5913 2728
6272 2146
5376 -2677
216 774
-2243 -7127
4090 8864
1130 1703
4710 3605
357 6811
4921 2660
-7815 -4219
-6021 -1303
2272 6100
3258 6111
-3198 3664
-3003 5720
-1791 6264
-2197 1916
4831 3914
-9673 -1685
-2886 728
-7177 -2379
-2311 9539
-4634 -8351
8608 -3807
-5773 7079
-9079 -2472
9529 1884
-2986 -3380
5789 -2162
-7095 4756
