1987 100
57 19 31 28 90 23 9 44 36 36
-6716 -2916
5493 3804
1507 8460
-7032 -4540
-950 7077
-569 6970
7064 694
7512 -1392
-9765 -280
7468 -2263
-9265 -2322
1058 -7186
1202 -5808
-3085 2254
488 2170
-6000 -5649
827 8689
-4848 8563
-2877 2486
1143 -1582
-5111 -1297
-536 -8324
-3421 -4064
-9283 -556
-1812 -9800
-733 -6236
3419 -6484
2312 9684
-3184 1692
-8539 3792
2818 -5074
5616 1628
-2655 -8676
3652 1979
-6062 -7704
1092 -6772
2858 6098
-3815 -3712
-5343 7722
-8188 -711
-8490 -226
7978 5216
-9694 505
4674 4427
4609 -3127
4662 -3556
-4936 1735
8754 -3407
5121 6868
6364 -416
3852 -3134
6700 5731
3052 -4606
-4105 -62
8998 -2401
6405 1740
6984 -3976
4175 -6203
-1372 7539
-2096 1435
-2659 -4925
3542 636
-1267 1289
-2177 8692
-5342 4924
-1219 7110
-3156 -1742
-5650 -7471
-4534 -7314
2519 622
-4233 9017
4954 -8374
-3231 -6657
3453 -2887
-33 3918
-7720 -3008
4 4583
-6569 5304
-2362 -8127
-7245 2932
128 6751
2511 -3510
3046 472
-291 806
1424 6793
5486 -7996
3742 5543
1324 -1711
3802 8245
-7352 3297
-5502 -647
6598 6940
-2149 4616
7893 -2231
-2166 6929
-5216 8433
5906 4921
311 5551
5299 -2599
-8703 -1213
-9211 -3035
-4119 -3819
6333 1362
-1341 2359
3194 -9029
-8500 -4466
636 3210
5299 -4191
6847 -3935
7407 5286
-8585 4455
-7588 1294
-6866 -161
9197 1732
3514 7915
2498 862
-2423 -3129
-5319 -7251
1179 7534
-6784 -617
-9250 3405
-3905 8223
-2448 -4927
-1482 1844
-9385 -78
3874 -3253
-8390 -2399
3507 3671
7316 3513
-6888 1629
2765 -6316
3302 -7051
-680 -5069
-4428 1140
1634 -75
3888 -6492
4439 -1152
3710 3994
-488 4869
193 7204
-3103 -8223
6791 -1777
-4095 3096
-75 -3647
9013 2623
4192 8062
2191 -3663
-2041 -4735
-437 -8167
-9091 -907
7505 -3413
-6950 7045
1782 -1357
-6827 1347
1916 -4116
-9133 2201
-329 -4244
-2449 -558
-9223 -380
2033 -7871
6628 -5246
7334 4291
1751 -1159
-4768 6364
-691 6761
3 5286
2862 -9042
-5053 2289
6009 372
-1912 -1635
-3805 4757
-1856 -4871
3433 -4929
6767 942
4857 7970
7297 -1375
4111 5936
-2483 5711
-887 6030
-8042 -4016
1675 -98
8876 -1228
-7486 -2991
1928 8000
-3316 -1139
-851 4914
-1379 -8125
-1584 9298
5398 -250
-5848 -4184
2948 3058
2220 -2526
418 3642
7 9749
7564 67
3204 563
926 221
-4465 7852
6821 5024
-3834 -4137
4672 401
7628 3590
-8221 -2219
-262 2545
-7035 972
-3724 -5295
8622 -4938
2524 -7901
-2488 2855
7522 -6210
7218 2636
-4210 -8617
-7679 -704
-5538 5900
-6242 -2390
3036 -8723
-2561 8033
7518 2106
4585 -6765
1497 -5028
2287 6874
1607 4040
-6654 4602
-8434 -3183
8773 1727
6133 5232
1065 -5660
4821 -1100
8269 -191
-7178 -2671
109 1514
1904 432
-8298 -3063
5636 5559
1627 2775
1297 -9384
3481 -817
-1430 8522
-4989 2799
163 -4107
-330 -8744
3262 9281
8274 -1770
-9358 2905
5409 7053
-6326 7640
-4435 -292
-2813 -1835
-1635 -7890
1228 -361
20 1712
331 -8674
4736 8797
4509 6133
6845 -4532
2438 -4258
-568 7199
1922 2878
4284 -5104
5044 -4673
-2857 -5831
5674 -2045
-2899 6762
5830 85
-5983 -506
-6785 -3794
4964 -6399
5358 -1166
3515 6867
-7796 -568
5507 -6693
-6379 1520
9068 1313
-6836 -6330
6200 135
5141 6473
-909 -3779
-2658 -7669
-4848 -808
64 -4722
7106 -6798
-2484 4539
7628 -2163
-4115 7174
-3566 8682
-99 5721
-1286 -7707
-2530 6015
6999 4298
2061 3948
-5135 -6389
-3751 -198
3357 8079
-841 -9768
-5300 -2367
5174 -6070
-2667 3169
1296 -2766
-838 -2098
-159 -6730
3070 9432
7985 -5902
7245 3966
7065 -6254
-5948 1818
5256 -867
6507 -5090
-5960 -3259
3749 5760
-221 -9611
-4086 571
-2999 -6730
9194 2875
-6279 -1223
485 -9803
1732 9173
1304 3622
-913 5211
-2786 -763
2964 -8954
9581 -23
-8960 3088
-4428 -4210
-4089 6911
1759 6277
8319 372
1733 3647
6769 -6936
-8486 1095
6713 461
5245 -1745
6967 -3052
3581 5448
-118 -412
6038 -2601
-703 4689
-9730 253
8873 -2191
-2597 -7510
8981 3638
3697 1412
4082 4894
6043 -6323
-8052 1779
2321 -4220
-9418 -2125
3415 -3093
-893 -7271
2304 -7095
-4566 -8226
5892 -4480
-6568 -4034
1395 1385
-5760 -3345
5365 3247
6902 -6150
4512 -1525
-6656 -5734
-201 -129
-25 5676
-8386 892
7334 -2431
-6660 3270
-4361 6065
-1140 -3754
-5441 -7061
4910 7110
-452 -1476
3530 672
-3042 -235
-7262 -2812
-3110 -7404
-50 3263
-2613 -969
-3398 -9159
-1622 -7541
-4288 -4300
-2005 -3
-3987 -7882
628 1043
-2780 6302
-6627 -7267
2011 3515
336 -3270
-9031 2569
4695 -1844
863 4814
5718 281
6248 2832
-5547 799
4599 8125
-7440 -181
2458 -5640
-7290 1146
8761 1004
-527 -8823
-3248 3513
2517 -74
-1201 7312
-3191 7841
-6814 1250
9526 -1248
1526 -2874
4857 -2997
2701 9215
6139 -1784
-7620 -4027
-2608 3492
4688 8610
2278 6127
-1558 2235
609 3085
-913 -9244
3133 1432
3495 -2223
-918 -5338
537 5174
-5309 -6469
-6053 -4376
-4920 -3925
3272 -839
4825 326
-7651 -675
4009 4948
4541 2347
2186 -8600
-1209 2183
1431 -617
-1586 -141
-6714 3106
-7002 5850
1313 -1430
-5319 3253
4227 6044
-2627 -8830
-8544 2657
3633 -3969
3632 -3721
3940 3127
1083 -5738
1499 5931
6628 6099
4042 -635
5152 5869
1452 -820
-3304 -3311
537 -5262
4206 -414
-3354 519
-683 5667
-2535 3681
1964 -5083
1761 1903
-6651 2190
-5594 -6881
-5248 -6465
2243 7799
-8817 -1059
9025 4222
6685 4402
915 -6300
3458 -6251
-4203 -1743
-1676 8775
1338 7060
3118 1001
7065 -944
2113 -3841
-4507 -2756
-7274 -6355
554 -6030
317 -7080
4876 -5725
-3565 8075
11 -4967
3615 3040
1487 1732
8654 -928
-7839 5078
8599 -1712
-3206 -680
-1045 517
-5370 2373
3072 179
-4181 -8284
-2607 873
-6009 275
3457 -3574
8591 1255
-8367 -28
-2346 8573
-1824 8188
-1289 -2476
-6582 4623
3715 -8570
-2036 -7505
-6380 7352
-5849 -2795
2927 -7960
-8862 -3265
2965 -6166
7771 5058
-2441 -5573
-4919 6320
-609 -4509
-5198 -6305
5512 5783
4373 5847
-3494 -7714
4744 -8359
-3247 -6089
1973 2880
3662 -4767
8026 2789
1341 6444
9280 -1296
-4604 -3015
754 -1711
5064 6461
-2817 -6395
-4058 1235
2073 -2047
1645 5592
4517 7094
5132 -5972
-6813 -5150
-2293 3133
-1736 -3032
-1074 -6219
-2604 5472
-3308 -4999
-1233 -7412
-3984 -5440
-7632 866
2955 8580
-2384 -7737
-3343 4696
5927 -5997
3086 -6625
797 6294
6995 1126
194 3002
8964 -3078
-6829 3670
7100 -4833
202 2736
-3899 -8523
5593 -2923
-7240 6747
-8232 -1073
674 -3691
-9133 -1427
4794 -8270
661 -5248
-7906 189
2478 -2851
6213 6963
-1785 -2496
4156 -3240
766 -2305
-7147 1195
1795 -3601
-1567 5942
5644 2299
6295 -969
1388 7677
-7337 5167
-891 3816
-1207 8046
-6285 -3433
-1528 -7992
-3158 -8075
3814 5052
3069 -1953
2279 -2649
6969 -1868
7172 -3231
-1564 7078
-1370 -2102
-5443 -8197
-2589 -3816
1865 -9776
-99 -3032
-7294 -4841
656 3359
5053 -2835
714 -5979
-5299 1290
127 -9012
698 -5425
-4452 8142
3643 -5361
5440 2637
6177 5335
6765 -6181
-1591 1975
3707 2610
-3390 -5302
-1766 6446
-6005 -7842
-429 5468
4461 -8481
-3279 678
-5165 1700
4644 6091
-5384 -4844
4270 -5681
3154 1873
2750 -5234
-6341 -1727
3702 7240
7929 3291
6039 -1727
796 8597
-264 2756
5011 8251
-5158 3434
-8438 -4820
188 -801
-2358 6815
3839 -7257
-609 -8033
-9510 928
4501 2094
2534 1729
580 -8943
5948 2468
-5907 4346
6708 -2035
5875 6316
2814 -5973
5432 -4889
-2872 -727
4624 6963
6635 3980
5692 5853
1245 -4262
-7847 -6180
-1717 -7279
-4786 1452
-3661 8485
4509 -5288
-6565 2750
-3592 484
8303 3445
-5517 -567
-1017 2663
-8216 697
2794 1963
-4397 2314
1748 -2612
-6347 -3829
7629 -5986
-5807 -8000
-3996 -5520
3087 1298
3205 8796
-376 1970
-4607 1173
-3166 -43
-2486 -1527
4346 5298
514 -843
6406 1510
-8721 -2757
-1720 -521
9057 -1997
7495 2434
2826 4961
-3195 -8997
2283 -3513
-4111 7920
825 -4398
-5400 -2536
2169 1301
3981 -3087
2697 -3263
-3258 -7901
4731 7365
-5023 -2820
3550 2045
-2225 -7218
-912 8633
-3501 4753
-4522 -3370
3175 5630
4480 3806
-5307 5253
-1318 153
7960 -2227
9502 -2894
2391 6156
8652 957
7614 3146
7418 2136
8537 4979
-590 -5306
-721 4165
5193 1401
1965 -6970
-9324 1123
-2117 1208
-753 -3728
-4004 4983
3483 -1012
-4946 -6426
-2826 7081
-5200 -3122
-4351 3143
363 -9182
-3016 -4690
1717 4859
9154 -1455
4443 8767
3086 -6318
-5598 -5720
-5961 2378
1915 -4435
3031 2034
-5697 -882
5121 -6999
-4085 -4617
-3765 -1619
-1544 -7535
9339 2538
-526 5326
5760 -3567
-382 -6117
-4457 845
7579 -149
1418 -1038
1093 7909
-1147 5527
1898 -4095
-6247 1623
-1877 -977
6090 -6969
7878 -3856
-6854 -5971
1765 4988
1132 5093
-6730 229
-3765 44
-2369 -6933
4482 -5849
4992 -2819
9032 -1053
-6508 -2131
-5519 6831
-906 -521
8770 1625
2641 3056
1034 4147
2686 3086
-6016 3114
1752 -7067
6248 2381
-6580 230
3007 -4277
4288 4817
-7575 4105
-4992 7467
-5259 -5400
-9189 -72
6101 -3225
-8656 1681
-4706 1613
5542 -7273
4016 1009
-6762 3538
-7721 -4350
3059 8610
9385 -1345
-9419 -2160
5902 -787
1571 -724
23 3593
4699 -7656
9784 -1442
-3598 -5249
-1634 1549
-6293 4714
4653 -1604
-3819 -8225
-2289 -6772
-473 -6612
5124 -4964
7616 39
-6001 1926
-981 -5891
2035 3896
4366 1079
7302 1873
8148 -4158
-218 -4103
-5055 -2014
2556 -7963
-2191 -4811
-4114 5989
9171 -1391
1048 8972
-3776 -5213
-6216 1035
3980 4827
3416 -3618
7555 6336
-4708 -6174
-4131 990
-3757 6105
-2870 -2375
4661 -711
1001 8805
-1591 1395
7483 5289
5209 -994
1117 -8013
-7195 1522
5681 1802
8823 -1005
-3464 1241
-6041 1602
8531 -3936
8785 4497
-5392 424
-8919 1702
4385 -3400
4244 -2010
347 6293
-1193 -4342
2214 -7614
4703 -6626
5132 837
-746 9393
-7726 6158
4298 -8063
8216 1249
-8014 -653
3338 1353
5278 -442
468 1322
-3948 7213
-3911 -564
-5517 -297
-4041 -1349
2252 -389
1109 6484
2735 4459
7815 5979
-1317 7823
4587 -8866
203 -9596
-7846 912
5205 5662
-666 467
-4961 804
631 -9276
1123 1173
6617 -621
8038 1337
6896 928
4227 -7268
-1450 3203
-584 -2475
6150 2394
-3703 -2179
1711 -7038
2066 -3032
3467 -1355
1162 9300
-6813 -4492
-1931 -2399
6867 3023
4502 7812
233 -9606
678 -5277
8486 4407
-994 -2898
5396 -6717
8742 375
-4081 1169
-9201 -173
5640 -4015
6596 433
808 3208
-4478 -2363
5052 5992
-5096 -2873
-3477 -5074
3480 -6885
7158 5606
-4570 -8567
2689 -8646
4904 -7418
-7165 5522
5793 2423
526 137
-90 -6237
-5090 2555
1112 -3966
-2874 -7050
2050 -5845
4160 -833
7652 4620
-8543 456
1471 3667
-3543 -4564
-7304 1743
-8577 4852
5781 7068
-7279 1804
-4827 1006
5039 6429
6918 -2828
-889 1656
-4712 -8262
-696 -8662
3801 4156
-6240 -1429
-5994 6686
-1497 8300
-1033 -3278
3495 3569
-409 -8761
5147 -4918
3481 9057
9380 2656
-5243 2244
-5214 3115
-7559 2974
-7664 -2437
4935 4336
-3068 -6222
-4888 -5121
6529 7111
-2821 7964
5165 5119
-2133 8758
6786 4962
1580 8020
4944 -1298
-409 -2954
-2752 6703
-1118 6430
-2993 -5222
2675 413
4318 6363
3464 -4136
1088 -8585
-885 2181
-5920 4231
-3397 2497
-4479 5819
5937 5410
-5604 1354
2890 696
-5316 -2769
6271 -908
-2862 455
-887 8203
5150 6210
181 -1185
272 133
3309 -5398
-7841 -881
-356 -945
4097 8794
9083 3203
-9557 465
8130 1850
1400 -8509
-3945 8614
-6511 -6885
-7754 4760
-6273 4683
3095 -8576
2875 1369
-1702 -2766
2131 7695
-1847 -8228
-8108 3883
2184 -4462
6271 1235
-5747 -4518
-6539 5749
1792 7398
-702 233
6598 -293
4689 -8465
1589 -9376
8183 3789
1759 8482
-5514 -7712
-4624 -7085
1085 8162
-1278 -4142
-1751 6580
-5821 3930
-6551 -7414
-7048 2551
-7461 -5539
1952 247
-9154 -2815
-3893 -7276
-2323 3546
1485 8064
4793 -7344
4447 -8798
-5172 4984
-4953 6509
224 4465
4277 -2122
-6704 14
4866 4783
3816 7375
2271 -1307
6954 -4849
5311 5471
8374 -3614
-1008 -9220
5516 -7051
675 -8028
3906 8170
2271 -9554
5576 971
9077 983
949 -9818
-380 1912
9743 -168
-2980 9155
-8880 -4390
-416 -7881
-8592 -3821
1912 -6174
6860 -6660
-9523 -379
-6335 35
-7037 4562
2434 -3586
-1430 4628
-1634 -4128
2573 -2295
216 6418
5302 535
321 3765
-4440 -3585
-5006 2538
3451 -4459
-1811 -8708
7483 3584
4516 1103
-5657 -20
-2213 1229
6009 2074
-670 -5933
-3019 -2858
6319 1616
6439 2097
-3698 6182
-3192 -6301
754 3216
-1381 1715
3544 -2156
6042 -6842
3651 -12
-4204 -1447
-1734 331
-5158 -7022
3253 5195
-7471 -2116
-7004 3364
6574 -1681
-6000 5624
6158 -6150
-3364 -3094
-1526 -8662
-8136 5455
-1668 -9420
977 -3685
-8024 4301
263 -2569
5430 1452
-8901 1175
-1592 -8508
5212 -4473
5973 -4059
-9278 824
8777 2371
5822 -2335
-5209 5969
-183 -655
-8860 -4007
6116 -4173
-1976 8484
-4770 -6140
-3660 6072
5833 6174
-670 6701
3070 -1908
4629 7405
-3738 7834
800 -2321
3598 7091
-6125 4905
8209 -1772
-4491 2121
9269 1322
8040 4063
-7878 -24
6898 -3729
2392 6981
1595 -9725
302 8848
-8500 -1675
-3835 6332
-4051 -5886
-4819 -4470
6181 3847
5390 6612
1195 6876
1508 -7636
970 -2142
-5842 1139
8086 5253
3832 -9190
-8867 -1413
8226 1248
-4914 -3573
-7728 -805
-1372 -6296
-4041 7395
-5665 -2611
3408 577
-8918 -4444
65 7757
-7542 -5335
4344 3580
8368 2664
-7500 -2931
1118 -4255
6394 -2457
5900 -6954
-5391 1877
-1435 4257
297 -6543
2202 567
7620 -415
-3816 -3792
7666 -4546
-3873 6468
-8023 728
6005 -5276
-6862 -2419
3699 5656
7412 -190
5602 2250
9150 3917
552 2391
7662 1261
7024 -5217
-4168 -8236
3878 -6621
2628 -8151
-4730 -340
-259 7286
1075 -2639
807 2171
5637 2754
5830 6091
1992 -8623
2428 -7883
5408 5747
1391 5368
-7637 -4463
1827 -6160
3786 2441
6590 1492
7505 4585
3984 6778
-3382 7375
-4341 2902
-7759 -4123
-5548 2411
1214 -1496
5567 6240
-1826 -870
6283 -6587
24 2978
5017 3765
-5620 -5691
655 -5575
6601 -5200
2113 -8305
4413 -3134
5235 -1589
8713 -1086
-1637 -1918
3018 5070
6674 -5027
6532 7457
-7402 6182
1242 2434
1693 7966
7850 -2309
7073 -5365
-3918 -4078
-6339 6873
8314 -4
965 -2343
4285 -5064
3541 -1938
-2557 8145
8320 -4421
-6187 -7496
-493 7924
2662 5047
-5146 3327
-8367 5448
5079 6567
878 -6364
-1285 6895
4883 6741
5097 1512
20 3344
113 -9889
2487 -609
-4309 -7217
5562 -1212
9587 2493
-6360 7674
-6333 2313
1963 -8439
-2979 -1314
-3328 3281
3041 -4311
-6244 2626
-565 2280
-1791 2254
-8605 -424
5342 4464
-1866 -7764
-9001 -268
3586 29
4576 7876
-5811 1854
-8399 4412
-524 9969
-616 -3435
-3740 -5778
-5895 -3861
-6927 -82
1112 2564
-3056 -3410
-3541 2066
1435 3029
6085 -2084
-1047 -818
-444 -3765
9339 2901
5249 -5043
-2988 2892
-2960 5836
7972 -2121
-829 -7137
6289 -3547
-1589 -8942
-5574 7601
3527 7064
-1033 -9153
1899 6844
-6132 4982
-7242 5190
5664 2438
6456 6858
-8630 1723
4664 -725
-248 2916
5523 -2440
1026 1760
6363 -1019
9005 -659
2996 -1721
1240 1740
-411 -5976
3812 8698
26 7316
3395 1746
2975 2931
14 6495
6372 1373
5911 -4170
-2201 5629
1024 -3928
-1793 6465
5649 406
4863 -4650
7172 -5717
-166 -2716
-1920 -9506
-5592 -1212
-2344 1136
1201 357
-3879 -6153
-3886 286
-2551 -3287
-3499 7596
-4967 -635
736 2977
-3750 6693
6511 -2875
3308 -5813
9523 1503
-3653 -1407
7534 -6568
4430 -3618
-5746 4374
4432 595
5458 663
-3817 -3724
47 196
-5792 -6676
5980 -2681
4161 -5583
7813 -2470
-3971 -1759
7628 -6256
5603 -5065
4214 7993
-9254 -3705
-4227 -9059
400 3275
1896 -7054
7783 -5092
69 -1153
7279 -6136
-6432 3878
-4604 6645
-334 -4321
-3189 -5248
3043 -699
3872 -6781
-1620 -5173
-2652 3599
5972 -2287
7185 3127
276 2388
-5415 5726
-7023 3526
168 7372
-1262 -5173
7868 2150
-7068 467
54 94
3838 3613
2125 2017
-5141 -3277
1834 -7401
-3828 -6436
6658 3183
-3228 -2886
-1313 6114
4638 5411
2492 -8807
724 -330
163 -6252
-984 -6827
-701 9915
-8327 -435
-3231 -5900
-5025 -6540
8644 975
880 184
617 6140
-1368 -9033
3506 4104
6560 -1520
1025 -5465
-1053 -5291
-2779 8337
-1161 -8305
-2790 -3215
1300 -8735
-1519 6538
-635 -576
1003 -7870
8041 -4686
-3327 1841
-2220 -7826
5542 175
3902 9150
2804 8584
4160 -2892
-9351 -2126
7040 1475
-1687 -4863
1206 -6976
3204 6336
-6560 -1364
7187 6346
-1220 -4626
-1596 8481
1107 -1203
3322 1062
1717 -5548
2562 -7399
-933 -5228
-7084 -4003
-5545 7408
4354 -4730
-6178 -235
-7295 524
-2214 -5701
2500 5413
2088 9706
2849 7403
5054 -5304
516 9644
-2425 4282
8127 2336
-6461 726
-1123 4590
-1534 742
1347 -7168
6199 4914
8177 5541
3227 -414
7549 993
3532 -5946
-1561 9232
5352 -8017
3286 -647
-9351 2086
7291 2856
3559 776
-2615 -8771
9236 -364
-1214 -3096
-286 -7446
-7600 -3461
-8444 4354
7777 2846
-6513 -5639
-6743 3309
2785 9064
5510 3389
-7762 6109
3475 -2934
2854 -9553
2565 -6135
5232 102
-6914 -3941
-4565 3419
6819 -3813
7791 -1421
-6346 926
5775 -7045
-3574 4954
2185 -2541
-2007 8226
4700 538
8425 1856
8263 3439
5022 -6036
6194 -3534
-7428 1087
-6516 4069
-2170 -133
-2581 -6535
3203 5371
3492 1364
2104 -8131
-2773 -1754
-4487 -7159
-4628 -5792
-5348 152
-6734 -855
-2003 120
3132 8171
27 7336
-5444 2567
4199 5478
4590 -8289
797 -835
6943 6629
3748 5851
6374 -4296
1917 -6554
3186 -2076
-3881 -8204
-583 423
-624 -2364
934 -797
3846 3848
8331 -4784
1359 8738
-7469 2043
-3134 -3555
-2007 -6019
1119 3024
4429 3394
5426 7803
5076 -2666
6270 -4844
-8497 2007
-5802 7839
-976 2346
3945 6666
-9286 3062
-1957 -9427
6391 -2201
-7622 -6207
-2218 7278
-4568 -347
-3101 -2304
4357 1694
-4452 3760
3180 -1501
1315 4988
-4844 -7270
-3864 -8667
1004 -4948
-153 7545
-1684 9000
3356 6503
-8743 -1545
-671 2407
495 1599
-5513 7286
-3094 -1930
4205 -4215
8563 -3164
574 -4362
6451 -3645
-8450 -2883
3914 -6257
-1168 6239
-4356 -7362
-3978 -3156
1910 -8009
-1879 -3890
-4955 -5080
4449 838
-7856 2487
1115 874
4331 462
5921 -2246
831 3272
47 -1620
-1253 476
-1194 -8841
9271 -644
785 7070
180 2479
7677 5521
8057 1272
-3711 -3334
8859 4457
5078 -2581
2165 -2347
325 -4690
1380 -9761
3438 -6354
4818 7070
336 -2883
2287 7806
1168 2487
-8257 1788
-5580 200
2126 1263
7748 3274
4950 2463
2888 -7356
-1751 -1757
9597 2115
-1796 -3360
-2618 -4612
-4700 -5441
4263 -7907
-3816 -3001
-1121 -1067
8448 -323
6715 5539
5713 5304
-1568 -3533
-1163 -4398
1858 -4219
-4376 2950
-5133 -5331
7354 3520
8082 3781
-4743 128
-253 -5683
2032 9142
3500 8748
4139 -7286
-9481 -1538
5610 -1242
5864 -7976
4550 107
4844 -396
-194 6177
4103 5675
8656 -3524
3205 875
-7160 -4204
1513 9317
-8164 5237
-4596 -6758
3192 2874
-4402 3840
722 -1863
1898 -1391
2181 3816
1305 9273
652 8759
1030 -5031
-533 -6169
-3108 -3433
8442 1246
200 204
6807 709
7141 -1176
-5397 -2073
2324 -5525
-1176 9391
7869 3988
-3414 -2489
4873 -1784
6629 64
-3173 -6169
2811 -6492
5107 7388
-1399 -1261
7273 573
1743 -7368
-4385 4690
-6149 3315
9050 4238
-1465 -7488
-8313 -217
-3454 5094
9483 -404
-1274 -2699
-341 -2654
-2790 -6705
-6835 -3107
-4051 8524
-1168 -6698
5478 -1512
-2805 2274
7136 3465
1705 -5690
4403 1476
-1583 5814
-4564 -2071
-8665 446
-9245 3810
-280 3471
4609 -4884
8523 -4468
1896 -4383
-3941 -561
-9443 1048
-954 9273
1758 -5072
-1291 -9894
-2111 7491
534 702
1024 -8437
-1318 5756
2189 -326
-9881 1068
6560 4785
8379 2917
1635 -553
5903 6186
7181 -4487
2596 -6229
-930 -4231
127 8351
5832 -4857
-8104 -4102
5184 4485
-6731 310
9 4178
-1694 2484
9522 -702
2500 5614
-1345 5937
6222 3063
-155 -688
-6669 3151
5055 757
4328 -7866
-3182 5952
-7426 -529
-3712 -755
6977 2799
3610 -6112
-434 -6783
1385 7577
-1555 4644
-4450 -2850
-7455 -777
-8878 745
-2720 -5465
-325 -7382
-854 -264
-2809 7704
-5013 2582
-6177 1338
-3805 -6396
-7737 4169
-4091 5254
1739 -4853
-8253 3323
-3855 9122
-8629 -627
-253 9560
-4913 4078
-9459 -788
-1351 -8904
768 4848
-2361 -6501
3675 -7909
-1908 2455
-4822 5815
144 3551
-5237 -1281
4908 -8264
791 -2105
-7298 3244
-976 6831
-3958 5872
-6797 577
2814 -1282
5905 -5928
-4228 677
-2462 5500
4211 -2819
-7840 4111
-5081 -7580
3486 4690
5682 2209
6114 -2639
3333 3328
-5835 -4854
8070 4886
-960 9452
7148 -283
4325 6773
2399 3567
3057 6143
-45 2744
-406 6935
-5799 -3186
4259 -2465
-5265 1314
4454 3796
-3254 1004
-7300 -866
9185 1009
4101 710
438 6216
-2777 -3259
193 5841
886 -2611
4542 -7954
-7658 5211
1239 -8884
-2426 8309
3677 1923
-9637 1217
6143 -969
-632 -7189
4954 5157
-2932 6148
-3763 8595
-556 -5359
-2755 7418
-2161 -5038
-7008 -7107
-77 8239
-5132 522
-8386 -1398
903 2249
-2358 6492
-6806 1964
5464 -1932
-1411 -253
3889 -2613
-7038 -1878
-392 1685
6979 4245
1652 -3501
7043 3149
4830 -8
1578 -6407
-6968 6246
6989 4803
9936 -737
-462 258
-6484 1719
4528 -2691
-6363 3256
-5900 -3115
1894 4948
497 -8978
9987 -143
-33 -4294
4148 -4317
8366 1067
7025 5171
8451 -2887
9603 -543
1256 -7306
-6218 -1570
-3021 -6735
6993 -5195
-735 420
7158 6110
-5467 -5931
1748 3442
9045 -1096
2105 -4505
8094 -4929
7281 -3238
-3888 3365
6878 3958
-4278 6413
8884 -2273
-2770 -4352
9578 -1134
-3679 2640
-785 6578
-2296 -4496
790 8022
1764 -6941
4209 4700
-6443 -7243
-9683 2027
1210 -9244
-3637 5565
1448 -7320
-627 521
122 8574
-3284 6571
5508 -1336
-5305 -1381
6091 5319
7409 -1870
8767 -1871
-57 -2736
-2778 -8882
2835 -8736
1280 2309
6518 -6858
-8809 -1684
-8256 3180
-4518 3761
4719 -7555
1794 -1509
1236 -821
1675 -8337
877 2010
4479 -471
4831 7076
8987 869
-6166 2826
4971 -3331
-4587 -7617
-903 1277
-3198 -1423
2342 1112
-6327 -3177
-2342 -1453
-1636 8851
-5916 1370
2596 6622
7567 -1096
-3415 -6521
5323 -5801
-6285 -2421
8403 -4130
590 -4917
-1430 60
-8241 -110
9028 1030
-7568 -3701
2135 -9535
8286 3815
2889 -3577
8853 -1866
-6360 2453
4248 2081
-1857 522
1892 -4615
1512 -8758
-4600 -439
-5939 1410
-2521 -5652
-8354 -2803
-3817 249
9719 398
-399 -4612
4056 8114
2973 8126
-197 5799
1751 5535
143 -5152
-6463 1729
7021 -2695
403 4673
-4984 -4825
8840 2788
5981 4176
2667 7681
7861 803
-3403 -6922
1958 7021
-4425 -5275
2061 5001
-2785 8095
2927 -5219
-4281 4805
-2600 -7080
4102 6925
-3573 -8078
3430 -3188
-8231 274
7828 -6170
7007 4485
1195 -3344
-1492 -4415
7539 -1701
-1642 -1205
-294 5419
3684 4052
-8045 5160
-8381 -2442
-925 -4197
-5908 4679
6707 6361
-2679 -2595
1002 -6642
5197 5621
-9175 3612
7984 5917
904 777
6880 3270
-1948 -2793
396 -7920
6254 5590
4356 -2858
2847 -2060
388 -6380
5518 -1517
6782 3901
-1726 -1892
-278 -8480
-5284 4774
2254 5247
-7022 -5085
-6901 -1428
458 -4952
-2142 6851
2322 3936
-868 -924
-2066 411
7011 4513
1875 -9030
3167 -2755
3750 -8691
-6848 -877
-6165 6930
3634 464
-999 -2296
4783 -5894
3429 -6180
4590 -2864
-1368 -1364
9530 2283
1540 -1241
-5401 -564
-29 4457
-1378 -5157
-9615 127
4010 -7333
