2700 100
99 54 79 83 29 52 74 28 55 23
-6900 -3221
5251 1843
-3455 7905
964 1283
3728 6949
-9583 2252
916 1679
-7727 3581
-826 1269
3896 121
-1942 9776
8057 4342
-1634 2079
5284 5896
-7935 -5706
1231 7846
-716 -193
2030 3270
5450 4887
-3383 -5694
-5215 2834
-1653 -7309
6561 6649
2100 -3322
6079 -2586
-2145 -6444
1163 647
-2555 -9294
-7118 -817
8278 -4492
-4367 -174
5094 -973
9029 3519
-2645 6830
6541 -1677
896 -7802
-3652 -4506
-8476 3540
-2343 2766
225 6371
-5388 -640
5442 -635
1274 -8772
552 -1253
-5873 7350
-5753 -7543
-7393 -1372
1251 1701
-6891 338
-3497 8422
-8934 2080
-5014 6017
-678 8784
-6593 -702
8951 4135
1809 -6263
-2958 2491
-1680 7341
-6054 -302
3185 -2684
-4988 -1674
4817 1956
2451 -2446
-3796 1123
5986 4890
2132 2569
-3942 -7794
-5395 8005
2634 4602
-1724 3277
-1668 -7389
-1289 -1306
731 7282
2448 -4392
5808 5643
25 -6504
-890 1552
5117 -1188
-1353 8438
-261 9737
4026 -7421
-5306 6554
7359 3866
3652 -954
711 -6167
3484 3546
4451 -1581
-2448 7496
2262 -6740
1522 1065
1863 5189
479 -7776
-8474 -4560
2924 148
-2366 3497
3197 5995
2213 7384
1947 3970
914 3016
7824 -5043
985 6986
5778 5654
-4297 3424
-7063 3359
297 3448
8802 3670
2130 3556
-2295 1719
6395 4393
-4114 -4180
828 -9184
-5909 1855
-6009 -839
5588 -3136
-1698 -5991
7059 -3467
4231 6474
-2239 6639
-4583 4025
6721 -3928
7467 1368
1488 -4384
-257 9579
-6999 -1088
8324 -4086
3947 7103
-6235 -3680
-6048 -695
7419 -567
-207 -8736
-1241 8750
4101 8383
-1492 9142
4571 6005
-6344 357
7734 321
-3940 -3870
-3603 7525
-9279 -5
8251 -67
-373 561
6080 6958
5292 -7724
1821 -4329
-5107 -5194
1910 -1070
9656 1391
-4080 1967
7436 -5984
3399 7418
-8236 -3116
-7506 -1173
5971 2090
8741 2911
5323 7140
-4297 -1395
-2990 6428
3663 5317
2195 3125
-3847 -4002
-6750 1674
-614 -4107
1858 -5251
-1712 -7632
2487 4049
335 -9113
-1995 2335
-3694 6683
5106 6800
4695 1129
6757 3872
5347 -3628
-3968 -3141
-1200 -3501
1504 5182
5508 -7868
-4981 -35
-1891 -7440
9953 17
7291 -995
6007 -6981
-1971 -1375
-3172 -1983
6204 -3392
7279 4488
-1053 4223
7704 -1040
2674 6295
3786 -6647
4093 -4270
1787 -9199
-3349 -2404
-1726 2491
-1795 5211
-93 -1836
3757 -2204
4725 43
-1991 1327
-3630 -4026
289 4291
1602 3670
6265 960
8260 -5581
2367 -64
8703 1937
3218 -592
-7366 -1124
7334 -4980
777 9634
-1752 2189
4475 1077
4568 2316
-579 5716
5998 1980
-890 -9424
5533 -5042
4152 -794
-7159 -1915
-2153 2324
-3442 6719
-9320 -2149
719 -6010
-997 -8305
5368 402
1884 -4753
3073 -7463
7054 5989
-226 -3501
-1277 -7553
1907 8199
8892 4415
468 -6413
5108 1833
-1199 -6617
-3511 3404
-1819 -2112
-7122 3289
-2057 6760
-1369 -9644
2499 -6532
-5767 -1188
-977 -3489
2925 1151
1059 3313
5604 -2068
-4930 -4244
1282 -7144
9240 -527
-2367 4470
2916 944
-2006 -7440
-1736 2034
6195 1477
-7107 -4270
-6306 2637
4241 -2873
-5681 143
9396 1054
8798 -239
-7310 -792
5618 -1416
-6983 -5424
-4377 127
-6531 939
-745 4926
7864 4499
-6792 1865
-6781 5621
-6469 -4887
5658 -2862
-6840 441
6195 -4408
3648 -7302
5555 -5931
4481 7640
-7421 -6172
6008 -2107
-771 -9701
-1671 -618
584 2055
-9183 3956
-1932 8077
1726 8986
9035 3017
7811 1056
1223 -2621
-3036 3838
-3013 4051
-3180 1970
3863 3310
6005 -7286
3418 -8232
-5406 -6130
5941 7320
3334 -7921
-5259 7046
88 -5213
2898 -3965
-529 5082
-3248 -8668
-2864 -7234
-5809 -8138
-4173 8165
-2932 4332
7281 108
-8821 -4069
2490 -901
1648 -5200
5455 3235
4488 4725
3197 -9258
8549 -2699
-9491 -1658
-8536 2511
5912 7417
-1288 8282
-3167 4231
3836 -7338
7917 -601
-3559 8975
795 9004
6795 4559
-3149 5728
1642 3141
-3517 5516
-4024 -2306
-5914 -7047
6942 -4163
2083 -6914
1928 -9581
9322 -537
-1672 -4362
-3894 5960
-1118 -760
5899 1404
3121 2453
-3899 3110
6078 -4370
534 -6537
2157 -5723
-4353 -4423
-8445 -1944
-8353 1627
-2149 4734
-6929 -1020
-2258 7943
3607 -2063
-230 3767
4288 1393
7808 -856
1691 -3033
-3624 4765
2835 -4059
3415 4767
-6856 6213
7871 3778
916 484
-1542 -1485
-6460 -1112
-5653 -1146
9230 132
-7515 4039
-4714 -3752
-2912 4113
6849 -6919
4798 2110
2530 -6108
3028 -1863
-5314 1812
5590 -413
-6078 4606
3765 -6547
-630 -5647
5900 -3835
-7602 -5704
2167 -4275
-93 7087
5543 3130
-2782 8189
-8688 4907
-4428 8674
43 -7564
-79 9457
3233 -6063
-5490 4343
-7974 -1924
2170 -5947
1038 8759
6919 5812
590 3626
1516 -8738
-1617 4724
-1909 5354
2299 8976
-8395 3811
7287 2051
-2241 -8317
467 -672
-9558 -1564
8487 3807
4653 1660
4144 -36
2223 7185
6417 4723
8317 3093
3141 -2078
5582 6185
3826 5028
8630 -438
-2783 947
3163 9114
-1595 944
27 -3256
-2686 -103
8030 -1168
-820 3406
1942 6701
2998 -1801
-4610 1172
3348 -7095
-2276 6219
-3726 -5104
9578 363
-705 2949
-4519 -3988
-656 -1311
3004 3501
2613 -5988
7232 6716
-6290 2973
-2428 -552
-7346 1485
-392 7141
-2807 -7604
7819 -2024
8387 307
6409 5851
2532 5404
-1451 -2961
-1333 2131
15 -1259
6045 -7769
2395 4965
2137 -2912
2407 2099
-5538 6927
5507 5579
-8592 243
-3842 -2361
4822 -5413
-1034 8542
3321 -5921
2849 -6210
1820 -6077
-1598 -4850
-7656 -1529
-501 4766
607 3278
3354 -1646
-1764 5803
6957 -5718
-869 4934
-2067 5168
-2415 5561
1748 2518
-37 8242
-7708 -495
-6607 -4733
2016 -2492
3889 4405
1638 4623
5739 4147
3826 -3126
-4514 -6427
-3967 8605
2763 -788
-6014 -5634
1767 6476
-6344 -240
-1513 -3877
1828 -2393
1339 9643
9041 1410
9280 919
-6547 -6378
-6611 1095
-9110 -3707
-3441 822
-2029 -3782
-1380 5989
-3153 -2261
-7837 -1704
-1971 -1182
5619 -3185
6064 -2964
-4730 332
-8886 2183
-9467 1733
-913 9628
6972 -925
5269 -5267
2356 7231
-5299 8155
-2298 -7046
1477 1664
-4967 -8562
-1504 -3737
1179 -2675
5203 -2454
-1402 413
-9733 -702
6813 -5688
-4021 -4648
2797 -1806
7981 4968
9645 750
-1109 -9398
-981 -4459
894 -5769
-4212 -7846
-1245 -567
-1521 1364
-5167 1015
7791 -1644
-8893 2912
5657 -5068
9425 -3075
-941 4153
6034 -2016
181 -8916
-6215 -62
733 9134
-5016 3507
6213 284
-9038 -2290
-1940 -6394
-4688 -79
-5215 -4834
6848 -4566
-7670 487
2944 -7255
1215 7744
7666 -966
2690 2693
-831 1789
6178 -1041
-1777 7652
-8287 4102
6137 -1612
7925 -1161
-1413 9438
1818 -5557
9436 1389
5180 808
1113 3742
9474 2515
4749 2967
6821 4703
-3944 -7284
-1928 154
4872 6426
-4051 7268
-7123 4055
-1463 -1375
7721 -2490
-6475 4006
-6548 -763
-537 -4710
-4474 -7587
7120 4574
-3324 8735
-8401 -944
-4099 -8095
-1707 -4808
-3631 -2579
-270 2853
4415 4274
-6850 -4590
1233 -5921
3301 -2582
7 -6253
7477 750
-6746 -1082
-1984 7279
2100 9536
3426 -1091
-5800 6619
-612 2229
-4377 -3066
843 3160
-6522 -2813
-4039 -7113
3740 3478
-6400 2274
-183 -6533
3837 -581
7987 -3469
-4059 1344
-1263 2575
-7660 4678
2075 4491
-256 -6468
-5831 5378
4458 6376
-5943 4526
9267 -2862
6938 5926
-6931 -3874
7895 116
-8889 -1136
717 9122
-5733 7472
1372 5589
4848 -7160
7464 6528
1647 -7594
-4919 6150
-2200 -8576
-3004 -5479
471 -1086
-3436 -5969
2321 7528
1674 9312
-3700 -6102
-2861 9394
-7725 -2982
4047 -6268
602 4487
-7108 -3293
-1224 -3327
8472 883
-5734 7405
-7258 -2744
-7354 377
-6296 7291
-6909 -6901
1706 7351
-5050 -2215
3029 4106
-3718 -4825
4366 -3238
4812 1679
717 7931
4132 6687
-5772 -5957
6331 -384
-4488 -3725
7107 -5453
3764 7648
-6965 277
6088 -4969
5708 1330
-9460 2164
1094 6932
1170 8667
-2522 -5057
-849 -8643
-9014 150
-3995 4714
-2324 -8109
-49 7964
-970 -130
3869 -4921
7528 -3755
3879 -3408
-2233 2417
5190 4465
-3694 8218
1440 4063
980 -57
-3670 -8833
7881 4126
3654 -2646
-7909 207
3067 -7947
5485 -5286
-5921 1996
4016 8174
-104 -8363
7487 -5359
-8437 -2805
7832 -5904
-935 5903
-5862 2980
3559 3005
-3635 -484
6677 5296
5482 -3866
6257 -6249
-5982 6661
7710 3780
-6980 380
-3282 -7047
3344 -4206
-5345 2631
-1088 -7651
301 -8489
7152 -6858
6941 -1757
-7260 -6300
-3068 4752
3097 2224
-3959 -3633
4275 3150
-2210 6299
-3306 -433
-3192 -1092
-1437 -6047
162 -4635
4122 708
3832 2814
-2487 -8344
2977 -3714
-1895 6885
9817 -1272
89 -6023
-1890 3909
-349 -6196
3043 -9040
3031 -619
7009 1518
-5654 -3051
-4313 -2481
8592 -5044
-8586 -1930
6125 -1178
-7364 4330
-257 -677
-7347 -3464
-8408 3988
5007 -7883
6274 587
-474 -2032
3462 -8617
4828 3673
8011 -4783
-2046 3925
8110 285
3682 -1824
981 5722
339 -2662
-740 5136
6191 -7130
8252 -427
3714 -1314
313 -859
-6769 -1866
15 -3381
-6649 5507
-9749 -1888
-1338 -8106
3853 7522
-6241 7234
-9229 -2295
-9647 2044
-6392 1417
-1484 9017
-1651 -9055
2768 6982
-4137 7751
-194 3592
4350 6763
5491 -2435
-4331 -2399
-3959 8162
-8588 -1383
-3464 4028
-2840 -2322
2874 -935
4478 1176
4898 -1286
-3841 -152
7138 -1543
4660 -6119
7337 22
2051 4455
-1810 130
-2731 1983
-6915 -5726
-4810 -7728
8384 1508
-4448 5757
4161 -3160
3791 -1290
892 4048
-2363 4350
-4584 -3963
7071 1780
-6733 -4255
358 -1627
-6752 7113
-9332 -1598
4732 -38
-1348 -6963
-818 9292
-7834 -4156
-7528 2027
-3738 3505
-6824 5510
939 5141
6822 -2347
-3143 1853
-7303 -4499
-614 9093
-3589 122
-1166 -2814
3725 5609
-9325 -1635
-235 -5521
283 -2712
4083 -8451
-4318 1067
-7949 2195
4385 6713
-5014 -517
-788 3731
-8412 771
7834 -3213
3178 8559
922 1220
-406 2246
2828 -3623
6001 7972
-5359 2016
3265 -6871
-5314 -2128
1844 -8038
6184 -589
5159 244
-3113 7962
-7855 -1766
7108 -5236
181 3838
2745 7410
3189 1501
2682 -1040
979 -8123
-8387 -5091
428 -4048
-3728 4654
-1496 4004
8302 -4456
-3757 382
5795 -7166
5967 5015
-8920 276
-6482 -6817
5887 -6573
621 23
7365 3136
-3596 -2409
-355 5115
-3640 8826
2025 8560
1620 -3094
-4521 -5255
6320 -1591
1571 2444
1282 4087
-6612 -2036
-6192 3850
-2418 -2067
-4727 -5500
6039 -6542
4150 -3516
-3243 3621
8154 392
-414 8397
-1643 6996
4831 5278
3454 -4711
-2753 93
753 1350
-3104 -756
-2267 -9640
8994 3920
-4344 5996
-2458 6288
7602 2355
-1081 4138
5007 8081
-4665 499
2337 1784
9058 -3732
-7326 2377
-2660 3374
1119 -8600
-1061 8771
5164 7169
7231 4893
-6206 -698
6313 -6329
3798 6604
3716 -647
-7141 -1085
3603 1771
-5458 -8079
4344 -4734
-566 -435
-6851 4954
6951 -1691
-3808 2981
2187 -4921
2168 -1169
-3670 3798
-8052 1185
-8366 482
-3586 4179
-3490 8255
2436 -7954
4375 8504
133 -8917
-5313 8243
2545 -6119
2355 -8531
-4098 782
3545 2261
-5343 6092
-9501 -1902
660 -4717
-5151 1874
-3436 -5537
-4779 8708
2468 -2009
-2854 -7496
4473 -1965
2025 -8539
9204 1126
-677 4491
2913 -6805
3364 -6851
-1097 -5793
-7214 -3511
6521 -463
-525 -6046
7132 -3324
8555 -3712
4320 -5403
7305 -1418
-6304 -260
2876 8316
-1932 -2262
-9132 3225
-893 -7362
-7577 2439
-8574 3477
6014 -5620
63 -4664
1606 -9389
4178 5798
-8893 -2129
-5036 1565
-72 9788
9052 4034
9400 2373
3928 -1139
3269 -2651
-8282 1052
2974 -9322
634 6963
-4694 -667
-1708 2179
317 -311
1663 1011
2074 5208
5082 -8095
9473 -2435
-7735 4882
6574 -928
4153 241
2358 -6059
6613 1744
-5038 5485
5220 -1810
-3313 -9089
-2924 -4824
-7057 -2159
2000 -8529
-1153 4068
-3384 3797
8466 4583
-4391 4650
2868 -4320
5215 2389
5672 4366
-2627 8187
-71 -9360
1674 3705
5796 7818
-5091 -7132
343 -4259
6310 1497
-8791 -830
-4119 -5798
-1191 6714
-4101 9019
-8956 1956
2246 2058
8119 2483
5160 -3181
-1953 -4144
-6111 -5759
-5687 -3075
-262 5112
4965 -3073
3954 -3825
7960 -2088
-659 8832
-1667 -2879
-1862 -8352
-5985 2646
-3180 -8061
6353 856
-3552 -6665
5730 2796
536 343
6766 -1949
-8458 -3325
3541 -1223
-1329 3735
-3811 4179
2951 -6065
-3867 -4789
-3392 -5725
-6973 6905
3708 -3789
2702 -6280
7173 -5706
5001 -4764
5568 4975
-4522 3191
-5703 -5742
-4389 8065
-8193 -648
8029 3980
-2698 -4469
554 3643
3510 5419
2233 -7474
2389 -709
-878 -9211
525 9661
3614 6998
4641 5967
-4851 3182
-9388 -3197
-2385 -5693
2427 1571
7296 -1208
2892 4808
3184 7741
-8151 5683
1821 5930
1414 6980
2761 -5145
375 7548
6791 -4086
-1121 4324
-3091 -6966
5331 -2002
-5456 -663
4390 -3864
2018 -5716
6654 3989
-3698 5492
-3094 -2247
7436 -6419
-3019 6978
-5179 7741
4415 -5720
-4630 2795
-9167 3091
-1567 -3941
8426 5187
3790 5606
5500 -3118
3883 4390
355 310
6283 6226
7111 -5322
-6107 -1117
6651 -3854
-2976 -489
-3906 -6600
1896 5095
-1978 -5758
-4595 696
-5625 -249
9454 1175
3799 -1034
-3545 -3926
817 2523
-105 3417
7983 2982
9111 248
6789 -1325
283 1944
-7822 -4236
9766 -549
5066 6107
-8183 -5327
-2194 3155
-2964 6488
1037 6814
2023 -4864
-5290 2312
2751 -3725
-3207 -8124
-7120 -4795
1598 -8562
-1855 4560
-7514 5818
-1618 6118
-4551 5639
4613 8784
-9912 -1183
2948 7140
-5766 5441
-3738 5907
9121 -2003
6998 -3515
5361 2539
5634 -6204
-4157 7221
1190 3188
5233 -2920
-1282 -8085
2614 -4624
-6118 -7892
4431 -1058
2317 -3850
5318 2065
-5230 1849
-1948 -986
4315 342
-1314 6100
4887 -3719
7512 -5631
-4751 -4116
5631 2704
7022 -619
1390 1996
8626 -2079
-1802 -7598
-7907 -3526
-4294 -8997
211 -9749
-2475 6917
1567 4542
1214 -5401
4369 4299
70 6965
-1859 7449
-4847 -5959
3001 -76
5747 7309
-2549 3634
4928 -6496
-3277 -2833
7889 3517
2702 8763
6088 -6540
-8300 466
3041 -2849
4160 -5520
1359 -9433
1522 2134
6879 7083
2265 -936
362 5782
537 -5692
2826 -4987
-8068 4397
-4239 -3696
59 3074
-6209 -1555
7992 530
-2816 8059
-9258 -566
-2114 5901
-4239 8805
4900 3562
-6289 -5115
-9801 -1368
4295 5067
-1151 1418
5411 -2841
-9364 -133
-6655 -4968
7164 -4161
-8571 -3062
-5679 5628
1599 -1436
3476 -3519
-1686 9018
1398 -8271
5629 6243
4350 -1979
5073 -6925
5760 1280
877 -6835
-2144 -7280
7172 -2881
5649 1240
-5629 7650
8112 1793
2589 4167
7907 5773
6506 -5305
4647 -8759
8800 -3486
-6914 2208
-1807 -2286
-4858 -2926
2184 526
-1123 1441
7981 5866
5241 -2701
1306 1404
4375 -2146
2371 -9682
6188 2664
-1758 -4670
-8522 4199
-6025 1253
3416 4716
-5932 -3412
4273 7126
431 -6404
-7750 3213
-4012 -8728
5897 -4467
922 -2703
-6980 5091
4039 -3955
1138 -3921
-2676 -1327
8858 2461
-3423 -2498
-2542 1925
4430 -3843
-7923 4881
-9261 -913
-7005 -5978
8568 4286
-807 -700
-692 -4293
-2623 8955
-2858 -3434
8265 899
9625 2590
4937 -6306
-4113 -3307
2807 9089
379 -8944
4625 -1586
3520 -2706
3320 1735
7565 4277
-3171 -8322
-4342 -5569
-5602 -2903
-6474 -5647
-2938 -7133
-7679 -3750
-1397 -2686
7313 3100
-5353 6959
1606 -1799
302 -2134
-976 -1361
-522 -7863
1380 3229
8918 -847
2345 5467
-762 -2966
2192 -2529
1184 -9093
-2640 -1228
-65 -2925
-8019 1146
8335 -998
6695 -1387
-2926 3070
-7014 603
-5815 5370
1864 -7616
-4495 -8824
-2551 6600
1567 -7589
4352 -4186
-1779 -8308
4365 -303
-4724 -985
4596 -8038
2165 6678
-1156 1249
-3009 5462
-2293 -9620
-158 -5535
-8182 2934
-3673 3638
-6897 5751
1026 -4790
-1629 -8457
-3303 5322
3437 -5920
292 8713
7667 -2939
-235 8420
-1333 1771
-6076 775
820 -7290
675 -1112
-3410 -4580
-1681 -8020
3202 -7600
4706 -4684
-5547 3854
-4778 -8169
4599 -713
-2120 -5470
-4146 7450
-7900 -1070
-9472 1443
3517 2985
124 -5637
961 -3216
3306 -2677
4256 4620
-4842 7294
-4088 3184
2036 -6126
3828 -9090
-4239 2371
-9135 3439
-5716 2733
-1890 9029
2370 2478
5162 4780
3440 -5477
-974 -7253
4659 -3383
-5610 1463
3064 -4240
-5208 -2648
-8393 1110
8531 4761
-3994 -1792
-4436 1767
-36 3094
541 633
5742 6026
-2801 111
-1116 6489
3261 6135
823 -5555
-9620 -154
-3203 -5743
4045 -8048
-6040 -1957
2213 982
-2905 5481
4673 8122
1498 -8647
2456 3848
4456 8160
6789 2684
-7818 -3712
7658 1287
3594 2781
-1501 9262
-3376 4573
4389 6614
-4879 -1510
9122 -574
2414 9058
1237 -1713
8689 4946
-7612 948
5952 5761
-4213 -5382
-7431 -1655
6170 -4169
-7213 -3623
-1220 5162
2222 2795
510 6969
-3500 -4090
-4203 -6852
-8161 -2624
2930 -6862
1596 -5998
4591 2074
-879 -5138
1203 1560
4183 7221
5198 4472
-1382 5611
4335 8482
-4362 632
-7120 4931
-912 -9499
-9056 -2789
3634 -8534
3235 4137
71 7572
7462 -5812
3561 -2530
-8869 2730
-7304 -1454
-6778 138
-381 -5009
-5978 -1891
6006 -7475
-4217 -7285
4312 -787
6282 3069
-2267 -512
1004 8847
-1812 -6544
-8419 -418
2366 7651
-2793 5356
-4482 2634
-2298 5414
722 6113
8898 -765
4107 1643
-3272 204
-3208 4221
-5839 7860
6109 -6345
-7408 2651
8677 784
-1728 -7849
4180 -2111
1791 5331
-4363 7237
-4169 3380
-727 8494
1434 4723
-2611 -7508
3922 -9166
2568 -3125
-5605 -4582
-2583 2041
-2655 -5916
-2407 7744
3851 8219
-3378 -6204
-4818 -6794
-3425 -6064
-1371 -5874
1382 7241
-2982 -8001
-1259 -4714
749 -9944
-1277 -4294
725 9068
-1263 -3476
7075 4802
3453 7856
-2293 -4743
-6014 -765
7819 -2439
3566 -2268
-2482 7394
-41 -8122
5154 871
-581 -1984
-4880 -227
-7803 -4856
3862 -7935
-6074 -7079
-3667 1328
-1047 4070
-4013 -416
6541 2438
6546 4167
-9717 2264
8279 2192
-627 -4350
7682 251
-2654 7960
-4496 -1184
86 1732
-3553 5166
-5296 8174
-5751 -7631
5421 -2178
5088 -3891
-9795 -247
-6836 -5490
-1860 -5421
5513 2037
-1563 -9733
5476 210
-4021 -6296
-4727 -2261
432 6737
-7582 3049
1767 -8477
1900 4904
-3919 6139
-3286 -8530
-6900 6279
517 -5519
407 -6361
-4 -2730
4041 1626
6513 -2348
-6354 -7366
-2107 -5801
-5713 7134
1286 -7494
4130 7561
-1671 -7914
5893 -7297
708 9469
-806 -3978
-948 1189
-5117 4165
-4670 -4286
-2182 2093
-6497 1598
3027 -1107
-2525 1828
-2521 -2350
5766 4798
-4669 -2068
2992 -7342
-3753 -8926
-2012 -253
6593 6686
-6400 2603
1245 207
1994 1782
2140 -9124
2111 -7638
-5839 2692
-245 -1856
-913 3011
-4703 7364
6060 -7517
-1506 -68
1151 -8714
4808 495
-782 301
315 -1752
-5081 -18
5100 4751
-6886 3952
2065 8304
-3924 -4834
-3129 8673
-3673 -2818
2730 4090
-1890 2495
-2639 20
-6409 5369
155 9786
-5937 -6854
5613 2465
3946 -569
2339 -9600
1118 -2168
7733 -2398
-7747 -5803
4242 2888
-2793 -7495
-4533 -1317
-6641 4292
-5047 -6388
-1472 698
1739 3589
-8035 -1995
4138 -8580
-5008 -2232
-5026 6217
4536 1001
637 -7932
-3412 7110
-3708 1941
-634 -9627
7032 5251
-3580 6399
825 344
1066 -4539
-3626 -4787
4667 5815
4995 -6673
2414 9593
4654 6461
-6853 -1073
-4504 1771
-4474 -2379
2320 7182
1160 8102
-1273 -7150
-4101 -872
-1638 2697
1416 1534
4087 7484
-3289 5830
7574 2200
-587 -3263
-1316 -5646
7775 -1197
421 8514
-6245 -5474
-8788 -2268
4810 1147
1402 3451
-4294 -4066
-6487 4889
-2931 2819
-3911 4784
-4076 -5467
5191 -2491
-3992 2981
4830 373
-5650 -8132
-637 -3092
-6160 4112
7330 6789
2359 -3369
-1012 -6787
-5165 2436
-6638 3135
4055 838
-3915 -7410
5489 2380
2393 -6379
2458 9496
1886 -6760
5071 2333
-844 6938
-1223 3647
-7916 -5040
-9027 -4198
3869 -1153
-7011 -5761
-7716 5081
3602 -8316
-8605 4959
4065 -7555
367 -2665
4949 -342
1806 1725
4117 -8145
-5742 -6113
-6546 -910
-2608 7148
-7850 -2641
-4348 1848
-2524 -9267
-1292 -962
5780 -5905
3194 -5368
-6450 6530
2310 -3973
-1218 -5683
113 4767
-1248 4543
1391 -8187
1913 682
5902 7570
-826 -7384
7487 -6628
6444 -5324
863 8495
2869 -2911
685 685
-6935 -1483
-7597 2688
4612 -476
8679 -4610
-4050 -7682
-6058 76
-4953 8451
-1193 -3778
2628 -3992
443 2709
-1992 3998
-2902 -1544
-5400 963
3743 -3301
-6236 -2532
5749 4343
-608 9831
3418 -3188
221 8667
5954 -1009
8495 -2359
-6420 -3063
-3932 7280
2174 -7756
7187 1027
2678 -9216
2076 7208
1902 9513
1095 -6923
-8784 -4578
-4500 5467
-5557 -4786
-3997 646
-4624 -8229
2616 7591
-369 6276
-6234 1146
8334 5417
4999 731
-3196 -6819
1353 4898
3794 2272
1027 414
-563 5020
-4303 -8570
-9826 -258
8114 425
-721 3195
9815 82
1018 -5411
982 6142
-2039 8276
-4406 -3854
6308 -7279
7742 4646
-417 1192
-6820 3291
1939 -7731
3568 9177
2100 -5109
4948 -5043
-9838 1467
-2082 -4774
-820 3376
-413 4824
7712 2419
-8648 -4861
-4887 -7864
-2424 -4042
2233 1559
2031 -8883
64 -5320
-4059 3072
1627 -1361
-1374 -3799
3793 7970
4376 -5693
3014 -349
2812 -4620
7384 3414
-671 -3761
4950 -7122
-4722 -7932
1206 -6609
-3259 -2838
5690 7108
4366 2960
-3737 -7056
8284 1118
-5107 2224
-1615 5774
8711 1456
-3445 862
7095 -1500
4030 -602
-2258 1479
760 6210
2532 -4950
2641 -8427
-2780 8598
-3791 7561
-4009 5814
-5852 -3978
2988 -1648
-3994 6821
-8803 1400
-2768 -1298
4707 1957
-8773 -1326
-3909 -5856
2604 533
4252 -1476
-2514 -6109
2702 5804
5047 4491
-4237 6722
2071 -5287
3413 1298
5506 -2089
-2230 1042
-8349 442
-1650 -476
-1440 -4363
-8574 -3838
9164 3047
-7464 6557
6261 5930
-2227 -466
-5471 -5134
2321 -9194
-2680 -8173
4884 -1572
-1246 8445
-7565 -1715
7209 -3926
-5679 7110
-7604 -4613
-1033 4871
2444 -4444
7513 -573
-1549 -1709
8883 2108
5896 7991
6100 -6183
3471 5600
-7016 6627
-1003 -4820
6721 -3596
-9309 569
4855 -6960
1696 5533
-5615 4606
-4712 -3924
3667 3861
118 2247
-4537 -2859
-1193 7799
656 8186
2743 -1665
-8015 814
-1230 4821
4741 -2006
-993 -8994
4425 5198
3577 -959
7262 2050
4038 7129
9463 932
3673 -3248
6302 -6173
5198 -2514
3548 8209
-254 -2141
-3085 -8787
2581 7239
3788 5571
6852 1262
-1591 -2529
-7949 2073
-2380 8386
5967 -5837
-3588 4390
-4068 6700
-1367 -7835
-8077 -585
-281 -4913
-6910 -2918
8784 1404
-5175 -2628
3225 -1864
-2675 -4426
2109 -1067
5916 -5523
175 -7337
-8289 -205
-4294 -3457
5417 6494
2491 5006
9015 -2308
2003 4061
-1368 1171
-5916 -3185
-367 1969
2122 -8727
-4932 -5150
-5445 -2977
6234 -2249
-751 5321
-1868 -450
-2924 -3930
-7819 3862
-7072 1263
1864 1781
6124 -5559
8376 -3271
927 576
619 7434
2251 -6513
-3115 3268
-3581 -1142
-2350 3435
-4270 -3571
-7149 -5429
1940 1834
4388 881
6904 -5578
5435 2755
-8504 2949
-339 37
-8915 843
1100 7224
-6575 658
3709 -171
-3912 -341
9042 -3777
3557 6214
3451 -4035
-1610 -1851
-2722 -1677
-706 -3128
5869 -7389
2521 -4884
5281 1408
-5220 -566
6694 365
-2032 -5843
5706 1789
1800 -8423
-4724 7136
-6084 267
6629 5445
3386 696
4391 -3505
1832 9190
8227 -2077
-5199 -4145
-4063 -8494
6415 3059
2600 -5393
-6454 4304
-118 8893
8502 3411
3062 2403
4048 -7697
6854 -4875
1137 -6276
-6934 4122
1859 8072
6529 5387
6572 -4416
-5709 3752
2497 4305
-7517 -4794
-6612 393
4237 -8145
-1763 -3075
-4746 -5220
-1538 -9872
5019 4108
-1572 -5010
128 4520
-2611 5679
5984 -6233
-3097 5150
-7534 4218
-83 7712
6951 5600
-1356 -3002
7402 -2389
-6439 -58
-3782 -6753
-1464 9517
1927 -8911
-351 -2752
881 -4856
6434 -610
-1894 -8814
6391 -4924
-8466 2537
-6482 5837
1497 2413
8 9591
-4050 1612
5519 -3527
-909 -8432
7525 6573
6427 5756
4198 1125
4457 -6721
617 -5329
6775 -121
8500 1579
6509 2742
-9364 1065
-2132 -2216
6175 -1211
-6102 5926
7590 -1725
655 3774
4685 4642
-2881 7258
99 5721
-7971 1251
-2338 4903
-6751 1088
-8293 -931
576 -9306
-5301 6628
3528 8282
-607 -241
-1607 6461
7788 1031
-6298 -2219
-7462 -5312
-8817 -4257
3127 -2477
-1407 3902
4959 7413
-2488 -8650
391 5396
4309 6555
7212 3408
9196 3338
7628 1205
8725 2766
5113 8140
1638 1670
7323 4979
-9058 2724
8863 394
47 -1469
4910 1722
7457 -1897
4081 -645
3607 2867
132 -9213
2918 7722
-5973 3691
9265 742
4223 -5684
-5293 -2969
-7065 -1896
-4095 2063
4812 4103
7164 -5832
990 -2447
3929 -5100
-8419 -3180
3857 -4474
-1117 -7061
5569 27
7428 4687
-719 4694
7831 -3525
2853 -4605
4294 -1062
-5807 358
-1655 1687
6733 460
-311 -2365
613 -8034
-4154 3196
496 7772
894 -2881
49 6768
-5010 -8622
1827 2912
4274 8643
8187 -5710
919 -4309
8662 -4658
-4870 5739
-3070 -3928
-4099 4347
469 7707
-5532 -8049
-157 -3728
4913 -5579
-6085 4706
565 -3392
-2241 -8008
-987 -4975
-1188 1803
2882 4536
-2799 -1329
-145 4976
-2550 -3056
-6169 -2593
2540 1469
1822 -233
-4511 3121
-173 1094
582 -6478
1375 827
-3137 -4812
7366 4031
-1064 790
6558 -1527
-374 -3547
187 -9536
-2966 -8292
4617 1306
-1183 -5490
6020 -3285
281 -741
3561 8566
-2193 4744
8223 -757
-8233 1666
-241 9054
-5066 1488
-1119 5973
1047 2226
-687 3550
1000 -793
6304 469
7135 -5150
3814 461
3625 1959
-9402 1192
-3971 -707
-4574 -1725
-5979 6244
21 -6111
-6724 1420
-9168 814
-1288 -500
1218 -2000
-559 5812
3207 -3763
3042 483
-1811 -9237
5388 -1615
3289 -3860
6292 -746
-5525 -2443
-5875 7302
-877 -7365
-6813 -6421
6972 -3644
-7035 863
3185 2298
-818 5621
8813 -2261
2068 -1799
7110 -1014
-7398 5618
-1278 4624
-2440 -2526
-7744 6296
8478 -849
7126 -2424
5043 5868
8055 -3398
-6287 -5288
-6074 -3236
-9227 2438
-1774 8899
-4529 5460
-9880 1295
-1955 9507
8009 -1143
7709 -1633
-4218 -3338
-682 5865
-7369 2598
2575 6781
4748 -7946
-2424 -6689
-3878 -6631
-2003 -207
-7719 5708
5445 2578
4949 6215
-7638 6255
2814 7383
-4642 320
4326 -7726
3906 -599
4412 1229
-2684 -949
6678 3865
-9598 -1615
2338 4138
1647 5705
5410 6990
1883 -2671
-2697 8226
2967 -8165
1661 8450
7717 4277
-3806 -785
1930 -6414
1050 5777
60 8114
-1335 8699
-5408 -7278
-6247 -7551
29 9618
5434 3637
3767 -5723
-5717 823
6028 3109
-4258 7335
-1008 6795
-2305 8598
-7526 -1472
-571 6288
2102 -4854
1225 1757
3857 -8671
3115 4145
5760 -5415
7461 5278
-4046 797
-2556 7783
-2524 -938
-2996 -8766
-3450 -6778
4323 4998
5437 2206
4150 4231
5500 -5566
5918 1293
-5342 -3299
6319 7350
-8045 1131
-8001 1550
-3403 -7139
3503 3865
-5655 -1187
-3408 6354
328 8435
-4389 -5239
9272 1492
2042 2328
4285 -106
-6760 -6851
2309 -3448
5926 -7819
-9154 -559
7375 -3306
2588 8979
-2740 746
4426 2601
-6932 507
-7790 -2808
22 -7081
-5987 541
2114 1010
1598 6519
-3513 -3513
-1688 6629
1984 1371
8978 -2362
-2119 3235
-7137 4985
-3182 -6046
-5602 -570
6929 6645
-1576 9554
4339 -5470
5816 2864
-2389 1362
-5182 -7006
-8630 -4534
-598 -6746
-54 2334
3665 -8418
4763 -1948
-5327 7289
5897 -2273
1640 1861
-3195 64
5534 6777
-2767 -7781
797 -7330
2627 1400
9751 -2048
7443 4995
3033 1394
9467 -127
8113 3403
-6228 -3070
-7145 -2831
-154 7350
7857 -3401
-618 4991
-3270 -1108
-2216 -4570
5182 -5174
4728 -4005
-4363 4321
-8022 -750
-2709 7822
-1660 5990
3341 9390
3117 -1206
-5465 -2251
-628 7269
-6867 1377
-577 -6023
1861 479
7000 -4345
-7147 3273
2029 -4458
-501 2076
-1417 -931
-1891 -2522
-4692 3804
-2875 9219
5409 -1375
2966 6271
-3816 1742
3851 -3162
-9131 -2888
-1408 -5705
-4761 2375
1009 -7008
-6740 -1479
3429 4443
4914 8150
4374 6350
5854 7737
-3014 -2932
7359 6701
2477 1774
-2339 -8836
-2150 9557
2756 -6892
2901 -736
-582 5222
-4627 -1202
-8503 1648
-5253 -7358
-1304 -6780
-7653 1123
-920 8618
-2253 -1101
2693 8329
-1431 6371
-1597 8803
3307 -1717
6277 725
453 9876
2292 -6878
5378 6947
7123 -616
-7901 -1859
3900 -7988
-498 3679
-693 1758
-967 6003
-311 -9111
-8098 4449
8152 -3987
4730 -8619
5952 -4574
225 -7173
-3809 -715
-2931 8769
6216 -3441
-7554 -1477
-6538 7069
-5817 5764
2804 -7011
-5775 604
7118 -6704
3630 7171
1171 7062
-5555 -776
-1776 6911
1447 7545
-1158 5718
-892 9103
3749 6607
205 2691
-6637 2624
-722 -9709
-337 9960
7861 -1363
-6475 4242
-1407 -9789
3321 -6985
6968 -43
-4190 8402
6410 5881
-7709 2896
4948 3027
-2176 2882
-4862 -6727
4876 18
9590 2740
-4729 5968
7369 -3985
-2303 -6746
639 2328
-8854 -262
7871 -107
-6944 3440
-7278 -2665
3610 -8892
6914 2506
-4702 3876
-38 7241
-3660 3108
5808 1422
3309 4729
6361 5498
-7701 4792
1399 -1318
-4536 -2384
6232 -6816
-201 3893
-2220 -4946
2014 199
4783 5925
4442 3689
-2996 5882
4032 -335
2469 7069
-8896 4297
-4382 -1181
2672 1967
3103 713
1988 -8117
5828 -6912
923 2862
5261 -5598
-5548 -519
-1829 -5377
562 -3847
7530 -884
384 -9867
3352 -2186
-7960 -4591
-2224 6990
2137 4451
1305 -2754
-1232 -3996
-4304 3650
-4231 -8967
3226 7164
-7654 -6434
5424 2626
6627 -1838
-3946 -2894
2852 6121
2121 1185
-6834 5776
-4462 -6601
-7304 2688
-2405 -2121
7301 4612
-378 -1847
-672 6461
4955 -2875
-1565 3083
4948 4338
1993 8482
1227 -1057
-3878 4776
-2334 -9689
2998 1862
3848 -4993
7882 -1801
3675 -2568
9450 -2485
5653 5802
5702 -5718
-3045 -7061
7011 -3269
9254 -3155
-9531 1496
-8312 1462
-1433 -4923
-6050 -3371
-457 2661
8066 -542
-1540 497
-5624 -5407
-1463 1036
1157 -3601
1506 4842
1611 -6607
-2441 1792
-4629 4746
-8832 -3795
-6749 -241
-34 -1498
4327 -2275
-527 -9152
2173 5690
-508 7226
600 -3767
1069 -5887
4544 208
-3527 -1564
1045 -1457
-3072 -5846
4697 5499
-88 -653
8326 -4638
6488 539
-2015 1954
9377 -3050
-7692 -5545
-935 3329
1417 -8482
5802 -6696
4989 -4843
4389 -8146
8433 -2709
401 -2748
-2947 -4655
2824 8498
5123 7897
-1861 2481
1265 -8974
9489 280
-2746 9346
2633 -2196
1773 -2737
7608 5513
1885 3703
784 -3827
6136 6801
5198 6825
-3138 2388
-2369 -8143
5888 374
-2989 -2230
-6535 -23
7684 1075
-7420 6287
-6621 360
4642 7937
-9224 -363
-5683 -5895
6073 7006
9308 3230
4481 -7540
-3282 4369
6857 -1480
-4947 -6374
-4770 -3283
-739 9647
-3046 4879
-6813 -4685
-4446 -5344
-910 5277
-6496 -5060
5878 1504
-3099 9206
-5569 4354
-7004 4614
-6194 5393
-2371 -803
372 -3765
9324 1550
4704 1833
-9009 -4192
-2580 1770
2133 5824
-6419 5316
-1758 3908
-4423 7593
7018 -6359
52 -26
3489 -2190
6134 5180
-3216 -8652
-6512 3613
9726 -281
1318 -3525
-7956 1711
5322 4422
2947 3498
6882 -4462
5090 -8275
-3508 -7761
-4566 -4169
1887 -264
2486 580
7810 810
169 -8374
-6021 5265
-5501 3114
8470 -2213
-7098 4131
-7484 -692
-66 -9618
-7832 -4013
2555 -7051
9377 2954
658 -396
-1905 -6003
-2781 -7943
9156 -2631
7824 -471
-4696 -2138
-1855 5955
-1245 8146
9218 145
8406 -2948
163 5044
694 5177
3607 -2420
4533 314
412 -6017
-3329 -6976
-4323 -4248
-6489 -3204
-3037 5043
-2765 -1768
-3780 -541
-1515 992
-3700 -7491
3142 7966
3511 7570
2235 -4018
-4175 3441
-158 6031
-1637 -6107
5096 -7677
7241 2384
8630 3959
225 8212
465 -1653
83 -1550
188 9417
-7127 6619
-8193 -5167
-4165 -3170
3348 900
5607 -4617
-2977 1218
-4612 -3057
6557 6729
-7393 6525
1982 1741
-7828 -2105
3027 -8051
1494 -1043
1787 9246
8896 2958
-7238 -5771
6961 -4831
-1011 -6023
-6277 -1452
-6442 -803
-61 8325
-1641 -5512
-2152 5815
-675 -8307
-1418 -5702
-7397 2399
4965 1849
-3692 1832
-4855 6992
3872 6894
3222 6152
-657 9344
-3943 5241
-335 601
7417 6077
186 -7439
-7780 -2571
-7069 5515
-6537 715
-2179 6173
-5373 163
-5794 922
7818 2891
1939 3482
401 -4924
2637 9476
-9193 -2868
-741 7450
4053 -9025
-744 6147
5966 1635
-2524 5590
1998 1738
-3329 -7922
-5008 -2001
-2212 -1311
3031 1991
-2202 9005
-5278 6137
1594 6439
-4287 -3432
-8478 4504
2360 321
-2360 -3861
-7733 -2147
2518 4089
1106 2438
-1339 3855
5844 6858
8278 4399
-771 -4530
3826 1447
-3603 300
-1288 -7699
-7092 -237
