3064 100
94 25 72 73 57 21 78 42 71 48
6577 -6104
3489 5970
3689 4300
18 -1742
828 -1322
6729 -6880
9646 -832
-6905 -4754
7303 -112
-7526 1467
3219 -5988
-7709 -4940
-2170 2544
-3296 -1602
-965 -9177
-271 -7703
8180 4887
-3520 319
-3680 -7690
-6485 -6738
5277 -3839
6486 -1033
420 -9802
-262 4013
-1615 9174
6552 3879
-3743 -8653
-1580 7851
190 -7329
7080 6154
-7867 -12
-4892 4193
5953 5577
421 6312
3889 -8830
132 5883
5823 -2267
1017 4469
-7559 172
3546 876
-3374 -8946
-5250 4171
-1076 5522
2635 1754
-5107 6787
2689 -1850
-8349 -5492
1130 6460
7422 6247
-3873 440
-941 -3549
-8226 5243
-8405 738
-1098 -9129
-1330 -9554
-6778 -459
7958 5990
-3153 -1342
-6734 5873
6991 -785
-2407 -5848
7296 -1206
-3032 9008
-385 9523
-1523 1953
-1964 8539
-1038 4995
1285 -1580
2618 -4373
-8335 670
1843 -8179
-3500 8679
-3211 -9289
2921 6132
7446 2997
-8989 353
3946 -3344
-6139 -1134
3946 3776
-590 -423
-255 7301
-1764 6899
2399 -3626
7506 2208
-1175 8965
-7658 -3139
-4254 -5936
3964 -4749
3234 7772
5232 8264
5769 -479
-6957 -2059
1489 -4706
-187 -212
5301 -1721
-2703 9237
-2134 -2488
4772 6089
410 -4252
-1275 7305
7276 484
-4856 7691
5670 2001
-6481 -1532
-4358 2591
3462 1188
-1172 8068
-3660 -6919
2171 -2503
-1608 1950
425 3030
-1786 1112
4486 6484
-2624 6489
2436 18
2636 -4440
-7410 -756
-7060 -432
492 -9728
-8714 -602
592 -3247
-7649 -5650
-3454 5094
3441 8437
-5043 -1741
9255 -1014
-5733 3711
-4615 8832
1284 8053
2718 662
-5990 5145
-6505 -4737
-4979 -5675
6310 1539
-4624 5352
636 -9801
-1767 4943
5556 -5589
5213 -7645
-3235 -5805
5091 -1551
-6310 2921
-6620 -1101
-6365 -3475
-9386 -2203
7949 4960
7731 -6336
-293 135
-7827 -1648
-5312 1756
615 -4158
426 6725
-2067 -7963
-2326 8260
-4901 -2096
8255 -3628
4859 -5134
-4861 -7111
3880 5209
7200 4677
-2184 3980
3587 -4832
2917 -2984
8944 4458
5344 -134
352 -1182
6540 198
1998 6393
-2226 8458
2258 -5641
-2086 32
8255 2192
-1337 -1344
1873 8014
1254 3726
9969 447
-2486 9097
7162 77
-1954 -7102
-5027 -3041
5306 -1637
7177 5304
-1821 -9789
-6579 -2815
-3261 -1603
5800 -1861
3265 -7496
499 -2179
9946 533
1419 -8629
3917 2031
-7705 -5422
7395 -3209
-2866 -2517
-8186 1262
8477 1348
-8649 3425
-5580 -5
4013 6691
-1921 -406
-6384 5802
2347 6069
-8831 -2022
-5656 6649
3024 -2683
-4683 1994
-8735 1228
-3359 1809
7813 -1835
-3212 8452
-1048 2813
-5014 -3132
-3422 8892
1193 -9078
-959 -5314
-5618 3447
3344 -6815
-94 6992
-7765 -3994
-7555 -4257
-3187 1328
-3397 2803
3169 -2895
-3823 -4680
3145 -7786
-2565 8810
-3505 2575
-1555 -4825
1495 -6086
-9022 -4016
4751 -2101
6338 6254
-6663 697
-7296 -449
-7108 -2469
-2664 -6629
3462 5309
5436 7550
-4961 -6238
2098 8869
1765 -8973
4854 5893
-8304 4003
-3667 -1262
8353 1687
4185 6211
7947 5499
3746 7613
-105 4776
428 -3983
-6285 -6121
7855 1783
-2046 683
-856 -6878
4881 -2824
9007 3477
-1281 -5111
-6078 6999
1820 -851
6784 -2182
-9316 -2075
-6145 6188
-1146 -9503
2536 -7259
8415 3358
-3676 -5522
4846 -4344
4931 2502
4996 2947
4981 -3896
-6905 -3113
2836 -7513
2032 8262
9639 -2105
379 7890
7151 -5269
-2832 -9565
-2340 248
-6497 6590
-9246 -2869
-3425 -7221
-3740 4569
4724 -6748
6377 1172
-9173 -1957
8385 5436
2480 8241
-2479 7721
-5501 5027
5324 439
-5846 7754
-6232 760
471 -3441
778 -7784
5320 865
-5366 -3987
-8436 -1215
-2478 -6866
5628 7486
-5015 -1014
-9556 2673
-7144 -6839
634 4402
-4242 -594
-248 863
6939 357
2457 -6761
-1955 -4708
5573 3150
-966 2955
3839 -1246
5571 -931
8535 3661
-5941 4571
1087 6855
3771 8178
1555 -7179
-8557 -1093
-2637 2586
9097 -827
-4471 3006
-2757 -8914
-6056 6161
6194 -354
-1452 838
-7503 -2242
-3770 -4666
-2424 -4822
3245 2601
8754 -668
1057 -873
-5120 1406
9394 -1783
489 1919
5683 -2056
3791 1474
-3465 -7706
-2910 1281
-4781 3057
4917 2641
-2394 -9344
-1515 -4709
6425 1654
-6425 1408
1299 9677
3575 -8051
3959 4370
536 6089
-6062 -5815
3321 -4598
-6318 -2457
-5539 5428
883 -7823
-867 -6114
-4827 1992
-2778 9346
-4954 5974
-865 -9703
-1234 -391
-4463 6067
-2980 4540
-3801 -2329
-3250 6892
975 3827
7273 -1511
2352 -5848
-6566 -4945
6639 -6850
2088 -838
6579 -1709
6070 2106
2231 4111
-7404 -2459
-7344 219
-7701 152
-2003 -718
-6826 6487
5347 7152
8842 3143
3944 -6230
-6426 3104
8689 3709
956 8559
7821 1946
818 -220
-1205 -9303
-4672 -255
-2373 811
-6323 5016
-1615 2368
-1271 9368
4897 6833
-7496 3187
6391 -4276
-200 -5510
8726 -1802
9633 1142
-1083 -2004
373 6092
831 6286
-3892 -8527
-1452 5971
4245 6464
-5369 1876
3772 -2150
-4275 5572
-9590 588
-9050 2259
-1539 -6209
-2182 -9019
-5627 7642
-4392 -8937
2303 8097
-4421 -5500
-5603 -1388
-7816 1250
5098 -8300
209 1719
-7655 4180
-72 -6953
4404 -5389
1235 -2442
1453 -6594
-2399 5322
8334 3827
1758 -1768
-8581 -4028
-4240 -5495
3518 5142
5412 4769
-3150 -5062
-5834 -2243
-6735 5194
-305 -8401
2415 -146
-3573 -242
5453 -7208
-4758 3870
-1642 -4258
1776 5027
3044 1707
732 8981
8125 -483
3556 1998
6546 751
862 7421
3395 7891
108 -4894
-9595 1179
3670 142
5349 -7404
-3163 9349
-1119 -7409
8047 4241
7264 -6442
1102 8618
-252 3777
8694 -3875
983 3254
5510 -2704
-2582 1143
1191 -4303
3769 -2336
-2561 -447
3121 5373
7165 3490
-7499 5196
5844 3141
-4976 -4760
-3596 8239
5088 7667
-1218 715
1849 -1175
6226 -476
-5250 -4110
-784 -3670
-5178 -2385
3943 1757
4732 -400
-1829 9261
-4557 285
-3662 4712
-3500 8501
-8056 -3664
1534 -844
-867 -2399
-5444 -6741
7235 1928
862 -5860
6904 5355
1770 6731
-136 -9355
6026 -6582
6610 844
2046 -5515
-8425 3478
-611 -8886
587 -5926
-13 -5163
-7798 3206
4127 -1634
2934 -6588
-1881 8817
7537 -4022
8082 4629
-7601 4314
187 4540
-3556 -2997
-2625 7865
-3518 3577
-6227 -4621
-8748 1050
3380 -1113
-1565 1924
128 4521
208 7988
-2159 -1523
-4179 -6760
8511 1859
-4264 -6775
-998 -5769
-3446 -679
-6367 -4772
103 -9543
-119 5224
8289 -841
-5637 -1575
6146 -5789
3116 5773
-5335 -2109
1157 -4159
-4384 1806
5159 4969
-4676 -2444
-330 1868
7306 -180
7731 673
7549 -2492
7359 -2653
1907 4545
2097 -1619
2999 -8781
-3437 797
-3821 -2947
4745 -3748
-1964 -7810
6593 1404
-3738 1234
3816 -5667
-1093 8939
7084 6873
5801 -970
-5072 2072
51 9408
-8693 -3540
-1828 3222
-618 -8508
-4791 -2813
6788 2151
2255 -1846
5087 6203
-7717 -3469
-390 991
1344 3150
-1807 5322
-500 -4191
4002 -2477
7119 5653
5631 -2255
6790 6223
-6590 -182
-7147 942
-5378 -7847
-2384 -4554
-9388 823
-8467 3022
-7310 6772
6472 -5985
7320 -5655
-1727 1948
-9337 -3398
-3086 2403
723 4111
4546 -6712
-9363 -3400
-2514 -4037
3683 187
-1314 8697
-4515 8028
-1883 2413
904 -5667
5341 -6845
-4329 8353
-4533 -5666
1758 261
2096 -6579
1556 -9770
7092 -5273
-2230 2490
2763 -4064
7100 4860
2458 -4614
-2919 -3403
7982 3218
7399 480
7224 -2068
2342 -5918
-4797 -8471
-636 3891
7699 4912
2699 2259
-169 -2745
-773 -2657
-821 3527
2033 -2960
-6665 -4314
6698 -6076
969 7667
-3106 6064
2963 -487
5780 7294
-1583 -1929
-7964 375
2918 6833
-3683 -2297
3644 -9225
3496 -7153
-8156 4348
-1011 8521
-5369 3249
1754 -7360
-1969 7277
-4354 -8083
925 -5863
515 -9028
-506 3169
1192 2755
-207 -476
149 1532
5059 1629
-2158 7946
646 1857
-7494 -6309
-6532 -5596
-1365 -1766
-7429 3992
2206 4120
1413 -304
-2859 4215
2243 -8038
-6735 4098
1427 2117
1273 3591
-2623 2582
931 -7540
2412 -7791
7426 4566
-3931 -476
7279 -3772
7554 1840
2727 -2105
1033 4656
-9164 -1020
4241 4025
212 -1823
1128 6826
5883 -1709
4079 456
-8328 -3762
-4648 -1547
-3038 -3838
6737 4544
2787 -4709
-1377 8987
993 -907
-7783 -2942
5394 5785
-256 8573
4067 65
-1681 4133
3641 3274
-6608 -2063
-2773 2030
-9017 186
5512 -669
7351 -3853
-3279 4339
-2240 -8934
8343 -3695
-6018 -4023
4922 373
7552 -5221
-7639 1400
-6345 -7073
-6556 3687
-3114 -6578
-1578 -1660
2429 5233
1981 -910
1094 -3279
-847 6283
4001 -6220
8176 1979
7785 -1002
1764 -5543
617 7903
-86 -719
4236 -6125
-605 -4102
-3383 6638
-24 -4903
-3862 4314
-1015 9484
-2853 5457
-2423 -7
-3575 -7507
3478 3665
7610 -5740
-8072 -5876
4551 -2774
-2900 -2479
-566 7798
1288 -8069
-6763 -6543
-4123 -5310
-1524 4127
-3611 -5480
-6392 7443
-6713 -1177
-8305 -259
-2472 1671
4142 2827
-1015 944
9031 -74
-4099 6630
-6025 4845
-1882 -3774
6366 5322
-26 2881
7932 1743
-248 -9446
7299 -458
8163 -5589
-2720 6187
-2043 8256
2921 4744
-5037 4496
-6830 718
-7946 1662
-6294 -6190
-6828 -3398
5288 4937
-7643 -4563
592 -1526
4070 -295
2751 -564
4839 2246
9311 1490
-410 -9167
3336 -2926
674 1844
9824 -1491
-5284 -4448
-6525 1083
-5365 -4431
-6110 -7100
314 3477
-6908 6444
-4249 1684
7364 -2022
1350 -2027
2973 24
7648 1413
1295 -356
-2909 -1268
-8573 2689
-7431 3233
8677 -673
8809 -4717
-4543 1473
621 -4934
-66 -2774
-1278 1761
-1822 -3327
3561 5727
-9349 1123
5756 5940
3195 -591
2886 -8926
-1425 -2413
-5018 -5598
6012 -2002
-682 -9296
-8415 -221
6627 -4878
-1770 -7251
9867 611
-5260 -1590
-4542 2219
-4218 1937
-885 1698
4529 3390
-296 -2077
-2395 4904
-3488 3624
-5616 -190
-6623 6047
6399 7262
-727 9930
-3103 6814
6075 4106
-183 -5888
6653 -7183
-982 -1951
5783 6864
1035 -4840
3450 -3080
4395 -443
5686 -6300
1156 -5726
-5009 -1619
-4014 1736
-5090 3028
-553 1583
2036 -1520
21 -5395
-6669 3523
5141 -2387
8048 5653
-8651 1661
1713 1559
4627 5862
-5033 -4627
276 2951
6990 3018
4816 -3473
2795 -5541
1772 248
-1408 400
7481 -4716
-6237 7179
4586 3354
1129 -2119
-1663 1669
7813 3773
-9404 2581
8985 -1431
-1764 1290
-5233 8089
259 6806
7740 -128
996 4688
-239 7273
-2911 8219
-6573 -7170
7197 -1162
8441 1230
-7992 -3780
6814 -3216
-112 -565
-7512 -1304
1910 -5239
5792 2750
-3087 -101
2290 -4923
-779 -8473
5471 -4582
-460 36
6292 4508
4509 5807
-3580 -3590
-3167 -4701
5366 8107
-883 865
-8265 -312
-2376 -7128
148 -2207
-1399 -9002
-6873 -3123
2773 867
7339 -4835
-5650 2853
-6747 -6695
3548 1267
7629 1301
2070 -3879
-7386 -996
-4745 -2255
3865 -2895
7494 1764
-8736 -3736
-2938 3569
4270 -5032
349 -4341
-1653 -9594
-1162 6912
-5946 -1118
4198 8746
-5847 2540
716 9624
4234 8256
-1078 7221
5213 8489
-450 -5274
8727 3983
-1919 -8938
2208 -4796
61 7160
6333 -3180
2959 -2598
325 7484
-1345 -4140
-5369 3004
5374 1499
-8894 -3957
7398 -1849
-2807 4628
-3145 -9485
1258 758
-3643 -7207
-401 2342
5719 7930
7896 -308
1107 3444
-1314 7716
5233 2250
-5556 2856
1382 4980
-5407 5333
3830 1220
-5570 -2198
8783 -140
-5026 -6994
-3267 -2725
-1671 6454
7903 -1171
6328 877
-6126 5651
-3461 5150
2597 -2549
3450 5777
-7085 -3990
-1360 6927
1756 -3391
-2030 -7132
977 -2955
-3814 -7071
-3023 -4688
9692 1628
-4499 2648
-5154 -4828
440 6037
-1772 382
-1343 3351
437 4095
-6894 -4721
4686 -8337
-947 9518
-1441 -3869
-1188 -1578
-1155 2618
-5803 1936
-2397 -2149
-9688 -250
-2967 -2056
-3924 615
-8196 -1084
7288 -735
-2177 -333
3336 -6252
8849 -4092
3883 7452
5815 -5887
1819 -8562
-1805 5272
-8761 -473
713 8429
6681 1421
4204 742
3476 -835
-868 5990
1374 -310
-3262 -1368
-4388 -3270
-3768 7317
-295 -1753
3994 6844
-5702 -7033
-5305 -8445
5710 7307
-5447 2145
-181 2938
6017 4947
2831 6237
-3081 9104
5384 -5233
-6994 -6279
-5935 -2167
8880 -3461
1360 7558
-223 -4639
1055 9556
8150 -4413
-7179 1040
-6056 -4220
-6192 1195
609 -8459
-92 -1996
-3420 -6234
8236 -4605
-5555 -2110
3318 -5934
1298 7543
-1448 3730
2680 -7496
-4712 5851
9353 1239
-1154 3407
3884 -924
-49 -7256
9271 3426
-1369 -9644
-3602 3090
-8461 2202
2886 -1459
-5166 -7734
-1547 1444
-1428 5213
3410 8571
1352 -4200
6490 1182
-2255 -7486
5005 3065
2490 8564
-5428 4215
5239 -6032
1759 -4617
8711 -4886
-922 5295
-8848 -1994
2667 8090
-9541 -1976
1336 -6220
7294 -4493
-995 -3265
7351 5250
-4847 3395
-3336 -1921
-9229 -2639
-1468 -1559
7320 3257
-5659 5120
9530 276
-3267 -4911
-9403 -2066
3222 3434
-5008 4134
-142 -9114
5140 6307
3107 -9246
9476 -2794
-786 -1325
-2582 7831
-158 2523
-1882 6616
4741 -3381
8102 -3083
1233 6346
-1145 -5914
-6325 -2311
-852 -3377
2217 1273
2989 -9061
1967 -1863
3753 1486
2397 4074
7709 -4172
-3992 -1735
-819 -8936
-35 -2991
-6246 -1084
3723 3872
4114 7369
7484 -2880
-579 9140
-1675 8951
3693 -1860
7704 6043
2775 -2142
-3700 3391
-3736 8318
-1021 -3867
1805 1588
950 1497
1506 1518
9530 -428
-4574 -2346
-8685 3239
5014 -6420
8976 1996
-2076 -7806
605 1569
-7445 4736
-1299 -749
-9017 -2038
-1178 1416
538 7563
-8106 4430
-2918 7177
-158 6183
612 -5017
1306 9155
2760 -5921
-659 7945
-4320 -4998
1698 1683
-4460 7168
8571 495
3445 8918
1483 8722
-3322 6896
-6127 5604
2789 2604
-5775 -141
-423 -8432
-874 682
9037 883
7622 -3898
-1146 381
-2689 5294
-3826 -4180
-835 9563
1330 4590
724 9951
-2765 639
4460 5539
-149 -4934
8661 2790
-2186 -4573
-3492 -3211
3291 6479
-3288 -7956
213 846
2332 3614
-2913 8393
-2877 -9337
7732 3009
5138 -6356
-1209 4833
5824 -3183
7299 1800
-7079 2106
1952 -9780
7481 4389
720 5281
-517 -6988
-3641 9191
-632 -5949
5362 6542
-3284 -615
-1189 2892
783 3108
3010 947
3460 -1029
-421 -7768
4695 -2969
4489 8271
-2708 3093
-3523 -527
2534 6677
-2137 5782
7489 -5790
-7526 322
-4816 2199
-8282 741
5643 5712
4151 -5303
-4488 -8808
2135 6113
-7200 6262
6934 1609
-2630 -336
-1814 -304
-1328 -9402
-6577 -1990
-4266 -6856
3770 6449
5012 -956
2317 8480
-1041 -8628
-7884 -5929
1139 4012
-1773 7238
2584 1898
-4994 -679
-5264 -5993
1379 -5978
2981 5719
-8721 331
-1884 -5516
5466 6647
4367 -1580
5128 2187
6056 -5690
-8614 4378
-4286 5882
-6575 7364
-7247 -3204
2838 2446
3683 -6033
9727 399
2066 2312
-5099 7751
2222 1975
-5584 -6218
-25 207
-3910 -6937
6563 1106
8863 -2451
6178 1250
8311 1321
5507 2521
-114 1850
3135 -6542
3690 -8819
-6165 -6561
-3910 -2029
-2579 -903
-6586 -97
-1772 -3260
1774 7345
3144 -4436
-2758 -2412
3313 8425
-1387 2591
-7452 2116
4011 -4876
5508 -8332
-2412 -1681
6779 5650
6661 4251
642 3663
3013 -7487
7281 1685
-2309 -6101
-8057 2043
8085 834
-7103 6922
6533 -6174
-4522 -6376
1200 -9007
1105 3975
-2587 -7360
337 2915
8186 -3052
-938 -5637
760 9091
-7820 238
4839 -782
5140 4100
92 -2984
4257 7355
-4816 5081
2010 -1332
-4683 -4971
-1902 3184
2151 872
-5837 6533
6070 3629
2803 2008
-2408 -6168
-3352 -5329
6893 3196
9078 2746
-8686 -4594
-6966 -3124
1414 6567
7145 6919
-4285 5168
4924 -7651
3637 -2995
-4346 6756
-2945 6763
1522 -1712
8831 -2970
6590 -4740
7483 5912
1655 -639
-4299 5564
2398 -7164
-5201 -7448
8704 2918
-713 -2196
8589 1610
-8350 4432
-903 8512
-652 -7490
6054 4570
-4875 2883
1497 1286
-140 -6822
8867 2141
-4986 6942
9316 3328
5411 -6055
6395 654
-9674 -1344
-3892 -5706
-2429 9434
2417 3591
5707 2375
1531 9768
-5446 1257
-5345 6569
884 896
-8823 1161
-2130 5849
-4302 2924
3505 -4835
-1509 -3729
487 -5992
639 -5549
-7148 -171
600 -5703
-1736 7102
-2037 2712
3090 4785
-3263 339
-4854 7218
7565 3861
2878 -3550
-2449 2860
-7688 -6357
2563 -7840
3508 8588
-6452 3204
-3248 -7944
-2209 -6750
3357 -4604
-3415 654
-1368 -2890
-4227 7666
7064 6910
-2390 2558
-3547 5177
-5396 -7774
9447 -1227
1679 4192
3083 3269
-7936 -4068
-1923 -7316
-6119 -7204
-2752 -974
-7147 623
-8195 -1464
3250 2654
958 -8257
-827 8647
-1693 -2386
1875 -379
7967 588
1568 -1870
6323 7547
2550 5982
9571 1614
1507 -7218
914 -8139
-7076 -17
-3808 7261
-670 1236
7391 -5048
6326 6334
2830 -2543
9580 -546
-2835 -548
-2164 -2111
-604 4875
-9303 -3138
3326 -8246
-263 6835
5367 6836
8695 4476
-2380 -5920
-4204 7615
-7774 -3433
-4440 -6921
-5239 -646
9431 741
1158 -1060
-5211 -3058
1114 2257
-2831 -1324
5990 -253
-5490 7827
3602 4137
838 5788
-1967 4382
4809 1869
-740 -7837
-3043 5753
1952 3777
6909 -238
-2458 -8983
-2477 7966
5616 5533
713 1494
-1443 -5995
-1876 8102
-8776 3091
-2292 -8983
-9231 -666
-6111 3787
-7745 3409
2194 1562
-4363 -8175
-285 -6239
-6358 2203
-2920 7088
2868 -1600
-3387 2743
-3686 -1681
1220 6800
-4182 992
4682 2338
6664 -794
-1186 -6294
-7865 -4153
5670 -6772
8641 4435
5556 2954
-8590 -1980
-60 2772
7059 -1079
-3915 -6264
-7577 -5409
7098 6656
6631 2646
-4450 5541
-6162 -7598
-3113 6361
5612 6837
-1930 -5027
7721 -3713
-1559 703
-2980 -2262
9406 1787
3037 8802
-2061 -1839
1350 -3654
8616 1737
2914 -4955
-6551 1081
-4915 -2247
6611 -3664
7866 3023
6067 3666
1431 -1641
8913 -4357
2390 -1423
3211 508
3104 1650
4020 -854
-5136 -3239
-8624 -4524
1108 6840
8353 218
-2294 1765
-8503 -2367
-1141 2087
-8517 2812
-7874 -2262
2996 6668
-28 -7380
4053 -8469
2991 5788
897 2230
-2750 -2110
-5586 4028
-2102 -3967
784 3433
-2812 -1903
9466 1243
1592 4125
-4795 7178
8081 -2437
4708 7183
7687 -5888
8977 -862
-1667 -660
3562 517
-3046 -5342
4668 -1675
-7529 5466
4721 -5087
-265 -9504
4791 6470
-1470 -2955
-2143 -2007
-5692 7563
-1530 -9832
4437 -5351
-3902 4274
3862 -6348
-2884 8821
-1 4571
5920 3494
-5813 567
-8919 -3155
2121 -1403
4106 2180
-7837 6081
122 -1146
-5673 1118
1187 -1270
-6270 -7196
-8048 1737
-1088 1913
474 627
3672 -6497
6414 -5440
604 -2980
8490 -1196
-3011 5941
1368 -5820
-4912 -8594
7310 4977
-194 -2586
-3621 -584
-1869 5874
4171 -7725
7 4016
4060 -3302
-1163 -1069
7778 -2593
-2114 9536
5086 -183
8492 1302
-7213 -4446
-643 -9142
3149 8608
210 3928
1784 4571
106 -7281
3402 7935
5200 7405
1233 1956
-3912 6976
-5840 652
-8486 1262
496 2183
4900 7816
-3974 2974
4024 -5907
7132 1143
-5946 -1418
-1876 2683
2054 62
5265 -3824
2286 -6866
-6718 -6599
6903 -3409
2793 -3088
3803 -5946
7649 1067
-6647 -2216
-6697 -7014
-2285 1896
1774 8682
6757 -6981
7084 -328
-8250 -1380
5415 353
-759 -1394
1853 5855
2450 2400
-3976 5418
2494 1361
-7993 447
-7963 3593
1882 -8629
1043 -5314
-8620 4960
-792 1765
1744 5975
4594 -7219
-1481 8286
-3798 83
-6717 -158
400 -9978
-1230 7970
-9396 1236
-3619 7620
-5115 -7534
-6978 -4536
4963 7884
1283 -7469
9527 389
2540 1197
-3877 2266
7396 788
3550 6902
4905 -7342
-7437 -6089
-3571 -2962
-3932 -923
8632 987
5443 -5683
-2744 -9132
-5862 -5813
8046 5479
-6058 -6994
3313 9303
-1468 -7698
267 5495
-2386 -2286
5456 2045
-933 9360
3492 -6004
-6842 1774
-4852 3047
-1967 -4799
-5871 6715
-3249 -5230
3402 5604
1577 -6121
-6005 784
-9898 1408
-4190 -7795
6923 3029
-3920 34
86 -4452
-5223 -2684
4965 -4828
6019 -2446
-5619 -1622
-3662 5294
1196 -1310
5733 -4513
2486 -1374
-4561 1270
-6866 1846
-2253 -7232
-7481 2697
5868 -1095
-5699 -7294
-2678 3031
7514 1334
-1722 -7853
-4445 4256
8620 4367
-6186 -6123
8357 -4740
4920 4821
7895 302
-8639 -320
4489 -5479
8756 -2789
-8287 -1500
-4919 -7426
6874 3074
-5403 -6764
5506 8187
-3565 -2791
5152 -4114
-1013 2757
3409 6457
-3981 -8649
-884 -724
-6360 4033
3449 6313
-6021 3217
2709 -5373
3899 -7744
-2480 6691
1438 9047
9122 3912
4174 -3386
-6015 -3081
6298 1119
976 4243
4942 -2320
-9458 -1571
-787 -1649
7440 -2413
-9027 -3169
6196 7807
4978 1660
-319 -1403
-5713 7538
-3109 8403
8636 2607
-76 2914
-3200 -3271
-4751 4230
9314 -2743
-8402 -3195
-215 -3355
-4346 -7082
-4225 -8263
-3074 4124
-6341 3228
9840 596
4858 6608
-320 -8528
-7584 -271
1975 -5111
-6475 -3203
-6049 -7548
5244 -5373
-4885 -2761
-2075 1262
-7235 -6531
4307 5797
-3258 -5662
1391 8551
-8572 -3184
8080 4892
-9025 -3387
-2078 6610
227 -1580
2038 329
-7625 -4014
8572 -2284
-5685 -6131
939 -948
7583 5527
4138 5697
-2876 -4418
8260 -2736
-5457 8224
-8260 3126
-4414 834
7534 -5146
-5279 5518
5029 5299
2709 -2938
4439 3150
1033 -2223
8481 3698
-7547 -2182
645 -2302
376 -9348
-9523 -302
3355 -2579
576 3494
1282 8716
-320 -649
2850 -2464
8717 2924
1805 4561
2607 6485
-3137 969
-8837 4063
5354 5751
1847 7979
-5676 5283
-2651 -288
3828 7534
-2020 6083
-5997 7110
-5588 -1432
3055 6465
3357 -2598
-5006 -6049
-8212 -1225
2581 4471
286 -1172
2961 -3478
-6598 2420
-508 -1729
-329 1913
2124 -540
7056 -5455
-16 5366
-971 9414
-2764 -1864
479 -2999
-1703 -1486
-3539 8194
-6909 -1868
-5489 -3136
-635 7951
2949 1643
-7588 5069
5424 4995
4331 -212
-8303 1532
-4079 1153
-4358 6074
203 -5695
-1759 -761
849 -8479
-3483 4105
-3455 3951
2469 -8003
1300 -5816
-409 8641
3621 -2533
-8627 -4395
3080 2093
1657 8271
-3439 7774
6209 -6675
-350 -1106
6793 6887
-2352 4857
-685 5865
-2277 -1992
3370 9
3458 -5675
5737 503
-2242 -4521
5915 -7351
7178 5368
-692 -5563
-5657 3735
5556 -4142
-6909 -1570
8645 2207
9270 -2224
5140 6605
2203 7941
2614 -7088
4294 3988
-8050 -1369
3815 -4438
152 1234
1188 9341
3048 8979
-7921 -4644
-1103 -9372
-5054 3318
-4347 1651
-7473 1932
-9311 -2474
-5825 -1492
3838 4745
-2318 3983
9698 142
5113 5346
2441 -1114
9290 -2579
5385 -2784
-4364 3557
2813 4871
4329 8673
-2306 4656
-6451 -4327
-9509 -2029
3962 -3125
-206 -2931
5400 -3245
-9879 -542
6992 6187
3968 -7558
-3048 -5606
6550 -3178
-3769 -9099
-4081 1259
4146 5898
-1513 9750
2523 2514
1991 -6322
5568 -4076
-3056 -3109
-9122 2498
-1116 2194
-2615 8185
-2852 -5521
2460 1093
1752 -2367
-4406 -5525
1925 -9271
5696 -6141
-2592 4967
-7128 624
4100 -9027
-7085 -4699
8127 5547
-1540 8936
4541 4971
1707 -4257
3240 7703
650 -4577
9187 -1059
-1351 303
713 6092
-8304 -2195
968 8753
-3228 -441
-4894 -8487
7865 2443
4618 8418
-7618 -4223
9083 583
3507 4200
-2680 503
4743 -2597
-4781 -6114
-1468 -7089
-4091 -6743
6217 -159
688 9913
-9176 -3362
446 -5079
7741 -1606
2110 9296
-7226 1115
291 736
365 -8071
-3100 -8333
-1630 1081
2728 471
1963 -9063
1745 4208
-2609 2120
286 -277
3823 6299
4521 1859
-3899 -3545
1831 -3295
-6076 -3930
-3657 2226
5698 -5076
-6712 -642
9377 -716
-6028 -5677
1754 5950
-3727 -1942
-8818 -1438
-3434 -5813
3652 5583
-2685 -6034
-4272 -2975
-4808 8228
4651 7275
5864 6126
-3957 -8248
-2165 -9408
2667 -1662
-2128 2704
-5256 2018
-141 8314
-5754 -5564
2148 4037
7156 4090
508 8221
3853 3168
-715 6813
-5750 -5356
-6568 3055
-6456 2929
1463 8586
5857 -6786
7992 2732
-4802 -4185
-80 2644
8027 4418
-511 -7180
-4992 -1184
711 -6547
5383 -6737
3488 -6231
-6378 1321
7219 2097
-95 -6489
-3068 4170
4251 -2472
-2228 -3294
-6348 5601
5696 -4228
2930 5211
1423 -1357
-5074 2273
-4286 -7667
4747 -1208
-6287 -265
137 7288
-1951 -5174
-3278 5919
5690 -5875
886 8222
-3134 -9280
-6880 5720
3269 3307
-2179 -8391
-5119 -6879
1132 671
6473 5992
-3828 6748
-1247 -1495
1007 6933
-4622 -2264
-6020 646
67 5295
5462 -1172
-1146 -2062
5582 -5420
3669 6013
-3676 3490
3340 -1097
7349 -4501
524 -5064
-1745 1005
1887 180
822 8686
1132 9122
9454 -1815
-3823 -1304
-6049 -7186
8635 -1027
-7961 2962
9255 -2183
-2017 -8977
-9316 -967
-6331 2982
-1852 -1758
2808 -4087
381 -1404
-9533 1406
-8683 -4121
-298 3553
7653 5464
-4853 -7003
-8293 -2936
-1439 2152
4216 9064
9619 1521
3038 2946
2828 -353
-4759 -744
-620 2297
1713 -3663
2344 882
-3202 8998
-7909 3638
3140 5266
127 6114
-6802 -5479
-6408 -674
-6626 2582
-8393 -3633
8686 2609
-4355 -3887
-697 7506
3281 4431
-2449 -2032
-5595 -3560
-328 4133
-7790 5675
4379 -8356
-8152 -5686
3363 -4518
2481 872
-6799 -4910
-9404 -460
-5833 -3454
-6873 -1623
-2705 -2396
2600 -4467
9320 2710
6111 4837
1927 8735
-4414 6478
4081 -4636
3365 3979
9637 2190
-4221 -6954
-5156 -283
-7371 -271
-2129 -7999
-6538 4056
2437 -9141
5874 -2237
7072 1706
3298 7074
-1062 -3986
-1336 -4825
3805 6910
8929 -2419
-2898 -5129
-1198 8241
6753 7291
-6207 5383
-4469 8158
5748 -5168
476 5860
-6286 282
4593 3781
2957 -1822
-5027 -8106
3418 831
-3120 6435
-8730 -4305
-5511 -7848
-6454 -4357
2038 -742
-4679 8002
1286 5421
2298 2269
-2891 -2792
1131 -4561
1277 423
-3638 839
-4267 4500
3410 8810
-7174 317
1213 -2827
1968 -2956
7320 1186
5437 716
3294 4375
-1081 9303
5297 -7703
1715 2567
5347 -6541
5636 -2889
7187 6890
-7222 3550
8796 -1295
-5977 5688
-2345 7219
2841 5088
1225 -5084
-7659 4712
4586 434
-7104 -6267
1589 -7549
-3806 863
-4286 -476
3656 1638
6505 -2283
2512 1085
-5811 -4028
3024 -111
-1014 -8312
-1905 656
-3014 1054
9234 443
-6163 4246
-8290 -1068
-5228 -446
-1860 66
6395 -2742
5873 -3606
-7246 -1581
-3678 8518
-235 -222
-6952 436
-1911 -8127
-6531 1669
2716 -2410
6329 4038
-92 -8476
2210 9436
-2100 2069
6971 1642
-1878 5592
-7341 2891
-8195 -4322
3765 -7688
-1768 4159
9608 -696
-8058 4760
7435 4718
-1109 4421
-4733 5200
1030 -3903
-1317 1425
-1047 1594
7026 -5800
-8773 -269
4931 2808
-9067 -3637
-5279 -6590
5143 2935
7291 -6639
4352 7238
-1823 2995
-3670 2679
6415 607
-4582 3323
7924 5274
515 -8557
-5381 -300
-1827 9060
-369 -3946
4676 3151
-2525 4279
-3646 4463
-7279 -2821
-7723 5966
-6240 -444
-9761 1712
2498 9522
-4697 3145
-1403 -2600
5811 1419
-1769 9541
-3477 -7859
2690 464
578 7678
-2314 -8375
2067 2529
-2018 8460
4021 -8627
-5178 5278
6924 -243
1630 9221
9606 2364
-76 -8056
141 6349
-2247 7983
-4471 2451
-4556 -5597
7753 2858
6812 7101
4301 1502
-2649 -5379
-7767 -2436
641 -7831
-8687 2247
-5373 1439
1273 2263
5341 -6903
-3264 4911
-4275 5621
-6725 -2259
-9244 427
-2033 7682
-3987 1754
1257 9319
-3927 -5832
1628 7696
-4373 6246
-2440 -3093
-6493 1869
-3831 -5494
-6980 -4471
6210 203
-9670 2043
-68 6921
516 3855
4600 -5475
924 -7816
4591 -439
-3517 -8412
-4320 -8219
-7489 -27
5973 3116
512 5822
-5759 -2325
427 -6681
-4012 1913
113 3571
3688 -8978
-3729 -4485
-3635 -3388
-5133 -6501
3745 5234
-4061 -4136
2623 -4555
-7560 -84
2173 8552
-3179 -7122
-2588 823
-7270 -3812
4967 -7311
-8161 3915
7502 -1545
-975 -2252
1726 -6047
3624 -4388
3038 -2143
6868 -4841
-4996 -3306
9718 -1208
1796 -9259
-9797 -1952
6125 -1155
1491 9436
4225 7358
9262 -1893
-5589 -4226
2186 7320
-5960 3422
-1761 8928
5479 2449
1625 -4465
-2043 -6644
-1459 -2092
-6504 -1254
-1132 5613
-882 4528
-3350 9024
8289 3877
-3129 -5231
3873 5039
2594 -8387
1917 -4111
7462 -4068
-3975 -2807
4080 -2700
-1267 4421
2362 -2068
-6017 1494
-5780 623
-3894 -204
-205 7763
6096 3590
-613 7342
-564 -15
1627 4678
-2748 5205
7041 325
-5185 -4616
8720 3631
1270 -7319
-891 -1135
-7101 -4203
8416 4893
9050 -3661
151 6234
-8047 2570
-5460 7811
-6083 1320
-5689 7875
2089 3724
-2666 -5017
-2510 8793
1222 -8242
5605 -5344
-4672 -7945
5878 4492
5840 -6601
-7534 -1182
-2041 638
-6443 3979
2129 4169
7772 6210
4561 -7622
913 -2420
-5775 4893
1776 8383
-8232 338
-7270 -1416
-5324 -223
-6193 -557
7019 6059
4753 -1704
4277 35
-1922 -6235
7760 672
3762 -4893
6687 -2593
8235 -676
3997 -4684
-3567 -3469
2183 6029
-2 -1644
-5814 -1504
3705 479
7414 2840
5456 3776
-8863 4138
506 726
-2187 4786
8665 -519
-6604 -5501
-5559 6427
-1836 -1814
-1383 -9766
-1953 7770
1430 5321
6500 6192
-8742 3129
-660 -7453
-5738 1118
1485 9455
-4067 -2517
8608 1063
-2235 -7948
-7613 -4848
-1288 -9521
1659 -5555
8468 -748
7277 844
6368 3626
4970 3074
-5729 4978
-7026 -4486
2416 -6430
-8680 -4676
889 -1895
-5865 2997
-602 2309
7541 5872
4233 2102
1085 2573
8127 -5502
4284 -2611
2154 3857
4731 5675
1368 -7958
-2167 4182
14 -8148
-6563 3897
7371 -6519
-1002 -5753
5795 4353
3918 494
1401 -7880
-1294 -5071
9692 2176
2463 762
-3856 2926
-759 -8687
-6245 -5136
4246 -6769
-4236 2880
8383 -4118
-5503 -7900
-1021 876
-3159 6438
-2857 7321
-6138 -7589
4693 1080
5441 -842
-2382 -9225
2252 -9412
3470 324
2774 -5590
3265 -7738
-5563 822
-4427 -3156
8133 -1044
-6249 -1588
2770 7437
7142 6769
7317 -3172
6372 -5241
-9217 22
-4524 5502
-721 1133
-6593 -5614
-7734 -3819
1050 9796
2504 3739
1320 -5408
-4675 118
-6166 -6133
-1924 -306
-9624 167
-6307 6121
720 7764
9155 466
-6732 -1765
2619 -3475
2126 6688
-5991 4574
428 4067
-9336 3505
-3200 6427
-1330 -852
4250 -6852
7372 -3246
-1684 8533
333 6027
-566 -5080
179 1049
-3205 -8708
2559 -8430
5408 -924
-1795 5800
-6461 -4629
5737 4347
4151 -8165
-7289 -107
2084 -7737
-3631 8741
6757 -5130
9320 3261
7446 1407
5151 4794
-3349 -6609
4539 -4124
-3142 -6693
3685 -645
-2094 5549
6249 -5281
-3954 -6510
2821 -1839
-2111 3713
4858 3421
-9246 460
-8666 -3867
-554 -3248
5197 -3046
-3842 -3230
-4922 4621
-7420 5447
-6790 2091
-992 -2850
-2607 8409
-669 -7815
-3292 -1118
1506 6336
-3220 -3095
7111 -2016
3319 7786
822 3408
1961 -990
4592 -3381
-5342 5180
-3702 -6044
5780 -995
8004 98
6210 1070
1119 6326
1027 4774
-9499 749
2466 5081
-549 7276
-2524 -1278
-9595 170
5716 568
-156 -3666
2922 9180
8861 2241
-1936 6271
6508 -961
-1503 8511
689 524
7125 -6695
3475 6040
6425 530
2679 3836
5131 -2768
781 557
-1467 -5719
-558 -6533
-2680 -861
-4008 109
2552 1451
5003 963
-5193 -7316
-3738 -1275
-7393 1844
3891 6793
-2715 -3479
-9406 134
-1363 -1199
-2760 7626
-3913 -1635
-3902 7896
-5379 7319
6584 -495
-157 415
3665 -530
-2183 7060
6121 3601
-4213 -2825
-2428 -2277
4366 8815
-4494 4536
-5086 -5888
-7400 2663
-7763 -2295
3022 -391
-4496 619
-3537 -8208
4487 -3486
6461 4525
-4763 -4480
-4376 -8895
-3762 -5242
-6754 3921
4078 -8555
6712 -2639
6784 5964
-3255 -1878
7631 -261
-5156 2223
1427 -7226
3454 -4914
8380 1462
-5028 -4657
-3128 4958
3630 -7226
-6473 3075
-3416 -4642
8993 -362
-8702 -1118
2145 8870
5126 4319
4618 -6068
6800 -674
1768 4760
3935 2968
-7490 -5049
-3761 -5983
6419 -4514
1108 1935
-4326 -5659
-8128 -4514
-3574 9185
481 -7472
1741 -177
-3816 942
-9624 1741
-3465 -62
-3526 3760
-9450 1356
5445 -995
-1579 -4904
-2336 1339
-166 -9062
8737 3144
-7971 2990
9859 238
2150 8042
5703 184
3463 -6948
8377 -5154
1762 7845
2179 4176
7440 -3097
-5124 2767
-1970 -3021
-897 1924
-5451 -3796
5179 -6221
-1207 -2658
1248 9794
-5783 4167
8436 -2607
-7453 823
7932 3930
-7303 472
-2656 9170
-4369 -4770
-8961 -4107
131 4538
-5731 7103
-8882 -3205
8098 -4052
6902 -1612
-6081 -6123
9079 -2350
3390 3158
-2233 1212
2194 7512
-4967 3752
-1634 2766
-120 8185
-1077 6260
7544 -3045
4036 -877
1791 -6566
-2276 -6695
290 4169
-7022 -5703
6729 841
-4349 -408
-649 697
-7430 -997
-4311 -7150
4767 -5094
-1792 1599
-1043 6394
1340 5167
-8524 -1308
-6510 3901
-8012 -3770
1843 -2139
1232 -5658
-6736 1248
4829 1843
-7008 5250
-381 -2082
5069 5745
1271 -9863
-7258 -1933
127 7958
-2582 -8022
-2261 -8914
-6256 -7335
143 1650
7641 4585
-6467 -1987
-7860 1163
3048 -182
5656 7167
-9587 -35
-5285 4986
-4252 -154
-6299 -5564
8808 3485
-3112 -7254
-2332 2273
-5006 -7575
6334 -2278
-7056 3386
1782 -8042
3838 -1736
-3702 -6830
953 4209
7587 -1539
7104 4433
3153 -407
-1610 8295
-306 -9065
2014 -5615
2034 -6521
-5504 -5487
4020 -3196
4115 2473
1582 8723
578 -2562
-2677 3528
1717 -4352
-868 3460
-1769 -1107
-2382 2324
3620 -4140
-7691 4745
595 1832
-1044 -1007
1776 -581
-3761 -906
5278 -1995
-1215 3939
2802 -1631
-7214 -2510
5196 1682
-4217 1494
-8779 2677
-5170 -54
6542 7069
4868 -675
-3315 -7080
3051 3895
6072 859
-6398 -5461
7149 -1237
-1867 8463
-2161 -4204
3059 -8417
-513 -8975
-1394 1366
-813 5075
3175 -7225
-3013 -2176
6621 7226
3084 54
-7225 1342
2702 -9269
-696 -8825
1130 -5658
-5842 2237
5066 -7129
-4482 -2216
7027 -3519
-2424 -4999
-1258 -9102
-5462 952
-4792 -7299
5521 -1622
7037 1136
8774 -380
4538 -4976
5856 -4894
3974 7454
5340 -4318
5446 3711
-4313 -5633
6271 593
-6652 -290
1676 -5585
3286 -8067
1151 -2081
-8789 -2389
-8060 -2843
-3425 3281
101 -2158
9390 -26
-4261 -9008
1473 -4804
1379 779
8159 1406
-3902 1420
-9520 -1891
-7206 5157
-359 -6033
-55 -1882
-9233 3284
-2814 -3870
3469 -5851
-3338 4931
2183 -6532
-2187 -2744
-6006 6809
-881 5495
-1521 3511
676 -4017
-1276 3920
-5233 827
-9320 -2919
-5370 6149
4980 4703
4879 -1474
-8164 1520
7185 -3905
-1074 -8673
7415 -3086
-7997 -5961
5221 -3041
-4623 -2155
-9307 -1284
-5436 5167
-267 9595
-6379 4839
7042 5738
-3503 7939
-2210 4583
8379 3880
-5825 -5325
-8139 5722
-2910 -3997
3708 -769
-7031 -3868
-478 8659
7083 2956
-1172 -2216
5071 8273
655 -1800
-5650 7167
405 -6059
6419 2502
-8338 -1195
2601 1846
682 6748
-4830 -134
-5862 -3248
2695 9109
9382 2586
-4464 6484
5613 -1979
6709 1920
2469 9020
876 -1933
2838 -8565
-3232 -3636
-3783 -520
-2640 -7208
7816 -2135
881 -6718
6304 3940
2718 -4974
8962 -1033
-5399 4234
1475 4242
5508 1283
-4572 -4432
3561 -4404
-2184 -126
3109 -7558
-5953 5828
3422 -6801
-1090 -7039
5017 -344
6155 -6609
2412 -1509
-5540 883
921 3420
401 2670
-7122 -85
7046 708
1715 -1753
9803 -1319
-2482 -4786
9081 303
-5715 6938
4516 -4985
-8458 2885
-4081 4388
2845 1464
9802 -1281
4317 7352
-6405 6622
7673 -3424
-1335 -7852
4910 849
-6031 -7714
1152 -6970
-6099 732
8549 -1767
300 -5852
-275 -4073
6587 -1224
-130 -5247
-8357 -2665
-7008 4126
4166 -6195
-4455 8622
5526 -7064
-7928 1874
-9086 -3804
5286 -4366
3097 -1335
-1867 -5961
-2080 5890
-5894 -1620
-2083 449
-8111 117
-8916 -825
-4308 -1512
-4548 -1699
7269 -1446
3223 3556
-1916 -8548
5326 410
-1513 -2630
1895 8806
-3014 -1716
6302 -3157
-6058 5297
-8054 3910
-7972 5335
2580 -8939
1173 -7749
452 2872
-1736 1399
4941 -1058
-874 -5874
5851 2548
2894 -2562
7126 -5451
-4948 -539
8472 -4479
6745 3587
1888 -8124
6103 2566
1128 -9487
5914 2373
6423 4008
-6383 -3590
-1251 8743
-2336 8594
9303 -1419
2904 -9335
-5698 490
-8625 -2217
69 2285
4592 8686
-1417 -8569
7431 -3170
-5249 1754
4177 -7869
136 7528
142 -5782
4962 7041
3368 1846
8374 4618
-2397 2730
-1748 4101
-7018 -6924
8945 3465
-6112 -5783
4681 -2896
7393 -5591
-3147 -677
-7585 6426
-3430 -1806
-4611 3458
-7117 -6108
-4072 -6975
863 -5447
-1626 -9415
6587 -2201
8853 2702
5165 1674
-1562 5955
3754 -4653
440 3633
7672 -1514
1403 1424
-2929 -5436
-1778 1700
-7446 -5102
2504 8346
1334 -4399
-727 -4466
326 69
-3522 1987
-4469 -6998
-5367 6656
-329 8268
-8301 1325
5053 -2909
-3176 4154
-726 207
4146 6359
5404 -4105
-993 2848
-7508 358
4761 -8130
-733 9437
-311 -8000
-652 4482
-3455 -2936
6288 -4475
-7957 2247
-211 6467
-2874 6055
-5435 7471
-9675 1815
-3143 -6584
-3041 196
-8284 -4338
353 319
8663 -282
1160 5343
-873 -5573
-3770 -3633
-7320 -3878
5845 4879
-6238 -405
-5430 -7432
-4622 859
8785 3077
6908 -3706
-3977 5668
-6933 1544
1312 8316
-2370 -6597
-394 -5802
-4619 -7954
2612 9213
-8205 1004
-4906 473
-3289 4185
3892 -7456
4 -430
-4544 -4436
-2182 -3607
-7196 6829
4245 -8538
554 8899
-3914 -6148
-1858 7291
-2354 1964
1334 3614
-7052 -6328
-3098 3487
-2321 -4139
-5178 -2774
-1808 6033
-1199 9076
5069 -113
-8432 1247
-5291 2336
-8087 5788
-7281 -2411
