100 100 64
594226 260682
420617 349942
417041 427500
351334 741354
527715 493514
341421 309355
588888 505650
577973 747890
407320 690378
612827 184997
461838 319919
372668 269589
567257 432677
473836 728584
400474 242393
484421 740078
693718 206348
554807 447413
326434 778883
382727 468160
428698 409070
623515 544672
566685 303479
457448 602789
628748 356529
687979 221447
383318 301678
450101 636414
498011 774554
371296 739293
446356 396890
455843 298868
480841 429550
497599 724482
650743 279474
358199 666207
323117 716503
408811 334657
221612 499450
461885 683677
517451 646945
326495 670402
376960 400485
357869 308998
539815 485337
380346 463248
474788 742637
500511 934415
443077 425963
371485 784687
594009 758904
440947 381953
463100 294263
400014 366758
288498 463652
423266 335578
321662 557230
350841 721172
79544 262144
469537 380321
660795 270310
381967 602548
630999 272020
669342 148326
658981 539752
432806 755884
628699 197736
440789 523742
424715 462553
374038 666008
349122 345519
469259 340037
405260 770759
553011 437656
542812 289887
405121 741568
133359 419184
325001 400302
492311 795846
638446 519020
423953 373125
601631 320601
511361 428490
262646 367570
431308 743736
364461 399094
416527 437054
457681 834666
411038 391253
607975 308910
380113 537535
601900 724555
565924 333807
449098 240692
426978 747239
692047 283748
342830 436110
385819 386215
683843 290438
622506 250157
536211 236025
486215 275841
441110 474521
418782 456054
438066 428280
517994 94163
593878 552493
715685 353210
449365 145362
751264 124614
568402 648420
635371 361628
305274 532589
697243 820977
351324 384246
309314 487348
543038 237455
455657 477753
506502 421187
486897 486122
386996 410214
468153 155506
451743 528639
755405 710834
528628 124944
648524 313958
498362 387954
344186 468417
451931 549663
457296 427817
477806 471456
398891 552042
479898 450074
749656 248589
511928 484012
428266 439322
467372 92729
362267 492198
532978 438538
680201 596527
429780 122595
451629 449443
722953 748789
349719 529159
447803 460121
545319 503928
456140 450374
454954 121490
493507 548322
471536 419498
397204 570747
484984 507630
462878 497985
506152 526342
461266 409732
333052 487927
352053 530260
381542 517359
498184 272667
510856 517525
457893 455229
446873 97350
531697 177034
469862 174685
485306 192671
379570 480598
416548 468242
361343 501263
506027 137687
741042 634651
543013 458349
472375 451814
322788 473519
700099 268141
547682 438893
402454 522293
619867 355707
482395 390767
556806 230250
487734 501244
468394 429760
320775 479513
388194 323179
500585 180333
464797 499938
737994 616491
412835 439415
529738 157819
354651 513210
503112 425443
391179 421332
359529 473089
559410 450731
481680 476957
437009 473495
380211 491421
394837 547035
483539 408185
356566 525468
364543 454027
485945 572406
348860 416204
508152 337380
481687 366918
598900 400200
532365 203037
786297 526727
430643 278107
721504 526911
651382 265057
194324 369919
395158 291014
488096 481452
660484 593964
374369 264358
446418 380851
522017 245840
590986 381666
454361 256186
209738 417535
328303 250242
502458 303049
286565 368350
322417 234872
547339 284052
635994 353499
449097 462559
187025 223816
212342 346517
328885 625874
357287 458283
432342 466172
434749 334751
731265 524470
323770 205032
637852 384418
298241 365973
690457 597163
688113 498283
472140 281820
344339 347509
672658 418938
764067 525786
557124 136354
446391 271725
259302 273104
756990 495864
162852 196031
619844 343321
594602 298558
619998 411161
159041 259911
463882 255777
448165 330733
320915 419051
629464 448222
368047 213221
692546 558698
396572 257589
492139 296477
244783 246733
410176 483042
385474 254281
327938 271992
