100 100 100
999000 134000
1000 205000
1000 718000
1000 279000
999000 179000
999000 4000
999000 279000
1000 905000
1000 989000
999000 458000
1000 894000
999000 47000
1000 417000
1000 935000
1000 380000
1000 994000
999000 153000
1000 163000
999000 764000
999000 665000
999000 658000
999000 878000
1000 2000
999000 609000
999000 573000
999000 599000
999000 201000
999000 380000
1000 846000
1000 236000
999000 503000
999000 956000
1000 618000
1000 93000
999000 925000
999000 520000
1000 546000
1000 787000
1000 575000
999000 13000
1000 405000
999000 109000
1000 35000
1000 606000
999000 674000
1000 932000
999000 388000
1000 32000
999000 935000
999000 729000
1000 819000
1000 24000
999000 180000
1000 923000
999000 44000
999000 966000
1000 861000
999000 818000
1000 561000
999000 265000
999000 886000
999000 80000
999000 332000
999000 685000
999000 553000
1000 156000
999000 824000
999000 437000
1000 363000
1000 842000
1000 321000
1000 550000
999000 132000
999000 61000
1000 262000
999000 821000
999000 922000
1000 735000
999000 826000
999000 808000
999000 897000
1000 638000
1000 1000
999000 310000
1000 25000
999000 18000
999000 55000
1000 877000
999000 137000
1000 213000
1000 986000
999000 711000
1000 301000
999000 62000
1000 784000
999000 292000
1000 189000
1000 891000
1000 633000
1000 84000
999000 983000
999000 732000
1000 194000
1000 130000
1000 48000
1000 879000
999000 914000
999000 695000
1000 122000
1000 495000
1000 969000
1000 270000
999000 509000
1000 158000
1000 997000
1000 758000
1000 598000
999000 352000
1000 849000
999000 108000
1000 803000
1000 349000
1000 424000
999000 628000
999000 124000
999000 347000
999000 799000
1000 992000
999000 17000
1000 220000
1000 617000
1000 916000
999000 156000
999000 95000
999000 574000
1000 730000
999000 790000
1000 240000
1000 888000
999000 812000
1000 930000
1000 609000
1000 146000
1000 982000
999000 605000
999000 29000
1000 690000
1000 263000
999000 900000
999000 692000
999000 838000
999000 943000
1000 680000
1000 165000
1000 534000
1000 246000
999000 703000
999000 130000
999000 832000
1000 326000
1000 524000
1000 677000
1000 593000
999000 230000
1000 581000
999000 203000
999000 286000
999000 942000
1000 864000
999000 848000
999000 986000
1000 365000
1000 462000
999000 307000
999000 780000
1000 876000
999000 370000
999000 445000
1000 68000
999000 814000
1000 64000
1000 599000
999000 654000
1000 14000
1000 245000
1000 37000
1000 297000
999000 656000
999000 469000
1000 706000
999000 749000
999000 678000
999000 538000
1000 915000
999000 311000
999000 381000
1000 355000
1000 868000
999000 661000
999000 194000
999000 971000
999000 454000
999000 234000
999000 893000
999000 681000
999000 419000
1000 845000
1000 556000
999000 597000
1000 762000
999000 915000
999000 655000
1000 968000
1000 296000
999000 272000
999000 993000
1000 594000
999000 620000
1000 563000
1000 777000
999000 416000
999000 545000
1000 701000
999000 163000
999000 276000
1000 193000
1000 17000
1000 569000
1000 716000
1000 103000
999000 455000
999000 403000
1000 92000
999000 57000
1000 260000
1000 880000
1000 200000
999000 484000
999000 371000
1000 934000
999000 697000
999000 528000
1000 136000
999000 394000
999000 939000
1000 4000
999000 500000
1000 750000
1000 513000
1000 811000
999000 773000
1000 208000
999000 360000
999000 97000
999000 212000
1000 729000
999000 289000
1000 341000
1000 228000
999000 924000
1000 308000
1000 692000
999000 133000
999000 718000
999000 830000
999000 144000
1000 319000
999000 921000
999000 731000
999000 489000
999000 543000
1000 89000
1000 157000
1000 942000
1000 545000
1000 251000
999000 60000
1000 451000
999000 249000
1000 292000
999000 611000
999000 781000
1000 911000
1000 686000
1000 225000
999000 450000
999000 836000
999000 472000
1000 966000
999000 778000
999000 365000
1000 691000
999000 426000
999000 244000
999000 779000
1000 998000
999000 487000
999000 751000
1000 467000
999000 169000
