100 100 71
675240 504149
485924 656545
726097 499352
576247 349846
753574 487198
427709 306605
580052 337249
441684 284682
686608 663453
710120 703082
409573 527279
448488 355708
614120 393127
454419 309502
706472 384448
445652 387890
699540 421135
597778 407237
577733 324115
639010 416677
283583 497792
435237 264180
283602 483706
300912 431162
700320 351766
601170 439656
585499 423749
501735 763743
561060 574722
634001 332606
686712 437201
293467 445424
620120 450684
321437 468202
640015 627491
576758 443765
856381 725595
724830 341315
582436 656486
356997 451845
296947 443326
768480 453567
715371 437483
611963 684400
398068 250628
169836 642968
388977 294089
425173 347587
454888 344753
650431 618098
648481 392762
309279 729802
625934 747734
437163 335861
736840 676501
720682 433631
684760 622998
451094 270567
733646 412318
645628 380990
744366 650349
645246 447987
552711 572896
514406 556789
692632 377216
602886 445988
409845 357809
449286 312095
352144 361803
373115 318031
712639 443307
722796 391396
423017 345614
719885 494084
403950 289205
379645 403439
714967 399672
622821 664661
492040 350935
708178 653323
373043 376673
447009 455987
716371 476851
702600 569525
695829 803630
698193 456723
591605 656393
717229 672322
731702 569597
682559 443436
808559 486946
665811 393333
614068 710537
750980 427755
591902 458598
579524 597069
333882 439433
615435 803534
592045 389611
597120 336655
775937 428219
409018 406105
609862 535929
521702 345531
132810 303249
220792 470769
917646 604799
476660 535223
299495 321602
433439 288871
311604 286317
730197 460649
953138 468464
491392 397841
465982 505239
451232 444976
509964 416902
648255 420283
427939 312912
606622 406296
369593 316518
453888 577708
714862 378105
489057 469072
609924 568712
238459 283802
695405 356744
776773 485540
766065 425245
181109 238977
603447 418499
445424 156966
340696 632338
660900 260144
647355 557140
568117 464567
534877 530897
283429 271506
544835 419147
691109 283589
338229 234002
517426 557487
486096 652214
367635 533639
771590 380732
710514 418938
657221 417185
411527 702684
445632 539247
631295 413948
239802 340729
435024 381850
302755 543341
512516 450914
720497 425626
572296 217529
467401 475487
613347 379827
367860 398176
646941 464768
424822 527727
439672 363588
329735 297880
793357 493782
402202 475863
682748 473488
564192 519402
423748 358899
574483 436593
606007 454515
880779 562006
323706 486986
664516 472548
325942 543771
303345 255280
362391 535561
458728 593901
410382 532619
363245 192922
412091 529420
623263 355396
318893 338854
492945 400024
342352 257835
522824 487478
488972 420886
552408 427951
481282 414196
860650 424783
549103 523168
410635 293839
456846 473940
351192 401267
702585 353268
668966 363384
533631 471809
756485 460591
565902 459524
663441 311955
696439 357155
508943 785547
880682 138352
425620 831092
504961 787871
502587 715832
366284 156251
747558 281054
401382 753507
613029 241474
716002 285459
556539 267645
532604 295905
496292 799694
581210 520097
511272 470025
413103 830294
857116 294437
486119 485663
498751 515441
436290 815228
535623 734622
538815 512914
426451 687221
742089 289729
302571 610068
459598 803750
515025 847962
449096 775415
439737 807055
451382 767496
408443 751042
489472 864492
423419 389721
478411 763769
445986 442970
516453 306697
504616 838714
462187 402199
382776 837947
549178 857084
735488 273900
353273 658459
449748 603114
577516 337187
515638 785469
487063 299307
460512 235639
419146 830188
477407 714541
407017 717144
833121 254639
461183 761611
732774 363116
564874 233629
456683 861370
495563 836981
402796 706168
467931 309016
713010 332159
414936 277737
772987 170156
506050 777920
466311 537339
426712 238652
841738 250230
405784 793119
856241 239621
417026 474023
291744 281704
542237 294539
447858 502635
