100 100 72
608666 549653
396040 842524
364468 770339
365864 788391
700771 538484
688925 639528
460007 360443
618835 534290
493445 829409
415572 762398
737278 530751
590559 354741
669291 456425
515302 410958
711757 510797
641921 665804
718395 547521
523462 185170
625688 465080
638619 572247
786817 381727
584721 336312
727104 635614
807175 660275
735766 469418
720258 487683
412100 752165
725782 535373
465146 431925
708554 474348
748753 508186
522807 469632
791266 573623
650920 585751
607807 642569
814183 411195
778846 556227
789708 437557
561763 335166
743703 343372
694464 519910
769474 530864
681229 533649
691649 462256
598348 510276
935961 503215
668525 610514
757456 675815
694079 480413
742971 420403
420134 323475
744530 473320
537427 727213
621947 519585
463754 763097
595764 374565
509677 266283
759332 519880
644578 608620
587980 621787
826145 304598
527718 471513
395889 853913
583067 570306
750490 735663
339429 377820
477545 777833
364480 798836
363912 756949
769102 326130
713761 466278
514596 747520
470915 758383
624376 659016
407158 795472
517938 457698
530181 271464
433572 320115
702885 450254
422847 729489
618207 409542
643318 520678
664869 551028
532688 307447
749221 489732
496024 625918
680881 612845
773126 439282
815458 518234
385880 266062
785383 409392
577645 502047
403555 391819
690955 517720
333833 378961
669166 586953
690750 386424
391822 312738
837975 298827
439351 338343
416516 526430
647299 739683
698863 621300
726970 332512
749433 712648
696808 676335
355173 404038
416079 696040
214020 440727
222413 466871
407770 434656
323010 823580
459503 482207
557128 377167
711542 393295
672230 355026
379099 307917
654384 258319
700110 261670
656800 490185
712840 139436
356940 434577
219315 388261
652275 246881
430278 392642
699293 188526
679030 435350
753328 200982
559979 495877
768582 358207
559887 445236
511788 561900
267051 568670
226354 455200
459737 651694
694248 387280
703494 690509
675745 577780
843940 332309
547324 740698
630245 601210
432841 516378
570607 471486
775394 844635
428645 472498
492336 548698
220018 423130
381189 827145
432825 452810
868445 420816
317344 799766
766529 291357
678656 266367
691127 602161
667398 642187
471111 494374
462495 439393
741124 281304
391901 451836
440346 501102
728091 256860
586712 205590
725176 647937
731173 613683
719297 489194
627774 685978
306157 433690
669262 384421
426349 803400
599689 574785
361373 746393
563507 605565
738453 776680
300664 411504
542605 447961
733365 767668
658327 407826
697501 681823
744848 366647
437471 614640
318127 632762
275281 431308
390160 430680
325995 742602
841091 838797
659932 585136
392606 509109
431544 880608
362693 325156
735988 313251
505097 414594
669463 337383
651121 559805
695270 667087
269606 408883
751328 694575
722903 737739
634414 520146
699205 343512
401050 544609
429742 358494
548380 211673
237035 422030
510778 226387
719282 546777
523656 497248
461540 422102
357988 568226
489055 371099
432937 215375
561133 586045
799385 506865
340664 448561
243088 457482
555005 579218
737267 554896
155064 682949
417498 451384
430144 257508
404083 259331
308579 536848
717151 567213
278298 396319
299613 386487
367533 394631
226515 392064
415130 331007
363301 582127
425702 368851
444984 360848
368266 275501
733245 578279
591918 483319
435613 361378
333452 558872
479397 214863
330722 492962
621236 511438
363134 409126
336278 595022
234910 415081
258274 491222
628887 326185
312655 528436
419977 275349
427901 413973
249302 483828
495955 250586
221572 318374
296838 484914
200524 300615
383435 366475
358379 453804
448431 230171
312974 404642
293409 467245
766195 431061
312079 508362
268635 384139
284074 378625
302081 523740
371333 339447
438677 278083
239831 420209
350076 335783
252560 348036
652474 580333
477863 318029
204822 363462
857281 491703
596053 384737
784958 375630
