100 100 11
653091 260797
334884 605083
213021 615186
222736 682054
663880 166385
218658 683733
349205 634368
312673 707612
365999 771790
628389 813239
379919 473651
380745 608030
467083 648156
516258 578196
685077 728175
304134 707050
663023 337477
329930 662419
313896 293916
202036 441385
540167 251505
382608 536652
447942 746920
295905 628163
371600 707498
455198 454131
143258 683838
375624 655592
311482 626982
727468 235639
372176 496852
666832 715724
278644 688031
238372 295708
585548 313299
744205 701738
445013 742059
365880 665070
283768 492332
446515 497172
644608 301800
645773 805522
746804 261929
455999 640520
229173 654166
296676 605892
591854 300118
615910 171327
683716 190461
281239 619878
576316 176333
708482 286519
296861 642890
294976 655931
307416 629283
397075 554910
646705 268879
16521 635661
467295 448455
323740 645440
635211 306751
181710 615138
580808 180517
708466 199385
342479 763795
672267 778344
702831 219493
49672 582930
237481 555869
140972 290960
685894 772121
252168 640617
657734 250392
290346 680088
600340 211202
478126 601499
675201 259393
734238 176102
303588 312196
183420 701968
270189 688051
635561 185074
547963 430539
170413 703138
621985 207860
614954 171919
283307 295826
318754 601156
673856 321365
291200 692910
422447 637581
314268 660801
521088 590620
274270 613547
407353 717555
643352 821990
576769 887109
637377 261342
645094 299454
323788 300231
397816 493611
484389 397791
466707 427792
388120 708909
407525 477283
628069 222387
235647 553500
427447 747720
536530 283187
271637 478560
209903 689316
324304 730443
355563 649306
440271 455992
499591 863499
592399 863571
570585 215744
369655 717520
208931 487213
447081 412907
131736 579047
502257 576033
497941 236073
508368 757622
413178 750665
383789 403383
383636 374809
387959 447911
419258 803413
452089 447512
206689 633488
497299 443825
426387 444964
452777 453508
347734 564904
287942 583409
509128 519345
342167 628798
353020 470354
175382 494436
594249 226072
624011 160695
403331 482640
487943 372711
251037 628548
390106 424087
405228 720069
287542 518661
438827 702900
555627 232746
396502 749329
377209 549831
839233 686479
138258 609090
174836 717915
372070 446414
365707 672401
309082 544705
93292 537686
328910 455280
350197 387091
357570 521415
575814 260388
471046 652583
375803 622664
470208 708233
500282 802440
546655 498058
72353 515678
862382 561252
320853 548797
410344 403291
448999 481588
278684 451027
422984 663346
126702 581555
305453 478379
437215 677428
229106 537210
137059 525042
699640 712058
384838 465093
344468 486592
327544 641462
842963 687417
362001 436953
573508 734407
171130 480135
514720 429160
587186 264919
152949 569208
653467 288020
356708 713732
413848 672914
309379 507986
415202 588321
416867 445018
298984 660483
383064 614847
454935 446044
591178 508549
664488 495978
843726 773936
600092 461757
893735 755920
248350 236387
596343 624406
721044 746229
502026 449436
489933 383190
844623 714148
