100 100 100
200000 995000
215000 985000
230000 975000
245000 965000
260000 955000
275000 945000
290000 935000
305000 925000
320000 915000
335000 905000
350000 895000
365000 885000
380000 875000
395000 865000
410000 855000
425000 845000
440000 835000
455000 825000
470000 815000
485000 805000
500000 795000
515000 785000
530000 775000
545000 765000
560000 755000
575000 745000
590000 735000
605000 725000
620000 715000
635000 705000
650000 695000
665000 685000
680000 675000
695000 665000
710000 655000
725000 645000
740000 635000
755000 625000
770000 615000
785000 605000
800000 595000
815000 585000
830000 575000
845000 565000
860000 555000
875000 545000
890000 535000
905000 525000
920000 515000
935000 505000
935000 495000
920000 485000
905000 475000
890000 465000
875000 455000
860000 445000
845000 435000
830000 425000
815000 415000
800000 405000
785000 395000
770000 385000
755000 375000
740000 365000
725000 355000
710000 345000
695000 335000
680000 325000
665000 315000
650000 305000
635000 295000
620000 285000
605000 275000
590000 265000
575000 255000
560000 245000
545000 235000
530000 225000
515000 215000
500000 205000
485000 195000
470000 185000
455000 175000
440000 165000
425000 155000
410000 145000
395000 135000
380000 125000
365000 115000
350000 105000
335000 95000
320000 85000
305000 75000
290000 65000
275000 55000
260000 45000
245000 35000
230000 25000
215000 15000
200000 5000
200601 994200
215601 984200
230601 974200
245601 964200
260601 954200
275601 944200
290601 934200
305601 924200
320601 914200
335601 904200
350601 894200
365601 884200
380601 874200
395601 864200
410601 854200
425601 844200
440601 834200
455601 824200
470601 814200
485601 804200
500601 794200
515601 784200
530601 774200
545601 764200
560601 754200
575601 744200
590601 734200
605601 724200
620601 714200
635601 704200
650601 694200
665601 684200
680601 674200
695601 664200
710601 654200
725601 644200
740601 634200
755601 624200
770601 614200
785601 604200
800601 594200
815601 584200
830601 574200
845601 564200
860601 554200
875601 544200
890601 534200
905601 524200
920601 514200
935601 504200
935601 494200
920601 484200
905601 474200
890601 464200
875601 454200
860601 444200
845601 434200
830601 424200
815601 414200
800601 404200
785601 394200
770601 384200
755601 374200
740601 364200
725601 354200
710601 344200
695601 334200
680601 324200
665601 314200
650601 304200
635601 294200
620601 284200
605601 274200
590601 264200
575601 254200
560601 244200
545601 234200
530601 224200
515601 214200
500601 204200
485601 194200
470601 184200
455601 174200
440601 164200
425601 154200
410601 144200
395601 134200
380601 124200
365601 114200
350601 104200
335601 94200
320601 84200
305601 74200
290601 64200
275601 54200
260601 44200
245601 34200
230601 24200
215601 14200
200601 4200
200801 995602
215801 985602
230801 975602
245801 965602
260801 955602
275801 945602
290801 935602
305801 925602
320801 915602
335801 905602
350801 895602
365801 885602
380801 875602
395801 865602
410801 855602
425801 845602
440801 835602
455801 825602
470801 815602
485801 805602
500801 795602
515801 785602
530801 775602
545801 765602
560801 755602
575801 745602
590801 735602
605801 725602
620801 715602
635801 705602
650801 695602
665801 685602
680801 675602
695801 665602
710801 655602
725801 645602
740801 635602
755801 625602
770801 615602
785801 605602
800801 595602
815801 585602
830801 575602
845801 565602
860801 555602
875801 545602
890801 535602
905801 525602
920801 515602
935801 505602
935801 495602
920801 485602
905801 475602
890801 465602
875801 455602
860801 445602
845801 435602
830801 425602
815801 415602
800801 405602
785801 395602
770801 385602
755801 375602
740801 365602
725801 355602
710801 345602
695801 335602
680801 325602
665801 315602
650801 305602
635801 295602
620801 285602
605801 275602
590801 265602
575801 255602
560801 245602
545801 235602
530801 225602
515801 215602
500801 205602
485801 195602
470801 185602
455801 175602
440801 165602
425801 155602
410801 145602
395801 135602
380801 125602
365801 115602
350801 105602
335801 95602
320801 85602
305801 75602
290801 65602
275801 55602
260801 45602
245801 35602
230801 25602
215801 15602
200801 5602
