? 8 225 262 314 353 535 655 701 721
? 8 226 247 479 529 567 612 685 704
? 8 225 303 314 353 494 535 660 721
? 8 47 199 211 213 251 460 558 768
? 8 69 85 158 484 550 580 724 742
? 8 218 442 556 604 645 700 720 778
? 8 156 223 424 508 514 521 530 552
? 8 33 197 228 335 581 650 716 762
? 8 108 296 409 437 486 670 698 710
? 8 223 272 424 468 493 508 514 614
? 8 7 9 93 356 574 583 774 775
? 8 17 32 68 193 215 230 258 439
? 8 121 139 194 283 350 485 790 793
? 8 64 120 151 431 532 668 675 739
? 8 45 56 63 287 370 548 564 669
? 8 28 37 51 128 157 254 472 633
? 8 152 200 206 257 505 578 667 705
? 8 94 110 126 178 275 345 463 485
? 8 34 92 244 294 355 553 558 706
? 8 46 183 225 240 331 377 390 674
? 8 15 87 212 264 312 361 478 613
? 8 53 134 192 384 557 593 690 780
? 8 276 296 437 486 525 647 698 710
? 8 109 276 437 486 525 670 698 710
? 8 11 218 307 569 604 677 723 778
? 8 20 158 445 484 550 580 608 742
? 8 114 193 385 537 615 728 745 747
? 8 50 315 357 456 599 627 759 792
? 8 60 246 248 259 295 477 594 638
? 8 81 112 160 163 175 282 561 656
? 8 97 201 348 458 466 555 559 732
? 8 242 315 381 456 599 627 637 792
? 8 14 46 68 183 204 258 377 674
? 8 97 168 198 417 563 630 732 785
? 8 147 164 169 268 332 502 624 758
? 8 64 120 130 347 412 431 668 739
? 8 36 142 185 260 288 524 685 715
? 8 72 304 408 430 461 630 687 689
? 8 138 191 290 296 327 587 684 729
? 8 49 82 172 232 249 305 344 510
? 8 190 286 443 629 640 741 759 787
? 8 36 125 142 185 221 260 288 715
? 8 71 89 125 221 260 360 625 715
? 8 55 74 92 103 155 294 421 513
? 8 72 198 408 430 630 687 689 785
? 8 50 190 357 443 531 640 741 759
? 8 276 336 378 455 525 544 647 699
? 8 174 236 237 328 435 490 601 798
? 8 259 454 489 516 551 621 678 722
? 8 81 112 160 163 175 282 481 656
? 8 60 222 295 307 405 569 700 794
? 8 174 236 237 328 401 435 750 798
? 8 36 71 185 247 260 524 567 715
? 8 193 230 238 439 500 537 695 747
? 8 0 123 191 290 298 366 428 770
? 8 47 199 211 213 251 358 460 768
? 8 217 345 488 498 504 673 725 746
? 8 3 26 128 141 154 364 635 653
? 8 21 261 362 400 533 540 565 643
? 8 226 351 425 479 529 612 685 692
? 8 5 7 9 145 203 583 595 775
? 8 24 271 447 476 512 543 547 719
? 8 276 296 486 525 587 647 698 710
? 8 29 38 343 500 605 634 672 752
? 8 109 208 242 378 456 544 627 637
? 8 109 208 242 336 378 455 544 637
? 8 24 41 80 196 447 448 507 764
? 8 114 451 500 615 697 728 745 747
? 8 24 252 271 447 448 476 547 719
? 8 272 440 493 508 514 614 680 761
? 8 28 37 128 157 254 472 633 635
? 8 301 397 470 562 589 642 708 786
? 8 95 111 195 224 518 609 713 798
? 8 30 237 293 299 328 401 750 754
? 8 20 106 273 278 445 515 550 632
? 8 67 86 118 382 386 509 522 590
? 8 106 273 445 515 517 536 625 632
? 8 0 138 143 191 290 366 406 542
? 8 24 41 80 196 448 507 764 769
? 8 64 151 328 435 490 601 619 675
? 8 11 73 307 584 620 677 723 778
? 8 137 192 210 216 266 311 413 603
? 8 78 93 356 444 474 574 663 774
? 8 12 132 136 243 264 318 478 782
? 8 11 60 307 405 569 677 680 761
? 8 40 101 338 495 528 659 667 736
? 8 32 301 374 470 562 642 708 786
? 8 45 56 63 370 548 564 577 669
? 8 108 123 159 220 298 419 684 714
? 8 18 44 102 270 433 592 602 751
? 8 15 39 87 212 312 361 487 613
? 8 165 177 197 228 526 650 716 762
? 8 124 239 292 368 376 415 510 534
? 8 54 263 316 321 338 379 429 434
? 8 209 227 382 436 454 509 678 722
? 8 64 120 151 412 532 570 631 675
? 8 67 118 227 337 382 454 509 522
? 8 91 146 162 426 527 622 711 718
? 8 53 311 384 407 557 593 690 780
? 8 64 120 130 188 347 431 668 739
? 8 94 110 126 178 217 345 463 485
? 8 7 342 365 392 399 583 585 775
? 8 82 141 305 344 389 635 652 753
? 8 15 136 264 318 340 411 694 782
? 8 4 122 152 206 360 362 705 789
? 8 38 291 326 497 634 665 672 752
? 8 18 181 182 270 467 661 662 749
? 8 102 111 195 224 270 518 609 713
? 8 106 273 278 445 515 536 625 632
? 8 6 45 287 346 396 669 735 743
? 8 121 178 274 275 349 485 491 626
? 8 115 136 164 243 502 590 624 644
? 8 76 100 261 400 575 616 618 756
? 8 226 351 479 529 612 641 685 757
? 8 171 226 288 441 586 641 692 757
? 8 25 80 252 423 507 526 566 650
? 8 210 266 311 375 396 557 607 780
? 8 31 49 124 127 323 410 520 576
? 8 2 27 70 95 527 609 750 797
? 8 3 26 154 325 358 364 653 768
? 8 53 192 210 319 384 413 593 780
? 8 77 214 269 334 380 387 422 666
? 8 39 207 212 233 312 487 519 755
? 8 8 65 167 250 253 410 418 702
? 8 14 43 46 225 465 655 674 701
? 8 209 227 259 436 454 664 678 722
? 8 86 115 164 243 386 590 624 644
? 8 148 219 313 316 321 333 434 703
? 8 218 442 556 584 645 686 720 778
? 8 281 339 359 420 438 471 628 696
? 8 289 330 397 470 481 589 727 734
? 8 79 300 350 447 543 626 719 793
? 8 324 352 393 402 404 554 651 763
? 8 10 231 336 352 455 544 554 699
? 8 20 85 158 484 550 580 724 742
? 8 45 56 287 346 396 564 669 743
? 8 15 87 212 312 361 478 487 613
? 8 99 367 432 476 479 512 704 776
? 8 31 49 124 292 368 376 510 519
? 8 114 385 537 615 697 728 745 747
? 8 1 12 132 180 354 478 480 598
? 8 123 159 191 220 298 419 714 770
? 8 13 91 146 426 560 588 711 796
? 8 59 69 283 484 591 649 724 790
? 8 36 142 185 288 524 685 715 757
? 8 19 184 204 373 492 496 545 726
? 8 65 74 84 232 395 410 520 600
? 8 94 121 126 139 194 283 485 790
? 8 1 87 256 361 478 480 598 738
? 8 193 343 451 500 695 697 745 747
? 8 121 178 274 275 349 491 626 673
? 8 53 192 210 266 311 413 593 603
? 8 341 362 429 446 533 549 565 643
? 8 88 190 286 436 629 639 741 771
? 8 3 26 154 325 364 457 635 653
? 8 14 19 43 235 465 496 655 701
? 8 5 7 9 58 145 203 595 775
? 8 16 134 241 329 372 384 475 690
? 8 171 281 306 394 441 499 586 760
? 8 26 103 279 284 294 513 753 791
? 8 11 218 307 604 645 677 720 778
? 8 214 256 277 310 335 363 453 581
? 8 115 132 136 243 318 386 590 624
? 8 73 218 322 556 584 620 723 778
? 8 47 199 211 213 251 355 460 558
? 8 88 403 417 563 597 664 748 785
? 8 41 196 414 448 491 507 764 769
? 8 26 74 141 279 284 389 513 753
? 8 217 345 498 571 673 676 725 746
? 8 25 80 252 271 423 507 526 650
? 8 81 112 160 175 282 330 481 656
? 8 55 74 84 103 232 421 513 753
? 8 272 440 468 483 493 514 614 680
? 8 28 51 128 157 179 388 472 633
? 8 32 374 439 470 562 708 777 786
? 8 153 287 311 346 375 396 607 743
? 8 239 303 494 511 534 654 683 721
? 8 154 234 342 365 399 457 523 585
? 8 42 81 112 163 175 282 385 656
? 8 29 114 451 500 672 697 745 747
? 8 83 201 393 449 469 617 737 799
? 8 61 66 135 511 683 707 766 784
? 8 15 48 233 318 340 411 487 755
? 8 60 222 295 307 405 569 761 794
? 8 51 82 128 141 305 344 389 652
? 8 4 122 152 206 360 578 705 789
? 8 29 38 343 605 634 665 672 752
? 8 339 380 420 422 438 471 628 696
? 8 18 102 181 182 270 602 749 751
? 8 106 122 273 360 517 536 625 632
? 8 252 271 432 476 512 547 719 776
? 8 66 135 147 169 683 707 766 784
? 8 62 156 223 424 508 521 530 552
? 8 30 113 174 293 299 328 401 754
? 8 53 192 210 384 413 557 593 780
? 8 38 326 343 497 634 665 672 752
? 8 134 161 192 216 319 413 593 603
? 8 21 104 142 261 288 400 540 756
? 8 208 242 378 402 456 544 637 651
? 8 119 255 297 506 611 645 691 700
? 8 235 262 353 494 511 535 654 655
? 8 36 185 247 351 567 612 685 704
? 8 173 303 314 390 494 654 660 721
? 8 199 211 213 251 358 459 653 768
? 8 59 69 85 484 580 649 724 742
? 8 218 569 584 604 645 720 778 794
? 8 156 424 468 508 514 521 614 680
? 8 33 214 228 277 335 453 581 716
? 8 276 296 486 525 587 670 698 710
? 8 272 440 468 483 493 508 514 614
? 8 7 93 356 399 474 574 583 774
? 8 17 32 183 215 301 374 439 562
? 8 121 126 139 194 274 283 485 790
? 8 64 120 151 431 490 601 619 675
? 8 59 69 194 283 591 649 790 793
? 8 45 56 449 469 548 564 669 799
? 8 28 37 78 157 254 388 472 633
? 8 152 200 206 257 505 578 667 736
? 8 34 47 244 355 460 553 558 706
? 8 32 46 68 183 215 240 374 377
? 8 15 39 87 212 233 264 312 487
? 8 53 134 192 241 384 593 690 780
? 8 109 276 378 409 437 670 698 710
? 8 109 276 336 378 409 437 544 710
? 8 11 73 584 620 677 720 723 778
? 8 20 158 445 515 517 550 580 742
? 8 114 163 193 385 537 615 728 747
? 8 190 286 315 443 640 741 759 787
? 8 246 248 259 477 594 597 638 748
? 8 81 160 163 175 282 481 561 656
? 8 201 245 348 404 466 555 559 737
? 8 286 315 456 599 627 741 759 792
? 8 14 43 46 225 240 377 674 701
? 8 83 97 168 198 458 617 732 785
? 8 147 164 169 268 332 489 644 758
? 8 64 120 412 431 532 570 601 675
? 8 36 185 247 567 612 641 685 757
? 8 72 83 168 304 391 630 658 733
? 8 108 123 159 191 296 419 684 729
? 8 51 82 172 249 305 344 389 652
? 8 190 286 315 599 640 741 759 787
? 8 36 89 104 142 260 288 715 757
? 8 36 71 89 142 221 260 524 715
? 8 55 92 103 279 294 421 513 791
? 8 72 304 408 430 461 630 658 689
? 8 286 315 456 599 640 741 759 787
? 8 276 336 378 455 486 525 647 699
? 8 81 112 163 175 282 385 656 777
? 8 60 222 307 405 569 677 761 794
? 8 133 236 237 435 490 682 781 798
? 8 36 71 85 89 247 524 567 715
? 8 17 42 193 385 439 537 615 695
? 8 0 123 191 220 298 428 714 770
? 8 199 211 213 251 358 460 558 768
? 8 463 491 498 571 673 676 725 746
? 8 3 26 141 154 364 457 635 653
? 8 21 261 400 446 533 540 565 643
? 8 226 351 367 425 479 529 641 692
? 8 7 9 145 203 583 642 774 775
? 8 24 41 252 271 447 448 547 719
? 8 150 276 327 455 486 525 587 647
? 8 38 230 238 343 492 605 634 752
? 8 109 242 336 378 402 544 637 651
? 8 109 242 336 378 402 437 544 637
? 8 24 25 41 80 196 252 448 507
? 8 114 451 500 615 695 697 745 747
? 8 24 25 252 271 447 476 547 719
? 8 11 307 677 680 723 761 778 794
? 8 28 37 78 157 254 472 574 633
? 8 18 102 195 224 518 592 609 713
? 8 30 155 293 299 328 401 750 754
? 8 20 158 278 445 515 550 608 632
? 8 67 86 118 382 509 516 522 590
? 8 20 273 278 445 515 550 632 705
? 8 131 140 143 187 290 366 406 542
? 8 24 41 80 196 252 423 448 507
? 8 64 120 151 435 490 601 619 675
? 8 11 73 322 620 677 680 723 778
? 8 53 137 210 216 266 311 413 603
? 8 7 9 145 203 444 474 583 774
? 8 115 132 136 243 318 386 478 624
? 8 301 374 397 470 562 589 708 786
? 8 45 63 153 370 427 548 564 577
? 8 76 105 159 220 298 419 714 770
? 8 18 102 202 270 433 592 602 751
? 8 15 87 212 312 361 487 613 788
? 8 165 177 197 423 526 566 636 650
? 8 49 124 292 368 376 415 510 519
? 8 54 263 316 321 379 429 434 703
? 8 209 227 337 382 436 454 509 722
? 8 64 120 412 532 570 601 631 675
? 8 67 227 382 454 509 516 522 551
? 8 91 146 162 426 588 622 711 718
? 8 134 384 407 464 557 593 690 780
? 8 130 188 347 431 501 619 668 739
? 8 94 110 126 178 217 275 345 485
? 8 5 234 342 365 392 399 523 585
? 8 82 141 172 249 305 389 652 753
? 8 15 132 264 318 411 478 480 782
? 8 4 106 122 125 221 360 705 789
? 8 29 38 265 291 343 634 672 752
? 8 176 181 182 202 467 661 662 749
? 8 18 102 111 195 224 518 609 713
? 8 71 106 122 273 360 517 536 625
? 8 6 45 56 396 407 469 669 735
? 8 121 139 178 274 275 349 485 626
? 8 115 132 136 164 243 386 624 644
? 8 76 100 104 285 575 616 618 756
? 8 226 351 425 479 529 641 685 692
? 8 226 529 586 612 641 685 692 757
? 8 24 25 252 423 473 507 526 762
? 8 137 210 266 311 375 413 557 607
? 8 31 49 124 127 207 323 510 519
? 8 27 30 70 95 401 609 750 798
? 8 26 211 213 325 358 364 653 768
? 8 53 134 192 210 216 319 413 593
? 8 77 214 334 339 380 420 422 666
? 8 15 39 87 207 212 233 487 755
? 8 65 167 250 410 418 520 576 600
? 8 14 46 225 240 331 353 377 674
? 8 209 259 436 551 621 638 678 722
? 8 115 136 164 243 386 502 624 644
? 8 20 273 278 445 515 550 608 632
? 8 11 73 218 442 556 584 620 686
? 8 281 320 438 546 582 628 671 765
? 8 58 301 397 470 589 642 708 786
? 8 79 300 350 447 543 649 719 793
? 8 348 352 393 402 554 555 651 763
? 8 231 336 352 455 462 486 554 699
? 8 45 56 287 346 396 669 735 743
? 8 15 87 212 233 312 361 487 613
? 8 99 309 367 432 476 479 704 776
? 8 114 193 451 537 615 697 728 747
? 8 1 12 118 180 354 478 646 744
? 8 76 159 220 298 419 428 714 770
? 8 13 91 98 146 560 588 711 796
? 8 59 69 194 484 591 649 724 790
? 8 36 89 185 247 524 567 612 685
? 8 184 326 373 492 496 497 545 726
? 8 65 84 167 250 395 410 520 600
? 8 110 126 139 194 283 485 591 790
? 8 15 264 318 361 478 480 598 782
? 8 178 274 275 349 491 626 673 769
? 8 53 192 210 216 319 413 593 603
? 8 106 122 273 278 360 536 632 705
? 8 21 261 362 446 533 549 565 643
? 8 88 190 286 629 639 731 771 787
? 8 3 154 325 364 365 457 523 635
? 8 19 43 373 465 496 545 655 726
? 8 5 9 58 145 203 595 642 775
? 8 281 306 394 438 471 499 582 671
? 8 55 74 103 279 284 513 753 791
? 8 222 295 569 604 691 700 720 794
? 8 1 214 256 310 363 453 610 738
? 8 115 132 136 243 386 590 624 644
? 8 11 73 322 556 584 620 723 778
? 8 47 199 211 213 355 460 553 558
? 8 403 417 563 594 597 664 748 785
? 8 274 349 414 491 626 673 764 769
? 8 26 74 284 305 389 513 652 753
? 8 217 463 488 498 571 676 725 746
? 8 24 25 80 252 271 423 448 547
? 8 81 175 282 289 330 481 656 727
? 8 74 84 232 284 305 389 513 753
? 8 184 272 440 468 483 493 514 665
? 8 32 42 215 301 374 439 562 777
? 8 153 287 346 375 607 669 735 743
? 8 303 314 494 511 535 654 660 721
? 8 93 234 342 365 399 457 523 585
? 8 42 81 112 163 282 385 656 777
? 8 83 324 449 469 564 617 737 799
? 8 61 66 129 169 683 707 766 784
? 8 48 129 233 340 411 623 694 755
? 8 82 128 141 172 305 389 635 652
? 8 4 106 122 206 273 360 632 705
? 8 77 334 339 380 420 422 471 666
? 8 18 102 270 433 518 602 749 751
? 8 20 106 158 445 517 536 550 625
? 8 99 271 432 476 512 547 704 776
? 8 135 147 169 189 229 268 683 784
? 8 156 223 424 508 521 530 552 614
? 8 29 38 291 343 634 665 672 752
? 8 53 161 192 210 216 319 413 603
? 8 104 142 261 288 400 540 616 756
? 8 208 242 378 456 544 637 651 717
? 8 119 506 604 611 645 691 700 712
? 8 33 228 277 335 387 398 581 716
? 8 53 134 161 192 384 593 690 780
? 8 5 7 9 145 203 392 583 775
? 8 31 49 124 207 233 292 368 519
? 8 201 324 348 393 404 466 737 799
? 8 105 108 159 220 298 419 714 729
? 8 144 217 345 463 488 498 504 746
? 8 131 140 143 187 369 406 503 542
? 8 190 286 629 639 717 731 771 787
? 8 72 304 391 452 464 630 658 733
? 8 69 85 158 484 580 649 724 742
? 8 2 149 162 527 541 622 718 797
? 8 55 92 103 279 284 294 513 791
? 8 212 312 361 487 598 613 738 788
!
209 597 664 403 748 408 689 779 461 430 416 630 72 304 391 464 733 452 658 407 557 780 384 690 475 241 329 372 134 593 53 192 319 161 210 413 603 216 137 266 311 607 6 735 396 56 669 45 287 346 743 375 153 63 370 548 577 564 469 617 449 799 737 324 393 763 402 651 208 242 637 544 378 336 455 699 109 437 710 276 525 486 647 587 327 138 290 0 191 366 406 187 143 131 140 542 116 150 462 231 10 427 369 709 503 783 772 670 698 352 554 348 555 404 245 201 466 559 97 458 88 198 168 732 785 563 417 83 687 
466 559
143 187
563 785
140 542
503 709
486 647
709 783
276 710
72 630
287 346
689 779
245 404
242 637
53 593
216 603
486 525
131 187
369 709
45 669
97 458
404 555
437 710
6 735
168 198
210 413
370 548
327 587
346 743
324 393
597 664
378 544
430 461
525 587
336 378
201 466
187 406
416 430
413 603
161 319
324 737
192 319
198 732
396 735
384 780
670 698
544 637
287 669
408 748
348 737
369 772
348 555
732 785
452 733
0 191
352 554
0 366
53 192
449 799
402 651
276 525
393 763
201 348
53 210
138 327
0 290
408 689
449 617
56 396
116 150
670 710
408 687
455 699
464 733
83 617
137 266
116 542
56 669
407 557
452 658
737 799
140 406
461 779
208 651
417 563
384 690
402 763
208 242
548 577
352 402
150 462
10 427
469 617
63 370
241 329
134 384
137 413
72 304
403 597
403 748
336 455
63 153
375 743
391 464
304 391
231 462
109 437
138 290
109 378
116 369
290 406
97 198
153 287
97 559
10 231
407 464
469 735
6 391
557 780
88 458
329 372
209 597
475 690
430 630
311 607
134 593
375 607
56 564
241 475
514 272 440 493 483 497 326 665 752 38 343 605 238 230 695 500 745 697 451 747 615 728 385 537 193 439 17 215 32 374 301 786 562 114 57 492 681 204 258 68 674 377 225 14 46 240 331 390 314 660 721 511 701 465 43 496 655 183 634 672 29 291 265 90 730 
43 465
615 728
660 721
14 46
314 660
272 440
204 681
29 672
665 752
225 377
14 240
57 492
697 745
451 747
14 225
230 238
32 215
634 672
377 674
377 701
331 390
301 374
326 497
451 697
265 291
272 514
497 665
240 331
483 493
465 701
17 439
272 493
90 730
57 681
68 258
343 605
655 701
301 786
500 745
68 674
57 238
465 496
385 728
615 747
193 439
38 343
193 537
38 634
204 258
230 695
385 537
291 634
500 695
38 752
238 605
17 215
32 374
32 562
68 183
483 497
314 390
90 291
114 451
511 721
355 553 558 460 47 199 251 213 211 768 358 653 
211 213
199 251
199 213
358 653
358 768
47 460
211 768
199 460
553 558
355 553
460 558
373 545 726 184 614 223 521 424 552 156 530 508 680 723 677 307 761 778 11 720 218 645 584 556 686 442 73 620 322 468 
11 778
307 761
424 521
545 726
218 720
307 677
556 584
223 614
424 552
468 614
73 620
156 521
373 545
218 645
218 584
442 686
556 686
322 620
156 530
720 778
184 614
223 521
184 726
680 723
677 778
156 508
73 584
677 680
508 680
641 757 288 142 
641 757
142 288
288 757
42 777 112 282 163 656 81 175 481 289 330 727 589 397 470 708 642 145 9 203 595 58 7 583 775 5 734 648 160 561 
289 481
7 583
470 708
583 775
9 203
81 656
9 145
589 727
330 727
203 595
289 330
42 777
163 282
112 282
58 595
282 656
397 470
727 734
160 656
175 481
5 775
330 648
42 112
397 589
145 642
7 9
397 642
81 175
160 561
794 569 222 60 405 295 477 248 297 606 119 740 255 506 691 611 700 450 712 538 16 186 594 246 638 259 678 722 604 
611 691
297 606
678 722
259 638
569 794
60 222
538 712
119 740
255 740
255 506
60 405
691 700
248 297
16 538
450 712
248 477
246 638
604 794
255 450
222 295
222 569
295 477
186 450
119 606
506 691
246 594
248 594
259 678
773 173 573 388 28 157 51 179 344 249 82 172 305 389 652 141 635 364 3 154 457 523 234 325 459 365 399 585 342 392 26 128 753 284 279 791 55 103 513 74 232 84 600 395 167 250 520 410 65 576 8 253 702 418 539 267 35 579 572 98 566 588 796 146 636 177 165 197 323 127 31 294 92 421 155 30 401 299 754 750 27 510 49 376 472 633 37 254 93 356 574 78 474 444 774 663 568 767 
3 154
249 344
146 796
103 513
365 399
65 576
267 539
234 523
410 520
74 232
299 754
65 520
572 579
92 294
51 179
98 579
299 401
127 323
92 421
35 579
364 635
250 520
342 585
82 249
82 172
579 588
172 305
342 392
37 633
305 389
299 750
444 774
30 401
399 585
84 600
78 574
35 267
279 791
253 702
444 474
177 636
165 177
141 652
253 539
279 284
65 323
51 157
98 566
55 103
49 510
568 767
474 663
376 510
55 791
8 253
389 652
28 157
28 472
173 773
472 633
55 294
93 254
457 523
3 457
35 636
141 635
344 510
474 574
389 753
31 127
167 250
93 356
84 232
37 254
388 773
179 344
588 796
365 457
37 574
234 325
128 652
3 364
30 155
28 388
418 702
155 421
325 459
167 395
8 576
165 197
26 141
395 600
568 663
173 573
284 753
74 513
27 750
586 171 394 441 575 618 76 285 383 105 159 220 714 298 770 428 795 371 419 684 296 108 729 123 760 499 692 666 422 77 334 387 420 339 380 471 671 281 306 
76 285
77 334
371 795
298 770
285 383
471 671
77 387
298 714
575 618
419 684
499 760
77 422
339 420
420 422
296 684
76 618
380 420
108 296
420 471
171 586
684 729
105 383
123 729
105 159
171 394
422 666
666 692
159 220
586 692
105 760
441 575
281 306
281 671
428 795
171 441
159 419
428 770
220 714
507 196 80 448 24 41 764 769 491 349 275 274 121 485 126 110 94 139 283 790 591 59 69 484 724 85 580 742 158 550 20 445 517 536 106 273 632 278 360 122 4 705 206 578 152 257 736 667 101 659 40 495 528 341 549 429 316 263 321 434 379 703 313 219 333 148 54 338 362 446 643 533 565 21 261 400 540 756 104 616 100 200 505 789 625 71 715 89 36 185 260 221 125 117 608 515 649 194 178 
400 540
20 445
200 505
321 434
21 565
106 273
89 715
196 507
349 491
59 69
54 338
362 446
4 122
122 789
24 448
106 536
85 580
484 724
263 321
69 484
40 659
379 434
158 550
495 528
491 769
273 632
20 517
104 756
36 185
20 550
152 578
515 608
278 632
261 400
94 110
4 705
274 275
121 485
125 221
263 316
219 333
341 549
158 742
341 362
101 659
536 625
40 495
446 643
517 536
764 769
533 643
21 261
178 275
283 790
591 790
316 429
580 742
41 764
110 126
206 705
221 260
85 724
80 448
200 578
275 349
219 313
122 360
152 257
59 649
126 485
71 625
260 715
667 736
550 608
41 80
540 756
80 196
429 549
257 736
117 125
206 578
54 263
121 139
434 703
313 321
121 274
71 715
194 283
565 643
139 283
36 89
106 360
148 313
59 591
101 736
257 341
616 756
100 616
436 227 454 382 509 522 67 86 590 386 243 136 132 624 644 164 502 694 169 707 66 766 784 683 129 623 48 340 411 755 318 264 15 87 212 487 312 613 361 598 256 738 453 335 716 581 33 277 228 650 762 473 25 252 271 547 476 512 543 79 350 793 300 432 704 99 776 479 351 529 226 612 567 247 524 685 719 447 626 423 526 398 309 367 269 425 214 788 1 363 610 696 359 23 107 50 357 315 759 599 456 627 792 381 546 765 320 280 409 741 286 190 787 717 731 629 639 771 640 443 531 628 438 582 310 354 12 39 233 207 519 124 782 480 478 147 268 229 189 19 235 262 535 353 494 654 303 534 239 415 292 368 61 135 332 758 115 118 180 646 744 308 516 551 621 489 62 337 
629 639
292 368
99 776
480 782
351 479
456 627
33 277
309 367
478 480
66 766
280 320
443 640
124 519
256 738
650 762
382 454
66 707
129 707
48 340
516 551
581 716
286 741
567 612
50 107
766 784
423 526
386 590
443 531
315 357
15 264
271 547
33 581
264 782
19 235
50 357
48 623
87 212
67 86
627 792
351 529
164 644
99 704
243 386
309 398
320 765
132 136
229 268
683 784
476 512
136 243
332 758
335 453
332 644
476 547
212 487
239 534
546 765
190 286
86 590
717 731
411 755
25 252
79 350
247 567
382 509
361 598
79 300
489 621
312 613
286 787
359 696
335 716
180 646
15 87
447 719
479 776
473 762
599 759
646 744
67 118
303 654
456 599
741 759
717 787
612 685
308 646
512 543
363 610
12 354
640 741
312 487
239 415
256 598
228 277
164 502
228 650
310 363
67 522
271 719
23 107
432 704
350 793
247 524
252 271
315 759
61 239
381 792
398 762
624 644
39 233
115 624
118 180
226 529
381 546
337 382
629 731
169 707
432 512
1 363
509 522
639 771
318 411
147 169
147 268
312 361
23 359
502 694
129 623
227 436
19 189
628 696
264 318
25 423
438 582
169 502
303 534
227 454
39 487
494 654
269 309
135 169
25 473
335 788
340 411
243 624
269 425
292 415
214 581
453 738
207 519
353 494
79 543
214 310
235 262
447 626
409 627
438 628
509 516
1 354
262 535
612 704
353 535
610 696
189 229
62 489
551 621
39 207
711 91 426 162 622 541 718 2 527 149 596 676 571 725 498 746 488 144 504 679 217 463 345 673 414 13 560 797 166 170 592 602 433 44 202 176 662 751 18 270 749 182 181 111 195 713 133 682 781 224 518 237 236 798 435 490 151 64 675 601 631 570 532 412 120 431 739 130 347 668 501 188 619 688 302 482 693 467 661 52 317 75 328 174 657 113 22 96 244 34 706 293 609 95 70 205 102 
130 739
467 693
181 182
130 347
682 781
217 463
601 675
570 631
504 679
541 718
431 739
18 751
236 798
188 501
302 688
435 490
111 195
217 345
188 619
412 532
541 622
64 151
91 711
174 328
433 602
182 749
22 96
18 270
144 504
130 668
120 675
144 488
34 244
18 102
501 668
532 570
217 488
13 560
224 518
64 675
195 713
195 224
120 431
270 749
91 426
44 433
602 751
151 490
176 202
166 797
149 596
174 657
596 676
244 706
2 527
2 718
498 746
111 181
162 426
133 682
174 293
70 95
149 797
571 676
661 693
166 170
170 592
52 317
426 622
498 725
592 602
202 433
601 631
414 673
149 541
176 662
488 746
113 657
328 435
52 668
236 237
181 205
22 113
673 725
13 414
236 435
482 693
224 609
237 518
133 713
302 482
75 317
571 725
188 688
22 244
95 609
