? 14 2 120 145 149 166 189 309 381 385 394 562 591 711 731
? 14 52 92 136 160 194 322 371 529 538 589 640 736 742 766
? 14 52 136 160 318 365 371 538 589 640 643 687 736 742 788
? 14 12 21 124 224 270 276 288 456 475 499 539 615 616 762
? 14 6 32 36 62 104 164 238 255 273 274 363 497 553 739
? 14 148 290 362 377 389 434 437 477 569 645 649 750 773 784
? 14 45 91 127 167 200 267 348 526 585 634 661 665 723 724
? 14 8 16 150 156 159 241 269 364 368 498 499 509 613 692
? 14 10 138 143 174 229 251 317 362 425 508 594 784 790 796
? 14 123 176 259 302 304 381 394 417 423 436 487 582 588 711
? 14 6 36 108 238 255 411 488 497 522 565 672 739 757 798
? 14 91 127 155 167 267 305 348 357 526 570 657 661 723 724
? 14 31 184 265 288 305 399 414 451 516 540 616 719 724 781
? 14 105 163 207 231 244 275 415 421 443 445 485 653 669 708
? 14 78 105 163 244 269 275 280 443 485 490 651 653 669 708
? 14 0 15 167 184 221 289 305 414 451 516 526 540 661 724
? 14 28 75 83 114 216 242 297 324 378 384 489 508 620 746
? 14 5 42 60 162 402 468 469 530 546 648 694 709 749 774
? 14 28 75 83 114 153 172 216 242 297 360 378 620 677 746
? 14 79 137 162 209 429 537 546 639 656 681 684 709 744 749
? 14 3 77 118 157 198 234 367 449 459 493 584 632 663 680
? 14 57 120 145 149 166 189 258 329 353 461 562 591 604 731
? 14 235 243 281 315 330 339 370 500 549 554 557 559 729 743
? 14 36 62 108 238 255 346 363 488 497 565 672 739 757 798
? 14 120 145 149 166 189 309 329 381 461 562 591 704 711 731
? 14 49 55 183 221 265 288 338 446 456 615 616 695 698 781
? 14 55 183 184 221 265 288 289 414 446 540 615 616 698 781
? 14 119 149 189 266 309 329 353 461 562 591 606 654 704 731
? 14 64 74 95 101 106 154 178 316 374 419 453 626 659 778
? 14 12 148 224 290 377 434 446 456 539 569 615 695 762 773
? 14 109 123 227 259 302 313 331 410 417 436 477 504 582 622
? 14 38 96 108 181 228 387 395 411 432 488 522 597 751 798
? 14 56 65 250 292 391 519 560 627 697 705 740 741 748 786
? 14 8 16 150 159 241 308 372 441 498 509 613 692 693 780
? 14 24 84 88 93 129 173 343 401 595 646 667 703 733 797
? 14 21 55 124 184 224 265 270 288 446 539 615 616 719 781
? 14 52 92 136 194 248 278 318 371 529 538 589 660 736 742
? 14 30 81 243 281 330 333 339 370 395 500 522 554 597 760
? 14 91 127 155 167 267 305 348 357 526 585 657 661 723 724
? 14 47 94 110 116 142 168 180 308 382 409 410 484 662 761
? 14 52 92 136 194 248 371 493 529 538 589 640 660 736 742
? 14 101 154 158 178 237 316 419 482 605 611 668 671 685 754
? 14 148 290 362 377 389 434 456 569 645 649 695 750 767 773
? 14 1 78 102 213 269 280 286 470 478 490 647 651 664 710
? 14 55 148 183 265 290 377 434 446 456 539 615 695 750 767
? 14 12 124 224 241 290 372 434 441 456 499 539 613 762 768
? 14 106 158 178 237 419 433 482 547 557 598 605 671 685 754
? 14 38 96 115 181 228 387 411 432 488 603 658 728 751 798
? 14 39 112 187 240 344 388 427 430 440 555 586 702 726 770
? 14 35 53 153 172 208 310 360 413 479 519 677 746 771 786
? 14 25 102 185 214 235 315 325 457 528 533 550 629 653 730
? 14 8 20 73 170 188 253 291 301 386 408 481 548 666 678
? 14 59 78 156 244 269 275 280 364 443 490 647 651 669 708
? 14 185 235 243 281 315 330 528 549 554 557 559 598 729 743
? 14 59 78 117 156 159 186 256 269 364 403 438 481 486 595
? 14 31 184 270 288 399 414 450 451 516 540 602 616 679 719
? 14 59 88 117 186 256 383 403 438 481 486 548 595 678 710
? 14 16 59 78 156 244 269 275 364 443 490 647 651 669 708
? 14 19 71 118 223 248 300 493 501 510 524 612 642 660 753
? 14 19 71 92 118 223 248 278 318 493 524 612 642 660 736
? 14 2 10 174 229 251 317 362 385 389 487 645 649 784 790
? 14 123 176 227 259 302 410 417 437 477 487 504 569 582 773
? 14 5 137 162 252 332 396 429 466 638 656 681 744 745 749
? 14 49 138 148 338 362 377 389 434 594 645 695 750 767 784
? 14 3 18 22 69 203 222 356 422 454 517 584 701 718 737
? 14 30 81 243 281 330 333 339 370 500 549 554 559 729 743
? 14 2 149 166 176 259 304 309 381 394 487 562 582 588 711
? 14 77 198 234 347 367 393 407 449 459 491 502 609 632 680
? 14 2 10 143 174 229 251 317 385 425 508 706 752 790 796
? 14 80 194 200 211 296 322 467 529 538 541 614 640 764 766
? 14 38 41 61 96 115 181 228 387 432 462 603 658 728 751
? 14 47 94 246 308 372 410 437 441 477 613 761 762 768 780
? 14 102 212 303 375 420 426 457 478 533 535 544 629 707 756
? 14 138 148 251 362 377 389 487 569 645 649 750 773 784 790
? 14 89 203 210 285 299 323 326 350 518 712 737 753 777 785
? 14 132 201 254 257 271 292 298 512 556 596 607 619 637 787
? 14 8 73 159 291 301 386 408 481 486 509 548 666 678 693
? 14 212 249 306 311 328 369 375 420 426 472 535 544 587 636
? 14 43 62 87 205 255 335 346 363 444 448 497 553 675 757
? 14 100 119 266 295 309 353 423 442 458 461 562 591 606 704
? 14 163 207 214 231 244 275 325 415 421 443 445 485 653 669
? 14 57 70 120 143 145 247 317 385 543 610 644 706 732 752
? 14 6 32 36 62 104 108 164 238 255 273 497 565 672 739
? 14 53 83 127 155 179 267 297 357 384 428 521 570 657 661
? 14 25 102 185 280 286 420 426 457 478 533 544 629 730 756
? 14 57 70 120 247 258 262 329 473 543 604 610 726 732 752
? 14 83 114 153 172 208 216 310 360 378 413 521 677 746 771
? 14 81 243 330 339 370 500 515 550 554 574 581 699 743 760
? 14 3 17 18 22 222 234 356 418 422 454 459 517 584 718
? 14 37 217 412 545 563 577 579 580 623 686 727 735 769 776
? 14 6 30 32 36 62 104 108 164 238 255 273 565 672 739
? 14 122 135 165 226 335 346 365 448 503 514 568 630 689 757
? 14 119 259 304 309 381 394 423 436 458 562 582 588 704 711
? 14 101 106 158 178 237 316 419 482 547 605 668 671 685 754
? 14 38 41 96 115 181 228 395 432 462 494 515 597 728 791
? 14 177 201 254 257 271 292 298 358 512 556 596 607 619 637
? 14 1 102 280 286 303 426 457 478 490 533 544 629 647 756
? 14 37 217 545 563 577 579 623 631 686 722 727 735 769 776
? 14 161 199 258 277 287 320 336 452 531 552 572 654 725 783
? 14 39 50 191 262 340 388 427 473 572 586 726 738 783 793
? 14 17 18 22 85 234 418 422 454 460 517 525 567 655 718
? 14 14 90 133 220 373 431 513 536 573 593 608 628 789 792
? 14 235 243 281 315 330 370 528 549 554 559 581 598 729 743
? 14 29 39 112 131 187 191 340 388 427 586 726 738 770 793
? 14 111 260 349 416 527 564 578 625 641 650 690 716 779 799
? 14 97 199 258 262 287 321 336 452 531 552 572 583 725 783
? 14 60 158 178 237 419 433 482 547 549 557 559 605 671 685
? 14 28 51 75 114 216 242 297 324 360 378 508 620 746 796
? 14 56 65 250 391 393 491 502 627 697 705 734 740 741 748
? 14 2 10 145 166 176 251 317 385 394 487 649 706 752 790
? 14 105 163 207 244 275 415 421 443 485 490 651 653 669 708
? 14 42 60 162 402 468 469 530 537 546 648 694 709 749 774
? 14 44 54 63 91 127 155 179 267 357 428 532 657 661 696
? 14 44 54 63 91 127 267 296 357 428 532 541 670 688 696
? 14 10 51 70 143 229 247 344 425 440 543 644 732 752 796
? 14 100 119 266 295 309 354 423 442 458 461 562 588 606 704
? 14 12 55 124 148 183 224 290 377 434 446 456 539 615 695
? 14 3 22 40 69 203 210 222 356 422 454 517 701 718 737
? 14 21 31 55 124 184 224 265 270 288 475 615 616 719 781
? 14 163 214 231 244 325 415 421 443 445 485 490 550 653 669
? 14 81 243 281 330 333 339 370 500 549 554 559 581 729 743
? 14 75 83 114 153 216 242 297 360 378 384 521 570 620 746
? 14 77 157 198 211 347 367 407 449 459 493 529 632 680 721
? 14 74 101 154 158 178 237 316 419 453 482 611 659 668 754
? 14 20 59 88 117 186 256 403 408 438 481 486 548 595 678
? 14 97 161 199 230 287 321 336 452 531 552 572 583 725 783
? 14 24 27 88 129 182 213 256 383 431 438 470 635 676 710
? 14 32 86 104 113 169 273 274 363 511 534 553 675 700 759
? 14 20 67 73 111 140 170 188 239 253 279 291 408 548 666
? 14 2 57 120 145 149 166 189 317 385 543 562 706 731 752
? 14 19 190 219 223 300 350 379 398 439 501 510 524 673 712
? 14 191 199 258 262 287 340 473 531 552 572 604 610 725 783
? 14 49 138 174 251 338 362 389 508 594 649 750 767 784 790
? 14 5 7 26 42 82 396 402 468 469 506 530 648 694 774
? 14 23 56 65 126 413 479 495 519 560 697 705 714 748 786
? 14 132 201 254 257 271 292 512 556 560 596 607 619 637 786
? 14 212 220 249 306 311 369 375 536 587 608 624 636 756 763
? 14 67 111 260 279 349 416 527 625 641 650 716 717 779 799
? 14 44 54 63 80 296 428 492 532 541 633 670 688 696 764
? 14 148 251 290 362 377 389 434 477 569 645 649 750 773 784
? 14 120 189 258 277 287 329 452 461 552 572 591 604 610 731
? 14 32 62 87 104 113 255 335 346 363 444 497 553 675 739
? 14 79 137 162 402 429 537 546 639 648 656 681 709 744 749
? 14 100 119 232 266 295 309 353 354 423 442 458 461 606 704
? 14 52 122 135 165 197 226 319 365 514 630 658 687 689 788
? 14 84 147 217 284 294 327 337 401 406 496 523 542 592 646
? 14 58 71 103 141 190 219 282 300 398 439 510 524 618 642
? 14 10 51 70 143 174 229 317 385 425 508 644 706 752 796
? 14 67 73 111 170 188 239 253 279 291 386 408 548 666 717
? 14 121 132 151 175 225 268 430 465 480 555 575 601 755 787
? 14 10 51 138 143 174 229 251 317 425 508 594 644 790 796
? 14 121 132 151 175 201 271 341 465 480 575 601 637 755 787
? 14 64 95 106 154 178 374 419 420 453 472 535 626 659 778
? 14 212 220 249 306 311 328 369 375 536 587 628 636 763 789
? 14 5 152 245 252 332 352 396 429 466 469 506 638 674 745
? 14 64 74 95 101 154 212 316 374 453 472 535 626 659 778
? 14 58 71 103 141 190 278 282 398 439 510 524 618 642 772
? 14 6 36 96 108 238 411 488 497 522 565 597 672 739 798
? 14 105 163 207 244 275 415 421 443 445 485 651 653 669 708
? 14 3 22 77 198 234 347 367 393 407 449 459 584 632 680
? 14 23 44 53 126 146 179 357 455 479 495 519 532 696 714
? 14 41 45 61 115 195 200 348 451 494 585 603 634 665 679
? 14 81 96 108 333 395 411 432 462 488 500 522 597 728 760
? 14 1 90 220 303 373 431 536 608 624 636 664 707 756 792
? 14 17 18 22 69 85 98 222 418 422 454 460 517 567 718
? 14 97 192 193 199 230 287 321 452 531 572 583 682 725 783
? 14 24 27 90 129 173 182 373 383 431 635 667 676 703 792
? 14 37 260 545 564 579 623 631 690 722 727 735 769 776 779
? 14 66 100 119 295 304 309 354 423 436 442 458 588 606 704
? 14 3 19 89 118 198 203 223 356 367 517 584 663 737 753
? 14 3 69 89 203 210 222 356 422 517 663 701 718 737 753
? 14 58 71 103 248 278 318 398 589 618 642 643 660 736 772
? 14 6 32 62 86 104 113 164 169 209 238 273 274 553 739
? 14 3 22 77 198 234 367 449 459 493 584 632 663 680 753
? 14 1 102 213 280 286 303 457 470 478 490 629 647 664 707
? 14 71 92 118 223 248 278 318 398 439 510 524 612 642 660
? 14 67 170 188 239 279 283 307 416 464 576 641 717 794 799
? 14 119 149 266 295 309 381 423 458 461 562 588 591 606 704
? 14 79 86 137 164 169 209 274 537 546 639 656 684 709 759
? 14 10 28 51 138 143 174 229 242 324 425 508 594 620 796
? 14 100 109 119 259 295 304 309 381 423 436 442 458 588 704
? 14 54 63 91 127 155 167 267 357 428 532 570 657 661 723
? 14 23 77 347 393 407 449 491 495 609 632 633 670 680 721
? 14 68 100 119 232 266 277 295 309 353 461 591 606 654 704
? 14 17 18 22 85 98 234 418 422 460 502 525 567 655 734
? 14 9 43 62 87 205 314 335 346 361 363 444 448 675 691
? 14 25 102 185 286 325 420 426 457 478 528 533 544 629 730
? 14 212 220 249 306 311 328 369 375 535 536 587 624 636 763
? 14 45 167 184 195 305 348 414 451 516 526 585 634 665 724
? 14 94 110 116 142 168 180 239 307 382 409 464 484 775 794
? 14 37 217 397 412 471 523 563 577 579 580 623 686 715 769
? 14 111 140 404 527 564 578 650 690 713 716 722 735 779 799
? 14 31 45 105 195 207 231 399 421 445 450 494 602 665 679
? 14 27 90 133 182 220 373 431 536 573 608 624 635 676 792
? 14 8 16 59 150 156 159 301 364 386 481 509 548 692 693
? 14 21 31 105 184 207 270 399 450 516 602 616 679 708 719
? 14 40 69 203 210 222 285 299 326 356 517 701 718 737 785
? 14 106 185 235 315 374 419 528 547 549 557 559 598 685 743
? 14 51 70 187 225 240 247 344 430 440 644 702 732 770 796
? 14 23 56 65 491 495 502 519 627 697 705 734 740 741 748
? 14 57 120 149 166 309 353 394 458 461 562 582 606 706 790
? 14 22 77 92 118 211 234 367 449 493 529 538 633 680 736
? 14 9 135 165 318 319 365 371 398 568 589 643 687 689 788
? 14 16 21 31 124 270 399 414 415 450 602 615 719 724 781
? 14 6 32 36 62 104 164 209 238 273 274 395 522 694 739
? 14 10 123 145 176 189 290 302 381 385 487 569 645 649 695
? 14 91 200 267 296 322 467 541 585 603 614 634 665 723 766
? 14 16 21 31 55 124 270 399 450 539 602 615 719 724 781
? 14 0 174 183 221 265 289 338 446 456 540 570 615 724 750
? 14 120 149 166 232 309 353 394 423 458 461 562 582 606 704
? 14 36 108 238 333 395 411 432 488 522 565 672 739 757 798
? 14 91 127 200 305 348 414 451 516 526 540 616 634 661 723
? 14 45 124 163 184 195 269 270 399 415 450 602 679 719 781
? 14 25 185 235 315 325 485 490 528 533 550 598 653 707 730
? 14 105 207 214 231 244 275 286 315 421 443 490 651 669 708
? 14 0 45 270 305 348 399 414 451 516 540 602 616 661 724
? 14 35 114 172 208 216 242 360 378 413 607 657 677 746 771
? 14 32 137 164 169 209 274 537 546 639 681 684 694 709 759
? 14 35 143 172 208 242 378 413 440 560 575 607 677 697 771
? 14 60 79 137 162 402 468 482 530 605 648 671 745 774 782
? 14 77 80 211 296 322 367 407 449 492 538 541 633 764 766
? 14 2 10 123 145 176 189 302 381 385 487 562 569 588 695
? 14 158 212 235 249 303 374 420 533 535 598 626 707 729 730
? 14 86 104 125 209 255 273 274 363 497 534 553 675 700 759
? 14 57 120 149 166 309 394 458 461 562 582 610 704 706 790
? 14 49 83 167 183 265 289 297 338 362 456 489 570 698 750
? 14 16 21 31 124 269 270 368 399 415 450 539 602 719 781
? 14 66 72 100 119 202 266 354 392 435 474 551 591 600 654
? 14 106 178 235 316 419 482 549 557 559 605 659 685 754 778
? 14 123 138 145 176 251 290 377 389 434 487 645 649 773 784
? 14 123 176 189 290 302 377 381 434 477 487 569 645 649 773
? 14 38 41 81 96 181 228 333 387 432 462 494 515 728 791
? 14 23 179 208 292 455 479 495 519 627 688 697 714 748 786
? 14 8 73 117 150 156 159 291 386 408 481 509 548 678 693
? 14 59 78 88 102 182 186 213 256 280 403 438 470 647 797
? 14 12 21 31 55 148 224 288 368 446 499 539 613 692 762
? 14 71 92 118 136 194 278 371 493 510 529 538 612 660 736
? 14 81 96 238 333 387 395 411 432 488 565 672 760 791 798
? 14 15 153 167 183 265 289 297 384 456 489 570 620 698 750
? 14 47 94 110 116 142 170 246 308 382 386 410 441 484 761
? 14 52 122 136 157 160 165 194 197 318 640 658 687 742 788
? 14 106 178 237 316 374 419 433 482 605 668 671 685 754 778
? 14 12 55 148 224 288 377 437 446 499 539 613 762 768 780
? 14 1 59 78 102 213 280 286 403 457 470 478 490 647 797
? 14 2 10 145 176 251 317 385 389 487 569 645 649 695 784
? 14 12 55 138 148 221 224 288 377 437 446 499 539 613 762
? 14 30 243 281 330 339 370 500 547 549 554 559 581 743 782
? 14 81 96 281 333 387 488 500 515 565 581 597 728 760 791
? 14 51 143 225 240 247 344 425 440 480 575 644 702 732 770
? 14 75 114 172 216 229 297 310 324 360 620 698 746 771 796
? 14 25 158 185 235 339 485 528 533 550 554 557 598 730 743
? 14 8 59 117 150 156 276 291 364 368 372 475 498 509 692
? 14 59 78 156 186 276 280 286 403 457 478 490 548 647 797
? 14 207 214 231 275 315 325 421 445 574 651 653 669 699 708
? 14 59 78 156 186 256 276 280 286 291 403 478 548 647 797
? 14 12 16 21 31 55 124 270 288 368 499 539 602 615 781
? 14 59 78 156 186 256 276 280 286 403 478 490 548 647 797
? 14 105 163 184 195 231 244 269 275 415 443 450 651 708 719
? 14 19 58 71 89 118 223 300 379 439 493 510 612 660 753
? 14 48 58 103 141 190 248 278 359 501 510 524 612 618 795
? 14 2 57 120 149 166 385 394 543 562 582 610 706 731 790
? 14 123 176 189 227 302 304 313 381 385 417 436 562 569 588
? 14 5 162 332 352 429 466 506 656 681 709 744 745 749 774
? 14 0 167 174 183 221 265 289 297 338 456 489 570 698 750
? 14 17 33 85 98 376 391 418 460 463 517 525 567 655 737
? 14 185 243 281 330 339 370 387 500 547 554 581 597 743 760
? 14 120 149 166 232 309 394 423 458 461 562 582 606 704 790
? 14 23 56 65 126 347 393 491 495 502 632 705 740 741 748
? 14 2 10 145 176 189 251 317 385 487 569 645 649 695 784
? 14 54 80 157 211 296 322 367 449 467 541 614 721 764 766
? 14 38 41 61 96 181 228 432 462 494 515 603 728 751 791
? 14 94 110 116 168 239 246 253 279 308 386 409 464 761 775
? 14 1 102 213 306 426 431 544 587 624 629 636 664 756 792
? 14 10 123 138 145 176 251 290 389 487 569 645 649 695 784
? 14 76 130 222 285 299 323 355 518 558 663 673 712 777 785
? 14 177 250 254 257 312 358 391 463 560 596 619 734 740 741
? 14 8 94 110 117 150 170 239 246 253 308 382 386 481 693
? 14 95 311 328 342 369 375 405 472 513 608 624 628 763 789
? 14 43 87 113 125 205 314 361 444 497 511 553 675 691 700
? 14 100 120 149 232 295 309 394 423 458 562 582 588 704 790
? 14 105 124 163 184 195 244 269 399 415 450 602 708 719 781
? 14 2 57 70 120 149 166 543 610 702 706 731 732 752 790
? 14 6 32 36 62 108 238 395 411 522 565 672 739 757 798
? 14 28 114 153 155 216 242 357 360 384 521 526 657 746 771
? 14 1 102 249 303 306 426 544 587 624 629 636 664 707 756
? 14 2 57 70 120 149 166 385 543 562 610 706 731 752 790
? 14 15 28 127 153 155 167 216 289 297 384 456 521 526 657
? 14 185 207 214 231 315 325 421 445 554 574 597 651 653 699
? 14 22 65 77 126 234 347 367 393 459 491 538 609 633 680
? 14 93 147 261 284 294 327 400 401 406 496 579 580 592 621
? 14 6 32 36 62 104 164 238 255 273 274 363 395 522 739
? 14 9 135 165 318 319 365 503 514 568 589 630 643 687 689
? 14 100 227 259 295 302 304 313 381 394 436 458 562 588 704
? 14 158 212 235 249 316 374 419 420 533 535 598 626 729 730
? 14 38 41 61 81 96 181 228 387 432 462 494 515 728 791
? 14 121 132 151 201 430 440 465 480 512 555 575 601 637 787
? 14 78 244 275 280 286 403 421 443 457 478 490 647 651 669
? 14 37 128 412 416 545 564 577 623 631 686 722 727 769 776
? 14 50 97 161 192 199 287 321 329 452 531 552 572 583 725
? 14 50 131 191 218 236 262 340 505 561 566 586 726 738 783
? 14 18 69 85 198 203 210 418 422 454 460 567 655 718 737
? 14 27 90 133 220 373 383 424 431 513 536 573 593 608 703
? 14 30 185 243 281 330 339 370 500 547 549 554 559 581 743
? 14 39 112 187 191 236 262 340 344 427 473 586 726 738 783
? 14 106 178 237 316 374 419 433 482 605 659 668 685 754 778
? 14 11 260 349 416 576 625 641 650 652 690 716 717 779 799
? 14 97 161 192 199 258 287 320 321 336 442 452 552 572 583
? 14 46 106 178 237 316 419 433 482 520 611 668 685 754 778
? 14 15 28 114 153 155 216 357 360 384 521 526 657 746 771
? 14 23 179 292 455 479 495 519 627 688 697 705 714 748 786
? 14 2 10 57 70 145 176 189 317 385 487 543 610 695 706
? 14 105 231 244 269 275 276 286 315 415 421 443 651 669 708
? 14 42 79 152 162 332 429 468 469 506 530 648 745 749 774
? 14 28 44 53 146 179 357 428 455 521 532 657 688 696 714
? 14 53 54 63 91 127 146 267 357 428 526 532 696 721 723
? 14 51 70 143 225 247 425 480 508 644 702 732 752 770 796
? 14 66 68 119 258 266 277 336 353 354 435 442 591 600 654
? 14 0 15 153 155 167 265 289 297 338 384 456 570 698 750
? 14 40 69 203 222 285 299 326 454 584 663 673 701 777 785
? 14 25 207 214 231 315 325 421 445 485 550 574 651 653 699
? 14 49 75 83 183 229 251 265 324 362 489 594 620 698 767
? 14 22 77 126 347 367 393 407 449 459 491 492 609 633 670
? 14 106 178 237 316 374 419 433 482 557 626 668 685 754 778
? 14 187 262 287 329 427 452 473 531 552 572 604 725 726 731
? 14 27 133 220 311 373 383 431 513 536 573 587 593 608 792
? 14 67 116 188 239 246 253 279 386 409 464 666 716 717 775
? 14 2 10 145 176 251 290 317 389 487 569 645 649 695 784
? 14 48 103 141 190 219 248 350 359 501 524 618 642 772 795
? 14 50 97 199 262 287 321 329 452 531 552 572 583 725 726
? 14 138 221 251 290 362 389 434 487 594 645 649 767 773 784
? 14 162 245 332 334 352 366 396 429 469 506 530 749 758 774
? 14 22 56 65 126 347 393 459 491 502 632 680 705 740 741
? 14 35 143 172 208 242 378 413 440 512 575 601 607 637 677
? 14 1 102 213 303 306 426 544 587 624 629 636 664 707 756
? 14 67 111 188 260 349 527 625 641 650 690 716 717 722 779
? 14 23 44 53 146 179 357 455 479 495 519 627 688 696 714
? 14 123 138 148 290 377 389 434 437 477 645 649 762 768 773
? 14 66 68 119 258 277 309 320 336 353 435 442 461 606 654
? 14 6 32 62 104 164 209 255 273 274 346 363 497 553 675
? 14 162 245 332 352 396 429 466 469 506 530 638 744 749 774
? 14 68 100 232 258 266 309 336 353 423 458 461 582 606 654
? 14 52 122 135 136 160 165 197 318 365 514 640 658 687 742
? 14 93 147 261 294 337 400 401 406 496 542 579 580 592 621
? 14 19 58 223 248 300 350 379 439 510 524 612 642 753 777
? 14 51 143 172 378 413 440 480 512 575 601 607 644 677 770
? 14 8 94 110 170 241 308 382 386 441 481 484 509 693 780
? 14 143 225 240 247 344 388 430 440 480 512 555 575 601 770
? 14 49 75 83 229 251 265 324 425 489 508 594 620 698 796
? 14 34 175 177 201 233 250 257 298 312 341 345 358 556 596
? 14 1 303 306 311 426 536 544 587 624 629 636 664 707 756
? 14 7 42 82 152 245 252 334 366 469 476 506 674 749 758
? 14 64 74 95 101 328 342 369 375 453 472 535 617 626 628
? 14 9 52 103 136 165 278 318 365 371 398 589 687 689 788
? 14 36 62 108 226 238 255 346 411 448 522 672 739 757 798
? 14 45 61 163 184 195 207 214 231 269 415 450 494 679 719
? 14 23 77 126 347 393 407 459 491 492 495 609 632 633 670
? 14 45 61 115 163 184 195 214 269 399 415 450 494 679 719
? 14 81 185 243 281 370 387 500 554 574 581 597 699 760 791
? 14 220 306 311 369 383 426 536 544 587 608 624 629 636 789
? 14 3 18 40 69 198 203 210 418 422 454 567 584 718 737
? 14 38 41 61 81 96 115 181 228 462 494 515 603 728 791
? 14 50 97 161 192 199 230 287 320 321 452 531 572 583 682
? 14 27 129 182 213 373 426 431 438 470 587 635 664 676 792
? 14 37 128 206 397 412 416 471 545 577 686 715 727 769 776
? 14 100 149 166 232 295 309 353 394 423 458 461 582 606 704
? 14 3 19 89 222 300 379 439 454 584 663 673 753 777 785
? 14 18 40 69 85 98 210 418 422 460 517 567 655 718 737
? 14 52 122 135 136 160 165 197 318 365 398 589 687 689 788
? 14 6 32 62 86 104 164 169 209 255 273 274 363 497 675
? 14 3 18 69 89 198 203 210 234 356 418 422 454 584 718
? 14 78 231 244 275 280 286 421 443 478 490 647 651 669 708
? 14 19 58 248 300 350 379 439 524 612 642 663 712 753 777
? 14 67 111 188 253 260 349 576 625 641 650 690 716 717 779
? 14 120 149 166 232 309 336 353 394 423 458 461 582 606 654
? 14 32 86 104 164 169 209 273 274 363 497 639 684 694 759
? 14 49 51 83 229 251 317 425 508 594 644 695 752 784 796
? 14 100 232 266 295 309 353 354 394 423 458 582 606 654 704
? 14 54 91 127 153 155 200 267 357 428 451 526 532 721 723
? 14 23 65 77 126 347 393 459 491 492 495 609 632 633 705
? 14 68 232 258 266 277 309 336 353 423 458 461 582 606 654
? 14 17 33 56 85 98 254 312 358 376 391 463 517 525 619
? 14 87 113 205 255 335 346 361 363 444 503 511 553 675 691
? 14 1 102 213 280 286 457 478 490 629 636 647 664 707 756
? 14 158 212 249 303 306 420 533 535 598 629 636 707 729 756
? 14 45 163 184 195 270 305 348 399 414 450 616 634 679 719
? 14 144 239 246 253 279 283 307 409 464 571 576 716 717 775
? 14 20 84 88 140 301 343 404 486 527 578 595 646 678 733
? 14 45 61 115 163 184 195 228 269 415 494 515 634 679 719
? 14 14 27 90 93 133 261 383 400 424 513 573 593 703 710
? 14 20 73 117 150 156 159 186 386 408 481 548 595 666 678
? 14 16 21 31 124 270 399 414 450 540 602 615 719 724 781
? 14 3 18 198 203 210 234 356 418 422 454 567 584 655 718
? 14 158 235 249 316 374 419 420 533 535 557 598 626 729 730
? 14 35 143 240 378 413 430 440 480 512 575 601 607 677 770
? 14 56 65 254 376 491 502 525 632 655 680 705 734 740 741
? 14 99 245 272 332 352 396 429 466 469 506 638 674 744 749
? 14 37 128 416 545 564 577 623 631 650 652 722 727 769 776
? 14 20 67 73 84 111 140 188 301 404 408 527 578 666 678
? 14 7 26 42 82 152 252 334 366 468 469 476 506 530 758
? 14 66 68 119 161 199 258 277 320 336 353 435 442 606 654
!
688 
200 127 
200 127
6 62 757 
6 62
62 757
505 
533 
732 702 752 70 
702 752
752 70
732 702
492 407 
492 407
564 
731 604 187 39 
187 39
731 604
604 187
8 509 
8 509
191 236 
191 236
539 12 
539 12
288 55 615 
55 615
288 55
290 773 434 377 437 
290 773
434 377
773 434
377 437
722 623 
722 623
592 
128 
429 
466 744 99 
744 99
466 744
95 
258 68 336 
68 336
258 68
529 736 92 493 
736 92
92 493
529 736
376 17 
376 17
735 416 650 779 690 
650 779
779 690
735 416
416 650
442 
270 616 305 516 348 414 
616 305
616 414
305 516
270 616
516 348
328 
754 237 685 433 668 
754 237
237 685
754 668
685 433
206 
611 26 
611 26
491 
32 
85 
131 
49 
721 670 
721 670
584 454 203 
584 454
454 203
472 342 
472 342
351 551 
351 551
241 
50 
593 763 
593 763
543 
574 315 
574 315
478 490 
478 490
557 
65 
441 382 170 484 94 308 246 110 
94 308
382 170
484 94
308 246
382 484
246 110
441 382
438 129 
438 129
737 
27 573 
27 573
93 261 
93 261
272 
428 
53 357 146 44 
357 146
53 357
357 44
536 220 608 
536 220
220 608
130 355 
130 355
798 411 
798 411
405 424 
405 424
657 714 
657 714
233 
134 683 
134 683
447 
263 139 314 691 
263 139
139 314
314 691
141 
464 239 409 279 283 
464 239
464 409
279 283
409 279
496 400 
496 400
559 
381 302 
381 302
22 234 680 198 
234 680
234 198
22 234
747 590 
747 590
421 
771 
138 620 75 324 310 
620 75
324 310
75 324
138 620
499 762 613 
762 613
499 762
401 579 337 406 
337 406
401 579
579 337
554 
156 
232 423 394 266 
232 423
232 266
423 394
294 
319 643 107 9 
107 9
643 107
319 643
695 145 784 
145 784
695 145
282 
544 
320 161 591 
161 591
320 161
111 641 625 260 
625 260
111 641
641 625
716 
460 
664 587 426 306 
664 587
426 306
587 426
517 
259 711 392 
259 711
711 392
566 321 
566 321
98 
114 746 360 242 
746 360
360 242
114 746
205 
677 172 
677 172
372 
313 304 227 436 
304 227
227 436
313 304
658 
700 
91 723 267 
91 723
723 267
430 555 388 480 225 240 
388 480
388 240
480 225
555 388
430 555
154 
651 669 
651 669
473 329 726 262 
726 262
473 329
473 726
788 
740 
72 
780 148 768 
780 148
780 768
163 415 
163 415
634 
171 46 476 
46 476
171 46
791 653 325 
653 325
791 653
224 
395 
143 440 
143 440
794 483 
794 483
335 
594 389 645 
389 645
594 389
334 
663 
222 785 
222 785
639 169 759 86 
759 86
169 759
639 169
678 73 150 117 481 693 
73 150
481 693
678 73
150 117
117 481
71 
729 
659 
655 
90 
397 
380 
793 
67 188 717 
188 717
67 188
734 748 
734 748
223 19 753 439 
223 19
753 439
223 753
140 578 527 
578 527
140 578
186 548 
186 548
474 
398 
278 660 510 612 58 
510 612
612 58
278 660
660 510
344 247 
344 247
311 624 789 628 
624 789
789 628
311 624
76 
103 618 190 
618 190
103 618
83 265 698 
265 698
83 265
173 24 327 
24 327
173 24
16 31 
16 31
507 390 
507 390
463 33 
463 33
166 461 
166 461
253 
54 532 
54 532
576 
106 482 605 
106 482
482 605
589 
521 
632 
215 196 
215 196
477 
312 391 
312 391
341 
487 317 
487 317
402 137 
402 137
565 238 
565 238
750 446 
750 446
284 
101 617 
101 617
796 
743 782 
743 782
219 
144 
790 562 
790 562
563 
115 
231 214 207 445 
214 207
207 445
231 214
661 451 
661 451
443 275 
443 275
756 636 629 303 
636 629
756 636
756 303
418 
399 719 450 269 
399 719
450 269
719 450
679 
331 4 
331 4
758 
254 
286 
666 404 408 159 20 301 
404 408
20 301
666 404
404 20
408 159
368 276 364 498 
364 498
276 364
368 276
168 
185 485 528 550 
185 485
528 550
485 528
705 
180 142 
180 142
708 
378 208 35 607 413 
208 35
378 208
607 413
378 607
787 132 121 151 271 
787 132
121 151
132 121
132 271
622 504 109 
622 504
622 109
662 
84 
583 199 
583 199
307 
28 216 
28 216
511 113 
511 113
538 118 
538 118
250 257 619 177 
257 619
619 177
250 257
537 546 709 681 656 
546 709
709 681
537 546
681 656
343 
51 644 
51 644
373 635 710 676 
373 635
373 710
710 676
195 
74 
5 
155 
778 178 419 316 
419 316
778 178
778 419
192 
733 
627 519 479 393 495 23 
495 23
627 519
519 479
393 495
519 393
699 81 
699 81
775 
540 724 
540 724
7 
370 
777 
287 
345 
14 
300 642 379 
300 642
300 379
299 
359 
526 
291 
356 3 210 
356 3
3 210
501 772 
501 772
432 751 
432 751
383 431 792 
431 792
383 431
588 417 
588 417
326 701 
326 701
333 
585 296 322 541 467 
296 322
296 467
322 541
585 296
452 552 
452 552
292 786 
292 786
682 
147 621 
147 621
739 36 522 
739 36
739 522
193 293 
193 293
229 
45 184 
45 184
738 340 
738 340
596 
609 459 633 77 
459 633
609 459
633 77
255 363 
255 363
795 48 
795 48
427 586 783 
586 783
427 586
534 
244 105 
244 105
152 
386 
153 
671 60 79 
60 79
671 60
614 766 157 194 
614 766
766 157
766 194
741 
606 353 
606 353
667 703 
667 703
375 158 374 
375 158
375 374
13 
38 672 603 
38 672
672 603
87 
523 
425 
102 213 182 470 
102 213
213 182
182 470
697 
97 230 
97 230
218 
162 774 745 530 
162 774
774 745
774 530
728 515 494 181 228 41 61 
181 228
41 61
228 41
728 515
515 494
515 181
558 285 
558 285
770 
116 
371 
761 
462 96 
462 96
346 
249 212 420 535 
212 420
249 212
420 535
297 384 
297 384
595 
561 
665 
179 455 
179 455
149 706 610 57 120 
149 706
57 120
610 57
706 610
718 422 69 18 40 
18 40
718 422
69 18
422 69
567 
309 582 
309 582
626 453 64 
626 453
453 64
486 
581 500 243 
581 500
500 243
251 508 
251 508
34 175 
34 175
338 456 174 183 
174 183
338 456
456 174
89 
235 
56 502 
56 502
167 570 15 289 489 0 
15 289
289 489
570 15
167 570
489 0
725 531 572 
531 572
725 531
769 776 37 545 412 727 
545 412
776 37
545 727
769 776
769 545
204 264 
204 264
715 
514 448 
514 448
597 760 387 
597 760
760 387
133 513 
133 513
1 
119 
274 209 273 104 164 
274 209
104 164
273 104
209 273
2 649 
2 649
108 
25 
684 694 
684 694
638 
488 
358 
571 
330 549 547 339 30 
549 547
339 30
547 339
330 549
704 
100 295 354 
100 295
100 354
277 654 435 
277 654
654 435
553 675 497 
553 675
675 497
560 
730 
256 88 
256 88
475 692 
475 692
281 
707 
197 165 687 52 318 365 
687 52
197 165
165 687
318 365
52 318
11 349 631 652 
631 652
349 631
11 349
648 468 42 
648 468
468 42
444 361 
444 361
765 720 
765 720
369 
221 362 767 
221 362
221 767
580 
248 524 
248 524
10 176 189 385 
10 176
10 189
189 385
696 
799 
125 43 
125 43
458 
217 686 471 
217 686
686 471
520 
135 689 503 630 
503 630
135 689
689 503
646 713 
646 713
525 
457 280 647 78 
647 78
280 647
457 280
598 
63 80 764 449 367 211 
764 449
80 764
764 367
764 211
63 80
245 674 
245 674
600 202 66 
202 66
600 202
122 
602 124 
602 124
323 518 
323 518
755 268 
755 268
123 
542 
640 742 136 160 
742 136
742 160
640 742
112 
599 
252 
21 781 
21 781
637 201 556 298 
637 201
201 556
556 298
506 469 749 352 
506 469
469 749
749 352
82 
47 410 
47 410
347 126 
347 126
403 59 
403 59
673 350 
673 350
577 
332 
797 
366 
568 
575 601 512 465 
601 512
575 601
512 465
29 
396 
712 
226 
569 
