? 5 132 311 526 673 799
? 5 11 255 358 457 798
? 5 196 289 615 760 797
? 5 229 301 715 720 796
? 5 254 458 472 790 795
? 5 66 80 381 400 794
? 5 137 202 410 467 793
? 5 8 351 413 780 792
? 5 271 450 502 594 791
? 5 166 254 412 565 790
? 5 173 347 440 763 789
? 5 92 110 548 669 788
? 5 28 128 214 325 787
? 5 221 408 543 644 786
? 5 123 127 360 782 785
? 5 331 395 586 777 784
? 5 121 142 180 310 783
? 5 127 131 360 782 785
? 5 18 157 312 569 781
? 5 347 688 759 763 779
? 5 19 245 505 542 778
? 5 222 395 586 777 784
? 5 113 131 209 452 776
? 5 232 662 666 667 775
? 5 279 319 601 631 774
? 5 77 238 263 587 773
? 5 8 57 134 772 780
? 5 76 213 302 443 771
? 5 394 465 705 743 770
? 5 21 177 267 665 769
? 5 109 281 417 729 768
? 5 229 301 720 767 796
? 5 139 345 390 685 766
? 5 308 433 567 682 765
? 5 148 448 502 602 764
? 5 68 173 347 763 779
? 5 147 191 313 718 762
? 5 121 142 310 761 783
? 5 122 125 615 723 760
? 5 160 688 693 759 779
? 5 24 32 305 500 758
? 5 19 224 354 532 757
? 5 171 284 655 745 756
? 5 29 290 556 687 755
? 5 100 188 275 746 754
? 5 50 211 256 681 753
? 5 81 436 593 730 752
? 5 184 197 323 663 751
? 5 118 202 306 636 750
? 5 7 155 343 375 749
? 5 362 534 627 654 748
? 5 230 402 462 559 747
? 5 16 70 284 745 756
? 5 111 250 309 488 744
? 5 296 465 705 743 770
? 5 35 127 147 742 785
? 5 110 174 253 482 741
? 5 172 384 571 594 740
? 5 167 434 539 657 739
? 5 187 299 560 614 738
? 5 113 676 714 737 776
? 5 266 273 285 710 736
? 5 95 403 624 701 735
? 5 119 485 536 557 734
? 5 237 272 523 658 733
? 5 236 372 403 701 732
? 5 157 312 569 604 731
? 5 81 310 436 730 752
? 5 20 281 282 486 729
? 5 41 225 366 516 728
? 5 84 204 425 511 727
? 5 54 140 159 645 726
? 5 310 504 650 725 761
? 5 126 288 396 544 724
? 5 122 125 536 557 723
? 5 193 221 408 455 722
? 5 247 534 597 598 721
? 5 78 229 404 715 720
? 5 107 149 288 544 719
? 5 170 287 562 645 717
? 5 66 350 352 504 716
? 5 78 404 715 720 796
? 5 209 452 714 737 776
? 5 302 475 495 698 713
? 5 510 527 574 700 712
? 5 26 129 566 694 711
? 5 226 266 273 710 736
? 5 173 235 440 709 789
? 5 44 319 321 509 708
? 5 71 75 370 390 707
? 5 357 528 574 690 706
? 5 296 394 705 743 770
? 5 192 513 674 699 704
? 5 119 454 470 485 703
? 5 183 295 435 473 702
? 5 343 403 701 732 735
? 5 133 278 527 553 700
? 5 335 630 674 699 704
? 5 241 246 590 638 697
? 5 423 474 514 640 696
? 5 189 205 595 695 705
? 5 26 184 566 694 711
? 5 633 688 693 759 779
? 5 34 210 364 522 692
? 5 216 414 422 563 691
? 5 15 349 357 444 690
? 5 60 112 219 270 689
? 5 290 397 556 686 687
? 5 290 382 397 686 687
? 5 16 284 328 353 684
? 5 243 466 483 657 683
? 5 431 659 677 681 753
? 5 12 239 418 680 765
? 5 75 322 371 379 679
? 5 111 309 494 617 678
? 5 367 431 659 677 681
? 5 73 113 123 676 737
? 5 50 211 286 435 675
? 5 179 192 513 674 704
? 5 132 217 429 526 673
? 5 33 63 307 588 672
? 5 28 35 214 577 671
? 5 13 105 424 576 670
? 5 10 43 329 490 669
? 5 40 300 367 431 668
? 5 144 662 666 667 775
? 5 144 232 426 666 667
? 5 21 177 342 665 769
? 5 164 213 545 643 664
? 5 184 197 323 656 663
? 5 144 386 662 666 667
? 5 95 369 542 624 661
? 5 198 207 430 545 660
? 5 50 295 659 681 753
? 5 413 523 618 658 733
? 5 243 539 657 683 739
? 5 129 184 323 656 663
? 5 171 183 286 655 756
? 5 433 477 567 627 654
? 5 0 22 626 635 653
? 5 336 470 582 620 652
? 5 225 420 474 628 651
? 5 192 513 650 674 725
? 5 21 150 267 478 649
? 5 112 258 327 393 648
? 5 149 461 533 549 647
? 5 25 141 153 268 646
? 5 135 140 287 645 726
? 5 221 408 644 722 786
? 5 164 213 372 643 664
? 5 74 158 194 445 642
? 5 21 175 342 641 665
? 5 257 423 474 514 640
? 5 293 397 421 556 639
? 5 241 365 590 638 697
? 5 13 424 576 637 670
? 5 0 621 626 635 653
? 5 132 409 429 579 634
? 5 293 340 442 633 693
? 5 98 114 385 632 731
? 5 227 279 562 631 774
? 5 276 630 674 699 704
? 5 47 516 531 629 728
? 5 225 474 516 628 651
? 5 362 433 477 627 654
? 5 22 626 635 644 653
? 5 164 198 207 315 625
? 5 65 95 498 624 735
? 5 138 248 291 323 623
? 5 85 316 391 415 622
? 5 0 297 621 626 635
? 5 336 454 470 620 652
? 5 331 461 596 619 777
? 5 413 523 618 658 792
? 5 58 252 427 494 617
? 5 55 295 346 373 616
? 5 122 380 615 760 797
? 5 187 299 570 614 738
? 5 209 452 573 613 776
? 5 17 79 200 438 612
? 5 157 459 486 568 611
? 5 155 292 512 579 610
? 5 79 417 438 609 612
? 5 51 98 219 250 608
? 5 107 288 396 544 607
? 5 302 352 475 606 771
? 5 17 79 195 605 612
? 5 233 312 479 604 731
? 5 97 261 436 546 603
? 5 271 448 502 602 764
? 5 45 279 319 355 601
? 5 18 171 399 600 758
? 5 202 326 410 599 750
? 5 38 237 597 598 721
? 5 223 344 584 597 598
? 5 46 461 596 619 647
? 5 189 205 207 595 625
? 5 450 571 594 740 791
? 5 81 180 387 593 752
? 5 118 202 592 636 750
? 5 13 359 424 591 670
? 5 241 353 365 590 638
? 5 44 94 405 555 589
? 5 7 155 375 588 672
? 5 238 240 348 587 773
? 5 160 567 585 759 765
? 5 223 299 570 584 614
? 5 74 200 311 438 583
? 5 185 336 470 582 652
? 5 318 338 363 520 581
? 5 496 510 527 553 580
? 5 130 512 579 610 634
? 5 297 453 463 578 589
? 5 35 123 146 577 671
? 5 13 105 316 576 670
? 5 53 179 335 575 704
? 5 349 357 574 706 712
? 5 25 151 314 573 613
? 5 6 52 96 538 572
? 5 299 570 584 614 738
? 5 157 312 569 731 781
? 5 157 459 568 611 781
? 5 389 398 507 528 564
? 5 169 414 422 563 691
? 5 227 279 562 631 717
? 5 53 141 303 547 561
? 5 230 340 442 462 559
? 5 168 401 439 558 699
? 5 290 397 556 687 755
? 5 44 92 321 555 589
? 5 251 345 378 487 554
? 5 496 527 553 580 700
? 5 5 484 517 530 552
? 5 5 72 304 456 551
? 5 36 42 178 419 550
? 5 92 110 483 548 788
? 5 53 179 335 547 575
? 5 164 198 430 545 660
? 5 107 288 544 607 719
? 5 166 221 408 543 786
? 5 19 369 505 542 778
? 5 70 241 246 383 541
? 5 135 170 287 540 645
? 5 54 56 539 726 739
? 5 118 218 537 592 636
? 5 67 317 445 476 535
? 5 97 222 533 549 647
? 5 30 224 330 532 757
? 5 47 516 531 628 629
? 5 9 83 407 484 530
? 5 124 190 239 411 529
? 5 389 507 528 564 706
? 5 496 510 527 553 700
? 5 61 322 371 379 525
? 5 59 172 260 384 524
? 5 237 523 618 658 733
? 5 210 337 364 522 551
? 5 48 106 318 520 521
? 5 278 318 338 520 581
? 5 4 122 377 519 723
? 5 266 269 464 509 518
? 5 5 304 517 551 552
? 5 407 423 514 515 696
? 5 257 423 514 640 652
? 5 204 324 425 511 727
? 5 496 510 527 580 712
? 5 269 464 509 518 708
? 5 11 212 255 283 508
? 5 480 507 528 564 755
? 5 14 78 181 506 796
? 5 245 369 505 542 778
? 5 66 80 350 400 504
? 5 85 334 415 426 503
? 5 271 502 602 764 791
? 5 2 103 150 493 501
? 5 256 431 500 668 758
? 5 62 339 388 404 499
? 5 65 409 498 624 634
? 5 222 395 497 586 777
? 5 58 111 494 617 678
? 5 2 150 199 493 501
? 5 22 252 368 482 492
? 5 37 41 366 491 728
? 5 23 154 168 242 489
? 5 177 251 378 487 554
? 5 20 201 486 611 729
? 5 119 485 582 703 734
? 5 9 337 484 530 552
? 5 243 466 483 669 683
? 5 58 174 252 253 482
? 5 12 239 411 481 682
? 5 29 249 290 480 507
? 5 60 233 479 604 608
? 5 148 267 478 649 769
? 5 308 433 477 627 654
? 5 67 165 458 472 476
? 5 257 474 628 640 651
? 5 183 359 435 473 702
? 5 334 367 471 503 662
? 5 49 102 176 185 469
? 5 101 204 324 425 468
? 5 137 271 410 450 467
? 5 99 243 466 657 683
? 5 297 421 453 463 578
? 5 461 533 549 596 647
? 5 197 323 428 460 751
? 5 157 459 568 569 611
? 5 165 458 472 476 795
? 5 11 264 358 457 798
? 5 297 453 463 578 635
? 5 122 196 377 451 519
? 5 271 450 467 502 791
? 5 31 69 89 217 449
? 5 1 39 68 143 447
? 5 25 116 149 274 446
? 5 74 158 194 445 535
? 5 15 120 249 349 444
? 5 76 302 372 443 771
? 5 170 406 441 562 717
? 5 87 168 439 489 558
? 5 167 324 434 437 468
? 5 261 436 546 603 730
? 5 183 211 435 675 702
? 5 56 167 434 539 739
? 5 308 433 477 567 765
? 5 88 277 356 432 560
? 5 256 431 500 677 681
? 5 132 217 429 634 673
? 5 197 291 323 428 460
? 5 22 368 427 492 617
? 5 144 426 503 666 667
? 5 421 556 639 687 755
? 5 102 225 257 420 651
? 5 42 75 370 419 550
? 5 12 124 190 418 680
? 5 109 156 417 609 768
? 5 67 163 416 476 510
? 5 85 391 415 426 622
? 5 413 523 618 780 792
? 5 166 282 412 565 790
? 5 124 239 411 481 529
? 5 137 326 410 450 467
? 5 132 369 409 429 634
? 5 221 408 455 644 722
? 5 407 515 530 552 696
? 5 94 402 405 518 589
? 5 78 388 404 715 720
? 5 95 236 403 732 735
? 5 402 405 462 559 747
? 5 154 168 335 401 489
? 5 18 312 399 600 781
? 5 293 397 556 686 687
? 5 126 396 544 607 724
? 5 296 307 394 705 770
? 5 27 258 327 393 648
? 5 86 338 363 376 392
? 5 139 345 370 390 707
? 5 78 339 388 404 499
? 5 81 180 387 593 783
? 5 96 152 386 471 662
? 5 51 98 114 385 632
? 5 172 260 384 571 740
? 5 29 290 382 686 687
? 5 276 381 630 699 794
? 5 91 138 380 615 760
? 5 61 322 379 525 679
? 5 162 251 378 487 554
? 5 86 294 363 376 392
? 5 7 155 292 375 749
? 5 117 187 223 344 374
? 5 55 105 346 373 616
? 5 76 213 236 372 443
? 5 71 371 525 679 707
? 5 345 370 390 554 707
? 5 22 252 368 427 492
? 5 300 367 471 668 677
? 5 70 241 365 541 590
? 5 337 364 517 522 551
? 5 86 338 363 392 581
? 5 235 362 534 627 748
? 5 24 60 82 305 361
? 5 123 131 360 782 785
? 5 13 359 424 473 591
? 5 15 349 357 690 706
? 5 88 277 356 363 432
? 5 43 159 227 280 355
? 5 19 224 265 354 757
? 5 302 352 475 606 713
? 5 8 57 351 780 792
? 5 203 238 240 348 587
? 5 160 235 347 763 779
? 5 251 345 370 390 554
? 5 117 344 374 597 709
? 5 343 430 545 701 749
? 5 49 185 341 469 582
? 5 5 339 388 404 499
? 5 338 363 392 520 581
? 5 337 364 484 517 522
? 5 179 335 575 699 704
? 5 334 426 471 503 662
!
203 30 330 348 240 238 587 773 263 333 90 147 742 35 718 762 191 46 313 127 785 782 131 776 209 452 714 737 113 676 73 146 577 613 573 314 151 25 268 646 153 141 303 3 561 274 446 116 360 123 396 126 724 607 107 544 288 719 149 647 549 533 97 603 261 461 596 619 77 128 28 
288 719
116 446
46 191
238 240
718 762
238 587
107 544
107 288
274 446
123 360
107 607
549 647
126 724
461 596
268 646
126 396
461 647
533 549
396 607
127 313
77 128
113 737
209 452
782 785
151 314
25 314
3 303
313 718
360 785
149 719
209 613
240 348
452 714
90 147
147 742
153 646
191 762
127 785
573 613
147 718
113 676
314 573
261 603
131 782
587 773
35 742
30 330
30 203
596 619
209 776
263 333
28 128
313 396
97 533
149 647
146 577
141 303
303 561
141 646
263 773
25 268
714 737
73 146
77 773
131 776
90 263
25 274
73 676
97 603
203 348
614 299 570 584 223 597 598 721 247 14 234 351 780 792 413 523 733 237 272 658 618 38 8 57 134 208 188 100 746 275 754 4 377 519 723 536 557 734 119 485 703 470 582 185 49 469 176 102 420 651 225 628 474 640 423 514 257 696 341 652 125 122 760 615 797 196 289 259 380 451 772 
176 469
100 746
377 519
780 792
4 377
49 469
100 188
618 658
119 485
536 723
275 746
188 208
299 614
485 703
523 733
423 514
223 584
299 570
237 733
225 651
413 792
746 754
102 420
125 723
257 423
536 557
470 582
423 640
8 57
122 125
470 652
259 289
420 651
14 234
628 651
102 176
474 640
351 780
474 628
185 582
570 584
523 658
272 733
122 760
598 721
413 523
196 797
615 760
8 780
38 413
519 723
57 134
4 754
49 185
196 289
8 772
615 797
134 208
119 734
223 597
377 451
185 341
14 570
597 598
640 696
536 734
470 703
234 351
380 760
247 721
668 300 115 367 677 
115 300
367 677
300 668
367 668
133 278 318 48 64 581 338 363 392 86 206 108 210 522 364 337 376 294 72 456 551 304 5 517 552 
72 294
456 551
304 456
337 364
5 304
278 318
338 581
86 392
108 206
363 392
48 318
133 278
338 363
376 392
318 581
72 456
364 522
210 522
517 552
5 517
206 210
294 376
86 206
48 64
228 
306 750 636 202 118 592 599 326 410 137 467 450 271 791 594 571 740 384 172 260 524 59 502 602 448 148 478 267 649 258 393 648 327 27 764 793 
271 450
172 260
571 740
327 648
172 384
118 202
636 750
502 602
258 393
502 764
267 649
450 467
326 599
267 478
137 467
448 602
594 791
571 594
271 791
202 750
148 448
137 410
306 750
384 740
118 592
260 524
271 502
137 793
326 410
393 648
148 478
258 448
202 599
59 384
27 393
466 99 511 425 204 324 468 437 727 84 101 218 537 
204 324
204 425
425 511
84 727
425 727
84 101
324 468
101 218
99 466
437 468
99 511
218 537
465 47 531 629 516 41 366 728 
41 366
531 629
41 516
516 728
47 531
516 629
47 465
634 409 
409 634
65 498 624 
65 498
65 624
496 580 34 692 215 
496 580
34 692
34 580
215 580
769 21 665 342 641 175 177 487 378 251 554 345 370 390 707 71 371 679 379 322 572 6 538 52 96 386 152 662 667 666 144 426 503 334 471 415 85 391 622 316 105 55 373 616 346 295 576 232 775 525 61 75 419 42 550 766 139 685 162 178 
21 665
175 641
251 554
373 616
391 622
55 373
378 487
21 769
144 666
251 378
162 178
346 616
85 415
342 641
666 667
144 426
152 386
6 572
322 379
390 707
345 554
139 766
342 665
42 550
177 665
391 415
139 685
6 538
52 96
334 471
370 390
662 667
232 666
71 707
61 525
345 370
334 503
295 346
162 554
177 487
55 105
75 419
386 662
71 371
96 386
667 775
105 316
345 766
6 52
42 419
426 503
105 576
371 679
415 426
75 370
379 679
379 525
316 622
322 572
743 770 705 394 307 33 136 63 83 9 292 155 375 7 749 343 610 672 588 296 695 189 595 207 198 660 430 545 93 164 625 315 205 
205 315
155 375
430 545
588 672
430 660
189 595
198 207
743 770
198 660
207 625
7 375
164 198
705 770
63 136
189 695
307 394
315 625
33 136
33 307
207 595
296 307
9 83
394 705
7 749
155 292
83 292
292 610
63 83
343 749
33 672
695 705
93 660
680 12 239 124 190 529 411 481 418 
124 190
124 239
124 529
12 680
418 680
12 239
411 529
411 481
497 222 777 586 784 395 331 265 354 757 224 532 19 542 778 245 505 369 661 
395 784
586 784
245 778
222 777
369 505
245 505
586 777
224 757
19 542
542 778
331 586
354 757
19 354
265 354
265 331
222 497
224 532
369 661
604 233 479 60 112 689 270 219 608 51 98 114 632 385 250 309 488 744 111 678 494 617 427 22 653 626 644 221 408 722 455 193 543 786 0 635 621 297 453 463 578 361 82 305 24 32 758 500 256 753 50 211 675 286 655 171 756 745 284 16 684 328 353 70 541 241 365 590 638 697 246 383 183 435 702 473 214 787 325 671 431 681 659 
114 632
82 361
328 684
488 744
246 383
455 722
385 632
193 455
219 608
233 604
211 675
16 684
22 427
241 541
590 638
171 756
24 32
246 541
241 365
24 305
16 284
221 644
297 453
309 488
82 305
183 435
297 463
51 98
284 745
70 541
621 635
365 590
50 211
221 408
626 653
353 684
50 753
659 681
408 722
32 758
51 608
286 655
111 309
221 786
183 286
233 479
51 250
431 681
70 745
286 675
494 678
270 689
0 635
745 756
256 500
171 655
256 753
435 702
250 309
60 112
0 653
256 431
183 473
325 787
112 689
638 697
214 787
60 361
494 617
98 114
463 578
427 617
408 543
22 653
500 758
214 671
219 270
60 479
111 678
297 635
214 473
626 644
546 436 730 752 81 180 387 783 121 142 761 310 713 475 698 495 302 76 443 372 213 643 664 236 403 735 95 732 701 771 352 606 716 66 400 80 350 504 725 650 513 192 674 704 630 276 381 179 53 547 575 335 699 794 593 
192 513
53 547
674 704
495 698
80 400
95 735
475 698
475 713
236 403
643 664
80 350
302 475
121 142
76 443
192 674
66 400
180 387
350 504
335 575
276 630
142 761
76 771
310 761
53 179
179 575
372 443
179 192
335 699
436 730
630 704
213 372
121 713
81 180
121 783
352 606
730 752
76 302
66 716
513 650
650 725
352 475
701 732
81 752
236 732
180 783
436 546
352 716
593 752
381 630
236 372
504 725
213 643
403 735
400 794
484 530 407 515 
484 530
407 515
407 530
796 715 720 404 78 388 339 499 62 186 88 356 277 432 560 738 187 374 344 117 145 143 39 447 106 521 181 506 
277 356
88 356
39 143
715 720
560 738
106 521
187 738
404 720
78 404
339 388
88 432
339 499
117 145
143 145
715 796
432 560
388 404
62 499
117 344
186 388
39 447
88 186
106 145
181 432
506 796
187 374
344 374
130 579 512 89 69 449 31 217 673 429 132 526 799 311 74 642 583 200 438 612 79 17 605 195 609 417 156 768 216 691 414 422 262 563 169 
526 799
414 422
79 612
512 579
216 691
414 563
69 89
414 691
438 612
195 605
69 449
132 429
17 79
200 438
169 563
156 417
429 673
31 69
217 673
17 605
130 579
417 768
74 311
311 583
74 642
89 217
132 526
89 130
262 422
200 583
200 216
311 799
79 609
417 609
166 790 254 795 458 472 165 565 412 282 729 281 109 20 486 201 611 459 157 569 731 781 312 18 399 600 568 
281 729
254 790
459 611
20 486
201 486
157 569
458 472
18 399
165 472
18 312
565 790
166 790
282 412
157 459
20 729
568 611
569 731
412 565
458 795
282 729
569 781
109 281
312 781
486 611
254 795
399 600
476 67 535 445 158 194 317 416 163 510 527 553 700 520 712 
158 194
527 553
67 476
553 700
163 416
510 527
67 535
445 535
317 535
510 712
158 445
67 416
163 510
520 700
483 683 243 657 739 539 56 135 287 645 726 140 159 54 244 280 329 10 43 490 669 355 601 45 319 321 44 227 279 631 562 717 170 406 441 774 540 434 167 
10 329
244 280
54 159
280 329
43 280
140 726
140 159
44 321
490 669
43 490
243 657
54 244
243 683
406 441
170 406
319 321
287 645
45 601
135 287
167 434
539 739
645 726
657 739
562 717
43 355
279 631
140 227
434 739
562 631
135 540
56 539
227 279
319 601
355 601
170 717
279 774
56 135
483 683
91 138 248 623 291 428 460 197 323 663 656 751 184 694 711 566 26 129 37 491 220 
694 711
26 129
138 248
323 663
197 323
248 623
26 566
428 460
566 711
291 623
37 491
656 663
197 751
184 751
91 138
197 460
184 694
291 428
37 566
220 248
199 182 150 493 501 103 36 2 104 40 
493 501
40 104
150 493
182 199
2 493
150 199
36 103
103 501
2 104
229 767 301 454 336 620 
336 620
229 767
301 767
336 454
454 767
433 567 308 682 765 
682 765
433 567
308 682
308 433
708 509 464 269 283 212 508 255 11 231 264 358 798 457 518 266 273 710 226 736 285 298 
266 273
212 283
358 798
457 798
11 255
269 464
231 264
464 518
11 231
266 736
464 509
273 710
266 464
255 508
283 508
226 273
509 708
285 298
285 736
269 283
255 358
359 591 424 13 670 637 
424 591
13 670
13 424
359 591
13 637
398 389 564 507 480 249 15 444 120 349 690 357 29 755 528 706 574 
357 690
349 690
120 444
15 444
389 398
249 480
29 755
389 564
389 528
15 249
29 480
15 349
507 564
528 706
480 507
574 706
320 161 332 58 482 253 174 741 110 548 788 92 555 589 94 405 252 492 368 
252 492
368 492
174 253
94 405
174 741
548 788
94 589
253 482
110 548
161 332
92 555
252 482
161 320
58 482
58 332
555 589
110 741
92 788
401 154 168 489 23 242 558 439 87 
154 401
168 489
23 489
154 168
23 242
87 439
439 558
168 558
421 556 687 290 382 686 397 293 633 340 442 230 559 462 747 402 693 688 759 779 763 68 1 347 235 362 627 654 477 748 534 440 709 789 173 160 585 639 
173 789
462 559
402 747
534 748
440 709
230 442
688 693
340 442
160 585
556 687
477 654
290 382
688 759
1 68
397 686
759 779
627 654
340 559
290 687
686 687
763 779
293 397
340 633
293 633
633 693
235 362
293 639
235 440
362 627
347 779
68 763
462 747
235 347
160 347
440 789
421 556
362 748
