? 9 145 502 85 773 572 146 530 69 534
? 9 622 89 93 391 5 315 4 482 181
? 9 697 430 70 449 201 199 163 32 761
? 9 388 196 762 450 226 164 507 559 301
? 9 466 458 62 87 765 389 9 333 433
? 9 237 585 607 527 401 492 44 144 536
? 9 742 377 190 152 372 771 183 318 207
? 9 2 558 624 41 618 481 102 467 629
? 9 454 26 471 91 113 83 592 347 681
? 9 674 208 166 35 798 397 51 704 780
? 9 360 329 739 320 78 717 583 473 149
? 9 153 589 718 431 389 780 215 353 397
? 9 656 545 443 230 472 171 779 473 665
? 9 368 483 253 323 175 45 605 104 158
? 9 739 360 583 717 785 76 365 329 172
? 9 700 494 646 426 553 451 193 468 352
? 9 14 467 514 481 272 565 343 211 614
? 9 117 675 277 538 451 522 703 787 222
? 9 608 86 649 735 463 356 511 570 115
? 9 455 653 665 472 779 128 679 724 229
? 9 133 548 385 551 426 533 646 347 352
? 9 315 334 181 93 622 671 89 465 758
? 9 238 129 489 24 533 193 446 553 426
? 9 549 43 567 216 659 705 362 123 724
? 9 377 771 742 372 318 190 152 183 101
? 9 174 525 512 313 475 249 273 198 225
? 9 73 740 637 50 406 125 192 743 612
? 9 66 271 54 796 423 195 268 276 327
? 9 677 349 418 726 712 440 48 178 555
? 9 21 436 618 614 514 720 200 758 467
? 9 255 497 344 71 143 60 24 489 562
? 9 363 709 151 250 361 251 402 65 791
? 9 730 721 586 797 476 182 727 728 326
? 9 321 591 18 31 457 749 503 91 733
? 9 609 429 774 708 714 382 722 725 578
? 9 18 457 321 591 31 731 648 749 733
? 9 554 199 761 683 201 70 752 606 273
? 9 135 587 386 324 470 256 448 292 120
? 9 292 566 209 324 587 297 764 543 112
? 9 359 477 499 433 747 313 9 236 765
? 9 362 104 6 43 659 549 216 253 369
? 9 744 777 703 143 522 19 337 497 344
? 9 591 321 31 18 749 503 457 91 733
? 9 216 549 123 43 567 362 154 261 659
? 9 45 323 395 633 368 175 483 253 304
? 9 682 211 481 102 407 624 629 272 467
? 9 484 496 88 179 47 197 352 326 551
? 9 334 181 315 671 790 93 465 636 173
? 9 797 730 721 727 476 79 8 672 182
? 9 122 53 667 768 254 333 711 501 15
? 9 139 319 131 240 51 505 339 350 707
? 9 460 657 284 638 635 22 569 508 546
? 9 419 261 555 154 712 440 123 410 418
? 9 242 282 285 748 212 435 480 17 550
? 9 544 438 290 625 680 543 341 408 764
? 9 196 762 388 450 226 317 644 301 164
? 9 581 22 69 638 460 508 336 409 572
? 9 476 728 39 586 797 245 721 730 79
? 9 183 152 207 372 190 742 377 766 453
? 9 70 199 761 697 201 430 554 449 752
? 9 393 336 378 357 444 159 291 248 74
? 9 234 462 339 51 111 319 240 397 139
? 9 440 349 712 261 419 555 418 677 48
? 9 231 63 375 165 629 269 539 141 102
? 9 652 97 626 75 342 767 719 119 736
? 9 768 122 53 501 15 667 286 254 783
? 9 126 655 140 641 524 417 642 376 34
? 9 738 367 306 749 16 33 664 503 733
? 9 437 82 660 387 40 557 634 542 346
? 9 379 48 726 345 561 178 716 751 294
? 9 481 467 14 514 272 211 682 624 2
? 9 32 163 449 387 606 752 430 201 697
? 9 519 114 570 356 735 184 463 115 608
? 9 779 472 665 545 171 653 656 230 443
? 9 735 356 570 115 86 608 519 59 114
? 9 277 675 538 117 451 60 497 468 553
? 9 635 546 460 638 657 713 284 254 22
? 9 367 503 300 306 738 160 681 592 749
? 9 619 617 474 107 751 294 561 606 395
? 9 705 679 567 229 549 659 43 128 724
? 9 690 94 799 59 351 776 30 729 669
? 9 580 3 155 217 620 220 110 243 569
? 9 584 203 517 383 603 714 745 597 56
? 9 461 441 661 486 233 541 789 173 384
? 9 243 579 162 155 620 220 184 110 146
? 9 764 290 209 543 625 566 544 112 292
? 9 11 398 10 577 594 601 28 170 400
? 9 8 792 672 79 96 797 727 366 39
? 9 161 505 704 131 64 214 244 319 0
? 9 24 489 446 238 71 129 255 533 471
? 9 357 378 291 74 444 741 789 296 393
? 9 353 215 185 718 589 153 15 593 783
? 9 655 140 126 524 417 641 376 34 775
? 9 181 334 315 671 790 93 173 636 622
? 9 648 293 731 218 219 457 668 235 640
? 9 259 401 684 258 44 204 527 594 28
? 9 780 431 397 153 589 166 798 208 674
? 9 409 381 444 336 384 393 630 378 4
? 9 137 662 366 96 759 792 672 61 552
? 9 101 318 55 693 309 560 771 611 311
? 9 597 267 108 532 92 517 262 603 383
? 9 322 480 270 781 17 432 615 658 772
? 9 10 398 11 601 28 594 577 310 170
? 9 718 589 215 153 353 431 185 389 593
? 9 633 434 395 45 332 488 304 756 323
? 9 477 359 499 313 433 747 765 9 711
? 9 529 795 46 442 495 136 515 348 421
? 9 202 312 447 526 42 252 547 523 668
? 9 408 341 625 83 290 544 438 764 680
? 9 211 682 481 407 272 467 624 102 14
? 9 757 346 660 561 542 294 716 345 748
? 9 771 377 318 742 372 611 101 190 693
? 9 534 159 118 518 794 530 248 130 611
? 9 253 368 483 323 175 45 158 104 369
? 9 470 257 135 448 256 210 685 587 600
? 9 223 186 0 214 299 373 305 64 150
? 9 511 86 608 649 130 735 611 706 356
? 9 784 316 696 753 766 311 760 560 453
? 9 773 572 145 69 502 508 85 569 146
? 9 441 461 661 486 233 541 173 384 789
? 9 281 358 732 504 20 132 276 268 616
? 9 599 485 478 521 734 576 136 737 552
? 9 128 229 679 455 699 705 653 665 412
? 9 504 20 281 732 358 4 132 276 616
? 9 621 109 236 627 723 9 697 433 157
? 9 732 281 358 504 276 268 20 195 54
? 9 714 203 609 708 584 429 517 603 725
? 9 459 187 687 264 36 112 680 297 543
? 9 746 793 84 788 537 513 228 509 786
? 9 474 617 619 606 752 201 32 163 107
? 9 300 306 367 246 160 738 681 592 503
? 9 4 391 20 630 622 93 504 381 89
? 9 482 5 698 595 415 528 694 758 686
? 9 185 353 215 593 718 589 153 303 431
? 9 769 488 332 428 756 434 633 445 124
? 9 337 19 344 562 777 143 744 516 324
? 9 791 251 361 402 23 709 363 550 178
? 9 114 519 570 59 356 799 735 115 249
? 9 587 135 324 386 292 256 297 470 448
? 9 449 430 163 32 697 606 752 201 70
? 9 329 473 360 149 147 443 230 320 717
? 9 182 727 730 721 366 797 672 179 326
? 9 228 84 537 317 644 301 365 371 746
? 9 680 438 544 459 187 264 341 687 543
? 9 743 125 50 406 535 740 541 224 789
? 9 499 359 477 313 747 433 174 273 512
? 9 667 122 333 53 711 768 389 87 765
? 9 290 625 764 544 543 408 209 341 438
? 9 25 527 189 645 44 585 258 222 684
? 9 462 234 339 111 51 240 593 49 397
? 9 380 287 138 590 227 453 510 536 696
? 9 5 482 698 89 415 758 391 622 595
? 9 679 229 705 128 455 567 653 724 699
? 9 46 136 529 795 442 61 421 495 515
? 9 424 634 307 449 430 163 387 32 697
? 9 307 634 557 340 40 424 404 387 437
? 9 600 289 469 605 256 210 175 483 470
? 9 710 12 568 221 702 205 354 232 170
? 9 316 784 760 753 696 34 560 295 311
? 9 207 183 152 453 372 190 623 138 403
? 9 344 562 337 143 19 255 744 497 777
? 9 186 0 223 214 299 64 704 275 373
? 9 199 201 761 70 554 752 606 430 697
? 9 568 221 702 205 232 710 12 95 688
? 9 559 226 164 691 388 450 507 196 399
? 9 471 454 446 26 83 489 24 71 408
? 9 527 44 25 585 258 189 684 259 401
? 9 765 87 466 458 711 333 477 9 359
? 9 576 485 552 759 188 599 662 478 136
? 9 645 189 25 222 121 197 468 527 47
? 9 369 158 213 253 362 368 216 123 323
? 9 605 600 289 469 175 210 483 256 368
? 9 31 321 591 18 91 113 457 503 26
? 9 192 637 775 376 745 73 417 383 524
? 9 119 719 75 626 652 97 167 394 342
? 9 189 645 222 25 121 527 468 585 197
? 9 178 726 716 23 345 561 379 791 677
? 9 175 483 323 368 304 253 45 445 605
? 9 486 661 461 441 541 233 789 173 291
? 9 495 348 298 795 515 529 442 46 632
? 9 294 107 561 345 751 716 757 619 379
? 9 799 94 690 59 729 776 351 30 570
? 9 570 115 356 735 59 114 519 86 799
? 9 695 723 627 157 563 62 35 798 166
? 9 624 2 558 102 481 629 682 41 211
? 9 450 164 507 388 226 196 762 559 147
? 9 158 369 213 253 45 323 368 395 483
? 9 382 708 774 578 609 414 95 650 429
? 9 365 785 317 717 228 537 762 644 196
? 9 759 552 662 188 576 96 137 485 792
? 9 56 603 539 517 141 165 375 92 63
? 9 762 196 388 317 450 226 717 644 301
? 9 566 292 209 764 324 562 543 290 71
? 9 346 757 660 542 82 748 294 437 561
? 9 17 658 432 772 480 270 212 615 322
? 9 610 81 67 750 283 80 100 602 573
? 9 717 365 762 785 739 317 196 329 149
? 9 745 775 383 417 192 376 584 203 524
? 9 403 787 643 623 522 703 138 607 492
? 9 647 206 407 564 506 265 422 211 682
? 9 204 684 259 258 594 401 44 400 28
? 9 9 433 236 109 359 458 62 621 477
? 9 611 794 771 101 511 693 518 130 318
? 9 592 681 160 347 91 503 367 454 533
? 9 375 63 165 231 539 141 629 102 56
? 9 456 550 280 452 37 479 402 168 435
? 9 134 628 422 38 265 272 673 565 343
? 9 191 770 127 167 654 394 241 98 719
? 9 429 722 609 774 725 396 382 578 714
? 9 57 33 308 733 540 749 266 738 639
? 9 503 367 749 681 591 91 160 592 738
? 9 271 66 54 268 195 423 796 276 732
? 9 1 531 177 411 239 786 278 479 371
? 9 634 307 387 424 557 40 437 82 340
? 9 42 526 312 523 202 325 500 252 701
? 9 761 199 554 70 201 683 273 747 697
? 9 637 73 192 740 50 406 125 295 775
? 9 273 683 198 747 761 174 554 225 313
? 9 727 182 797 672 366 792 730 721 8
? 9 215 353 718 185 589 153 593 431 389
? 9 751 107 294 619 213 379 561 345 617
? 9 167 191 770 394 127 241 719 654 119
? 9 43 549 659 567 216 362 705 6 123
? 9 371 301 644 84 228 317 411 531 786
? 9 720 68 436 200 614 21 528 415 686
? 9 201 199 752 606 70 554 761 430 697
? 9 83 26 341 408 113 471 491 625 454
? 9 489 24 446 238 129 71 533 255 471
? 9 701 328 29 331 523 42 325 500 312
? 9 639 640 235 731 288 218 27 293 266
? 9 640 639 235 731 218 288 27 293 678
? 9 226 559 388 450 164 507 196 762 691
? 9 767 342 736 97 652 338 626 75 416
? 9 402 251 361 550 456 709 791 479 363
? 9 501 286 15 783 355 768 755 782 498
? 9 210 445 304 605 175 600 257 685 142
? 9 51 319 234 208 674 462 397 139 339
? 9 195 268 276 54 271 358 66 796 732
? 9 659 43 549 567 705 362 6 187 216
? 9 539 141 375 63 56 58 165 231 263
? 9 64 214 244 275 0 299 186 704 161
? 9 293 218 235 731 219 556 648 640 678
? 9 276 268 195 54 358 732 271 281 66
? 9 162 243 620 220 155 579 110 651 184
? 9 286 501 783 355 755 782 15 498 156
? 9 569 284 508 657 460 3 773 635 580
? 9 422 265 628 134 38 571 206 272 364
? 9 664 16 778 169 314 738 306 604 540
? 9 421 61 442 390 529 46 348 136 137
? 9 411 786 531 1 177 239 278 371 84
? 9 445 304 756 428 332 175 210 633 488
? 9 270 615 432 322 658 17 772 781 480
? 9 760 34 524 376 316 696 140 775 784
? 9 299 275 214 186 64 223 0 244 373
? 9 733 33 57 749 308 540 738 639 591
? 9 390 421 61 442 137 575 366 662 348
? 9 465 41 532 267 92 334 262 558 181
? 9 736 338 767 150 342 305 373 97 563
? 9 531 1 411 786 177 239 371 84 278
? 9 81 610 67 750 80 602 283 573 100
? 9 632 246 348 778 314 306 298 495 16
? 9 728 476 245 39 586 797 588 721 730
? 9 332 428 756 488 769 434 445 304 633
? 9 339 111 240 462 234 707 49 51 139
? 9 251 361 791 402 709 363 550 23 250
? 9 775 376 417 524 745 192 655 34 140
? 9 543 764 209 112 290 264 544 625 297
? 9 22 638 460 581 508 284 635 713 657
? 9 526 42 252 202 312 547 523 447 325
? 9 109 621 236 9 723 433 627 695 62
? 9 478 521 599 485 734 576 737 335 188
? 9 433 9 236 359 109 477 747 499 621
? 9 641 126 140 642 655 413 524 34 95
? 9 538 277 675 451 117 60 497 553 744
? 9 516 392 190 337 152 19 386 777 623
? 9 651 110 220 620 162 512 155 525 243
? 9 432 658 772 17 270 615 480 322 106
? 9 170 577 13 11 12 710 10 398 670
? 9 430 449 697 163 70 201 32 199 752
? 9 302 77 694 116 698 595 482 616 132
? 9 626 652 97 75 119 719 342 767 157
? 9 13 670 170 676 400 577 11 464 398
? 9 675 277 538 117 451 60 497 468 522
? 9 298 495 515 348 795 405 314 529 632
? 9 693 55 101 309 420 518 318 248 118
? 9 458 466 62 87 765 9 723 236 433
? 9 521 734 478 599 737 485 335 576 136
? 9 731 235 218 640 639 293 648 457 27
? 9 706 194 776 115 86 351 735 511 356
? 9 53 122 768 667 254 711 333 546 501
? 9 582 410 507 164 559 226 691 487 450
? 9 203 584 714 517 603 383 745 708 56
? 9 500 325 523 312 42 701 656 202 526
? 9 165 375 63 629 231 102 56 539 141
? 9 127 191 654 770 241 394 167 98 692
? 9 758 415 5 482 528 89 21 698 686
? 9 20 504 4 281 732 358 132 391 409
? 9 373 150 305 338 223 425 736 299 186
? 9 452 280 168 456 37 435 550 212 106
? 9 713 546 638 423 635 22 460 254 657
? 9 121 468 222 494 189 352 646 451 645
? 9 406 125 50 740 743 535 295 73 637
? 9 603 517 56 584 203 597 92 532 714
? 9 670 13 676 400 464 11 170 577 594
? 9 518 118 534 248 159 693 420 794 55
? 9 782 755 783 156 286 15 498 501 355
? 9 660 82 437 346 542 757 387 40 557
? 9 338 736 150 767 305 373 342 425 416
? 9 473 443 230 329 171 149 147 545 656
? 9 412 699 689 491 370 438 680 341 229
? 9 37 280 168 479 456 452 550 402 435
? 9 150 373 338 736 305 425 223 767 342
? 9 644 301 317 371 228 196 762 84 388
? 9 268 195 276 54 271 358 732 66 796
? 9 590 227 413 510 380 287 536 144 310
? 9 783 15 755 782 286 501 156 498 355
? 9 617 474 619 434 751 606 752 107 395
? 9 618 21 2 41 558 514 481 467 624
? 9 285 748 242 480 542 282 322 17 212
? 9 176 76 283 583 172 100 739 610 81
? 9 39 588 52 728 476 754 79 797 245
? 9 491 689 370 412 113 83 26 699 341
? 9 381 384 630 444 409 233 378 461 441
? 9 699 412 229 128 689 679 370 491 705
? 9 79 8 39 797 792 52 672 588 476
? 9 636 274 671 790 612 173 262 181 334
? 9 262 108 636 267 274 597 612 532 671
? 9 620 220 155 110 162 243 651 580 217
? 9 578 414 650 774 382 396 429 609 232
? 9 352 646 494 496 551 88 484 700 121
? 9 683 554 273 198 761 199 201 225 769
? 9 41 558 2 465 618 624 102 481 532
? 9 551 352 88 496 646 385 133 484 494
? 9 38 628 613 364 134 422 571 673 265
? 9 311 753 766 560 318 784 372 101 316
? 9 523 325 312 500 42 202 526 701 328
? 9 749 733 33 503 591 738 57 321 367
? 9 305 150 373 338 736 563 223 186 767
? 9 130 649 530 794 463 608 511 85 611
? 9 240 707 339 111 139 234 462 49 350
? 9 222 121 468 189 645 451 25 494 585
? 9 681 160 592 347 91 503 367 300 454
? 9 341 408 625 83 438 544 290 680 26
? 9 229 128 679 705 699 455 653 412 567
? 9 722 429 725 396 774 609 263 490 666
? 9 188 552 759 576 485 96 663 662 439
? 9 508 569 284 657 460 69 572 773 22
? 9 235 218 640 731 639 293 27 288 678
? 9 200 614 436 720 343 68 21 565 514
? 9 171 230 443 545 147 473 149 779 656
? 9 453 138 287 380 207 696 643 403 784
? 9 26 113 83 454 471 491 341 408 91
? 9 793 537 746 100 513 228 84 788 785
? 9 283 176 81 610 80 76 100 148 67
? 9 734 521 737 599 478 335 485 136 576
? 9 58 666 263 490 141 539 725 269 722
? 9 74 291 741 789 296 357 224 378 541
? 9 436 21 614 720 200 514 618 68 343
? 9 149 147 473 329 171 230 443 507 717
? 9 532 267 92 597 465 108 262 603 517
? 9 696 784 760 380 453 287 227 316 34
? 9 342 767 97 652 626 736 75 338 719
? 9 414 578 650 774 382 232 205 396 702
? 9 427 7 404 781 692 340 615 270 322
? 9 448 120 194 392 386 470 135 257 587
? 9 190 152 742 183 372 516 377 207 771
? 9 689 491 370 412 113 699 83 26 341
? 9 572 773 69 145 508 502 569 85 146
? 9 241 127 191 770 692 340 654 167 394
? 9 547 252 447 763 219 202 526 556 668
? 9 221 568 205 702 232 710 12 688 95
? 9 361 251 791 402 709 363 250 550 23
? 9 776 351 690 59 94 115 799 706 30
? 9 328 701 29 331 42 105 523 320 325
? 9 447 547 668 202 219 252 526 763 312
? 9 517 603 584 203 56 597 383 92 714
? 9 333 389 667 87 765 122 711 718 53
? 9 67 750 573 610 81 602 80 513 100
? 9 766 311 753 560 784 372 318 316 101
? 9 457 18 321 731 591 648 640 639 235
? 9 265 422 134 272 206 628 407 38 571
? 9 666 58 490 263 725 141 722 539 269
? 9 364 613 571 38 628 631 103 422 134
? 9 179 326 484 47 88 575 496 197 182
? 9 613 364 571 38 628 631 103 422 134
? 9 336 393 69 409 444 572 378 159 581
? 9 420 248 309 693 55 518 296 118 224
? 9 550 456 282 402 435 452 242 280 791
? 9 415 758 528 482 5 686 720 698 595
? 9 160 681 592 347 367 503 91 300 548
? 9 100 793 537 785 610 81 176 365 283
? 9 686 528 595 415 482 68 694 698 720
? 9 12 710 568 221 702 170 205 354 232
? 9 469 289 600 605 256 210 104 6 483
? 9 505 161 704 131 64 319 214 244 0
? 9 78 374 320 105 360 172 583 76 329
? 9 472 779 665 545 653 455 656 171 230
? 9 654 127 770 191 394 98 241 167 72
? 9 386 392 324 135 587 120 448 562 292
? 9 442 421 61 529 390 348 495 46 795
!
478 485 
478 485
627 695 563 157 150 736 
695 563
695 157
627 695
150 736
157 150
52 
556 219 639 218 
219 639
556 219
219 218
384 661 74 173 73 233 630 181 486 93 622 461 
384 661
93 622
233 630
630 181
661 74
181 486
173 73
74 173
486 93
630 461
661 233
527 44 684 
527 44
44 684
254 66 501 
66 501
254 66
141 56 
141 56
392 448 
392 448
682 
721 797 366 
721 797
797 366
517 382 714 
382 714
517 382
776 771 
776 771
724 779 549 472 
779 549
724 779
549 472
380 
128 202 
128 202
796 327 
796 327
449 634 346 387 660 542 
387 660
449 634
634 346
634 387
660 542
751 619 294 107 379 213 158 
294 107
379 213
107 379
751 619
213 158
751 294
61 529 136 
61 529
529 136
783 156 755 185 
783 156
755 185
783 755
328 29 
328 29
2 
707 260 
707 260
204 
590 601 11 510 
590 601
11 510
601 11
468 646 352 
646 352
468 646
137 552 188 
552 188
137 552
83 
546 
310 
502 146 608 511 649 85 130 
85 130
146 608
511 649
608 511
511 85
502 146
114 162 463 
162 463
114 162
105 
303 
4 
481 
120 386 324 516 
120 386
386 324
386 516
330 
133 
741 535 357 406 
741 535
741 357
357 406
421 
603 
337 566 
337 566
127 119 654 75 
654 75
119 654
127 119
628 
598 
455 679 
455 679
269 666 647 
666 647
269 666
489 
191 98 
191 98
533 238 592 548 
238 592
533 238
238 548
767 416 223 
767 416
767 223
436 68 200 482 
68 200
200 482
436 68
32 474 
32 474
444 145 
444 145
688 
184 
674 723 
674 723
229 
370 321 31 491 
321 31
370 321
370 491
274 
89 415 
89 415
280 242 
280 242
787 138 643 403 607 492 
787 138
787 643
607 492
403 607
643 403
550 106 715 452 
715 452
550 106
106 715
458 
237 484 47 326 197 
326 197
47 326
484 47
237 484
108 
139 
420 55 
420 55
614 
587 135 685 142 769 669 756 124 488 434 
142 769
685 142
756 124
769 669
587 135
135 685
488 434
124 488
669 756
338 214 
338 214
560 753 
560 753
65 
644 746 84 
746 84
644 746
143 562 
143 562
41 758 14 
758 14
41 758
125 740 
125 740
18 91 681 749 503 306 591 
18 91
91 681
749 503
681 749
503 306
681 591
788 509 
788 509
778 16 169 
778 16
16 169
410 
165 92 
165 92
798 166 35 
798 166
166 35
471 113 26 689 341 
471 113
689 341
113 26
26 689
673 38 
673 38
457 57 293 
457 57
457 293
54 271 268 
54 271
54 268
543 209 
543 209
396 
50 
289 
48 345 716 23 251 726 561 
251 726
716 23
23 251
716 561
48 345
345 716
279 
60 497 24 451 121 538 675 
538 675
121 538
497 24
451 121
60 497
24 451
737 335 
737 335
333 780 215 718 466 589 431 353 397 339 462 593 153 389 
589 431
780 215
431 353
466 589
353 397
718 466
215 718
339 462
397 339
780 389
339 593
333 780
593 153
255 71 408 
71 408
255 71
336 
493 180 
493 180
569 
698 
20 
261 555 349 
555 349
261 555
385 575 551 179 88 496 645 182 390 
575 551
88 496
496 645
179 88
575 390
551 179
179 182
385 575
37 239 168 
37 239
37 168
285 307 270 432 772 480 7 404 781 427 17 
781 427
404 781
781 17
285 307
480 7
285 270
432 772
772 480
270 432
7 404
354 
521 576 
521 576
652 161 
652 161
536 144 
536 144
564 506 
564 506
600 605 45 
600 605
605 45
693 311 784 101 766 
784 101
693 311
311 784
101 766
309 743 295 
743 295
309 743
104 
456 
164 507 196 
164 507
507 196
429 650 578 
650 578
429 650
659 
530 534 159 
530 534
534 159
757 748 282 
748 282
757 748
725 609 231 
725 609
609 231
505 131 
505 131
631 
212 658 435 615 
212 658
658 435
658 615
391 
375 
340 
653 665 545 230 443 
230 443
545 230
653 665
665 545
676 400 
676 400
152 377 
152 377
604 405 314 
405 314
604 405
774 
540 308 
540 308
275 596 90 299 64 
596 90
90 299
275 596
90 64
263 490 
263 490
368 362 395 
368 362
362 395
770 72 719 626 
719 626
72 719
770 72
19 777 703 522 344 277 
703 522
777 703
19 777
777 344
344 277
248 441 224 789 378 
224 789
789 378
441 224
248 441
479 
465 
447 526 
447 526
208 
514 272 422 467 
272 422
514 272
422 467
39 
439 663 
439 663
699 544 412 290 438 625 
412 290
699 544
544 412
438 625
290 438
528 686 
528 686
28 594 
28 594
442 
498 
203 267 
203 267
573 602 
573 602
473 171 320 
473 171
171 320
785 329 
785 329
151 791 531 
791 531
151 791
606 697 554 424 
697 554
697 424
606 697
454 160 367 347 
454 160
160 367
367 347
692 
227 413 655 775 126 760 140 316 34 
760 140
316 34
126 760
775 126
227 413
655 775
655 316
413 655
464 
577 
319 51 
319 51
532 262 597 
532 262
262 597
13 
430 
286 
0 373 
0 373
537 371 301 317 
371 301
537 371
301 317
571 
508 460 284 657 
508 460
508 284
284 657
732 
641 524 192 376 417 
641 524
524 192
192 376
524 417
364 134 613 
134 613
364 134
565 
225 198 
225 198
553 193 426 494 129 
553 193
553 129
193 426
193 494
618 
241 
446 
10 398 670 
10 398
398 670
322 557 82 40 
82 40
322 557
557 82
539 584 
539 584
773 69 572 393 
773 69
572 393
773 572
680 
638 
305 
470 729 735 574 520 
574 520
470 729
729 735
729 574
794 518 118 
518 118
794 518
668 
15 53 
15 53
355 782 
355 782
754 
445 332 
445 332
617 
361 
207 623 
207 623
350 
586 
705 
722 708 
722 708
58 211 
58 211
304 428 633 
304 428
428 633
671 315 790 
671 315
671 790
216 459 567 
216 459
216 567
411 513 
411 513
103 
281 
167 
5 
265 
245 476 730 8 728 
8 728
245 476
476 730
730 8
547 
394 99 
394 99
418 712 399 440 677 
712 399
399 440
399 677
418 712
348 795 
348 795
186 342 425 
342 425
186 342
22 713 423 
22 713
713 423
759 599 
759 599
199 747 761 109 
761 109
747 761
199 747
359 236 621 
359 236
359 621
300 738 
300 738
21 
43 369 
43 369
477 765 433 62 
765 433
433 62
477 765
170 
792 79 727 672 96 662 
792 79
79 727
79 672
672 96
96 662
558 102 629 63 
629 63
102 629
558 102
683 70 752 437 201 163 
70 752
201 163
70 201
752 437
683 70
582 487 691 247 
582 487
487 691
691 247
258 
252 763 
252 763
1 
734 
581 381 
581 381
409 
240 111 49 
240 111
111 49
635 667 122 768 
667 122
122 768
635 667
744 
177 786 
177 786
360 331 
360 331
115 356 86 
356 86
115 356
696 453 287 
453 287
696 453
9 
292 256 210 
292 256
256 210
297 264 36 112 687 187 469 764 253 6 
687 187
253 6
264 36
297 264
36 112
469 764
264 469
764 253
36 687
711 87 499 
711 87
711 499
3 651 217 512 525 313 
512 525
651 217
525 313
3 651
217 512
123 419 154 
419 154
123 419
221 205 702 414 95 568 642 12 710 
568 642
642 12
221 205
414 95
12 710
205 702
702 414
414 568
334 612 541 291 296 
291 296
334 612
541 291
334 541
190 
46 
407 206 
407 206
298 515 
298 515
273 
132 77 504 195 276 358 
195 276
504 195
504 358
132 77
132 504
580 155 110 220 620 174 579 
155 110
110 220
174 579
220 620
580 155
620 174
583 76 172 739 78 374 
172 739
739 78
739 374
583 76
76 172
402 178 709 363 250 
178 709
709 363
363 250
402 178
588 
401 
745 383 637 636 
745 383
745 637
637 636
175 323 483 
323 483
175 323
33 
302 616 694 116 720 595 
616 694
720 595
616 116
302 616
616 720
585 25 222 700 117 259 189 
700 117
585 25
585 189
25 222
222 700
700 259
235 640 
235 640
94 690 570 519 475 249 243 
690 570
475 249
690 475
475 243
570 519
94 690
176 610 81 80 750 67 148 283 100 
176 610
81 80
750 67
176 100
80 750
610 81
750 148
80 283
624 
343 
559 450 149 147 656 
149 147
147 656
559 450
450 149
325 312 500 42 701 
325 312
500 42
312 500
42 701
97 
365 793 228 
793 228
365 793
733 648 288 731 27 678 266 
27 678
648 288
648 266
733 648
288 731
731 27
232 
226 717 388 762 
717 388
226 717
717 762
278 
194 257 351 30 799 59 706 
351 30
59 706
799 59
194 257
30 799
257 351
704 234 244 
704 234
234 244
523 
611 742 183 372 318 
742 183
611 742
183 372
372 318
246 495 632 664 
246 495
632 664
495 632
