? 9 683 785 724 695 537 49 386 651 293
? 9 36 110 161 564 421 798 422 5 617
? 9 156 275 523 272 266 90 412 739 379
? 9 742 625 65 569 328 102 80 431 667
? 9 247 240 318 154 67 513 495 738 449
? 9 580 488 210 708 285 618 595 490 719
? 9 591 327 588 660 101 529 15 641 727
? 9 91 243 313 367 687 206 191 255 573
? 9 122 5 783 735 349 201 337 255 487
? 9 360 410 194 89 501 471 364 777 615
? 9 462 133 741 376 378 767 189 568 372
? 9 799 681 699 307 700 246 479 294 436
? 9 301 182 764 396 85 459 587 528 146
? 9 349 783 5 122 91 337 255 201 243
? 9 294 159 436 681 700 799 699 126 307
? 9 566 192 306 119 663 127 753 280 315
? 9 146 459 528 747 396 356 182 301 587
? 9 267 42 606 465 34 599 637 56 636
? 9 46 394 111 388 172 121 733 1 55
? 9 483 390 400 423 211 551 649 611 554
? 9 54 186 433 80 249 568 736 214 157
? 9 285 210 61 490 241 580 716 708 719
? 9 544 795 384 608 309 532 142 94 602
? 9 26 590 343 574 705 193 201 687 255
? 9 533 577 578 55 764 111 431 587 736
? 9 334 651 22 274 260 141 560 168 724
? 9 205 601 288 407 257 440 788 391 191
? 9 710 630 737 762 619 114 13 242 153
? 9 78 709 404 525 490 203 734 61 128
? 9 374 237 540 326 181 503 633 355 645
? 9 386 134 785 49 537 724 372 378 637
? 9 310 769 339 425 702 362 661 64 531
? 9 3 77 445 502 453 474 333 162 688
? 9 782 88 458 40 690 743 435 472 127
? 9 398 451 149 755 100 565 600 79 118
? 9 479 12 632 799 324 722 681 307 689
? 9 600 565 149 398 74 572 451 45 755
? 9 488 618 595 580 280 753 98 779 708
? 9 193 235 694 26 553 590 574 687 343
? 9 83 695 651 725 39 139 693 683 424
? 9 722 689 12 632 230 402 479 132 506
? 9 18 366 131 756 669 556 771 609 92
? 9 763 319 780 336 204 570 534 471 356
? 9 86 222 760 642 773 135 352 765 481
? 9 445 453 3 474 162 502 77 269 38
? 9 433 186 568 54 214 133 189 701 80
? 9 311 405 208 14 654 325 760 135 219
? 9 409 520 302 197 284 115 47 794 218
? 9 397 775 322 554 478 532 142 390 649
? 9 766 21 499 369 629 617 772 422 362
? 9 498 665 517 508 103 286 644 208 375
? 9 283 573 51 391 191 257 288 788 243
? 9 331 196 144 592 183 33 264 576 324
? 9 85 182 107 301 253 528 662 356 263
? 9 289 189 20 214 568 376 692 378 133
? 9 406 791 0 444 456 228 295 539 704
? 9 286 291 665 304 508 517 498 66 792
? 9 293 34 282 725 229 49 683 695 267
? 9 699 681 799 307 246 700 126 436 294
? 9 372 537 260 724 386 168 141 785 134
? 9 53 277 252 413 659 332 670 166 597
? 9 70 613 693 797 616 438 634 424 22
? 9 469 389 363 730 562 457 731 470 599
? 9 271 136 220 248 420 792 644 480 375
? 9 282 229 432 393 56 293 725 34 599
? 9 728 176 227 8 448 452 679 716 547
? 9 747 603 146 60 678 459 379 796 41
? 9 6 283 248 420 220 561 44 391 573
? 9 460 125 148 59 752 627 381 749 207
? 9 772 362 499 617 407 766 21 629 422
? 9 355 326 345 316 443 387 446 359 124
? 9 702 339 661 584 425 64 305 310 784
? 9 755 451 118 398 100 139 79 74 149
? 9 546 587 60 578 678 396 486 121 764
? 9 413 597 659 387 316 787 53 332 277
? 9 99 164 497 641 179 272 674 101 523
? 9 183 144 196 331 576 120 35 771 592
? 9 8 227 716 728 176 538 448 679 452
? 9 492 290 137 640 571 52 256 768 79
? 9 455 696 216 361 751 217 321 254 555
? 9 779 415 296 624 542 682 169 380 199
? 9 684 417 207 480 303 749 381 375 627
? 9 115 520 284 197 746 409 656 477 63
? 9 553 694 438 634 193 574 705 797 343
? 9 136 271 792 644 220 420 375 248 480
? 9 159 294 436 700 681 126 799 699 324
? 9 40 458 88 472 743 782 439 48 434
? 9 531 425 661 428 148 769 310 59 702
? 9 731 730 469 279 363 470 457 105 721
? 9 617 422 766 772 798 407 499 421 21
? 9 207 381 627 684 749 303 417 103 480
? 9 41 603 729 224 314 225 364 346 89
? 9 280 595 753 306 192 566 127 618 663
? 9 343 705 574 26 590 193 560 797 180
? 9 436 700 126 294 681 699 159 799 246
? 9 152 633 254 316 659 355 332 503 217
? 9 0 704 720 791 308 406 295 166 113
? 9 623 419 476 71 254 68 751 673 209
? 9 609 158 368 184 786 781 342 669 131
? 9 15 588 529 327 228 101 660 673 456
? 9 240 154 247 513 67 318 4 211 738
? 9 322 397 554 775 532 649 390 478 142
? 9 384 608 602 544 142 795 557 273 320
? 9 12 632 722 689 479 402 230 307 799
? 9 741 767 168 372 141 260 462 274 537
? 9 781 786 342 84 643 368 677 669 170
? 9 794 330 47 358 746 552 409 347 302
? 9 494 759 441 516 754 38 635 269 453
? 9 642 765 86 760 517 222 66 291 773
? 9 733 414 231 1 172 261 388 394 46
? 9 608 320 557 384 795 544 94 213 309
? 9 320 608 557 117 23 94 213 795 105
? 9 707 292 230 236 706 464 611 722 632
? 9 232 371 639 545 31 165 491 493 598
? 9 565 600 149 398 451 74 572 755 100
? 9 452 448 547 679 176 728 790 716 748
? 9 396 587 764 301 578 459 146 546 182
? 9 327 660 591 588 101 15 529 641 497
? 9 791 295 0 671 539 406 308 704 720
? 9 45 351 264 437 190 11 600 592 173
? 9 181 672 540 116 614 237 353 287 374
? 9 405 311 208 14 654 325 103 381 760
? 9 318 67 247 449 240 495 154 513 17
? 9 210 490 285 708 719 580 61 404 525
? 9 155 348 28 698 789 382 712 675 787
? 9 787 387 124 597 316 382 259 446 443
? 9 229 282 725 393 511 39 293 139 680
? 9 629 21 369 499 766 200 772 617 589
? 9 705 574 343 26 797 193 560 553 590
? 9 254 751 623 209 696 455 419 262 476
? 9 604 688 770 723 221 128 199 475 333
? 9 749 627 381 93 207 514 703 684 440
? 9 222 773 352 86 135 760 188 481 325
? 9 640 571 492 265 52 10 290 137 768
? 9 476 71 68 673 228 623 456 209 444
? 9 62 354 454 567 744 116 478 614 776
? 9 574 705 343 26 797 193 553 438 590
? 9 127 306 192 566 753 690 119 663 280
? 9 664 582 365 579 10 768 52 430 185
? 9 751 254 696 455 419 623 361 209 216
? 9 470 279 105 774 23 117 731 469 389
? 9 458 40 88 472 743 782 48 439 392
? 9 279 105 470 117 23 731 774 320 557
? 9 510 650 58 195 450 652 38 401 441
? 9 571 640 265 492 10 290 52 137 768
? 9 718 581 762 13 468 757 37 429 167
? 9 606 42 637 267 636 465 20 658 198
? 9 688 770 502 475 333 604 474 162 3
? 9 516 691 494 754 570 215 759 780 203
? 9 358 47 526 2 171 794 552 302 626
? 9 42 267 606 465 636 637 34 389 599
? 9 708 210 719 624 221 580 490 404 779
? 9 682 296 143 98 415 380 779 435 653
? 9 746 115 520 794 509 409 656 317 330
? 9 701 569 102 87 433 667 186 790 625
? 9 93 703 514 44 440 788 749 391 684
? 9 752 59 460 125 148 627 381 219 138
? 9 527 347 395 717 330 552 408 612 655
? 9 369 21 629 766 499 200 617 589 772
? 9 587 396 764 578 546 301 60 533 459
? 9 592 33 331 264 572 196 45 351 183
? 9 735 201 337 487 255 122 180 638 783
? 9 236 292 706 707 611 230 400 423 29
? 9 598 165 491 276 639 140 31 232 545
? 9 345 355 326 359 443 446 124 316 387
? 9 209 262 476 71 254 444 456 623 228
? 9 456 444 228 71 476 673 406 262 68
? 9 448 679 176 452 716 547 728 8 790
? 9 260 141 168 372 274 537 724 741 334
? 9 191 51 257 288 573 243 283 91 391
? 9 730 363 562 457 469 389 515 731 721
? 9 137 290 492 256 52 640 768 571 79
? 9 44 788 703 93 391 440 514 283 205
? 9 317 697 519 509 344 746 758 563 656
? 9 506 402 132 726 11 173 689 722 264
? 9 656 477 509 147 115 63 371 746 232
? 9 101 660 327 641 588 497 15 179 591
? 9 348 712 789 698 155 28 675 252 373
? 9 257 288 191 51 601 391 205 573 283
? 9 734 270 241 61 72 709 78 490 467
? 9 539 377 295 671 791 558 406 312 0
? 9 739 346 596 266 796 314 156 275 379
? 9 584 305 661 702 784 425 428 339 434
? 9 31 232 371 491 639 165 545 598 509
? 9 499 21 766 629 369 772 362 617 422
? 9 49 785 386 134 724 683 537 637 34
? 9 466 549 652 593 32 69 178 81 223
? 9 196 331 144 183 592 576 33 35 120
? 9 241 61 734 716 285 270 490 679 448
? 9 214 189 568 289 433 54 692 133 186
? 9 20 289 376 378 637 134 189 214 692
? 9 654 14 325 311 135 405 760 773 188
? 9 487 638 180 735 767 122 201 337 5
? 9 164 99 497 179 641 674 272 535 101
? 9 601 205 288 407 257 440 391 788 191
? 9 796 379 412 678 90 60 739 346 156
? 9 575 298 167 622 429 714 468 581 385
? 9 110 36 161 564 421 798 422 5 783
? 9 383 218 626 297 302 24 82 197 226
? 9 568 189 214 433 133 186 54 289 692
? 9 58 195 38 510 441 650 445 635 759
? 9 287 548 666 555 631 503 217 323 237
? 9 76 273 341 631 666 323 104 321 548
? 9 297 383 626 218 170 82 368 786 24
? 9 508 665 286 498 792 517 644 304 291
? 9 308 720 704 0 16 113 791 295 166
? 9 502 3 688 474 333 162 445 77 453
? 9 765 642 66 86 130 291 750 517 481
? 9 625 742 65 569 102 328 667 701 80
? 9 346 739 314 596 225 496 796 729 50
? 9 256 424 137 768 290 52 492 579 640
? 9 793 467 748 778 668 667 790 72 676
? 9 671 295 539 791 377 308 558 312 704
? 9 364 224 89 194 410 360 646 129 603
? 9 738 173 726 154 11 132 240 247 513
? 9 674 164 99 179 535 202 338 272 266
? 9 737 630 242 120 710 771 756 677 576
? 9 495 449 318 247 190 67 437 240 680
? 9 472 743 48 458 40 88 123 392 96
? 9 474 162 453 269 445 475 502 3 688
? 9 467 748 793 778 72 668 667 790 676
? 9 477 147 63 656 411 115 493 284 371
? 9 636 465 658 585 606 198 42 1 267
? 9 321 323 216 361 548 631 455 287 696
? 9 59 125 148 460 752 531 138 627 381
? 9 64 439 339 268 702 310 784 584 40
? 9 66 291 106 765 750 286 642 517 130
? 9 333 770 502 688 77 489 3 604 474
? 9 132 726 173 402 506 11 689 738 722
? 9 756 771 366 669 18 120 677 737 630
? 9 536 25 638 767 487 161 122 5 783
? 9 743 48 472 458 392 123 40 88 96
? 9 605 278 620 463 95 648 335 543 43
? 9 577 55 533 431 157 736 80 111 65
? 9 428 661 584 305 531 425 233 702 138
? 9 342 84 781 786 677 368 643 669 609
? 9 748 467 793 778 790 667 72 668 102
? 9 390 554 551 322 483 775 397 649 478
? 9 431 736 80 65 577 55 157 54 249
? 9 650 510 450 652 401 195 58 593 38
? 9 780 570 319 763 336 691 215 516 534
? 9 633 152 503 217 555 237 455 374 254
? 9 367 206 313 243 687 91 573 426 235
? 9 720 704 308 113 16 166 0 791 295
? 9 775 397 554 322 478 142 390 532 454
? 9 192 566 306 127 119 663 753 280 690
? 9 704 720 308 0 113 166 16 791 295
? 9 319 336 780 570 763 534 204 178 691
? 9 38 441 58 759 635 510 494 445 195
? 9 532 544 649 322 397 795 142 309 17
? 9 117 105 23 279 320 557 470 608 213
? 9 329 504 418 238 298 19 461 258 622
? 9 415 779 296 380 682 542 169 624 143
? 9 248 220 420 271 583 136 6 480 417
? 9 786 781 342 84 643 368 170 677 609
? 9 624 199 221 169 542 708 779 415 719
? 9 764 578 587 396 301 533 182 546 85
? 9 716 8 241 448 679 176 285 61 728
? 9 28 698 155 348 789 382 675 712 370
? 9 666 631 287 104 548 341 323 76 321
? 9 693 70 613 424 22 256 651 797 616
? 9 328 662 253 350 676 668 742 263 625
? 9 143 682 296 380 98 653 415 151 109
? 9 564 421 798 422 110 36 617 161 349
? 9 74 586 565 190 600 451 755 118 398
? 9 423 400 250 483 611 236 740 292 551
? 9 306 192 566 127 753 280 119 663 690
? 9 579 768 52 582 664 10 640 256 492
? 9 712 789 348 698 675 155 28 252 373
? 9 35 576 621 144 120 242 183 196 324
? 9 48 743 123 392 472 458 40 96 88
? 9 23 117 105 279 320 470 774 213 557
? 9 514 440 93 703 44 788 749 205 391
? 9 512 150 9 175 344 524 561 758 694
? 9 216 321 361 455 323 696 548 217 555
? 9 526 358 47 2 626 171 302 184 794
? 9 475 269 474 162 688 453 502 754 604
? 9 77 3 333 502 489 445 278 43 770
? 9 206 367 313 687 243 426 235 91 573
? 9 55 577 157 431 533 736 80 111 249
? 9 400 423 250 483 611 236 740 292 551
? 9 175 9 512 150 561 583 524 344 518
? 9 698 28 789 348 675 155 712 370 373
? 9 420 220 480 248 417 271 136 6 375
? 9 200 589 315 119 663 369 629 21 566
? 9 694 553 193 438 634 235 574 524 705
? 9 291 286 66 517 304 665 508 765 498
? 9 34 293 49 267 282 637 42 683 56
? 9 762 757 718 621 710 581 13 242 468
? 9 114 153 619 710 13 442 630 737 762
? 9 1 172 388 733 585 394 414 636 261
? 9 305 584 661 784 702 428 434 425 339
? 9 167 575 298 714 37 622 385 581 468
? 9 121 46 486 546 111 578 394 587 733
? 9 290 137 492 79 640 256 571 52 100
? 9 194 89 364 410 360 224 646 615 447
? 9 669 366 677 756 18 342 84 771 368
? 9 113 16 166 720 704 308 0 791 295
? 9 659 332 413 597 670 277 53 316 387
? 9 549 466 69 81 178 223 32 593 145
? 9 511 680 586 139 118 39 74 229 190
? 9 307 246 699 799 681 700 126 479 436
? 9 51 191 573 257 288 283 391 243 91
? 9 538 280 227 8 595 306 566 192 663
? 9 520 284 409 197 115 302 746 63 411
? 9 686 550 567 607 177 744 62 776 354
? 9 95 648 620 605 239 335 482 278 463
? 9 166 113 16 720 704 308 0 277 53
? 9 563 518 519 697 583 31 317 505 491
? 9 586 511 74 680 190 118 139 755 451
? 9 33 592 572 331 264 196 45 600 183
? 9 619 114 13 153 710 718 762 37 630
? 9 491 598 165 31 639 232 371 545 505
? 9 509 697 656 317 746 519 232 371 31
? 9 249 157 54 692 736 80 198 658 431
? 9 706 292 236 707 464 230 611 628 400
? 9 161 110 36 25 564 5 421 798 227
? 9 274 141 168 560 260 334 180 741 22
? 9 10 365 582 664 640 571 579 52 265
? 9 537 724 785 372 386 260 683 49 141
? 9 449 495 318 67 57 247 680 484 240
? 9 783 5 122 349 735 337 255 201 564
? 9 505 340 491 792 598 276 563 140 31
? 9 614 353 116 672 354 62 454 181 104
? 9 687 313 367 206 590 91 243 235 255
? 9 393 57 484 282 432 229 680 56 511
? 9 797 70 438 22 634 705 574 343 553
? 9 798 421 422 564 617 766 110 36 407
? 9 268 439 64 88 589 40 200 458 782
? 9 188 352 773 135 222 325 760 86 14
? 9 478 744 454 775 354 62 507 554 397
? 9 190 437 74 586 495 45 680 351 511
? 9 583 518 248 220 175 563 9 271 136
? 9 557 320 608 117 384 23 105 279 94
? 9 657 713 416 73 75 92 265 556 571
? 9 703 93 44 514 788 440 749 391 684
? 9 37 167 718 13 575 581 714 468 385
? 9 162 474 453 269 445 475 502 3 688
? 9 382 259 787 155 28 124 299 174 446
? 9 612 655 395 408 717 559 527 347 430
? 9 585 198 658 1 388 172 636 394 692
? 9 645 607 281 326 550 374 359 345 540
? 9 672 181 116 614 540 353 62 354 454
? 9 620 335 648 95 605 463 278 543 239
? 9 338 202 535 558 251 179 473 674 312
? 9 60 678 412 379 546 90 747 796 587
? 9 443 446 124 174 359 345 299 259 522
? 9 418 258 329 622 504 298 429 238 7
? 9 339 702 64 310 425 661 584 439 305
? 9 795 544 309 94 608 213 384 320 532
? 9 602 142 384 341 104 273 353 544 608
? 9 725 229 39 293 139 282 83 695 511
? 9 759 494 441 38 269 453 754 635 162
? 9 578 764 587 533 396 546 111 301 577
? 9 407 601 772 205 617 422 362 288 766
? 9 125 460 148 59 752 627 381 749 531
? 9 221 624 719 199 708 404 525 169 128
? 9 359 443 345 446 174 522 281 299 124
? 9 165 598 639 491 545 232 371 31 493
? 9 414 261 733 515 231 721 457 1 562
? 9 760 135 773 86 222 325 14 352 642
? 9 667 102 790 793 569 748 467 701 778
? 9 88 458 40 782 472 743 439 268 48
? 9 447 646 145 615 223 81 194 69 89
? 9 298 575 622 167 429 468 329 714 581
? 9 375 644 303 103 480 417 136 684 498
? 9 744 567 454 776 62 354 507 478 686
? 9 315 200 589 663 119 566 192 369 306
? 9 412 379 796 90 678 60 156 275 486
? 9 567 744 62 354 454 686 776 507 116
? 9 639 545 371 232 165 31 493 598 491
? 9 582 664 579 10 768 52 365 640 571
? 9 773 135 222 352 760 188 86 325 14
? 9 140 276 300 485 598 165 491 505 639
? 9 662 253 328 263 107 350 676 668 85
? 9 767 741 638 487 180 168 274 141 462
? 9 135 773 760 222 352 188 325 86 14
? 9 555 217 503 548 287 237 216 455 323
? 9 235 426 524 193 206 687 367 313 561
? 9 202 338 535 179 558 251 674 473 312
? 9 438 634 553 797 694 70 574 705 616
? 9 518 563 583 519 9 697 175 317 344
? 9 430 97 408 559 185 395 612 664 347
? 9 638 487 767 180 735 122 536 201 741
? 9 47 358 526 302 2 794 626 409 171
? 9 172 388 1 394 733 585 46 111 414
? 9 225 314 729 496 50 346 41 187 427
? 9 98 435 682 296 143 690 618 415 488
? 9 111 46 394 55 577 533 388 172 578
? 9 259 382 124 174 299 446 787 443 522
? 9 713 416 657 73 75 265 92 571 556
? 9 153 114 619 442 710 13 630 737 677
? 9 523 272 275 156 497 99 90 164 641
? 9 316 387 597 787 355 124 413 345 446
? 9 670 332 262 659 277 209 406 444 53
? 9 419 623 696 751 254 455 361 27 68
? 9 685 365 184 10 171 185 664 582 2
? 9 211 4 513 29 154 240 247 483 611
? 9 21 629 369 499 766 617 772 200 362
? 9 651 334 22 695 693 683 83 260 724
!
594 761 7 
761 7
594 761
38 635 549 178 32 69 652 
549 178
549 69
178 32
38 635
635 549
635 652
243 51 735 313 
51 735
51 313
243 51
775 309 795 608 532 105 213 17 94 649 211 483 
309 795
795 608
17 94
105 213
649 211
795 17
608 532
775 309
532 105
649 483
775 649
683 537 274 724 141 134 289 214 20 376 378 249 658 585 189 692 433 267 198 394 577 157 111 431 785 
537 274
433 267
289 214
214 20
683 537
267 198
189 692
658 585
111 431
20 376
274 724
249 658
577 157
658 189
378 249
376 378
189 433
267 394
724 141
157 111
433 577
134 289
537 785
724 134
529 588 720 295 704 0 671 674 558 251 647 338 473 377 312 539 660 
671 674
529 588
251 647
647 338
720 295
558 251
558 539
338 473
588 720
377 312
295 704
529 660
704 0
674 558
251 377
720 671
456 419 696 623 361 
419 696
696 623
623 361
456 419
743 88 392 782 48 96 682 
48 96
88 392
782 48
88 782
743 88
96 682
328 215 691 360 319 570 516 336 204 534 194 501 777 615 81 223 646 129 447 729 224 89 410 145 471 780 253 263 
215 691
319 570
81 223
224 89
194 501
516 336
194 471
501 777
534 194
646 129
471 780
89 410
516 204
204 534
691 360
215 253
360 319
729 224
129 447
615 81
777 615
447 729
615 646
253 263
328 215
646 145
570 516
626 47 409 170 526 
626 47
626 526
47 409
409 170
334 560 22 168 651 26 797 70 613 260 705 343 438 553 235 694 
553 235
334 560
343 438
22 168
22 651
797 70
651 26
651 797
705 343
438 553
334 260
343 694
560 22
70 613
260 705
388 1 172 231 
388 1
172 231
1 172
199 542 169 624 488 
169 624
542 169
542 488
199 542
508 340 
508 340
55 396 736 80 186 54 568 133 742 741 87 701 667 547 793 625 102 790 679 8 72 778 668 748 350 676 467 61 580 270 452 728 569 65 
102 790
568 133
778 668
748 350
580 270
350 676
667 547
87 701
679 8
580 452
569 65
793 625
55 396
80 186
742 741
736 80
778 467
625 102
72 778
133 742
793 679
668 748
701 667
72 61
54 568
61 580
186 54
452 728
80 569
547 793
741 87
55 736
8 72
764 733 121 578 587 60 546 85 533 46 
587 60
121 578
764 733
546 85
587 546
121 533
578 587
533 46
733 121
753 
79 10 265 256 768 52 582 290 713 416 73 75 92 657 571 398 556 131 756 18 366 771 669 331 196 144 35 576 242 120 609 158 184 664 185 685 171 408 2 
185 685
756 18
571 398
768 52
184 664
331 196
556 131
73 75
171 408
408 2
52 582
366 771
242 120
79 10
75 92
416 73
256 768
685 171
10 265
713 416
73 657
79 290
196 144
669 331
657 571
657 556
196 35
366 669
576 242
35 576
131 756
290 713
158 184
664 185
131 609
609 158
10 256
18 366
675 698 259 
675 698
698 259
127 192 280 499 268 702 339 439 310 584 769 472 784 305 434 40 64 661 
192 280
339 439
64 661
499 268
434 40
702 339
310 584
280 499
40 64
499 702
472 784
784 305
784 434
702 472
339 310
127 192
584 769
365 137 
365 137
528 356 459 146 
528 356
459 146
528 459
16 
254 476 455 209 152 670 791 387 787 28 124 446 359 174 345 299 281 522 316 597 659 252 
359 174
597 659
670 791
476 455
387 787
345 299
174 345
659 252
174 281
387 597
209 152
787 28
446 359
124 446
174 522
791 387
455 209
152 670
254 476
28 124
124 316
650 195 58 745 239 482 605 112 403 510 
605 112
482 605
239 482
195 58
605 403
58 745
195 510
745 239
650 195
397 104 341 142 353 631 76 548 287 323 216 672 237 555 355 181 503 217 273 
631 76
216 672
181 503
503 217
548 287
341 142
397 104
104 341
76 548
287 323
555 355
548 216
355 181
237 555
672 237
397 273
142 353
104 631
107 182 301 662 
107 182
182 301
107 662
321 117 557 279 23 
557 279
117 557
117 23
321 117
727 27 
727 27
148 125 428 233 138 425 
148 125
233 138
125 428
148 425
428 233
466 401 593 450 30 399 
466 401
450 30
593 450
30 399
401 593
304 212 
304 212
149 572 592 33 600 74 264 722 351 173 726 402 689 506 632 230 307 464 707 628 732 246 700 126 436 681 699 799 258 159 11 437 190 318 
437 190
464 707
126 436
600 74
700 126
722 351
436 681
173 726
506 632
632 230
11 437
258 159
11 318
246 700
351 173
592 33
307 464
230 307
722 11
699 799
436 699
74 264
74 722
628 732
726 402
173 689
572 592
572 600
689 506
149 572
707 628
699 258
307 246
754 203 734 709 723 128 404 490 708 719 78 688 285 221 474 770 333 525 
770 333
285 221
688 285
128 404
709 723
490 708
688 525
723 128
474 770
404 490
128 688
719 78
203 734
490 719
203 709
754 203
221 474
337 201 255 574 590 
337 201
574 590
201 255
337 574
382 789 712 530 610 373 163 500 245 370 348 
373 163
712 530
530 610
610 373
373 245
245 370
163 500
382 789
789 712
712 348
238 19 298 461 
19 298
238 19
19 461
489 234 543 43 278 463 620 335 445 648 95 604 
463 620
43 278
620 335
234 543
648 95
278 463
445 648
463 445
543 43
234 604
489 234
156 266 164 99 596 535 179 
99 596
164 99
535 179
266 164
156 266
99 535
247 67 738 513 154 4 29 240 
513 154
4 29
29 240
247 67
738 513
67 738
154 4
400 423 
400 423
346 225 314 187 50 496 427 
187 50
225 314
496 427
187 496
346 225
314 187
37 
180 462 638 767 349 487 536 25 122 448 386 
462 638
638 767
767 349
349 487
487 536
767 386
25 122
487 25
25 448
180 462
716 176 
716 176
781 442 
781 442
746 165 639 371 477 63 520 284 411 493 545 140 656 491 286 232 300 485 598 276 291 505 147 
300 485
291 505
300 598
746 165
63 520
491 286
371 477
493 545
165 639
286 232
520 284
232 300
284 411
639 371
371 493
477 63
276 291
493 147
286 276
140 656
545 140
140 491
241 
502 3 77 162 
3 77
502 3
502 162
630 762 757 114 153 13 619 581 167 429 468 575 418 504 718 385 714 294 329 622 621 
294 329
329 622
575 418
167 429
630 762
762 757
429 468
575 718
385 714
468 575
153 13
13 619
114 153
718 385
418 504
619 581
429 294
581 167
762 114
167 621
393 432 56 599 282 731 470 389 363 730 414 515 457 721 261 42 562 
515 457
414 515
731 470
730 414
599 282
42 562
56 599
363 730
432 56
282 731
389 363
515 721
731 389
721 261
363 42
393 432
751 228 673 68 71 444 332 262 15 406 
228 673
15 406
228 71
673 68
332 262
71 444
332 15
751 228
71 332
303 207 375 103 271 517 665 644 792 136 642 208 222 405 773 760 135 325 66 14 481 352 188 
517 665
481 352
792 136
271 517
760 135
66 14
773 760
375 103
642 208
208 222
207 375
222 405
103 271
135 325
665 644
303 207
135 66
481 188
103 642
208 773
644 792
14 481
765 750 106 130 715 521 
750 106
765 750
715 521
130 715
750 130
527 317 115 794 31 509 
794 31
794 509
115 794
527 317
317 115
441 759 
441 759
250 740 551 
740 551
250 740
541 
573 687 601 703 391 788 93 191 283 407 440 749 288 
703 391
191 283
788 93
391 788
191 288
573 687
407 440
440 749
687 601
283 407
391 191
601 703
634 579 616 424 612 655 559 430 358 347 552 492 97 330 395 
358 347
552 492
347 552
492 97
559 430
347 330
655 559
616 424
430 358
655 395
612 655
579 616
634 579
616 612
603 364 747 739 
364 747
603 364
603 739
566 200 119 538 595 
200 119
566 200
119 538
119 595
591 101 641 497 275 523 327 486 90 678 379 412 41 
641 497
275 523
678 379
379 412
497 275
90 678
412 41
327 486
591 101
523 327
486 90
591 641
693 372 695 49 34 725 586 139 118 451 565 100 39 755 640 293 511 229 83 680 484 57 384 320 774 449 495 45 
484 57
229 83
511 229
49 34
451 565
586 139
484 449
495 45
139 118
39 755
293 511
451 100
139 39
118 451
755 640
372 695
586 293
384 320
693 372
320 774
293 495
57 384
83 680
695 49
725 586
695 725
680 484
637 636 606 469 465 
469 465
636 606
606 469
637 636
342 677 786 84 368 643 108 297 710 737 183 
786 84
677 786
342 677
643 108
342 737
737 183
677 710
84 368
84 643
108 297
717 758 344 519 697 
344 519
758 344
717 758
519 697
666 544 116 540 454 602 744 62 776 614 390 322 554 478 354 507 177 567 550 607 686 645 443 326 633 374 
633 374
645 443
614 390
390 322
744 62
62 776
554 478
544 116
390 354
614 507
443 326
550 607
116 540
326 633
116 454
666 544
776 614
607 686
454 602
567 550
62 177
454 744
322 554
744 567
686 645
277 308 166 53 155 113 413 
155 113
277 308
53 155
155 413
166 53
308 166
296 380 415 711 357 143 653 151 
143 653
653 151
415 711
711 357
415 143
380 415
296 380
272 202 796 
272 202
272 796
86 
324 479 
324 479
435 98 779 123 458 244 109 
435 98
244 109
98 779
123 458
458 244
779 123
514 381 417 44 498 480 257 248 
44 498
498 480
498 248
480 257
514 381
417 44
381 417
110 227 315 663 690 618 210 
110 227
618 210
227 315
663 690
315 663
690 618
236 132 611 12 292 706 
236 132
12 292
132 611
292 706
611 12
763 269 453 494 475 
494 475
763 269
453 494
269 453
5 783 36 205 564 421 161 422 362 798 617 766 21 369 589 306 772 629 
161 422
798 617
798 772
772 629
564 421
362 798
589 306
421 161
36 205
766 21
617 766
369 589
5 783
421 362
783 36
21 369
205 564
302 197 226 160 218 383 82 24 
82 24
218 383
302 197
226 160
160 218
197 226
383 82
6 91 367 512 524 206 561 150 9 563 175 518 420 583 684 220 193 426 
684 220
6 91
563 175
512 524
561 150
150 9
524 206
563 583
91 367
512 561
9 563
91 426
367 512
175 518
583 684
512 193
518 420
59 460 531 219 311 752 627 654 
59 460
460 531
219 311
59 627
627 654
311 752
531 219
