? 7 78 125 371 417 541 542 760
? 7 30 180 305 411 498 668 777
? 7 230 338 377 469 471 505 552
? 7 26 34 40 106 499 602 702
? 7 29 220 398 402 547 592 634
? 7 244 248 534 656 669 708 799
? 7 59 141 327 443 485 556 790
? 7 87 148 226 268 531 559 598
? 7 324 484 496 565 604 693 740
? 7 225 373 445 468 540 545 655
? 7 286 290 313 343 388 757 762
? 7 111 141 327 443 485 556 790
? 7 112 211 254 367 477 620 742
? 7 10 90 322 536 615 758 765
? 7 63 212 283 349 404 697 768
? 7 10 90 536 615 711 758 765
? 7 91 118 172 460 575 635 651
? 7 39 202 277 370 592 634 663
? 7 286 290 313 343 385 646 762
? 7 5 124 247 329 507 659 666
? 7 121 193 329 509 659 664 736
? 7 25 54 409 652 665 681 698
? 7 105 188 278 393 406 569 604
? 7 22 66 130 152 300 404 672
? 7 48 68 301 528 576 626 763
? 7 133 256 551 650 697 712 768
? 7 72 96 156 291 379 514 719
? 7 55 115 133 204 250 256 692
? 7 60 65 122 175 455 591 793
? 7 33 50 209 219 394 537 745
? 7 252 382 429 504 601 613 727
? 7 130 300 349 378 404 582 672
? 7 161 260 269 303 347 426 478
? 7 29 119 135 220 402 447 624
? 7 365 467 545 641 655 756 783
? 7 163 262 323 356 369 453 749
? 7 207 313 343 495 503 539 703
? 7 301 365 467 641 744 756 783
? 7 59 107 186 407 513 556 790
? 7 17 108 474 571 578 750 791
? 7 52 97 310 372 401 553 715
? 7 86 177 186 407 452 513 716
? 7 45 57 519 602 690 753 791
? 7 64 288 309 421 597 640 705
? 7 127 208 506 599 653 704 722
? 7 87 148 268 333 531 559 598
? 7 3 109 127 191 208 376 733
? 7 324 484 565 604 693 740 741
? 7 136 291 436 514 603 676 719
? 7 118 172 460 470 575 635 651
? 7 463 475 522 616 657 660 670
? 7 80 132 200 270 333 390 621
? 7 72 96 156 291 379 408 719
? 7 118 172 251 359 460 575 635
? 7 93 105 188 278 554 595 725
? 7 28 373 468 540 545 655 783
? 7 51 137 274 340 344 498 689
? 7 8 157 242 435 645 683 707
? 7 180 305 307 411 471 668 777
? 7 389 492 610 649 678 714 754
? 7 150 198 279 335 628 685 734
? 7 64 309 451 481 597 640 705
? 7 24 128 183 389 492 623 726
? 7 29 220 233 284 292 402 636
? 7 51 264 274 294 344 515 776
? 7 59 129 289 449 557 686 770
? 7 7 144 227 606 629 643 698
? 7 49 60 92 170 175 257 386
? 7 69 162 405 439 473 516 532
? 7 288 309 421 597 640 675 705
? 7 187 217 372 438 491 609 612
? 7 52 58 97 310 372 562 764
? 7 48 301 528 576 756 763 783
? 7 283 300 349 378 404 582 593
? 7 414 420 470 564 651 721 739
? 7 167 400 444 467 641 744 756
? 7 218 401 548 553 735 766 767
? 7 33 50 394 486 537 614 745
? 7 75 94 302 543 573 669 710
? 7 14 111 282 327 443 485 583
? 7 143 610 631 649 678 714 754
? 7 71 96 223 237 279 446 685
? 7 46 103 168 181 465 695 752
? 7 42 131 174 437 562 585 751
? 7 15 216 326 328 419 630 700
? 7 149 253 260 269 287 525 594
? 7 105 188 324 496 554 604 740
? 7 23 131 182 330 458 562 751
? 7 49 60 65 122 175 455 648
? 7 195 211 350 432 477 497 738
? 7 23 182 194 280 366 608 611
? 7 136 291 408 514 632 676 719
? 7 38 182 194 366 426 608 611
? 7 7 258 298 479 482 544 773
? 7 56 63 160 212 607 645 778
? 7 83 480 538 555 724 737 787
? 7 55 142 165 250 332 577 692
? 7 126 221 318 488 517 661 798
? 7 55 142 165 243 332 577 692
? 7 196 355 413 415 499 753 791
? 7 50 209 219 420 632 745 775
? 7 153 228 265 346 360 395 440
? 7 128 248 255 492 623 669 708
? 7 358 398 547 658 674 677 789
? 7 11 102 151 222 448 464 618
? 7 46 205 229 425 457 501 524
? 7 390 463 475 522 657 660 670
? 7 8 183 435 644 683 707 726
? 7 48 68 301 528 576 756 763
? 7 132 166 548 735 766 767 784
? 7 22 88 214 387 428 580 694
? 7 132 390 475 522 657 660 715
? 7 150 322 335 363 451 628 717
? 7 83 311 480 591 737 787 793
? 7 84 317 397 462 488 661 763
? 7 30 224 305 498 584 605 689
? 7 63 283 349 378 582 593 730
? 7 53 88 387 428 580 625 695
? 7 238 314 337 342 381 747 755
? 7 98 230 338 377 469 505 552
? 7 6 143 171 600 610 631 714
? 7 121 198 446 509 664 691 736
? 7 62 76 101 153 395 472 687
? 7 4 136 374 436 603 632 676
? 7 201 226 239 308 357 490 796
? 7 190 195 350 432 477 497 738
? 7 107 177 186 407 452 513 716
? 7 118 169 251 297 361 596 684
? 7 146 239 264 294 308 511 662
? 7 36 236 238 358 658 674 677
? 7 33 50 394 486 614 745 772
? 7 2 79 114 551 650 731 771
? 7 112 254 367 527 620 742 780
? 7 87 147 148 154 270 333 559
? 7 7 399 482 544 643 647 773
? 7 94 128 244 534 656 669 708
? 7 253 260 269 303 347 525 594
? 7 69 117 162 405 473 532 779
? 7 92 104 257 259 295 386 500
? 7 94 244 302 534 543 669 708
? 7 139 145 230 234 384 549 671
? 7 225 232 423 638 654 709 760
? 7 89 375 380 403 558 727 761
? 7 30 137 224 305 411 498 777
? 7 11 41 151 185 272 422 619
? 7 48 68 167 301 400 476 526
? 7 109 120 158 192 442 699 733
? 7 21 100 134 261 426 642 751
? 7 91 414 470 564 575 635 651
? 7 193 419 509 637 664 700 736
? 7 128 244 534 656 669 708 799
? 7 121 198 329 509 628 666 691
? 7 164 197 273 449 557 629 686
? 7 187 280 341 546 609 743 772
? 7 91 216 326 328 352 630 700
? 7 95 288 563 640 746 748 794
? 7 21 99 100 249 261 391 751
? 7 12 110 232 285 331 339 654
? 7 207 228 313 334 346 360 487
? 7 167 312 400 444 467 526 744
? 7 299 341 433 546 561 609 743
? 7 144 197 227 416 629 643 647
? 7 121 150 198 335 628 691 734
? 7 48 301 365 467 576 756 783
? 7 9 11 41 43 151 178 296
? 7 5 124 247 329 509 659 664
? 7 258 298 456 479 482 544 773
? 7 271 288 563 640 675 746 748
? 7 78 125 371 417 542 638 760
? 7 62 76 101 395 472 478 687
? 7 73 281 424 581 639 681 696
? 7 187 341 433 546 561 609 743
? 7 271 288 421 640 675 746 748
? 7 29 31 82 119 135 624 769
? 7 108 120 158 192 699 723 750
? 7 229 415 425 457 483 501 524
? 7 14 86 111 327 443 485 790
? 7 150 198 335 628 685 717 734
? 7 35 146 308 368 511 560 662
? 7 44 69 405 473 532 550 779
? 7 0 248 318 492 610 617 799
? 7 506 521 563 599 704 722 774
? 7 17 127 271 474 578 750 792
? 7 324 484 496 529 565 693 740
? 7 86 186 407 452 513 556 716
? 7 126 393 406 517 569 661 798
? 7 463 475 522 616 657 670 701
? 7 45 57 196 602 690 753 791
? 7 61 179 252 403 504 601 727
? 7 35 146 184 319 368 560 662
? 7 106 112 190 367 527 620 742
? 7 81 470 502 510 633 775 785
? 7 46 229 425 457 483 501 524
? 7 7 227 399 482 606 643 647
? 7 12 110 325 423 434 541 709
? 7 68 167 301 400 476 526 744
? 7 109 191 376 480 538 724 787
? 7 95 441 521 567 680 774 786
? 7 39 202 277 370 592 634 789
? 7 55 115 133 142 204 243 692
? 7 125 232 417 542 638 709 760
? 7 180 338 377 469 471 505 552
? 7 26 40 106 112 190 457 702
? 7 220 358 398 547 634 658 789
? 7 59 107 141 186 556 770 790
? 7 87 148 166 268 531 559 598
? 7 105 324 484 496 529 565 740
? 7 365 373 467 468 540 641 655
? 7 261 286 290 343 646 757 762
? 7 14 59 141 186 327 443 485
? 7 254 367 412 527 742 780 781
? 7 10 322 363 615 717 758 765
? 7 56 212 349 607 697 712 768
? 7 91 118 172 213 359 460 635
? 7 39 202 277 293 370 398 592
? 7 207 286 290 313 343 646 762
? 7 5 124 275 430 507 659 730
? 7 193 242 419 637 664 700 736
? 7 25 54 77 129 652 665 698
? 7 244 248 406 534 656 708 799
? 7 126 406 569 693 708 740 741
? 7 22 130 152 300 582 672 694
? 7 48 278 397 554 595 725 763
? 7 63 349 378 404 607 712 768
? 7 4 136 291 379 603 676 786
? 7 55 79 133 165 204 250 256
? 7 60 65 122 170 175 386 455
? 7 33 50 219 537 614 745 772
? 7 252 263 382 429 512 613 663
? 7 303 347 426 472 478 608 687
? 7 29 233 284 292 402 634 636
? 7 365 467 576 626 655 756 783
? 7 42 163 262 356 369 453 749
? 7 11 41 495 503 539 619 703
? 7 365 467 641 655 744 756 783
? 7 59 107 129 557 732 770 790
? 7 17 108 120 571 723 750 791
? 7 52 218 401 522 715 735 766
? 7 82 86 177 407 452 513 716
? 7 45 57 345 499 602 690 753
? 7 506 521 555 599 653 704 722
? 7 148 166 270 531 559 598 621
? 7 109 191 376 442 538 724 733
? 7 406 484 565 569 693 740 741
? 7 4 136 379 436 567 676 786
? 7 470 502 510 564 575 721 785
? 7 87 203 226 267 268 559 796
? 7 348 463 475 616 657 670 701
? 7 80 148 154 166 270 333 621
? 7 72 96 136 156 291 514 603
? 7 91 118 172 460 470 635 651
? 7 68 93 526 554 595 725 763
? 7 28 225 445 540 545 626 655
? 7 137 224 305 411 498 605 689
? 7 79 133 204 212 256 349 697
? 7 8 183 435 644 645 683 707
? 7 180 307 338 471 505 668 777
? 7 24 128 389 492 617 649 726
? 7 150 198 223 279 335 451 734
? 7 68 93 188 554 595 604 725
? 7 64 198 335 363 451 717 734
? 7 24 128 183 572 623 683 726
? 7 29 119 135 402 447 624 634
? 7 146 239 264 308 344 490 515
? 7 164 197 273 289 449 557 686
? 7 7 144 227 399 544 606 647
? 7 92 170 173 259 386 494 500
? 7 25 162 405 439 473 516 532
? 7 187 280 372 438 491 612 743
? 7 58 310 330 562 585 728 764
? 7 48 301 476 528 576 756 783
? 7 130 214 283 300 353 582 593
? 7 420 470 510 564 575 633 721
? 7 365 444 467 641 655 744 756
? 7 52 217 218 548 553 766 767
? 7 33 50 209 219 420 719 745
? 7 75 255 302 518 520 573 669
? 7 14 111 141 327 443 485 583
? 7 6 143 610 617 631 714 754
? 7 150 198 223 279 335 685 734
? 7 53 103 181 428 465 625 695
? 7 2 79 114 115 256 731 771
? 7 74 131 174 330 437 562 585
? 7 138 216 328 352 630 637 700
? 7 93 105 188 554 595 604 740
? 7 131 174 330 437 562 585 764
? 7 49 60 122 175 455 648 720
? 7 168 195 350 432 497 738 752
? 7 23 182 187 280 341 433 611
? 7 50 209 219 408 514 632 719
? 7 38 194 269 366 525 594 608
? 7 189 258 298 456 479 482 773
? 7 56 63 212 349 378 607 768
? 7 191 311 480 538 591 737 787
? 7 55 142 243 332 577 627 759
? 7 113 221 488 517 600 661 798
? 7 55 142 171 204 243 332 577
? 7 34 196 355 413 415 499 753
? 7 33 50 209 219 420 614 745
? 7 161 260 269 347 594 648 720
? 7 153 228 334 346 360 440 487
? 7 24 128 389 492 617 623 726
? 7 220 358 547 658 674 677 789
? 7 102 151 185 222 448 461 618
? 7 46 205 206 425 483 501 524
? 7 390 475 522 616 657 660 670
? 7 8 157 160 435 644 645 707
? 7 48 68 301 476 528 576 725
? 7 218 401 715 735 766 767 784
? 7 22 130 152 214 387 672 694
? 7 80 159 200 390 475 522 660
? 7 10 64 215 363 717 729 765
? 7 83 311 480 538 591 737 787
? 7 278 317 393 397 517 661 763
? 7 30 137 224 305 411 498 605
? 7 324 484 496 565 693 740 741
? 7 47 283 300 353 582 593 795
? 7 238 314 337 342 674 677 747
? 7 98 139 230 304 384 392 549
? 7 6 143 610 631 678 714 754
? 7 121 138 193 237 446 509 637
? 7 62 101 346 388 395 472 757
? 7 4 136 379 514 603 632 676
? 7 146 239 264 308 344 490 796
? 7 112 190 211 350 432 477 620
? 7 82 177 407 452 513 716 769
? 7 118 297 359 361 460 596 684
? 7 56 63 378 404 607 712 730
? 7 226 239 264 308 344 490 796
? 7 36 236 238 583 674 677 747
? 7 105 484 496 565 604 693 740
? 7 19 81 394 486 546 609 614
? 7 79 114 115 133 204 256 731
? 7 254 367 667 673 742 780 781
? 7 80 147 148 154 270 333 559
? 7 7 189 258 399 482 544 773
? 7 110 125 417 423 541 709 760
? 7 94 244 255 543 656 669 799
? 7 161 253 260 269 347 525 594
? 7 69 162 405 473 516 532 550
? 7 104 257 259 265 295 395 500
? 7 94 244 543 656 669 710 741
? 7 125 225 232 417 542 638 760
? 7 89 292 375 427 429 558 761
? 7 30 137 224 305 411 498 689
? 7 102 185 334 360 448 461 618
? 7 109 158 192 442 699 724 733
? 7 21 134 249 261 391 642 757
? 7 91 138 172 352 414 630 651
? 7 121 193 446 637 664 700 736
? 7 329 509 628 659 664 666 691
? 7 10 90 247 536 615 711 758
? 7 107 289 449 557 686 698 770
? 7 341 394 433 546 609 614 772
? 7 91 172 213 216 326 328 630
? 7 95 288 563 748 774 786 794
? 7 21 99 100 182 458 642 751
? 7 12 110 325 331 339 493 654
? 7 153 228 346 360 395 440 487
? 7 167 365 400 444 641 744 756
? 7 307 338 377 469 471 505 552
? 7 187 280 341 433 609 611 743
? 7 144 197 227 416 606 629 647
? 7 301 365 467 476 576 756 783
? 7 9 11 41 85 178 296 588
? 7 247 329 507 628 659 666 691
? 7 73 116 281 298 456 479 482
? 7 271 288 421 563 640 675 746
? 7 78 125 417 542 638 709 760
? 7 49 62 76 170 395 472 478
? 7 73 116 281 368 424 639 696
? 7 187 341 433 546 609 743 772
? 7 288 309 421 563 640 675 746
? 7 31 82 119 177 402 513 769
? 7 98 338 377 392 469 505 552
? 7 17 108 120 158 571 723 750
? 7 176 229 316 457 483 524 711
? 7 86 111 141 186 327 485 556
? 7 64 150 198 223 335 451 734
? 7 146 239 264 344 490 511 662
? 7 31 44 69 82 177 769 779
? 7 0 248 318 534 610 617 714
? 7 3 127 208 506 563 599 722
? 7 3 17 127 578 733 750 792
? 7 86 111 141 186 485 556 790
? 7 126 221 278 393 406 517 569
? 7 123 348 463 616 657 670 701
? 7 34 45 196 413 499 602 753
? 7 61 169 251 380 403 504 601
? 7 35 199 266 276 319 431 560
? 7 106 246 254 367 527 620 781
? 7 81 502 510 575 633 684 785
? 7 7 399 482 544 606 647 773
? 7 125 417 423 434 541 709 760
? 7 68 93 400 526 554 595 725
? 7 109 191 480 538 724 737 787
? 7 95 379 436 676 774 786 794
? 7 39 202 277 370 512 592 634
? 7 55 142 165 204 243 577 692
? 7 252 375 382 427 429 601 727
!
538 
411 305 30 668 354 235 18 454 498 137 689 340 13 584 117 550 44 779 405 532 516 473 439 732 107 129 770 557 686 289 449 273 629 197 144 416 606 647 643 399 544 482 189 258 773 298 479 227 7 164 231 77 698 665 54 162 25 652 69 566 
532 516
340 13
289 449
629 197
473 439
298 479
411 305
544 482
162 25
647 643
273 629
482 189
405 532
405 69
584 117
668 354
550 44
235 18
698 665
606 647
30 668
235 454
144 416
532 473
197 144
643 399
399 544
647 227
770 557
44 779
584 566
137 689
550 405
25 652
340 584
144 606
305 30
557 686
258 773
686 289
289 164
686 77
473 162
107 129
189 258
732 107
665 54
439 732
107 770
354 235
449 273
689 340
117 550
164 231
305 498
498 137
77 698
606 7
773 298
97 372 764 310 58 562 330 585 174 74 42 356 749 163 262 369 703 385 495 762 343 286 207 313 487 228 334 360 440 155 265 104 295 257 102 185 618 222 464 461 151 153 346 539 646 388 101 757 134 21 261 249 391 290 642 99 100 751 62 395 76 472 49 170 386 259 92 173 494 500 175 60 122 648 720 161 687 478 260 347 303 426 269 594 194 608 366 525 38 537 745 33 614 394 772 287 253 396 336 718 149 455 65 83 793 555 591 437 131 728 
259 92
749 163
173 494
74 42
76 472
134 21
555 591
83 793
537 745
58 562
249 391
153 346
222 464
343 286
495 762
207 313
259 500
21 261
228 334
92 173
228 153
175 60
99 100
260 347
703 385
134 642
618 222
99 751
104 295
360 440
764 310
287 253
585 174
97 372
175 455
185 618
286 207
525 38
525 287
101 757
207 539
487 228
185 151
608 366
347 303
287 149
334 360
262 369
194 608
648 720
174 74
336 718
261 249
562 330
648 161
101 62
261 290
174 437
161 687
49 170
388 101
372 764
437 131
262 703
646 388
495 343
757 134
286 646
385 495
455 65
310 58
614 394
170 386
594 194
330 585
260 269
104 257
161 260
60 122
687 478
58 728
594 525
313 487
102 185
269 594
163 262
122 648
396 336
386 259
642 99
170 175
155 265
33 614
74 356
356 749
303 426
62 395
253 396
395 76
745 33
472 49
464 461
38 537
65 83
537 772
265 104
440 155
793 555
360 102
465 695 103 425 46 501 483 524 229 205 206 457 181 168 752 190 432 112 620 
205 206
425 46
181 168
465 695
46 501
432 112
483 524
501 483
190 432
524 229
112 620
483 457
524 205
168 752
103 425
752 190
695 103
103 181
52 715 401 218 766 548 553 735 767 522 670 616 657 701 463 159 348 123 453 240 323 475 
701 463
657 701
401 218
240 323
715 401
218 766
548 553
522 670
401 735
735 767
453 240
616 657
463 159
670 616
766 548
348 123
715 522
522 475
159 348
52 715
348 453
685 279 223 481 734 451 
685 279
685 223
734 451
223 481
481 734
560 319 35 431 266 199 276 315 456 184 368 639 73 116 281 424 581 409 681 696 
319 35
431 266
35 431
315 456
639 73
199 276
276 315
73 116
424 581
281 424
73 281
409 681
581 409
319 184
639 696
560 319
560 368
266 199
368 639
467 365 641 655 373 468 540 445 225 285 339 545 
467 365
365 641
467 655
445 225
373 468
540 445
285 339
655 373
655 545
225 285
468 540
547 658 220 
658 220
547 658
293 39 398 789 277 202 592 370 634 
398 789
277 202
293 39
370 634
293 277
592 370
202 592
39 398
447 135 624 605 224 
135 624
605 224
447 135
135 605
332 759 627 600 489 410 113 798 
759 627
489 410
489 113
332 759
113 798
759 489
627 600
363 717 64 
363 717
717 64
29 402 119 31 769 82 513 407 716 452 86 556 186 141 485 111 282 583 383 443 327 14 790 59 177 
31 769
407 716
716 452
513 407
790 59
443 327
86 556
82 513
485 111
513 177
186 141
716 86
141 485
119 31
556 186
186 790
583 383
769 82
282 583
141 443
111 282
402 119
29 402
327 14
91 326 630 172 635 460 118 359 251 61 504 601 727 382 429 427 636 233 284 292 375 89 512 263 252 663 613 169 596 684 361 450 574 16 145 671 234 299 67 19 549 139 230 384 304 98 469 392 679 533 782 377 505 471 180 777 307 338 552 297 688 706 403 380 558 761 179 
505 471
558 761
233 284
403 380
61 504
338 552
636 233
145 671
251 61
145 549
382 429
596 684
263 252
230 384
375 89
671 234
359 251
326 630
663 613
679 533
384 304
574 16
460 118
512 263
727 382
304 98
172 635
252 663
777 307
67 19
292 375
180 777
361 450
427 636
533 782
469 392
361 297
429 427
596 361
635 460
471 180
549 139
429 512
380 558
169 596
377 505
284 292
601 727
359 179
450 574
169 688
307 338
688 706
139 230
504 601
688 403
91 326
299 67
251 169
98 469
234 299
469 377
392 679
16 145
118 359
91 172
379 603 136 676 436 794 95 748 563 746 288 675 271 421 640 597 309 705 506 599 722 704 653 774 521 786 567 441 374 680 
95 748
640 597
436 794
603 136
722 704
640 705
675 271
676 436
506 599
597 309
774 521
746 288
421 640
774 786
746 675
794 95
567 441
136 676
786 567
563 746
794 774
675 421
441 374
563 506
599 722
379 603
441 680
722 653
748 563
36 
660 390 80 200 
660 390
390 80
390 200
364 568 622 682 776 37 362 51 274 515 294 203 264 344 146 511 662 490 239 
37 362
490 239
294 203
264 344
682 776
515 294
364 568
146 511
146 490
344 146
511 662
364 682
776 37
568 622
51 274
515 264
274 515
776 51
244 741 565 484 324 496 529 342 755 314 381 245 351 312 693 418 710 406 740 569 105 604 188 93 554 595 725 68 301 476 756 526 400 167 444 744 48 528 576 783 626 28 84 763 397 317 661 517 221 393 126 462 488 278 
725 68
167 444
188 93
93 554
528 576
484 324
529 342
626 28
317 661
604 188
105 604
68 301
725 48
484 693
342 755
517 221
741 565
48 528
763 397
783 626
517 393
400 167
595 725
397 317
351 312
381 245
317 462
476 756
661 517
526 400
741 406
301 476
406 740
324 496
554 595
693 418
740 569
576 783
496 529
317 488
565 484
48 763
740 105
693 710
68 526
595 278
381 351
28 84
393 126
755 314
444 744
244 741
314 381
609 341 433 187 280 611 23 182 458 546 
280 611
433 187
609 341
609 546
341 433
23 182
611 23
23 458
187 280
518 255 572 
518 255
518 572
543 94 669 656 708 799 534 248 0 318 492 389 726 128 617 754 610 714 6 631 143 678 649 573 302 75 
799 534
6 631
631 143
754 610
610 714
678 649
492 389
248 0
0 318
754 678
302 75
94 669
656 708
492 617
656 799
610 6
573 302
389 726
543 94
617 754
534 248
389 128
248 492
669 656
543 573
520 32 241 213 
241 213
520 32
32 241
503 619 272 422 11 41 178 9 448 296 43 588 85 
619 272
296 43
11 41
619 422
588 85
619 11
9 448
503 619
178 9
41 178
9 296
178 588
24 623 183 683 435 8 707 645 157 430 778 607 56 212 160 63 378 404 712 768 730 275 242 124 644 
712 768
683 435
623 183
435 8
24 623
778 607
8 707
430 778
63 378
607 56
607 63
157 430
56 212
707 645
430 275
707 644
378 404
157 242
378 730
183 683
56 160
404 712
645 157
242 124
674 358 677 238 747 236 337 
358 677
674 358
238 747
238 236
677 238
674 337
446 121 509 664 659 666 329 247 322 765 10 615 758 90 536 507 5 
666 329
90 536
322 765
765 10
758 90
615 758
446 121
329 247
10 615
659 666
121 509
507 5
509 664
247 322
664 659
666 507
371 78 542 125 417 638 232 709 760 541 434 423 325 12 654 110 331 493 
434 423
78 542
417 638
709 760
638 232
325 12
125 417
654 110
541 434
542 125
331 493
709 541
654 331
371 78
423 325
125 709
325 654
589 1 530 320 459 
530 320
530 459
589 1
1 530
575 470 564 721 420 414 739 408 632 4 209 719 50 219 514 291 72 156 96 651 510 633 775 486 81 785 502 
775 486
632 4
633 775
633 81
4 209
739 408
632 514
209 719
72 156
575 470
510 633
721 420
564 721
785 502
719 50
470 564
514 291
81 785
156 96
291 72
721 510
420 414
50 219
414 739
408 632
414 651
311 737 787 480 
787 480
311 737
737 787
217 491 612 438 743 561 
491 612
612 438
217 491
438 743
743 561
729 316 215 713 355 196 415 413 34 499 602 106 45 753 176 711 
34 499
215 713
196 415
499 602
499 45
45 753
316 215
602 106
729 316
196 413
713 355
316 176
316 711
413 34
355 196
352 138 216 328 637 700 419 15 736 193 
352 138
328 637
637 700
700 419
637 193
216 328
700 736
138 216
419 15
466 267 268 87 559 148 598 531 226 796 308 201 357 590 147 333 154 270 621 166 132 784 
132 784
87 559
166 132
148 598
268 87
270 621
87 226
796 308
201 357
598 531
466 267
621 166
147 333
357 590
333 154
226 796
796 201
201 147
559 148
267 268
333 270
71 237 691 628 150 198 335 
198 335
150 198
691 628
628 150
71 237
237 691
577 692 165 250 79 256 115 650 551 66 152 672 22 694 214 387 580 428 625 53 88 130 300 582 283 593 795 353 47 2 731 114 771 140 133 204 55 243 142 171 697 349 306 
593 795
697 349
243 142
152 672
142 171
22 694
771 140
551 66
692 165
300 582
214 387
256 115
250 79
79 256
133 204
165 250
22 130
2 731
428 625
256 133
551 2
115 650
580 428
551 771
66 152
580 88
582 283
650 551
428 53
387 580
204 55
165 306
694 214
672 22
593 47
731 114
130 300
55 243
577 692
795 353
283 593
133 697
788 27 321 210 
321 210
27 321
788 27
127 3 208 376 109 724 191 733 699 442 192 158 120 723 108 750 571 791 690 57 519 345 527 702 40 26 254 780 412 523 246 781 667 797 20 570 508 70 579 535 673 587 742 367 477 211 350 738 195 497 17 578 792 474 586 
673 587
211 350
477 211
519 345
750 571
70 579
17 578
442 192
797 20
750 17
108 750
781 667
3 208
742 367
738 195
724 191
109 724
535 673
254 780
781 535
376 109
780 412
508 70
412 523
699 442
797 508
780 781
40 26
127 3
780 742
571 791
109 733
20 570
527 702
733 699
738 497
523 246
527 254
667 797
690 57
17 474
120 723
208 376
57 519
699 120
367 477
350 738
578 792
723 108
345 527
192 158
702 40
474 586
791 690
