? 15 3 26 44 49 92 142 222 344 351 359 573 619 620 638 697
? 15 10 60 62 125 212 260 376 429 465 518 582 665 690 734 772
? 15 19 96 138 153 255 262 272 370 394 450 609 648 694 735 791
? 15 7 23 31 54 68 70 128 362 379 462 470 477 616 644 731
? 15 20 31 54 68 70 106 415 422 462 477 535 554 577 625 731
? 15 79 105 116 164 454 533 585 591 636 668 687 755 761 779 783
? 15 8 40 64 71 75 85 221 245 372 439 492 508 695 729 758
? 15 131 148 160 250 420 497 502 514 525 529 531 565 639 642 740
? 15 4 44 136 152 157 159 200 222 335 351 353 406 442 620 794
? 15 239 259 286 312 337 427 478 493 594 601 607 659 681 706 767
? 15 61 97 154 301 303 324 325 336 380 432 449 520 655 751 793
? 15 38 41 189 209 411 416 443 488 490 506 521 575 584 732 785
? 15 37 168 195 237 242 291 327 364 386 419 540 645 671 742 746
? 15 76 123 149 230 246 333 391 489 615 650 666 696 711 763 790
? 15 19 34 96 150 247 261 272 293 396 450 609 648 679 707 791
? 15 81 141 223 281 299 374 414 441 451 504 646 700 747 749 769
? 15 42 43 89 114 178 278 430 474 549 562 580 664 674 682 691
? 15 282 285 334 463 485 552 558 623 643 683 730 743 759 771 795
? 15 29 64 71 75 258 265 308 431 456 457 508 717 729 758 776
? 15 8 40 57 193 211 221 257 302 365 397 439 492 646 695 719
? 15 18 32 81 163 226 292 299 319 374 688 700 727 749 760 798
? 15 118 132 216 218 417 437 445 500 522 547 596 629 708 733 773
? 15 55 69 184 254 269 346 447 466 527 629 637 661 675 704 778
? 15 15 22 28 35 51 134 140 151 264 273 309 348 360 373 464
? 15 5 22 51 56 124 264 273 356 385 436 559 568 597 725 784
? 15 42 43 89 178 388 430 473 474 549 550 580 664 665 682 691
? 15 0 110 127 188 191 205 253 296 313 398 433 523 570 654 781
? 15 5 22 28 56 134 264 273 356 360 436 559 597 725 753 784
? 15 55 69 184 216 269 346 361 447 466 547 586 629 661 675 778
? 15 49 92 202 283 307 329 344 359 448 452 494 499 573 737 780
? 15 9 103 196 229 238 281 312 337 365 414 504 594 633 646 767
? 15 89 102 114 165 215 251 278 474 549 562 580 621 674 682 726
? 15 97 115 192 249 304 434 453 543 560 605 619 635 662 672 751
? 15 37 126 139 143 168 242 291 341 364 419 426 539 540 593 645
? 15 73 98 108 177 203 243 305 352 423 475 541 611 658 693 728
? 15 13 77 109 120 180 274 318 345 369 486 487 505 606 632 693
? 15 83 91 131 160 250 420 525 529 531 544 565 588 639 722 740
? 15 76 78 113 116 246 358 533 553 585 636 668 687 696 761 790
? 15 30 155 253 398 408 421 493 519 551 603 689 702 715 789 796
? 15 69 184 280 361 381 574 579 586 589 590 595 596 629 675 733
? 15 11 32 82 170 354 363 484 514 634 680 688 727 745 760 766
? 15 12 30 164 263 342 367 384 427 438 551 587 602 618 710 738
? 15 32 81 82 163 299 319 374 634 688 700 727 749 760 769 798
? 15 72 78 79 105 113 116 234 246 358 533 585 636 668 687 761
? 15 3 44 49 92 136 142 152 157 344 351 494 573 620 697 737
? 15 42 43 89 114 178 251 278 330 430 474 549 550 580 664 682
? 15 168 182 195 214 237 242 291 327 386 419 645 667 671 742 746
? 15 47 76 123 149 230 333 489 615 650 666 687 696 711 783 790
? 15 104 119 191 205 253 296 398 433 517 523 570 627 692 765 781
? 15 55 69 184 252 269 323 382 404 424 466 511 574 612 661 675
? 15 123 149 176 198 270 333 350 391 650 666 711 712 713 757 763
? 15 10 60 62 125 212 388 429 465 473 518 582 665 690 734 772
? 15 33 101 232 254 300 306 346 445 447 522 527 567 637 704 778
? 15 97 154 207 260 301 304 376 434 515 543 560 605 662 751 793
? 15 7 23 31 68 128 144 231 362 379 462 470 545 616 644 651
? 15 18 129 148 160 250 292 295 420 497 502 531 622 639 740 798
? 15 11 73 174 206 243 343 389 392 413 469 484 514 611 642 766
? 15 107 111 118 145 228 293 371 381 396 557 589 590 609 723 733
? 15 24 37 139 143 146 168 242 364 419 426 459 539 540 593 647
? 15 155 187 398 408 421 481 493 519 603 607 659 702 715 789 796
? 15 11 32 82 163 319 363 374 484 634 688 700 705 727 760 798
? 15 7 23 31 128 158 236 362 379 462 470 477 530 598 616 644
? 15 27 50 226 294 451 498 501 548 561 592 721 736 747 750 770
? 15 46 52 135 202 283 307 314 329 347 448 452 499 640 724 780
? 15 6 98 109 177 274 318 345 369 487 510 541 606 628 632 693
? 15 2 13 109 210 267 274 318 345 369 395 461 487 510 606 632
? 15 19 96 138 150 272 370 394 450 581 609 648 679 694 735 791
? 15 7 128 214 231 284 288 311 335 362 379 410 470 545 616 742
? 15 125 178 207 212 260 376 388 429 430 465 515 550 690 772 793
? 15 36 58 161 199 323 355 404 466 482 511 604 612 661 677 764
? 15 38 41 112 166 204 220 416 441 460 538 575 670 732 774 785
? 15 0 110 188 191 253 407 440 523 608 654 657 698 702 775 786
? 15 12 47 164 263 342 367 384 405 427 438 587 602 618 710 738
? 15 118 216 218 361 417 437 445 500 522 547 596 629 708 733 773
? 15 102 165 215 285 334 463 485 552 621 643 726 730 743 759 795
? 15 10 42 125 175 178 212 388 430 465 473 524 664 665 690 691
? 15 19 96 150 272 275 370 375 394 450 581 648 663 694 735 791
? 15 5 22 28 56 134 264 273 348 356 360 436 597 649 725 741
? 15 12 30 405 408 427 438 478 519 551 587 602 618 659 681 689
? 15 15 35 51 122 151 179 208 271 366 378 402 403 566 626 701
? 15 239 259 286 312 337 478 481 493 601 607 659 681 706 715 767
? 15 12 164 239 367 427 438 478 587 601 602 618 681 738 779 783
? 15 48 66 76 78 123 149 213 246 553 696 712 756 761 763 790
? 15 78 79 113 116 246 358 533 585 591 636 668 687 761 779 790
? 15 90 94 161 185 314 326 338 347 355 400 482 640 764 768 792
? 15 128 182 195 214 231 284 288 311 327 335 362 379 410 671 742
? 15 20 31 54 68 70 144 422 462 470 577 616 625 644 651 731
? 15 10 42 125 175 178 212 388 430 473 524 664 665 682 690 691
? 15 48 66 149 198 213 270 357 391 555 685 711 712 713 757 763
? 15 43 74 147 162 244 251 278 289 330 399 401 418 434 718 720
? 15 112 166 172 204 220 308 431 444 460 538 613 670 717 774 776
? 15 3 17 26 49 142 222 344 351 359 453 619 620 638 672 697
? 15 59 126 190 240 282 339 476 480 507 516 558 623 683 759 771
? 15 30 239 286 427 438 478 493 587 601 607 618 659 681 706 738
? 15 63 115 192 249 304 317 325 400 449 543 560 605 619 635 662
? 15 24 37 126 139 143 242 341 364 419 426 459 539 540 593 645
? 15 25 38 112 189 416 443 488 490 496 506 521 575 584 684 785
? 15 63 90 115 192 249 307 317 325 326 400 448 449 452 499 768
? 15 80 137 225 277 287 385 436 563 568 576 597 676 709 784 787
? 15 5 22 28 51 56 264 273 356 360 436 559 568 597 725 784
? 15 61 154 301 303 310 315 324 331 336 380 428 432 449 520 655
? 15 11 174 206 250 343 354 363 389 392 413 469 484 514 531 766
? 15 27 50 169 196 229 498 501 504 548 592 721 736 747 750 770
? 15 70 106 236 276 415 462 477 513 530 535 554 598 599 610 731
? 15 98 174 177 206 243 298 343 348 352 389 390 392 413 483 628
? 15 104 119 191 205 219 296 398 433 517 523 570 627 692 765 781
? 15 2 15 134 140 151 217 267 290 309 373 464 483 509 542 797
? 15 38 41 183 204 209 411 441 460 491 575 670 705 732 769 785
? 15 27 50 169 234 485 498 501 548 592 721 726 736 750 770 795
? 15 69 130 167 280 361 381 382 528 574 579 586 590 595 596 739
? 15 72 78 79 105 116 454 533 585 591 636 668 687 755 761 779
? 15 118 132 138 153 228 262 293 316 322 340 495 578 600 609 777
? 15 2 13 109 210 267 274 290 318 369 395 461 509 510 606 797
? 15 73 98 108 177 203 243 305 352 423 469 475 611 642 658 728
? 15 118 132 216 218 316 322 417 437 500 547 578 589 708 733 773
? 15 5 22 56 224 273 356 436 532 559 568 576 597 725 753 784
? 15 19 150 255 275 370 375 394 450 505 541 581 648 663 735 791
? 15 50 169 234 285 334 485 498 501 548 721 726 736 750 770 795
? 15 8 40 64 75 85 221 245 372 397 439 492 669 695 729 758
? 15 3 17 26 44 49 92 142 222 344 351 494 573 620 638 697
? 15 38 112 416 443 460 488 490 506 521 575 584 670 762 774 785
? 15 130 252 266 303 323 331 382 424 425 428 503 574 579 612 699
? 15 51 65 124 208 241 271 378 383 402 403 566 626 701 714 716
? 15 49 192 202 249 283 307 329 344 359 448 452 499 619 640 780
? 15 104 191 205 253 296 398 421 433 517 523 570 627 702 781 789
? 15 25 80 137 181 256 416 443 458 488 496 506 521 571 614 762
? 15 5 22 28 56 134 264 273 356 360 436 559 597 725 741 753
? 15 28 140 206 298 309 343 348 389 390 392 464 483 542 628 741
? 15 97 125 154 207 260 376 388 429 430 465 515 518 751 772 793
? 15 57 193 211 221 257 281 302 365 397 414 492 633 646 669 719
? 15 85 104 187 205 296 398 421 481 517 603 627 660 692 765 796
? 15 77 153 255 275 370 375 394 486 505 581 648 663 694 735 791
? 15 73 98 108 177 203 275 305 352 423 505 541 611 632 693 728
? 15 7 23 106 158 236 362 477 513 530 535 598 610 617 644 673
? 15 37 139 143 168 242 341 364 419 426 459 539 540 593 645 647
? 15 107 111 145 197 228 371 381 396 557 589 590 596 723 733 799
? 15 55 69 184 252 266 269 323 382 424 466 511 574 612 661 675
? 15 84 85 104 119 205 219 296 372 471 517 570 627 692 748 765
? 15 21 111 130 167 171 197 280 528 537 557 590 723 739 744 799
? 15 176 198 270 321 350 391 412 446 624 631 650 666 703 711 757
? 15 79 105 164 239 454 585 591 636 668 687 738 755 761 779 783
? 15 45 99 176 321 333 350 391 393 455 468 512 564 615 650 666
? 15 38 41 183 204 209 411 441 460 575 584 670 732 769 774 785
? 15 32 82 183 319 363 374 484 634 688 700 705 727 745 760 769
? 15 107 118 132 228 316 322 340 437 495 578 589 600 708 733 777
? 15 19 255 275 370 375 394 450 486 505 581 648 663 694 735 791
? 15 29 75 84 85 104 119 219 296 372 471 570 627 692 748 765
? 15 3 17 26 44 49 93 142 157 222 344 351 353 620 638 697
? 15 5 51 56 65 124 208 241 271 277 403 568 597 701 709 714
? 15 37 139 146 168 195 242 291 364 386 419 426 540 645 647 671
? 15 9 103 196 229 238 281 312 365 414 504 594 633 736 747 750
? 15 76 123 149 198 270 333 357 391 650 666 711 712 713 757 763
? 15 20 31 54 68 70 106 415 422 462 477 577 625 644 651 731
? 15 74 97 207 244 304 401 434 543 560 605 635 662 672 720 751
? 15 82 170 183 209 354 363 411 491 634 680 705 727 745 760 769
? 15 12 100 117 156 263 342 367 384 405 438 467 551 587 602 710
? 15 55 58 161 252 266 269 323 355 404 425 466 511 612 661 675
? 15 16 24 48 66 126 143 213 341 507 516 539 555 593 630 685
? 15 129 131 148 160 250 295 420 497 502 525 529 531 622 639 740
? 15 38 53 186 189 224 332 443 490 521 532 584 652 684 753 785
? 15 27 81 103 196 223 229 281 299 414 451 504 592 736 747 750
? 15 30 155 253 405 408 427 467 519 551 587 602 689 702 715 789
? 15 39 67 201 227 328 368 377 387 536 583 678 686 703 752 782
? 15 16 48 66 76 213 339 357 553 555 630 685 712 713 756 763
? 15 3 26 44 49 92 142 152 157 222 344 351 494 573 620 697
? 15 60 130 167 171 303 310 315 331 336 380 429 432 528 582 655
? 15 95 139 146 158 236 288 362 364 479 530 540 598 617 647 673
? 15 9 72 79 105 169 238 239 337 454 591 594 636 668 755 767
? 15 170 173 206 209 354 363 411 491 634 649 652 680 705 741 745
? 15 45 176 198 270 321 350 391 393 412 446 455 512 564 624 666
? 15 77 108 120 180 275 345 369 375 486 487 505 541 632 663 693
? 15 73 98 108 177 203 243 305 352 390 423 469 541 611 642 728
? 15 4 133 159 214 231 233 248 284 311 335 410 442 545 656 794
? 15 0 110 127 188 313 349 407 440 569 608 653 654 698 775 786
? 15 27 50 196 229 294 498 501 548 561 592 721 736 747 750 770
? 15 18 83 91 129 148 250 295 420 472 497 502 524 622 639 740
? 15 6 109 267 274 318 345 369 395 461 487 509 510 606 628 632
? 15 76 123 149 198 333 391 650 666 696 711 712 713 756 763 790
? 15 6 98 140 177 267 290 309 390 483 509 510 542 606 628 632
? 15 4 44 92 136 152 157 159 335 351 406 442 494 573 620 794
? 15 102 114 165 251 278 289 330 549 552 562 580 621 643 730 743
? 15 128 139 146 158 168 242 288 362 364 419 426 479 540 645 647
? 15 131 160 247 250 420 525 529 531 544 565 588 639 642 722 740
? 15 57 193 211 221 257 281 302 365 397 414 492 504 646 669 719
? 15 11 73 174 206 243 298 343 389 392 413 469 514 611 642 766
? 15 4 133 159 214 231 233 248 284 297 311 335 410 545 656 794
? 15 2 15 140 210 217 267 290 318 373 395 461 464 509 510 797
? 15 43 74 147 162 165 251 278 289 330 399 418 549 580 718 720
? 15 50 102 114 165 215 498 549 562 580 621 674 721 726 730 743
? 15 110 156 188 253 407 440 467 569 608 653 654 657 698 775 786
? 15 19 96 138 255 272 370 375 394 450 581 648 663 694 735 791
? 15 39 95 201 227 328 368 387 536 583 610 617 641 673 686 782
? 15 104 187 398 421 481 493 517 603 627 660 669 692 715 765 796
? 15 20 31 54 68 70 106 415 462 477 535 554 577 625 644 731
? 15 72 78 79 105 113 116 234 246 358 533 553 585 636 668 761
? 15 3 17 26 49 92 142 283 344 351 359 573 619 620 638 697
? 15 29 40 64 75 84 85 219 245 372 439 471 508 729 748 758
? 15 67 198 201 270 328 350 377 412 446 624 631 678 703 752 757
? 15 4 133 159 200 214 248 284 311 335 406 410 442 545 656 794
? 15 12 47 117 263 342 367 384 405 427 438 467 587 602 710 754
? 15 3 17 26 49 93 142 344 351 353 453 619 620 638 672 697
? 15 10 60 62 125 207 212 260 429 465 518 582 665 690 734 772
? 15 96 138 153 262 293 322 340 450 495 578 600 609 648 694 777
? 15 7 23 31 68 128 288 362 379 462 470 477 530 598 616 644
? 15 20 31 54 68 70 106 415 422 462 477 554 577 616 625 731
? 15 79 105 230 454 533 585 591 636 668 687 738 755 761 779 783
? 15 8 40 57 64 221 245 257 372 397 439 492 508 695 729 758
? 15 131 148 160 243 250 413 420 497 525 529 531 565 639 642 740
? 15 4 44 92 136 142 152 157 159 222 351 406 442 494 620 794
? 15 239 259 286 337 427 478 493 601 607 659 669 681 706 715 767
? 15 61 97 115 154 192 249 301 317 324 325 336 400 449 520 605
? 15 38 41 183 204 209 411 416 441 460 521 575 584 670 732 785
? 15 168 195 214 237 242 291 327 364 386 419 426 540 645 671 746
? 15 76 123 149 198 246 333 391 650 666 696 711 712 756 763 790
? 15 19 96 138 272 293 394 396 450 600 609 648 679 694 735 791
? 15 81 141 196 211 223 281 299 365 374 414 451 504 646 747 749
? 15 42 43 89 114 175 178 473 524 549 562 580 664 674 682 691
? 15 282 285 334 463 480 485 501 552 558 621 643 730 743 759 795
? 15 29 64 71 75 258 265 308 372 456 457 471 508 717 729 776
? 15 8 40 57 193 211 221 257 281 302 365 397 414 492 646 719
? 15 18 32 81 82 163 226 292 299 319 374 688 700 727 749 798
? 15 118 132 216 218 316 361 417 437 445 500 547 596 708 733 773
? 15 36 55 184 216 254 269 346 447 466 527 629 637 675 704 778
? 15 5 15 22 28 35 51 56 134 151 264 273 348 360 464 725
? 15 5 22 51 56 264 273 356 360 385 436 568 597 676 725 784
? 15 42 43 178 278 388 401 430 474 515 550 562 664 682 718 772
? 15 0 104 110 119 127 191 205 253 296 398 433 523 570 654 781
? 15 5 22 28 35 51 56 134 264 273 356 360 436 464 597 725
? 15 55 69 184 216 252 269 346 361 447 466 574 586 629 675 778
? 15 44 49 92 202 283 307 329 359 448 452 494 573 737 780 788
? 15 9 72 103 196 229 238 239 312 337 414 594 601 633 755 767
? 15 42 43 89 114 178 251 278 289 549 550 562 580 664 674 682
? 15 97 154 244 301 304 376 434 520 543 560 605 635 662 751 793
? 15 37 126 143 190 242 291 341 364 419 426 507 516 539 593 623
? 15 73 108 177 203 275 305 352 423 475 541 611 632 658 693 728
? 15 77 120 180 275 345 369 375 486 487 505 581 606 632 663 693
? 15 1 34 91 131 160 247 250 261 525 529 544 565 588 707 722
? 15 66 78 113 116 246 339 358 480 533 553 558 585 756 761 790
? 15 30 155 191 253 398 408 421 519 551 659 689 702 715 789 796
? 15 69 280 361 381 557 574 579 586 590 595 596 629 675 733 739
? 15 11 32 170 173 354 363 413 484 514 634 680 688 705 745 766
? 15 12 117 263 342 367 384 405 438 467 551 587 602 618 689 710
? 15 81 82 141 163 299 319 374 634 700 705 727 749 760 769 798
? 15 66 78 113 116 234 246 282 285 358 480 533 553 558 585 761
? 15 3 44 49 92 142 152 202 283 329 359 494 573 620 697 737
? 15 42 43 178 388 401 430 465 474 515 550 664 665 682 718 772
? 15 14 168 182 190 195 235 237 291 327 386 435 667 671 742 746
? 15 47 76 99 164 230 333 342 367 489 615 687 696 754 779 783
? 15 104 119 191 205 296 398 433 517 523 570 603 627 692 765 781
? 15 77 109 120 180 274 275 345 369 486 487 505 606 632 663 693
? 15 55 69 184 252 323 382 424 425 466 503 511 574 612 661 675
? 15 76 123 149 198 270 333 350 391 615 650 666 696 711 757 763
? 15 10 62 83 91 125 212 430 465 472 473 518 524 665 690 734
? 15 33 101 232 254 300 306 346 445 447 522 567 637 704 773 778
? 15 97 154 207 244 301 304 376 434 543 560 605 635 662 751 793
? 15 7 23 31 68 128 144 231 284 362 379 470 545 616 644 651
? 15 18 129 148 163 292 295 420 497 502 531 622 639 688 740 798
? 15 73 174 177 206 243 298 343 352 389 390 392 413 469 514 766
? 15 107 111 118 132 145 228 371 381 557 586 589 590 596 723 733
? 15 24 139 146 168 242 364 419 426 459 479 539 540 593 645 647
? 15 30 155 408 421 427 493 519 551 587 607 659 689 715 789 796
? 15 11 32 82 170 319 363 484 634 680 688 700 705 727 745 760
? 15 7 23 31 68 128 288 362 379 462 470 479 530 545 616 644
? 15 27 50 163 226 268 292 294 561 592 721 736 747 750 770 798
? 15 46 52 90 135 283 307 314 329 338 347 448 452 499 640 724
? 15 98 109 274 318 345 369 423 486 487 505 510 541 606 632 693
? 15 2 6 13 109 210 267 274 318 369 395 461 509 510 606 632
? 15 19 96 138 153 272 293 394 396 450 600 609 648 694 735 791
? 15 128 133 200 214 231 284 288 311 335 379 410 470 545 742 794
? 15 125 207 212 260 376 388 429 430 465 474 515 518 665 690 772
? 15 58 161 199 252 279 323 355 404 425 482 511 604 661 677 764
? 15 38 41 57 112 166 204 220 441 460 538 575 670 732 774 785
? 15 0 110 155 188 253 440 523 608 653 654 657 698 702 775 786
? 15 12 47 117 263 342 367 384 405 438 467 587 602 618 710 754
? 15 69 184 216 218 254 346 361 417 445 447 547 596 629 773 778
? 15 59 102 165 215 463 485 552 621 643 726 730 743 759 771 795
? 15 10 42 62 125 175 212 388 430 465 473 524 665 682 690 691
? 15 19 34 96 138 150 247 261 272 394 450 475 648 722 735 791
? 15 22 28 134 206 264 273 298 343 348 360 389 392 649 725 741
? 15 30 408 427 478 493 519 551 587 602 607 618 659 681 689 715
? 15 35 51 122 124 179 208 271 366 378 402 403 566 626 701 714
? 15 187 259 286 302 312 337 478 493 594 607 659 669 681 706 767
? 15 12 30 164 263 342 367 427 438 478 587 602 618 681 710 738
? 15 76 79 123 149 230 246 333 585 687 696 711 756 761 763 790
? 15 76 78 79 113 230 246 533 585 591 636 668 687 761 779 790
? 15 63 90 94 161 185 314 325 326 338 347 425 503 699 768 792
? 15 128 168 195 214 231 242 288 327 386 419 479 540 645 647 742
? 15 20 23 31 54 68 144 422 462 470 545 616 625 644 651 731
? 15 42 89 175 212 388 430 465 473 474 524 664 665 682 690 691
? 15 16 48 66 123 149 198 213 357 685 711 712 713 756 757 763
? 15 74 147 162 244 251 278 289 330 399 401 418 434 435 718 720
? 15 41 112 166 172 204 220 431 444 460 538 613 670 717 774 776
? 15 3 17 26 49 142 304 344 359 453 619 620 635 638 672 697
? 15 37 59 126 143 190 240 341 476 507 516 546 623 683 759 771
? 15 30 239 286 337 427 478 493 587 601 607 618 681 706 738 767
? 15 63 115 192 249 317 325 326 400 448 449 452 499 520 605 768
? 15 24 37 139 143 146 242 341 364 419 426 459 539 540 593 645
? 15 25 53 256 332 416 443 458 488 490 506 521 571 584 614 684
? 15 80 137 186 225 241 277 287 385 563 568 576 676 709 784 787
? 15 7 20 23 31 54 68 70 362 379 462 470 477 616 644 731
? 15 5 22 56 224 264 273 356 360 436 559 576 597 725 753 784
? 15 61 130 171 260 301 303 310 315 331 336 380 429 432 582 655
? 15 11 32 170 174 206 343 354 363 389 392 413 484 514 531 766
? 15 27 50 229 294 451 498 504 548 561 592 721 736 747 750 770
? 15 70 106 236 276 368 477 513 530 535 554 598 599 610 641 673
? 15 28 174 206 298 343 348 389 390 392 413 483 542 649 741 766
? 15 84 104 119 191 205 219 296 398 433 517 523 570 627 692 765
? 15 15 35 134 140 151 217 264 267 290 309 348 373 464 542 797
? 15 50 72 169 234 334 485 498 501 548 592 721 736 750 770 795
? 15 69 130 167 280 331 381 382 528 557 574 579 586 590 595 739
? 15 138 153 262 293 316 322 340 437 495 578 600 609 648 694 777
? 15 2 6 13 109 210 267 274 318 369 373 395 461 509 510 797
? 15 73 203 243 305 352 423 469 475 541 565 611 642 658 722 728
? 15 118 132 216 218 316 322 340 417 437 445 500 547 578 708 773
? 15 5 22 56 224 273 356 360 436 559 568 576 597 725 753 784
? 15 180 255 275 345 370 375 394 486 487 505 581 648 663 693 735
? 15 50 169 234 282 285 334 463 485 498 501 548 621 730 770 795
? 15 8 40 64 75 85 245 372 439 492 508 660 669 695 729 758
? 15 3 44 49 92 142 152 157 222 344 351 494 573 620 638 697
? 15 38 41 189 209 411 416 488 490 506 521 575 584 670 732 785
? 15 252 266 303 323 331 382 424 425 428 503 574 595 612 661 699
? 15 35 51 124 179 208 271 378 383 402 403 566 626 701 714 716
? 15 3 26 49 202 283 307 329 359 448 452 499 573 619 697 780
? 15 104 191 205 253 296 398 421 517 523 570 603 627 692 702 765
? 15 25 80 137 181 256 416 443 458 488 496 506 526 571 614 762
? 15 5 22 28 56 134 224 264 273 356 360 436 559 597 725 753
? 15 6 140 267 290 298 309 348 373 389 390 464 483 509 542 628
? 15 125 154 207 260 301 376 380 429 432 465 515 518 582 772 793
? 15 57 193 211 221 257 281 302 312 365 397 414 633 646 669 719
? 15 84 104 119 191 205 219 296 398 517 523 570 603 627 692 765
? 15 77 120 153 180 255 275 370 375 394 486 505 581 648 663 735
? 15 73 98 108 177 203 305 352 423 475 541 606 611 632 693 728
? 15 7 158 236 362 368 379 477 513 530 535 598 610 617 644 673
? 15 37 139 143 146 168 195 242 364 419 426 459 539 540 593 645
? 15 107 111 118 132 145 228 371 381 396 589 590 596 600 723 733
? 15 55 58 69 184 252 269 323 346 466 511 527 574 612 661 675
? 15 84 85 104 119 191 205 219 296 471 517 570 627 692 748 765
? 15 130 266 280 303 323 331 382 424 425 428 503 574 579 595 612
? 15 1 21 60 121 130 167 171 197 528 537 582 734 739 744 799
? 15 45 67 176 198 270 321 350 412 446 624 631 666 703 752 757
? 15 79 105 230 239 454 585 591 601 636 668 687 738 755 779 783
? 15 45 99 176 194 270 321 333 350 393 446 455 468 512 564 666
? 15 38 41 166 183 204 209 416 441 460 575 584 670 732 774 785
? 15 32 81 82 183 299 374 441 634 700 705 727 745 749 760 769
? 15 118 132 228 262 293 316 322 340 437 495 578 600 609 694 777
? 15 19 138 153 180 255 275 370 375 394 450 581 648 663 694 735
? 15 75 84 85 104 119 205 219 296 471 517 570 627 692 748 765
? 15 4 44 92 136 142 152 157 200 222 351 353 406 442 620 794
? 15 5 51 56 124 208 241 271 277 378 402 403 409 568 701 714
? 15 139 146 168 195 242 291 364 386 419 426 539 540 645 647 746
? 15 76 123 149 198 213 357 391 650 666 711 712 713 756 757 763
? 15 20 31 54 68 70 106 415 422 462 477 577 616 625 651 731
? 15 74 97 162 207 244 376 401 434 515 543 560 662 718 751 793
? 15 32 82 170 173 183 363 491 634 680 700 705 727 745 760 769
? 15 12 100 117 156 263 342 384 405 438 467 551 602 657 689 710
? 15 58 161 252 323 355 404 425 466 482 511 604 612 661 677 764
? 15 16 48 66 126 143 213 339 341 476 507 516 553 555 630 712
? 15 83 91 129 131 148 250 295 420 472 497 502 531 622 639 740
? 15 53 189 209 224 411 416 490 491 521 532 575 584 652 684 785
? 15 27 81 196 223 226 229 299 414 451 504 561 592 736 747 750
? 15 30 155 405 408 427 438 519 551 587 602 659 689 702 715 789
? 15 39 67 201 227 328 368 377 536 583 631 678 686 703 752 782
? 15 16 48 66 213 339 357 553 555 630 685 711 712 713 756 763
? 15 61 130 167 171 266 303 310 315 331 336 380 432 528 582 655
? 15 95 146 158 227 236 368 479 513 530 598 610 617 673 686 782
? 15 9 72 79 103 105 169 238 239 454 591 601 636 668 755 761
? 15 32 82 170 173 183 209 354 363 411 491 634 652 680 705 745
? 15 45 176 270 321 350 391 393 412 446 455 512 564 624 650 666
? 15 73 98 108 177 203 243 305 352 423 469 541 611 642 658 728
? 15 4 133 159 200 214 231 233 248 284 311 335 410 545 656 794
? 15 83 91 129 131 148 175 295 420 472 497 502 524 622 639 740
? 15 6 98 109 177 274 318 345 369 486 487 510 541 606 632 693
? 15 76 123 149 198 246 333 357 391 650 696 711 712 756 763 790
? 15 6 98 140 267 290 298 309 348 373 390 483 509 510 542 628
? 15 4 44 92 136 152 157 159 222 311 351 406 442 494 620 794
? 15 102 114 165 215 251 278 289 330 549 552 580 621 643 730 743
? 15 139 146 168 195 242 288 364 419 426 459 479 539 540 645 647
? 15 34 131 160 247 250 261 420 525 529 544 565 588 639 707 722
? 15 11 73 160 174 243 250 343 413 469 484 514 531 565 642 766
? 15 4 133 159 233 248 284 297 311 335 406 410 442 545 656 794
? 15 2 15 122 140 151 217 267 290 309 373 395 461 464 509 797
? 15 43 74 162 165 178 251 278 289 330 418 549 550 562 580 718
? 15 102 114 165 215 463 485 501 549 552 621 643 726 730 743 795
? 15 110 156 188 384 407 440 467 569 608 653 654 657 698 775 786
? 15 19 96 150 255 272 275 370 375 394 450 581 648 663 735 791
? 15 39 95 158 201 227 328 368 377 387 536 583 617 673 686 782
? 15 39 67 95 201 227 328 368 377 536 583 641 678 686 752 782
? 15 187 245 259 421 481 493 517 603 607 627 660 669 692 765 796
? 15 20 31 54 70 106 415 462 477 513 535 554 577 616 625 731
? 15 78 79 105 113 116 234 246 358 533 585 636 668 687 761 790
? 15 3 17 26 49 92 142 202 344 359 573 619 620 638 697 780
? 15 29 40 64 71 75 85 219 245 372 439 471 508 729 748 758
? 15 45 67 198 201 270 321 350 412 446 624 631 678 703 752 757
? 15 4 14 157 159 200 222 231 284 311 335 406 410 442 545 794
? 15 12 47 117 164 263 342 367 384 405 438 587 602 618 710 754
? 15 1 34 88 121 261 525 529 537 544 588 679 707 734 744 799
? 15 58 94 161 199 252 279 355 404 482 511 604 661 677 764 792
? 15 16 66 78 113 116 213 246 282 339 476 480 516 553 558 756
? 15 53 186 224 256 287 332 356 443 532 559 576 676 684 753 784
? 15 15 35 122 151 179 208 217 271 366 378 402 403 566 626 797
!
530 598 236 
530 598
598 236
177 98 
177 98
736 
396 107 371 228 589 118 145 293 
371 228
228 589
371 145
589 118
396 107
396 293
107 371
261 707 34 247 150 
261 707
707 34
247 150
34 247
133 656 233 248 86 159 4 406 442 297 
656 233
133 656
233 248
656 297
406 442
4 406
248 86
159 4
248 159
260 429 582 
260 429
429 582
555 630 685 
555 630
630 685
422 625 
422 625
161 355 404 511 764 
161 355
355 404
161 764
404 511
240 59 
240 59
515 388 772 430 474 550 718 178 664 42 
178 664
474 550
388 772
474 178
664 42
515 388
430 474
388 430
550 718
702 253 
702 253
370 
714 124 716 383 572 
716 383
383 572
714 124
714 716
60 537 744 171 
537 744
744 171
60 537
760 769 441 183 732 38 
760 769
732 38
769 441
441 183
441 732
395 210 461 2 797 
210 461
395 210
395 2
2 797
156 100 
156 100
609 600 
609 600
106 
69 675 252 466 55 629 184 
466 55
629 184
252 466
69 675
675 252
69 629
709 277 241 409 65 
709 277
277 241
241 409
409 65
618 367 263 438 602 
438 602
263 438
367 263
618 367
704 637 447 254 
704 637
447 254
637 447
405 467 384 117 
467 384
405 467
384 117
382 574 612 323 661 
612 323
323 661
574 612
382 574
520 449 
520 449
172 444 613 534 
172 444
444 613
613 534
535 
696 333 615 
333 615
696 333
399 147 720 418 74 162 
399 147
74 162
147 720
720 418
720 74
706 286 
706 286
527 
480 558 282 553 339 66 756 763 149 123 711 
558 282
149 123
553 339
149 711
756 763
480 558
553 66
763 149
66 756
480 553
731 462 
731 462
274 318 510 
318 510
274 318
58 36 
58 36
617 673 158 
617 673
617 158
601 681 478 427 587 
427 587
601 681
681 478
478 427
112 762 526 
112 762
762 526
52 46 
52 46
113 78 
113 78
428 503 425 699 424 
503 425
428 503
425 699
503 424
747 
187 481 603 796 421 517 660 
796 421
603 796
481 603
187 481
187 660
603 517
692 627 765 104 
692 627
627 765
765 104
504 
312 
49 619 359 283 329 
283 329
49 619
619 359
359 283
686 368 610 641 276 599 
276 599
686 368
368 610
610 641
610 276
132 578 322 316 
132 578
578 322
322 316
394 
204 
753 652 
753 652
780 202 307 
780 202
780 307
701 208 271 
208 271
701 208
477 
131 91 83 
91 83
131 91
337 767 594 9 238 103 229 196 
9 238
238 103
229 196
594 9
767 594
337 767
103 229
688 
791 
353 351 222 157 
222 157
353 351
351 222
451 223 
451 223
94 338 
94 338
169 72 755 234 
169 72
72 755
169 234
620 142 92 44 494 152 136 573 697 
620 142
44 494
92 44
152 136
44 152
142 92
142 573
142 697
11 32 484 
11 32
11 484
192 317 115 249 400 63 325 326 768 185 792 
115 249
249 400
317 115
192 317
249 63
63 325
185 792
325 326
768 185
326 768
745 680 173 170 
173 170
745 680
680 173
633 
93 638 17 
638 17
93 638
788 737 135 320 
788 737
788 135
135 320
224 53 684 532 186 332 559 576 
559 576
532 186
186 332
332 559
224 53
224 532
53 684
497 740 502 622 472 
497 740
497 502
502 622
622 472
89 674 549 114 580 562 268 
580 562
89 674
549 114
674 549
549 580
89 268
275 581 663 735 
581 663
275 581
581 735
682 691 175 524 
175 524
682 691
691 175
125 465 665 690 473 212 10 62 518 
125 465
690 473
212 10
665 690
10 62
465 665
465 518
665 212
220 
698 
372 75 64 508 71 29 258 
508 71
75 64
29 258
372 75
64 508
64 29
230 783 738 164 489 47 
738 164
230 783
783 738
489 47
783 489
305 541 423 108 693 
541 423
305 541
423 108
108 693
777 340 495 
340 495
777 340
776 717 431 538 
776 717
431 538
717 431
482 677 199 604 279 
482 677
677 199
604 279
199 604
129 295 18 292 226 798 163 319 700 374 749 81 299 727 
374 749
798 163
81 299
700 374
163 319
292 226
129 295
700 727
749 81
129 18
292 798
319 700
18 292
76 
514 413 174 343 392 
343 392
413 174
174 343
514 413
757 703 198 
757 703
757 198
82 705 634 363 
82 705
82 634
634 363
653 
593 24 459 
24 459
593 24
201 328 583 39 536 782 227 95 377 387 
377 387
583 39
39 536
328 583
39 782
782 227
201 328
227 95
782 377
586 381 596 733 361 
381 596
596 733
586 381
586 361
498 501 485 795 334 285 463 
485 795
334 285
795 334
501 485
498 501
795 463
126 341 143 
341 143
126 341
554 
669 
794 335 311 
335 311
794 335
420 639 250 531 148 
639 250
250 531
531 148
420 639
569 
269 346 778 
269 346
346 778
189 490 
189 490
50 721 294 27 561 
294 27
50 721
27 561
721 294
499 448 452 
448 452
499 448
386 195 168 419 645 242 540 364 426 539 
419 645
645 242
195 168
426 539
168 419
364 426
645 540
645 364
386 195
566 626 
566 626
41 670 460 774 166 
670 460
774 166
460 774
41 670
770 548 
770 548
232 306 
232 306
522 567 
522 567
398 
375 255 
375 255
407 
342 710 12 
710 12
342 710
491 209 411 
209 411
491 209
588 525 529 
588 525
525 529
632 487 345 486 505 77 120 180 
345 486
345 505
487 345
505 77
120 180
632 487
77 120
694 153 262 
694 153
694 262
90 314 
90 314
389 390 483 348 298 
348 298
390 483
483 348
389 390
216 445 773 218 
773 218
445 773
216 445
354 
657 
188 110 786 775 654 0 
786 775
188 110
110 786
654 0
110 654
784 
137 571 458 614 
571 458
458 614
137 571
785 575 584 521 416 488 506 496 
521 416
575 584
416 488
488 506
584 521
785 575
506 496
200 14 182 667 742 214 
14 182
182 667
200 14
182 742
742 214
270 624 412 631 45 321 446 
624 412
45 321
321 446
624 45
412 631
270 624
437 
33 
726 102 215 621 730 743 552 643 759 771 683 623 165 289 278 43 330 251 
330 251
102 215
552 643
743 552
289 278
289 330
771 683
726 102
759 771
730 743
683 623
278 43
215 621
621 730
743 165
643 759
165 289
181 
722 658 475 
658 475
722 658
296 570 433 781 205 191 
433 781
205 191
570 433
296 570
296 205
85 84 119 
84 119
85 84
414 281 646 365 193 719 397 211 257 221 302 259 
719 397
193 719
257 221
414 281
646 365
211 257
193 211
414 646
365 193
193 302
302 259
347 
141 
608 
650 391 666 
650 391
391 666
256 443 25 
443 25
256 443
48 213 712 357 713 
357 713
213 712
48 213
712 357
51 
606 369 109 13 
369 109
606 369
109 13
6 628 542 309 290 140 464 151 373 267 509 
290 140
628 542
267 509
464 151
290 373
542 309
373 267
309 290
6 628
140 464
469 73 611 728 203 352 243 
728 203
203 352
73 611
73 243
611 728
469 73
724 
440 
134 264 273 56 5 597 436 568 
56 5
5 597
134 264
273 56
597 436
264 273
597 568
679 
239 
300 101 
300 101
725 360 22 356 
725 360
22 356
360 22
457 265 456 
457 265
265 456
130 331 310 315 303 655 432 336 61 324 380 266 
310 315
61 324
655 432
331 310
655 380
336 61
432 336
303 655
310 303
130 331
331 266
741 206 649 28 
741 206
741 649
649 28
513 
217 122 366 179 
122 366
366 179
217 122
546 190 235 237 746 671 327 291 
546 190
746 671
237 746
235 237
746 291
671 327
190 235
410 284 231 128 545 
284 231
410 284
284 545
231 128
672 453 
672 453
766 
7 23 644 616 31 
7 23
616 31
23 644
644 616
288 647 479 
647 479
288 647
678 752 67 
678 752
752 67
435 
450 138 648 
450 138
450 648
523 
37 
350 176 
350 176
642 565 160 
565 160
642 565
607 493 659 715 408 
493 659
659 715
607 493
715 408
57 
313 127 349 
313 127
313 349
80 
30 689 551 519 155 
30 689
519 155
689 551
551 519
15 35 
15 35
88 799 197 557 739 167 528 21 723 111 590 280 579 595 
723 111
280 579
723 590
557 739
579 595
739 167
167 528
167 21
197 557
557 723
557 280
88 799
799 197
219 748 471 
748 471
219 748
695 492 
695 492
8 
54 20 577 415 
20 577
54 20
577 415
246 790 
246 790
476 516 507 16 
476 516
516 507
507 16
789 
378 403 402 
403 402
378 403
468 393 512 564 455 
512 564
393 512
512 455
468 393
401 434 244 751 
434 244
401 434
244 751
308 
708 
70 
544 1 121 734 
544 1
544 121
121 734
272 96 19 
272 96
272 19
344 3 26 
344 3
344 26
68 470 144 651 
144 651
68 470
470 144
40 
547 417 500 
547 417
417 500
640 
563 225 287 676 385 787 
385 787
676 385
563 225
287 676
225 287
592 750 
592 750
99 194 
99 194
729 758 439 245 
439 245
729 758
758 439
358 116 
358 116
362 379 
362 379
301 154 97 543 662 560 304 635 605 793 376 207 
793 376
543 662
376 207
560 304
662 560
301 154
662 605
304 635
97 543
154 97
154 793
556 87 754 
556 87
556 754
146 139 
146 139
454 636 591 668 79 687 585 761 533 779 105 
636 591
591 668
454 636
585 761
668 79
687 585
761 533
79 687
668 779
454 105
