? 5 242 371 474 716 766
? 5 193 222 343 414 606
? 5 45 174 237 340 779
? 5 74 121 292 561 683
? 5 181 599 648 664 717
? 5 419 426 542 572 598
? 5 110 276 333 391 622
? 5 66 89 191 573 649
? 5 36 99 111 112 494
? 5 8 49 464 585 705
? 5 31 229 619 652 703
? 5 17 178 575 577 661
? 5 170 197 255 467 558
? 5 113 408 450 489 689
? 5 74 118 127 569 663
? 5 258 346 447 538 666
? 5 29 266 283 377 723
? 5 42 211 362 509 664
? 5 96 337 475 551 659
? 5 231 565 677 731 772
? 5 60 94 215 358 504
? 5 87 204 272 360 733
? 5 114 176 287 438 487
? 5 178 575 577 655 661
? 5 37 254 435 524 555
? 5 15 72 142 481 715
? 5 43 105 263 441 519
? 5 80 202 294 304 355
? 5 386 442 632 657 790
? 5 86 226 498 544 726
? 5 473 497 635 705 721
? 5 49 323 464 473 635
? 5 215 504 534 608 620
? 5 110 120 276 333 622
? 5 63 65 177 623 719
? 5 54 93 320 511 782
? 5 121 292 527 561 683
? 5 10 192 243 662 670
? 5 43 105 267 441 519
? 5 102 264 516 548 668
? 5 87 257 272 360 733
? 5 50 81 231 565 772
? 5 37 303 435 555 747
? 5 245 266 381 581 678
? 5 149 529 675 693 754
? 5 52 143 335 612 763
? 5 375 697 711 727 795
? 5 8 49 464 473 585
? 5 23 66 347 610 771
? 5 165 321 564 587 713
? 5 13 280 390 589 600
? 5 361 427 488 527 742
? 5 157 342 510 530 536
? 5 298 429 465 601 770
? 5 57 90 456 615 690
? 5 141 400 423 611 726
? 5 338 406 428 492 618
? 5 28 346 447 538 666
? 5 64 218 299 470 782
? 5 138 194 195 235 541
? 5 0 41 162 201 324
? 5 201 265 609 764 777
? 5 306 496 674 686 784
? 5 59 102 103 214 260
? 5 200 279 309 383 746
? 5 106 213 228 282 627
? 5 0 26 162 482 744
? 5 108 159 452 477 594
? 5 57 90 456 690 756
? 5 128 246 253 433 750
? 5 57 154 456 615 690
? 5 76 85 514 566 694
? 5 96 134 337 551 680
? 5 81 146 483 580 707
? 5 288 324 581 678 785
? 5 0 186 201 324 581
? 5 119 156 278 631 776
? 5 109 415 561 683 760
? 5 58 103 560 584 647
? 5 217 254 354 437 524
? 5 171 306 674 686 784
? 5 160 264 516 548 668
? 5 88 349 500 518 530
? 5 65 346 442 623 666
? 5 97 184 421 444 732
? 5 5 382 537 704 726
? 5 21 71 131 459 687
? 5 237 366 460 724 797
? 5 70 91 296 301 401
? 5 82 476 697 711 727
? 5 227 449 525 621 731
? 5 196 393 422 531 554
? 5 17 22 273 650 699
? 5 12 120 333 370 626
? 5 169 221 460 462 724
? 5 280 293 390 553 589
? 5 55 140 463 692 762
? 5 140 365 692 762 796
? 5 329 566 567 591 614
? 5 10 192 367 501 662
? 5 18 117 545 582 709
? 5 203 326 417 540 765
? 5 306 496 613 674 798
? 5 107 129 238 325 353
? 5 323 464 473 635 705
? 5 11 98 258 297 538
? 5 125 306 674 686 784
? 5 80 82 355 394 757
? 5 164 330 349 457 550
? 5 109 187 365 472 762
? 5 53 175 517 682 730
? 5 130 310 314 315 405
? 5 167 263 586 595 729
? 5 321 522 587 651 780
? 5 95 331 466 469 776
? 5 123 590 592 737 753
? 5 239 404 418 603 656
? 5 239 601 603 656 791
? 5 259 373 379 448 517
? 5 259 379 448 769 788
? 5 332 477 479 687 708
? 5 51 375 476 711 786
? 5 104 202 250 304 576
? 5 107 325 352 353 781
? 5 121 361 427 527 742
? 5 16 105 267 327 411
? 5 0 26 41 162 201
? 5 185 298 429 465 770
? 5 149 461 574 693 743
? 5 87 257 351 719 733
? 5 78 220 307 508 519
? 5 226 229 454 498 703
? 5 334 399 417 540 787
? 5 452 477 708 725 799
? 5 101 163 187 205 485
? 5 263 403 595 633 729
? 5 64 104 212 299 614
? 5 83 284 339 343 414
? 5 196 531 554 658 679
? 5 39 77 316 578 685
? 5 43 220 307 403 519
? 5 62 152 175 712 730
? 5 432 452 477 579 708
? 5 227 388 563 734 751
? 5 82 355 394 697 757
? 5 185 239 429 465 601
? 5 28 346 447 532 538
? 5 347 610 651 771 780
? 5 103 274 319 584 741
? 5 65 346 538 623 666
? 5 170 255 293 467 558
? 5 6 207 436 486 673
? 5 72 79 409 700 715
? 5 108 432 452 579 597
? 5 227 388 449 621 751
? 5 103 274 319 341 741
? 5 235 350 493 552 728
? 5 296 401 427 488 533
? 5 176 287 438 487 638
? 5 80 202 355 394 757
? 5 64 93 218 320 782
? 5 181 286 599 648 717
? 5 92 126 151 232 285
? 5 118 127 132 415 663
? 5 99 111 172 736 755
? 5 34 92 126 232 285
? 5 119 156 331 631 776
? 5 79 244 281 392 700
? 5 223 506 525 588 677
? 5 1 78 261 307 508
? 5 146 483 580 645 707
? 5 25 35 288 446 785
? 5 100 332 477 479 743
? 5 18 339 545 667 709
? 5 13 426 484 509 672
? 5 5 180 381 592 706
? 5 61 112 113 431 689
? 5 95 251 331 466 469
? 5 80 202 304 355 757
? 5 104 117 193 385 752
? 5 137 271 273 650 699
? 5 26 41 162 482 744
? 5 244 281 312 392 700
? 5 245 590 592 753 777
? 5 296 301 401 488 533
? 5 103 319 584 647 741
? 5 284 339 343 414 606
? 5 17 22 147 273 577
? 5 32 115 116 453 546
? 5 213 228 282 544 627
? 5 58 96 560 647 680
? 5 233 279 393 531 630
? 5 60 237 340 358 504
? 5 50 81 146 231 772
? 5 408 529 675 693 754
? 5 123 182 590 737 753
? 5 299 470 566 567 614
? 5 154 456 615 690 718
? 5 50 55 146 483 625
? 5 105 267 327 411 669
? 5 317 523 761 766 798
? 5 97 212 218 470 606
? 5 45 236 256 571 608
? 5 68 101 187 683 742
? 5 286 311 410 710 717
? 5 419 426 484 572 598
? 5 103 274 276 341 528
? 5 263 403 573 595 729
? 5 111 408 494 507 675
? 5 8 33 49 160 558
? 5 297 424 439 544 619
? 5 30 166 273 367 575
? 5 40 56 255 390 659
? 5 111 113 408 489 689
? 5 121 361 527 533 663
? 5 65 98 442 538 623
? 5 29 175 283 321 587
? 5 42 153 362 410 509
? 5 58 337 560 680 701
? 5 9 223 231 449 506
? 5 215 419 484 572 598
? 5 257 272 360 464 657
? 5 203 287 438 765 787
? 5 10 30 138 166 178
? 5 7 384 524 555 715
? 5 15 79 435 481 747
? 5 16 267 327 441 519
? 5 32 202 304 697 757
? 5 31 86 226 454 498
? 5 442 464 538 623 705
? 5 272 346 442 464 657
? 5 60 94 215 358 572
? 5 260 333 391 526 622
? 5 63 87 360 719 733
? 5 75 76 320 694 782
? 5 70 292 401 434 631
? 5 10 30 166 178 367
? 5 43 110 274 528 626
? 5 185 239 298 372 790
? 5 264 473 497 549 721
? 5 63 87 141 161 733
? 5 81 313 354 749 772
? 5 323 447 585 632 666
? 5 37 122 145 471 767
? 5 180 381 678 713 735
? 5 450 494 675 693 754
? 5 52 54 335 511 640
? 5 77 270 316 375 727
? 5 8 33 40 49 558
? 5 23 78 220 610 771
? 5 73 180 241 706 713
? 5 280 286 600 664 672
? 5 361 427 527 561 663
? 5 184 421 514 536 732
? 5 239 404 429 499 603
? 5 422 431 554 654 690
? 5 123 182 537 590 611
? 5 257 346 442 464 657
? 5 97 218 470 606 778
? 5 138 178 273 501 541
? 5 0 201 482 562 744
? 5 123 245 265 764 777
? 5 247 306 371 496 798
? 5 59 103 133 319 551
? 5 154 200 254 303 309
? 5 213 228 282 439 627
? 5 0 41 201 324 744
? 5 332 477 479 594 687
? 5 68 90 262 507 756
? 5 19 181 467 601 648
? 5 23 66 253 379 788
? 5 57 456 615 718 762
? 5 93 320 566 694 782
? 5 184 421 514 518 536
? 5 96 134 405 475 701
? 5 55 140 146 625 707
? 5 14 66 89 246 750
? 5 35 162 186 324 581
? 5 119 156 185 602 656
? 5 74 118 415 533 760
? 5 58 133 560 647 741
? 5 154 217 303 309 437
? 5 171 302 451 686 784
? 5 8 160 516 558 585
? 5 164 330 349 500 740
? 5 106 382 544 704 726
? 5 47 131 172 308 459
? 5 237 340 366 504 724
? 5 70 292 296 401 636
? 5 80 304 353 355 697
? 5 223 231 449 506 677
? 5 61 112 196 431 554
? 5 138 273 367 541 575
? 5 69 120 370 568 695
? 5 322 460 462 597 759
? 5 13 170 280 600 672
? 5 313 692 707 718 749
? 5 57 692 718 762 796
? 5 342 510 567 614 629
? 5 192 230 570 617 662
? 5 18 82 430 582 786
? 5 287 438 540 765 787
? 5 371 457 496 613 758
? 5 129 238 352 535 570
? 5 264 473 497 549 666
? 5 28 65 98 532 538
? 5 284 302 686 698 784
? 5 115 294 394 503 546
? 5 125 164 330 349 500
? 5 109 295 365 472 512
? 5 53 148 696 712 730
? 5 102 214 310 475 668
? 5 73 165 241 713 780
? 5 70 296 331 401 488
? 5 245 592 609 737 753
? 5 100 219 429 499 603
? 5 321 448 522 564 682
? 5 152 373 517 769 788
? 5 452 477 479 594 725
? 5 51 82 545 752 786
? 5 104 212 250 503 576
? 5 80 353 355 505 697
? 5 68 101 190 683 742
? 5 105 167 208 327 411
? 5 41 162 186 562 785
? 5 197 465 601 770 791
? 5 149 240 328 461 574
? 5 177 257 272 360 657
? 5 78 191 220 610 771
? 5 31 86 226 498 703
? 5 157 334 399 530 634
? 5 398 432 579 605 708
? 5 101 187 485 683 742
? 5 136 412 595 729 794
? 5 83 139 284 698 784
? 5 531 630 641 646 679
? 5 39 77 155 270 316
? 5 84 441 508 519 626
? 5 53 266 712 723 730
? 5 275 452 479 725 799
? 5 9 227 388 491 751
? 5 148 266 283 712 730
? 5 18 51 82 476 786
? 5 465 467 601 770 791
? 5 323 447 497 635 666
? 5 165 261 347 651 768
? 5 22 400 492 537 590
? 5 48 133 144 584 741
? 5 323 447 473 635 666
? 5 8 33 516 558 585
? 5 150 207 436 628 740
? 5 277 281 392 409 468
? 5 108 432 579 605 708
? 5 54 75 76 335 640
? 5 183 227 388 491 751
? 5 103 260 274 341 528
? 5 188 194 195 552 559
? 5 74 121 533 663 760
? 5 80 353 355 697 795
? 5 85 320 566 694 782
? 5 170 286 599 600 672
? 5 126 232 259 285 379
? 5 6 114 127 487 673
? 5 36 71 308 459 755
? 5 54 75 76 320 511
? 5 126 259 285 305 624
? 5 296 301 331 636 776
? 5 277 281 389 392 409
? 5 24 84 508 519 626
? 5 483 525 580 645 731
? 5 332 479 529 594 687
? 5 193 222 339 545 752
? 5 5 180 241 706 713
? 5 3 325 653 720 789
? 5 61 111 112 113 196
? 5 95 351 466 469 719
? 5 80 353 355 697 757
? 5 51 193 222 545 752
? 5 17 137 147 650 655
? 5 10 26 30 178 235
? 5 245 265 592 609 764
? 5 287 334 540 765 787
? 5 68 179 205 262 793
? 5 343 376 414 444 642
? 5 22 338 428 492 590
? 5 116 294 453 546 576
? 5 168 228 282 568 627
? 5 233 383 630 658 679
? 5 71 332 529 687 743
? 5 123 265 592 764 777
? 5 329 567 591 614 629
? 5 398 460 462 597 759
? 5 55 146 483 625 707
? 5 100 219 499 603 681
? 5 22 406 428 492 618
? 5 175 266 283 587 712
? 5 214 310 526 548 668
? 5 268 295 365 472 512
? 5 15 79 216 722 747
? 5 72 142 395 425 700
!
130 572 775 520 495 
520 495
130 572
130 520
572 775
469 351 719 87 733 413 492 338 763 52 204 360 
763 52
351 719
413 492
351 360
469 351
492 338
733 413
338 763
413 204
719 87
87 733
721 549 264 657 532 497 635 323 447 538 98 65 623 442 705 464 346 28 473 
635 323
635 447
28 473
497 635
442 705
264 657
98 65
623 442
538 98
721 549
532 497
497 538
721 264
464 346
657 532
532 28
538 623
705 464
534 608 256 571 620 135 515 
135 515
534 608
620 135
608 256
534 620
256 571
526 102 333 260 551 668 214 647 58 337 310 701 475 680 405 96 134 560 319 103 59 341 274 528 622 110 16 327 105 411 208 669 584 167 586 412 595 729 136 633 684 794 191 253 649 66 573 14 750 643 478 391 144 48 133 741 
647 58
133 741
105 411
14 750
560 319
48 133
668 214
622 110
337 310
191 253
59 341
319 103
649 66
274 528
136 633
750 643
412 595
560 144
405 96
191 649
341 274
103 59
274 391
647 337
327 105
102 333
633 684
144 48
260 551
729 136
643 478
526 102
794 191
327 208
333 260
405 134
551 668
208 669
136 794
595 729
337 701
794 573
701 475
573 14
167 586
260 560
551 647
208 167
16 327
701 680
701 405
586 412
528 622
528 16
669 584
111 113 112 554 431 422 658 61 654 196 639 690 615 57 205 796 762 718 217 749 154 437 354 692 313 772 101 463 140 512 472 365 456 756 
205 796
113 112
654 196
762 718
154 437
217 749
554 431
313 772
749 154
463 140
472 365
205 101
692 313
196 639
615 57
111 113
463 512
512 472
437 354
61 654
718 217
112 554
796 762
431 422
217 692
112 61
615 456
101 463
639 690
422 658
61 756
654 615
57 205
522 448 347 651 771 29 735 780 165 73 241 713 706 5 726 382 704 400 423 611 537 678 737 592 381 180 753 123 764 609 26 141 106 
165 73
706 5
678 737
123 764
180 753
780 165
537 678
382 704
522 448
400 423
347 651
73 241
400 141
381 180
713 706
611 537
448 347
165 106
29 735
347 29
241 713
737 592
592 381
423 611
726 382
609 26
382 400
678 123
735 780
5 726
764 609
651 771
15 747 481 277 79 72 142 395 389 216 468 392 281 312 700 409 440 443 356 547 244 435 
216 468
142 395
443 356
277 79
389 216
356 547
481 277
468 392
281 312
409 440
747 481
481 435
15 747
312 700
443 244
312 409
281 443
79 72
72 142
277 389
392 281
380 158 322 169 221 402 210 45 797 
322 169
322 402
169 221
210 45
380 158
45 797
158 322
402 210
245 
523 317 330 164 550 125 247 171 496 306 761 758 674 604 734 227 183 583 686 457 613 500 349 376 688 732 766 798 
523 317
686 457
604 734
330 164
317 330
758 674
376 688
376 732
247 171
550 125
171 496
766 798
674 604
496 306
164 550
171 686
457 613
164 500
500 349
758 583
125 247
227 183
330 766
306 761
349 376
604 227
496 758
485 90 262 190 68 683 67 507 689 489 675 693 754 408 36 99 172 736 755 199 557 252 641 679 646 383 630 531 233 279 200 145 309 767 746 393 574 450 240 434 793 179 361 663 427 561 527 121 74 760 415 118 132 569 127 638 487 176 114 6 486 628 458 150 436 207 673 488 401 296 301 91 70 742 533 328 387 774 631 636 331 461 494 
561 527
689 489
574 450
190 68
527 121
557 252
434 793
636 331
755 199
458 150
127 638
199 557
361 663
387 774
172 736
760 415
427 561
628 458
200 145
486 628
569 127
646 383
631 636
328 387
74 760
683 67
301 91
415 118
233 279
114 6
383 630
200 767
693 754
150 436
145 309
679 646
742 533
6 486
569 114
693 574
127 487
415 132
401 296
179 361
383 393
533 328
774 631
240 434
507 689
233 746
179 742
427 488
150 207
488 401
132 569
387 461
683 507
630 531
489 675
262 190
689 494
754 408
6 673
630 233
190 683
99 172
121 74
401 70
434 179
279 200
574 240
485 90
675 693
485 262
663 427
487 176
755 641
36 99
408 36
172 755
641 679
296 301
579 708 432 759 398 460 597 275 234 676 225 348 714 445 462 799 
460 597
708 432
597 275
676 225
759 398
348 714
579 708
460 462
275 234
225 348
759 460
579 799
708 759
234 676
225 445
727 270 39 77 155 
77 155
270 39
727 270
39 77
785 186 581 562 41 744 324 0 482 665 124 44 201 420 539 616 502 188 350 559 552 195 138 541 273 367 166 575 661 577 30 248 748 265 17 655 777 182 10 238 501 546 192 662 617 607 739 345 363 230 503 294 394 576 606 385 117 752 545 250 82 786 476 344 51 430 582 711 375 300 18 289 104 212 218 243 570 535 194 235 644 728 162 493 
739 345
230 503
552 195
607 739
744 324
124 44
385 117
18 289
201 420
186 581
752 545
41 744
186 562
748 265
482 665
273 367
501 546
363 230
44 201
575 661
606 385
501 570
0 482
188 350
363 243
324 0
661 577
273 166
539 616
482 728
777 182
186 41
192 662
345 363
30 248
545 250
104 212
82 786
192 617
559 552
503 294
546 192
17 655
582 711
350 559
665 124
785 186
552 194
192 607
661 17
570 535
194 235
294 394
711 375
786 476
430 582
655 777
576 606
138 541
238 501
10 238
476 344
541 273
502 188
430 300
248 748
502 644
728 162
752 82
212 218
51 430
166 575
616 502
117 752
394 576
82 51
430 18
195 138
541 10
577 30
0 493
606 104
44 539
368 236 745 513 46 374 20 206 593 
236 745
374 20
513 46
368 236
46 374
20 206
206 593
368 513
187 109 292 163 
187 109
109 292
292 163
426 542 315 314 598 
542 315
314 598
426 542
426 314
62 285 305 259 624 126 379 232 151 92 269 369 189 407 209 27 291 773 556 702 637 128 433 2 34 788 246 
624 126
151 92
624 379
2 34
27 291
556 702
407 209
189 407
291 773
209 27
151 269
128 433
27 556
407 128
407 2
379 232
285 305
269 369
232 151
259 624
269 189
788 246
232 788
702 637
62 285
285 259
648 181 599 378 38 672 286 710 311 410 153 362 94 419 215 484 60 358 211 42 509 605 159 108 477 594 725 452 
211 42
153 362
419 215
725 452
477 594
362 94
710 311
419 211
159 108
378 38
410 153
60 358
94 419
599 378
477 725
672 286
311 410
215 484
311 509
648 181
181 599
215 60
605 159
108 477
509 605
286 710
181 672
224 
258 11 276 12 69 671 297 619 543 652 439 627 168 424 213 544 228 370 282 307 261 768 1 78 220 610 89 23 695 568 626 120 24 84 
627 168
619 543
543 652
439 627
652 439
610 89
69 671
424 213
1 78
120 24
307 261
307 1
228 370
12 69
78 220
258 11
297 619
626 120
89 23
24 84
671 297
11 276
439 424
261 768
11 12
78 610
671 695
370 282
282 307
439 228
695 568
568 626
213 544
283 175 517 373 152 480 769 
283 175
373 152
175 517
517 373
373 480
373 769
612 521 660 161 466 95 251 738 416 417 326 787 203 540 334 765 76 342 399 510 629 614 591 778 329 567 421 518 85 536 566 782 320 
540 334
510 629
161 466
399 510
421 518
334 765
782 320
765 76
417 326
399 614
536 566
342 399
85 536
778 329
567 421
342 85
95 251
591 778
416 417
466 95
326 787
787 203
612 521
521 660
614 591
787 540
612 738
614 567
738 416
765 342
85 782
660 161
682 564 321 587 266 712 723 377 
682 564
266 712
266 723
723 377
564 321
321 587
587 266
687 71 47 459 308 131 21 792 100 743 149 529 332 681 499 219 479 404 429 603 239 656 278 119 602 776 185 298 372 632 318 156 396 386 790 418 
298 372
386 790
429 603
404 429
308 131
219 479
119 602
21 792
602 776
71 47
278 119
681 499
632 318
743 149
156 396
429 239
318 156
47 459
278 185
656 278
743 332
459 308
687 71
131 21
185 298
100 743
372 632
149 529
404 656
681 418
372 386
687 100
499 219
743 681
499 404
267 441 43 519 403 263 508 
43 519
441 43
403 263
519 403
267 441
403 508
406 590 22 335 428 618 147 699 178 271 650 137 93 670 64 299 514 470 694 640 54 75 511 143 
694 640
640 54
178 271
75 511
514 470
178 650
699 178
54 75
590 22
406 590
137 93
406 335
428 618
511 143
299 514
670 64
650 137
64 299
147 699
93 670
428 147
335 428
137 694
444 97 343 414 222 193 339 709 667 249 336 4 83 284 139 698 784 451 302 642 
444 97
339 709
451 302
83 284
667 249
4 83
414 222
139 698
222 193
667 4
249 336
709 667
193 339
302 642
284 139
343 414
698 784
784 451
97 343
504 724 366 340 237 174 779 455 357 290 490 
174 779
504 724
455 357
357 290
340 237
724 366
340 174
174 455
290 490
366 340
35 696 288 53 25 730 148 691 446 
691 446
35 696
25 730
53 25
25 691
730 148
288 53
35 288
722 303 254 7 524 555 715 397 384 677 565 707 
722 303
303 254
7 524
397 384
524 555
384 677
555 715
565 707
677 565
254 7
715 397
525 731 223 588 621 751 388 9 491 231 506 449 596 425 
751 388
596 425
621 751
525 731
588 621
751 491
231 506
231 449
388 9
731 223
223 588
223 231
449 596
37 471 122 
37 471
37 122
202 32 304 115 116 453 129 352 107 781 505 353 685 578 316 3 720 789 653 325 757 80 355 697 359 795 
352 107
32 304
505 353
505 685
355 697
781 505
116 453
304 115
115 116
578 316
453 129
359 795
202 32
3 720
697 359
80 355
129 352
720 789
757 80
107 781
202 757
107 3
685 578
720 653
3 325
63 272 454 177 229 86 498 257 31 703 226 
257 31
177 229
86 498
454 177
272 454
498 257
498 703
272 86
86 226
63 272
438 783 198 287 157 530 634 184 88 740 
438 783
287 157
184 88
530 634
634 184
198 287
783 198
157 530
198 740
770 465 791 601 19 197 585 467 8 600 33 40 160 548 516 666 49 170 293 255 553 589 56 390 659 13 717 280 664 558 
791 601
293 255
390 659
49 170
553 589
197 585
49 293
49 558
601 19
770 465
56 390
19 197
8 600
255 553
553 13
465 791
33 40
600 33
600 49
589 56
467 8
19 467
13 717
160 548
40 160
13 280
280 664
33 516
516 666
295 268 645 483 625 55 146 50 81 580 242 364 173 563 716 474 371 
563 716
146 50
474 371
50 81
242 364
242 474
364 173
645 483
645 580
173 563
55 146
483 625
625 55
295 268
268 645
580 242
