? 3 649 726 771
? 3 312 377 658
? 3 50 192 229
? 3 254 280 707
? 3 190 203 223
? 3 147 449 773
? 3 392 582 770
? 3 69 226 270
? 3 322 459 675
? 3 235 638 769
? 3 35 115 308
? 3 284 589 726
? 3 209 344 543
? 3 149 535 754
? 3 393 608 659
? 3 73 104 656
? 3 101 184 475
? 3 562 584 679
? 3 214 480 714
? 3 211 442 624
? 3 31 360 441
? 3 143 212 468
? 3 47 262 793
? 3 166 559 667
? 3 326 629 635
? 3 331 414 461
? 3 494 522 685
? 3 58 180 588
? 3 122 666 703
? 3 51 266 271
? 3 230 567 574
? 3 413 442 624
? 3 463 563 636
? 3 335 431 618
? 3 262 647 775
? 3 397 677 744
? 3 14 43 250
? 3 216 296 613
? 3 91 565 740
? 3 416 551 635
? 3 197 484 758
? 3 13 206 321
? 3 313 725 768
? 3 175 454 627
? 3 80 432 553
? 3 139 276 450
? 3 207 598 709
? 3 91 565 721
? 3 182 586 788
? 3 130 269 780
? 3 493 557 711
? 3 587 618 714
? 3 110 356 488
? 3 18 537 731
? 3 10 63 601
? 3 167 243 307
? 3 234 257 670
? 3 516 646 719
? 3 370 381 637
? 3 622 640 786
? 3 166 274 559
? 3 560 663 682
? 3 116 752 781
? 3 431 587 618
? 3 169 398 751
? 3 408 413 624
? 3 598 709 742
? 3 147 415 603
? 3 378 406 644
? 3 385 516 646
? 3 547 676 759
? 3 157 231 357
? 3 146 492 678
? 3 290 374 544
? 3 388 471 520
? 3 194 473 692
? 3 246 350 358
? 3 103 359 653
? 3 126 478 606
? 3 16 373 718
? 3 323 486 797
? 3 239 297 761
? 3 162 532 729
? 3 15 112 130
? 3 124 511 625
? 3 556 641 700
? 3 59 76 774
? 3 356 488 594
? 3 354 556 641
? 3 167 243 557
? 3 38 599 750
? 3 730 737 745
? 3 599 684 750
? 3 20 44 399
? 3 204 277 295
? 3 142 222 573
? 3 59 76 721
? 3 30 306 686
? 3 396 432 530
? 3 34 93 372
? 3 635 746 771
? 3 81 312 569
? 3 96 229 434
? 3 254 280 281
? 3 190 223 637
? 3 27 48 392
? 3 459 675 740
? 3 105 638 769
? 3 74 308 345
? 3 237 344 791
? 3 393 608 701
? 3 73 104 402
? 3 101 145 739
? 3 584 674 679
? 3 214 431 587
? 3 255 442 624
? 3 31 441 513
? 3 230 468 539
? 3 108 262 647
? 3 50 369 500
? 3 174 326 644
? 3 414 443 461
? 3 125 522 685
? 3 159 180 287
? 3 382 703 764
? 3 266 271 550
? 3 53 190 223
? 3 77 407 567
? 3 411 563 636
? 3 214 335 618
? 3 43 250 518
? 3 62 216 613
? 3 565 675 740
? 3 490 494 725
? 3 303 331 660
? 3 197 311 758
? 3 13 448 798
? 3 290 454 627
? 3 432 530 553
? 3 171 203 240
? 3 171 207 598
? 3 103 653 788
? 3 130 309 780
? 3 493 502 557
? 3 480 714 751
? 3 656 760 762
? 3 110 488 594
? 3 18 108 347
? 3 10 63 253
? 3 257 332 670
? 3 37 513 516
? 3 219 370 381
? 3 76 607 786
? 3 142 352 560
? 3 324 476 781
? 3 214 587 618
? 3 169 292 435
? 3 5 413 624
? 3 694 709 742
? 3 102 406 644
? 3 547 559 610
? 3 152 157 357
? 3 290 544 627
? 3 159 416 551
? 3 23 520 720
? 3 112 473 692
? 3 246 358 389
? 3 16 373 555
? 3 323 405 456
? 3 239 712 761
? 3 162 729 754
? 3 354 641 700
? 3 76 774 786
? 3 179 356 594
? 3 167 307 493
? 3 38 350 750
? 3 404 737 745
? 3 484 508 573
? 3 65 359 684
? 3 20 399 487
? 3 277 295 536
? 3 142 222 560
? 3 59 303 328
? 3 396 530 553
? 3 671 673 730
? 3 83 220 669
? 3 62 78 621
? 3 211 311 338
? 3 512 577 796
? 3 325 698 757
? 3 135 159 287
? 3 317 661 664
? 3 255 622 640
? 3 388 398 471
? 3 192 634 734
? 3 94 279 626
? 3 32 55 585
? 3 57 374 483
? 3 152 231 357
? 3 76 303 774
? 3 393 649 771
? 3 149 280 281
? 3 190 240 637
? 3 392 554 582
? 3 226 270 294
? 3 459 675 709
? 3 115 235 308
? 3 64 284 287
? 3 24 209 344
? 3 551 589 726
? 3 393 649 701
? 3 101 184 739
? 3 575 584 679
? 3 214 619 714
? 3 210 360 441
? 3 3 212 468
? 3 166 170 547
? 3 50 229 369
? 3 326 629 644
? 3 522 554 685
? 3 135 159 180
? 3 122 382 703
? 3 266 271 293
? 3 117 223 240
? 3 77 230 567
? 3 238 563 636
? 3 335 587 618
? 3 397 634 677
? 3 43 86 250
? 3 216 613 690
? 3 565 721 790
? 3 125 494 496
? 3 416 635 771
? 3 331 461 540
? 3 197 218 758
? 3 13 42 200
? 3 490 685 725
? 3 591 627 783
? 3 396 432 553
? 3 139 276 415
? 3 171 203 498
? 3 91 491 721
? 3 587 619 714
? 3 110 163 488
? 3 18 347 731
? 3 10 601 761
? 3 243 307 493
? 3 419 622 786
? 3 274 559 610
? 3 324 752 781
? 3 335 431 587
? 3 151 169 480
? 3 12 675 709
? 3 174 406 644
? 3 92 646 719
? 3 166 547 559
? 3 122 157 457
? 3 215 492 678
? 3 290 544 579
? 3 416 551 589
? 3 52 520 664
? 3 284 473 692
? 3 103 586 653
? 3 126 467 606
? 3 16 75 373
? 3 323 405 797
? 3 124 350 625
? 3 76 303 660
? 3 354 581 700
? 3 197 311 484
? 3 38 599 684
? 3 59 91 491
? 3 232 396 432
? 3 167 502 711
? 3 83 669 702
? 3 62 153 216
? 3 247 325 757
? 3 52 317 661
? 3 292 398 431
? 3 634 650 734
? 3 279 626 693
? 3 55 575 674
? 3 337 369 500
? 3 288 374 579
? 3 357 452 799
? 3 76 91 774
? 3 99 606 706
? 3 150 531 571
? 3 84 383 462
? 3 80 528 765
? 3 152 424 697
? 3 349 430 495
? 3 5 408 748
? 3 429 460 481
? 3 177 249 329
? 3 78 425 621
? 3 47 501 793
? 3 29 489 789
? 3 19 40 753
? 3 188 324 476
? 3 649 746 771
? 3 275 312 569
? 3 192 229 434
? 3 254 280 451
? 3 27 392 582
? 3 95 168 769
? 3 74 115 308
? 3 64 284 473
? 3 237 344 543
? 3 149 535 707
? 3 73 104 657
? 3 101 184 753
? 3 156 214 619
? 3 211 338 442
? 3 212 468 695
? 3 50 96 449
? 3 326 416 644
? 3 190 223 240
? 3 255 624 786
? 3 438 563 636
? 3 168 335 618
? 3 397 441 677
? 3 459 565 740
? 3 125 494 522
? 3 326 416 635
? 3 79 197 758
? 3 253 313 725
? 3 87 591 627
? 3 80 500 553
? 3 139 276 603
? 3 203 219 637
? 3 171 498 598
? 3 103 199 788
? 3 15 130 780
? 3 167 493 502
? 3 398 480 714
? 3 620 656 762
? 3 110 460 488
? 3 10 297 582
? 3 257 265 670
? 3 513 516 772
? 3 68 219 370
? 3 255 622 786
? 3 352 560 682
? 3 169 292 388
? 3 5 255 413
? 3 565 675 709
? 3 193 547 676
? 3 157 357 457
? 3 146 444 492
? 3 326 416 551
? 3 471 520 664
? 3 64 473 692
? 3 126 201 606
? 3 217 239 761
? 3 15 130 309
? 3 124 350 655
? 3 65 599 684
? 3 277 295 537
? 3 222 508 573
? 3 42 557 711
? 3 311 338 442
? 3 55 325 757
? 3 192 634 650
? 3 94 455 626
? 3 32 55 674
? 3 268 673 767
? 3 337 500 553
? 3 57 288 374
? 3 99 478 606
? 3 84 378 383
? 3 337 514 765
? 3 152 410 623
? 3 349 430 681
? 3 408 694 748
? 3 189 429 460
? 3 177 249 507
? 3 259 462 629
? 3 47 108 793
? 3 29 588 789
? 3 19 421 753
? 3 69 220 236
? 3 99 102 478
? 3 713 766 777
? 3 13 200 502
? 3 445 576 586
? 3 82 456 631
? 3 397 550 677
? 3 313 496 768
? 3 71 293 671
? 3 24 344 543
? 3 437 477 521
? 3 431 587 714
? 3 273 542 578
? 3 142 339 546
? 3 85 286 316
? 3 19 361 389
? 3 221 387 401
? 3 392 554 770
? 3 215 386 458
!
371 
313 494 768 
313 494
313 768
495 
500 765 80 528 77 176 232 574 28 514 553 
176 232
765 80
232 574
574 28
528 77
765 553
500 765
528 176
80 528
528 514
240 117 223 190 
223 190
240 117
240 223
720 597 548 300 52 664 
548 300
300 52
720 597
52 664
597 548
106 336 736 341 354 485 107 402 73 
107 402
485 107
341 354
106 336
736 341
736 485
402 73
336 736
361 389 
361 389
127 215 
127 215
678 
325 247 
325 247
546 339 
546 339
556 700 641 581 683 762 620 595 211 
595 211
641 581
700 641
762 620
700 595
556 700
683 762
641 683
233 
75 26 
75 26
344 543 24 237 791 404 745 671 673 730 737 66 
671 673
745 671
673 730
344 543
745 737
404 745
543 24
543 237
237 791
404 66
237 404
83 
611 2 
611 2
432 396 530 
396 530
432 396
491 59 774 76 
774 76
59 774
491 59
309 
342 690 613 216 
342 690
613 216
690 613
316 225 
316 225
666 
519 249 178 177 329 507 
177 329
519 249
249 178
177 507
178 177
598 207 
598 207
646 385 60 794 6 450 
385 60
385 794
6 450
646 385
385 6
567 
435 292 169 751 151 
292 169
435 292
292 751
751 151
718 
199 586 653 359 
586 653
586 359
199 586
187 349 430 210 360 
210 360
349 430
187 349
187 210
280 254 
280 254
719 92 96 147 449 773 415 603 434 
773 415
449 773
719 92
92 96
147 449
415 603
92 434
96 147
311 
498 171 637 
498 171
171 637
790 721 91 565 
790 721
790 565
721 91
323 
34 
630 490 160 379 
490 160
490 379
630 490
648 
382 764 
382 764
37 
652 81 140 312 658 569 
81 140
312 658
140 312
652 81
312 569
471 520 
471 520
104 796 577 512 
104 796
796 577
796 512
722 391 
722 391
163 534 642 728 699 351 
699 351
534 642
163 534
163 728
728 699
243 307 493 167 502 557 
493 167
502 557
493 502
243 307
307 493
453 529 
453 529
691 365 302 727 
691 365
691 727
365 302
67 41 
67 41
626 94 499 
626 94
94 499
221 387 401 704 
221 387
387 401
401 704
726 589 
726 589
228 795 
228 795
631 456 405 797 
631 456
456 405
631 797
154 400 
154 400
274 610 
274 610
290 175 
290 175
345 74 
345 74
87 
770 776 48 27 138 
48 27
27 138
770 776
776 48
88 
457 157 122 357 231 424 697 799 452 792 
231 424
424 697
122 357
799 452
452 792
357 231
457 157
357 799
457 122
492 
542 273 
542 273
377 
268 71 330 767 775 262 647 
268 71
71 330
268 767
775 262
262 647
767 775
21 
643 592 11 118 564 252 717 
592 11
643 592
11 118
643 717
118 564
564 252
544 633 
544 633
638 105 479 
105 479
638 105
793 501 
793 501
654 418 667 166 559 170 
654 418
667 166
667 170
654 667
166 559
411 362 172 
362 172
411 362
146 
636 
677 397 744 291 
744 291
397 744
677 397
515 
635 416 551 287 135 159 
135 159
287 135
635 416
551 287
416 551
428 784 
428 784
710 125 
710 125
266 132 14 409 86 
14 409
14 86
132 14
266 132
578 672 25 451 
578 672
672 25
25 451
279 693 
279 693
36 367 282 304 427 724 
367 282
304 427
304 724
282 304
36 367
472 733 545 509 590 54 
590 54
545 509
545 590
472 733
733 545
438 
299 
625 511 
625 511
781 116 
781 116
102 749 
102 749
224 93 
224 93
649 771 746 136 600 629 
771 746
649 771
136 600
746 136
746 629
337 369 
337 369
165 
234 706 
234 706
264 
153 425 621 
425 621
153 425
399 20 44 780 130 15 
780 130
399 20
780 15
399 44
44 780
593 179 594 356 488 
356 488
594 356
593 179
179 594
702 
533 227 
533 227
465 128 
465 128
602 305 173 
602 305
305 173
255 640 622 419 464 218 245 779 394 570 433 
464 218
245 779
779 394
464 245
640 622
570 433
419 464
255 640
245 570
622 419
785 301 506 778 
785 301
301 506
506 778
381 68 219 
381 68
68 219
763 454 
763 454
783 627 504 
783 627
783 504
572 
388 23 
388 23
126 
429 110 
429 110
310 
257 670 
257 670
455 333 
455 333
327 384 
327 384
63 582 392 
582 392
63 582
180 58 588 64 29 789 489 194 692 112 
789 489
64 29
29 789
194 692
58 588
489 194
180 58
588 64
692 112
193 
561 436 555 16 373 521 468 695 
561 436
436 555
436 468
373 521
16 373
555 16
468 695
95 168 618 769 
168 618
95 168
95 769
269 
743 
757 
156 
124 358 350 
358 350
124 358
675 459 740 
459 740
675 459
17 188 476 324 
17 188
476 324
188 476
563 
285 
380 755 585 698 
585 698
755 585
380 755
689 624 
689 624
374 57 483 134 288 39 
57 483
483 134
288 39
374 57
57 288
628 738 189 460 363 481 
460 363
189 460
738 189
189 481
628 738
487 
421 90 246 
421 90
421 246
403 688 
403 688
276 
308 115 235 35 
115 235
235 35
308 115
445 
40 753 19 123 111 741 
111 741
40 753
753 19
19 123
123 111
623 148 601 10 410 152 251 617 612 248 
617 612
251 617
410 152
623 148
601 10
251 248
410 251
623 410
148 601
566 120 466 604 541 183 
566 120
120 466
541 183
466 604
604 541
715 33 
715 33
701 608 659 393 
701 608
701 393
608 659
644 406 174 378 447 326 
406 174
378 447
644 406
406 326
174 378
446 680 256 
446 680
446 256
108 47 
108 47
517 
145 101 
145 101
437 
197 758 222 508 484 142 352 573 
508 484
142 352
222 508
197 758
508 142
222 573
758 222
650 734 634 
650 734
650 634
735 772 259 469 462 668 0 84 383 423 
84 383
259 469
259 423
735 772
668 0
735 259
469 462
462 668
462 84
226 
609 
340 752 
340 752
615 61 213 49 524 298 
61 213
213 49
61 524
615 61
615 298
7 412 
7 412
537 295 204 
295 204
537 295
712 217 98 155 782 
155 782
217 98
712 217
98 155
661 
267 
599 
420 195 
420 195
69 270 220 236 205 242 
236 205
236 242
270 220
69 270
220 236
296 
315 137 261 426 
261 426
315 137
137 261
398 
209 100 
209 100
196 82 
196 82
185 
53 
584 55 32 674 575 114 141 119 258 505 417 
119 258
141 119
119 505
584 55
55 32
55 674
114 141
674 575
575 114
674 417
306 686 30 
686 30
306 686
467 241 321 482 272 206 798 616 474 
321 482
241 321
272 206
467 241
616 474
272 616
482 272
206 798
448 
331 660 328 540 
331 660
328 540
331 328
407 
265 
8 277 346 
8 277
277 346
669 
317 
461 278 531 
278 531
461 278
281 9 149 754 
281 9
281 149
149 754
31 513 516 614 596 681 260 
596 681
614 596
596 260
513 516
31 513
513 614
591 
478 99 606 332 777 
478 99
99 606
606 332
332 777
510 366 
510 366
133 536 283 198 158 
283 198
198 158
133 536
536 283
475 549 184 739 343 56 527 
343 56
343 527
739 343
549 184
475 549
184 739
46 665 662 470 395 263 286 85 
395 263
662 470
46 665
395 286
286 85
665 662
46 395
414 443 303 
414 443
443 303
338 442 
338 442
558 376 
558 376
192 229 50 
192 229
229 50
605 696 
605 696
319 708 186 
319 708
319 186
663 682 560 45 
663 682
682 560
663 45
355 
386 458 
386 458
62 78 
62 78
552 
334 
202 320 
202 320
679 562 
679 562
413 
703 
129 
657 568 760 656 651 756 639 
756 639
568 760
568 656
657 568
657 651
651 756
607 
372 
525 444 390 
525 444
444 390
65 497 580 
497 580
65 497
687 
144 89 318 
89 318
144 89
441 
579 732 
579 732
709 742 694 12 
742 694
742 12
709 742
368 
576 182 788 103 
182 788
576 182
788 103
297 761 239 
761 239
297 761
364 748 408 
364 748
748 408
583 
164 181 532 729 162 439 4 244 353 
439 4
729 162
181 532
181 353
164 181
4 244
532 729
729 439
161 
203 370 526 
203 370
370 526
348 
684 
725 253 
725 253
79 
191 97 503 
191 97
191 503
275 70 294 
275 70
275 294
547 676 716 759 
676 716
547 676
676 759
518 43 250 632 
43 250
518 43
518 632
139 
200 13 42 201 711 
13 42
200 13
42 201
201 711
51 293 
51 293
538 
685 554 522 
685 554
685 522
486 
747 238 463 
238 463
747 238
750 38 
750 38
1 3 143 212 787 
212 787
3 143
3 212
1 3
347 18 731 289 109 645 
289 109
109 645
347 18
347 289
18 731
655 
480 431 714 587 335 619 214 
619 214
431 714
714 587
587 335
480 431
587 619
496 
150 571 
150 571
705 440 523 22 535 707 
523 22
440 523
535 707
523 535
705 440
131 
422 
230 539 
230 539
477 723 
477 723
72 375 
72 375
284 473 
284 473
314 208 713 766 113 
713 766
314 208
208 713
713 113
5 786 322 
5 786
786 322
271 550 
271 550
121 
