? 9 56 87 227 337 352 419 674 679 684
? 9 110 315 421 450 533 691 725 769 777
? 9 45 108 166 192 247 326 334 521 687
? 9 4 12 173 226 344 384 422 500 535
? 9 80 118 232 261 403 466 539 699 710
? 9 10 14 209 376 441 448 475 489 708
? 9 0 144 217 222 303 330 471 508 615
? 9 2 92 296 367 386 412 456 469 470
? 9 48 144 217 222 254 303 508 592 695
? 9 150 169 276 290 494 637 728 746 749
? 9 59 164 166 281 311 323 390 402 520
? 9 21 24 200 532 556 703 729 763 791
? 9 130 248 312 340 364 459 534 560 748
? 9 1 57 121 254 263 592 695 697 795
? 9 4 12 246 255 344 399 407 535 717
? 9 134 160 224 275 300 421 450 568 759
? 9 279 324 360 382 444 451 501 621 776
? 9 178 184 194 309 366 396 461 680 742
? 9 4 12 173 246 344 381 384 407 535
? 9 86 112 126 131 154 287 429 552 786
? 9 2 92 283 367 386 412 456 469 569
? 9 13 152 212 327 453 525 589 665 700
? 9 64 96 228 266 342 371 558 641 745
? 9 245 258 375 465 613 631 652 741 783
? 9 57 121 263 339 409 514 533 548 593
? 9 72 213 316 446 448 575 605 635 692
? 9 21 24 171 200 416 532 703 729 763
? 9 37 115 143 163 231 331 454 646 754
? 9 21 24 200 532 556 729 734 750 763
? 9 17 180 215 319 348 478 518 544 752
? 9 85 107 156 472 480 534 580 596 696
? 9 11 186 206 291 339 365 595 622 765
? 9 0 144 303 314 330 471 508 562 615
? 9 47 66 114 168 240 282 361 418 792
? 9 7 14 32 93 137 147 357 475 489
? 9 4 103 173 226 344 384 422 485 500
? 9 73 139 191 295 338 436 673 760 766
? 9 91 364 459 497 534 560 702 721 748
? 9 13 34 157 261 372 555 587 589 782
? 9 8 353 415 438 545 629 683 709 774
? 9 2 78 242 296 367 439 456 569 796
? 9 62 158 178 318 461 462 551 570 694
? 9 116 122 265 391 432 466 484 495 671
? 9 180 244 319 348 445 478 496 632 720
? 9 29 49 125 158 184 396 463 626 794
? 9 63 90 94 104 133 413 503 672 714
? 9 23 155 159 161 197 392 427 526 758
? 9 19 322 335 336 424 489 504 618 635
? 9 88 134 160 224 251 275 435 609 764
? 9 34 109 157 345 372 555 587 751 782
? 9 122 265 391 432 466 484 495 579 671
? 9 80 118 232 261 377 403 512 539 699
? 9 88 134 160 224 251 275 300 452 759
? 9 94 115 145 233 305 370 543 646 754
? 9 108 166 192 313 334 398 648 687 732
? 9 2 50 92 283 386 388 412 456 469
? 9 0 35 202 303 308 314 471 476 562
? 9 62 158 178 396 461 462 551 570 694
? 9 135 221 256 278 449 476 522 583 633
? 9 88 102 219 251 275 358 601 609 764
? 9 88 141 275 329 435 468 568 609 643
? 9 110 123 150 199 225 245 613 725 769
? 9 75 310 406 523 581 582 757 761 789
? 9 30 151 388 524 565 573 715 727 730
? 9 40 201 299 681 690 722 744 753 772
? 9 1 48 217 222 254 592 695 697 795
? 9 25 40 76 127 291 434 576 634 722
? 9 9 317 353 431 438 629 675 709 713
? 9 47 97 114 168 240 282 608 717 792
? 9 111 151 301 446 524 565 573 662 727
? 9 111 446 537 538 565 573 605 662 727
? 9 54 239 310 406 487 557 669 761 789
? 9 4 12 97 173 226 344 422 485 535
? 9 40 201 434 634 681 722 744 753 772
? 9 62 146 214 462 531 551 570 694 788
? 9 85 107 156 472 473 480 580 596 696
? 9 23 155 159 197 285 293 392 427 513
? 9 1 57 241 263 328 514 548 707 771
? 9 110 134 160 225 300 421 450 759 777
? 9 29 49 95 128 149 184 218 404 481
? 9 140 221 256 278 449 476 522 579 623
? 9 216 289 317 430 431 438 675 709 713
? 9 64 84 117 216 430 467 490 678 690
? 9 8 96 205 266 490 493 545 683 774
? 9 37 115 163 331 370 454 543 588 617
? 9 51 53 95 99 128 149 359 404 590
? 9 229 321 385 614 649 670 675 747 756
? 9 73 191 236 267 295 338 673 760 766
? 9 18 26 40 201 332 529 733 744 753
? 9 78 79 296 367 426 439 470 498 547
? 9 2 43 50 283 306 376 386 388 469
? 9 118 152 212 327 453 455 525 603 710
? 9 102 105 177 208 356 358 437 597 767
? 9 109 183 249 285 345 513 661 751 773
? 9 41 52 187 270 363 369 425 676 787
? 9 116 122 265 391 432 484 495 579 671
? 9 10 19 213 322 335 424 563 618 635
? 9 39 81 373 471 528 615 698 705 787
? 9 14 32 43 93 209 441 475 627 708
? 9 52 187 270 363 369 425 506 618 676
? 9 54 239 310 487 509 616 669 701 789
? 9 230 250 482 486 541 550 689 712 775
? 9 134 160 224 251 275 300 421 452 759
? 9 80 118 211 232 294 377 512 539 699
? 9 186 199 206 272 362 479 546 600 637
? 9 16 113 174 196 460 477 579 623 671
? 9 37 143 145 330 373 528 549 646 754
? 9 134 160 275 300 421 435 450 568 759
? 9 58 195 273 320 346 686 757 780 784
? 9 72 213 316 563 575 605 625 635 692
? 9 230 250 351 482 486 491 541 550 602
? 9 180 215 244 319 348 445 478 544 720
? 9 19 167 369 411 504 517 618 630 735
? 9 1 135 221 397 583 612 633 697 771
? 9 103 165 173 226 344 381 384 422 500
? 9 50 151 301 306 388 446 524 565 662
? 9 257 374 401 436 594 638 644 731 768
? 9 89 223 382 428 482 578 657 743 775
? 9 63 198 233 307 413 642 693 723 770
? 9 146 214 395 408 474 531 572 736 785
? 9 7 32 93 137 147 357 475 489 566
? 9 62 158 178 396 461 462 551 570 742
? 9 34 109 183 197 285 345 513 661 751
? 9 64 84 96 266 371 430 490 558 745
? 9 141 190 329 435 465 468 568 652 781
? 9 198 307 571 628 642 693 723 770 779
? 9 40 117 201 299 332 681 744 753 772
? 9 26 332 350 496 529 632 640 653 660
? 9 6 141 190 329 435 468 643 652 781
? 9 100 119 324 360 380 640 712 733 747
? 9 78 195 242 296 346 367 426 439 796
? 9 55 74 86 112 287 552 554 561 786
? 9 146 214 228 342 395 408 531 736 785
? 9 113 122 140 265 449 484 579 623 671
? 9 127 161 354 553 593 658 704 711 758
? 9 4 12 47 77 97 182 422 485 792
? 9 29 49 95 149 184 218 481 610 794
? 9 33 74 298 361 440 443 554 639 786
? 9 78 79 195 296 346 426 439 498 582
? 9 135 202 221 256 397 449 476 583 612
? 9 139 257 374 401 638 644 730 731 768
? 9 103 165 173 193 226 344 381 384 500
? 9 68 154 400 556 645 651 734 750 763
? 9 110 121 315 409 533 691 725 769 777
? 9 6 141 190 329 435 442 468 643 781
? 9 271 433 502 515 530 656 728 740 749
? 9 46 115 343 370 543 571 588 617 716
? 9 47 75 168 240 255 282 608 717 792
? 9 35 188 202 304 308 314 577 611 666
? 9 7 14 32 137 147 336 357 475 489
? 9 17 444 451 458 574 584 621 776 798
? 9 27 41 42 52 67 187 237 355 363
? 9 15 31 162 292 447 457 607 685 797
? 9 119 350 380 496 640 653 660 733 747
? 9 93 174 196 204 238 410 566 569 718
? 9 146 214 228 342 408 474 531 736 785
? 9 75 168 240 282 418 608 717 792 793
? 9 30 151 388 524 565 573 662 715 727
? 9 271 433 502 515 518 530 656 740 752
? 9 64 96 205 266 371 490 493 558 774
? 9 110 123 150 199 479 546 600 637 769
? 9 77 97 181 182 235 368 485 561 778
? 9 110 123 150 199 479 546 600 725 769
? 9 29 53 95 128 149 184 218 404 680
? 9 82 138 175 280 510 542 604 636 688
? 9 88 275 358 435 442 568 609 643 764
? 9 34 109 157 183 197 345 372 661 751
? 9 5 210 252 253 288 341 387 614 649
? 9 245 258 325 375 465 631 652 741 783
? 9 64 84 96 205 216 266 430 490 774
? 9 23 155 159 197 392 395 427 572 785
? 9 103 165 173 193 381 384 500 665 700
? 9 102 105 177 208 356 437 559 597 767
? 9 117 129 299 467 619 678 681 690 772
? 9 36 59 164 166 311 323 390 520 687
? 9 38 48 133 144 217 222 254 508 695
? 9 10 14 209 316 376 424 441 448 708
? 9 56 87 227 337 419 423 674 679 684
? 9 29 49 125 149 184 463 481 680 794
? 9 150 169 272 276 479 546 600 637 728
? 9 167 270 336 369 425 504 517 618 676
? 9 11 206 291 339 365 593 622 658 765
? 9 21 126 200 297 405 532 703 729 791
? 9 82 138 175 280 510 604 624 636 688
? 9 0 144 217 222 254 303 471 508 615
? 9 39 52 81 187 231 363 698 705 787
? 9 80 118 232 377 403 466 539 603 710
? 9 21 171 200 297 405 532 540 703 729
? 9 69 129 161 354 464 526 553 619 758
? 9 183 197 249 285 293 345 513 661 773
? 9 110 123 160 225 421 450 568 759 777
? 9 7 137 322 335 336 357 424 489 618
? 9 46 307 343 370 571 588 617 716 762
? 9 36 59 281 311 323 390 402 483 520
? 9 8 189 347 353 415 511 527 545 683
? 9 9 189 347 415 420 511 527 726 738
? 9 48 121 148 217 222 254 592 695 795
? 9 50 151 301 316 388 446 605 662 727
? 9 14 32 43 93 147 209 475 566 627
? 9 10 213 301 316 376 441 448 635 708
? 9 56 71 87 227 337 402 419 674 679
? 9 121 300 315 421 450 452 695 759 777
? 9 29 45 108 326 463 481 521 626 647
? 9 12 120 173 246 344 381 525 535 700
? 9 13 80 118 152 261 372 453 587 589
? 9 72 283 301 306 316 388 448 708 727
? 9 217 314 330 373 471 508 528 562 615
? 9 30 50 92 151 306 386 388 456 469
? 9 38 48 90 144 148 217 222 254 672
? 9 169 245 290 465 468 613 631 741 783
? 9 59 164 166 281 311 323 390 674 732
? 9 21 68 154 400 645 734 750 763 791
? 9 130 312 340 459 534 560 702 721 748
? 9 1 48 121 144 263 592 695 697 795
? 9 12 103 193 246 344 384 399 535 700
? 9 251 300 315 421 450 452 695 759 777
? 9 180 244 324 350 451 496 501 660 776
? 9 51 53 95 99 128 394 404 590 742
? 9 4 12 173 193 246 344 384 535 700
? 9 33 74 86 112 220 298 429 440 552
? 9 2 92 296 367 412 426 439 470 498
? 9 120 212 268 327 414 417 455 525 603
? 9 23 159 228 342 392 395 526 745 785
? 9 150 169 225 290 613 631 728 741 783
? 9 11 199 339 365 548 593 600 658 765
? 9 10 72 213 316 322 335 376 424 563
? 9 24 68 200 405 532 540 729 750 763
? 9 37 115 163 331 370 543 571 588 617
? 9 24 200 297 352 532 540 684 703 729
? 9 215 444 458 530 544 574 584 591 752
? 9 107 156 472 473 493 516 580 641 696
? 9 11 186 199 339 365 479 548 600 765
? 9 0 35 135 202 256 303 449 476 612
? 9 47 66 97 114 240 282 361 443 792
? 9 7 32 137 335 376 424 441 627 635
? 9 76 127 291 319 445 576 595 622 634
? 9 77 182 226 235 368 422 485 500 790
? 9 73 139 257 295 401 638 730 731 768
? 9 20 91 248 364 459 497 534 560 702
? 9 13 80 157 261 372 453 587 699 751
? 9 8 60 64 216 289 317 430 431 438
? 9 2 78 242 320 346 367 426 439 796
? 9 122 265 391 403 466 484 495 623 671
? 9 17 180 244 319 348 445 622 653 720
? 9 29 49 125 130 396 463 551 647 794
? 9 63 94 133 145 233 305 413 549 714
? 9 23 159 342 392 395 526 572 745 785
? 9 10 72 213 283 316 322 376 424 448
? 9 88 102 141 275 358 435 442 609 643
? 9 34 183 197 345 408 427 474 572 736
? 9 122 140 211 232 391 484 579 623 671
? 9 118 212 232 377 466 539 603 699 710
? 9 63 104 134 224 251 300 413 452 764
? 9 37 115 143 145 331 370 543 588 617
? 9 36 269 313 334 519 520 648 667 732
? 9 30 50 151 306 456 469 524 565 715
? 9 221 278 294 476 522 583 612 633 771
? 9 134 219 224 251 300 358 435 601 764
? 9 88 141 160 275 358 435 568 609 643
? 9 110 123 199 365 479 533 691 725 769
? 9 168 310 406 407 523 581 582 669 761
? 9 30 50 151 386 456 469 524 565 715
? 9 40 117 201 299 467 681 744 753 772
? 9 25 76 127 291 553 576 622 658 704
? 9 60 289 317 321 380 385 431 747 756
? 9 47 75 97 240 255 282 608 717 792
? 9 151 283 301 306 316 388 448 708 727
? 9 111 446 524 537 538 573 605 662 692
? 9 54 239 487 509 557 669 701 761 789
? 9 4 12 103 173 193 381 384 500 535
? 9 18 26 40 201 332 434 681 744 753
? 9 62 146 178 214 462 531 570 694 788
? 9 85 107 156 205 472 473 480 516 580
? 9 23 153 155 183 197 285 293 427 513
? 9 1 57 263 397 514 592 697 707 771
? 9 110 315 421 450 691 725 759 769 777
? 9 45 108 218 247 333 481 521 610 799
? 9 0 35 140 202 256 303 449 476 612
? 9 8 60 216 289 317 380 430 431 640
? 9 64 84 117 266 430 490 526 678 690
? 9 96 205 266 353 473 480 545 683 774
? 9 37 115 143 331 370 454 543 588 617
? 9 51 95 99 128 243 394 404 590 742
? 9 229 288 321 385 649 670 675 747 756
? 9 191 236 267 295 338 393 673 760 766
? 9 60 119 321 332 380 529 640 733 747
? 9 2 296 412 426 470 492 498 547 682
? 9 72 283 301 316 322 376 448 708 727
? 9 215 433 458 518 530 544 574 656 752
? 9 13 80 152 261 372 453 587 589 782
? 9 88 102 105 141 275 358 442 609 643
? 9 44 241 249 328 512 513 522 661 773
? 9 52 81 187 270 363 676 698 705 787
? 9 113 122 174 265 391 410 495 671 718
? 9 7 32 213 335 376 424 441 627 635
? 9 39 81 231 308 373 454 562 646 705
? 9 7 32 137 336 357 441 475 489 627
? 9 270 363 369 425 506 666 676 698 787
? 9 54 239 487 509 557 616 655 701 789
? 9 223 230 250 482 541 550 689 712 775
? 9 134 160 219 224 251 300 452 568 764
? 9 211 249 278 294 377 512 522 579 661
? 9 75 168 255 282 407 581 608 717 757
? 9 11 186 199 206 365 479 546 595 600
? 9 107 146 228 371 493 516 531 558 641
? 9 16 93 113 174 238 265 460 477 566
? 9 94 143 145 305 528 543 549 646 754
? 9 134 160 190 275 329 358 435 568 609
? 9 78 79 195 320 346 426 439 686 784
? 9 10 72 213 283 316 322 376 448 727
? 9 230 250 292 457 486 541 550 602 797
? 9 271 362 433 478 502 518 530 606 740
? 9 19 67 167 335 504 517 563 618 735
? 9 135 221 303 397 476 583 612 633 771
? 9 4 12 165 173 193 381 384 535 700
? 9 50 151 283 301 306 388 456 708 727
? 9 73 257 374 401 594 638 644 731 768
? 9 100 223 279 428 482 599 657 743 775
? 9 198 307 601 628 642 693 723 770 779
? 9 34 214 342 395 408 474 531 572 736
? 9 7 14 43 147 357 441 475 489 627
? 9 29 49 125 158 396 461 463 551 794
? 9 62 158 178 318 461 462 570 694 788
? 9 34 109 157 183 197 345 372 427 751
? 9 8 64 84 117 216 266 430 490 678
? 9 169 245 258 329 465 468 652 741 783
? 9 170 198 413 601 628 693 723 770 779
? 9 180 244 348 445 496 632 653 660 720
? 9 6 141 190 329 442 609 643 652 781
? 9 60 119 321 380 529 640 733 747 756
? 9 78 273 320 346 367 410 439 784 796
? 9 33 55 70 74 181 287 378 554 786
? 9 107 146 228 371 493 531 558 641 694
? 9 211 232 278 294 377 484 512 522 579
? 9 76 127 291 576 593 658 704 711 765
? 9 47 97 114 240 255 282 608 717 792
? 9 29 49 125 184 396 463 481 551 794
? 9 33 66 106 114 262 361 443 639 719
? 9 79 195 320 346 426 439 582 686 784
? 9 35 140 202 256 303 304 449 476 611
? 9 73 139 257 374 401 538 638 730 731
? 9 4 12 103 193 246 384 399 485 535
? 9 21 68 405 532 556 645 734 750 763
? 9 110 121 315 421 450 691 725 759 777
? 9 88 141 190 275 435 442 609 643 781
? 9 215 433 478 502 518 530 656 740 752
? 9 37 115 331 370 543 571 588 617 762
? 9 47 75 97 168 255 282 608 717 792
? 9 35 202 256 303 304 449 577 611 615
? 9 7 32 43 137 441 448 475 489 627
? 9 215 444 458 544 574 584 591 752 798
? 9 27 41 42 136 187 237 355 454 488
? 9 15 31 162 292 457 486 585 685 797
? 9 14 43 93 204 209 238 242 566 569
? 9 3 146 214 408 474 531 694 736 788
? 9 75 168 255 282 407 581 608 717 793
? 9 89 223 279 428 482 578 657 743 775
? 9 30 446 469 524 565 573 662 715 730
? 9 23 159 392 395 427 526 572 745 785
? 9 215 433 458 502 518 530 656 740 752
? 9 310 406 523 581 582 669 701 761 789
? 9 123 186 199 365 479 533 546 600 769
? 9 77 182 226 235 243 368 422 500 790
? 9 11 123 186 199 206 365 479 546 600
? 9 95 128 149 309 366 394 404 510 742
? 9 3 82 138 175 194 280 542 604 688
? 9 80 109 157 261 345 372 587 699 751
? 9 5 210 252 253 288 387 614 649 670
? 9 6 190 258 325 329 375 468 652 781
? 9 64 84 96 117 216 266 430 490 678
? 9 23 155 183 197 285 293 345 427 513
? 9 170 208 234 356 437 564 586 597 767
? 9 69 84 129 299 467 526 619 678 690
? 9 36 269 281 311 323 390 483 520 732
? 9 0 90 144 217 222 254 314 330 508
? 9 10 72 213 316 322 335 376 424 448
? 9 56 71 87 227 337 419 423 679 684
? 9 29 49 158 184 396 461 463 551 794
? 9 150 272 276 290 362 631 637 728 749
? 9 67 270 336 369 425 441 517 618 676
? 9 11 339 365 409 533 548 593 658 765
? 9 21 68 200 405 532 734 750 763 791
? 9 82 138 175 280 542 604 624 636 688
? 9 14 43 93 147 204 209 238 475 566
? 9 0 48 144 217 222 254 592 697 795
? 9 116 122 176 232 377 403 466 495 710
? 9 7 32 137 147 336 357 441 489 627
? 9 5 172 203 210 252 387 420 614 649
? 9 24 171 200 297 352 540 684 703 729
? 9 69 129 161 354 464 553 619 711 758
? 9 109 155 183 197 285 293 345 427 513
? 9 7 32 336 357 369 441 489 627 635
? 9 37 163 343 370 571 588 617 716 762
? 9 59 164 166 281 311 323 390 674 679
? 9 9 189 347 353 415 511 527 629 726
? 9 85 189 347 353 415 511 527 663 726
? 9 48 121 148 409 452 695 759 777 795
? 9 111 446 524 537 565 573 605 662 715
? 9 14 93 113 174 204 209 238 566 569
? 9 10 137 283 316 322 376 448 708 727
!
779 
298 
165 381 384 193 4 500 226 665 589 
193 384
4 384
165 381
226 500
4 500
165 665
381 384
589 665
748 
754 330 508 314 
314 508
330 508
330 754
242 569 
242 569
236 
561 55 786 554 378 
554 786
55 561
55 786
378 786
341 253 
253 341
374 
738 172 420 
172 420
172 738
430 216 8 
8 216
216 430
29 
749 
605 692 
605 692
626 340 125 
340 626
125 340
621 
348 720 445 
445 720
348 720
218 
766 139 
139 766
186 
592 144 795 48 
144 592
592 795
48 795
649 210 5 288 670 
288 670
5 210
210 649
210 288
113 174 566 
174 566
113 174
568 160 
160 568
111 537 
111 537
479 199 
199 479
127 704 658 
127 704
658 704
482 
3 
454 
623 196 16 477 460 188 
16 477
16 196
16 188
460 477
196 623
85 
159 785 395 
395 785
159 785
687 192 247 521 
192 247
192 687
247 521
105 
723 693 
693 723
321 380 
321 380
243 394 
243 394
171 684 337 
171 684
337 684
56 227 
56 227
246 417 455 
417 455
246 417
533 691 725 769 123 315 
725 769
123 769
691 725
315 691
533 691
277 567 28 65 596 
65 596
277 567
65 277
28 567
297 
531 
23 
87 
699 261 587 453 152 13 782 555 372 
453 587
13 782
261 699
261 587
372 699
152 453
13 453
555 782
302 
760 
345 34 109 751 157 
34 345
157 751
109 345
109 751
162 585 
162 585
572 408 474 
408 572
408 474
429 112 552 
112 429
112 552
64 490 266 96 774 545 683 205 
266 490
545 683
205 545
545 774
64 490
96 774
96 266
202 35 
35 202
148 
689 
580 696 
580 696
1 697 
1 697
628 170 
170 628
756 385 229 675 
385 756
229 385
385 675
556 68 
68 556
370 588 762 
370 588
588 762
481 
275 609 
275 609
77 422 368 182 
182 368
77 422
368 422
524 662 573 446 
573 662
446 662
524 662
607 507 650 447 
507 607
447 650
507 650
667 259 
259 667
342 
730 401 638 
401 730
401 638
45 
435 
312 
278 522 211 512 
278 522
211 512
211 522
660 
303 
506 666 
506 666
584 
526 619 
526 619
363 
457 292 797 31 15 
292 457
15 31
292 797
31 292
745 84 
84 745
283 388 50 456 
50 456
50 388
283 388
717 407 792 282 47 97 240 
97 240
282 792
47 792
407 717
407 792
47 97
798 
221 
488 355 
355 488
80 118 
80 118
714 233 413 
233 413
233 714
52 187 
52 187
734 791 405 532 200 
200 532
405 791
734 791
405 532
535 12 103 
12 103
12 535
273 320 346 78 796 439 367 
78 346
439 796
78 796
273 320
320 346
367 439
237 41 42 27 163 67 
41 42
27 163
27 41
42 67
41 237
519 36 334 732 
36 334
334 732
36 519
598 
114 639 361 66 
361 639
114 639
66 114
269 
156 
673 
147 475 489 627 32 137 
489 627
32 137
32 627
475 489
147 475
794 
17 544 752 458 591 574 444 
458 591
444 574
458 752
544 752
458 574
17 544
46 307 642 
46 307
307 642
332 18 26 
18 332
18 26
632 496 653 
496 632
496 653
767 356 437 559 177 83 
437 559
177 559
83 559
356 437
356 767
389 
153 
750 21 763 400 799 645 
400 799
21 750
21 763
400 645
21 400
280 636 742 510 
510 742
636 742
280 636
373 39 81 705 646 231 528 
231 646
39 373
39 81
373 528
39 646
81 705
235 
721 497 91 702 20 364 
91 702
20 364
20 91
497 721
91 497
264 
631 
710 
617 136 
136 617
679 674 
674 679
106 719 
106 719
329 375 652 
329 375
375 652
461 158 396 551 49 
158 461
396 551
158 396
49 551
781 
581 
133 549 
133 549
318 
208 597 234 
234 597
208 597
88 
564 
59 390 
59 390
729 416 352 142 
352 416
142 416
416 729
647 
707 328 514 57 263 
57 263
328 707
57 514
514 707
44 633 583 771 397 135 612 
583 771
583 633
397 771
135 612
135 397
44 633
155 285 197 183 
155 285
155 197
155 183
241 
560 534 
534 560
459 130 
130 459
483 281 323 
281 323
281 483
788 214 736 
214 736
214 788
22 220 126 
126 220
22 220
542 175 138 82 624 688 
82 138
138 175
82 624
138 688
175 542
6 
132 398 648 313 
132 398
132 648
313 648
718 
24 
606 362 271 272 740 
362 606
272 740
271 362
271 272
325 
73 257 
73 257
622 576 76 
576 622
76 576
194 309 366 95 149 
95 149
309 366
194 309
95 366
295 436 
295 436
222 90 38 254 
38 90
90 222
38 254
655 
789 701 
701 789
656 478 433 518 530 
478 656
518 530
518 656
433 478
694 570 462 
570 694
462 570
448 322 376 10 72 316 213 
322 376
10 72
10 322
72 316
10 213
322 448
412 
680 184 
184 680
468 258 
258 468
715 565 
565 715
291 
262 124 
124 262
775 
635 336 441 7 
7 441
336 441
336 635
121 409 695 777 
121 409
121 777
409 695
217 
178 
743 657 428 578 89 279 
428 657
657 743
428 578
279 743
89 578
759 
505 98 
98 505
60 431 
60 431
92 386 
92 386
659 
150 637 276 
150 637
276 637
562 308 615 471 
471 615
308 615
308 562
571 343 716 
343 571
343 716
102 
611 577 304 
304 577
577 611
402 
644 
0 
86 
423 
228 558 371 641 516 493 
371 558
493 516
558 641
228 558
516 641
614 203 
203 614
349 654 379 
379 654
349 654
191 
484 391 122 403 466 671 
403 466
122 391
391 671
391 484
122 403
358 
293 513 
293 513
492 547 498 296 682 393 
492 547
498 547
393 682
296 498
498 682
411 630 
411 630
427 
294 
189 
494 746 728 
728 746
494 746
141 643 442 
141 643
442 643
669 761 239 54 509 616 406 310 
54 239
669 761
239 761
509 616
406 669
310 406
239 509
487 
620 706 536 359 590 99 128 51 790 404 53 
51 128
620 706
99 590
99 128
536 620
359 590
53 404
128 790
99 404
359 536
640 119 733 
119 733
119 640
104 
711 593 
593 711
604 
223 
62 107 472 
107 472
62 107
333 610 
333 610
353 
110 225 
110 225
452 251 
251 452
204 93 209 14 43 238 
14 43
93 204
14 209
93 209
204 238
179 351 491 
179 351
351 491
540 703 
540 703
747 
594 
108 
154 
421 450 
421 450
502 
284 383 
284 383
248 499 
248 499
61 
755 
618 517 335 424 563 
517 618
335 618
335 424
335 563
230 541 250 486 550 
250 486
250 541
230 541
541 550
212 327 268 344 120 700 173 525 603 
268 344
268 327
120 344
173 700
120 700
212 327
120 525
212 603
164 166 520 
166 520
164 166
463 
215 
274 778 181 724 286 739 
274 778
181 778
286 724
286 739
274 724
784 195 686 79 58 
195 686
195 784
58 784
79 195
249 
419 
74 287 
74 287
101 
451 180 244 
180 451
180 244
143 543 145 94 305 
94 305
94 145
143 543
143 145
415 
698 787 
698 787
198 770 
198 770
726 511 347 
511 726
347 511
776 350 501 
350 776
501 776
146 
608 168 75 793 418 
168 608
75 793
75 168
418 793
651 
326 
538 
780 757 399 255 
399 757
757 780
255 399
300 134 224 764 219 601 
219 764
224 764
219 601
134 300
134 224
338 
768 
311 
289 529 
289 529
629 9 
9 629
425 270 676 369 
270 676
270 369
270 425
161 464 553 69 
464 553
69 464
161 464
586 
741 783 245 465 613 
245 783
245 465
245 613
741 783
63 
206 
681 753 467 299 772 
299 467
681 753
299 772
467 681
539 377 232 579 
232 377
377 539
232 579
290 169 
169 290
267 
708 727 301 
301 727
708 727
523 
19 504 735 167 737 
19 504
167 735
504 735
167 737
722 634 434 201 
634 722
201 434
434 634
410 
485 
758 354 
354 758
744 40 
40 744
129 690 678 117 25 
678 690
129 690
117 678
25 129
557 664 668 
557 664
664 668
470 2 426 
2 426
2 470
33 443 440 
33 443
33 440
70 
663 527 480 473 
527 663
473 480
480 527
582 
685 
392 
625 575 677 
575 625
575 677
546 
515 
324 100 382 599 360 712 
100 382
360 599
382 599
100 324
360 712
176 414 185 116 432 495 
116 432
185 414
432 495
176 414
116 185
709 713 438 317 
438 713
317 713
709 713
357 
503 672 
503 672
131 
306 151 30 469 
151 306
30 151
30 469
115 331 37 
115 331
37 331
773 661 
661 773
71 
339 548 765 365 600 
339 548
548 765
365 600
365 765
265 
476 449 256 140 
256 449
449 476
140 256
602 
731 
319 
11 595 
11 595
387 252 
252 387
260 207 
207 260
190 
