? 9 525 731 0 83 373 578 155 473 512
? 9 444 264 297 310 751 304 370 549 229
? 9 73 568 579 94 556 599 426 563 72
? 9 579 73 94 568 556 72 426 154 599
? 9 209 308 339 27 673 784 520 354 448
? 9 783 719 41 335 19 769 613 505 4
? 9 523 204 507 86 39 400 715 413 82
? 9 646 612 621 619 347 142 702 728 13
? 9 298 438 443 603 513 480 112 17 397
? 9 556 426 579 73 599 94 568 207 24
? 9 28 791 192 23 760 466 793 118 547
? 9 613 491 4 584 42 790 148 580 328
? 9 756 263 37 786 798 596 151 102 370
? 9 729 282 515 335 428 719 29 582 57
? 9 626 602 431 225 318 663 143 328 56
? 9 67 763 724 669 33 259 527 313 402
? 9 93 530 88 382 356 163 600 387 695
? 9 323 78 787 74 6 649 648 49 592
? 9 656 226 529 133 200 277 501 344 470
? 9 228 780 55 202 389 675 96 269 198
? 9 459 605 516 175 35 762 95 279 711
? 9 177 504 56 303 557 233 626 98 663
? 9 530 93 88 382 356 163 387 600 695
? 9 36 736 334 355 288 776 191 230 555
? 9 765 194 118 232 147 23 595 793 46
? 9 441 180 520 673 339 354 477 553 454
? 9 619 612 621 646 728 13 464 142 503
? 9 332 691 771 241 543 423 471 349 558
? 9 565 60 86 507 715 363 204 606 283
? 9 793 232 547 23 192 791 376 314 118
? 9 495 778 741 748 389 541 77 134 55
? 9 493 196 380 396 274 231 763 67 289
? 9 393 186 532 234 296 700 503 420 45
? 9 160 590 107 319 623 463 207 24 31
? 9 456 83 272 155 731 0 495 525 778
? 9 105 472 295 552 637 767 199 26 255
? 9 627 178 634 781 657 252 618 54 422
? 9 397 173 462 548 480 799 603 451 359
? 9 363 60 606 498 565 86 9 204 507
? 9 669 700 420 527 33 67 43 763 45
? 9 496 709 726 587 318 431 535 534 404
? 9 385 383 500 127 552 213 637 199 295
? 9 488 489 774 85 683 664 61 230 247
? 9 303 233 504 177 328 56 225 626 790
? 9 430 540 68 618 76 141 654 312 18
? 9 335 719 729 19 428 515 783 282 29
? 9 168 725 458 699 135 184 20 301 755
? 9 364 685 255 235 344 569 733 529 722
? 9 219 616 367 398 424 698 687 171 35
? 9 26 624 216 750 767 374 248 105 472
? 9 766 468 608 280 190 338 713 739 622
? 9 435 136 372 560 387 213 224 163 482
? 9 680 172 511 191 38 116 730 555 415
? 9 628 490 238 667 322 350 58 638 476
? 9 405 369 59 572 542 429 738 31 505
? 9 49 592 292 208 198 541 134 377 96
? 9 532 186 503 393 296 13 234 142 702
? 9 464 447 13 728 390 619 770 294 503
? 9 513 438 443 249 112 290 416 743 298
? 9 198 208 292 96 592 49 377 541 780
? 9 133 277 203 609 648 656 346 25 720
? 9 232 793 765 23 118 194 791 547 147
? 9 603 480 397 462 740 298 173 270 352
? 9 505 769 41 429 572 273 738 542 100
? 9 571 509 337 641 416 633 735 743 229
? 9 245 64 15 394 25 720 281 408 661
? 9 541 134 592 741 96 208 49 292 198
? 9 0 731 155 83 525 167 456 512 517
? 9 275 544 698 119 672 524 561 171 239
? 9 569 344 346 203 281 733 720 25 133
? 9 309 546 718 110 254 82 132 706 341
? 9 217 531 479 694 419 206 474 466 249
? 9 386 651 784 109 308 209 304 114 27
? 9 606 363 60 498 1 63 565 236 9
? 9 376 623 590 547 793 107 314 160 232
? 9 24 207 319 463 111 154 160 293 497
? 9 417 129 589 21 514 714 181 115 537
? 9 216 624 750 248 26 374 315 722 255
? 9 108 188 360 755 301 704 333 257 125
? 9 288 355 736 36 776 191 230 334 85
? 9 241 423 543 691 332 50 497 343 111
? 9 109 651 784 386 308 353 665 506 209
? 9 545 640 743 416 37 17 263 571 756
? 9 84 744 302 734 559 51 758 632 350
? 9 231 196 380 484 427 289 452 286 493
? 9 617 705 692 185 331 632 53 51 757
? 9 655 20 135 436 699 170 261 104 492
? 9 722 248 399 685 240 750 58 216 364
? 9 511 38 172 680 442 116 191 704 415
? 9 423 241 543 50 497 691 332 343 111
? 9 294 770 390 464 447 61 616 774 683
? 9 650 90 70 775 12 101 146 47 470
? 9 697 39 631 82 546 407 718 309 276
? 9 512 167 473 517 373 475 187 361 81
? 9 623 590 376 160 107 31 319 369 405
? 9 593 601 77 291 80 567 778 287 485
? 9 427 452 34 484 197 286 487 653 231
? 9 548 173 451 462 397 359 381 577 285
? 9 214 440 267 566 432 562 325 121 329
? 9 357 797 327 222 122 570 139 693 313
? 9 272 74 456 649 83 446 134 787 525
? 9 436 655 104 20 135 699 170 693 261
? 9 389 748 55 741 495 778 780 96 228
? 9 795 785 154 714 72 21 537 223 293
? 9 226 656 200 501 446 529 277 133 470
? 9 447 464 13 503 294 62 619 390 728
? 9 718 110 309 546 132 697 159 706 39
? 9 704 360 108 333 188 172 511 755 38
? 9 750 248 216 722 255 624 685 26 364
? 9 355 288 36 776 736 334 230 85 191
? 9 47 101 30 399 650 240 58 10 470
? 9 592 49 292 541 134 208 198 96 377
? 9 549 688 27 551 576 448 354 209 244
? 9 201 611 449 162 725 458 145 140 670
? 9 506 353 665 253 109 599 128 426 314
? 9 230 85 776 288 355 489 191 664 36
? 9 215 182 563 745 115 477 441 568 520
? 9 474 290 479 466 249 337 641 217 694
? 9 489 85 488 664 230 776 247 774 99
? 9 151 596 786 370 756 798 263 751 123
? 9 779 169 689 7 642 789 521 137 242
? 9 643 329 121 11 106 392 174 266 761
? 9 188 108 360 755 257 333 125 301 704
? 9 349 558 771 190 486 691 332 468 608
? 9 404 469 587 236 496 709 1 356 535
? 9 534 622 63 707 726 401 496 792 575
? 9 480 603 462 397 740 173 270 352 298
? 9 713 739 338 575 792 439 117 608 148
? 9 116 442 191 38 680 511 770 390 728
? 9 501 200 277 649 648 226 446 656 133
? 9 10 638 150 379 30 490 550 58 632
? 9 440 214 566 562 267 121 432 325 433
? 9 660 706 159 110 636 132 406 254 309
? 9 383 127 385 637 552 500 295 199 213
? 9 83 731 0 155 456 525 272 167 373
? 9 157 305 539 44 564 581 794 667 358
? 9 70 12 146 90 650 775 101 211 578
? 9 559 350 758 744 717 84 302 721 734
? 9 171 119 698 672 275 561 683 544 712
? 9 1 236 63 606 60 565 363 404 469
? 9 588 48 100 522 117 491 769 338 273
? 9 700 420 669 234 45 43 33 393 527
? 9 99 247 5 664 489 488 85 317 776
? 9 310 297 264 444 751 370 304 596 251
? 9 452 427 34 197 484 487 653 286 231
? 9 350 559 744 84 758 490 302 717 721
? 9 577 285 317 5 548 799 189 678 99
? 9 179 22 195 244 586 751 585 237 297
? 9 72 154 714 21 795 785 94 579 73
? 9 466 479 474 46 28 791 23 290 118
? 9 185 331 705 53 757 617 126 632 51
? 9 59 405 542 369 572 429 738 31 505
? 9 279 686 371 753 95 711 459 605 239
? 9 707 622 63 534 280 792 606 766 401
? 9 689 642 169 7 521 779 678 789 189
? 9 64 245 15 394 25 408 482 720 281
? 9 725 458 168 449 184 140 201 375 773
? 9 597 14 457 336 18 494 618 481 54
? 9 757 53 331 126 185 144 51 632 734
? 9 283 715 507 716 82 341 86 565 39
? 9 361 517 187 81 167 512 485 473 574
? 9 633 735 571 229 251 509 114 304 416
? 9 521 642 193 689 789 40 395 671 256
? 9 784 308 651 386 109 209 339 520 27
? 9 469 404 356 716 236 382 1 587 93
? 9 211 146 475 12 70 578 373 658 90
? 9 638 10 490 150 379 30 238 58 84
? 9 535 587 156 709 644 431 663 607 496
? 9 369 405 59 572 542 429 31 738 505
? 9 338 713 608 739 468 575 117 766 792
? 9 191 288 736 680 355 116 230 36 776
? 9 17 2 640 131 103 227 153 270 545
? 9 649 501 787 200 648 277 78 74 446
? 9 437 666 166 510 754 415 768 676 629
? 9 420 700 669 43 45 33 234 393 527
? 9 540 430 68 618 654 657 634 76 141
? 9 558 771 591 486 471 349 332 691 483
? 9 102 798 786 165 299 756 263 421 227
? 9 653 487 668 703 197 452 427 34 484
? 9 7 169 689 642 678 779 189 521 334
? 9 657 634 388 68 781 618 540 627 220
? 9 154 72 785 795 714 21 293 579 94
? 9 242 629 113 754 676 137 779 666 555
? 9 586 450 22 585 92 179 244 268 752
? 9 117 48 588 491 100 739 713 338 439
? 9 648 6 277 609 501 787 133 649 78
? 9 734 302 744 84 126 757 53 758 717
? 9 12 70 146 101 90 650 775 550 658
? 9 51 632 379 757 53 331 185 150 84
? 9 156 535 644 607 587 663 709 98 431
? 9 672 561 544 119 524 275 171 698 419
? 9 608 468 190 766 338 713 280 739 117
? 9 100 588 48 522 769 117 505 491 273
? 9 666 166 437 510 754 768 676 629 71
? 9 129 417 589 514 181 526 115 21 714
? 9 698 275 119 171 544 219 672 398 561
? 9 172 680 511 38 415 730 555 704 191
? 9 305 539 157 564 794 696 218 44 581
? 9 736 36 355 288 334 191 776 555 230
? 9 360 704 108 188 333 755 301 172 511
? 9 68 540 654 430 657 618 220 634 413
? 9 206 694 246 112 217 710 249 419 531
? 9 554 284 321 747 181 223 362 537 647
? 9 659 378 213 387 737 732 461 136 435
? 9 578 775 525 446 90 146 70 211 12
? 9 88 93 530 600 356 382 254 341 716
? 9 584 42 580 790 782 225 148 328 4
? 9 570 313 402 724 259 139 797 327 357
? 9 676 754 629 768 71 242 113 666 166
? 9 249 112 694 290 513 474 443 206 438
? 9 62 351 424 445 616 447 687 532 186
? 9 580 148 584 782 42 143 439 401 602
? 9 408 281 15 262 482 720 25 64 245
? 9 763 67 527 669 724 493 33 380 402
? 9 504 177 56 303 233 557 626 98 410
? 9 312 76 400 141 164 413 430 276 306
? 9 13 447 503 464 619 612 728 532 621
? 9 57 723 428 515 269 282 202 729 605
? 9 19 4 335 719 783 328 613 790 303
? 9 472 105 295 255 235 199 552 26 750
? 9 694 206 112 249 217 246 443 474 479
? 9 515 428 282 729 57 335 723 719 582
? 9 358 794 581 89 538 221 218 32 305
? 9 362 321 120 284 483 554 325 747 471
? 9 520 339 441 673 209 354 180 308 784
? 9 639 677 326 482 15 64 394 245 661
? 9 239 524 711 95 544 686 371 275 419
? 9 94 73 568 579 72 556 563 714 154
? 9 712 561 672 171 119 246 683 544 710
? 9 227 103 610 131 17 2 153 640 102
? 9 799 173 397 317 577 548 285 462 710
? 9 34 484 197 452 427 653 487 286 231
? 9 395 256 40 521 418 642 193 689 671
? 9 346 203 720 281 569 25 344 133 408
? 9 553 180 681 454 354 448 441 271 258
? 9 166 666 437 510 768 754 676 71 629
? 9 345 652 788 54 252 336 422 465 627
? 9 621 612 619 646 728 442 13 347 142
? 9 601 593 567 77 80 291 287 778 453
? 9 195 22 237 179 123 434 752 586 751
? 9 135 20 699 655 436 168 261 492 184
? 9 197 34 484 452 427 653 487 668 682
? 9 145 620 670 375 611 201 265 645 458
? 9 683 774 488 61 171 294 712 489 770
? 9 716 341 283 254 715 469 82 356 507
? 9 140 449 773 772 340 316 184 725 625
? 9 705 617 185 331 692 632 53 757 51
? 9 422 252 465 307 467 178 54 345 761
? 9 644 663 535 156 607 431 98 709 587
? 9 270 352 153 740 2 131 480 603 17
? 9 637 552 383 295 536 127 385 105 300
? 9 384 139 259 33 313 327 570 43 724
? 9 276 407 164 631 400 210 697 39 312
? 9 476 138 44 348 721 157 350 667 559
? 9 322 315 221 89 667 581 374 708 358
? 9 173 397 462 548 451 799 359 480 603
? 9 706 660 110 159 132 636 309 254 718
? 9 674 174 486 280 266 591 432 766 468
? 9 658 692 617 550 705 12 324 101 146
? 9 286 427 764 452 231 34 487 484 380
? 9 572 429 542 405 59 369 738 505 31
? 9 248 750 722 216 685 255 624 26 399
? 9 144 126 152 53 757 331 185 662 734
? 9 325 432 591 483 267 214 566 558 440
? 9 181 514 502 129 417 554 589 223 284
? 9 609 6 648 277 133 203 25 501 787
? 9 735 633 229 509 571 114 251 304 253
? 9 547 314 128 192 793 376 760 791 232
? 9 80 287 574 291 485 601 593 583 567
? 9 740 352 270 480 603 528 153 359 462
? 9 74 323 787 272 78 649 134 49 592
? 9 123 237 421 195 151 299 786 798 596
? 9 782 143 602 580 318 42 584 225 790
? 9 213 136 435 385 500 659 387 224 560
? 9 296 702 142 234 347 45 503 43 532
? 9 29 582 460 243 282 729 147 753 765
? 9 454 258 477 681 180 519 745 79 553
? 9 583 527 574 80 485 287 669 81 700
? 9 749 411 708 374 478 221 315 69 89
? 9 314 128 547 192 760 793 376 506 791
? 9 745 182 477 215 115 454 79 258 180
? 9 380 196 231 493 286 427 763 452 484
? 9 770 390 61 774 294 464 728 116 447
? 9 524 544 672 239 561 419 275 119 711
? 9 199 500 295 552 235 224 472 385 105
? 9 176 391 445 687 762 351 453 424 62
? 9 247 99 664 5 489 85 776 189 488
? 9 23 118 232 194 791 765 28 793 46
? 9 596 151 370 756 786 798 263 751 310
? 9 748 389 778 495 741 55 77 96 541
? 9 261 492 170 205 184 625 655 135 20
? 9 562 440 433 566 214 267 121 106 329
? 9 366 396 274 402 97 570 797 724 313
? 9 21 714 72 795 154 785 417 94 537
? 9 641 337 290 509 571 416 743 513 474
? 9 122 693 222 615 104 357 149 436 655
? 9 203 346 720 25 281 133 569 344 609
? 9 479 466 474 217 46 290 531 249 23
? 9 754 629 676 666 242 166 437 768 113
? 9 38 511 442 680 172 116 333 704 191
? 9 634 657 627 618 781 178 388 68 540
? 9 429 572 542 738 59 405 369 505 31
? 9 685 364 722 240 248 399 255 750 470
? 9 285 577 317 5 189 548 678 799 395
? 9 507 86 715 204 565 523 283 60 82
? 9 256 395 40 418 521 193 671 381 642
? 9 378 659 461 387 600 737 732 88 530
? 9 425 152 403 777 185 331 144 705 617
? 9 567 601 453 287 593 80 77 291 393
? 9 359 451 528 381 462 548 173 397 701
? 9 25 720 281 203 346 245 408 64 15
? 9 794 358 218 538 581 305 32 696 157
? 9 738 542 429 59 572 405 369 50 31
? 9 220 654 9 498 68 657 388 684 540
? 9 622 707 534 63 792 280 713 575 401
? 9 612 621 619 646 728 347 142 13 702
? 9 147 765 194 595 582 118 753 29 46
? 9 450 92 365 268 250 586 342 412 455
? 9 224 262 500 199 560 733 435 213 372
? 9 233 303 504 177 557 56 410 8 328
? 9 328 790 225 42 4 584 782 602 626
? 9 561 672 544 119 524 275 712 171 419
? 9 550 150 379 101 658 10 632 617 692
? 9 492 261 170 184 625 205 655 135 20
? 9 728 621 619 464 612 390 442 13 770
? 9 353 506 665 109 599 426 651 253 784
? 9 111 293 497 785 463 543 24 154 795
? 9 460 243 29 582 147 765 232 729 194
? 9 692 617 705 658 185 324 331 425 158
? 9 82 39 546 697 309 283 715 523 718
? 9 222 615 149 122 693 357 104 797 327
? 9 48 588 100 117 522 491 769 613 505
? 9 528 359 451 462 381 740 701 173 397
? 9 509 571 337 641 735 633 416 743 290
? 9 341 254 716 309 546 283 82 600 110
? 9 159 636 132 406 110 706 660 718 309
? 9 720 25 281 203 346 408 245 569 64
? 9 243 460 29 765 232 147 582 376 793
? 9 508 124 645 71 768 620 166 666 676
? 9 473 512 373 167 475 517 187 361 525
? 9 22 179 195 586 244 752 585 237 123
? 9 564 539 305 44 157 696 130 218 794
? 9 687 424 616 391 367 219 351 398 62
? 9 56 177 504 98 626 557 303 663 607
? 9 113 137 242 676 629 754 779 71 768
? 9 244 576 179 586 22 551 549 688 450
? 9 148 439 580 401 584 575 792 42 739
? 9 773 340 772 316 140 449 162 625 184
? 9 498 9 363 220 606 60 684 654 518
? 9 340 316 773 772 140 449 162 625 184
? 9 761 11 106 392 329 178 781 643 121
? 9 339 520 673 209 308 441 354 784 27
? 9 192 760 791 128 28 547 314 793 23
? 9 768 71 676 166 666 508 754 437 629
? 9 368 481 494 690 457 336 788 652 597
? 9 486 591 558 674 349 432 771 325 174
? 9 717 758 559 721 744 734 302 348 84
? 9 630 158 324 668 703 614 653 487 682
? 9 158 324 630 692 425 777 658 617 278
? 9 388 781 657 634 392 220 178 11 684
? 9 645 124 508 620 768 145 71 166 670
? 9 81 485 361 517 574 167 291 512 80
? 9 41 769 505 783 429 572 100 542 738
? 9 747 647 223 537 554 284 471 795 785
? 9 153 131 270 2 352 610 103 17 227
? 9 27 209 354 673 448 549 308 339 688
? 9 686 371 279 95 711 239 753 459 175
? 9 708 749 411 374 221 315 89 322 478
? 9 767 65 594 536 26 105 478 300 637
? 9 182 745 115 477 215 79 563 454 258
? 9 497 463 111 293 423 543 24 241 50
? 9 344 569 346 203 733 720 281 364 133
? 9 475 373 473 512 187 167 517 211 361
? 9 663 607 98 644 431 156 535 626 56
? 9 432 267 325 591 214 566 486 440 483
? 9 726 318 496 143 401 782 602 534 580
? 9 336 597 54 788 652 345 494 457 14
? 9 152 425 403 144 185 126 331 53 757
? 9 255 364 235 750 472 248 685 722 105
? 9 776 355 85 230 288 334 36 664 489
? 9 439 148 575 739 792 401 713 580 491
? 9 60 363 565 606 86 498 507 1 204
? 9 664 247 489 85 99 776 488 230 355
? 9 189 678 7 169 642 689 247 5 285
? 9 419 524 531 561 672 544 239 217 246
? 9 174 266 674 643 121 518 329 684 486
? 9 281 720 25 346 408 203 569 245 262
? 9 602 143 318 782 225 626 42 431 580
? 9 136 435 387 372 560 213 163 659 224
? 9 334 36 355 736 288 776 230 7 85
? 9 651 386 109 784 308 114 209 353 665
? 9 487 653 703 668 452 197 427 34 484
? 9 367 398 219 35 687 175 616 391 424
? 9 585 752 586 22 434 450 412 92 179
? 9 457 494 597 14 481 690 336 368 18
? 9 379 150 632 51 10 550 638 84 705
? 9 274 396 366 52 493 97 196 402 289
? 9 442 116 38 728 621 511 612 619 646
? 9 127 383 385 637 552 16 796 679 500
? 9 733 235 262 569 344 346 281 224 364
!
582 260 668 452 403 602 493 653 74 340 81 144 675 168 287 0 593 453 135 269 496 57 402 692 279 222 150 331 313 15 196 763 632 126 780 185 724 53 134 614 197 19 259 122 527 693 139 379 617 731 146 487 762 77 231 303 373 516 470 428 29 316 140 550 473 49 301 557 389 705 55 773 578 464 601 104 669 574 592 152 753 605 80 278 240 396 324 541 380 52 205 187 723 625 289 484 96 366 101 619 425 515 700 149 741 764 445 211 420 485 424 573 158 757 286 456 676 662 645 208 615 167 661 748 291 682 377 261 282 567 391 778 583 687 512 475 772 639 459 393 394 630 449 274 508 410 328 663 777 517 398 116 302 744 98 97 12 64 658 292 34 616 198 655 529 155 8 638 202 703 233 228 427 
512 517
632 53
692 53
602 19
144 185
231 427
286 475
593 485
550 101
593 456
420 393
485 291
687 398
428 282
582 29
96 208
135 205
453 567
557 8
700 420
653 682
274 97
53 379
619 573
15 394
639 394
484 427
764 583
493 669
493 473
222 615
49 198
675 292
196 380
0 155
340 261
146 211
669 574
661 64
762 228
134 741
772 449
757 638
582 753
705 324
81 187
550 12
630 777
403 152
424 459
473 583
167 517
260 34
402 313
682 34
134 389
57 282
453 700
403 331
731 155
202 233
0 167
379 744
516 605
197 289
122 104
269 202
780 55
286 703
445 567
168 645
0 593
391 459
208 377
144 744
324 158
617 302
632 302
377 292
313 139
81 473
331 126
410 8
187 475
74 541
340 140
150 12
653 487
205 261
152 324
49 592
452 427
81 512
748 778
77 601
222 104
464 616
377 198
487 484
197 380
287 80
259 139
316 449
49 8
723 233
625 261
668 487
96 741
496 98
516 228
135 122
663 98
692 126
287 527
470 529
452 475
601 748
403 777
428 515
693 104
380 52
57 753
614 682
425 630
80 393
780 96
757 302
602 98
74 661
150 757
149 274
614 425
470 240
763 396
278 662
763 724
675 202
316 773
77 700
464 424
126 662
445 459
625 655
313 724
396 366
578 101
55 778
74 592
731 373
762 391
366 97
196 396
279 605
287 574
373 211
211 658
602 328
303 328
340 449
391 398
303 515
168 772
557 328
197 484
15 64
149 615
240 12
301 645
676 508
301 676
464 116
259 573
497 505 769 50 349 542 429 343 522 273 
542 429
769 349
769 522
505 343
349 343
497 542
497 50
505 273
50 273
609 83 70 323 649 361 648 133 787 501 525 90 200 495 6 775 281 272 78 277 226 569 446 
525 775
609 277
648 78
90 226
775 226
649 6
649 133
323 281
501 200
609 200
6 277
323 133
787 78
787 6
70 569
83 648
226 446
495 446
361 495
525 569
83 446
83 272
59 111 785 207 714 405 128 308 94 599 73 319 24 107 353 209 745 506 590 423 293 568 563 556 738 579 426 192 547 665 21 571 
111 319
785 94
506 547
745 563
207 423
405 590
423 738
293 21
128 353
426 665
319 293
745 568
192 571
128 506
128 579
111 207
59 590
714 94
423 556
599 426
714 73
107 579
590 556
714 745
353 209
73 21
59 107
24 556
209 426
506 571
308 665
494 31 697 518 225 183 220 622 252 214 553 486 181 691 463 241 618 363 761 9 591 345 543 215 746 210 684 514 604 681 306 718 320 160 4 716 433 18 742 566 647 469 537 132 117 726 771 674 76 362 471 236 465 715 572 204 690 190 468 636 588 72 11 502 307 634 499 467 654 788 388 212 657 284 39 63 430 589 747 729 562 795 432 341 159 147 325 781 223 100 422 706 68 457 280 413 400 565 783 498 376 483 41 254 368 141 481 523 309 267 87 120 14 546 329 154 597 54 106 3 600 627 719 60 558 643 121 406 276 554 312 338 82 727 507 174 392 321 540 164 534 652 417 631 110 369 1 93 283 440 129 759 178 707 332 266 86 407 606 336 
31 369
220 654
284 554
697 407
220 68
518 498
110 93
684 498
591 483
212 706
432 325
87 276
781 392
18 14
11 121
523 87
214 329
647 223
183 553
499 276
254 93
465 467
572 100
468 338
320 87
363 312
647 795
76 312
788 336
241 154
422 178
566 643
499 406
174 266
591 332
546 110
716 236
742 706
190 338
120 321
76 400
76 141
618 634
674 558
214 106
215 514
715 39
267 440
11 106
565 546
697 631
183 681
306 627
471 483
141 627
430 597
716 606
715 204
788 54
622 534
716 60
31 376
457 652
457 336
781 106
537 72
469 606
164 407
132 159
746 306
341 254
236 283
388 540
9 540
657 430
39 82
463 154
690 14
591 771
565 82
761 422
726 1
252 597
588 338
518 9
634 657
204 86
252 422
210 320
181 72
159 523
502 129
432 332
465 307
486 440
220 413
100 376
9 654
718 636
761 392
783 376
252 54
63 60
215 417
622 280
307 562
41 719
718 742
215 589
345 652
160 147
306 14
362 325
210 631
486 558
537 795
341 600
72 417
181 129
604 690
309 600
400 164
284 129
771 674
469 726
681 3
267 643
494 457
241 543
362 747
565 631
433 562
684 266
604 727
368 727
761 562
507 707
60 507
486 174
160 783
747 795
225 4
117 190
554 321
618 363
691 543
100 41
718 132
220 507
413 86
588 280
368 481
3 759
572 729
622 707
589 759
241 369
117 729
4 729
335 713 401 48 790 766 439 148 491 575 580 318 792 584 739 613 42 143 608 
575 739
318 143
401 439
713 575
575 584
613 608
401 148
766 613
580 608
713 792
491 580
48 580
42 143
335 790
439 143
739 608
148 792
790 42
37 683 633 253 124 175 735 351 123 95 375 103 229 28 786 460 561 330 701 151 651 2 171 414 342 492 672 170 243 455 526 770 118 327 585 165 180 412 623 725 791 33 339 217 768 436 268 265 444 673 688 620 640 188 264 166 357 201 743 182 250 263 798 337 646 310 365 598 22 119 115 237 671 416 354 450 755 145 194 193 251 370 784 367 314 509 137 333 114 92 20 458 549 227 434 765 386 751 232 454 570 595 797 184 519 698 596 299 102 635 244 35 176 551 297 27 752 586 67 533 511 108 109 162 789 66 271 520 421 611 576 258 125 409 179 448 441 17 304 79 699 23 384 756 257 371 195 477 670 760 13 
671 193
585 450
253 114
244 576
586 195
20 699
623 791
23 760
265 162
314 760
118 765
688 551
551 576
526 598
460 118
229 28
162 611
598 409
519 258
365 92
549 271
725 184
673 448
751 297
253 386
409 441
526 79
175 35
784 304
2 640
561 119
698 176
333 511
250 365
367 176
633 735
454 519
327 357
201 162
37 251
455 688
673 354
414 66
170 20
327 797
145 458
165 756
171 367
102 421
725 20
798 227
108 257
596 179
561 672
118 232
28 151
375 458
251 370
165 102
460 595
743 416
492 184
755 257
786 227
651 520
264 310
22 237
791 314
123 756
182 598
421 179
264 297
123 22
342 268
217 337
454 533
188 384
651 784
180 673
330 611
243 765
797 67
330 66
28 304
598 533
351 171
123 434
798 299
786 596
342 250
770 13
182 115
339 448
108 699
299 17
37 263
755 125
151 370
444 310
253 109
194 232
635 271
310 784
193 789
337 509
217 743
595 371
444 27
620 670
175 176
188 646
455 271
454 477
229 114
436 257
180 477
672 698
450 92
683 672
585 752
166 755
436 458
124 670
509 23
237 586
354 27
95 35
434 752
354 549
124 768
263 416
683 770
791 194
735 229
375 670
570 797
268 244
412 450
166 511
137 789
375 265
103 640
33 384
646 333
357 384
103 17
768 137
95 371
646 13
701 671
710 270 219 603 799 793 46 531 173 131 462 524 694 686 206 418 317 397 711 545 112 443 239 479 381 451 275 480 474 298 249 548 610 153 466 246 712 528 352 513 740 438 290 419 641 544 359 
443 438
270 173
610 153
513 290
219 239
603 438
793 46
799 397
418 381
270 740
451 548
545 112
381 548
712 544
531 419
793 466
545 513
249 513
173 480
480 528
131 153
239 544
466 419
711 275
524 246
219 246
173 462
112 641
479 249
46 474
528 359
686 419
317 397
710 694
603 298
153 352
206 246
548 740
799 462
711 544
686 711
206 479
480 352
710 317
694 479
438 290
750 660 364 216 161 199 30 399 594 659 372 213 248 472 378 758 708 221 679 478 127 138 262 722 157 65 490 656 305 16 322 295 749 224 383 476 346 624 720 461 350 538 667 411 358 581 32 348 89 685 69 539 51 58 203 767 560 530 732 734 536 84 105 315 385 235 628 10 650 552 559 637 255 344 26 44 47 796 75 721 794 717 245 564 218 737 733 25 130 238 374 500 387 696 300 
344 733
749 315
346 25
399 656
346 344
734 84
720 203
58 238
364 344
350 734
157 538
322 315
708 411
213 127
660 659
372 560
138 348
89 218
581 696
560 245
358 89
708 374
248 255
51 58
350 721
538 32
262 203
248 472
581 218
536 105
708 221
490 650
734 10
461 737
794 218
348 559
26 374
758 721
44 564
476 667
322 26
732 737
679 796
722 628
476 89
372 530
749 624
30 685
624 628
30 51
478 65
130 696
660 387
490 58
224 235
199 295
758 717
732 796
536 300
750 749
539 696
221 69
157 218
490 47
138 44
383 385
161 378
594 767
679 16
637 500
552 637
213 637
378 461
295 637
659 385
32 69
720 25
305 84
346 235
65 767
399 685
65 411
216 733
305 667
305 559
30 722
75 130
536 552
262 245
383 530
594 105
216 255
199 224
127 16
730 442 85 230 71 189 680 754 776 666 172 642 629 191 61 285 664 242 437 489 38 36 256 99 555 247 774 360 288 355 390 169 5 113 704 736 334 577 621 40 689 678 7 779 395 415 510 521 
730 191
288 7
85 7
169 40
704 415
680 172
285 99
85 334
577 521
680 360
395 521
256 395
555 736
242 510
38 355
754 629
189 689
36 555
754 437
189 642
776 334
776 664
191 415
230 489
61 774
172 415
355 736
666 242
113 779
730 736
666 629
776 247
189 40
71 437
390 621
629 113
61 247
689 678
774 390
442 621
189 256
285 5
664 36
666 191
99 577
489 288
85 678
186 294 728 347 234 142 447 296 43 62 503 702 532 488 612 45 
142 702
62 532
447 488
503 488
234 612
294 612
702 45
186 142
43 45
296 43
186 294
234 503
294 62
347 142
728 447
677 482 177 311 163 782 408 607 626 535 382 88 709 326 356 504 431 587 136 644 91 435 404 695 56 156 
677 408
535 587
177 91
88 356
709 644
435 695
607 404
504 56
535 644
311 695
607 431
677 482
382 356
326 91
607 709
382 695
782 431
326 156
163 136
607 56
163 695
626 91
587 435
404 156
408 326
