!
389 
493 13 498 758 287 661 514 448 464 559 330 217 467 407 798 38 503 392 64 508 528 324 695 
498 324
798 324
287 330
559 38
330 695
448 503
758 528
217 392
13 514
13 528
448 798
508 324
287 514
758 64
508 695
493 559
217 467
661 38
467 407
758 407
498 464
464 38
110 
442 451 583 384 146 676 300 390 735 
384 146
442 300
676 390
442 735
451 384
583 390
451 300
442 583
486 255 494 46 496 153 641 608 
486 608
496 641
153 641
255 496
486 46
46 153
494 496
194 504 220 142 524 23 436 422 
504 436
220 422
504 524
220 142
142 23
194 23
194 504
381 237 590 295 119 251 
295 251
237 295
590 119
590 251
381 119
249 421 288 127 607 752 682 109 196 441 
288 682
288 196
607 752
421 752
288 127
421 109
109 196
249 607
421 441
653 216 357 29 253 743 741 438 121 711 623 548 670 721 712 672 398 176 338 
357 398
216 712
711 721
743 338
670 712
653 623
653 548
743 623
711 176
121 672
438 711
29 398
741 121
216 741
548 176
653 29
670 721
253 438
624 356 723 
624 356
624 723
567 363 174 587 737 123 727 694 345 491 557 
363 174
123 694
363 587
345 557
567 737
587 727
587 123
737 557
727 557
727 491
651 706 747 474 315 571 569 362 
706 474
651 315
569 362
747 571
747 474
651 569
651 747
171 415 
171 415
350 152 252 188 520 658 395 343 199 
152 395
350 343
350 252
152 343
658 343
658 199
188 199
188 520
466 111 698 406 368 365 414 344 521 611 125 231 
414 125
111 231
406 521
344 125
125 231
698 521
365 521
466 406
365 611
698 231
406 368
126 505 
126 505
323 182 328 693 759 510 89 250 49 534 555 634 
328 534
328 693
693 555
759 555
182 250
89 534
250 49
323 250
555 634
510 250
759 510
129 542 327 243 433 8 744 416 367 417 440 156 647 
433 647
243 440
129 416
542 433
327 417
542 156
367 647
8 744
416 367
243 417
744 417
8 156
177 385 605 592 254 361 580 22 68 50 
361 580
68 50
385 50
385 592
177 361
361 50
605 580
177 254
254 22
364 626 376 561 32 212 205 627 454 777 167 37 795 543 66 380 
212 167
627 37
626 205
32 543
376 66
454 795
626 627
364 380
561 32
376 37
364 454
205 380
777 167
32 380
205 167
539 426 619 595 460 594 299 191 297 
299 191
426 191
539 594
460 297
426 619
595 460
595 191
619 594
477 34 52 
477 34
477 52
419 413 77 668 
419 77
419 668
413 77
462 386 245 563 461 353 513 164 488 105 568 399 203 700 714 270 
563 203
488 568
386 164
399 203
245 568
513 488
461 714
353 399
462 714
353 700
462 270
563 105
399 270
461 164
245 270
591 718 291 151 581 483 92 780 439 437 585 724 
591 581
591 92
291 92
591 585
718 581
585 724
151 780
92 439
483 780
718 437
780 437
401 240 541 230 
240 230
401 230
401 541
584 645 
584 645
789 76 622 394 562 447 536 195 276 112 325 427 265 
622 562
536 276
195 265
622 325
447 276
789 394
394 447
536 427
76 394
195 325
562 276
622 112
615 652 
615 652
322 574 178 424 157 93 
322 93
322 178
178 424
574 157
424 157
445 
613 56 346 
613 346
56 346
577 579 147 
577 579
577 147
378 209 168 302 783 418 235 749 341 396 713 122 246 730 132 719 791 775 201 90 787 215 366 141 211 25 57 259 180 526 589 382 80 679 446 
90 787
235 57
211 382
713 589
246 141
201 215
378 25
246 132
132 80
209 25
713 679
209 168
418 180
132 526
201 259
730 446
235 141
341 730
180 382
122 57
730 366
259 80
719 791
302 90
719 366
787 180
418 201
749 775
396 791
378 713
749 211
168 783
396 713
783 775
731 408 337 393 549 51 128 692 
393 51
731 393
408 549
337 692
549 128
337 51
731 128
449 551 755 705 222 
449 705
551 222
449 222
755 705
359 333 383 158 247 238 67 35 431 242 224 738 
333 738
383 67
359 431
359 35
383 242
238 224
333 67
247 35
247 224
383 158
158 224
565 
603 36 165 
36 165
603 36
588 
48 370 53 72 145 273 
72 273
48 273
145 273
48 53
370 72
289 311 
289 311
272 286 680 332 118 509 6 160 
286 6
332 118
509 160
6 160
118 6
272 286
680 118
329 277 457 
329 457
329 277
103 256 768 331 732 709 666 708 799 107 219 582 387 397 443 423 788 186 473 101 96 283 644 646 227 11 138 12 
768 423
666 107
709 138
768 709
256 227
107 443
666 219
397 644
732 473
103 644
256 331
646 227
331 186
107 11
708 12
283 227
103 101
219 582
96 12
473 101
443 283
423 283
788 646
103 387
443 96
799 644
473 12
282 
729 20 547 532 740 
20 532
547 532
729 20
729 740
600 326 258 
600 326
600 258
782 120 618 410 455 765 15 229 154 434 74 102 40 83 98 545 405 44 335 722 558 485 264 428 550 453 181 
335 558
434 102
154 453
98 44
410 15
120 453
434 74
410 40
405 558
550 453
455 264
485 428
618 44
765 434
765 335
782 428
410 83
83 550
782 722
545 558
618 722
618 181
154 485
229 181
15 264
102 181
95 45 
95 45
456 617 663 482 190 501 
617 482
663 190
456 501
456 482
663 501
576 
354 266 757 621 
266 621
354 621
266 757
779 400 63 420 
400 63
400 420
779 420
404 790 310 281 671 18 767 184 88 94 175 544 696 
184 175
281 544
18 175
18 767
404 790
88 94
404 88
671 88
404 175
310 281
310 696
767 544
560 
73 699 664 681 150 97 412 239 411 173 650 601 689 685 292 274 267 476 163 352 578 144 116 351 17 308 
601 274
267 351
650 17
239 163
664 173
476 163
292 351
267 476
274 144
601 689
685 144
681 411
274 352
73 17
699 578
664 412
150 578
97 17
97 116
664 411
73 308
352 308
699 411
150 308
681 292
610 756 654 675 225 
675 225
756 675
610 756
610 654
278 9 183 207 620 91 340 786 262 570 519 
91 519
183 262
207 340
620 262
786 519
278 570
278 9
620 91
340 786
9 620
429 403 769 492 674 487 761 62 604 573 637 313 655 100 468 529 636 279 54 489 133 794 490 213 
62 637
674 468
573 213
403 769
313 133
604 490
487 529
674 54
429 490
487 794
769 655
403 313
429 489
769 604
492 636
637 489
573 100
761 655
674 279
468 489
100 794
761 636
492 213
606 166 339 55 612 5 
166 339
612 5
55 612
606 166
606 55
307 162 206 
307 162
162 206
226 772 358 739 131 
226 358
226 131
739 131
772 739
155 746 
155 746
124 575 531 733 285 104 202 701 616 148 656 69 268 106 208 667 463 599 688 628 715 479 
463 599
599 715
531 715
268 628
701 208
575 463
124 106
531 104
202 106
202 616
616 479
208 667
575 148
124 667
202 656
104 69
701 688
733 285
531 479
268 688
285 656
187 
480 232 
480 232
552 193 
552 193
172 134 261 179 
172 179
134 261
172 134
349 139 369 556 502 725 
349 556
369 502
556 502
139 556
139 725
697 537 625 471 185 58 318 728 717 24 678 305 
185 318
471 305
697 537
728 305
717 24
318 717
697 305
625 471
625 58
537 678
185 58
776 10 26 797 469 42 546 481 720 108 336 
776 26
469 336
481 720
720 336
797 336
10 546
10 42
42 108
26 481
42 481
348 690 372 78 228 
690 78
690 372
348 228
78 228
597 
677 
271 321 233 432 452 515 115 648 
432 452
321 233
271 515
432 648
321 432
233 115
515 115
84 478 754 793 691 702 65 
754 793
702 65
478 691
793 702
84 691
84 65
635 512 522 516 506 60 751 609 
635 516
522 60
512 506
506 751
60 609
522 516
751 609
707 388 
707 388
527 71 360 554 7 244 639 430 236 
7 236
554 236
360 7
244 236
71 639
360 639
244 430
527 430
614 41 81 342 257 301 
614 81
41 301
342 301
41 257
81 257
465 312 214 309 28 14 630 669 303 189 320 284 750 316 204 507 586 566 500 703 304 632 
189 566
28 500
214 630
669 204
669 703
312 304
750 316
465 507
630 586
28 630
465 750
14 586
214 284
586 632
303 204
309 507
189 320
28 320
189 703
309 320
312 500
499 61 784 75 
499 784
61 75
499 75
564 593 293 766 
593 766
564 293
593 293
4 642 517 
4 517
4 642
377 2 19 745 86 774 781 748 290 82 538 659 210 602 484 771 269 143 704 218 459 16 
745 269
2 659
19 538
86 484
377 16
484 704
538 210
459 16
2 771
143 459
748 659
602 704
2 290
774 210
377 86
2 143
82 218
781 602
290 218
602 269
19 781
355 518 306 149 638 553 
149 638
355 553
518 638
306 149
355 306
660 633 43 643 596 540 
660 43
660 633
660 540
643 540
43 596
770 
535 472 263 192 296 
535 472
263 192
192 296
535 296
85 391 59 21 223 159 379 70 742 47 31 425 
21 379
223 31
21 47
85 391
223 70
85 425
379 70
379 425
159 70
742 31
59 742
687 33 137 
687 137
33 137
117 511 662 298 762 375 444 450 497 248 30 317 683 773 27 792 135 402 0 763 640 
402 0
662 762
30 135
762 683
444 402
298 375
773 135
298 763
762 450
683 792
497 0
511 497
27 763
248 30
773 27
0 640
662 640
375 450
317 763
117 248
260 686 684 161 778 785 760 197 374 734 409 530 221 198 657 87 99 649 716 314 753 275 710 334 140 572 347 280 435 170 523 234 1 114 726 136 169 373 598 470 631 113 796 130 241 
760 598
778 198
87 334
785 523
778 716
234 373
161 598
130 241
347 114
684 710
275 280
1 136
649 435
170 241
140 130
686 373
530 221
686 734
657 136
710 113
197 753
260 169
374 435
785 140
114 631
374 470
753 796
275 710
716 169
684 334
99 136
734 631
260 649
99 314
409 530
572 435
275 572
760 87
314 726
686 796
197 409
260 170
347 726
221 198
665 39 79 3 764 371 319 736 294 673 495 200 475 533 525 458 629 
319 673
39 475
371 458
764 371
39 458
764 736
665 736
764 533
495 629
673 200
294 200
475 629
39 79
294 495
673 525
79 3
