? 7 561 421 34 288 0 605 499
? 7 93 488 394 371 410 196 77
? 7 379 321 570 659 158 259 275
? 7 156 315 85 9 170 122 593
? 7 404 190 744 732 125 76 475
? 7 405 295 223 415 287 700 707
? 7 295 223 700 405 712 530 196
? 7 779 775 654 92 533 683 469
? 7 409 668 671 322 70 410 421
? 7 743 549 296 620 211 80 651
? 7 104 463 327 339 132 758 272
? 7 457 633 615 408 187 507 440
? 7 602 756 267 28 711 326 218
? 7 736 78 749 422 28 484 449
? 7 272 132 327 640 339 665 104
? 7 71 91 637 397 403 673 510
? 7 336 41 734 122 245 114 554
? 7 472 691 583 319 238 587 251
? 7 606 646 730 368 496 25 625
? 7 1 400 206 684 278 652 351
? 7 469 92 621 654 393 35 105
? 7 699 135 67 121 66 591 443
? 7 755 456 509 494 634 53 88
? 7 69 143 86 717 257 470 268
? 7 585 183 288 630 454 216 0
? 7 449 484 377 790 769 444 152
? 7 51 504 29 557 766 507 157
? 7 604 332 188 225 361 418 256
? 7 633 499 408 457 322 440 385
? 7 688 27 270 676 770 247 36
? 7 203 538 84 739 46 39 498
? 7 423 246 720 641 55 599 495
? 7 754 520 666 355 526 309 536
? 7 555 549 593 80 660 170 305
? 7 11 362 220 474 553 686 417
? 7 182 365 419 197 370 789 6
? 7 67 699 135 45 591 750 121
? 7 216 630 175 652 183 0 605
? 7 149 12 512 394 762 492 557
? 7 159 275 683 361 228 659 570
? 7 326 623 522 676 57 710 602
? 7 99 717 447 505 442 714 69
? 7 495 406 682 599 246 402 423
? 7 24 740 241 350 162 388 103
? 7 662 314 240 738 592 174 16
? 7 567 429 390 248 455 259 119
? 7 752 757 335 15 257 470 498
? 7 597 701 462 450 325 206 201
? 7 364 579 590 588 506 611 144
? 7 202 660 478 608 80 305 549
? 7 793 420 306 294 89 467 431
? 7 204 614 298 85 722 336 114
? 7 474 220 362 11 553 382 582
? 7 712 530 243 700 692 130 223
? 7 84 203 498 46 538 739 693
? 7 365 182 370 197 6 419 789
? 7 523 598 562 21 425 209 285
? 7 23 559 640 49 416 268 483
? 7 418 256 332 188 604 225 361
? 7 643 311 503 224 644 619 458
? 7 94 133 769 790 377 297 178
? 7 623 326 439 403 341 783 270
? 7 400 1 206 684 351 450 278
? 7 634 509 755 494 456 545 337
? 7 600 422 261 724 310 161 736
? 7 235 371 488 77 687 530 700
? 7 345 635 433 74 707 285 425
? 7 522 710 111 353 57 282 32
? 7 395 653 616 641 213 768 500
? 7 625 368 331 767 496 527 490
? 7 68 565 563 435 313 573 741
? 7 751 109 685 98 572 100 329
? 7 397 637 713 71 367 155 91
? 7 610 303 632 704 426 287 435
? 7 298 114 43 336 369 204 614
? 7 724 261 161 310 600 422 25
? 7 453 266 382 715 582 649 293
? 7 483 49 481 304 446 745 576
? 7 447 252 714 90 647 470 99
? 7 558 534 138 102 54 424 187
? 7 551 568 137 636 163 374 337
? 7 108 452 55 279 500 679 33
? 7 544 383 730 537 25 569 606
? 7 510 299 231 432 341 91 71
? 7 201 325 225 332 256 418 604
? 7 118 680 145 366 471 485 786
? 7 10 8 233 193 73 799 3
? 7 665 348 153 272 83 132 640
? 7 762 77 149 12 512 488 371
? 7 581 123 309 105 212 621 342
? 7 340 716 324 146 681 669 466
? 7 768 292 33 500 213 148 47
? 7 300 251 587 319 281 583 43
? 7 85 9 156 170 315 593 204
? 7 777 509 456 786 634 755 137
? 7 267 756 28 602 78 711 180
? 7 46 344 84 696 203 739 208
? 7 252 447 714 90 647 465 470
? 7 152 61 444 297 790 128 52
? 7 212 309 355 198 581 123 754
? 7 731 17 536 598 194 774 139
? 7 516 650 160 480 392 578 694
? 7 207 645 550 679 622 384 279
? 7 226 532 360 89 306 793 431
? 7 733 263 269 346 718 629 186
? 7 714 647 252 447 759 90 99
? 7 366 471 680 145 118 124 485
? 7 293 578 352 715 603 528 582
? 7 180 282 383 353 267 710 600
? 7 387 75 363 392 532 434 89
? 7 369 584 43 142 541 298 614
? 7 592 240 273 16 662 52 358
? 7 256 418 332 225 604 328 188
? 7 525 782 155 367 719 350 241
? 7 429 567 259 775 248 390 119
? 7 169 222 50 214 308 689 376
? 7 176 791 376 519 560 419 305
? 7 676 770 57 688 326 111 522
? 7 422 600 261 724 310 736 161
? 7 478 202 608 660 305 214 80
? 7 191 330 231 299 64 125 432
? 7 761 393 35 445 264 702 334
? 7 382 453 582 715 266 474 603
? 7 142 541 584 412 369 103 43
? 7 0 605 630 216 499 183 421
? 7 517 333 675 648 112 97 338
? 7 49 559 23 483 268 304 640
? 7 353 710 282 522 111 57 32
? 7 341 403 510 91 623 71 432
? 7 164 586 706 741 288 454 34
? 7 568 551 137 636 163 374 134
? 7 444 152 61 449 38 790 52
? 7 388 162 59 24 740 614 95
? 7 325 201 462 225 332 256 597
? 7 269 263 733 629 346 778 718
? 7 509 456 634 755 777 494 137
? 7 599 246 402 495 406 679 423
? 7 306 793 294 89 420 467 226
? 7 725 130 692 243 124 712 530
? 7 485 786 118 680 145 366 687
? 7 18 728 658 342 254 131 123
? 7 41 734 122 336 245 302 114
? 7 80 549 660 202 478 743 608
? 7 628 250 53 88 20 493 171
? 7 652 175 385 216 278 206 630
? 7 685 329 234 98 109 751 572
? 7 413 513 196 414 405 426 704
? 7 37 651 664 81 117 296 564
? 7 313 741 573 68 565 198 563
? 7 674 366 636 471 124 725 134
? 7 389 526 563 774 520 666 536
? 7 506 590 588 579 364 611 144
? 7 675 517 112 750 333 45 785
? 7 88 53 628 494 250 755 289
? 7 454 288 533 585 654 164 706
? 7 425 285 562 21 598 258 523
? 7 240 592 273 662 16 52 738
? 7 223 700 295 712 530 405 243
? 7 520 526 666 754 355 389 536
? 7 251 300 587 319 583 281 472
? 7 185 100 40 539 199 776 751
? 7 43 298 369 114 584 300 281
? 7 279 622 698 679 207 108 645
? 7 39 772 331 490 538 87 739
? 7 144 759 590 506 364 667 579
? 7 700 223 295 530 712 405 243
? 7 784 742 698 491 626 489 318
? 7 716 340 324 146 669 466 681
? 7 128 61 386 178 297 152 52
? 7 160 516 480 694 650 110 392
? 7 789 197 168 672 370 182 365
? 7 435 565 68 426 704 563 573
? 7 83 153 665 348 446 304 272
? 7 138 424 534 558 440 54 102
? 7 331 490 772 625 39 87 368
? 7 440 138 408 558 534 278 424
? 7 571 317 780 609 286 115 624
? 7 481 709 147 576 312 304 446
? 7 475 744 190 404 284 575 76
? 7 376 519 791 176 214 689 419
? 7 344 696 618 357 208 46 179
? 7 541 142 412 584 369 103 614
? 7 352 293 528 578 715 650 603
? 7 394 12 512 410 149 93 762
? 7 726 511 601 399 320 281 617
? 7 689 376 169 419 519 176 6
? 7 766 507 557 29 615 51 457
? 7 696 344 618 46 357 146 681
? 7 233 193 799 8 497 3 10
? 7 145 680 471 366 118 124 485
? 7 172 524 351 673 155 367 450
? 7 196 413 513 93 488 295 371
? 7 410 394 668 93 671 12 512
? 7 280 79 64 732 125 546 432
? 7 31 542 315 737 560 156 177
? 7 402 48 682 599 406 384 550
? 7 547 301 785 451 792 750 591
? 7 659 570 275 379 775 228 159
? 7 686 708 310 210 362 11 261
? 7 27 688 270 247 36 166 439
? 7 463 104 758 339 327 438 132
? 7 654 92 621 469 779 105 454
? 7 528 352 293 650 75 578 392
? 7 284 575 587 475 359 583 174
? 7 53 88 628 250 20 494 755
? 7 640 23 272 327 339 132 153
? 7 574 746 478 222 214 202 608
? 7 563 565 68 389 435 313 610
? 7 680 145 471 366 118 124 485
? 7 503 643 243 311 224 725 712
? 7 35 761 393 264 262 702 445
? 7 368 496 767 625 646 606 611
? 7 526 520 666 754 389 536 355
? 7 278 385 652 440 684 138 1
? 7 320 601 511 126 461 726 436
? 7 262 264 35 455 390 521 761
? 7 651 664 296 37 117 173 771
? 7 183 630 585 216 0 175 605
? 7 618 357 577 344 670 696 681
? 7 91 71 637 403 397 510 673
? 7 612 607 396 434 380 338 363
? 7 537 569 195 544 667 616 720
? 7 426 704 414 435 610 632 513
? 7 679 207 550 645 599 279 402
? 7 259 429 248 119 567 321 379
? 7 799 193 233 3 497 487 8
? 7 746 548 574 620 211 771 629
? 7 711 657 28 756 78 602 218
? 7 270 27 439 688 783 247 623
? 7 591 451 56 792 301 443 547
? 7 54 102 187 534 558 166 615
? 7 742 491 784 489 626 729 318
? 7 50 222 169 308 677 697 574
? 7 197 789 370 182 168 365 672
? 7 222 50 169 308 677 697 574
? 7 310 161 261 724 686 422 600
? 7 305 608 478 660 791 202 519
? 7 126 461 436 320 788 601 638
? 7 691 472 238 583 319 531 587
? 7 718 186 733 346 158 705 321
? 7 758 339 438 463 505 104 416
? 7 548 705 771 746 346 211 620
? 7 417 747 140 115 553 220 317
? 7 153 83 665 348 272 640 446
? 7 288 34 454 585 561 164 183
? 7 621 105 469 706 654 92 581
? 7 36 247 166 22 54 102 27
? 7 186 705 718 346 173 548 733
? 7 193 233 799 497 8 3 10
? 7 48 384 402 550 645 207 682
? 7 332 225 418 604 256 188 361
? 7 350 627 241 740 95 24 162
? 7 338 380 612 396 607 97 648
? 7 431 360 420 793 19 226 306
? 7 205 253 464 420 276 793 748
? 7 347 492 729 489 626 762 149
? 7 579 588 364 506 590 611 527
? 7 408 440 633 385 457 499 138
? 7 645 207 550 384 291 679 48
? 7 709 147 312 481 113 576 446
? 7 294 89 306 793 467 420 532
? 7 576 446 304 481 709 312 486
? 7 681 595 340 618 154 716 577
? 7 291 515 645 207 540 622 550
? 7 649 7 266 181 453 794 14
? 7 132 272 327 104 339 665 640
? 7 265 20 594 515 468 291 53
? 7 601 320 511 726 638 399 126
? 7 792 451 301 56 547 591 785
? 7 327 339 132 104 272 640 463
? 7 367 155 782 397 713 525 637
? 7 451 792 301 56 591 547 785
? 7 81 316 391 37 59 564 743
? 7 775 429 570 659 779 259 567
? 7 773 258 165 120 21 703 26
? 7 117 664 173 651 37 141 227
? 7 513 413 414 196 426 704 405
? 7 629 263 346 269 733 746 548
? 7 419 182 365 560 176 197 376
? 7 488 371 93 77 235 762 196
? 7 443 56 591 451 792 121 301
? 7 740 24 241 350 162 95 627
? 7 255 242 564 328 719 627 256
? 7 199 40 539 185 100 215 167
? 7 147 709 312 113 481 576 486
? 7 348 665 184 219 83 153 272
? 7 70 381 409 668 410 671 322
? 7 220 11 362 474 553 417 686
? 7 785 547 301 750 112 451 792
? 7 594 265 20 456 291 515 622
? 7 467 294 89 306 793 420 532
? 7 693 428 179 73 208 498 84
? 7 671 322 668 409 410 633 499
? 7 334 217 723 445 761 393 342
? 7 445 702 723 761 334 44 393
? 7 210 708 603 582 686 133 769
? 7 319 472 583 251 691 587 300
? 7 314 662 174 738 359 67 240
? 7 302 245 734 554 244 41 122
? 7 533 695 683 454 779 654 585
? 7 89 294 306 793 420 467 532
? 7 411 30 501 65 378 302 399
? 7 333 648 517 97 112 675 477
? 7 772 87 39 331 490 465 625
? 7 250 628 493 53 171 88 552
? 7 396 607 612 338 434 380 363
? 7 437 639 139 642 479 482 798
? 7 619 458 274 224 643 42 311
? 7 2 518 448 192 763 209 798
? 7 166 247 54 534 36 102 558
? 7 647 714 759 252 447 144 590
? 7 192 518 2 798 448 529 209
? 7 139 437 639 642 482 479 523
? 7 573 313 68 741 381 565 435
? 7 281 617 726 554 300 251 114
? 7 493 552 250 628 171 88 53
? 7 484 449 377 769 790 708 133
? 7 518 2 192 448 798 763 209
? 7 698 279 784 622 742 491 108
? 7 374 337 545 163 5 134 551
? 7 519 791 376 176 214 305 608
? 7 109 751 685 98 572 329 100
? 7 540 384 291 48 463 645 515
? 7 524 351 172 673 400 450 1
? 7 246 423 599 495 55 720 406
? 7 234 329 685 98 107 572 109
? 7 224 458 643 619 503 311 274
? 7 155 367 782 397 713 525 172
? 7 266 453 382 649 715 7 578
? 7 253 205 464 748 349 276 431
? 7 771 211 620 705 548 296 651
? 7 17 598 74 731 562 285 425
? 7 73 428 693 596 498 10 84
? 7 603 582 715 210 382 708 293
? 7 245 734 41 122 302 336 244
? 7 637 397 71 91 713 367 510
? 7 545 337 374 163 5 634 473
? 7 609 286 571 780 317 115 624
? 7 630 216 183 175 0 605 652
? 7 713 397 637 367 155 71 91
? 7 658 18 342 254 728 131 631
? 7 346 186 733 548 705 263 629
? 7 42 13 274 236 781 260 619
? 7 243 712 503 130 725 692 530
? 7 170 593 9 85 722 156 555
? 7 614 204 388 584 369 298 24
? 7 254 131 663 658 18 631 728
? 7 500 213 292 33 768 641 452
? 7 181 14 7 372 649 535 624
? 7 335 757 257 752 15 470 143
? 7 157 290 22 148 504 51 29
? 7 620 211 771 296 743 548 746
? 7 174 359 314 738 575 284 76
? 7 756 602 267 28 711 78 326
? 7 312 147 709 481 113 486 576
? 7 107 459 234 329 98 685 572
? 7 274 619 458 42 643 311 224
? 7 79 280 546 64 732 432 125
? 7 632 610 303 287 704 426 707
? 7 390 455 567 262 429 264 248
? 7 7 649 181 372 14 266 794
? 7 3 487 799 193 233 10 596
? 7 687 77 118 145 235 680 485
? 7 549 80 743 660 202 620 555
? 7 97 648 333 356 338 517 229
? 7 16 45 358 592 240 67 662
? 7 179 208 357 344 670 693 618
? 7 486 787 312 576 709 147 446
? 7 399 511 726 601 65 411 30
? 7 672 168 370 502 197 789 63
? 7 239 343 323 106 116 221 237
? 7 452 108 55 500 213 641 246
? 7 448 2 518 763 192 543 209
? 7 427 430 127 461 788 126 678
? 7 299 231 191 330 510 432 64
? 7 667 720 144 195 759 569 495
? 7 757 752 335 257 15 470 498
? 7 479 642 798 529 192 518 437
? 7 241 103 350 740 24 627 95
? 7 55 452 641 423 246 108 213
? 7 214 608 519 478 791 305 202
? 7 521 62 702 262 455 476 445
? 7 343 221 237 323 116 239 106
? 7 796 260 13 120 236 42 514
? 7 318 729 742 786 784 687 489
? 7 436 788 461 126 638 678 320
? 7 129 66 531 238 135 121 427
? 7 287 707 632 405 415 610 303
? 7 670 577 357 618 208 566 179
? 7 116 237 221 323 343 4 239
? 7 275 659 570 228 159 379 361
? 7 30 411 501 65 378 399 96
? 7 363 434 387 612 607 467 396
? 7 703 26 735 773 165 258 120
? 7 40 185 539 100 199 764 215
? 7 622 279 698 207 645 679 291
? 7 385 278 652 408 440 216 175
? 7 650 516 578 392 160 480 528
? 7 729 347 489 318 742 491 492
? 7 496 767 368 611 527 625 588
!
775 60 570 589 119 158 259 379 269 248 390 779 375 141 321 228 401 445 455 476 718 418 407 743 659 
119 659
589 379
60 407
60 589
779 718
248 321
401 407
141 743
321 659
259 418
570 228
158 375
158 269
259 269
775 390
269 718
445 476
248 375
445 455
228 743
775 455
141 418
775 119
60 375
655 226 146 320 205 506 293 747 319 203 436 497 726 360 356 509 7 181 428 480 625 794 578 163 294 89 618 527 238 115 286 727 310 780 716 8 752 179 511 553 126 56 432 19 447 430 10 797 613 670 340 420 417 595 372 661 362 11 101 301 601 477 566 427 748 253 799 233 460 208 572 84 277 490 508 110 189 686 535 609 577 154 349 357 132 624 466 649 638 696 788 694 739 451 382 467 160 276 344 580 453 97 596 107 795 461 229 161 669 338 571 121 487 324 87 693 127 109 3 220 431 14 681 150 333 98 234 538 140 481 317 283 594 464 
310 417
577 681
320 238
661 344
430 127
110 795
447 739
310 686
205 467
747 466
716 357
625 669
101 649
319 511
319 726
447 696
694 160
319 601
356 333
795 150
181 535
480 694
233 3
294 89
11 686
362 161
609 382
340 324
126 427
506 527
613 340
497 10
382 220
286 780
181 14
571 140
427 127
19 748
97 229
10 98
372 14
747 140
286 317
179 208
360 19
179 693
19 420
527 87
609 624
726 638
655 727
115 317
84 538
553 362
203 357
638 788
595 154
794 283
655 189
87 538
572 109
154 344
727 797
466 324
477 333
436 126
277 121
276 464
553 220
203 577
799 107
694 150
97 338
795 283
613 595
596 487
618 681
146 618
497 107
181 624
716 208
577 154
727 508
572 98
799 487
436 461
506 490
84 739
205 464
101 580
226 480
788 461
356 338
294 467
752 84
294 420
301 333
460 669
780 609
799 3
226 293
509 163
56 121
430 277
115 613
535 453
566 344
7 150
428 670
189 467
625 466
477 451
7 578
56 451
670 693
286 580
160 431
417 362
508 229
748 253
146 447
349 464
7 453
670 596
132 481
8 572
320 436
497 234
19 431
509 594
109 481
238 432
132 594
123 18 761 164 105 621 131 355 309 728 469 334 342 217 389 92 
105 92
761 389
164 355
123 469
728 469
761 131
18 342
309 389
123 309
18 334
334 389
621 309
164 131
18 217
105 728
557 246 504 492 347 213 626 491 742 149 292 489 33 47 440 
491 742
347 47
504 47
626 491
492 149
292 33
149 489
213 33
557 492
246 33
557 440
504 292
347 149
626 33
501 200 244 177 30 411 378 96 734 
501 378
244 734
200 177
30 734
30 411
200 244
501 411
200 96
561 630 588 423 196 606 682 371 777 668 235 12 364 558 712 616 579 569 295 99 54 687 700 667 530 108 51 499 759 90 409 29 144 465 166 424 615 406 118 385 70 768 611 148 507 772 766 767 784 278 512 762 410 717 544 470 537 452 77 590 331 195 671 488 500 187 786 729 714 680 495 0 290 647 22 
768 290
90 470
579 759
118 680
561 70
544 647
144 500
118 786
714 495
667 195
700 762
77 488
29 507
588 647
465 544
108 51
712 295
410 671
590 714
54 166
278 187
70 410
687 118
99 495
54 0
561 668
588 611
611 767
235 786
90 495
777 786
409 507
54 424
108 148
423 500
51 768
406 500
424 278
364 544
465 331
615 187
606 569
712 530
12 512
784 452
766 512
452 500
759 590
196 295
290 22
537 195
558 615
512 77
682 406
630 385
772 767
558 409
499 385
630 0
616 537
668 499
90 331
606 667
12 762
371 762
507 766
371 687
712 700
558 22
682 579
616 148
423 195
235 729
99 717
129 352 240 444 612 387 61 266 135 790 532 750 607 528 662 793 732 575 396 94 392 711 517 475 66 792 133 443 474 547 67 738 174 404 306 112 300 358 16 52 531 128 79 380 648 516 708 657 45 377 546 603 715 64 769 76 210 591 675 386 359 125 273 434 650 297 582 314 75 785 363 592 38 699 178 484 
297 178
732 475
575 76
750 591
603 582
750 112
575 359
547 785
474 715
715 582
443 785
387 306
443 591
135 792
790 386
475 64
266 474
612 648
66 531
240 67
387 532
738 546
711 657
133 769
528 396
517 380
352 94
662 314
769 484
790 178
128 377
546 64
532 392
377 178
129 240
528 516
129 66
16 314
52 38
607 517
738 79
708 210
793 392
16 699
607 434
528 75
662 273
792 67
300 531
45 592
133 708
67 675
174 699
306 516
94 128
61 52
444 386
793 650
662 404
61 790
607 396
517 648
546 359
358 386
352 650
16 592
266 210
675 592
738 174
434 363
133 377
52 273
732 125
612 112
657 38
672 
296 478 211 346 201 660 548 629 746 82 173 677 705 771 263 620 555 664 
346 555
296 705
211 620
478 660
346 705
548 677
746 620
201 664
211 771
478 629
478 771
82 677
746 173
296 173
82 263
201 173
263 555
564 191 242 155 190 85 204 367 170 138 156 275 722 391 351 525 583 41 225 614 325 332 43 251 713 103 400 255 744 369 172 587 617 472 412 691 114 142 627 350 24 740 604 450 122 388 59 541 328 95 336 584 782 1 361 117 719 284 462 316 91 701 188 162 241 81 
190 744
722 316
350 241
225 361
114 142
351 400
472 336
450 701
332 328
242 255
225 325
156 41
740 81
41 614
740 59
369 584
617 114
204 614
59 95
325 328
85 617
604 328
627 95
24 81
95 241
564 242
103 388
255 719
43 472
162 81
275 188
583 43
155 172
583 587
190 251
722 162
85 122
367 91
691 284
1 462
103 412
525 91
275 225
43 284
142 541
191 713
412 350
170 391
251 587
391 162
85 156
564 59
525 701
351 525
204 316
155 719
138 450
172 782
191 744
541 336
564 117
255 604
155 701
450 462
369 541
274 644 258 236 543 405 796 345 311 42 398 13 285 773 433 514 260 120 635 643 145 781 
274 145
236 781
796 42
311 643
258 285
258 773
644 398
644 643
13 260
345 433
345 635
398 433
796 773
773 120
405 311
514 260
274 311
543 514
13 781
433 120
260 120
679 384 279 20 104 468 291 665 463 599 438 698 171 55 758 442 515 207 402 622 265 339 645 550 48 540 
20 515
384 645
442 207
758 339
679 402
679 622
442 48
599 442
279 698
463 171
207 645
665 515
622 540
20 265
104 207
468 665
463 339
384 550
515 540
468 171
698 402
438 48
279 55
384 291
291 171
634 787 312 552 628 250 576 485 446 456 184 348 219 289 272 373 153 493 
289 373
348 219
446 184
787 312
787 446
456 493
348 272
634 250
485 456
485 373
184 153
628 250
634 289
576 153
552 628
576 219
552 219
636 751 257 69 194 536 437 73 486 639 5 503 58 167 83 458 482 435 459 224 741 137 610 21 632 663 113 307 185 755 15 798 551 329 523 498 640 53 40 494 690 725 124 39 529 17 735 674 268 88 93 774 415 619 457 757 165 23 287 573 232 764 366 215 642 86 563 252 100 471 199 193 709 479 414 335 303 413 568 539 562 704 731 143 685 425 559 192 526 198 598 337 565 46 505 230 776 763 426 416 666 473 707 518 209 304 513 520 448 394 2 322 745 74 147 139 243 483 26 374 134 130 545 327 381 703 692 254 658 223 318 49 
798 518
426 322
425 209
415 707
268 143
5 88
21 26
39 46
124 471
337 545
636 755
100 147
69 86
69 559
610 707
486 304
224 130
755 337
539 147
498 757
573 381
167 23
764 199
194 232
374 545
192 26
741 563
73 335
287 414
774 520
471 568
503 224
692 223
457 381
113 776
268 86
764 685
303 520
215 199
798 479
674 223
268 416
167 709
83 483
458 619
741 198
640 86
731 425
185 745
415 243
21 165
304 327
632 303
639 523
751 486
735 448
663 254
559 49
632 704
639 139
503 513
394 381
479 209
83 23
523 642
394 322
93 394
735 192
735 2
413 513
307 690
130 692
741 526
230 134
551 674
725 223
690 473
505 416
40 685
482 139
329 539
536 563
551 366
17 598
414 704
663 658
763 448
435 666
745 49
751 113
494 374
479 703
17 74
198 565
185 776
100 776
257 252
5 230
23 776
636 230
15 498
458 674
192 703
73 39
93 414
498 39
690 545
536 666
165 562
287 707
215 709
194 482
303 565
435 17
124 318
523 731
636 137
562 598
224 568
257 15
437 482
459 329
252 193
137 318
185 193
413 243
529 763
232 254
53 494
486 58
58 53
737 684 354 262 62 408 271 159 221 399 721 633 656 581 65 35 136 429 197 175 183 778 308 441 683 44 586 760 421 50 168 206 256 63 239 678 753 556 585 533 723 702 37 245 151 298 549 542 68 343 237 249 222 323 765 706 733 212 302 313 789 554 605 652 654 697 393 288 567 72 370 754 182 6 281 31 521 695 34 227 597 651 106 502 186 264 631 116 519 216 4 689 454 
168 106
212 754
237 323
175 183
789 370
197 370
586 313
175 652
633 183
656 733
581 706
721 733
35 44
6 689
654 288
308 222
408 652
421 605
683 695
723 393
249 116
298 554
737 31
549 651
354 441
533 597
585 34
37 651
343 237
441 502
271 778
271 136
197 6
68 313
567 521
695 597
271 765
778 556
72 116
586 585
227 186
239 106
159 597
168 6
221 249
393 264
44 702
399 298
245 542
585 288
302 554
62 521
581 288
760 765
50 519
343 689
706 454
581 754
737 542
65 678
159 633
683 216
408 206
222 182
237 116
302 281
222 697
421 34
441 63
556 697
206 256
63 753
429 393
262 264
721 760
62 702
168 753
354 151
429 702
684 206
323 4
245 302
354 31
50 4
50 182
264 454
399 65
605 652
35 631
37 186
656 567
227 216
653 720 641 
653 720
653 641
214 560 791 305 80 419 365 376 9 574 169 593 176 202 315 608 
376 169
574 608
419 365
214 608
791 169
305 80
560 791
791 176
365 176
214 80
9 315
593 202
9 593
80 376
80 202
280 673 756 646 36 637 152 600 71 218 111 261 534 326 231 383 522 710 341 395 602 282 57 299 730 270 524 247 368 32 676 403 510 180 688 439 330 736 749 422 78 397 28 496 25 353 267 157 724 449 102 783 27 770 623 
368 25
710 57
756 522
600 383
231 330
270 403
496 25
247 688
341 270
383 282
218 510
730 368
152 749
111 710
534 102
688 27
57 32
326 439
534 688
326 783
36 524
341 623
749 78
676 783
646 496
330 397
32 736
756 736
383 724
280 28
180 449
299 623
280 510
152 602
261 422
247 157
422 267
710 395
673 676
36 783
270 439
524 27
299 397
28 353
522 353
673 637
78 28
71 326
157 770
261 180
422 724
71 57
368 724
602 267
