? 13 83 142 166 198 270 428 429 437 478 507 514 619 634
? 13 95 101 132 235 281 311 389 393 523 546 560 679 708
? 13 46 99 136 153 159 206 212 236 335 361 362 542 699
? 13 20 66 149 161 172 191 237 318 685 734 746 752 757
? 13 80 112 173 290 323 367 526 534 535 552 575 683 740
? 13 37 152 239 257 263 273 292 327 476 547 636 713 794
? 13 50 146 260 278 284 297 306 453 499 519 581 686 726
? 13 34 182 259 286 319 415 495 545 643 661 727 755 761
? 13 0 4 42 65 125 243 338 412 615 633 662 748 796
? 13 66 231 301 376 377 496 578 655 660 685 703 749 752
? 13 158 192 216 377 378 379 382 496 498 606 641 660 778
? 13 95 101 128 132 352 389 418 523 525 546 560 679 708
? 13 28 31 72 236 289 325 438 442 465 472 503 644 784
? 13 26 78 251 284 408 470 562 576 590 593 665 723 725
? 13 40 82 185 238 244 294 353 355 444 511 610 728 766
? 13 34 53 102 137 188 259 307 339 392 471 573 650 727
? 13 123 167 180 194 206 280 360 438 443 472 480 592 699
? 13 100 126 160 186 211 216 369 382 424 601 605 641 759
? 13 114 185 296 321 390 455 569 577 632 646 656 680 710
? 13 66 158 161 192 234 301 377 378 496 498 606 660 749
? 13 92 140 239 265 275 327 359 400 481 547 602 603 642
? 13 66 158 161 192 234 301 377 378 496 498 660 703 749
? 13 144 246 258 336 387 439 555 561 609 614 647 674 790
? 13 33 45 84 141 217 277 286 319 397 415 564 651 769
? 13 87 157 248 404 421 431 448 501 597 691 738 742 773
? 13 35 81 258 336 350 439 555 561 585 611 647 739 790
? 13 9 34 188 259 495 533 545 573 583 608 648 661 727
? 13 146 260 278 284 297 306 453 499 531 559 570 686 726
? 13 66 231 293 301 376 377 496 578 655 660 703 749 753
? 13 96 113 117 287 370 373 403 447 483 551 705 716 719
? 13 2 11 62 121 122 204 245 298 366 381 395 751 760
? 13 46 99 136 153 212 236 290 335 361 362 522 542 709
? 13 4 62 65 122 182 204 243 245 366 395 712 760 761
? 13 124 213 240 267 295 357 367 515 526 586 701 781 787
? 13 129 132 193 231 293 376 578 655 660 703 714 749 753
? 13 31 72 105 143 207 276 279 289 325 342 422 503 520
? 13 124 213 240 267 295 357 365 515 526 586 701 781 787
? 13 198 220 240 267 270 295 357 365 515 589 701 781 789
? 13 127 179 200 253 271 500 513 514 533 583 608 634 648
? 13 78 84 141 397 491 562 564 576 665 670 682 725 769
? 13 42 83 125 142 166 169 228 401 428 429 437 478 619
? 13 79 147 164 174 199 266 288 559 570 620 702 711 771
? 13 92 140 239 255 265 275 327 328 359 481 602 603 642
? 13 73 95 101 128 352 389 418 525 546 560 694 708 780
? 13 113 117 344 370 373 403 447 483 614 630 705 716 719
? 13 58 150 205 255 294 327 328 353 481 603 642 657 684
? 13 113 119 154 344 373 446 447 483 614 628 630 674 719
? 13 147 260 278 297 306 453 499 531 559 570 645 686 726
? 13 24 71 92 140 168 232 265 275 359 394 400 602 718
? 13 90 100 126 160 186 333 346 369 424 584 601 605 759
? 13 85 221 230 241 305 308 363 372 419 497 557 693 793
? 13 25 39 49 67 133 167 224 435 529 624 635 706 770
? 13 2 11 62 121 139 182 319 366 381 395 643 751 774
? 13 82 110 115 238 242 294 353 444 485 511 610 618 728
? 13 145 181 233 322 324 402 425 464 474 553 582 677 678
? 13 106 144 159 246 387 461 561 609 638 681 732 763 790
? 13 152 239 257 263 285 292 332 502 547 636 713 737 794
? 13 80 173 323 367 526 534 535 552 575 586 675 683 740
? 13 128 129 132 193 309 352 477 546 560 704 714 743 780
? 13 97 221 363 405 430 431 528 558 623 669 742 785 793
? 13 50 146 187 297 306 307 519 579 581 591 650 726 750
? 13 36 57 89 124 220 240 267 357 365 567 701 781 789
? 13 37 152 239 257 263 273 476 547 565 636 713 756 794
? 13 2 11 62 121 122 182 204 298 366 381 395 643 751
? 13 20 129 132 149 191 231 318 389 578 679 752 753 757
? 13 2 11 62 121 139 182 298 366 381 395 643 751 774
? 13 50 146 260 278 284 297 306 368 453 519 581 591 726
? 13 5 8 16 45 175 354 491 538 564 651 670 688 769
? 13 181 192 216 322 379 382 496 498 606 641 660 677 778
? 13 95 101 132 149 235 318 389 523 560 679 708 753 757
? 13 147 155 164 260 499 531 559 596 639 664 686 690 702
? 13 1 37 152 176 257 263 273 331 476 565 636 756 794
? 13 35 81 336 350 435 439 458 488 555 561 585 611 770
? 13 33 102 137 307 310 339 368 392 471 573 579 581 650
? 13 32 60 76 79 116 222 408 434 440 484 590 711 762
? 13 58 82 110 238 242 244 294 353 444 485 511 610 728
? 13 33 34 102 137 188 259 277 286 310 392 415 573 727
? 13 106 144 154 209 246 387 461 561 614 647 674 732 790
? 13 63 90 100 119 126 160 186 346 369 424 584 605 759
? 13 46 99 107 136 159 212 335 361 362 542 681 699 763
? 13 1 29 37 64 88 176 257 263 273 476 502 636 756
? 13 71 239 285 292 320 332 359 502 547 602 713 737 794
? 13 40 55 114 115 185 321 455 607 646 656 680 710 799
? 13 30 60 76 79 147 164 174 199 266 358 620 711 771
? 13 151 162 178 196 229 249 282 348 349 460 541 563 640
? 13 50 146 260 278 297 306 453 519 581 591 645 726 750
? 13 53 102 137 188 307 310 339 392 471 573 579 650 727
? 13 0 42 75 125 228 243 338 412 615 619 662 748 796
? 13 80 323 367 526 534 535 552 575 586 675 683 740 787
? 13 157 202 221 230 308 330 363 372 421 431 497 501 597
? 13 55 115 256 321 383 420 598 607 618 656 680 710 799
? 13 98 213 232 268 296 414 492 567 569 632 675 721 765
? 13 20 104 149 191 235 318 389 407 506 679 722 752 757
? 13 23 260 262 417 479 482 531 596 639 645 664 686 690
? 13 4 62 65 204 243 245 338 486 615 712 748 760 796
? 13 23 85 262 317 380 417 427 479 596 690 692 768 782
? 13 19 104 172 191 407 462 506 571 671 720 722 734 757
? 13 85 202 221 230 241 305 308 317 330 372 497 693 768
? 13 28 31 72 143 153 189 215 289 390 442 465 503 784
? 13 46 106 107 144 159 209 212 461 542 681 699 732 763
? 13 62 65 182 259 366 395 495 545 616 661 712 755 761
? 13 66 158 161 234 237 301 377 378 685 703 746 749 752
? 13 92 152 239 275 327 328 359 481 547 602 603 642 794
? 13 18 36 57 89 124 220 357 365 451 567 637 781 789
? 13 39 47 272 304 384 529 537 621 649 658 672 698 706
? 13 71 97 120 168 285 292 320 332 502 602 695 713 737
? 13 4 7 11 62 122 204 245 298 366 486 524 712 760
? 13 150 151 162 229 348 349 508 563 580 595 640 659 797
? 13 6 219 391 450 462 493 505 604 654 720 735 764 772
? 13 46 99 123 167 194 206 236 280 360 438 472 592 699
? 13 36 57 89 124 220 267 357 365 589 623 731 781 789
? 13 18 44 57 134 405 430 489 528 558 623 669 785 789
? 13 131 201 215 223 256 342 383 420 455 613 667 668 729
? 13 25 49 67 123 133 167 180 224 280 529 592 635 706
? 13 63 70 119 156 190 264 302 446 527 594 628 631 724
? 13 70 107 144 154 209 344 387 461 594 614 628 674 790
? 13 78 93 251 408 470 475 491 538 562 576 593 665 670
? 13 9 34 53 179 188 259 533 573 583 608 648 661 727
? 13 1 37 152 226 257 263 273 331 460 476 565 636 747
? 13 35 81 258 336 350 439 488 555 561 585 611 647 790
? 13 30 60 79 147 164 174 199 266 288 358 620 711 771
? 13 92 140 152 239 255 275 327 328 359 481 603 642 684
? 13 74 112 291 323 367 510 535 552 575 586 683 740 787
? 13 80 240 315 367 510 526 535 575 586 683 701 740 787
? 13 94 118 250 280 325 340 360 438 443 472 480 540 644
? 13 0 75 125 169 228 261 401 412 437 601 619 633 662
? 13 10 73 95 101 128 352 396 418 525 560 666 694 708
? 13 68 157 202 221 230 317 330 363 421 431 497 501 597
? 13 145 233 316 347 402 423 425 464 474 509 678 689 733
? 13 36 57 89 124 213 220 240 357 365 451 567 781 789
? 13 24 140 232 265 394 400 414 436 454 492 632 637 718
? 13 146 147 260 278 284 297 453 499 531 559 570 686 726
? 13 7 161 172 204 237 245 486 505 524 734 746 760 764
? 13 48 370 410 423 425 487 490 516 530 548 622 687 786
? 13 63 90 119 126 160 302 446 584 605 628 630 724 759
? 13 18 36 97 120 405 430 451 528 558 623 669 718 785
? 13 42 65 83 109 125 228 243 338 412 429 615 619 796
? 13 147 260 278 453 499 531 559 570 639 645 664 686 726
? 13 82 110 115 238 242 294 426 485 511 598 610 618 728
? 13 68 157 248 254 317 374 380 427 501 572 612 776 782
? 13 77 86 118 207 276 279 325 340 422 520 566 644 736
? 13 25 39 49 67 214 304 384 385 529 621 624 706 770
? 13 6 19 172 219 274 407 462 506 571 654 720 734 764
? 13 35 96 117 269 336 439 456 457 550 585 611 700 739
? 13 10 73 128 184 352 396 418 525 546 560 694 708 780
? 13 112 156 190 291 323 459 522 527 535 552 631 709 730
? 13 127 179 200 253 270 271 409 489 500 513 533 648 731
? 13 158 192 216 234 377 378 379 382 424 498 606 641 778
? 13 85 202 230 241 305 308 317 330 372 417 497 693 768
? 13 7 20 66 161 172 191 237 486 524 685 734 746 752
? 13 24 36 120 168 232 394 414 451 492 567 637 718 721
? 13 113 117 258 336 344 403 447 483 555 614 647 719 739
? 13 6 11 219 298 391 450 493 504 505 543 741 772 774
? 13 48 96 269 287 403 483 530 539 550 551 673 700 705
? 13 29 87 97 221 363 421 431 558 597 691 695 737 742
? 13 106 144 159 212 246 387 461 561 609 638 681 732 763
? 13 18 44 97 134 405 419 430 528 558 623 669 785 793
? 13 47 56 203 272 283 388 463 494 537 649 672 698 783
? 13 77 94 118 207 276 279 325 340 422 520 566 644 736
? 13 45 84 141 217 277 319 397 415 491 564 651 682 769
? 13 101 130 235 281 311 329 345 356 389 393 449 523 666
? 13 48 96 287 370 403 447 490 530 539 548 551 705 716
? 13 34 53 102 137 188 307 339 392 471 573 579 650 727
? 13 18 44 57 97 134 405 430 528 558 623 669 785 793
? 13 27 41 51 90 333 346 433 556 584 587 625 724 759
? 13 74 112 315 367 510 521 526 535 575 586 683 740 787
? 13 33 102 137 141 277 310 368 392 397 591 650 682 727
? 13 74 112 156 190 291 459 527 535 544 631 709 730 740
? 13 155 260 262 479 482 499 531 596 639 664 686 690 702
? 13 100 126 186 192 211 216 369 382 424 601 605 606 641
? 13 35 81 117 269 336 439 456 457 550 585 611 700 739
? 13 55 110 115 242 256 375 485 598 607 618 696 717 799
? 13 68 157 248 254 317 380 427 466 501 572 612 776 782
? 13 41 63 90 119 126 160 333 346 584 605 625 724 759
? 13 61 151 162 196 229 249 252 282 349 541 563 640 795
? 13 2 11 59 170 183 450 493 504 543 741 751 772 774
? 13 35 113 117 258 336 439 555 561 585 614 647 739 790
? 13 71 92 168 239 265 275 285 292 327 359 400 547 602
? 13 87 157 202 221 330 363 421 431 497 501 597 691 742
? 13 24 91 114 185 268 296 436 454 492 569 632 646 721
? 13 24 232 268 296 394 414 436 454 492 569 632 721 765
? 13 43 85 187 230 241 299 305 308 351 372 557 693 750
? 13 9 34 188 259 286 392 415 495 545 608 661 727 755
? 13 92 140 239 255 265 275 327 328 359 481 603 642 684
? 13 80 153 173 189 290 323 413 522 534 552 575 577 653
? 13 1 13 14 64 88 313 406 441 468 518 626 663 744
? 13 70 107 154 159 209 212 264 461 527 542 594 681 763
? 13 21 145 181 233 322 347 402 464 474 553 582 678 715
? 13 77 86 105 118 148 207 276 279 325 422 520 566 736
? 13 37 152 176 257 263 273 476 502 547 636 713 756 794
? 13 47 203 272 304 388 463 537 649 658 672 698 754 783
? 13 68 195 197 254 374 380 427 532 572 612 692 776 782
? 13 35 96 108 117 269 456 457 539 550 611 673 700 739
? 13 74 315 367 433 510 521 526 535 536 586 683 740 787
? 13 100 186 324 341 369 410 425 474 490 516 627 641 677
? 13 58 138 150 205 229 348 349 353 580 657 659 684 792
? 13 32 60 76 116 222 408 434 440 475 590 711 723 762
? 13 30 60 79 164 174 199 266 288 337 358 620 711 771
? 13 21 54 193 309 352 477 704 714 715 743 745 767 779
? 13 10 128 184 352 418 477 525 546 560 694 708 779 780
? 13 0 42 169 228 243 245 338 401 428 478 615 616 796
? 13 20 129 158 318 376 389 496 578 606 660 714 743 749
? 13 28 31 72 99 105 215 279 289 422 442 465 644 784
? 13 20 129 158 181 324 376 389 402 578 606 714 733 743
? 13 27 267 268 315 323 367 413 535 552 586 675 701 787
? 13 1 88 152 176 257 263 273 292 320 547 744 756 794
? 13 22 85 155 199 221 260 262 278 482 664 690 702 726
? 13 6 11 122 183 366 462 504 505 643 720 755 760 772
? 13 125 126 192 211 234 369 378 601 633 662 748 759 778
? 13 66 161 231 301 377 378 379 496 660 679 685 703 752
? 13 20 158 192 216 322 382 402 474 498 578 606 641 660
? 13 10 54 69 73 128 184 352 396 525 704 708 779 780
? 13 28 31 72 99 173 215 289 362 442 465 534 730 784
? 13 32 78 116 222 247 434 440 475 484 562 697 711 762
? 13 92 120 239 255 257 273 275 444 481 547 603 642 747
? 13 4 9 33 34 109 188 514 533 545 583 648 661 761
? 13 38 56 250 334 360 364 432 443 494 537 758 777 783
? 13 63 90 100 126 160 186 333 346 424 584 627 724 759
? 13 105 201 223 289 342 383 420 455 503 613 646 667 729
? 13 20 158 216 231 301 322 376 389 496 498 578 606 660
? 13 82 91 140 238 242 244 294 355 359 511 610 710 766
? 13 125 192 234 301 377 378 382 601 633 660 703 748 752
? 13 39 144 159 206 246 435 458 461 542 592 638 681 790
? 13 5 8 16 45 217 354 415 564 651 670 688 769 774
? 13 18 29 87 97 134 157 421 431 502 597 669 691 695
? 13 48 113 117 269 403 530 561 585 611 614 622 673 716
? 13 9 33 34 137 188 286 339 368 392 545 608 648 661
? 13 50 53 102 137 187 277 310 453 471 579 591 645 727
? 13 129 193 293 309 318 376 477 546 655 694 714 743 753
? 13 35 106 117 269 403 456 550 555 561 585 611 614 739
? 13 2 6 7 11 62 121 122 139 298 366 462 751 755
? 13 80 136 153 173 236 290 361 362 522 526 534 653 730
? 13 2 11 62 65 121 139 182 204 298 381 395 712 751
? 13 27 267 315 323 367 510 535 552 556 586 701 740 787
? 13 66 231 301 377 389 496 606 660 679 685 703 749 752
? 13 77 86 105 131 143 148 207 279 325 472 554 566 613
? 13 57 198 213 220 240 267 270 295 365 515 556 589 731
? 13 27 267 295 315 323 367 510 556 586 589 701 740 787
? 13 44 57 179 200 220 270 365 405 419 489 731 785 789
? 13 26 60 79 164 251 266 297 408 519 570 576 590 723
? 13 0 42 83 125 228 243 245 401 412 428 615 662 796
? 13 26 60 79 164 251 408 434 475 576 590 711 723 762
? 13 24 71 92 120 168 232 239 275 400 444 454 602 718
? 13 21 145 177 314 324 560 582 678 689 694 715 745 767
? 13 70 113 258 341 344 370 373 447 483 490 705 716 719
? 13 1 226 255 257 273 327 328 331 481 642 684 747 794
? 13 35 106 113 258 269 550 555 561 611 614 630 647 739
? 13 22 85 155 260 278 300 337 473 664 690 702 726 791
? 13 89 92 120 168 232 285 400 451 454 492 602 718 721
? 13 63 119 154 190 209 302 373 387 446 605 628 709 724
? 13 23 68 248 254 308 417 430 441 501 558 572 742 776
? 13 28 31 46 67 118 180 194 276 280 438 635 644 732
? 13 2 11 62 121 122 139 182 298 366 381 395 712 751
? 13 40 91 185 242 244 355 436 569 610 656 668 680 710
? 13 20 21 145 181 324 402 560 678 694 714 715 733 745
? 13 39 46 144 159 206 212 246 335 592 638 681 699 790
? 13 1 14 17 165 178 226 331 460 467 617 684 713 744
? 13 80 173 236 290 323 362 413 526 534 552 577 653 675
? 13 184 193 309 352 525 546 655 694 704 714 715 745 779
? 13 23 68 230 254 308 317 330 417 430 497 501 558 692
? 13 26 147 266 284 297 306 499 519 570 576 581 650 723
? 13 18 44 134 285 357 405 502 528 669 718 721 781 785
? 13 1 152 176 239 257 263 273 275 292 320 547 747 794
? 13 2 6 7 11 62 121 122 139 298 366 524 751 755
? 13 19 104 132 149 172 191 235 281 393 407 654 671 722
? 13 90 100 233 370 410 447 474 490 548 553 641 705 786
? 13 2 11 62 121 139 182 204 298 381 395 415 712 751
? 13 146 147 199 266 278 297 499 531 559 570 620 686 723
? 13 45 141 217 470 491 593 651 665 670 682 688 725 769
? 13 66 125 161 301 377 378 379 486 633 679 703 746 752
? 13 66 231 301 379 496 660 679 685 703 746 749 752 757
? 13 22 146 155 199 260 278 337 531 664 686 690 702 726
? 13 17 37 61 151 178 196 249 252 460 541 563 640 795
? 13 49 81 96 111 214 336 350 384 385 386 456 629 698
? 13 50 147 284 306 479 482 499 519 531 570 581 639 650
? 13 30 76 146 174 199 266 288 297 337 434 559 620 771
? 13 58 138 353 512 595 657 659 676 728 775 792 797 798
? 13 84 102 137 141 277 307 310 368 397 453 579 591 727
? 13 119 209 264 302 387 459 527 594 605 674 683 709 763
? 13 100 126 186 211 369 382 584 601 627 641 748 759 778
? 13 106 144 159 206 435 458 461 542 550 638 647 681 790
? 13 1 64 88 152 176 263 331 406 518 663 738 744 756
? 13 1 152 176 239 257 263 273 275 292 320 547 636 794
? 13 55 114 115 201 223 321 383 455 607 656 680 710 799
? 13 60 79 164 251 266 297 408 434 559 570 576 590 723
? 13 17 37 61 151 178 205 249 252 348 349 541 563 640
? 13 26 284 306 408 499 519 570 576 581 650 665 682 723
? 13 43 53 137 187 339 368 471 500 568 573 579 645 648
? 13 84 102 137 141 259 277 307 310 319 368 397 591 727
? 13 0 83 125 161 234 377 378 379 412 633 662 748 752
? 13 27 74 112 156 367 510 521 536 544 575 631 740 787
? 13 85 155 221 254 262 300 317 374 427 532 690 692 726
? 13 114 173 189 201 223 321 390 455 503 668 680 784 799
? 13 89 124 168 232 357 394 400 405 451 637 718 721 781
? 13 129 193 293 309 318 376 389 546 655 714 743 749 753
? 13 43 230 241 305 317 351 500 557 596 623 645 750 768
? 13 4 9 33 34 109 188 286 495 514 545 583 661 761
? 13 23 68 195 248 254 308 427 441 501 558 572 692 782
? 13 183 219 312 391 450 493 505 506 543 604 720 735 764
? 13 210 299 305 363 372 409 419 489 500 557 623 693 793
? 13 28 31 67 72 99 215 279 422 442 465 644 732 784
? 13 107 209 264 302 335 387 459 527 594 674 683 709 763
? 13 4 109 127 142 166 169 188 428 478 514 583 616 761
? 13 66 125 161 379 486 524 571 633 679 703 746 752 757
? 13 2 6 11 16 59 139 183 504 643 751 755 772 774
? 13 150 239 255 327 328 444 481 565 603 642 684 747 794
? 13 36 89 98 124 357 394 414 451 492 567 632 637 765
? 13 47 111 167 214 304 384 385 386 488 621 658 698 770
? 13 0 7 83 228 243 245 338 412 428 486 615 616 796
? 13 138 151 205 229 348 349 508 541 563 565 580 659 797
? 13 39 144 159 206 212 246 461 542 592 594 638 681 790
? 13 44 127 179 200 210 270 271 489 513 533 731 785 789
? 13 134 230 299 305 363 372 409 419 497 557 623 693 793
? 13 114 189 201 223 321 390 455 503 607 646 680 729 799
? 13 25 133 167 384 480 488 529 621 624 649 672 706 770
? 13 119 209 264 302 373 387 527 594 605 628 674 709 763
? 13 63 70 90 119 154 341 373 446 483 605 628 719 724
? 13 32 52 78 93 116 222 251 470 475 484 562 711 762
? 13 9 33 34 137 259 286 307 368 392 495 545 608 661
? 13 150 205 229 255 327 328 348 349 541 565 580 659 684
? 13 81 96 108 117 269 403 439 456 457 530 539 585 700
? 13 146 147 199 266 278 297 531 559 620 664 686 702 771
? 13 239 255 275 327 328 444 481 547 603 642 684 747 794
? 13 98 213 267 268 290 315 323 413 535 552 586 675 701
? 13 80 136 153 236 290 361 362 522 526 534 552 653 730
? 13 25 39 123 133 180 224 480 488 529 609 624 649 672
? 13 41 51 75 142 253 429 433 437 507 521 536 625 634
? 13 3 101 130 171 329 345 411 418 445 449 549 588 788
? 13 87 157 202 208 248 421 441 476 518 663 738 773 776
? 13 48 233 370 410 423 425 490 509 553 622 673 687 786
? 13 36 89 124 213 357 394 414 451 567 632 637 721 765
? 13 146 147 155 199 260 278 482 531 664 686 690 702 726
? 13 2 7 11 62 121 122 139 245 298 366 486 524 751
? 13 21 145 314 316 347 399 464 487 516 582 599 677 678
? 13 18 97 134 405 431 502 528 669 691 695 737 781 793
? 13 0 42 169 228 243 261 401 428 429 478 615 619 662
? 13 146 147 199 266 278 297 499 531 559 570 620 664 686
? 13 60 79 146 147 266 297 434 559 570 576 590 686 723
? 13 24 82 91 140 185 242 244 294 355 359 569 610 766
? 13 23 68 195 248 254 308 427 441 501 572 612 692 782
? 13 67 94 118 194 276 280 325 340 438 472 520 644 736
? 13 25 39 123 133 224 480 529 592 609 624 635 649 672
? 13 172 191 237 462 486 524 571 720 734 746 757 760 764
? 13 35 106 117 269 403 456 550 555 561 611 614 630 739
? 13 73 128 184 309 352 477 525 546 694 704 708 779 780
? 13 72 136 153 236 361 362 442 465 522 526 534 730 732
? 13 43 210 299 339 372 409 500 533 557 568 573 596 645
? 13 85 155 221 260 262 300 374 427 532 690 692 726 791
? 13 19 172 191 237 462 571 654 720 734 746 757 760 764
? 13 36 89 124 213 295 357 365 394 414 451 567 637 765
? 13 6 16 59 135 183 343 391 450 504 643 741 755 772
? 13 81 96 108 111 117 350 403 439 456 457 539 629 700
? 13 29 87 157 308 421 430 431 441 497 501 597 742 773
? 13 28 31 46 72 99 212 335 361 522 592 699 730 732
? 13 230 254 308 330 363 417 430 431 497 501 558 693 742
? 13 19 191 219 274 407 493 505 506 604 654 720 735 764
? 13 25 123 133 167 180 224 480 488 529 624 649 672 706
? 13 86 94 143 148 207 279 325 340 472 520 566 644 736
? 13 5 8 16 59 170 217 218 343 354 452 564 643 774
? 13 12 104 132 149 274 281 311 329 371 393 407 671 722
? 13 48 225 227 287 316 399 423 425 487 509 551 599 687
? 13 43 53 137 187 339 351 453 471 500 568 573 579 645
? 13 44 179 210 270 299 405 409 419 489 528 731 785 789
? 13 41 211 333 346 369 424 433 437 587 601 625 662 759
? 13 49 106 214 336 350 385 386 435 456 458 550 609 624
? 13 74 112 156 190 209 264 387 459 527 631 683 709 763
? 13 84 102 137 141 277 307 310 368 453 471 579 591 727
? 13 63 74 190 291 346 437 446 536 544 587 625 631 724
? 13 50 53 187 241 262 351 479 482 531 639 650 750 768
? 13 63 160 186 333 346 369 424 433 437 584 587 724 759
? 13 77 342 375 383 420 517 598 613 646 667 696 717 729
? 13 23 68 230 254 308 317 330 417 430 501 558 572 692
? 13 90 100 154 160 186 341 447 483 490 548 584 627 719
? 13 151 162 196 249 252 282 508 541 563 574 600 640 797
? 13 135 183 312 391 450 493 505 506 543 604 735 741 772
? 13 35 49 106 117 269 336 435 456 458 550 555 611 739
? 13 24 40 91 92 168 355 400 436 454 492 602 718 766
? 13 29 87 157 202 421 476 518 597 663 695 738 742 773
? 13 35 106 117 269 336 435 458 550 555 561 611 630 739
? 13 64 88 163 202 404 406 421 476 518 663 738 756 773
? 13 40 91 140 185 242 244 355 436 569 610 656 668 766
? 13 36 40 98 185 296 413 414 436 492 569 632 668 765
? 13 134 230 299 363 372 419 430 431 497 557 623 693 793
? 13 45 84 102 141 259 286 307 319 392 397 415 608 651
? 13 24 140 150 242 255 327 328 359 444 481 603 642 747
? 13 80 173 189 236 290 362 390 465 526 577 653 675 799
? 13 13 14 64 165 313 398 404 406 468 476 518 626 663
? 13 107 136 153 212 236 335 361 459 522 527 534 683 763
? 13 21 177 314 316 324 516 560 582 678 689 715 745 767
? 13 15 94 118 276 325 340 360 432 443 472 520 566 736
? 13 71 239 257 265 275 285 292 320 332 547 636 695 737
? 13 25 123 133 167 224 480 488 529 609 624 649 672 770
? 13 23 68 195 197 248 326 380 427 448 466 572 612 782
? 13 35 106 117 269 336 550 555 561 611 614 630 647 739
? 13 27 74 267 367 510 521 536 544 556 575 701 740 787
? 13 90 100 154 341 370 373 447 483 490 628 705 716 719
? 13 150 229 255 327 328 349 481 565 580 603 642 684 747
? 13 32 60 78 79 222 247 434 440 475 484 590 697 711
? 13 22 30 76 174 199 288 337 559 620 664 686 702 771
? 13 128 309 324 352 525 546 560 694 704 714 715 745 779
!
766 24 
24 766
221 85 692 262 22 374 791 155 300 473 702 260 690 726 199 278 620 686 146 559 266 297 79 60 723 576 408 164 251 26 590 434 711 475 762 116 562 52 32 78 222 440 697 484 358 247 570 664 337 
260 690
116 562
266 297
576 723
266 559
408 576
60 79
300 473
146 686
116 762
52 116
155 300
164 251
199 278
22 374
85 692
475 762
146 559
79 570
374 791
79 297
164 408
358 484
32 475
199 726
155 791
32 711
260 702
26 408
85 221
78 222
60 723
620 686
222 440
278 620
434 711
247 358
620 664
434 590
79 590
222 697
484 697
85 262
690 726
32 78
22 85
337 702
262 690
140 359 242 244 569 82 238 511 294 603 485 595 353 728 657 58 676 792 
58 657
244 569
242 359
242 244
238 511
294 511
657 728
140 359
353 728
294 603
82 238
353 595
676 792
485 595
595 676
82 569
238 485
704 184 352 525 779 546 193 655 129 743 318 753 293 714 477 95 523 101 666 356 788 445 416 707 411 396 588 
352 525
184 704
184 352
101 666
129 743
129 655
293 753
129 318
193 546
356 788
445 788
193 655
95 477
318 753
525 779
356 666
416 707
714 743
95 523
411 707
396 707
101 523
356 416
546 779
193 477
396 588
526 534 522 730 136 465 653 362 442 784 390 72 236 31 28 99 153 732 46 699 194 67 
136 730
28 99
72 236
28 31
31 72
67 194
522 534
390 784
526 534
362 653
465 653
362 442
153 730
46 699
442 784
522 730
136 465
46 732
153 732
72 442
46 194
438 280 635 180 540 529 25 167 706 672 649 443 334 276 360 38 783 364 250 388 537 56 463 272 777 283 758 303 494 432 118 520 
276 334
180 635
25 167
56 537
38 360
283 758
56 463
283 777
388 537
180 540
118 520
303 758
272 388
272 777
360 783
280 635
25 529
276 360
118 334
635 649
364 783
432 494
25 706
280 443
250 388
250 364
364 494
529 540
167 672
334 443
280 438
210 339 596 305 241 645 351 573 53 187 750 50 479 639 482 650 499 147 531 581 43 
53 187
499 650
305 596
351 573
43 351
482 639
147 531
241 596
351 645
210 339
187 573
339 596
210 645
573 750
581 650
50 479
147 499
479 639
50 750
479 499
205 229 348 349 580 
205 229
205 348
205 580
229 349
220 57 365 589 315 213 268 98 357 515 240 
213 315
57 365
98 268
57 220
213 268
365 589
315 589
357 365
57 515
240 515
577 173 189 668 201 455 503 646 342 729 420 667 613 131 598 517 321 114 223 607 115 55 618 256 696 717 375 110 512 426 383 
114 223
420 667
420 729
114 321
55 618
114 607
455 503
110 375
375 717
426 512
613 667
696 717
173 189
115 607
342 455
110 512
131 613
342 729
517 598
503 646
201 455
55 115
115 383
173 668
131 598
173 577
256 618
256 696
201 321
201 668
609 224 123 480 133 592 39 624 
39 592
123 480
133 480
224 609
123 592
609 624
133 224
798 775 797 508 282 162 600 574 
162 282
775 797
162 600
282 574
282 508
775 798
508 775
230 330 417 558 254 501 308 742 157 87 29 663 421 773 202 518 64 738 476 441 756 406 626 617 17 467 713 331 226 178 460 37 795 196 252 249 563 541 151 640 61 165 469 468 13 398 317 768 
64 738
421 663
151 640
308 501
13 398
476 738
202 773
330 417
196 795
178 226
64 756
64 518
61 795
467 713
541 563
151 541
417 558
226 467
37 460
249 252
61 165
254 417
317 768
226 460
17 617
17 467
441 476
308 742
29 87
87 157
406 756
421 773
317 330
29 663
421 518
230 330
617 626
331 713
249 563
469 617
468 626
254 501
157 742
460 795
196 252
406 626
13 468
343 135 
135 343
504 59 772 183 450 741 391 604 493 
450 741
391 604
183 450
59 772
493 604
183 772
59 504
391 450
217 564 16 5 170 354 218 538 175 452 8 
175 538
175 452
5 170
170 354
217 564
5 217
170 218
218 538
16 564
8 218
669 691 97 431 18 528 134 793 363 693 497 430 623 372 419 557 
430 497
363 693
18 528
372 623
97 691
134 528
363 793
497 693
557 623
363 623
18 691
134 793
372 419
363 431
669 691
234 378 377 301 703 379 752 66 496 231 679 757 734 746 161 172 191 19 654 219 407 149 722 132 235 237 764 760 685 749 582 660 578 606 158 389 20 376 324 
158 606
20 389
132 235
379 703
578 606
324 389
20 376
582 749
149 722
172 191
19 191
66 752
234 378
377 378
149 407
19 654
301 703
161 746
578 660
20 578
219 654
703 752
237 764
231 496
679 757
301 496
231 679
685 749
191 237
301 377
679 685
301 660
760 764
19 407
132 722
734 746
172 734
734 757
725 491 688 769 670 593 470 93 
491 725
688 769
491 688
93 470
470 593
670 769
593 769
439 457 700 
457 700
439 700
76 771 288 174 30 
76 771
76 288
174 288
30 174
385 214 488 111 770 384 698 
214 385
384 770
385 488
384 698
214 384
111 488
215 289 422 105 279 472 644 325 207 148 143 86 77 566 340 736 94 15 554 
289 422
105 422
148 207
86 143
143 148
472 644
94 736
340 736
207 325
148 566
279 472
325 340
215 289
325 472
279 422
15 554
15 566
77 86
571 524 486 
524 571
486 524
418 130 329 171 3 449 371 345 12 549 
3 171
3 329
3 449
12 549
130 329
371 449
345 449
130 418
12 345
551 530 
530 551
659 138 
138 659
397 307 319 259 415 45 651 
259 415
259 319
307 397
45 651
307 319
45 415
248 776 103 652 14 313 404 208 448 466 197 782 572 68 23 195 612 380 532 427 163 326 
448 466
248 776
572 782
103 652
197 466
14 652
195 612
163 326
197 782
208 448
23 68
103 776
195 782
68 572
380 612
427 532
195 427
163 448
14 313
208 248
103 404
71 265 275 120 92 168 292 320 636 152 1 744 263 176 88 257 273 794 747 684 547 239 481 444 642 327 328 150 565 255 91 
257 273
1 152
152 744
444 481
176 263
263 744
257 794
265 275
292 320
273 547
71 265
684 747
273 320
92 168
327 328
150 328
150 565
92 120
239 547
88 152
265 292
257 636
91 255
120 275
481 642
547 747
239 444
327 481
255 328
1 320
141 682 665 284 306 519 
141 682
665 682
306 519
284 306
284 665
270 731 789 489 568 44 785 179 405 781 299 409 500 513 200 198 253 634 271 109 514 127 188 583 4 761 
299 409
270 731
109 514
198 253
179 785
4 583
489 568
44 785
200 270
489 789
198 271
513 789
109 271
405 781
44 568
198 200
109 127
409 500
299 568
731 789
583 761
405 785
188 583
253 634
127 188
80 290 413 675 
80 290
290 413
413 675
102 84 310 591 277 727 137 453 471 579 368 608 9 33 545 34 661 286 392 495 
471 579
286 392
9 608
84 102
102 727
34 661
310 591
9 33
286 495
34 545
137 453
286 545
84 310
9 545
137 368
453 471
368 608
84 277
137 727
332 737 502 695 597 
502 695
695 737
332 737
502 597
295 267 787 701 586 323 535 552 367 740 510 521 575 74 544 536 631 190 291 63 724 160 186 584 627 90 100 548 446 119 605 209 709 387 594 302 674 70 344 258 106 113 550 555 611 269 117 456 403 35 336 435 739 458 585 49 350 96 81 539 108 629 561 614 630 647 542 461 790 638 144 681 159 246 206 386 373 628 154 763 556 51 625 507 
159 246
584 627
403 456
117 269
144 638
81 539
117 456
461 542
373 628
119 605
70 344
209 709
561 614
160 186
586 701
550 555
119 446
117 611
403 614
323 535
302 594
51 556
49 585
458 739
387 709
108 539
701 787
367 701
638 790
336 435
74 575
186 584
461 790
387 594
323 586
74 544
206 790
458 585
510 740
258 344
90 627
638 681
63 291
119 209
96 350
106 258
510 521
555 611
160 724
507 625
291 446
536 544
96 108
159 681
100 548
544 631
70 373
630 647
206 386
435 458
90 100
521 575
461 647
190 291
367 740
63 724
336 350
387 763
267 787
302 674
190 631
113 258
190 556
106 550
267 295
35 336
35 269
51 625
550 630
323 552
154 628
70 674
350 629
533 648 
533 648
621 304 47 754 203 658 
47 754
304 621
621 658
47 304
203 754
637 89 567 124 394 36 765 414 492 602 454 436 40 296 632 185 610 656 710 680 799 355 451 721 400 718 232 285 
89 637
124 394
36 394
36 765
451 721
124 567
656 710
89 567
185 610
414 492
40 436
436 454
610 656
400 718
400 721
656 680
414 765
232 285
492 602
185 436
296 632
89 451
40 296
232 718
185 355
454 492
680 799
735 506 543 312 
312 543
506 735
543 735
447 341 705 370 490 719 483 716 
341 705
483 719
370 705
716 719
341 719
341 447
341 490
54 560 694 767 745 177 689 314 309 347 516 487 316 399 599 225 509 287 687 423 425 786 553 233 410 673 48 622 227 678 464 677 402 181 474 498 322 216 192 382 778 126 748 601 211 633 125 412 0 662 41 429 619 478 169 166 142 261 401 228 42 428 243 615 338 796 245 83 759 369 333 424 346 437 587 433 75 641 145 733 21 708 715 128 10 73 780 69 
245 796
42 228
437 587
433 437
181 402
145 733
126 748
478 619
243 615
464 678
225 599
227 622
287 509
333 369
333 424
464 677
560 694
347 516
346 424
309 314
261 401
0 662
73 780
382 778
708 715
10 73
228 401
42 428
211 601
54 560
487 516
474 498
21 708
369 759
41 429
54 128
243 428
10 128
0 412
181 677
399 599
169 478
261 619
243 338
69 128
83 245
347 678
423 425
243 796
402 733
233 410
553 786
748 778
745 767
142 166
75 587
166 169
316 399
346 587
48 673
142 429
322 498
48 622
641 778
21 733
126 601
309 347
177 745
425 786
192 382
211 633
211 759
474 677
177 689
410 673
314 689
423 687
233 786
509 599
216 322
48 509
425 487
41 662
560 767
192 216
125 633
125 412
361 335 107 212 
335 361
107 335
212 335
104 671 393 281 311 274 
104 671
281 393
393 671
281 311
274 393
616 65 204 182 395 381 121 751 11 139 712 62 643 774 6 122 755 366 462 720 505 7 298 2 
62 712
11 139
11 751
139 712
11 643
122 755
2 751
366 755
62 298
462 720
6 774
182 204
505 720
381 395
65 616
65 204
643 774
298 366
182 395
121 712
6 462
139 381
7 774
683 27 156 112 459 264 527 
27 156
264 527
112 156
27 683
264 459
27 459
