!
551 575 412 583 358 16 655 42 592 256 43 568 487 24 538 586 
551 575
16 43
42 24
256 568
412 24
583 42
412 586
358 655
575 586
568 586
583 538
655 487
592 43
592 487
551 592
605 697 113 117 437 67 492 54 539 419 475 288 585 283 756 34 711 393 453 740 
475 288
492 711
475 283
756 740
288 34
437 585
54 419
393 453
117 393
539 393
117 67
54 756
419 453
697 539
605 283
697 113
67 711
605 740
437 711
364 70 775 465 
775 465
364 465
70 465
236 712 567 291 671 768 528 371 92 619 114 614 133 
768 133
528 371
712 619
236 712
291 114
567 671
671 614
567 619
528 92
712 114
291 371
768 92
611 
258 713 656 351 15 677 328 476 320 
677 328
351 476
258 15
677 476
258 713
713 320
258 476
656 351
18 541 300 147 608 508 654 79 395 615 798 390 494 35 738 
18 608
147 615
300 615
300 494
608 508
147 395
541 79
300 798
390 35
18 798
494 738
654 390
79 738
18 390
220 174 785 338 661 392 
174 392
785 661
661 392
220 338
220 785
679 241 623 770 450 41 488 296 536 646 172 340 308 706 595 533 
679 172
623 296
296 172
706 533
488 536
241 533
450 595
646 308
770 172
623 536
536 340
623 41
679 706
41 646
41 595
732 414 530 218 742 143 361 744 75 552 334 175 696 554 
361 75
218 143
143 334
530 742
414 530
75 552
744 696
742 143
175 696
732 334
552 696
732 744
75 554
379 689 160 708 411 648 84 597 104 200 281 382 
84 104
379 689
84 382
160 708
411 597
160 597
597 281
411 648
379 281
648 200
411 382
285 167 
285 167
123 290 660 468 444 324 582 461 91 178 171 527 
468 171
123 91
660 527
582 527
123 178
324 178
444 461
582 461
178 171
290 444
290 324
233 760 165 116 573 156 201 
760 573
116 156
233 573
165 201
573 156
573 201
181 763 126 380 115 39 
126 39
380 115
763 380
181 380
115 39
350 754 367 430 85 636 278 36 207 491 287 396 478 292 204 317 248 4 240 544 
396 292
430 240
207 248
248 544
36 491
85 36
207 478
754 430
754 396
204 4
350 636
85 204
636 544
292 4
287 478
36 287
367 278
367 317
278 491
627 247 295 214 447 719 401 777 20 
627 401
295 20
247 447
295 777
214 20
447 20
627 247
719 401
512 282 297 473 25 19 31 302 52 502 521 208 484 372 221 141 746 569 375 275 581 144 579 
297 221
502 569
282 375
19 581
282 208
282 302
473 19
521 581
569 275
31 521
473 221
25 208
144 579
372 144
141 746
502 579
302 141
502 221
31 52
302 144
512 484
19 484
485 333 225 602 457 572 688 339 483 700 674 771 90 639 789 675 634 406 658 698 
789 634
457 771
339 634
90 675
483 90
771 639
406 698
457 339
789 658
225 90
483 639
333 457
700 406
688 658
572 688
602 674
602 572
688 700
485 225
310 
192 30 164 653 352 341 234 189 452 57 787 563 9 489 576 766 49 559 722 729 266 695 783 580 505 151 776 121 267 72 118 734 277 
164 576
352 452
787 576
452 9
189 559
783 505
9 766
30 734
722 695
189 121
57 559
341 729
234 580
766 118
489 783
192 776
695 151
267 118
559 267
121 277
452 505
266 783
653 72
72 734
787 49
49 695
192 49
563 722
266 776
653 341
563 729
341 234
12 493 213 
12 213
12 493
6 594 272 417 17 
6 17
272 17
6 417
594 417
326 520 553 772 120 261 638 751 400 298 219 
298 219
261 400
553 751
326 520
326 298
520 751
520 638
120 261
772 219
772 400
455 222 399 22 196 360 58 463 451 98 716 250 
399 22
463 250
399 716
360 98
455 451
196 58
222 716
222 196
455 463
22 360
455 58
767 720 449 496 202 155 540 112 157 507 
157 507
720 155
767 155
767 496
496 540
112 157
496 157
449 202
202 112
61 56 749 513 100 408 421 
56 749
513 421
513 100
61 100
408 421
61 749
45 474 438 764 37 245 
45 474
438 764
474 245
37 245
764 37
169 279 454 270 129 565 99 621 
169 565
279 99
454 621
565 621
279 129
169 99
454 270
135 477 761 312 
477 312
761 312
135 477
337 
724 617 405 227 
724 227
617 405
617 227
206 
215 212 
215 212
362 353 385 464 
385 464
362 353
362 385
186 694 76 649 237 
76 649
76 237
694 237
186 649
209 599 268 335 644 691 
209 268
599 335
268 644
335 691
268 691
217 346 525 309 359 588 
217 346
525 359
309 588
346 309
217 525
48 357 497 
357 497
48 357
629 662 652 402 60 
629 652
662 402
662 652
662 60
637 616 122 794 110 
637 122
122 794
616 110
616 794
294 735 741 238 66 355 265 139 600 
66 600
355 265
735 600
294 741
735 139
66 355
294 238
741 265
33 682 730 264 
33 682
682 730
682 264
127 27 
127 27
504 743 522 142 
504 743
522 142
743 142
229 330 418 748 578 344 71 620 624 378 179 433 
71 179
378 433
229 330
344 624
418 378
330 433
620 179
748 179
620 624
418 578
578 624
687 47 77 415 377 55 739 342 323 318 651 549 259 
77 342
415 651
77 259
323 318
47 651
55 318
377 549
687 651
342 318
415 739
415 377
47 55
781 796 423 255 550 596 162 203 246 
423 203
423 162
423 596
781 203
781 255
796 550
796 246
550 162
680 758 604 321 134 
321 134
680 758
604 321
758 134
356 560 301 590 773 650 479 613 
356 479
590 650
356 560
356 650
301 479
650 613
301 773
131 183 717 13 641 32 481 
131 183
183 641
641 481
131 717
717 13
13 32
65 409 714 232 797 780 163 526 610 498 721 736 336 96 46 628 750 622 21 531 
780 721
65 232
714 736
736 531
163 498
797 610
336 531
797 46
780 96
498 46
498 628
65 628
65 21
526 622
409 750
336 96
163 750
409 721
526 736
119 779 500 5 788 690 368 441 253 501 462 107 728 226 715 257 125 782 757 327 289 332 681 795 647 50 665 322 354 632 148 626 83 733 63 693 589 692 470 173 726 
690 441
779 647
226 782
368 226
107 327
119 692
501 782
681 665
728 226
795 626
500 501
470 726
715 63
690 693
125 470
788 257
757 589
681 354
148 83
327 148
257 50
253 795
5 50
107 733
83 173
715 332
632 733
788 462
289 692
332 647
257 647
441 665
322 626
125 322
757 173
173 726
728 50
500 665
289 148
253 354
305 249 
305 249
486 2 307 86 44 88 707 547 210 556 228 
88 228
44 556
88 210
547 210
486 707
86 707
2 307
307 210
707 210
547 556
410 109 306 762 443 511 440 625 701 519 191 93 
306 511
762 519
511 625
410 625
109 440
762 191
306 443
109 191
519 93
762 443
443 701
566 598 343 
566 598
566 343
231 
765 188 224 557 263 672 670 293 669 686 193 271 747 702 799 373 137 73 543 428 386 612 14 535 710 645 564 439 
669 271
263 73
224 193
670 799
386 645
669 710
557 612
672 564
193 73
747 439
263 612
799 386
224 137
543 564
14 535
293 702
670 373
765 564
373 14
188 137
686 747
293 543
747 702
137 710
557 428
271 799
747 645
59 699 420 331 252 7 416 8 684 1 10 435 89 101 303 413 458 601 703 424 603 68 668 
699 10
252 424
8 684
413 668
684 89
7 303
303 668
331 413
252 601
59 684
1 68
331 603
703 424
59 699
1 703
89 101
420 603
458 703
420 416
59 68
7 101
435 458
515 467 676 230 348 667 
230 348
467 676
515 348
467 667
230 667
132 374 254 
374 254
132 254
745 223 640 185 69 105 87 180 28 537 311 480 422 663 381 
745 640
480 422
105 663
185 537
185 87
180 537
311 381
69 28
640 311
28 422
223 105
640 185
223 381
480 663
429 235 388 149 705 146 216 466 635 102 369 630 561 469 609 506 509 727 523 427 159 755 26 384 95 286 111 152 793 161 434 244 664 397 94 
793 244
235 216
102 397
755 397
149 664
429 286
149 469
95 434
369 286
146 95
466 152
235 630
429 159
705 161
506 26
235 388
630 111
159 111
509 94
523 384
561 286
152 664
427 26
146 793
388 509
705 635
635 727
727 384
561 384
630 793
102 434
427 152
506 161
609 755
683 545 784 472 198 
784 472
683 545
545 472
683 198
709 329 145 499 0 495 62 
499 62
329 499
709 495
709 0
329 145
145 0
448 562 731 546 138 
562 138
546 138
562 731
448 562
786 205 456 53 
786 456
205 456
205 53
460 
398 571 659 394 299 618 284 243 403 778 314 176 587 260 239 106 140 725 555 606 752 425 
571 394
299 425
778 752
659 394
571 587
284 239
403 176
659 752
176 555
140 725
398 403
260 140
140 606
398 260
725 425
299 243
314 239
618 314
618 106
106 725
243 752
482 426 791 459 345 432 593 190 753 316 38 685 313 
791 38
482 791
482 432
426 753
432 313
345 593
459 753
753 316
345 685
190 313
432 685
345 316
82 363 442 584 130 737 
130 737
82 584
442 737
82 442
363 442
128 40 262 97 269 
128 269
262 269
40 269
40 97
81 304 524 490 274 168 548 347 517 471 516 518 365 319 199 194 383 325 273 514 774 404 642 718 150 108 790 376 678 280 74 673 366 78 723 503 177 389 315 251 759 558 631 534 431 607 370 80 195 124 276 51 187 
516 51
74 124
81 319
516 404
490 759
490 673
774 558
517 365
177 631
383 78
514 389
347 194
366 431
315 276
274 366
319 723
404 124
74 607
74 80
150 280
389 534
168 471
78 195
642 376
325 642
274 78
325 558
678 389
518 195
471 187
150 431
631 276
177 51
524 774
199 774
517 370
517 199
524 168
673 251
548 108
347 517
273 187
490 790
304 534
304 503
718 108
518 251
790 723
81 503
718 187
273 503
150 607
666 577 3 197 704 182 153 29 136 529 570 
666 704
666 136
577 153
182 570
3 570
3 29
197 153
182 529
3 197
136 529
643 103 64 170 445 349 542 11 657 769 436 510 532 792 591 633 387 446 391 574 
103 446
657 446
643 170
542 792
11 532
542 391
436 633
170 510
591 574
349 574
64 591
510 574
633 387
643 445
64 532
103 436
436 792
170 387
542 769
154 158 242 166 23 211 184 407 
154 407
23 184
154 184
158 242
158 211
166 23
166 211
