155 1
75 9
7 5
21 3
1 0
2 0
30 3
101 7
66 3
171 6
4 10
49 3
14 1
3 0
167 8
4 0
96 8
68 3
119 8
5 0
105 8
18 3
53 8
6 0
7 0
126 6
137 5
43 8
113 5
33 8
153 9
145 8
8 0
100 2
35 5
195 2
73 8
61 2
9 0
10 0
77 7
181 8
166 2
28 8
25 2
11 0
150 6
12 0
80 9
158 6
13 0
14 0
77 6
159 10
200 1
135 10
102 6
132 10
197 1
60 10
15 0
200 7
16 0
17 0
57 7
18 0
55 3
193 2
32 6
63 7
23 8
91 7
83 9
19 0
55 7
20 0
104 1
49 7
88 1
30 6
21 0
22 0
179 1
23 0
24 0
193 4
64 1
25 0
147 4
60 1
144 4
37 2
26 0
27 0
28 0
59 1
76 4
189 10
48 1
128 2
148 8
99 9
29 0
30 0
181 10
31 0
32 0
73 4
145 10
33 0
83 10
34 0
35 0
82 10
42 5
36 0
128 10
37 0
124 10
65 4
38 0
77 10
54 4
129 10
117 3
41 8
150 10
39 0
108 10
40 0
41 0
42 0
43 0
44 0
86 6
53 2
138 6
45 0
78 6
51 2
92 8
67 10
109 8
133 6
62 10
46 0
118 8
47 0
48 0
49 0
97 8
50 0
51 0
184 3
52 0
53 0
54 0
55 0
56 0
178 3
70 8
110 3
199 9
162 2
94 3
63 6
57 0
58 0
59 0
60 0
166 7
61 0
62 0
63 0
64 0
65 0
179 9
66 0
67 0
141 9
88 7
81 3
68 0
69 0
70 0
74 6
134 9
71 0
195 5
126 9
89 1
177 5
116 9
72 0
73 0
74 0
186 5
108 9
153 5
75 0
106 9
76 0
103 9
114 5
170 2
129 4
102 9
77 0
133 4
78 0
79 0
128 4
80 0
81 0
168 2
194 4
82 0
99 9
83 0
143 10
117 4
97 9
115 4
142 10
84 0
94 9
85 0
105 4
138 10
86 0
187 10
118 6
139 10
113 5
111 6
196 10
87 0
88 0
89 0
146 7
100 5
192 8
131 10
90 0
163 2
110 6
91 0
172 2
98 3
182 2
137 7
154 2
92 0
93 0
94 0
136 7
119 10
101 2
95 0
96 0
97 0
98 0
99 0
100 0
101 0
102 0
103 0
104 0
105 0
106 0
107 0
108 0
109 0
122 7
110 0
111 0
167 3
112 0
113 0
114 0
115 0
116 0
117 0
118 0
119 0
120 0
176 3
157 8
121 0
122 0
123 0
156 8
124 0
125 0
126 0
161 3
149 2
127 0
128 0
133 2
129 0
130 0
131 0
132 0
133 0
134 0
135 0
136 0
137 0
151 3
196 1
139 4
187 1
138 0
139 0
198 1
162 6
140 0
141 0
142 0
143 0
174 9
144 0
145 0
146 0
147 0
148 0
149 0
152 9
150 0
151 0
152 0
169 10
158 6
153 0
154 0
155 0
156 0
157 0
158 0
159 0
160 0
161 0
162 0
192 4
172 8
163 0
164 0
183 2
165 0
166 0
194 7
176 2
167 0
168 0
169 0
170 0
186 6
171 0
172 0
173 0
190 7
174 0
175 0
176 0
177 0
178 0
179 0
184 7
180 0
181 0
182 0
183 0
184 0
198 9
185 0
186 0
187 0
188 0
189 0
190 0
191 0
192 0
193 0
194 0
195 0
196 0
197 0
198 0
199 0
200 0
