94 7
98 2
27 10
124 8
156 6
66 4
143 6
47 5
52 4
14 10
29 5
34 4
13 10
97 2
193 6
24 5
84 7
159 6
134 6
73 3
193 1
124 1
98 1
94 1
80 1
66 1
29 1
14 1
5 1
135 6
21 10
53 4
9 10
173 8
10 5
49 4
153 8
196 8
200 8
105 7
15 4
154 8
33 7
144 8
181 8
11 4
77 3
161 8
43 3
181 2
154 2
143 2
133 2
108 2
100 2
77 2
33 2
32 2
15 2
10 2
9 2
5 2
120 6
37 5
36 5
55 7
138 9
103 6
70 6
59 6
167 8
8 1
26 5
45 4
171 8
3 2
122 9
30 4
107 9
112 8
82 9
171 3
107 3
70 3
55 3
53 3
26 3
21 3
14 3
5 3
75 6
163 8
194 8
91 7
139 8
123 8
197 8
195 8
64 6
131 8
152 8
71 7
190 8
111 9
7 2
87 9
102 8
165 8
136 8
39 6
165 4
102 4
87 4
71 4
64 4
37 4
31 4
24 4
15 4
5 4
47 6
56 7
78 9
92 10
57 9
86 10
137 8
74 10
18 1
46 6
19 2
145 8
104 8
128 8
40 6
175 8
96 8
25 6
178 8
2 4
151 8
178 5
96 5
92 5
57 5
56 5
47 5
19 5
18 5
14 5
7 5
75 9
103 10
120 8
156 8
187 8
116 8
127 8
119 8
6 4
147 8
22 1
35 9
155 8
121 8
162 8
28 2
129 8
67 7
168 8
58 7
93 10
23 2
188 8
68 10
188 6
168 6
162 6
121 6
103 6
67 6
35 6
33 6
22 6
21 6
15 6
5 6
91 10
105 8
106 8
186 8
48 9
117 8
12 4
95 8
44 9
115 8
51 10
150 8
17 3
141 8
179 8
109 8
76 8
90 8
140 8
172 8
16 3
4 5
172 7
140 7
90 7
76 7
51 7
48 7
43 7
34 7
26 7
12 7
8 7
3 7
109 10
179 10
141 10
150 10
115 10
95 10
117 10
186 10
106 10
105 10
155 10
147 10
119 10
127 10
116 10
187 10
156 10
120 10
175 10
128 10
104 10
145 10
137 10
190 10
152 10
131 10
195 10
197 10
123 10
139 10
194 10
163 10
167 10
200 10
196 10
153 10
173 10
166 10
189 10
183 10
54 9
174 10
125 10
38 1
69 2
184 10
160 10
79 10
110 10
170 10
149 10
146 10
198 10
88 10
118 10
113 10
61 2
118 8
88 8
77 8
54 8
52 8
30 8
27 8
19 8
11 8
4 8
75 2
78 10
111 10
122 10
138 10
180 10
164 10
60 1
81 10
1 0
99 10
142 10
192 10
182 10
50 1
157 10
83 10
89 10
63 2
89 9
83 9
75 9
60 9
49 9
39 9
25 9
23 9
12 9
6 9
2 0
3 0
4 0
5 0
6 0
7 0
8 0
9 0
10 0
11 0
12 0
13 0
14 0
15 0
16 0
17 0
18 0
19 0
157 2
182 2
192 2
142 2
99 2
81 2
164 2
180 2
138 2
122 2
111 2
78 2
198 2
146 2
149 2
170 2
110 2
79 2
160 2
184 2
125 2
174 2
183 2
189 2
166 2
173 2
153 2
196 2
200 2
167 2
163 2
194 2
139 2
123 2
197 2
195 2
131 2
152 2
190 2
137 2
145 2
104 2
128 2
175 2
120 2
156 2
187 2
116 2
127 2
119 2
147 2
155 2
105 2
106 2
186 2
117 2
95 2
115 2
150 2
141 2
179 2
109 2
91 2
126 2
176 2
72 2
185 2
101 2
169 2
65 1
148 2
177 2
85 2
62 4
42 3
158 2
130 2
191 2
114 2
20 0
41 3
199 2
199 10
191 10
98 10
64 10
59 10
40 10
35 10
26 10
24 10
23 10
21 0
22 0
23 0
24 0
25 0
26 0
27 0
28 0
29 0
30 0
31 0
32 0
33 0
34 0
35 0
36 0
37 0
38 0
39 0
40 0
41 0
42 0
43 0
44 0
45 0
46 0
47 0
48 0
49 0
50 0
51 0
52 0
53 0
54 0
55 0
56 0
57 0
58 0
59 0
60 0
61 0
62 0
63 0
64 0
65 0
66 0
67 0
68 0
69 0
70 0
71 0
124 2
134 2
159 2
193 2
193 1
159 1
134 1
130 1
121 1
87 1
82 1
77 1
76 1
75 1
74 1
73 1
158 6
85 5
177 6
148 6
169 6
101 4
185 6
72 0
176 6
126 6
91 4
109 6
179 6
141 6
150 6
115 6
95 3
117 6
186 6
106 6
105 6
155 6
147 6
119 6
127 6
116 6
187 6
156 6
120 6
175 6
128 6
104 6
145 6
137 6
190 6
152 6
131 6
195 6
197 6
123 6
139 6
194 6
163 6
167 6
200 6
196 6
153 6
173 6
166 6
189 6
183 6
174 6
125 6
184 6
160 6
79 10
110 6
170 6
149 6
146 6
198 6
78 10
111 6
122 6
138 6
180 6
164 6
81 9
99 6
142 6
192 6
182 6
157 6
100 6
108 6
132 6
133 6
135 6
143 6
144 6
154 6
161 6
181 6
181 2
161 2
154 2
144 2
143 2
135 2
133 2
132 2
108 2
100 2
95 2
91 2
90 2
88 2
86 2
83 2
80 2
77 2
73 0
74 0
75 0
76 0
77 0
78 0
79 0
80 0
81 0
82 0
83 0
84 0
85 0
86 0
87 0
88 0
89 0
90 0
91 0
92 0
93 0
94 0
95 0
96 0
97 0
98 0
107 8
112 10
171 9
171 3
157 3
151 3
140 3
114 3
107 3
103 3
102 3
100 3
136 7
165 5
199 4
182 4
178 4
136 4
134 4
118 4
108 4
107 4
192 5
172 5
159 5
142 5
135 5
114 5
108 5
99 5
99 0
100 0
101 0
102 0
103 0
164 1
180 7
138 3
122 3
111 4
198 8
146 1
149 7
170 8
110 4
160 8
184 9
125 2
174 9
183 10
189 10
166 9
173 10
153 8
196 10
200 10
167 10
163 9
194 10
139 1
123 2
197 10
195 10
131 1
152 8
190 10
137 7
145 8
104 0
128 1
175 10
120 3
156 9
187 10
116 3
127 1
119 2
147 9
155 10
105 0
106 0
186 10
117 2
115 3
150 10
141 8
179 10
109 4
126 1
176 10
185 10
169 10
148 10
177 10
158 10
129 7
162 10
168 10
188 10
188 6
168 6
162 6
158 6
156 6
145 6
137 6
128 6
125 6
116 6
113 6
108 6
107 0
108 0
109 0
110 0
111 0
112 0
113 0
114 0
115 0
116 0
117 0
118 0
119 0
120 0
121 0
122 0
123 0
124 0
125 0
126 0
127 0
128 0
129 0
130 0
131 0
132 0
133 0
134 0
135 0
136 0
137 0
138 0
139 0
140 0
141 0
142 0
143 0
144 0
145 0
146 0
147 0
149 3
180 10
180 7
177 7
165 7
164 7
163 7
159 7
158 7
154 7
153 7
151 7
148 7
148 0
149 0
160 2
170 5
198 1
198 8
193 8
191 8
172 8
169 8
166 8
162 8
161 8
157 8
156 8
174 2
184 10
199 9
192 9
185 9
179 9
174 9
171 9
168 9
165 9
157 9
150 9
150 0
151 0
152 0
153 0
154 0
186 6
155 0
187 1
175 7
190 3
195 4
197 5
194 4
167 7
200 5
196 5
173 2
189 3
183 6
200 10
195 10
190 10
187 10
186 10
181 10
167 10
166 10
159 10
156 0
157 0
158 0
159 0
160 0
161 0
162 0
163 0
164 0
165 0
166 0
167 0
168 0
169 0
170 0
171 0
172 0
173 0
174 0
175 0
176 0
177 0
178 0
179 0
180 0
181 0
182 0
183 0
184 0
185 0
186 0
187 0
188 0
189 0
190 0
191 0
192 0
193 0
194 0
195 0
196 0
197 0
198 0
199 0
200 0
