6 6
89 4
118 8
8 2
1 0
2 0
118 7
164 1
135 7
10 3
7 5
84 10
146 7
192 10
114 1
116 7
3 0
179 8
128 9
199 8
4 0
165 8
19 7
156 8
5 0
6 0
7 0
17 7
8 0
144 1
99 6
70 8
194 6
173 9
9 0
10 0
143 1
112 6
39 8
158 1
11 0
154 1
12 0
20 6
113 1
23 2
51 1
134 2
48 1
13 0
198 1
141 3
14 0
119 3
15 0
159 5
32 1
74 10
152 5
16 0
17 0
138 4
18 0
19 0
20 0
197 10
24 5
194 10
21 0
134 10
22 0
23 0
24 0
175 10
41 5
125 10
28 6
120 2
25 0
103 10
57 4
26 0
27 0
28 0
29 0
30 0
116 2
69 10
146 2
53 4
31 0
32 0
115 2
33 0
99 2
49 7
181 2
54 1
94 2
52 4
149 2
56 10
171 7
161 3
95 2
34 0
54 10
198 6
35 0
36 0
171 6
49 9
37 0
38 0
39 0
70 2
167 6
59 2
164 6
47 9
200 6
40 0
41 0
110 6
42 0
196 6
43 0
150 9
139 7
44 0
132 8
45 0
168 8
107 7
129 8
100 7
166 8
61 6
82 7
152 9
89 7
162 8
106 3
46 0
150 5
47 0
178 5
67 7
48 0
49 0
50 0
51 0
52 0
135 5
53 0
54 0
108 8
55 0
56 0
57 0
126 5
58 0
184 9
59 0
60 0
61 0
101 8
145 9
113 5
80 8
133 4
154 6
79 8
158 9
90 8
143 9
76 8
153 6
62 0
133 9
74 8
189 9
86 5
142 9
177 1
138 9
163 1
63 0
64 0
85 5
192 4
84 10
81 5
151 4
65 0
136 4
66 0
67 0
89 1
68 0
84 1
69 0
70 0
71 0
95 10
72 0
73 0
74 0
149 4
109 9
104 6
75 0
76 0
111 4
92 9
77 0
97 4
78 0
91 9
79 0
105 6
80 0
81 0
82 0
88 7
83 0
84 0
85 0
86 0
87 0
88 0
89 0
90 0
91 0
92 0
193 3
99 5
93 0
94 0
95 0
96 0
97 0
124 1
98 0
99 0
100 0
101 0
102 0
103 0
104 0
105 0
106 0
107 0
108 0
109 0
179 3
110 0
111 0
125 9
175 3
134 4
112 0
113 0
123 5
187 10
170 3
121 9
186 10
156 3
114 0
118 8
180 10
130 4
172 10
115 0
146 3
116 0
185 2
157 6
117 0
118 0
122 4
166 10
195 7
161 10
119 0
120 0
121 0
122 0
123 0
124 0
125 0
126 0
177 2
148 10
144 3
127 0
128 0
129 0
130 0
188 7
138 6
131 0
155 2
182 7
132 0
190 1
176 7
142 3
189 1
133 0
134 0
135 0
174 7
149 8
141 1
136 0
137 0
138 0
139 0
140 0
141 0
142 0
143 0
144 0
158 1
145 0
146 0
147 0
148 0
149 0
178 9
152 7
150 0
151 0
152 0
153 0
154 0
155 0
156 0
157 0
158 0
159 0
160 0
168 3
161 0
162 0
163 0
164 0
196 8
165 0
166 0
167 0
168 0
169 0
200 5
170 0
171 0
172 0
173 0
174 0
175 0
176 0
177 0
178 0
179 0
180 0
181 0
183 8
182 0
183 0
184 0
185 0
186 0
187 0
188 0
189 0
190 0
191 0
199 2
192 0
193 0
194 0
195 0
196 0
197 0
198 0
199 0
200 0
