117 3
109 8
163 7
181 1
4 9
107 1
63 4
1 0
34 10
9 8
104 10
50 9
113 10
17 7
8 1
67 10
39 7
2 0
160 10
3 0
50 6
4 0
132 3
186 6
165 3
118 4
33 6
119 9
5 0
44 6
183 4
19 10
158 6
7 9
29 2
103 6
52 2
6 0
7 0
8 0
9 0
151 5
21 3
10 0
181 5
86 2
152 5
28 2
97 5
27 2
170 5
11 0
39 1
12 0
13 0
14 0
144 3
30 6
15 0
119 5
16 0
17 0
118 5
18 0
19 0
148 4
20 0
144 4
21 0
197 4
22 0
132 4
23 0
159 4
59 8
137 4
145 9
111 4
37 1
24 0
145 4
72 5
147 4
66 5
35 1
124 4
69 10
88 4
25 0
45 3
26 0
27 0
28 0
86 4
52 8
29 0
30 0
161 9
31 0
70 2
160 9
67 2
81 4
104 9
32 0
177 9
56 2
115 3
49 8
33 0
99 5
89 9
34 0
35 0
53 2
101 4
179 9
36 0
37 0
187 9
51 2
38 0
39 0
40 0
121 9
120 6
41 0
169 5
199 9
42 0
175 6
60 7
80 4
94 9
77 4
48 5
85 9
74 4
43 0
123 9
44 0
115 9
45 0
185 3
46 0
108 1
76 9
68 4
106 1
47 0
48 0
49 0
186 1
50 0
51 0
52 0
53 0
62 4
54 0
55 0
56 0
57 0
169 1
63 9
58 0
59 0
60 0
61 0
62 0
63 0
64 0
157 7
65 0
99 1
66 0
67 0
68 0
69 0
70 0
71 0
72 0
73 0
74 0
183 7
172 6
97 1
116 6
181 7
75 0
76 0
77 0
151 6
91 3
78 0
79 0
80 0
101 7
84 6
81 0
82 0
123 5
83 0
84 0
112 1
85 0
86 0
143 5
94 1
149 5
87 0
88 0
121 5
187 4
155 5
179 4
139 5
89 0
168 5
90 0
91 0
192 2
92 0
136 3
182 10
126 2
114 5
167 10
93 0
94 0
136 10
95 0
96 0
112 5
97 0
98 0
99 0
175 8
125 2
189 3
106 6
185 3
108 4
100 0
101 0
191 3
157 8
134 10
102 0
133 10
194 7
164 3
103 0
158 3
177 7
128 8
113 1
104 0
105 0
106 0
152 3
171 7
107 0
131 10
108 0
109 0
161 7
150 10
140 3
110 0
187 9
146 7
176 9
153 8
145 7
111 0
112 0
113 0
114 0
173 9
139 3
156 9
121 8
149 9
143 7
115 0
116 0
137 3
117 0
118 0
119 0
120 0
121 0
122 0
123 0
124 0
125 0
126 0
127 0
153 1
128 0
129 0
192 5
130 0
150 1
131 0
165 5
132 0
133 0
134 0
135 0
136 0
137 0
138 0
139 0
140 0
198 2
141 0
142 0
143 0
197 2
144 0
147 4
145 0
146 0
147 0
162 2
148 0
149 0
150 0
151 0
152 0
153 0
154 0
196 1
155 0
199 4
156 0
157 0
158 0
159 0
188 1
160 0
195 4
166 8
161 0
162 0
163 0
164 0
174 2
165 0
166 0
167 0
168 0
169 0
170 0
171 0
172 0
173 0
174 0
175 0
193 4
176 0
177 0
178 0
179 0
180 0
181 0
182 0
183 0
184 0
191 5
185 0
186 0
187 0
188 0
189 0
190 0
191 0
192 0
193 0
194 0
195 0
196 0
200 1
197 0
198 0
199 0
200 0
