151 10
61 6
123 4
23 2
21 2
155 10
187 10
192 10
180 10
59 6
43 6
132 10
90 5
134 10
109 7
195 10
135 10
12 2
98 3
15 6
195 1
134 1
132 1
123 1
117 1
107 1
91 1
88 1
85 1
12 1
10 1
4 1
21 6
23 3
40 9
100 4
131 5
44 4
116 5
95 5
24 9
163 10
136 7
127 7
28 4
171 8
58 5
84 7
94 10
31 5
159 8
7 6
106 8
3 1
189 2
94 2
84 2
58 2
28 2
24 2
23 2
21 2
4 2
137 10
198 8
55 5
138 8
52 5
78 7
36 9
1 0
199 8
56 7
26 9
54 7
114 6
69 6
53 7
37 4
39 5
111 10
13 9
199 3
198 3
137 3
69 3
56 3
52 3
37 3
36 3
12 3
7 3
44 5
100 6
150 10
125 10
174 8
179 8
64 7
120 10
60 7
65 6
186 8
160 8
51 7
8 1
149 8
200 8
9 2
42 5
80 10
81 8
108 8
168 8
168 4
108 4
81 4
80 4
65 4
64 4
44 4
40 4
31 4
8 4
7 4
55 2
95 6
116 10
131 9
156 8
73 7
166 8
139 8
25 2
176 8
27 7
178 8
57 6
89 10
66 10
16 2
76 9
175 8
118 8
194 8
130 8
29 6
194 5
118 5
76 5
66 5
57 5
27 5
25 5
15 5
13 5
9 5
95 9
100 8
114 8
133 8
49 2
173 8
70 7
20 4
103 8
14 4
126 8
22 3
124 8
102 8
18 3
183 8
2 0
5 4
182 8
6 3
72 10
183 6
126 6
95 6
89 6
70 6
58 6
43 6
39 6
5 6
4 6
3 0
4 0
5 0
6 0
7 0
8 0
9 0
10 0
73 2
78 8
127 9
136 9
157 9
196 9
181 9
146 9
96 10
46 3
99 9
17 6
92 10
97 9
19 3
67 2
104 9
154 9
121 9
105 9
45 1
38 1
87 10
154 7
104 7
99 7
96 7
78 7
73 7
63 7
19 7
18 7
14 7
13 7
103 10
173 9
133 9
114 9
100 10
175 9
178 9
176 9
139 9
166 9
156 9
200 9
149 9
160 9
186 9
179 9
174 9
167 9
112 9
148 9
142 9
113 9
35 3
68 2
79 1
122 9
86 10
101 9
32 3
129 9
185 9
191 9
33 2
190 9
62 1
191 8
185 8
129 8
122 8
100 8
85 8
33 8
32 8
26 8
21 8
16 8
14 8
113 10
142 10
148 10
112 10
167 10
174 10
179 10
186 10
160 10
149 10
200 10
156 10
166 10
139 10
176 10
178 10
175 10
114 10
133 10
173 10
146 10
181 10
196 10
157 10
136 10
127 10
131 10
144 10
161 10
152 10
47 2
143 10
11 0
188 10
119 10
71 1
177 10
158 10
77 10
169 10
74 10
110 10
162 10
164 10
41 2
147 10
164 9
135 9
68 9
39 9
35 9
29 9
24 9
19 9
16 9
12 0
13 0
14 0
15 0
16 0
17 0
18 0
19 0
20 0
21 0
22 0
23 0
24 0
25 0
26 0
27 0
28 0
29 0
162 1
110 1
74 2
169 1
77 1
158 1
177 1
119 1
188 1
143 1
152 1
161 1
144 1
131 1
127 1
136 1
157 1
196 1
181 1
146 1
173 1
133 1
114 1
175 1
178 1
176 1
139 1
166 1
156 1
200 1
149 1
160 1
186 1
179 1
174 1
167 1
112 1
148 1
142 1
113 1
103 1
116 1
120 1
125 1
150 1
163 1
180 1
192 1
187 1
155 1
151 1
170 1
83 1
34 9
193 1
197 1
50 5
115 1
82 1
128 1
75 1
145 1
48 5
140 1
141 1
30 0
93 1
165 1
172 1
153 1
184 1
184 10
172 10
106 10
66 10
46 10
43 10
38 10
37 10
33 10
31 10
31 0
32 0
33 0
34 0
35 0
36 0
37 0
38 0
39 0
40 0
41 0
42 0
43 0
44 0
45 0
46 0
47 0
48 0
49 0
50 0
51 0
52 0
53 0
54 0
55 0
56 0
57 0
58 0
59 0
60 0
61 0
62 0
63 0
64 0
65 0
66 0
67 0
68 0
69 0
70 0
71 0
72 0
73 0
74 0
165 2
93 3
141 2
140 2
145 2
75 0
128 2
82 10
115 2
197 2
193 2
83 9
170 2
151 2
155 2
187 2
192 2
180 2
163 2
150 2
125 2
120 2
116 2
103 2
113 2
142 2
148 2
112 2
167 2
174 2
179 2
186 2
160 2
149 2
200 2
156 2
166 2
139 2
176 2
178 2
175 2
114 2
133 2
173 2
146 2
181 2
196 2
157 2
136 2
127 2
131 2
144 2
161 2
152 2
143 2
188 2
119 2
177 2
158 2
77 7
169 2
110 2
162 2
195 2
195 1
162 1
110 1
93 1
89 1
88 1
82 1
81 1
79 1
78 1
76 1
76 0
77 0
78 0
79 0
80 0
81 0
82 0
83 0
84 0
85 0
86 0
87 0
88 0
89 0
90 0
91 0
92 0
93 0
94 0
95 0
96 0
97 0
98 0
99 0
100 0
101 0
102 0
169 6
158 6
177 6
119 8
188 6
143 6
152 6
161 6
144 6
131 6
127 6
136 6
157 6
196 6
181 6
146 6
173 6
133 6
114 5
175 6
178 6
176 6
139 6
166 6
156 6
200 6
149 6
160 6
186 6
179 6
174 6
167 6
112 5
148 6
142 6
113 8
103 0
116 6
120 6
125 6
150 6
163 6
180 6
192 6
187 6
155 6
151 6
170 6
193 6
197 6
115 6
128 6
145 6
140 6
141 6
165 6
159 6
171 6
189 6
189 2
171 2
165 2
141 2
140 2
129 2
112 2
111 2
110 2
108 2
107 2
106 2
105 2
104 0
105 0
106 0
107 0
108 0
109 0
110 0
111 0
112 0
113 0
114 0
137 6
138 10
198 8
199 8
199 3
198 3
191 3
168 3
162 3
153 3
137 3
121 3
119 3
118 3
117 3
195 4
184 4
154 4
145 4
130 4
128 4
123 4
122 4
121 4
115 4
115 0
194 6
197 5
193 5
170 5
155 5
138 5
135 5
129 5
128 5
187 1
192 7
180 1
163 1
150 3
125 4
120 4
116 0
142 9
148 3
167 7
174 8
179 10
186 10
160 1
149 1
200 10
156 7
166 8
139 2
176 10
178 10
175 10
133 2
173 10
146 3
181 10
196 10
157 8
136 9
127 2
131 9
144 3
161 10
152 7
143 3
188 10
177 10
158 10
169 10
124 2
126 9
182 10
183 10
183 6
182 6
169 6
158 6
157 6
156 6
149 6
148 6
142 6
124 6
120 6
119 6
117 0
118 0
119 0
120 0
121 0
122 0
123 0
124 0
125 0
126 0
127 0
128 0
129 0
130 0
131 0
132 0
133 0
134 0
135 0
136 0
137 0
138 0
139 0
140 0
141 0
142 0
143 0
144 0
145 0
146 0
147 0
148 0
149 0
150 0
151 0
152 0
153 0
154 0
155 0
156 0
157 0
158 0
159 0
160 0
167 6
192 10
192 7
188 7
172 7
170 7
169 7
166 7
165 7
164 7
163 7
162 7
161 7
161 0
162 0
163 0
164 0
165 0
166 0
167 0
168 0
169 0
170 0
171 0
172 0
174 7
196 8
194 8
189 8
185 8
184 8
183 8
181 8
180 8
177 8
173 8
173 0
174 0
175 0
197 9
195 9
191 9
188 9
187 9
178 9
177 9
176 9
176 0
177 0
178 0
200 1
186 9
179 0
200 10
199 10
192 10
191 10
185 10
180 0
181 0
182 0
183 0
184 0
185 0
186 0
187 0
188 0
189 0
190 0
191 0
192 0
193 0
194 0
195 0
196 0
197 0
198 0
199 0
200 0
