15 9
45 5
1 0
90 8
26 5
2 0
178 8
17 5
50 8
24 5
28 8
7 4
31 8
3 0
119 8
6 4
55 8
4 0
53 8
5 0
6 0
7 0
145 10
8 0
70 10
9 0
62 1
30 10
140 1
10 0
99 1
11 0
18 8
12 0
198 3
23 10
120 3
27 10
54 4
97 3
72 4
149 3
22 10
81 4
158 3
25 10
13 0
109 2
29 6
114 2
66 3
14 0
15 0
47 3
84 2
16 0
24 6
17 0
18 0
129 2
44 3
111 2
19 0
127 2
20 0
197 2
21 0
25 5
22 0
27 8
23 0
24 0
25 0
26 0
27 0
190 2
31 1
110 2
28 0
29 0
30 0
31 0
125 2
32 0
175 6
40 7
113 6
35 9
199 6
39 7
160 6
33 0
34 0
35 0
169 6
36 0
153 6
46 1
167 6
37 0
71 6
38 0
39 0
40 0
165 9
41 0
43 3
182 7
48 8
135 7
42 0
43 0
44 0
45 0
46 0
47 0
48 0
146 10
49 0
96 10
50 0
83 10
60 9
121 10
51 0
117 10
58 1
159 10
57 1
171 10
69 7
52 0
76 8
53 0
78 8
72 10
54 0
55 0
130 4
65 3
71 10
91 4
67 7
169 4
68 7
160 4
56 0
57 0
58 0
112 4
62 5
59 0
60 0
144 4
61 0
62 0
161 2
63 0
186 9
64 0
65 0
66 0
68 10
67 0
68 0
69 0
184 5
86 9
70 0
71 0
72 0
185 7
95 3
82 2
100 5
194 7
123 5
159 7
73 0
199 7
74 0
75 0
81 2
78 4
137 1
79 4
162 1
125 7
77 4
141 1
110 7
172 1
119 7
190 1
76 0
77 0
79 2
78 0
79 0
116 1
94 3
151 1
106 7
140 1
107 7
169 1
92 3
80 0
81 0
82 0
132 1
90 3
124 1
89 3
102 7
200 1
83 0
129 1
88 3
84 0
85 0
86 0
167 8
91 9
130 8
87 0
88 0
89 0
90 0
91 0
92 0
188 4
104 1
133 4
93 0
94 0
95 0
122 8
191 4
96 0
149 4
97 0
113 3
103 1
98 0
163 6
99 0
123 4
100 0
101 0
102 0
103 0
108 2
104 0
186 6
105 0
107 2
106 0
107 0
108 0
114 9
109 0
119 8
110 0
161 6
129 2
121 4
115 8
200 6
117 8
124 7
143 10
155 6
132 2
112 3
169 6
127 2
192 6
111 0
112 0
113 0
114 0
117 9
115 0
144 6
140 10
197 6
128 10
151 6
131 10
148 6
116 0
117 0
118 0
119 0
120 0
121 0
122 0
123 0
124 0
125 0
135 1
184 3
126 0
127 0
138 9
131 4
128 0
132 7
129 0
130 0
131 0
132 0
193 5
158 8
173 3
156 8
191 5
133 0
157 3
199 5
171 3
177 5
134 0
135 0
172 5
141 2
136 0
170 5
150 3
168 5
137 0
138 0
139 0
140 0
141 0
166 1
142 0
143 0
154 5
148 8
151 5
197 9
144 0
185 2
145 0
146 0
147 0
148 0
149 0
150 0
151 0
192 9
160 1
153 5
178 7
155 8
189 9
180 7
200 10
179 7
195 9
152 0
153 0
154 0
155 0
156 0
159 1
171 2
157 0
158 0
159 0
160 0
165 1
161 0
164 1
162 0
186 4
163 0
164 0
165 0
166 0
167 0
168 0
180 4
169 0
176 7
170 0
171 0
190 10
172 0
173 0
175 7
174 0
175 0
176 0
194 1
183 3
177 0
178 0
181 7
179 0
180 0
181 0
182 0
183 0
184 0
185 0
186 0
187 0
188 0
195 7
189 0
190 0
199 10
191 0
192 0
193 0
194 0
195 0
196 0
197 0
198 0
199 0
200 0
