142 4
11 9
195 4
3 5
196 4
1 0
103 4
2 0
3 0
160 3
20 1
182 3
8 9
178 3
9 9
65 3
4 0
25 4
194 5
10 10
150 5
15 6
116 5
5 0
172 8
27 3
167 8
17 1
6 0
134 8
28 5
60 8
13 6
72 8
7 0
9 10
8 0
9 0
10 0
11 0
12 0
13 0
48 7
44 8
53 7
14 0
16 1
15 0
16 0
17 0
99 7
18 0
54 7
19 0
20 0
21 0
22 0
105 10
58 2
193 10
43 8
151 10
46 7
84 2
94 10
23 0
164 1
34 9
163 1
64 10
106 1
31 9
138 1
35 9
83 10
184 1
37 9
82 10
24 0
25 0
89 1
38 8
74 1
190 6
59 10
51 2
39 8
156 6
26 0
27 0
28 0
181 6
29 0
115 6
36 8
103 6
52 10
197 6
63 1
124 6
33 8
30 0
35 3
31 0
32 0
33 0
34 0
37 9
35 0
36 0
37 0
39 3
38 0
39 0
160 6
49 2
159 6
40 0
47 2
192 3
41 0
86 9
69 3
107 9
67 3
71 9
42 0
43 0
44 0
45 0
46 0
47 0
66 3
54 4
99 5
50 10
80 5
53 4
57 8
169 5
48 0
49 0
50 0
51 0
52 0
53 0
54 0
158 5
55 0
155 5
56 0
57 0
84 7
61 4
58 0
59 0
96 2
72 5
148 2
60 0
61 0
90 2
79 8
132 2
62 0
63 0
83 7
64 0
159 4
68 9
65 0
66 0
67 0
68 0
69 0
109 4
70 0
71 0
72 0
158 3
91 10
152 3
77 8
73 0
74 0
129 3
78 5
137 3
76 8
124 3
75 0
76 0
77 0
78 0
79 0
169 3
80 0
130 3
92 4
127 3
81 0
82 0
83 0
84 0
120 7
101 6
194 7
88 1
116 7
85 0
86 0
166 8
119 9
90 10
98 5
123 9
186 8
96 5
87 0
88 0
89 0
90 0
91 0
92 0
100 6
168 8
114 9
128 2
173 8
94 5
102 3
147 8
110 9
193 8
105 1
199 8
95 5
136 8
93 0
95 4
94 0
95 0
96 0
97 0
98 0
126 2
99 0
100 0
101 0
102 0
197 5
103 0
112 6
127 8
187 5
134 8
118 2
171 5
108 4
135 8
104 0
105 0
111 6
176 5
138 10
106 0
107 0
108 0
192 5
109 0
110 0
111 0
112 0
141 5
115 7
181 4
113 0
114 0
115 0
116 0
198 4
130 10
157 4
140 5
146 6
124 8
195 4
149 6
125 8
137 10
182 4
129 10
183 4
117 0
118 0
122 8
132 5
119 0
175 4
150 3
194 4
120 0
164 7
121 0
123 2
122 0
123 0
125 2
124 0
125 0
126 0
134 6
127 0
128 0
129 0
137 9
130 0
170 1
131 0
132 0
133 0
135 8
134 0
135 0
136 0
137 0
138 0
143 9
139 0
140 0
141 0
142 0
143 0
144 0
184 9
171 2
187 9
174 2
196 9
145 0
149 3
146 0
199 10
151 6
193 5
147 0
173 9
168 1
148 0
149 0
150 0
151 0
152 0
188 5
153 0
177 5
154 0
200 10
155 0
156 0
194 10
175 5
162 7
183 10
161 7
178 6
182 10
160 7
195 10
169 2
191 10
157 0
158 0
167 1
172 9
198 3
165 8
181 10
159 0
160 0
161 0
162 0
163 0
164 0
165 0
186 3
166 0
167 0
168 0
169 0
170 0
174 5
176 6
171 0
172 0
173 0
174 0
175 0
176 0
177 0
178 0
179 0
190 4
180 0
181 0
195 6
182 0
183 0
196 7
187 5
192 10
184 0
185 0
186 0
187 0
188 0
189 0
190 0
191 0
192 0
193 0
194 0
195 0
196 0
197 0
198 0
200 1
199 0
200 0
