43 7
1 0
100 3
8 4
2 0
116 3
3 0
182 3
25 9
104 3
4 0
196 3
9 5
128 3
5 0
126 2
16 8
131 2
31 3
12 8
79 2
6 0
80 2
27 3
44 2
15 1
113 2
7 0
8 0
9 0
86 10
13 1
174 10
33 2
142 10
22 9
161 10
10 0
68 10
37 4
165 10
50 4
143 10
45 4
60 10
17 6
132 10
14 6
11 0
12 0
13 0
14 0
15 0
16 0
17 0
18 0
194 5
19 0
51 10
20 0
77 6
39 10
85 6
121 5
82 6
93 5
83 6
189 5
46 10
91 5
21 0
22 0
88 5
43 6
127 5
28 1
130 5
35 4
57 6
166 5
69 6
125 5
36 4
103 5
23 0
58 5
24 0
25 0
47 7
178 5
26 0
27 0
28 0
162 8
34 4
171 8
29 0
181 8
30 0
31 0
188 8
32 0
33 0
34 0
36 1
35 0
36 0
45 7
50 5
37 0
38 0
46 5
39 0
87 8
40 0
105 3
41 0
153 3
42 0
69 9
57 8
53 4
43 0
113 6
48 10
148 6
54 8
187 6
44 0
45 0
46 0
47 0
48 0
173 6
49 0
50 0
51 0
78 6
52 0
53 0
54 0
55 0
56 0
57 0
178 7
108 4
58 0
132 7
66 9
60 2
143 7
59 0
60 0
80 5
61 0
79 5
131 7
76 6
191 7
72 6
62 0
107 4
199 7
71 6
104 4
112 7
98 4
116 7
100 4
172 7
87 1
117 7
73 5
109 7
101 4
171 7
94 1
162 7
92 1
63 0
165 7
68 6
176 7
97 4
144 7
86 1
89 4
159 7
64 0
147 10
67 6
149 10
65 0
66 0
67 0
68 0
69 0
70 0
71 0
72 0
73 0
74 0
123 10
179 8
75 0
76 0
78 5
187 8
119 10
148 8
113 10
82 2
85 1
77 0
78 0
79 0
80 0
81 0
83 1
82 0
83 0
84 0
85 0
86 0
94 3
87 0
186 2
103 7
125 8
167 2
127 8
185 2
88 0
89 0
177 2
90 0
91 0
92 0
189 2
93 0
94 0
154 2
106 10
95 0
99 7
96 0
97 0
100 3
98 0
99 0
101 4
100 0
101 0
104 3
102 0
103 0
104 0
105 0
106 0
107 0
110 10
118 5
108 0
198 3
144 4
138 1
161 3
120 9
142 4
165 3
133 2
139 1
184 3
122 9
137 1
171 3
109 0
110 0
129 2
163 6
128 2
117 5
169 6
116 5
182 6
141 4
112 10
195 6
152 3
199 6
114 5
126 2
191 6
145 3
115 5
131 2
143 3
192 6
111 0
112 0
113 0
115 10
114 0
115 0
116 0
117 0
118 0
119 0
122 10
120 0
121 0
122 0
123 0
135 1
197 6
124 0
127 7
125 0
131 5
126 0
130 5
127 0
128 0
129 0
130 0
131 0
132 0
133 0
194 7
134 0
135 0
136 0
137 0
139 4
138 0
139 0
140 0
141 0
142 0
143 0
144 0
145 0
146 0
190 9
153 5
149 4
147 0
148 0
149 0
160 6
150 0
154 1
189 9
177 7
151 0
152 0
153 0
154 0
170 8
155 0
183 9
162 2
181 9
171 7
184 9
158 6
156 0
157 0
158 0
180 9
164 8
161 2
159 0
160 0
161 0
162 0
193 3
199 1
168 7
182 3
172 9
169 7
163 0
165 2
164 0
165 0
185 1
166 0
167 0
169 8
168 0
169 0
170 0
171 0
172 0
173 0
174 0
176 7
175 0
176 0
177 0
194 4
178 0
187 4
179 0
180 0
184 1
188 5
181 0
195 6
182 0
183 0
184 0
185 0
186 0
187 0
188 0
189 0
190 0
197 1
192 4
191 0
192 0
193 0
194 0
196 1
195 0
196 0
197 0
198 0
199 0
200 0
