151 4
157 3
97 4
1 0
95 10
2 0
50 8
77 4
3 0
64 10
6 2
99 10
4 0
50 10
14 9
108 10
5 0
6 0
147 8
191 10
7 0
84 8
8 0
160 8
125 1
9 0
87 2
10 0
126 2
30 1
102 2
11 0
174 2
22 8
91 2
12 0
13 0
14 0
59 2
15 0
97 2
151 6
16 0
196 6
107 9
35 6
73 4
123 2
88 9
17 0
18 0
45 9
19 0
163 4
194 9
20 0
21 0
22 0
95 7
132 9
62 4
27 1
68 7
113 2
29 7
23 0
140 10
40 9
24 0
61 10
166 7
190 9
86 10
25 0
131 9
96 10
66 2
143 10
34 2
26 0
27 0
84 10
32 4
150 10
130 9
119 10
28 0
177 8
29 0
30 0
162 8
31 0
32 0
37 3
33 0
34 0
35 0
66 5
36 0
37 0
38 0
196 1
43 4
180 1
81 3
158 2
200 1
39 0
195 6
131 1
190 6
40 0
175 6
123 1
51 8
77 3
111 1
198 6
65 5
85 1
144 6
94 5
152 6
91 1
174 9
104 1
74 3
92 1
188 6
125 1
41 0
142 6
70 3
100 5
165 6
79 1
107 6
42 0
43 0
44 0
45 0
189 3
82 6
46 0
54 9
68 3
90 4
47 0
176 4
75 1
48 0
145 2
49 0
108 2
50 0
51 0
52 0
112 2
53 0
54 0
177 2
58 1
134 2
55 0
72 9
170 8
64 3
95 8
197 2
71 9
56 0
116 8
57 0
58 0
103 7
94 8
59 0
60 0
96 7
86 8
61 0
62 0
63 0
64 0
65 0
66 0
122 6
67 0
68 0
69 0
189 5
70 0
71 0
72 0
163 5
73 0
157 5
80 6
74 0
75 0
169 5
179 7
76 0
77 0
78 0
79 0
80 0
81 0
122 3
82 0
98 3
191 9
90 7
83 0
155 9
197 4
154 9
134 7
138 10
177 4
148 5
110 10
147 5
150 9
93 3
160 10
84 0
126 9
104 10
91 3
85 0
86 0
145 5
137 9
135 5
87 0
193 5
88 0
89 0
134 5
90 0
91 0
92 0
93 0
94 0
136 2
116 9
95 0
181 4
167 9
96 0
97 0
98 0
124 5
106 6
161 4
99 0
133 2
100 0
109 9
101 0
102 0
103 0
104 0
184 4
105 0
106 0
107 0
160 4
117 7
108 0
109 0
119 6
110 0
111 0
112 0
113 0
114 0
115 0
168 8
116 0
117 0
118 0
119 0
120 0
165 8
121 0
122 0
123 0
124 0
137 10
125 0
126 0
127 0
128 0
129 0
192 7
130 0
131 0
182 7
132 0
133 0
134 0
193 3
135 0
136 0
137 0
138 0
139 0
140 0
172 7
200 10
151 2
141 0
142 0
143 0
188 3
152 4
186 3
144 0
145 0
146 0
147 0
148 0
187 10
149 0
150 0
151 0
152 0
173 1
153 0
154 0
155 0
176 3
156 0
178 10
169 7
157 0
198 2
158 0
191 2
159 0
160 0
184 2
161 0
181 2
162 0
163 0
189 9
164 0
194 5
165 0
166 0
167 0
168 0
169 0
170 0
171 0
172 0
173 0
174 0
175 0
176 0
177 0
178 0
179 0
183 3
180 0
181 0
182 0
183 0
184 0
185 0
186 0
187 0
188 0
189 0
190 0
191 0
192 0
193 0
194 0
195 0
196 0
197 0
198 0
199 0
200 0
