171 4
60 10
5 8
62 4
141 7
41 3
20 2
69 7
138 5
98 5
89 5
33 3
21 3
186 9
200 9
124 9
146 9
91 9
131 9
110 9
131 1
91 1
89 1
69 1
62 1
60 1
52 1
50 1
20 1
5 1
37 6
119 7
2 1
160 4
106 10
45 5
175 4
194 4
150 4
78 10
168 4
67 10
189 4
183 4
112 7
48 10
115 9
15 8
130 4
70 7
189 2
115 2
112 2
67 2
45 2
37 2
31 2
24 2
5 2
156 4
77 10
154 4
83 6
87 5
23 8
14 1
121 9
137 4
47 10
73 6
93 7
49 6
198 4
197 4
181 4
170 4
142 4
198 3
137 3
121 3
119 3
87 3
83 3
47 3
23 3
21 3
5 3
154 9
156 9
168 9
150 9
194 9
175 9
160 9
171 9
172 9
26 1
169 9
196 9
17 1
6 2
176 9
152 9
182 9
179 9
133 7
103 7
178 9
82 6
192 9
3 2
135 9
29 8
40 10
46 6
192 4
133 4
98 4
88 4
40 4
29 4
26 4
15 4
2 4
138 7
191 9
4 3
55 8
25 1
65 10
42 8
139 9
153 9
123 7
143 9
134 9
11 2
144 9
117 7
136 9
111 7
129 9
27 8
195 9
34 10
195 5
144 5
123 5
109 5
106 5
27 5
25 5
24 5
5 5
3 5
184 7
75 10
190 7
158 7
151 7
145 7
61 10
174 7
59 10
1 0
149 7
10 3
167 7
12 2
64 9
7 3
13 1
167 6
149 6
143 6
61 6
55 6
41 6
12 6
10 6
6 6
5 6
2 0
3 0
4 0
5 0
6 0
7 0
174 9
145 9
151 9
158 9
190 9
184 9
138 9
141 9
187 9
81 9
155 9
116 9
85 9
166 9
57 8
164 9
114 9
101 9
132 9
19 2
80 9
122 9
100 9
58 10
53 8
147 9
76 9
126 9
126 7
76 7
75 7
57 7
52 7
48 7
17 7
14 7
11 7
10 7
71 10
8 0
165 9
72 9
162 9
32 1
35 2
177 9
18 3
66 10
56 10
79 9
180 9
120 9
193 9
51 10
128 9
113 9
68 9
193 8
66 8
35 8
32 8
29 8
25 8
23 8
13 8
11 8
120 10
180 10
79 10
177 10
162 10
72 10
165 10
147 10
100 10
122 10
80 10
132 10
101 10
114 10
164 10
166 10
85 10
116 10
155 10
81 10
187 10
141 10
138 10
184 10
190 10
158 10
151 10
145 10
174 10
153 10
139 10
191 10
178 10
179 10
182 10
152 10
176 10
196 10
169 10
172 10
171 10
160 10
175 10
194 10
150 10
168 10
156 10
154 10
146 10
124 10
200 10
186 10
199 10
74 10
185 10
99 10
43 3
102 10
30 6
127 10
105 10
148 10
44 1
16 5
38 4
9 0
95 10
125 10
28 6
36 4
86 10
140 10
140 9
125 9
70 9
62 9
43 9
40 9
33 9
27 9
15 9
13 9
10 0
11 0
12 0
13 0
14 0
15 0
16 0
17 0
18 0
19 0
20 0
21 0
95 2
148 2
105 2
127 2
102 2
99 2
185 2
74 2
199 2
186 2
200 2
124 2
146 2
154 2
156 2
168 2
150 2
194 2
175 2
160 2
171 2
172 2
169 2
196 2
176 2
152 2
182 2
179 2
178 2
191 2
139 2
153 2
174 2
145 2
151 2
158 2
190 2
184 2
138 2
141 2
187 2
81 2
155 2
116 2
85 2
166 2
164 2
114 2
101 2
132 2
80 2
122 2
100 2
147 2
165 2
72 2
162 2
177 2
79 2
180 2
120 2
71 2
118 2
22 0
92 2
173 2
94 2
39 6
96 2
161 2
63 1
54 1
108 2
159 2
107 2
188 2
104 2
90 2
84 2
97 2
157 2
163 2
163 10
157 10
97 10
90 10
69 10
49 10
46 10
42 10
34 10
31 10
30 10
26 10
23 0
24 0
25 0
26 0
27 0
28 0
29 0
30 0
31 0
32 0
33 0
34 0
35 0
36 0
37 0
38 0
39 0
40 0
41 0
42 0
43 0
44 0
45 0
46 0
47 0
48 0
49 0
50 0
51 0
52 0
53 0
54 0
55 0
56 0
57 0
58 0
59 0
60 0
61 0
62 0
63 0
64 0
65 0
66 0
67 0
68 0
69 0
70 0
89 2
91 8
110 6
131 6
131 1
110 1
91 1
89 1
86 1
84 1
82 1
78 1
76 1
73 1
104 5
188 6
107 8
159 6
108 9
161 6
96 5
94 5
173 6
92 5
118 7
71 0
120 6
180 6
79 3
177 6
162 6
72 0
165 6
147 6
100 8
122 6
80 4
132 6
101 9
114 7
164 6
166 6
85 10
116 6
155 6
81 10
187 6
141 6
138 6
184 6
190 6
158 6
151 6
145 6
174 6
153 6
139 6
191 6
178 6
179 6
182 6
152 6
176 6
196 6
169 6
172 6
171 6
160 6
175 6
194 6
150 6
168 6
156 6
154 6
146 6
124 6
200 6
186 6
199 6
74 3
185 6
99 8
102 7
127 6
105 6
148 6
95 8
112 6
115 6
130 6
183 6
189 6
189 2
183 2
130 2
115 2
112 2
102 2
101 2
100 2
94 2
90 2
80 2
79 2
73 2
73 0
74 0
75 0
76 0
77 0
78 0
79 0
80 0
81 0
82 0
83 0
84 0
85 0
86 0
87 0
88 0
89 0
90 0
91 0
92 0
93 0
94 0
95 0
96 0
97 0
98 0
99 0
100 0
101 0
102 0
103 0
104 0
119 4
121 6
137 10
142 10
170 10
181 10
197 10
198 10
198 3
197 3
181 3
170 3
142 3
137 3
121 3
119 3
118 3
112 3
110 3
108 3
107 3
106 3
133 6
135 10
192 10
192 4
163 4
133 4
131 4
126 4
125 4
115 4
113 4
111 4
108 4
117 8
123 2
129 9
136 6
144 1
195 7
195 5
144 5
136 5
129 5
123 5
117 5
114 5
109 5
148 1
105 0
127 8
185 7
199 10
186 10
200 10
124 8
146 1
154 7
156 10
168 10
150 7
194 10
175 10
160 10
171 10
172 10
169 10
196 10
176 10
152 10
182 10
179 10
178 10
191 10
139 9
153 10
174 10
145 1
151 10
158 10
190 10
184 10
138 9
141 1
187 10
155 10
116 3
166 10
164 10
132 9
122 8
147 7
165 10
162 10
177 10
180 10
120 8
173 10
161 10
159 10
188 10
134 1
143 7
149 10
167 10
167 6
149 6
147 6
141 6
132 6
130 6
128 6
119 6
115 6
110 6
106 0
107 0
108 0
109 0
110 0
111 0
112 0
113 0
114 0
115 0
116 0
117 0
118 0
119 0
120 0
121 0
122 0
123 0
124 0
125 0
126 0
127 0
128 0
129 0
130 0
131 0
132 0
133 0
134 0
135 0
136 0
137 0
138 0
139 0
140 0
141 0
142 0
143 0
144 0
145 0
146 0
147 0
148 0
149 0
150 0
154 4
185 10
195 7
193 7
188 7
183 7
181 7
167 7
161 7
157 7
198 8
189 8
180 8
163 8
161 8
192 9
177 9
170 9
165 9
161 9
164 7
166 1
155 8
187 2
184 2
190 3
158 7
151 0
174 2
153 9
191 4
178 3
179 4
182 5
152 0
176 3
196 6
169 2
172 3
171 3
160 1
175 4
194 6
168 2
156 7
200 6
186 6
199 6
199 10
186 10
182 10
179 10
172 10
169 10
166 10
158 10
155 10
154 10
153 0
154 0
155 0
156 0
157 0
158 0
159 0
160 0
161 0
162 0
163 0
164 0
165 0
166 0
167 0
168 0
169 0
170 0
171 0
172 0
173 0
174 0
175 0
176 0
177 0
178 0
179 0
180 0
181 0
182 0
183 0
184 0
185 0
186 0
187 0
188 0
189 0
190 0
191 0
192 0
193 0
200 1
199 1
198 1
195 1
194 1
194 0
195 0
196 0
197 0
198 0
199 0
200 0
