800 309 400 9 1130
1 1 9 1 4 2 1 5 2 1 3 3 1 1 2 3 1 3 1 2 1 4 5 3 2 2 2 3 1 1 1 6 1 3 4 1 2 2 2 3 2 3 6 5 1 1 1 1 9 1 1 5 2 3 3 8 2 1 1 2 2 2 4 2 3 1 2 4 4 4 2 1 3 1 1 1 4 1 1 2 1 2 1 5 2 4 7 1 1 2 2 3 2 5 3 7 6 4 1 4 1 1 1 6 1 7 3 3 3 6 1 1 6 4 7 1 6 1 1 1 2 2 2 3 5 1 1 2 1 3 1 1 2 4 1 5 7 4 1 2 2 3 3 3 6 1 4 1 1 5 1 2 3 5 2 4 1 2 5 3 7 1 2 2 2 1 2 1 4 4 1 1 6 1 2 2 2 1 3 4 3 1 3 1 1 1 1 1 6 2 3 1 6 1 2 6 2 1 1 1 3 3 8 1 11 3 1 2 1 1 3 2 1 2 2 6 3 2 1 1 1 1 2 1 2 2 1 1 5 5 9 3 1 1 6 5 1 1 2 1 3 5 1 2 2 3 3 1 5 1 1 1 4 6 1 1 1 2 2 4 4 1 5 1 1 5 4 2 1 3 1 5 4 1 1 2 2 5 3 3 3 1 4 1 1 1 3 1 1 6 6 4 1 2 1 4 3 2 1 5 1 4 1 1 1 2 2 2 1
5556 6073 2421 2938
6257 6315 3700 3758
1631 2724 1582 2675
3701 4515 6194 7008
1722 2725 5075 6078
7831 8205 9255 9629
9717 9896 2826 3005
3556 4198 1204 1846
5872 6943 7769 8840
6445 6818 8774 9147
2724 3580 759 1615
7547 8245 5118 5816
1891 2715 4901 5725
3804 4094 5217 5507
2999 3483 1340 1824
9903 10000 9478 9822
4138 4308 2557 2727
8688 9504 6141 6957
7162 7889 6948 7675
3559 3971 315 727
4152 4320 9436 9604
211 1320 7803 8912
0 350 6993 7785
5307 6188 5239 6120
373 1457 7801 8885
6822 7549 5783 6510
7665 7774 6989 7098
5495 5580 116 201
4622 4908 9107 9393
2142 3064 7336 8258
1261 2283 519 1541
9672 9841 9606 9775
3084 4161 1159 2236
267 767 5818 6318
4031 5086 5183 6238
4486 5382 1904 2800
1794 2354 9294 9854
5560 6644 593 1677
6492 6982 1994 2484
5038 6007 1222 2191
6908 7909 6264 7265
4635 5525 183 1073
4765 5242 208 685
2798 3308 1456 1966
5605 5647 4295 4337
2238 2739 8121 8622
6481 7149 214 882
1319 1594 5370 5645
6819 6960 2932 3073
2534 3388 7345 8199
2213 2741 1045 1573
2516 3054 6350 6888
4321 5296 555 1530
2529 3069 6756 7296
432 728 4027 4323
926 1388 6249 6711
157 1030 9296 10000
6574 7035 3714 4175
2027 2358 3865 4196
930 2056 9384 10000
7380 7695 7789 8104
136 495 2845 3204
3560 4590 7198 8228
7365 7507 1452 1594
5647 6580 6926 7859
4708 5411 8908 9611
295 762 5182 5649
4229 5299 0 621
934 1846 7652 8564
6385 6623 5952 6190
1133 1481 6741 7089
0 308 9838 10000
2438 3462 0 878
109 1183 779 1853
68 773 6384 7089
1030 1625 4290 4885
6896 7916 5631 6651
1382 2257 5832 6707
1874 2802 2625 3553
1478 2393 2955 3870
3486 4605 4026 5145
5174 5849 985 1660
3333 3686 6118 6471
9819 10000 868 1451
6049 7040 6838 7829
5329 5612 8514 8797
267 1361 6700 7794
0 413 9218 9755
8439 9312 1881 2754
9774 9856 8228 8310
6672 7398 1881 2607
3949 4367 9142 9560
1615 2207 1612 2204
2985 3813 1487 2315
6781 7050 1499 1768
2234 3108 6958 7832
5616 6218 7484 8086
1318 2240 5266 6188
9360 9607 0 185
2432 2606 6720 6894
8499 9072 7509 8082
2251 2964 9898 10000
8821 9800 960 1939
2359 3271 5350 6262
7291 7381 2213 2303
9256 9729 982 1455
140 628 5083 5571
4744 5057 7687 8000
1553 2674 8181 9302
4705 4880 5183 5358
8154 8475 3666 3987
2091 2365 330 604
300 765 6893 7358
3540 4499 2312 3271
679 1148 5426 5895
5847 6836 436 1425
3243 3455 3697 3909
6803 7090 6999 7286
3800 4103 4458 4761
7870 8798 7395 8323
2694 3302 4585 5193
6651 7460 3286 4095
3786 4325 3499 4038
8079 9104 3321 4346
0 323 4427 5091
2922 3332 7981 8391
0 783 7226 8064
7077 7709 5403 6035
2131 3119 6544 7532
6370 6952 6292 6874
3362 3793 8656 9087
708 880 7410 7582
2437 3247 8612 9422
6572 7390 1861 2679
7717 8680 2040 3003
5229 5864 2967 3602
5605 6110 0 208
3224 4117 1115 2008
3287 3791 6182 6686
665 1049 958 1342
4705 4812 3031 3138
9126 10000 2134 3071
859 1552 8463 9156
5747 6705 1210 2168
5650 6498 2238 3086
6501 6931 1205 1635
4488 5415 6506 7433
3248 4185 1268 2205
6999 7482 2533 3016
2503 3172 7000 7669
8701 9163 4044 4506
1980 2662 839 1521
3089 4069 4320 5300
5465 6263 4701 5499
964 1265 7554 7855
5255 6252 5105 6102
4321 5318 7860 8857
4259 4428 5221 5390
3311 3897 7441 8027
5421 6481 5379 6439
8064 9018 2417 3371
6179 6632 5334 5787
9135 9420 9373 9658
5624 6328 313 1017
1116 1715 8636 9235
2547 3279 5479 6211
1758 2052 8949 9243
3692 4389 197 894
586 1472 4541 5427
8894 10000 3790 4908
8411 9043 482 1114
384 860 8726 9202
6433 7057 9264 9888
2134 3074 5173 6113
3621 3662 2404 2445
3247 4120 6108 6981
3372 3428 4158 4214
9574 9758 1148 1332
3220 4156 7086 8022
8482 8847 8976 9341
8634 8709 6623 6698
1455 1895 6484 6924
1897 1986 6309 6398
4941 5783 4746 5588
2883 3110 7479 7706
3085 3085 3894 3894
8129 8493 5007 5371
4825 4990 708 873
4279 4814 2057 2592
5505 6246 8338 9079
9167 10000 2194 3229
7 364 1546 1903
1412 2190 8301 9079
2652 3316 5222 5886
3327 3596 6816 7085
2088 2690 3299 3901
3758 4308 2415 2965
5356 5531 5560 5735
7250 8191 0 918
7869 8743 3915 4789
114 1199 7995 9080
7479 7607 6765 6893
5196 5428 2644 2876
6707 7229 9106 9628
2873 3762 2175 3064
5683 6021 7782 8120
7849 8422 4731 5304
5056 5107 9690 9741
9052 9912 705 1565
2789 3641 1214 2066
7329 8197 8927 9795
4655 5423 4065 4833
3444 3576 4708 4840
2356 3444 195 1283
4388 5276 6402 7290
8523 9505 5675 6657
6724 6766 7612 7654
6139 6995 2286 3142
1957 2950 7050 8043
8491 8586 1701 1796
0 447 6946 7748
4780 5809 3049 4078
5846 6960 2361 3475
9068 10000 7466 8410
7683 8725 1858 2900
8673 8736 3597 3660
2371 2600 5786 6015
62 1191 8847 9976
5188 5739 6653 7204
7319 8306 8048 9035
8598 9562 8164 9128
5621 5986 1107 1472
3965 4606 3974 4615
7209 7488 1174 1453
9174 9211 752 789
2189 2236 6515 6562
421 812 1753 2144
4551 5399 0 762
3072 3811 2071 2810
251 634 3727 4110
581 1659 5008 6086
5549 6027 4423 4901
2206 3005 2399 3198
2496 3088 6062 6654
8027 8763 6115 6851
8971 9193 3392 3614
1712 2816 4533 5637
1809 2395 8070 8656
3722 4102 9158 9538
5032 5599 4401 4968
8821 9769 8285 9233
7826 8551 1832 2557
7290 8133 9032 9875
8116 8313 9398 9595
6038 7058 2624 3644
1488 1965 4549 5026
4973 5886 2787 3700
504 1416 30 942
9418 10000 3037 3657
2351 3363 9708 10000
4856 5510 9072 9726
3634 4378 4716 5460
73 474 5085 5486
6675 6870 3934 4129
8183 8905 8927 9649
3258 4230 3038 4010
5528 6406 7339 8217
630 1252 2117 2739
2652 3105 4581 5034
2019 2373 9672 10000
3986 4606 769 1389
8728 9483 5073 5828
8640 9105 4956 5421
2719 2914 3628 3823
1462 1949 6778 7265
8187 9243 1854 2910
9013 9486 4308 4781
4791 5169 8963 9341
4919 4952 3918 3951
8673 9192 7560 8079
3224 3497 6383 6656
1727 1811 9767 9851
849 1749 4642 5542
2076 3059 1224 2207
4940 5116 9801 9977
5222 5700 5008 5486
1567 1677 7435 7545
421 1000 6799 7378
7864 8175 9071 9382
6417 7408 7514 8505
9486 10000 4042 4613
7645 7663 5540 5558
9119 10000 9102 10000
5591 5762 5149 5320
4362 5031 4060 4729
270 808 993 1531
1410 2393 2367 3350
0 253 8394 8651
67 261 6719 6913
6793 7245 6566 7018
7885 8095 2562 2772
2524 2619 1072 1167
9882 10000 6635 7410
5401 6480 2022 3101
4834 5297 1759 2222
6544 7136 1244 1836
2318 2714 1122 1518
6907 7433 41 567
4641 5465 1745 2569
3154 3356 6909 7111
548 1350 3419 4221
1222 2078 8830 9686
3473 3834 8291 8652
2379 2784 9000 9405
4879 5909 2041 3071
7288 8195 3334 4241
2635 3078 724 1167
7025 7222 8199 8396
3543 3980 6778 7215
8250 8709 5772 6231
2503 2802 3460 3759
7786 7807 7921 7942
3108 4167 443 1502
1535 1720 9654 9839
8672 8862 7498 7688
9794 9997 3666 3869
2495 2914 8378 8797
2909 4000 4709 5800
5503 6091 4214 4802
9304 9408 2973 3077
5680 6250 1712 2282
5745 6503 725 1483
7550 7600 7125 7175
1805 2003 7754 7952
1748 2789 8424 9465
3458 3785 640 967
3385 4222 758 1595
0 674 9214 10000
793 969 1620 1796
7129 7982 4583 5436
3315 3694 8604 8983
8074 8725 9167 9818
4886 5598 6762 7474
6275 6656 0 302
1952 3071 4971 6090
4506 5439 4916 5849
1756 2546 3164 3954
5551 6058 8467 8974
8180 8952 5743 6515
4351 5168 9081 9898
8033 8823 6915 7705
8806 8940 9231 9365
622 1081 8875 9334
6246 6682 8246 8682
6437 6500 5488 5551
5154 5770 218 834
9414 9739 947 1272
3291 4036 1172 1917
8780 9379 1634 2233
2296 2428 6713 6845
8696 9017 7645 7966
438 984 5644 6190
8719 8858 5179 5318
4715 4842 1139 1266
3790 4221 9034 9465
7411 8491 4607 5687
2934 3280 7065 7411
1796 2865 2043 3112
1916 2400 6067 6551
3804 4657 549 1402
6240 7144 310 1214
5510 6189 6905 7584
3738 4809 5095 6166
5490 6184 1625 2319
817 1553 0 418
9256 10000 3010 4019
2529 3328 925 1724
4019 4500 3865 4346
1005 1621 6638 7254
4294 5268 9536 10000
7695 8471 7225 8001
2477 3342 5174 6039
8775 9486 7343 8054
4828 4904 9921 9997
2355 3147 5260 6052
7537 8348 8064 8875
1848 2527 1443 2122
7003 7598 9162 9757
1873 2812 828 1767
9661 10000 6892 7506
861 1970 8854 9963
3200 4266 3177 4243
5608 6334 5696 6422
590 984 2652 3046
2784 3247 6474 6937
5096 5843 6203 6950
3173 3711 7519 8057
5581 6277 3254 3950
2583 2869 8957 9243
1773 2581 4239 5047
1283 1773 7884 8374
875 1232 387 744
935 1683 9454 10000
3519 4365 3938 4784
2633 2917 6979 7263
0 769 7561 8505
903 1203 3933 4233
1621 2582 4488 5449
4616 5553 5898 6835
6843 7585 3471 4213
3040 3047 3171 3178
4058 4411 0 249
1453 1625 2143 2315
7379 7821 1133 1575
2940 3377 3974 4411
5755 6587 8303 9135
948 1095 8720 8867
2530 3059 4163 4692
728 783 4998 5053
99 962 9154 10000
5969 6777 8835 9643
7766 8760 2656 3650
1845 2919 5365 6439
0 169 9188 10000
3267 3850 641 1224
4012 4978 684 1650
1925 1983 3049 3107
5259 6124 5582 6447
9390 10000 7378 8213
372 909 7139 7676
6255 6931 7192 7868
6464 7481 8079 9096
3127 3630 3332 3835
9141 10000 4604 5556
7604 7635 6649 6680
8537 9564 2170 3197
27 449 870 1292
9578 9961 1032 1415
6633 7088 8272 8727
2323 2418 3117 3212
158 800 5831 6473
2829 3674 888 1733
9232 9634 1981 2383
427 642 5869 6084
8821 9713 6334 7226
7653 8717 5884 6948
2048 2876 461 1289
8972 9591 9657 10000
2564 3391 647 1474
4329 5320 2925 3916
7956 8797 2809 3650
8687 9066 6951 7330
7607 8273 2025 2691
3756 3966 5068 5278
5608 6024 808 1224
2853 3349 4531 5027
1423 2539 1662 2778
9268 9646 9466 9844
9506 10000 5965 6878
3737 3854 8688 8805
4017 4136 2167 2286
3437 3954 7335 7852
3953 4317 7435 7799
3015 3238 7953 8176
6141 6983 5634 6476
9138 9299 3327 3488
3776 4001 3990 4215
6389 7027 6505 7143
8851 9782 2534 3465
1555 2588 1370 2403
1513 1649 2757 2893
5662 5799 2065 2202
4241 5322 7894 8975
5439 5583 8313 8457
4525 4757 6149 6381
3254 3847 1253 1846
4894 5691 2705 3502
4090 4354 2369 2633
8186 9132 5613 6559
8010 8885 4011 4886
5354 5614 8265 8525
2463 2606 7887 8030
9363 9612 8278 8527
1954 2114 9752 9912
3456 4509 2956 4009
1850 2412 5557 6119
9004 9723 8610 9329
142 1107 3418 4383
5568 6073 185 690
3423 3840 1231 1648
5810 6675 7264 8129
8578 9216 9016 9654
1194 1585 2960 3351
5457 5851 7704 8098
9763 9911 4142 4290
3581 3605 3497 3521
8205 8387 6902 7084
4405 4962 8878 9435
1311 1620 2948 3257
3549 4431 9321 10000
2588 2684 5852 5948
8632 9002 7168 7538
9049 9736 5267 5954
6936 7686 1631 2381
3925 3936 558 569
9047 9924 0 761
4464 4650 1583 1769
8624 9420 9381 10000
5591 6708 1972 3089
283 414 3860 3991
3017 3528 6394 6905
5742 6571 8671 9500
4112 5073 4115 5076
5084 5842 4873 5631
5990 6986 3934 4930
9388 10000 4523 5543
5080 5714 7545 8179
3629 4590 0 924
9063 9436 5620 5993
2527 2648 9333 9454
1392 2093 9030 9731
1845 2572 7953 8680
4838 5270 3726 4158
955 1833 3775 4653
1932 2069 1066 1203
3140 3659 4981 5500
5904 6728 5815 6639
5469 5906 8444 8881
5582 6241 1437 2096
7089 8072 6715 7698
9172 9471 5495 5794
4780 5035 6836 7091
659 912 8231 8484
7168 7970 3614 4416
3668 4741 8296 9369
1881 2977 4740 5836
1785 2332 6633 7180
1578 2665 0 932
1665 1772 31 138
3601 4651 4085 5135
87 347 8578 8838
9003 9425 8679 9101
3708 3987 6428 6707
6227 7268 817 1858
8457 9540 5641 6724
5989 6676 7965 8652
8196 8864 4426 5094
1188 1802 2644 3258
6656 7744 3801 4889
6260 7056 1645 2441
9591 9591 8810 8810
3514 4450 7411 8347
100 829 6609 7338
6544 6721 5619 5796
579 1233 6174 6828
3891 4579 5694 6382
1065 1335 8335 8605
585 1071 3342 3828
5254 6213 6777 7736
9274 10000 391 1297
3823 3871 8957 9005
922 1567 6279 6924
5387 5710 2042 2365
3027 3618 67 658
8922 9525 173 776
1605 2487 656 1538
3582 3645 2079 2142
4563 5222 8880 9539
8598 9280 2582 3264
2624 2858 2397 2631
3452 4518 6945 8011
6345 7413 0 653
5003 5430 5996 6423
1817 2087 514 784
9566 9668 6357 6459
2783 3358 34 609
7281 7394 5838 5951
4468 5037 1608 2177
9919 9956 7988 8025
3819 4744 2906 3831
4689 5005 8588 8904
995 2017 3433 4455
1504 1681 3719 3896
5720 5831 3767 3878
9590 10000 6199 7243
9406 9475 9916 9985
9042 9547 564 1069
3966 4415 5146 5595
6100 6566 180 646
3643 3860 5413 5630
2510 2544 6684 6718
9578 10000 5989 6820
6294 6802 3204 3712
6982 7103 4973 5094
0 372 0 270
8104 8386 5231 5513
4695 5210 8767 9282
9271 9398 776 903
2582 3349 8542 9309
8874 8885 7849 7860
8028 8988 4276 5236
8374 8904 950 1480
9538 10000 8281 9144
3243 3682 4378 4817
3649 3863 6179 6393
2478 2691 357 570
8710 8724 5305 5319
8697 9768 9510 10000
916 1383 4524 4991
8697 9386 2065 2754
1807 2402 7763 8358
4635 4806 2222 2393
5403 6343 3179 4119
8969 8975 3508 3514
7259 8032 8563 9336
5566 6013 1897 2344
0 552 3568 4141
6197 6574 397 774
3796 3992 727 923
6443 6501 6232 6290
1808 2271 6892 7355
9457 9671 7153 7367
7371 8447 4844 5920
4033 4803 2440 3210
2908 3388 6054 6534
2801 3824 0 399
2708 3433 8118 8843
2662 3629 1353 2320
8101 8544 373 816
6378 6993 8346 8961
4024 4344 0 22
8880 9968 3022 4110
7657 8473 6186 7002
5107 5889 3590 4372
7330 7661 6272 6603
2900 3871 248 1219
3146 3682 6189 6725
8564 9417 4213 5066
703 1331 437 1065
0 848 5799 6797
7704 8593 7054 7943
5192 5579 7343 7730
7399 7566 0 148
9299 9607 2324 2632
0 917 0 960
1314 1713 7699 8098
6015 6312 1401 1698
2678 3189 8367 8878
2559 2720 8987 9148
7199 7779 8701 9281
8855 9356 9761 10000
1267 1676 8321 8730
9367 9869 3000 3502
7673 8602 6562 7491
4463 5030 9533 10000
0 398 3461 4524
9025 9903 4975 5853
9113 9997 7637 8521
7309 7339 5176 5206
3208 3337 9055 9184
7969 8472 6915 7418
4506 5481 4613 5588
2044 2758 505 1219
5258 5997 8334 9073
628 1083 3081 3536
3266 3296 5749 5779
4381 4677 1725 2021
2797 2819 9604 9626
503 615 3228 3340
403 1057 3606 4260
7380 8163 8165 8948
3785 4009 3299 3523
6933 7362 1713 2142
344 426 1582 1664
345 1076 9091 9822
6933 7727 8003 8797
4338 4778 936 1376
3120 3970 0 266
6274 6679 6827 7232
619 1028 9329 9738
3085 3141 7306 7362
6630 7651 6275 7296
904 1070 2873 3039
5847 6536 8068 8757
339 640 8970 9271
9214 9987 9833 10000
1978 2930 3368 4320
1615 1927 8699 9011
3040 3892 5799 6651
8327 8724 8258 8655
6336 7195 6260 7119
7689 7932 3758 4001
2566 3037 96 567
7460 7756 450 746
3882 4882 6847 7847
6475 7303 2674 3502
4855 5519 8683 9347
6360 6420 3631 3691
4919 5685 1019 1785
3764 4451 4542 5229
2919 3678 5235 5994
52 667 3732 4347
4104 4350 9134 9380
0 699 7966 8981
6340 7262 4770 5692
5296 5838 1350 1892
1704 2206 6864 7366
5745 6237 3980 4472
2699 3817 790 1908
6568 7241 8197 8870
3532 3746 4266 4480
6765 6913 5124 5272
8505 8899 8016 8410
6877 7138 8258 8519
6901 7962 1438 2499
1800 2063 949 1212
6659 6990 0 295
1455 1789 4831 5165
3086 3370 3152 3436
25 112 5503 5590
8363 8382 6235 6254
4352 4557 8999 9204
7118 7397 6325 6604
7323 7741 294 712
1258 1855 7004 7601
7746 8182 3571 4007
5395 6161 8847 9613
1794 2806 344 1356
9326 9660 4314 4648
210 942 8121 8853
1170 1351 679 860
747 1317 0 527
2040 2315 9256 9531
7853 7920 7570 7637
927 1370 7827 8270
3780 3861 289 370
4444 4684 6343 6583
3224 3903 0 255
5845 6824 9304 10000
1055 1629 7262 7836
8952 9518 5111 5677
9044 9810 3357 4123
2792 3888 6781 7877
9049 9657 7559 8167
7087 7383 6844 7140
5099 6189 6680 7770
9502 10000 3875 4376
7702 8423 7672 8393
3313 4421 8127 9235
9353 9960 4540 5147
1122 1405 8282 8565
4440 5312 5035 5907
8997 9444 5702 6149
6760 7689 6542 7471
6237 6349 1610 1722
3340 3597 9640 9897
7561 7710 8211 8360
1799 2082 4015 4298
6190 6541 5491 5842
7764 8867 2374 3477
3 988 1325 2310
745 1195 3772 4222
5934 6737 0 374
689 1277 8079 8667
8289 9316 1361 2388
7467 7935 4854 5322
559 651 1354 1446
9128 9913 812 1597
0 733 0 767
7716 8425 3702 4411
7086 8023 406 1343
5708 6037 3810 4139
6832 7305 6530 7003
5175 5504 4778 5107
5464 6453 7471 8460
9128 9135 8021 8028
8602 9703 6705 7806
7316 8443 2899 4026
1634 1679 6846 6891
7823 8481 0 223
2235 2739 3693 4197
9528 9747 2583 2802
3755 4341 5332 5918
9057 9507 3251 3701
2295 2542 3673 3920
4961 5756 6046 6841
361 1288 6324 7251
4760 5607 936 1783
4017 4331 6798 7112
405 1411 3474 4480
2539 2563 6447 6471
714 1039 7742 8067
838 1851 4914 5927
603 1017 4478 4892
2579 3642 7469 8532
6111 7217 2969 4075
2493 2660 3036 3203
9537 9743 9289 9495
9459 10000 6052 6762
1369 2169 7359 8159
5814 2770
6304 3723
1997 2610
4167 6773
2669 5657
8010 9535
9869 2997
3617 1374
6673 7924
6790 8911
3175 881
8029 5223
2649 5346
3942 5503
3090 1742
9953 9567
4282 2608
9262 6607
7573 7160
3939 691
4233 9458
1114 8119
298 7735
5723 5709
434 8668
6951 6440
7752 7090
5499 126
4851 9361
2862 7784
2192 1383
9800 9608
3841 1545
286 6141
4855 5677
5255 2298
2318 9460
6454 925
6940 2477
5792 1746
7453 6848
5455 473
5160 344
3157 1687
5645 4327
2482 8574
6965 406
1566 5600
6833 3058
3076 7556
2419 1573
2891 6673
4730 882
2678 7264
561 4119
1272 6371
575 9574
6734 4047
2336 3984
1129 9528
7546 7993
194 3002
4398 7964
7380 1540
6509 7568
4944 9152
593 5249
5089 13
1008 8526
6424 5953
1262 7016
138 9928
3028 774
1081 852
628 6999
1089 4530
7278 5632
2239 6278
2589 3265
1874 3413
4033 4832
5401 1595
3368 6352
9853 1188
6352 7407
5587 8615
427 6919
150 9534
9183 1934
9820 8288
6711 2408
4269 9389
1944 2034
3418 2090
6929 1689
3077 7248
6117 7607
1471 5773
9585 11
2567 6845
8724 7685
2755 9959
9307 1816
2550 5504
7306 2242
9328 1282
435 5350
4809 7839
2436 8369
4872 5238
8406 3736
2131 360
301 7302
3616 2459
899 5635
6405 1089
3313 3837
6840 7013
3886 4755
7876 7663
2856 5111
7425 3425
3884 3747
8116 4232
241 4972
3081 8387
83 7433
7597 5546
2776 6741
6562 6399
3589 8925
857 7526
2811 9012
7087 1927
8352 2354
5653 3524
5950 95
3925 1937
3355 6460
902 1254
4734 3035
9341 2646
1544 8650
6658 1506
6385 2977
6779 1612
5090 7196
3285 1316
7323 2631
3081 7285
9027 4328
2401 1409
3713 5164
6205 4806
1146 7776
5330 5473
5187 8046
4338 5268
3696 7644
5910 6291
8758 2556
6528 5559
9260 9655
6184 393
1710 8918
3124 5817
1986 9062
3692 199
1221 4541
9607 4494
8741 497
731 8979
6541 9607
2961 5400
3645 2431
3729 6545
3416 4188
9729 1328
4080 7381
8553 9266
8678 6698
1501 6798
1985 6345
5271 5496
3075 7532
3085 3894
8338 5037
4866 864
4604 2342
6211 8773
9401 2890
145 1643
2061 8694
2835 5556
3418 7050
2212 3643
4178 2688
5491 5651
8013 914
8027 4653
483 8234
7495 6792
5206 2704
7215 9474
3390 2180
5967 8093
8388 5077
5095 9724
9373 778
3193 2034
7852 9274
4772 4248
3448 4796
3293 778
4398 6737
9478 5894
6736 7614
6296 2527
2268 7697
8543 1702
423 7748
5411 3858
6678 2502
9275 7997
8071 1932
8731 3613
2557 5947
483 9702
5363 7039
7988 8735
9194 8625
5857 1404
4316 4083
7418 1347
9207 775
2232 6518
478 1803
5397 699
3275 2395
594 4040
1335 5644
5576 4871
2566 2754
3018 6343
8203 6641
9082 3495
2520 4907
2188 8617
3882 9443
5291 4440
9510 9043
7843 2462
7554 9867
8189 9416
6890 2627
1863 4658
4979 3208
1112 824
9652 3583
3104 9743
5224 9085
4213 5169
276 5168
6746 3953
8627 9282
3799 3058
6231 7596
1067 2132
2837 4917
2223 9742
4280 1374
9097 5133
9059 4989
2847 3753
1518 6782
9102 2177
9130 4748
4907 8963
4930 3920
9141 7869
3255 6599
1731 9841
1495 5134
2988 1474
4968 9809
5542 5400
1670 7456
956 7098
8012 9117
7090 7930
9553 4478
7663 5558
9633 9617
5638 5226
5031 4592
445 1109
1460 2907
96 8647
201 6770
6912 6982
8058 2603
2603 1115
9914 7163
5535 2991
5144 2184
7102 1457
2517 1503
7305 387
5404 2022
3352 6995
1138 3962
1859 9507
3760 8450
2530 9195
5906 2252
8030 3464
2949 816
7070 8309
3947 6951
8435 5830
2608 3564
7787 7925
3173 944
1543 9786
8856 7599
9901 3674
2628 8710
3149 4880
5880 4713
9371 2999
6081 2150
6358 1000
7572 7170
1887 7862
2298 9464
3561 850
3715 1269
342 9433
808 1685
7555 4587
3483 8877
8585 9787
5549 6926
6550 169
2857 5043
5187 5456
2495 3351
6002 8543
8343 6280
4814 9119
8789 7458
8872 9303
1010 8875
6268 8562
6492 5531
5735 806
9486 1030
3418 1249
8907 1652
2391 6746
8893 7864
586 5991
8732 5268
4791 1247
4187 9432
8020 4889
3206 7154
2216 2732
2014 6316
3804 1159
6429 822
5591 7492
4311 5284
5898 1916
1520 117
9548 3094
3243 981
4231 4271
1267 6843
4698 9981
7770 7757
2952 5600
8943 7799
4849 9966
2842 5586
7755 8513
1953 1917
7536 9528
2663 1577
10000 7456
1441 9330
4025 3432
6051 6122
687 2832
2904 6656
5382 6362
3612 7641
5983 3648
2850 9143
1991 4720
1534 8041
1096 658
1089 9807
3963 3967
2700 7161
662 8029
1017 4025
1663 4992
5071 6259
7317 3535
3046 3178
4172 146
1492 2234
7380 1407
3345 4021
6177 9032
970 8833
2666 4295
766 5029
184 9530
6611 9613
8376 3170
2175 6185
132 9507
3477 889
4553 1583
1948 3078
5492 5708
9599 7861
441 7394
6659 7591
7312 8091
3321 3505
9248 5434
7631 6662
8892 2287
316 1007
9795 1167
6813 8412
2361 3129
316 6220
3637 1291
9540 2308
476 5889
9363 6658
8294 6050
2259 644
9126 9889
3069 1093
4978 3366
8299 2880
8916 6962
7700 2624
3929 5263
5903 1046
2902 4601
2406 1685
9585 9610
9767 6219
3744 8762
4071 2232
3773 7818
4006 7529
3089 7977
6465 5706
9229 3436
3964 3993
6918 7046
9331 3400
2171 1439
1561 2757
5747 2083
5149 8053
5464 8402
4749 6309
3283 1439
5157 3428
4242 2450
9091 5630
8044 4464
5524 8437
2497 7992
9421 8516
1995 9833
4400 3433
2195 5571
9322 9169
344 3567
5831 484
3425 1460
6326 7467
8941 9596
1294 3245
5676 7901
9843 4276
3601 3512
8261 6954
4461 9271
1398 3083
3613 9653
2622 5930
9000 7201
9331 5304
7184 2114
3932 560
9792 82
4470 1742
8775 9875
5964 2249
322 3943
3130 6760
6112 8757
4878 4630
5523 5344
6350 4148
9958 5343
5549 7942
3774 729
9323 5696
2599 9345
2032 9181
2321 8570
4885 4128
1237 3840
2003 1101
3150 5257
6651 6213
5526 8650
6120 1977
7408 7664
9358 5738
4867 7001
660 8240
7730 3990
3843 9297
2530 5043
2257 6913
2317 224
1679 102
3938 4638
277 8796
9381 8874
3824 6506
6730 1283
9253 6078
6050 8070
8427 4901
1396 3135
7404 4665
6946 2330
9591 8810
3559 7728
331 7015
6606 5762
690 6656
4117 6123
1261 8581
825 3671
5383 7370
9706 1287
3845 8992
1553 6308
5551 2259
3538 571
9107 339
1849 1193
3639 2141
5060 9400
8761 2701
2663 2593
4251 7595
6514 289
5164 6362
1963 557
9625 6401
3286 358
7340 5873
4949 1941
9929 8013
4444 3828
4998 8869
1173 4131
1572 3804
5746 3866
9622 6772
9460 9966
9350 673
4044 5253
6177 544
3652 5440
2543 6694
9843 6207
6302 3411
6988 5016
344 90
8306 5375
5032 9215
9281 847
2987 8902
8883 7851
8208 4947
8609 996
9832 8499
3592 4395
3859 6383
2680 440
8718 5310
9203 9874
1353 4709
9172 2363
1966 7890
4750 2270
5587 3521
8970 3514
7515 9057
5603 1991
174 4030
6223 470
3803 824
6499 6271
2188 7125
9580 7300
7560 5823
4251 3027
3159 6247
2979 213
2759 8372
3609 1417
8334 543
6618 8833
4183 8
9431 4011
8232 7001
5649 3978
7337 6328
3680 1174
3165 6588
9095 4411
1225 1054
793 5801
7798 7596
5304 7727
7459 74
9485 2405
863 45
1705 8049
6082 1563
2885 8602
2648 9111
7779 9094
9152 9917
1634 8682
9632 3162
8324 6713
4926 9736
160 3735
9249 5756
9469 7748
7329 5180
3306 9064
8439 7101
5355 4734
2105 695
5558 8896
959 3529
3267 5779
4505 1746
2798 9617
600 3336
931 4121
7981 8787
3964 3326
6989 2063
417 1644
718 9728
7555 8583
4380 1261
3834 87
6497 7029
705 9521
3096 7349
7039 7199
1003 2934
6366 8387
452 9073
9855 9954
2265 3568
1717 8755
3265 6468
8640 8525
6504 6746
7901 3900
2663 189
7538 634
4718 7528
6973 3101
4862 8853
6409 3683
5234 1097
4241 5172
2975 5289
616 3847
4207 9245
214 8912
7216 5529
5326 1496
1747 7320
5996 4454
2699 1128
6884 8612
3598 4396
6806 5208
8686 8300
6968 8486
7231 1607
1974 1195
6744 265
1624 4886
3279 3324
69 5529
8368 6239
4465 9021
7268 6391
7508 679
1640 7244
8174 3990
5750 8950
2639 1095
9525 4373
697 8633
1279 778
1142 235
2106 9484
7900 7612
975 8005
3846 294
4546 6436
3370 89
6824 9512
1616 7352
9202 5113
9285 3791
3186 6880
9345 7772
7344 7087
6179 6933
9755 4265
7948 8180
3902 8237
9568 5054
1135 8348
4506 5066
9437 5951
7259 7141
6273 1678
3483 9651
7686 8313
1919 4296
6508 5548
8044 2767
443 1849
756 4008
6622 286
971 8103
8424 1783
7556 4944
559 1372
9295 1235
198 440
8162 4144
7968 925
5794 3889
7101 6903
5222 4970
6131 7803
9131 8028
8857 7154
7674 3327
1638 6860
8388 89
2353 4109
9538 2720
4145 5887
9088 3519
2431 3764
5643 6407
1028 6638
5112 1406
4204 6822
755 3825
2550 6471
853 7825
1562 5449
636 4629
3166 8272
6666 3422
2542 3185
9696 9297
9820 6756
1842 7648
