800 383 400 11 697
2 1 1 1 2 1 4 7 1 2 1 1 3 1 1 1 2 1 1 4 1 1 3 4 1 1 2 1 1 1 1 1 1 5 3 2 8 2 1 1 3 1 2 2 1 1 1 2 4 2 5 2 1 2 5 7 5 5 3 1 1 1 1 1 1 3 1 1 2 2 1 2 3 2 2 1 1 1 1 2 1 5 1 1 1 1 1 1 1 1 2 4 2 2 2 2 1 2 2 3 2 2 1 1 2 3 4 5 1 3 2 1 2 2 1 1 7 4 6 2 1 2 1 5 1 6 2 1 1 4 1 1 2 3 1 2 4 2 4 1 3 1 1 5 4 3 2 1 2 3 1 5 4 1 1 2 1 1 3 7 1 1 1 3 1 2 1 3 1 2 1 1 2 1 3 2 1 1 9 1 2 1 5 5 3 3 2 1 1 1 3 2 5 2 2 2 1 1 9 1 3 3 1 2 1 3 2 1 2 4 1 1 1 3 1 1 1 1 1 1 1 1 1 1 1 1 1 3 1 9 2 18 1 1 1 1 3 4 2 1 1 3 3 4 1 1 3 3 2 1 1 1 1 3 5 1 1 1 1 1 1 1 4 1 4 3 1 1 1 1 1 1 2 1 1 5 1 2 2 1 3 2 1 1 3 1 1 4 1 3 1 2 5 1 1 2 1 3 1 2 1 4 1 1 1 1 1 1 1 2 1 1 1 2 6 4 3 6 1 5 1 5 3 1 3 2 2 2 3 1 1 1 1 1 1 2 1 2 2 3 1 3 1 2 4 3 2 2 3 2 5 2 3 1 1 2 2 1 1 2 2 3 1 1 2 1 4 1 2 1 2 1 1 1 1 1 1 4 1 2 2 1 1
3171 3681 1998 2508
5588 5694 32 138
495 1060 4598 5163
6392 6455 6639 6702
3924 4282 8456 8814
8846 9448 7852 8454
6725 6728 3357 3360
4098 4646 7084 7632
7417 8068 8654 9305
3601 4173 451 1023
7038 7643 7236 7841
1412 1983 6062 6633
8200 8880 5055 5735
2927 3582 4715 5370
1579 2029 1174 1624
8149 8539 631 1021
1183 1655 3595 4067
8999 9461 5544 6006
7461 8033 9300 9872
7205 7869 8903 9567
1074 1458 8596 8980
6815 7287 6003 6475
6613 6979 3243 3609
755 1000 4456 4701
4201 4214 4571 4584
3834 3993 5996 6155
6676 7251 967 1542
2561 2853 7784 8076
3455 3699 5463 5707
8845 9229 139 523
3546 3597 4089 4140
9334 9993 4997 5656
4209 4255 1325 1371
3538 4144 7736 8342
1240 1563 9183 9506
7996 8420 9807 10000
2317 2740 3842 4265
5200 5741 6473 7014
9191 9575 622 1006
5034 5512 185 663
8320 8731 3054 3465
5918 6117 9048 9247
4573 4812 1831 2070
7384 7739 1429 1784
938 1174 8457 8693
2009 2280 11 282
8297 8835 9044 9582
6731 7267 7886 8422
9756 9952 7850 8046
8980 9103 692 815
5000 5186 3957 4143
3137 3345 8060 8268
4601 4649 9355 9403
7175 7570 0 203
2378 2878 6851 7351
8148 8278 1849 1979
4173 4261 5408 5496
3727 3864 5239 5376
859 898 720 759
1611 2252 3466 4107
0 197 850 1331
819 866 6404 6451
5588 5843 8860 9115
4830 4996 1121 1287
1040 1366 236 562
1374 1932 537 1095
6301 6787 3250 3736
6028 6680 1949 2601
6541 6847 4172 4478
6897 7237 1211 1551
7100 7218 7268 7386
620 1236 0 330
1507 1540 210 243
9538 9565 7334 7361
9877 10000 9070 9299
7891 8134 2636 2879
7172 7269 2234 2331
4994 5062 8578 8646
2953 3253 8076 8376
6255 6778 9449 9972
0 330 0 223
9661 9772 4930 5041
4408 4796 2365 2753
5990 6158 913 1081
7754 7917 4026 4189
7994 8392 8968 9366
4710 5001 1888 2179
9762 9788 4188 4214
2594 3176 2269 2851
7077 7267 3143 3333
5769 6110 9618 9959
3187 3456 1281 1550
8792 9189 1 398
952 1125 2754 2927
23 212 2293 2482
4397 4577 0 171
9064 9703 0 632
2031 2580 3246 3795
4509 4860 6794 7145
3223 3496 7578 7851
4996 5071 2244 2319
1469 1625 7161 7317
7211 7736 5306 5831
6652 7185 4477 5010
3864 4249 8450 8835
4403 5049 3110 3756
8566 9006 1771 2211
8436 9002 6882 7448
4748 4792 7908 7952
9192 9834 4945 5587
5835 6094 6414 6673
6477 6964 5075 5562
3125 3180 2560 2615
3409 3949 4 544
7051 7338 580 867
2671 2693 4298 4320
3953 4476 1386 1909
4061 4735 7846 8520
3940 4447 2290 2797
2918 3401 8852 9335
5667 5923 9338 9594
700 837 2607 2744
5146 5771 1235 1860
17 520 3960 4463
7918 8238 6954 7274
3905 4286 7189 7570
8683 9212 4321 4850
6227 6404 9731 9908
4686 5318 3764 4396
6189 6598 5996 6405
8754 9150 6264 6660
2564 2704 500 640
6250 6777 3690 4217
6815 7424 8825 9434
4423 4702 2942 3221
1774 1851 974 1051
3031 3215 4333 4517
1225 1609 1895 2279
409 583 7044 7218
7147 7487 9352 9692
4826 5508 4419 5101
8272 8399 3880 4007
3201 3242 3626 3667
5877 6414 8016 8553
3588 4158 6775 7345
3634 4195 8639 9200
0 221 2289 2567
582 1203 1036 1657
8005 8586 5368 5949
206 766 552 1112
5201 5551 7382 7732
3748 4119 9386 9757
3635 3970 3075 3410
7762 8364 8005 8607
8402 8414 3576 3588
1103 1574 7001 7472
8615 8783 6667 6835
5 389 7053 7437
8998 9254 652 908
6846 6991 481 626
1362 1915 3876 4429
4523 4997 3345 3819
5308 5926 8339 8957
8256 8832 5481 6057
7829 8102 234 507
9141 9257 2637 2753
6351 6602 3657 3908
4623 4687 4472 4536
8534 8621 5509 5596
4921 5268 6179 6526
6618 6773 538 693
5556 5665 2322 2431
9217 9393 8601 8777
431 525 8376 8470
2161 2226 2901 2966
728 965 4390 4627
9470 10000 429 1017
8219 8632 4261 4674
1048 1073 9379 9404
6450 7049 6576 7175
8128 8557 2326 2755
4403 4426 2141 2164
1602 1717 4138 4253
4125 4676 7038 7589
7170 7761 2000 2591
9405 9730 1632 1957
1777 2413 3832 4468
1864 2547 8618 9301
4318 4650 7306 7638
5047 5497 7907 8357
7430 8091 7928 8589
263 382 448 567
342 567 1139 1364
9367 9463 8410 8506
4214 4719 3492 3997
8557 9235 2772 3450
8731 9353 5691 6313
3662 4213 3092 3643
0 581 6053 6682
4942 4984 4355 4397
1652 2085 4594 5027
4657 5127 3449 3919
1991 2677 6923 7609
7210 7659 379 828
1877 2063 9264 9450
7232 7496 5830 6094
3252 3374 1017 1139
7298 7631 8630 8963
9070 9616 245 791
7599 8094 3170 3665
1953 2089 3141 3277
1770 1875 3274 3379
6957 7198 9488 9729
3572 4194 4263 4885
6624 7091 449 916
8715 9027 1844 2156
2691 3303 7573 8185
1278 1434 651 807
265 578 7412 7725
5482 5994 4872 5384
7408 7582 2166 2340
6538 6966 9616 10000
2608 2931 1950 2273
398 497 773 872
7388 7618 4490 4720
8958 9571 8207 8820
9411 9779 7898 8266
5381 5425 5142 5186
7820 8402 6774 7356
7497 7974 4086 4563
2186 2310 8480 8604
2600 3085 8141 8626
2829 2921 7539 7631
6225 6783 7402 7960
6524 6970 4467 4913
5352 5917 8002 8567
307 327 5847 5867
3171 3357 8085 8271
9276 9783 6255 6762
855 996 7076 7217
6889 7130 4797 5038
8452 8723 7621 7892
969 1004 6934 6969
3917 4555 1487 2125
25 144 8863 8982
3501 3612 8576 8687
8400 9047 8855 9502
3237 3476 7456 7695
8554 8945 81 472
6036 6565 1732 2261
4643 4783 3036 3176
2369 2557 3256 3444
3993 4049 9370 9426
2748 3199 3248 3699
1703 1972 9199 9468
4002 4469 4951 5418
8076 8257 5123 5304
4931 5288 4385 4742
2719 2945 751 977
6559 6881 3235 3557
7277 7590 3497 3810
965 1517 306 858
4437 5025 4312 4900
5793 6364 4950 5521
1332 1765 8978 9411
9244 9526 7075 7357
4178 4541 0 235
3272 3652 1447 1827
372 722 6355 6705
0 24 3063 3263
5117 5271 7362 7516
2581 2793 7937 8149
8380 8880 9346 9846
836 1025 8366 8555
8013 8188 158 333
6329 6384 5823 5878
7390 7500 9268 9378
8744 9160 1693 2109
2851 2941 4813 4903
6187 6566 3768 4147
915 1306 5992 6383
7668 8061 9282 9675
5629 6179 9457 10000
7302 7305 9639 9642
4285 4678 1829 2222
1879 2499 9346 9966
5740 5990 8891 9141
3723 3802 4665 4744
5308 5348 484 524
5028 5649 2764 3385
4749 4878 3858 3987
8303 8753 5258 5708
5094 5607 2220 2733
4966 5069 5558 5661
50 71 4351 4372
4140 4257 7866 7983
8496 8912 6194 6610
2891 3147 5057 5313
5468 5519 6995 7046
6778 7391 7889 8502
2945 3412 7566 8033
2733 2945 3342 3554
91 160 5065 5134
1495 1596 1607 1708
1512 1828 9575 9891
9598 9827 2358 2587
2770 2878 1067 1175
1328 1921 8119 8712
4790 5111 8083 8404
8490 9032 1096 1638
3431 3795 8717 9081
2824 3281 3737 4194
2794 3028 5144 5378
1642 1896 4763 5017
3164 3516 59 411
2039 2142 6752 6855
293 616 6063 6386
1147 1351 8451 8655
7828 8121 8448 8741
3539 3626 4422 4509
9343 9883 7362 7902
3748 3946 7920 8118
863 1003 6137 6277
8130 8657 4981 5508
477 1003 2017 2543
6805 7058 7019 7272
6947 7138 6770 6961
9761 10000 5349 5784
868 1209 2261 2602
4064 4728 4932 5596
7658 8051 9134 9527
9678 10000 2499 3095
2812 3098 9470 9756
1137 1780 1236 1879
9557 10000 4097 4618
2060 2684 5988 6612
9744 9789 6 51
2535 2687 7270 7422
1309 1866 8145 8702
9139 9350 8830 9041
3083 3578 4275 4770
0 424 7680 8106
8222 8227 4571 4576
3858 3949 9170 9261
6069 6402 9272 9605
4306 4884 3634 4212
6404 6690 3968 4254
2873 2901 4666 4694
126 751 8788 9413
6598 7259 723 1384
2808 3086 2680 2958
8333 8776 2408 2851
5680 5960 9654 9934
7331 7755 7629 8053
7557 8103 569 1115
6809 6953 9722 9866
3772 3973 9476 9677
3401 3596 4615 4810
6241 6303 2601 2663
2919 3323 2168 2572
2680 3352 6401 7073
1517 1824 4375 4682
9243 9831 5592 6180
3809 4118 1440 1749
7200 7797 5077 5674
6101 6640 6035 6574
9289 9590 1183 1484
3674 3981 746 1053
3101 3342 6856 7097
9261 9283 4993 5015
4091 4756 8234 8899
5954 6315 3803 4164
407 407 3662 3662
6220 6670 2566 3016
8298 8786 8721 9209
9840 9998 6640 6798
8009 8581 0 550
3099 3690 563 1154
6713 7034 3253 3574
804 1188 6612 6996
7211 7655 7512 7956
6126 6361 9109 9344
5189 5386 404 601
5114 5740 4211 4837
3897 3925 4142 4170
8617 8834 2784 3001
2754 3179 4016 4441
1202 1664 3747 4209
6491 6791 8675 8975
1868 2413 1547 2092
7105 7463 9590 9948
5608 6111 18 521
277 765 4327 4815
5690 5742 2844 2896
0 83 4489 4653
7021 7508 5016 5503
4960 4991 8306 8337
8993 9238 4625 4870
7439 7471 6464 6496
3900 4539 8517 9156
3509 4116 5682 6289
6887 7498 9440 10000
6987 7346 6952 7311
7507 7989 4628 5110
5778 5939 5798 5959
5013 5014 6054 6055
3141 3474 666 999
9486 9989 7823 8326
617 1263 8416 9062
6692 7035 1592 1935
47 622 4425 5000
4543 5028 190 675
0 468 6947 7590
2395 2795 4761 5161
8015 8244 4639 4868
268 805 846 1383
6054 6668 651 1265
8466 8737 8210 8481
8960 9550 9174 9764
8225 8295 4715 4785
3966 4561 587 1182
7447 7773 5822 6148
6003 6538 10 545
7376 7487 2231 2342
4022 4358 2158 2494
2304 2550 2078 2324
5847 6177 3687 4017
9554 9885 2395 2726
6056 6126 4254 4324
0 295 7661 8117
1515 1641 7864 7990
8936 9200 597 861
520 1075 1887 2442
1835 1976 8947 9088
1582 2124 2457 2999
816 964 6878 7026
689 1067 8076 8454
6581 7241 3563 4223
5254 5674 3530 3950
1422 1462 9232 9272
2640 3281 8507 9148
2646 2973 7637 7964
7617 8108 767 1258
4479 5108 1147 1776
1384 1703 9694 10000
6208 6537 5834 6163
2499 2701 5934 6136
7115 7247 933 1065
2728 3216 5139 5627
1460 1997 5670 6207
6160 6615 4451 4906
148 319 5073 5244
1359 1549 9016 9206
1640 2256 4389 5005
3263 3588 1779 2104
5906 6043 1177 1314
2561 2576 6722 6737
7208 7297 2377 2466
3645 3762 1209 1326
1432 1990 2468 3026
7008 7414 3620 4026
3515 4202 4863 5550
1664 2223 7163 7722
1784 2230 7639 8085
2621 2654 4003 4036
3545 3832 411 698
8113 8782 2356 3025
3701 4089 2334 2722
5079 5506 3938 4365
7100 7378 8312 8590
7895 8369 7074 7548
6806 7266 4403 4863
4498 4786 8767 9055
2703 2751 5202 5250
7621 7863 6294 6536
7483 8102 5078 5697
1341 1808 8767 9234
6131 6135 9853 9857
2622 3176 0 145
3442 3686 5513 5757
8801 9116 8306 8621
3906 4438 8513 9045
9155 9708 4779 5332
8007 8219 3024 3236
3288 3509 341 562
2375 2951 9173 9749
6159 6208 8399 8448
3299 3567 6118 6386
9709 10000 3325 3895
9458 9701 2351 2594
4847 5332 3565 4050
8898 9409 7656 8167
1408 1979 156 727
6511 6552 473 514
7386 7710 5384 5708
9812 10000 4917 5217
7674 8026 457 809
8702 9140 9910 10000
3710 4201 8033 8524
7168 7413 8170 8415
6952 7281 6271 6600
2140 2630 7434 7924
7972 8553 8272 8853
3577 4060 3922 4405
4237 4757 6434 6954
0 309 5145 5666
7009 7094 6009 6094
13 116 4420 4523
6891 7220 4822 5151
2047 2638 7070 7661
424 478 1333 1387
0 355 7570 8072
2571 2792 4024 4245
4411 4647 5921 6157
8950 9078 647 775
141 724 2744 3327
1051 1369 7349 7667
3688 4246 9023 9581
7163 7743 6102 6682
7025 7688 7441 8104
8911 8988 8207 8284
3704 4301 7559 8156
0 189 191 582
4719 4822 6755 6858
6030 6434 849 1253
3426 3459 7690 7723
9423 10000 6316 6999
7306 7859 7003 7556
7808 7945 9902 10000
6448 7014 2200 2766
8579 8643 5649 5713
6544 6566 6819 6841
345 533 3251 3439
9171 9458 9604 9891
6594 7044 8280 8730
7245 7771 8011 8537
931 1624 3784 4477
3222 3239 6120 6137
4280 4826 3553 4099
9445 9776 486 817
109 339 7388 7618
4688 5371 2406 3089
7568 7915 2054 2401
1359 1669 0 128
5369 5811 8020 8462
1612 2208 3552 4148
6351 6869 5648 6166
990 1243 6298 6551
6578 6734 6386 6542
3658 3672 4477 4491
1285 1507 7485 7707
3606 3899 2841 3134
7413 7755 8207 8549
8447 8798 2741 3092
5838 6021 1235 1418
357 851 2736 3230
5233 5839 606 1212
2681 3043 5096 5458
9611 9872 8568 8829
5370 5559 8694 8883
898 1155 5638 5895
4638 4722 4020 4104
5280 5322 1918 1960
2241 2764 7718 8241
6762 7090 3888 4216
4525 5102 9445 10000
109 541 9798 10000
7914 7934 8124 8144
3941 4263 8930 9252
4551 4895 2213 2557
6091 6696 0 414
1821 1900 3392 3471
210 707 1376 1873
2170 2253 639 722
4677 5165 6110 6598
9186 9760 1975 2549
4641 5271 8044 8674
7684 8359 3250 3925
4890 5135 5335 5580
2391 2967 5396 5972
9177 9274 5940 6037
8047 8134 3275 3362
4117 4793 7455 8131
6183 6763 1893 2473
7269 7700 8513 8944
3806 4298 9282 9774
4413 4965 2335 2887
6284 6302 4844 4862
478 1172 1855 2549
4121 4422 1529 1830
6141 6301 2954 3114
353 665 8380 8692
3878 4107 6257 6486
3963 3993 4767 4797
3918 4590 5665 6337
5994 6078 8570 8654
7321 7813 345 837
356 740 4559 4943
3230 3862 9394 10000
2101 2443 2320 2662
1724 2202 5091 5569
9691 10000 4592 5197
4004 4431 7829 8256
7587 7832 3095 3340
1656 2256 429 1029
6564 7046 8978 9460
6206 6390 1368 1552
5523 5721 6753 6951
5158 5527 7881 8250
4895 5346 8115 8566
3095 3215 8227 8347
1349 1923 6178 6752
4541 5196 2994 3649
853 1024 3299 3470
4416 4975 260 819
3471 3712 9690 9931
4395 4548 4831 4984
5424 5685 1148 1409
4691 4902 6733 6944
9500 10000 4362 5013
3558 3569 7337 7348
0 271 8113 8736
0 434 1034 1560
7829 8123 1260 1554
3747 3822 7277 7352
8649 9297 9653 10000
26 709 204 887
513 578 4194 4259
6891 7185 193 487
1134 1298 6645 6809
451 997 7807 8353
975 1196 4085 4306
7939 8231 3400 3692
5615 6165 8850 9400
8064 8457 5681 6074
979 1168 6555 6744
7328 7548 7450 7670
5561 6235 776 1450
5918 6178 9544 9804
2266 2897 7094 7725
848 1542 1988 2682
875 1063 9613 9801
6231 6704 32 505
8725 8833 6824 6932
4975 5381 2880 3286
8033 8727 125 819
5084 5222 147 285
3557 3561 3287 3291
8573 8887 1477 1791
9286 9389 1579 1682
3718 4153 4132 4567
2474 3142 2751 3419
7348 7610 1004 1266
9742 10000 9709 9967
5931 6343 884 1296
5026 5144 6768 6886
3030 3476 9430 9876
3320 3584 6631 6895
796 1118 1031 1353
3317 3743 6774 7200
396 1031 8141 8776
0 48 6494 6606
0 190 4350 4803
4280 4850 3987 4557
4234 4476 5293 5535
6982 7146 1662 1826
2076 2415 5958 6297
7004 7565 5855 6416
9607 9617 686 696
6210 6676 6900 7366
5296 5922 3557 4183
3509 3751 4066 4308
8896 9435 7145 7684
4038 4354 9628 9944
2845 2880 7524 7559
474 1034 4041 4601
0 508 0 156
485 1070 2581 3166
4538 5182 2590 3234
587 1071 7158 7642
3044 3095 4489 4540
9443 10000 6943 7631
6407 6455 2297 2345
4955 5530 234 809
291 363 6115 6187
0 69 0 442
2964 3130 9076 9242
6570 6730 5522 5682
9110 9545 7016 7451
7275 7594 4109 4428
4740 4907 3183 3350
8422 8601 3211 3390
8453 9128 4618 5293
4424 5022 3677 4275
2530 2778 6673 6921
6252 6359 245 352
3558 3661 8952 9055
3369 3865 4607 5103
4684 5095 5068 5479
8118 8468 2753 3103
1790 2230 3275 3715
9730 9913 8850 9033
5544 5775 4844 5075
0 162 2268 2507
6729 7130 4366 4767
7042 7184 2503 2645
5985 6226 5608 5849
2252 2917 7196 7861
5505 5870 3666 4031
413 862 4676 5125
1491 1763 8341 8613
8436 8715 2842 3121
387 766 1253 1632
3858 3918 1523 1583
536 802 9467 9733
7898 8514 917 1533
7730 7743 6965 6978
5357 5749 2221 2613
886 1513 344 971
5564 5607 520 563
7983 8606 3232 3855
5235 5703 6794 7262
0 314 2512 3062
1799 2005 5784 5990
1301 1621 8842 9162
8372 8837 5913 6378
7570 7725 4001 4156
1315 1376 956 1017
5966 6632 1551 2217
7113 7459 3333 3679
9335 9581 9208 9454
2315 2522 1413 1620
7394 7899 3026 3531
3979 4002 7232 7255
4978 5213 9210 9445
1773 1785 5814 5826
8333 8523 3387 3577
5463 5533 9094 9164
6682 6790 4686 4794
7234 7454 533 753
2644 3014 578 948
5052 5344 6389 6681
9378 10000 3425 4050
8459 8612 859 1012
6948 7562 2093 2707
988 1645 9755 10000
7044 7173 5466 5595
5285 5487 7601 7803
16 192 1602 1778
6718 6733 2865 2880
863 1457 2536 3130
5685 5775 9920 10000
255 305 9594 9644
6583 6617 5771 5805
447 1105 8777 9435
2453 2647 7139 7333
7918 8508 6916 7506
9622 10000 5510 6168
4296 4459 0 87
8158 8230 5567 5639
8150 8752 4622 5224
1917 2138 8733 8954
9479 10000 6463 7084
3063 3649 1335 1921
3034 3483 5292 5741
4286 4751 1892 2357
8151 8798 3773 4420
7404 8086 0 681
0 17 1450 1561
1684 2223 4272 4811
1509 1603 3791 3885
5696 6316 3693 4313
1402 1471 7544 7613
9092 9203 9513 9624
1256 1687 4594 5025
5423 5806 292 675
1194 1880 8621 9307
2863 3284 2977 3398
9753 9887 5319 5453
0 281 8512 8976
2889 3503 7471 8085
5600 5693 8693 8786
6102 6624 6349 6871
1622 2062 3911 4351
3266 3357 8869 8960
9350 9581 4439 4670
776 1318 3433 3975
7664 8045 9299 9680
9348 9827 5240 5719
5255 5862 0 145
4736 4807 5858 5929
121 690 355 924
9421 9485 6057 6121
2172 2450 0 214
4634 5052 8868 9286
0 445 3423 4096
8711 9183 577 1049
7067 7358 4977 5268
6150 6314 7327 7491
4469 4789 6540 6860
3646 2108
5630 50
741 4628
6399 6643
3982 8777
9323 8306
6726 3358
4629 7360
7639 8693
3609 728
7100 7633
1438 6432
8637 5475
3465 4862
1857 1489
8249 839
1243 3869
9418 5935
7971 9770
7331 9433
1326 8823
7227 6191
6951 3294
757 4550
4202 4571
3842 6134
6789 1303
2769 7823
3508 5691
9124 166
3586 4090
9437 5285
4227 1371
3582 8165
1311 9394
8246 9900
2729 4146
5403 6592
9491 661
5381 488
8616 3254
6011 9171
4806 1962
7625 1452
964 8598
2202 127
8508 9115
7146 8024
9906 7853
9040 813
5157 4087
3163 8215
4603 9365
7476 163
2732 7112
8221 1916
4190 5454
3758 5273
892 728
1772 3512
162 1076
850 6427
5796 9072
4985 1205
1075 414
1515 774
6493 3360
6324 2219
6763 4208
7018 1311
7128 7280
827 209
1525 241
9539 7334
9949 9109
7942 2760
7260 2283
4999 8627
3160 8269
6255 9887
18 121
9718 5002
4513 2460
6141 1058
7860 4187
8092 9271
4731 2005
9764 4206
2780 2713
7238 3149
6100 9632
3430 1422
9088 217
1068 2805
187 2324
4457 91
9190 440
2051 3633
4633 7005
3489 7850
5007 2273
1503 7162
7591 5509
7150 4898
4036 8607
4442 3646
8602 2096
8797 7279
4776 7911
9491 5474
5996 6478
6516 5352
3151 2583
3660 382
7315 852
2690 4302
4294 1678
4274 8178
4234 2712
3207 8971
5705 9572
731 2622
5223 1403
453 4436
8222 7269
4253 7216
9187 4846
6394 9840
4901 4026
6469 6188
8806 6594
2611 571
6486 3838
7381 9007
4699 3132
1811 980
3048 4400
1528 1943
482 7048
7330 9509
5174 4883
8281 3895
3216 3644
6374 8137
3931 6798
3987 8644
85 2455
696 1389
8498 5574
751 955
5308 7647
3964 9440
3874 3343
7900 8264
8411 3578
1290 7462
8631 6801
366 7308
9130 703
6906 500
1859 4216
4557 3741
5791 8654
8389 5852
7948 418
9185 2724
6452 3843
4650 4486
8596 5592
5204 6500
6622 614
5574 2345
9310 8766
447 8398
2164 2903
839 4398
9977 798
8611 4332
1057 9396
6783 6867
8255 2527
4412 2141
1603 4194
4329 7404
7269 2066
9535 1749
2213 4104
2127 9244
4630 7319
5134 8211
7988 8121
360 562
461 1323
9434 8416
4215 3931
9079 2790
8965 6035
3918 3449
278 6459
4960 4365
1694 4900
4723 3735
2564 7531
7363 582
2053 9314
7493 6024
3266 1066
7450 8830
9081 481
7823 3263
2076 3170
1780 3322
7128 9690
3905 4645
6852 800
8748 2056
3138 7896
1352 696
390 7661
5731 5363
7466 2258
6567 9846
2890 1979
465 840
7592 4552
9226 8459
9634 7909
5420 5179
8193 6877
7581 4207
2188 8576
3031 8191
2842 7552
6352 7525
6727 4559
5470 8242
313 5847
3236 8241
9572 6449
993 7183
6897 4897
8669 7826
993 6966
4154 1583
67 8908
3571 8662
8925 9229
3416 7480
8769 183
6275 1764
4719 3171
2376 3260
4012 9403
2910 3362
1750 9396
4176 5031
8112 5197
5213 4712
2912 887
6826 3498
7410 3545
1126 731
4915 4755
5970 5495
1758 9025
9517 7095
4250 93
3415 1676
652 6629
3 3240
5248 7457
2756 8063
8851 9638
951 8373
8072 253
6357 5855
7461 9281
8782 1781
2875 4899
6533 4146
986 6123
7918 9401
5700 9587
7303 9640
4350 2120
2129 9943
5904 8931
3784 4712
5330 515
5409 3012
4868 3898
8635 5412
5532 2489
5033 5651
69 4360
4146 7909
8690 6212
3034 5134
5501 7030
7343 8106
2946 7928
2884 3445
157 5084
1516 1615
1646 9843
9699 2554
2858 1080
1595 8289
4934 8129
8516 1164
3672 8800
2938 3738
2925 5180
1881 4864
3350 61
2101 6825
584 6142
1232 8551
8090 8541
3582 4465
9440 7834
3775 7963
875 6254
8317 5344
864 2133
6971 7256
7059 6823
9836 5709
931 2476
4236 5175
7664 9262
9842 3039
3036 9579
1586 1818
9565 4582
2396 6604
9770 13
2586 7307
1545 8662
9238 8903
3280 4582
337 7788
8226 4574
3903 9231
6177 9345
4344 3985
6515 3987
2877 4678
300 9310
6616 1301
3033 2841
8529 2509
5834 9768
7356 8013
7669 676
6888 9818
3849 9479
3557 4615
6267 2647
3294 2181
3349 6881
1567 4579
9453 5850
3911 1470
7449 5374
6331 6102
9489 1353
3933 773
3233 7087
9282 4998
4337 8571
6182 3894
407 3662
6312 2727
8348 8952
9853 6759
8271 355
3648 643
6962 3498
1106 6715
7286 7821
6230 9269
5300 493
5334 4613
3902 4168
8775 2913
2913 4372
1291 3928
6695 8682
2225 1578
7214 9802
5739 316
453 4456
5694 2895
25 4631
7104 5334
4965 8334
9024 4804
7443 6489
3964 8939
3815 5861
7092 9902
7026 7083
7835 5071
5867 5826
5013 6055
3272 827
9956 8123
911 8858
6926 1767
49 4588
4555 633
352 7247
2673 5068
8167 4695
668 925
6098 1222
8686 8304
9453 9493
8266 4764
4305 1076
7532 5960
6320 104
7484 2298
4092 2380
2513 2247
5961 3772
9731 2537
6069 4264
213 7854
1521 7938
8966 840
540 2339
1837 9029
1978 2799
852 7010
863 8361
7189 4051
5514 3934
1424 9235
2947 8558
2647 7877
8054 874
4727 1506
1684 9956
6208 5999
2512 6006
7170 973
3050 5159
1813 6100
6370 4528
274 5110
1507 9096
2134 4930
3498 2034
5976 1237
2566 6722
7241 2444
3706 1318
1493 2643
7258 3801
3982 5206
1797 7187
1993 8055
2621 4033
3747 414
8161 2895
3838 2347
5456 4127
7199 8510
8333 7454
6849 4850
4708 8911
2736 5244
7651 6453
7966 5314
1387 8934
6133 9856
2691 132
3585 5756
9079 8497
4413 8572
9472 5251
8041 3107
3319 428
2782 9616
6171 8443
3438 6279
9831 3487
9564 2462
4969 3570
9272 8063
1951 721
6513 478
7487 5665
9857 4972
7751 541
8950 9966
3965 8435
7372 8197
7266 6554
2606 7762
8466 8702
4054 4014
4624 6564
220 5599
7016 6074
39 4501
7099 4869
2271 7295
427 1345
194 7793
2734 4081
4449 6019
9002 724
216 3122
1359 7482
3792 9382
7506 6483
7553 7536
8987 8270
3829 7801
18 563
4776 6843
6420 972
3431 7699
9734 6505
7635 7028
7839 9902
6772 2746
8615 5696
6566 6825
383 3429
9200 9861
6600 8418
7300 8030
1112 4177
3238 6128
4761 4049
9581 700
169 7525
4869 2430
7595 2239
1418 23
5511 8173
1968 4063
6698 5733
994 6298
6712 6538
3663 4483
1404 7689
3749 3055
7625 8416
8651 2891
5997 1339
740 2885
5257 1090
2925 5103
9825 8576
5459 8801
1097 5782
4646 4083
5299 1919
2587 8227
6828 4031
4574 9698
336 9876
7914 8142
4258 9197
4678 2548
6180 317
1843 3421
494 1588
2216 692
4822 6584
9703 2447
5002 8158
8331 3574
5100 5421
2509 5868
9197 5966
8124 3308
4238 7498
6260 2450
7286 8526
3882 9527
4708 2511
6297 4853
716 2523
4376 1606
6256 3110
468 8417
4085 6339
3966 4770
3950 5983
5997 8649
7581 386
644 4760
3258 9908
2249 2525
2158 5526
9897 4786
4019 7864
7831 3150
2103 505
6697 9098
6287 1526
5543 6767
5371 8026
5251 8451
3113 8241
1415 6695
4805 3556
908 3322
4783 621
3585 9925
4457 4898
5531 1196
4702 6778
9792 4707
3561 7345
70 8399
166 1485
7845 1335
3777 7344
8840 9928
636 695
571 4198
7014 345
1228 6706
728 7926
1085 4234
8181 3409
5969 9121
8309 5976
1091 6632
7542 7639
5629 837
6151 9546
2411 7556
1497 2387
1052 9616
6427 260
8765 6898
5144 3126
8353 169
5099 213
3561 3288
8779 1654
9312 1580
4093 4222
2913 2841
7531 1124
9939 9865
6011 1058
5099 6800
3338 9654
3452 6700
886 1216
3446 6883
654 8408
38 6585
102 4438
4440 4516
4405 5524
7052 1805
2305 6286
7496 5970
9614 688
6577 7332
5647 3573
3698 4169
9354 7277
4211 9681
2866 7557
568 4179
68 77
530 2920
4792 3110
729 7515
3094 4526
9492 7228
6447 2322
5357 272
330 6179
50 439
2964 9111
6587 5544
9448 7034
7521 4399
4868 3230
8465 3234
8950 4913
4734 3860
2640 6701
6359 278
3647 9033
3646 4752
5046 5126
8371 3013
1967 3534
9868 9018
5626 4954
92 2310
6742 4418
7139 2621
6167 5821
2757 7207
5837 3851
799 4753
1630 8374
8686 3032
428 1305
3892 1523
722 9481
8089 1020
7731 6969
5643 2390
919 762
5570 549
8380 3241
5524 7076
266 2855
1828 5893
1305 8978
8736 6021
7716 4061
1329 969
6543 1964
7392 3677
9581 9309
2480 1550
7711 3295
3988 7246
5119 9409
1780 5826
8464 3458
5474 9103
6684 4773
7264 677
2668 877
5063 6574
9793 3496
8533 897
7518 2488
1054 9876
7145 5504
5290 7613
45 1691
6721 2872
1034 2607
5748 9929
297 9623
6615 5771
993 9319
2513 7153
8451 7014
9659 5698
4373 69
8166 5619
8436 5161
2047 8885
9511 6913
3467 1607
3339 5449
4328 1904
8625 4043
7862 101
16 1557
1825 4654
1578 3870
5917 3942
1422 7566
9161 9558
1277 4786
5472 508
1836 9233
3248 3020
9785 5411
108 8698
2916 7878
5663 8772
6142 6441
1934 3957
3302 8951
9370 4564
808 3920
7674 9444
9381 5626
5558 24
4759 5916
173 590
9479 6121
2415 84
4825 9146
342 4048
8988 599
7331 5036
6197 7454
4524 6703
