2040
229 14 19 1
5386 15 19 1
2963 19 19 1
4951 14 18 1
3717 14 17 1
5802 19 10 1
4509 15 18 1
667 19 18 1
595 18 19 1
693 16 19 1
3185 17 19 1
1514 0 14 1
2737 18 18 1
274 19 17 1
4859 16 18 1
5562 19 11 1
4321 18 10 1
1310 15 17 1
3811 16 17 1
4842 18 11 1
4732 17 10 1
5712 19 12 1
3505 1 14 1
4409 0 19 1
3107 0 15 1
2746 17 18 1
2516 19 16 1
492 18 17 1
5338 19 15 1
4807 18 16 1
2980 19 14 1
2064 18 15 1
650 1 15 1
1585 0 16 1
2536 1 19 1
4418 0 18 1
4796 2 14 1
3095 19 13 1
2104 18 12 1
521 18 13 1
299 16 10 1
5070 17 11 1
5423 17 17 1
2829 17 16 1
7 17 12 1
415 15 10 1
1909 13 19 1
1398 16 11 1
240 16 12 1
5700 15 11 1
1287 2 19 1
929 1 18 1
1860 0 17 1
3353 1 16 1
3012 3 14 1
719 2 15 1
3941 3 15 1
17 2 16 1
3627 18 14 2
4860 17 15 2
16 17 13 2
2929 2 18 2
1650 16 15 2
593 3 18 2
4646 8 19 2
4400 13 18 2
2692 16 13 2
5059 14 11 2
1137 17 14 2
2820 13 11 2
4093 3 16 2
1151 0 8 2
4202 4 18 2
952 14 12 2
2035 14 16 2
4003 16 14 2
3822 13 17 2
624 12 18 2
5560 8 18 2
3528 9 19 2
5003 9 18 2
3714 8 17 2
2647 10 19 2
134 12 17 2
1183 0 9 2
2571 0 13 2
4586 1 8 2
3749 2 8 2
3691 1 13 2
3069 0 12 2
2390 14 15 2
4201 13 16 2
4840 13 15 2
2549 14 14 2
4549 12 11 2
363 13 12 2
5510 6 19 2
3499 6 18 2
634 7 19 2
4775 7 18 2
3900 6 17 2
4507 4 16 2
1414 4 15 2
4451 0 10 2
5311 12 12 2
5225 11 11 2
3898 11 12 2
2213 12 13 2
3148 12 16 2
974 11 17 2
4320 11 16 2
1472 12 15 2
5197 9 17 2
2593 1 9 2
3763 2 9 2
4172 1 10 2
4164 3 8 2
2791 3 9 2
4571 4 8 2
3647 2 10 2
3102 0 11 2
1993 16 16 2
4159 15 16 2
755 15 15 2
5195 15 12 2
2343 12 19 2
5169 15 14 2
5522 15 13 2
671 3 19 2
5002 4 19 2
4591 1 12 3
2291 2 13 3
666 3 13 3
588 4 14 3
3734 5 15 3
3775 7 17 3
569 11 15 3
832 11 13 3
2712 2 12 3
398 3 12 3
1901 9 16 3
1967 7 16 3
1714 5 14 3
4252 3 10 3
4588 4 9 3
403 4 13 3
3761 5 13 3
1118 19 9 3
4310 4 10 3
1641 4 12 3
2565 6 14 3
3658 8 16 3
3701 9 15 3
3011 8 15 3
3420 10 13 3
3038 10 11 3
2061 19 8 3
4293 18 9 3
3325 5 12 3
2425 6 13 3
2996 6 12 3
4132 7 13 3
1986 7 12 3
269 6 11 3
4637 9 13 3
1670 9 11 3
3059 10 12 3
4130 9 12 3
4290 18 8 3
2336 17 9 3
2332 19 7 3
4744 16 9 3
5429 19 0 3
1201 18 0 3
409 19 1 3
3166 17 8 3
3196 18 7 3
321 19 6 3
5309 7 11 3
4610 6 10 3
5854 7 10 3
3293 6 9 3
166 13 10 3
3726 14 10 3
5817 18 6 3
5644 19 5 3
4700 18 5 3
720 19 4 3
3684 17 6 3
249 17 7 3
5872 16 7 3
4294 16 8 3
4718 15 9 3
5329 15 8 3
235 14 9 3
2227 17 0 3
95 19 2 3
4525 1 11 3
2406 2 11 3
988 3 11 3
2744 11 19 3
3723 14 13 3
3999 11 18 3
4042 10 18 3
4645 3 14 4
4888 3 15 4
3042 1 16 4
2110 18 1 4
2094 18 2 4
5667 7 9 4
3482 12 10 4
2566 13 9 4
4952 16 0 4
279 18 4 4
331 17 5 4
2658 16 6 4
2019 16 5 4
775 17 4 4
1501 12 9 4
3874 8 9 4
1145 11 10 4
1042 13 8 4
2070 15 0 4
1654 16 1 4
1989 10 10 4
4510 8 8 4
1460 0 7 4
5126 11 9 4
5227 12 8 4
4583 13 7 4
5702 14 0 4
4291 15 1 4
4405 16 2 4
3337 13 0 4
3171 14 1 4
3379 16 4 4
4338 15 4 4
1906 13 6 4
644 14 4 4
1138 12 7 4
3529 10 9 4
4832 11 8 4
2535 8 7 4
4197 10 8 4
3512 15 2 4
2470 11 7 4
4554 10 7 4
1350 12 6 4
5822 0 0 4
1567 14 2 4
4506 13 1 4
1279 13 2 4
792 0 6 4
3818 1 7 4
1821 1 6 4
3960 2 7 4
4466 2 15 4
5570 2 16 4
5679 19 3 4
1894 4 11 4
96 5 11 4
2908 13 13 4
3413 13 14 4
717 10 17 4
378 10 16 4
71 13 4 5
1549 11 6 5
3718 1 0 5
597 0 5 5
570 1 5 5
1661 1 1 5
223 2 0 5
4170 11 5 5
3048 0 4 5
4542 2 6 5
1635 1 4 5
1612 11 4 5
3215 0 3 5
244 3 0 5
3226 3 6 5
3335 2 5 5
436 3 5 5
5598 2 1 5
4558 3 1 5
5606 2 2 5
4720 2 4 5
5116 3 2 5
2446 3 4 5
2589 4 6 5
2782 9 5 5
444 12 2 5
4887 12 1 5
1482 11 2 5
5296 9 4 5
5119 8 5 5
5053 8 4 5
724 7 5 5
2360 10 2 5
3440 6 7 5
3153 4 5 5
2016 6 6 5
3605 12 0 5
3338 11 1 5
1825 11 0 5
401 10 1 5
4995 4 4 5
2456 5 4 5
3480 5 3 5
315 7 4 5
2916 9 2 5
3545 8 2 5
4107 9 1 5
3834 0 1 5
5432 0 2 5
5416 3 7 5
4754 4 7 5
2674 1 2 5
3823 5 7 5
4233 1 3 5
4427 2 3 5
5684 5 6 5
2030 0 17 5
264 17 1 5
3425 12 14 5
4690 2 19 6
3678 3 19 6
5593 4 19 6
2488 5 19 6
5435 5 18 6
3813 10 0 6
2357 9 0 6
4823 4 1 6
233 8 1 6
2564 7 2 6
330 7 1 6
5007 5 1 6
2626 4 0 6
4155 5 0 6
1965 8 0 6
4087 7 0 6
4439 3 3 6
729 5 5 6
260 4 3 6
2402 1 18 6
5022 1 17 6
1687 15 10 7
5012 15 11 7
773 13 19 7
3235 12 19 7
519 11 19 7
4272 11 18 7
2890 10 18 7
3479 17 17 7
5081 17 16 7
5530 19 13 8
5420 18 13 8
4149 16 10 8
4535 16 11 8
2314 4 8 8
1896 3 8 8
3668 3 9 8
4465 1 9 8
2431 1 10 8
5157 17 11 8
976 18 12 8
869 17 12 8
2059 16 12 8
5135 15 12 8
197 0 11 8
2022 0 16 9
2749 0 18 9
748 2 14 9
999 0 17 9
5220 12 16 9
4174 11 16 9
1818 12 15 9
3637 15 9 9
2011 19 2 9
836 19 3 9
5638 18 3 9
1323 9 17 9
2794 11 17 9
2305 10 17 9
3356 1 15 9
2676 1 19 9
3563 2 15 9
921 1 18 9
4295 2 16 9
4479 1 17 9
479 2 17 9
3586 3 17 9
3532 19 14 10
3855 19 15 10
75 18 15 10
5514 11 11 10
2938 11 12 10
1820 13 14 10
2202 19 4 10
4048 19 5 10
77 18 5 10
1338 15 8 10
3692 0 6 10
3430 1 6 10
5632 13 1 10
1078 14 2 10
1133 13 2 10
1536 1 7 10
1052 2 7 10
4613 3 7 10
3666 4 7 10
2717 5 7 10
524 5 6 10
2580 5 5 10
1530 6 5 10
4902 6 4 10
2085 10 16 10
4667 10 15 10
3358 2 9 10
1157 2 10 10
3178 7 19 11
2211 6 19 11
1489 7 18 11
434 4 15 11
1376 4 16 11
5856 6 18 11
5747 6 17 11
1071 13 10 11
1131 14 10 11
809 5 9 11
1947 7 11 11
4647 6 9 11
3320 14 9 11
2018 5 8 11
4561 14 8 11
2369 6 8 11
484 7 8 11
5480 14 7 11
1666 7 7 11
1054 14 6 11
3577 7 6 11
1116 8 6 11
3583 0 0 11
1957 0 1 11
5766 12 6 11
2853 0 2 11
3265 1 2 11
4360 1 3 11
1073 2 3 11
2205 3 3 11
3098 4 3 11
1733 4 2 11
4569 5 2 11
1291 0 10 11
3084 18 17 12
3210 13 16 12
2926 13 15 12
2158 14 15 12
4225 14 14 12
5145 12 11 12
4383 13 12 12
5708 12 12 12
5006 19 6 12
4262 18 6 12
695 17 6 12
5557 17 8 12
2562 8 7 12
5425 10 9 12
4116 10 8 12
22 8 2 12
1435 9 6 12
4355 19 16 12
3629 17 18 12
2058 18 16 12
4540 11 8 12
2270 17 17 12
5871 17 16 12
1216 16 16 12
606 15 16 12
3546 0 19 13
1515 0 15 13
4966 19 12 13
3392 1 19 13
632 18 12 13
2179 1 18 13
5280 1 17 13
2510 1 13 13
4242 0 13 13
5772 1 8 13
1224 2 8 13
3814 0 12 13
2033 2 9 13
1574 2 10 13
1836 19 1 13
256 19 0 13
5253 18 0 13
4792 17 0 13
4187 17 1 13
2881 17 2 13
2592 15 4 13
210 17 3 13
4040 13 6 13
515 13 5 13
3631 12 5 13
1865 12 4 13
1304 7 4 13
2415 1 14 13
160 1 15 13
1006 2 15 13
4596 2 16 13
3182 2 17 13
4915 16 4 13
2858 16 3 13
3865 3 17 13
1698 4 17 13
2414 5 17 13
3106 5 16 13
950 6 16 13
268 6 15 13
3582 17 10 14
30 19 7 14
2140 17 9 14
674 16 9 14
3753 16 8 14
4664 13 0 14
4735 14 0 14
4476 14 1 14
4545 16 2 14
3348 12 0 14
4875 11 0 14
2077 11 1 14
1934 10 1 14
4874 9 1 14
5319 0 9 14
2173 0 10 14
5690 18 11 14
186 17 11 14
5749 10 19 15
3237 9 19 15
3036 9 18 15
4035 10 12 15
2007 9 13 15
1321 4 5 15
5663 6 7 15
533 6 6 15
3919 4 4 15
1298 5 4 15
4335 5 3 15
3093 8 18 15
1427 8 17 15
3303 9 17 15
1527 0 11 15
812 12 18 16
3260 6 13 16
2939 7 13 16
1371 6 12 16
5682 7 12 16
4266 15 17 16
3727 5 10 16
3676 13 7 16
5658 7 5 16
3547 8 5 16
1628 9 4 16
2392 8 4 16
3516 12 7 16
1361 16 17 16
2324 17 17 16
550 17 16 16
294 16 16 16
2644 13 17 16
2426 12 17 16
1147 16 14 16
881 11 17 16
2747 10 17 16
3896 10 16 16
3576 18 10 17
429 14 16 17
5536 10 13 17
4375 10 11 17
5163 18 9 17
4612 9 11 17
428 10 10 17
829 8 8 17
819 0 7 17
3715 1 7 17
2755 2 7 17
1235 12 1 17
2668 12 2 17
3523 3 7 17
1210 9 12 17
2500 11 2 17
3646 4 7 17
2377 5 7 17
675 10 2 17
5206 9 2 17
5246 15 16 17
4938 15 15 17
4505 3 16 18
1595 4 18 18
1771 0 8 18
2072 0 9 18
4094 0 10 18
1280 9 15 18
1737 7 14 18
2497 15 0 18
4724 0 11 18
3854 1 11 18
3113 2 11 18
5787 3 11 18
4669 8 16 18
1191 16 1 18
1057 15 1 18
150 15 2 18
5400 3 17 18
5778 4 17 18
3330 5 17 18
1420 5 16 18
2758 6 16 18
708 19 8 18
2645 13 11 19
897 14 11 19
1303 14 12 19
627 13 8 19
1814 11 10 19
2386 11 9 19
2666 17 14 19
5670 16 14 19
3404 19 11 19
3550 18 11 19
180 17 11 19
5391 17 12 19
3559 16 12 19
1234 15 12 19
2870 4 12 19
2098 6 14 19
109 15 3 19
2281 13 18 20
4001 13 17 20
2502 12 17 20
3174 11 17 20
4641 9 10 20
147 9 5 20
1149 16 13 20
5403 8 19 21
335 8 18 21
702 8 17 21
4209 9 17 21
4800 19 9 21
1061 19 8 21
5079 18 8 21
1214 18 7 21
991 4 6 21
5036 2 4 21
2830 2 2 21
3978 8 0 21
2585 7 0 21
5497 5 6 21
3421 5 5 21
3326 6 5 21
796 6 4 21
1643 16 18 21
4790 16 17 21
2460 17 7 21
46 16 7 21
48 15 7 21
5221 10 17 21
1089 10 16 21
3913 10 15 21
4207 12 9 21
1359 15 6 21
5492 15 5 21
2860 12 8 21
5044 11 8 21
958 14 5 21
209 14 4 21
955 3 4 21
4619 19 17 22
1660 19 16 22
5521 18 16 22
3157 3 18 22
2919 4 13 22
3044 4 9 22
931 5 13 22
3930 5 12 22
1920 2 1 22
5248 4 0 22
3820 5 1 22
288 5 0 22
3136 18 18 22
2867 17 18 22
2162 17 17 22
3464 0 14 23
2123 1 14 23
3642 1 15 23
2342 16 6 23
5045 16 5 23
338 12 6 23
538 12 7 23
226 2 15 23
1226 2 16 23
5563 5 14 23
4884 6 14 23
3427 2 17 23
3660 3 17 23
816 4 17 23
784 5 17 23
2646 5 16 23
2316 6 16 23
1122 3 10 23
2049 6 15 23
3268 7 15 23
1741 4 10 23
1535 17 5 24
4315 18 4 24
2236 17 4 24
4326 16 4 24
4156 0 0 24
1849 0 1 24
990 0 2 24
4363 2 5 24
2000 7 2 24
2232 1 2 24
2062 3 6 24
3026 3 5 24
2590 3 4 24
4501 16 3 24
435 4 11 24
4621 9 16 25
5200 7 16 25
2196 8 16 25
1025 16 0 25
766 16 1 25
5742 15 1 25
5544 7 6 25
4346 15 2 25
1577 8 6 25
2648 9 6 25
739 8 15 25
3615 17 19 25
4768 15 16 26
4452 2 12 26
3711 12 10 26
5219 13 9 26
3850 7 9 26
5618 12 9 26
3791 12 8 26
202 0 3 26
359 11 4 26
3673 3 12 26
2969 4 12 26
3663 11 8 26
4745 11 7 26
5814 3 0 26
4857 3 1 26
2548 3 2 26
5836 16 19 27
3023 12 14 27
5535 17 8 27
3628 9 8 27
2617 4 1 27
5811 8 2 27
2856 18 19 28
840 17 19 28
1451 13 19 28
3556 12 19 28
1713 11 19 28
2651 11 18 28
1390 4 10 28
2628 13 6 28
4751 13 5 28
396 12 5 28
2514 12 4 28
5 7 4 28
2037 10 18 28
4837 10 17 28
3220 10 16 28
3882 10 15 28
4024 17 18 28
92 2 18 29
392 1 9 29
5748 1 10 29
4050 19 6 29
2798 19 3 29
3567 18 3 29
5595 15 4 29
4265 2 17 29
3191 3 17 29
5074 4 17 29
1653 18 6 29
4498 17 6 29
3946 1 11 29
3124 11 15 29
4438 2 11 29
1060 17 7 29
691 5 17 29
1099 5 16 29
5502 16 17 30
4483 16 16 30
1883 13 12 30
3587 5 8 30
5699 19 2 30
251 18 2 30
5687 6 8 30
619 7 8 30
855 7 7 30
4726 8 7 30
4453 9 7 30
4624 19 18 30
854 18 18 30
3778 0 4 30
3537 1 4 30
3116 17 13 30
2220 16 13 30
5190 15 18 30
5164 16 18 30
5031 17 18 30
1022 17 17 30
2677 17 16 30
3175 17 15 30
3231 16 15 30
5337 15 15 30
1182 1 3 30
846 2 3 30
4396 15 14 30
3057 16 7 30
3050 3 8 30
5724 12 11 31
3829 12 12 31
2327 5 9 31
1083 6 9 31
3530 6 10 31
1156 7 10 31
365 14 2 31
5371 11 5 31
736 9 0 31
5098 13 1 31
3437 13 2 31
4312 11 0 31
4106 15 11 32
5046 7 17 32
1456 6 17 32
4531 19 1 32
4937 13 10 32
1590 19 0 32
4411 18 0 32
1939 14 10 32
3662 14 9 32
1736 17 0 32
4708 14 8 32
1051 0 6 32
5176 10 0 32
5270 10 2 32
5402 8 3 32
1863 6 5 32
3487 7 3 32
78 4 2 32
1233 6 4 32
5550 6 3 32
5580 17 1 32
5353 17 2 32
4124 17 3 32
3426 1 6 32
2349 2 6 32
639 3 6 32
196 14 7 32
690 14 6 32
1319 19 10 33
5143 19 11 33
3289 4 8 33
5226 3 8 33
4387 2 10 33
5376 15 9 33
4971 15 8 33
5316 4 4 33
4981 18 11 33
169 17 11 33
3391 17 12 33
24 3 5 33
1553 3 9 33
1449 3 10 33
3608 12 15 34
972 6 16 34
3398 16 2 34
4696 7 5 34
4993 8 5 34
2786 6 7 34
4524 8 4 34
1342 4 19 34
5370 5 19 34
1030 12 0 34
2467 6 6 34
314 3 4 34
437 9 4 34
3033 11 0 34
5683 13 15 34
4277 14 15 34
3160 14 14 34
4067 18 14 35
2255 17 14 35
3131 16 14 35
5058 4 14 35
3170 5 14 35
3438 6 14 35
889 1 1 35
2819 1 2 35
3914 4 7 35
3496 5 7 35
1000 1 3 35
3184 5 6 35
5692 13 7 35
4165 14 7 35
1970 14 6 35
3520 6 18 35
3317 5 18 35
5739 1 8 36
5261 2 8 36
761 12 16 36
4785 11 16 36
5763 2 9 36
4256 11 15 36
3097 3 9 36
4818 3 10 36
501 5 10 36
971 9 13 36
3200 0 5 36
1848 1 5 36
3495 1 6 36
4559 2 6 36
590 7 1 36
3987 16 3 36
791 15 10 37
4329 16 10 37
4415 16 11 37
1579 0 17 37
4136 16 12 37
2119 15 12 37
5485 1 13 37
4491 14 14 37
4516 0 13 37
212 0 12 37
5109 19 4 37
1184 19 5 37
5407 18 5 37
1808 10 12 37
2224 18 6 37
1441 17 6 37
4847 1 0 37
1382 2 0 37
143 11 6 37
5829 3 0 37
4223 2 2 37
5454 9 12 37
3357 3 1 37
5399 3 2 37
2523 0 11 37
3250 1 11 37
3782 2 11 37
1569 3 11 37
805 4 11 37
182 5 11 37
2419 15 17 37
631 15 18 37
5083 16 18 37
2665 17 18 37
3752 18 17 38
4752 15 14 38
5315 13 16 38
63 9 18 38
1631 10 18 38
4560 4 16 38
5433 18 1 38
1908 13 4 38
5456 17 1 38
5252 17 2 38
3600 17 3 38
3443 16 3 38
5335 15 3 38
2312 2 4 38
1717 2 3 38
3740 10 17 38
1169 10 16 38
5286 10 15 38
4972 6 11 38
2351 7 11 38
4328 18 13 38
718 17 17 38
5071 15 0 39
1112 14 0 39
47 14 1 39
1313 12 2 39
4555 4 6 39
2799 11 2 39
1368 1 18 39
1337 1 17 39
1453 3 3 39
1159 4 3 39
3879 11 12 39
57 4 15 40
5243 19 9 40
860 7 14 40
5048 19 8 40
834 18 8 40
5716 13 0 40
3187 13 1 40
5377 13 2 40
5482 12 1 40
486 11 1 40
5005 18 7 40
1348 17 7 40
1445 10 1 40
2421 16 7 40
808 15 7 40
4121 15 6 40
4955 15 5 40
5175 1 7 40
4316 2 7 40
3409 14 17 41
2526 15 17 41
3354 18 12 41
2917 2 14 41
4557 6 19 41
1816 9 15 41
5263 11 10 41
4675 11 9 41
2846 11 8 41
1927 11 7 41
4091 18 13 41
578 17 13 41
4191 16 13 41
296 15 13 41
899 15 18 41
1720 16 18 41
4178 17 18 41
270 17 17 41
546 17 16 41
2907 17 15 41
2693 16 15 41
1276 15 15 41
1036 14 15 41
5439 7 18 41
574 6 18 41
467 13 15 41
4815 5 18 41
3015 11 11 42
84 11 12 42
1841 4 0 42
5660 5 1 42
1139 5 0 42
5122 13 8 42
3370 13 7 42
3808 14 7 42
2012 14 6 42
5523 0 10 42
3963 0 11 42
2610 3 15 43
384 4 12 43
652 9 10 43
1979 9 5 43
3145 2 1 43
5767 2 15 43
3570 3 1 43
34 3 2 43
1290 14 12 43
3612 14 13 43
351 0 18 44
1649 0 16 44
740 1 16 44
1892 8 8 44
336 2 16 44
4782 0 7 44
5461 1 7 44
2424 2 7 44
2187 1 18 44
3883 1 17 44
5008 2 17 44
111 3 17 44
3732 4 17 44
1167 3 7 44
284 3 6 44
114 3 5 44
2051 8 17 44
3127 9 17 44
3951 7 19 45
5173 7 18 45
2135 6 18 45
1070 0 8 45
2452 0 9 45
4791 0 10 45
3696 0 11 45
1395 2 13 45
1120 3 13 45
2800 1 11 45
5312 3 12 45
228 10 10 45
5229 11 4 45
3290 2 11 45
1542 3 11 45
1854 13 17 45
1425 12 17 45
3387 11 17 45
3819 4 11 45
2849 0 3 45
4043 0 4 45
4214 1 4 45
1783 2 4 45
2920 2 3 45
1260 3 3 45
1933 4 3 45
4680 4 5 45
2126 5 5 45
1657 14 18 46
1784 4 18 46
1355 5 12 46
4213 18 9 46
1266 17 9 46
2834 7 12 46
975 16 9 46
5867 16 8 46
3993 5 4 46
4374 5 3 46
175 5 18 46
1076 15 18 46
2344 16 18 46
969 5 11 46
2944 16 7 46
3710 15 7 46
5437 15 6 46
3664 15 5 46
5471 18 18 46
5088 10 13 47
3801 10 11 47
3830 9 11 47
1826 6 12 47
1675 9 12 47
2280 6 11 47
3414 7 11 47
1010 8 19 47
5559 7 4 48
4053 8 3 48
393 7 3 48
3258 18 15 48
596 15 2 48
3447 8 6 48
867 15 3 48
4846 9 6 48
3099 19 19 49
1066 19 18 49
3129 18 18 49
1823 1 19 49
815 1 18 49
3665 1 17 49
1899 9 19 49
2206 14 16 49
5569 2 17 49
1691 8 19 49
706 8 18 49
25 8 17 49
5381 9 17 49
1267 12 4 49
2774 2 5 49
2631 10 2 49
3090 7 2 49
5356 3 17 49
1850 4 17 49
2475 5 17 49
4756 5 16 49
1688 5 15 49
1551 6 15 49
2723 7 15 49
273 8 15 49
1638 10 0 49
370 10 1 49
4957 12 9 50
4761 12 8 50
5732 13 8 50
1730 0 6 50
5228 0 7 50
1557 1 7 50
4359 9 7 50
3448 2 7 50
5543 3 7 50
2275 14 11 50
2257 14 12 50
2981 3 6 50
3423 3 5 50
1856 4 5 50
4421 5 5 50
3065 0 2 50
2809 0 3 50
3150 0 4 50
4186 1 4 50
5565 2 4 50
1481 6 5 50
1186 6 4 50
192 6 3 50
3130 12 7 51
5011 13 7 51
964 7 9 51
2876 12 5 51
3454 13 5 51
4370 8 7 51
979 15 4 51
495 19 13 51
2109 18 13 51
2285 6 13 51
4343 7 13 51
4568 17 0 51
5532 15 19 52
2769 18 10 52
3521 18 11 52
345 13 18 52
5358 13 17 52
1913 12 17 52
5330 2 2 52
3218 2 3 52
3562 15 18 52
3458 16 18 52
15 17 18 52
4460 17 17 52
3742 17 16 52
4441 17 11 52
4989 17 12 52
3415 4 10 52
1831 19 7 52
4151 18 7 52
1432 4 11 52
3489 5 11 52
4655 6 11 52
5795 7 11 52
4039 17 15 52
750 16 15 52
1193 15 15 52
5110 17 13 52
4570 19 0 53
2025 14 10 53
5027 18 0 53
661 17 0 53
5540 17 1 53
2239 12 6 53
2936 13 6 53
67 17 2 53
3360 3 0 53
1135 3 1 53
5259 3 2 53
4563 3 3 53
4665 10 1 53
320 9 1 53
3729 9 4 53
2150 17 7 53
2430 4 1 54
5415 5 13 54
31 6 13 54
4870 12 10 55
5389 13 10 55
1315 13 9 55
4011 15 9 55
2083 14 9 55
2624 15 8 55
3466 19 12 55
871 19 13 55
5198 18 13 55
2823 14 8 55
5341 14 7 55
823 16 5 55
1500 14 6 55
1524 9 8 55
568 11 6 55
5718 1 3 55
5496 11 5 55
1004 17 13 55
2294 16 13 55
293 15 13 55
4753 14 13 55
4168 14 2 56
2310 12 0 56
4698 19 15 56
2093 18 15 56
3759 17 15 56
1352 16 15 56
4200 15 15 56
1419 14 15 56
21 13 15 56
5804 13 14 56
2789 16 1 56
2441 15 1 56
4627 11 19 56
449 11 18 56
3693 17 6 57
2302 7 10 57
3071 6 8 57
3162 19 3 57
3025 2 0 57
3878 1 0 57
3669 7 8 57
4896 7 7 57
2905 0 0 57
3630 7 6 57
4638 0 1 57
5082 8 6 57
1747 9 6 57
3088 4 7 57
5434 5 7 57
4144 4 5 57
4681 5 6 57
2313 5 5 57
4118 7 1 57
2400 6 6 57
463 6 5 57
1263 6 4 57
5801 3 19 57
2760 4 19 58
1787 6 14 58
5317 4 13 58
5378 5 13 58
5628 4 9 58
3724 4 10 58
926 6 9 58
3350 6 13 58
3897 7 13 58
1529 19 6 58
5113 6 10 58
4544 19 7 58
4426 18 4 58
5835 10 10 58
302 0 5 58
1240 1 5 58
3638 1 6 58
1974 2 6 58
2616 11 4 58
2792 1 1 58
1924 1 2 58
1845 0 2 58
1616 0 3 58
1277 0 4 58
5030 1 4 58
439 2 4 58
5077 5 19 58
3644 5 18 58
4904 17 4 58
1387 13 11 59
1815 14 11 59
3019 14 12 59
3216 1 9 59
4199 1 10 59
4562 2 10 59
2453 18 6 59
275 9 13 59
5326 10 12 59
5553 18 7 59
3795 9 12 59
2482 5 9 59
3152 5 10 59
5834 14 13 59
4407 2 19 60
612 3 19 60
5624 13 19 60
5328 12 19 60
5154 3 18 60
939 19 2 60
3654 16 0 60
1058 16 1 60
2405 15 1 60
2959 15 2 60
2602 10 19 61
5217 11 19 61
3110 12 18 61
65 11 18 61
2325 11 17 61
2787 2 13 61
5141 3 13 61
705 11 15 61
5581 3 12 61
5023 15 7 61
3892 11 10 61
3449 11 9 61
981 11 8 61
4153 11 7 61
5375 6 7 61
714 6 6 61
2031 6 5 61
3625 6 4 61
502 6 3 61
5603 17 8 61
656 17 7 61
2914 10 17 61
5452 16 7 61
5144 16 6 61
3649 17 10 62
683 3 14 62
772 2 14 62
2329 17 11 62
878 6 19 62
4723 5 19 62
1426 5 18 62
2743 9 15 62
3401 13 4 62
5575 4 6 62
2307 12 2 62
3861 11 2 62
4128 3 6 62
4617 3 5 62
4725 3 4 62
5647 4 4 62
3886 4 3 62
489 4 2 62
4679 17 12 62
3135 17 13 62
4278 1 15 62
4674 2 15 62
4318 18 19 63
5654 17 19 63
2180 12 11 63
3332 12 12 63
2243 2 8 63
2553 2 9 63
911 2 12 63
4848 5 8 63
1306 5 9 63
4922 8 16 63
743 5 10 63
1278 19 1 63
973 18 1 63
5327 18 2 63
3232 18 3 63
471 17 3 63
282 12 1 63
1465 11 1 63
2729 11 0 63
5820 10 0 63
4504 9 0 63
3457 12 16 63
1843 11 16 63
1095 1 14 64
3456 4 16 64
5671 7 5 64
5287 8 5 64
4543 8 4 64
3323 9 4 64
5614 1 15 64
5807 2 15 64
2869 18 12 65
1601 17 12 65
1015 13 12 65
3007 9 18 65
5061 4 8 65
2340 4 14 65
858 10 18 65
5648 5 14 65
2474 3 8 65
5548 3 9 65
5398 3 10 65
3574 19 4 65
319 19 5 65
4835 18 5 65
2365 17 5 65
3589 13 0 65
2570 5 4 65
1609 5 3 65
4575 17 13 65
5539 16 13 65
2081 17 4 65
5279 16 4 65
2866 16 2 65
4341 16 3 65
1488 15 3 65
1477 13 1 65
2341 13 2 65
2036 15 13 65
2512 14 13 65
4519 16 8 65
4739 2 16 65
5115 14 17 66
1429 15 17 66
4963 18 16 66
1664 16 14 66
6 8 9 66
2004 2 1 66
3063 15 18 66
2149 16 18 66
1726 17 18 66
4078 1 1 66
4414 1 2 66
4190 9 5 66
1996 10 2 66
3621 7 2 66
1943 0 2 66
757 0 3 66
664 17 17 66
4195 17 16 66
1752 17 15 66
1984 0 4 66
4334 1 4 66
2533 0 8 66
1872 0 9 66
4580 0 10 66
679 2 4 66
5771 16 15 66
1324 15 15 66
412 14 15 66
5275 19 8 66
786 18 8 66
2767 13 16 67
5505 0 13 67
916 13 13 67
890 0 12 67
1237 13 15 67
3779 12 13 67
3777 12 4 67
1786 2 5 67
3374 5 1 67
5373 0 15 67
2137 1 15 67
3969 2 15 67
411 2 16 67
5438 11 13 67
4694 5 0 67
3966 0 11 67
4038 3 5 67
4025 3 4 67
5278 4 4 67
5781 3 16 67
659 3 17 67
433 4 17 67
3675 6 17 67
2422 8 15 69
5509 16 9 69
5292 7 12 69
1636 16 8 69
1890 10 1 69
677 8 2 69
4755 15 14 70
1254 1 13 70
3746 1 12 70
1349 19 9 70
3267 17 9 70
2579 7 18 70
110 6 18 70
2382 6 17 70
4804 1 11 70
5067 2 11 70
863 3 11 70
2130 3 15 71
5862 16 16 71
4577 3 16 71
763 14 16 71
3072 6 16 71
1341 4 12 71
3081 18 9 71
788 11 6 71
1336 11 5 71
5314 2 2 71
4008 1 3 71
2955 2 3 71
2611 16 15 71
5112 2 17 71
2989 10 9 72
5541 3 7 72
340 11 4 72
1651 4 4 72
488 12 17 72
177 12 16 72
5669 9 19 73
4232 8 19 73
3997 1 8 73
5864 0 8 73
913 8 18 73
3211 0 9 73
352 0 10 73
3970 8 17 73
3569 9 17 73
856 10 17 73
3514 11 16 73
2522 0 11 73
2383 1 11 73
5590 10 16 73
2555 10 15 73
2841 6 12 73
2447 10 10 73
417 15 6 73
1886 0 5 73
276 1 5 73
776 1 6 73
806 3 0 73
4930 3 1 73
2389 3 2 73
4921 7 1 73
1755 14 8 73
4450 14 7 73
978 2 11 73
3351 3 11 73
4099 2 7 73
4940 2 6 73
1951 3 6 73
2185 16 12 73
1604 15 12 73
3070 1 18 73
2738 15 13 73
360 0 17 74
3477 7 17 74
5755 6 17 74
2250 10 11 74
1608 9 11 74
2721 9 12 74
1084 18 4 74
1538 17 4 74
148 16 4 74
2678 8 8 74
3000 4 7 74
4388 5 7 74
241 14 1 74
3949 5 6 74
4182 5 5 74
3764 4 5 74
3133 13 1 74
3804 13 2 74
3248 3 5 74
3228 19 6 75
2657 19 7 75
2937 19 8 75
1166 12 6 75
1035 13 6 75
4640 10 8 75
5205 18 8 75
1389 17 8 75
5363 14 6 75
4311 13 17 75
3459 7 16 76
5709 6 13 76
349 6 9 76
5470 6 10 76
5291 7 13 76
2751 6 7 76
2040 6 6 76
1407 6 5 76
2334 6 4 76
1288 6 3 76
1904 17 0 76
4462 17 1 76
5631 17 2 76
4102 16 2 76
3688 16 3 76
5850 15 3 76
3887 1 19 76
2659 18 13 76
1043 1 18 76
886 18 18 76
1778 16 17 77
1822 4 0 77
3566 5 0 77
728 17 13 77
1187 1 17 77
668 1 16 78
4443 15 12 78
2599 13 18 78
3533 13 17 78
1208 4 9 78
2403 4 10 78
2947 11 10 78
3980 11 9 78
470 11 8 78
1358 11 7 78
2992 10 7 78
5821 16 10 78
156 16 11 78
1272 16 12 78
343 7 8 78
4977 7 7 78
1634 7 6 78
944 8 6 78
3186 12 17 78
5681 12 16 78
4261 12 15 78
2230 0 14 79
1335 0 19 79
1431 1 19 79
2739 1 18 79
4991 0 15 79
208 1 15 79
5621 1 17 79
2358 3 12 79
1170 10 12 79
185 10 13 79
1695 9 13 79
3275 8 1 79
1354 2 15 79
2002 2 16 79
2417 11 12 79
4362 11 13 79
427 4 13 79
2559 19 19 80
327 19 18 80
4599 18 18 80
4224 18 17 80
1988 17 14 80
4125 11 15 80
4218 18 6 80
803 18 7 80
2690 2 0 80
4827 1 0 80
5641 16 1 80
426 15 1 80
594 0 0 80
1929 0 1 80
5422 15 4 80
4794 15 2 80
2509 4 6 80
4533 12 2 80
4493 11 2 80
2808 5 4 80
1248 5 3 80
820 17 7 80
82 17 17 80
1249 17 16 80
3188 19 14 81
561 2 18 81
2101 7 19 81
3755 7 18 81
1127 6 18 81
2347 4 18 81
3476 6 14 81
3460 16 0 81
4017 18 0 81
4173 17 0 81
5645 17 1 81
5489 17 2 81
2759 16 2 81
753 0 6 81
1819 0 7 81
2756 8 7 81
2395 1 7 81
2003 2 7 81
5556 13 4 81
3503 12 1 81
1790 11 1 81
3912 2 17 81
2178 3 17 81
4105 4 17 81
4016 13 0 81
4085 13 1 81
2556 13 2 81
5865 2 6 81
4662 3 6 81
669 3 5 81
2725 19 15 81
346 18 15 81
4303 18 11 81
4691 4 19 82
2576 4 15 82
375 10 2 82
4711 19 1 82
4066 18 1 82
425 18 2 82
5249 7 3 82
4492 7 2 82
4228 13 8 82
2840 18 3 82
2704 17 3 82
5831 18 10 83
3910 6 19 83
4034 5 19 83
2015 5 18 83
2174 11 11 83
4135 11 12 83
2776 11 13 83
4029 2 13 83
2695 3 13 83
3704 4 13 83
5124 5 13 83
5844 5 12 83
3611 1 1 83
120 1 2 83
2844 9 5 83
4811 12 0 83
4440 11 0 83
2338 10 0 83
2194 0 2 83
1629 0 3 83
285 0 4 83
5041 1 4 83
3108 2 4 83
5686 5 17 83
2785 5 16 83
4216 14 9 83
1285 1 10 83
5305 2 10 83
5806 2 11 83
3189 5 10 83
49 14 8 83
445 14 7 83
3689 5 15 83
4705 14 18 84
5743 17 11 84
3493 18 11 84
681 19 16 84
3194 19 15 84
4584 15 16 84
4127 15 9 84
3869 15 8 84
2471 19 4 84
5633 19 5 84
193 15 7 84
4412 18 5 84
1016 17 5 84
5636 19 11 84
5538 19 12 84
5300 19 13 84
4765 18 13 84
2661 17 13 84
5792 16 13 84
5668 15 13 84
2071 18 14 85
5387 12 18 85
3299 15 19 85
1732 3 0 85
5841 18 15 85
3653 7 1 85
3234 15 18 85
4300 16 18 85
1959 17 18 85
1040 17 17 85
5038 17 16 85
4480 17 15 85
3193 16 15 85
5643 15 15 85
4237 14 15 85
4472 16 7 85
1806 16 6 85
1345 16 5 85
4009 8 16 86
5838 9 16 86
605 9 15 86
2394 15 6 86
4903 0 5 86
4309 1 5 86
2096 1 6 86
3837 2 6 86
3272 3 6 86
2730 2 1 86
3251 3 1 86
4002 3 2 86
970 11 19 86
4012 2 11 86
4399 4 14 87
977 4 8 87
126 1 9 87
3602 1 10 87
4314 5 14 87
2008 3 8 87
2979 6 8 87
1625 5 8 87
2248 3 9 87
2962 5 9 87
5146 5 10 87
1269 19 2 87
3956 10 10 87
5462 19 3 87
5857 12 5 87
2715 13 5 87
1511 2 2 87
571 1 3 87
4122 2 3 87
5630 8 3 87
2219 18 3 87
1928 17 3 87
3789 16 3 87
3996 15 3 87
1774 15 10 88
5295 10 16 88
3283 10 15 88
807 6 12 88
3 7 9 88
862 7 8 88
4394 7 7 88
3461 7 6 88
5222 8 6 88
3204 11 6 88
2166 11 5 88
4289 16 10 88
4448 14 12 88
1033 14 0 88
5294 18 9 88
4636 18 8 88
4298 13 0 88
2495 2 12 89
1485 3 10 89
4929 4 12 89
3439 14 10 89
2148 14 9 89
965 14 8 89
334 7 10 89
2538 9 4 89
4974 19 10 90
1750 3 14 90
2106 10 19 90
1181 9 18 90
907 10 18 90
4889 19 11 90
4230 19 12 90
2428 19 13 90
4496 2 14 90
3953 18 13 90
1055 17 13 90
4113 12 9 90
2401 12 8 90
3957 14 1 90
3274 2 5 90
1692 4 1 90
5451 8 2 90
2735 5 1 90
2055 2 15 90
4749 2 16 90
1855 2 17 90
2384 3 18 90
4336 4 7 90
3252 13 19 91
838 12 19 91
3400 11 19 91
188 16 14 91
5397 11 18 91
3125 14 16 91
1416 11 16 91
5796 12 13 91
5158 5 15 91
3279 17 9 91
615 9 10 91
341 9 9 91
4728 12 4 91
3650 5 7 91
1160 5 6 91
307 5 5 91
4763 3 5 91
4408 3 3 91
3932 3 4 91
5622 14 11 92
5465 15 11 92
1026 18 16 92
1981 3 16 92
4961 2 8 92
4863 2 9 92
4746 2 10 92
2226 19 9 92
135 10 13 92
131 18 9 92
2511 9 13 92
4654 18 4 92
4564 17 4 92
3741 17 6 92
3139 12 7 92
490 16 4 92
242 14 2 92
11 11 4 92
9 8 5 92
1992 8 4 92
3253 8 1 92
3849 16 11 92
3687 13 15 92
2427 0 12 92
4689 16 12 92
2218 16 13 92
348 15 13 92
5267 18 8 92
5446 17 8 92
4687 8 17 92
5401 7 12 93
4769 12 10 93
4112 13 10 93
3037 16 9 93
625 19 0 93
4779 13 9 93
3572 16 8 93
2326 19 1 93
532 13 8 93
33 13 7 93
5299 18 1 93
5078 18 2 93
2141 15 0 93
1190 14 0 93
194 14 7 93
10 14 6 93
5855 0 0 93
954 0 1 93
5223 15 4 93
2638 13 0 93
2289 13 1 93
1776 13 4 93
5302 3 19 93
4948 3 18 93
333 18 3 93
5105 17 16 93
2518 13 11 94
2237 3 12 94
5055 10 12 94
4194 16 1 94
4014 15 1 94
2974 15 2 94
1862 9 8 94
4770 9 5 94
4523 12 2 94
4306 12 1 94
3372 11 2 94
2578 11 1 94
4844 17 15 94
1721 12 0 94
1331 11 0 94
5073 8 18 94
3880 8 17 94
4080 0 16 95
3225 0 15 95
332 12 11 95
4283 12 12 95
2727 13 12 95
1658 14 12 95
1498 1 12 95
80 2 0 95
4703 1 0 95
4141 1 1 95
2825 0 6 95
2271 0 7 95
5601 18 19 96
2691 17 19 96
2494 2 19 96
2466 3 19 96
1701 1 8 96
1450 0 8 96
203 4 16 96
5464 1 14 96
1502 1 15 96
5283 2 15 96
5014 2 16 96
4816 3 18 96
5494 0 13 97
5142 0 12 97
5009 5 16 97
3327 13 13 97
2513 7 15 97
1877 10 11 97
764 5 10 97
154 9 11 97
4356 1 18 97
4973 9 19 98
357 14 17 98
