1998
0 0 44133532 0 
0 0 0 103067015 
44133532 0 44133532 34199687 
44133532 0 101321153 0 
44133532 34199687 49590395 34676195 
44133532 34199687 44133532 34199687 
49590395 34676195 64322646 34676195 
49590395 34676195 49590395 66678204 
64322646 34676195 69402539 39575722 
64322646 34676195 64322646 34676195 
101321153 0 112832228 0 
101321153 0 101321153 13261943 
0 103067015 28655749 103067015 
0 103067015 0 170520981 
69402539 39575722 69402539 49848664 
69402539 39575722 85626621 39575722 
112832228 0 178785463 0 
112832228 0 112832228 207179 
101321153 13261943 101321153 17665675 
101321153 13261943 105542061 13261943 
101321153 17665675 111376697 19551091 
101321153 17665675 101321153 17665675 
69402539 49848664 71103902 50277865 
69402539 49848664 69402539 49848664 
71103902 50277865 76498126 50277865 
71103902 50277865 71103902 63657554 
85626621 39575722 99935773 45428114 
85626621 39575722 85626621 39575722 
76498126 50277865 79794462 50277865 
76498126 50277865 76498126 54708671 
111376697 19551091 127837382 22935301 
111376697 19551091 111376697 19551091 
28655749 103067015 28655749 124818462 
28655749 103067015 56500886 103067015 
99935773 45428114 99935773 67404552 
99935773 45428114 101143452 45428114 
127837382 22935301 127837382 36283736 
127837382 22935301 144103837 22935301 
28655749 124818462 34108565 124818462 
28655749 124818462 28655749 150489295 
56500886 103067015 56500886 110323155 
56500886 103067015 68303801 103067015 
127837382 36283736 128062482 36283736 
127837382 36283736 127837382 38553443 
56500886 110323155 61242102 112862937 
56500886 110323155 56500886 110323155 
144103837 22935301 151882479 22935301 
144103837 22935301 144103837 29176140 
99935773 67404552 99946736 67742482 
99935773 67404552 99935773 67404552 
99946736 67742482 118934750 67742482 
99946736 67742482 99946736 75829050 
0 170520981 0 190315049 
0 170520981 11529181 170520981 
61242102 112862937 61242102 131783706 
61242102 112862937 86125893 112862937 
151882479 22935301 155208907 29817913 
151882479 22935301 151882479 22935301 
178785463 0 178785463 4192258 
178785463 0 241935813 0 
178785463 4192258 180986045 8418825 
178785463 4192258 178785463 4192258 
155208907 29817913 168841712 29817913 
155208907 29817913 155208907 43824216 
0 190315049 0 194186498 
0 190315049 3278307 190315049 
61242102 131783706 61242102 161034623 
61242102 131783706 66170228 131783706 
0 194186498 24841616 194186498 
0 194186498 0 242848160 
168841712 29817913 170829338 38589801 
168841712 29817913 168841712 29817913 
86125893 112862937 92162272 137028415 
86125893 112862937 86125893 112862937 
155208907 43824216 155208907 55176064 
155208907 43824216 159860798 43824216 
155208907 55176064 159126218 69541850 
155208907 55176064 155208907 55176064 
24841616 194186498 36669402 203892025 
24841616 194186498 24841616 194186498 
61242102 161034623 71530301 161034623 
61242102 161034623 61242102 177058360 
159126218 69541850 159126218 83252061 
159126218 69541850 184995181 69541850 
92162272 137028415 92162272 155998902 
92162272 137028415 134375223 137028415 
36669402 203892025 70788361 203892025 
36669402 203892025 36669402 210377445 
241935813 0 285265866 0 
241935813 0 241935813 43735121 
159126218 83252061 166113711 83252061 
159126218 83252061 159126218 95855835 
0 242848160 1101672 258379500 
0 242848160 0 242848160 
92162272 155998902 94817736 162875268 
92162272 155998902 92162272 155998902 
166113711 83252061 172144520 83252061 
166113711 83252061 166113711 85426708 
184995181 69541850 191460575 69541850 
184995181 69541850 184995181 78084564 
172144520 83252061 176874341 104594800 
172144520 83252061 172144520 83252061 
94817736 162875268 95720412 166934025 
94817736 162875268 94817736 162875268 
1101672 258379500 1101672 284991909 
1101672 258379500 28155878 258379500 
191460575 69541850 207706380 70674078 
191460575 69541850 191460575 69541850 
95720412 166934025 113436338 173960758 
95720412 166934025 95720412 166934025 
134375223 137028415 143926991 137028415 
134375223 137028415 134375223 150603473 
70788361 203892025 78199300 205747755 
70788361 203892025 70788361 203892025 
207706380 70674078 219852795 70674078 
207706380 70674078 207706380 82070699 
176874341 104594800 182514072 121287614 
176874341 104594800 176874341 104594800 
78199300 205747755 91713413 205747755 
78199300 205747755 78199300 222179603 
285265866 0 285265866 18616663 
285265866 0 338244298 0 
1101672 284991909 9381530 284991909 
1101672 284991909 1101672 319971973 
113436338 173960758 130010543 173960758 
113436338 173960758 113436338 174466222 
219852795 70674078 230768353 75941441 
219852795 70674078 219852795 70674078 
9381530 284991909 44903634 286229386 
9381530 284991909 9381530 284991909 
91713413 205747755 91713413 219168038 
91713413 205747755 105660165 205747755 
78199300 222179603 78199300 231965726 
78199300 222179603 79790332 222179603 
182514072 121287614 182514072 143566754 
182514072 121287614 203667181 121287614 
285265866 18616663 285265866 49890169 
285265866 18616663 296336902 18616663 
130010543 173960758 130010543 176951875 
130010543 173960758 146451044 173960758 
230768353 75941441 230768353 101956605 
230768353 75941441 242720739 75941441 
130010543 176951875 131832344 176951875 
130010543 176951875 130010543 177651880 
78199300 231965726 86444953 241501439 
78199300 231965726 78199300 231965726 
91713413 219168038 94080348 222057361 
91713413 219168038 91713413 219168038 
105660165 205747755 105660165 214526454 
105660165 205747755 107811379 205747755 
105660165 214526454 118722803 214700365 
105660165 214526454 105660165 214526454 
146451044 173960758 158788341 173960758 
146451044 173960758 146451044 200314816 
1101672 319971973 24028207 319971973 
1101672 319971973 1101672 387347167 
182514072 143566754 182514072 156502701 
182514072 143566754 213659733 143566754 
230768353 101956605 251747990 106974447 
230768353 101956605 230768353 101956605 
118722803 214700365 118722803 233264547 
118722803 214700365 130319037 214700365 
285265866 49890169 285265866 73769726 
285265866 49890169 298734434 49890169 
338244298 0 338244298 33895734 
338244298 0 413943595 0 
182514072 156502701 188315122 172459997 
182514072 156502701 182514072 156502701 
24028207 319971973 24028207 327083974 
24028207 319971973 30675371 319971973 
24028207 327083974 40452060 327083974 
24028207 327083974 24028207 342514394 
118722803 233264547 131661307 237286677 
118722803 233264547 118722803 233264547 
251747990 106974447 266747174 106974447 
251747990 106974447 251747990 123489514 
285265866 73769726 286467494 89782992 
285265866 73769726 285265866 73769726 
188315122 172459997 213530678 182899684 
188315122 172459997 188315122 172459997 
40452060 327083974 44194474 331865577 
40452060 327083974 40452060 327083974 
131661307 237286677 153975881 237286677 
131661307 237286677 131661307 264048796 
338244298 33895734 338244298 74267931 
338244298 33895734 353865661 33895734 
266747174 106974447 269309151 118867492 
266747174 106974447 266747174 106974447 
251747990 123489514 252960861 127628488 
251747990 123489514 251747990 123489514 
44194474 331865577 90063692 341226274 
44194474 331865577 44194474 331865577 
252960861 127628488 252960861 149058805 
252960861 127628488 253703508 127628488 
1101672 387347167 1101672 430872406 
1101672 387347167 5438229 387347167 
153975881 237286677 153975881 252164670 
153975881 237286677 178814124 237286677 
213530678 182899684 213530678 202692569 
213530678 182899684 225515994 182899684 
252960861 149058805 299459886 156985193 
252960861 149058805 252960861 149058805 
153975881 252164670 154149568 262826836 
153975881 252164670 153975881 252164670 
338244298 74267931 361334848 74267931 
338244298 74267931 338244298 100368741 
413943595 0 439070679 0 
413943595 0 413943595 25585688 
178814124 237286677 188990525 239824803 
178814124 237286677 178814124 237286677 
213530678 202692569 220442596 222285948 
213530678 202692569 213530678 202692569 
154149568 262826836 165801374 266324195 
154149568 262826836 154149568 262826836 
90063692 341226274 123712594 341226274 
90063692 341226274 90063692 342627606 
1101672 430872406 19223319 430872406 
1101672 430872406 1101672 473908447 
165801374 266324195 165801374 290588743 
165801374 266324195 207294592 266324195 
361334848 74267931 361334848 82957363 
361334848 74267931 382802865 74267931 
439070679 0 471676021 0 
439070679 0 439070679 121241 
413943595 25585688 420912979 25585688 
413943595 25585688 413943595 36220545 
220442596 222285948 239694442 222285948 
220442596 222285948 220442596 234401092 
361334848 82957363 368763438 98984964 
361334848 82957363 361334848 82957363 
420912979 25585688 429316622 25585688 
420912979 25585688 420912979 26430890 
19223319 430872406 59264833 443662220 
19223319 430872406 19223319 430872406 
429316622 25585688 430349287 40441985 
429316622 25585688 429316622 25585688 
165801374 290588743 181294226 290588743 
165801374 290588743 165801374 291993451 
299459886 156985193 306299846 163803367 
299459886 156985193 299459886 156985193 
382802865 74267931 406976079 74267931 
382802865 74267931 382802865 82915977 
239694442 222285948 257088007 222285948 
239694442 222285948 239694442 243937598 
123712594 341226274 123712594 362751044 
123712594 341226274 160963194 341226274 
368763438 98984964 369312875 125533179 
368763438 98984964 368763438 98984964 
430349287 40441985 430349287 41255419 
430349287 40441985 430622345 40441985 
430349287 41255419 435222522 41255419 
430349287 41255419 430349287 58275388 
471676021 0 471676021 11300233 
471676021 0 513034163 0 
181294226 290588743 181294226 304126816 
181294226 290588743 202845283 290588743 
1101672 473908447 1101672 515819978 
1101672 473908447 19737882 473908447 
257088007 222285948 282804189 222285948 
257088007 222285948 257088007 229591169 
406976079 74267931 419717215 74267931 
406976079 74267931 406976079 94213642 
471676021 11300233 473798282 13630319 
471676021 11300233 471676021 11300233 
239694442 243937598 251874536 243937598 
239694442 243937598 239694442 245662446 
181294226 304126816 190229979 314389306 
181294226 304126816 181294226 304126816 
123712594 362751044 132342660 362751044 
123712594 362751044 123712594 414107617 
202845283 290588743 232556074 290588743 
202845283 290588743 202845283 291122453 
419717215 74267931 447412706 74267931 
419717215 74267931 419717215 83207090 
369312875 125533179 380787576 125533179 
369312875 125533179 369312875 126664982 
132342660 362751044 138104689 362751044 
132342660 362751044 132342660 363074823 
138104689 362751044 138104689 374088218 
138104689 362751044 144005245 362751044 
160963194 341226274 186734330 357211125 
160963194 341226274 160963194 341226274 
59264833 443662220 61594318 472331739 
59264833 443662220 59264833 443662220 
282804189 222285948 296200275 222285948 
282804189 222285948 282804189 253898370 
380787576 125533179 380787576 130727912 
380787576 125533179 389131817 125533179 
380787576 130727912 380787576 133998550 
380787576 130727912 381795076 130727912 
138104689 374088218 142127307 378086374 
138104689 374088218 138104689 374088218 
513034163 0 513034163 17725903 
513034163 0 598178266 0 
380787576 133998550 380787576 166105693 
380787576 133998550 408750482 133998550 
1101672 515819978 1101672 546379830 
1101672 515819978 31850685 515819978 
296200275 222285948 303414767 234230871 
296200275 222285948 296200275 222285948 
142127307 378086374 160945381 386683197 
142127307 378086374 142127307 378086374 
447412706 74267931 447412706 102678381 
447412706 74267931 466022154 74267931 
232556074 290588743 246899894 290588743 
232556074 290588743 232556074 306982984 
513034163 17725903 513034163 37407177 
513034163 17725903 518849695 17725903 
61594318 472331739 70561242 472331739 
61594318 472331739 61594318 501199349 
246899894 290588743 277778317 298576443 
246899894 290588743 246899894 290588743 
303414767 234230871 308599795 241543816 
303414767 234230871 303414767 234230871 
123712594 414107617 123712594 424787152 
123712594 414107617 136834231 414107617 
70561242 472331739 76613394 474132764 
70561242 472331739 70561242 472331739 
186734330 357211125 242333940 359557597 
186734330 357211125 186734330 357211125 
380787576 166105693 411198889 166105693 
380787576 166105693 380787576 173825660 
1101672 546379830 1101672 621719853 
1101672 546379830 16642595 546379830 
160945381 386683197 163906479 388036334 
160945381 386683197 160945381 386683197 
31850685 515819978 38960718 515819978 
31850685 515819978 31850685 521503987 
123712594 424787152 126132757 446286575 
123712594 424787152 123712594 424787152 
447412706 102678381 447412706 128634934 
447412706 102678381 465241633 102678381 
308599795 241543816 327133799 241543816 
308599795 241543816 308599795 266576357 
513034163 37407177 539975412 37407177 
513034163 37407177 513034163 70645167 
163906479 388036334 167868496 388036334 
163906479 388036334 163906479 389325306 
167868496 388036334 196299569 388036334 
167868496 388036334 167868496 421500415 
61594318 501199349 61594318 505779555 
61594318 501199349 68446111 501199349 
61594318 505779555 65092816 539694295 
61594318 505779555 61594318 505779555 
327133799 241543816 329583396 241543816 
327133799 241543816 327133799 256570727 
68446111 501199349 83268400 502433868 
68446111 501199349 68446111 501199349 
329583396 241543816 338881834 241543816 
329583396 241543816 329583396 241692181 
126132757 446286575 126231405 446286575 
126132757 446286575 126132757 447137196 
447412706 128634934 463416380 137861872 
447412706 128634934 447412706 128634934 
277778317 298576443 307194025 298576443 
277778317 298576443 277778317 313679822 
411198889 166105693 412432843 178661950 
411198889 166105693 411198889 166105693 
539975412 37407177 549337032 37407177 
539975412 37407177 539975412 57920414 
338881834 241543816 341701364 246084753 
338881834 241543816 338881834 241543816 
513034163 70645167 519233957 83988513 
513034163 70645167 513034163 70645167 
196299569 388036334 208513146 389805082 
196299569 388036334 196299569 388036334 
83268400 502433868 86250254 514919875 
83268400 502433868 83268400 502433868 
549337032 37407177 549337032 44865970 
549337032 37407177 562967187 37407177 
341701364 246084753 341701364 253258774 
341701364 246084753 354045200 246084753 
167868496 421500415 167868496 432445065 
167868496 421500415 168653599 421500415 
412432843 178661950 412432843 184797063 
412432843 178661950 418067002 178661950 
549337032 44865970 549668728 47093025 
549337032 44865970 549337032 44865970 
341701364 253258774 345213220 253258774 
341701364 253258774 341701364 257790710 
412432843 184797063 416140341 212143958 
412432843 184797063 412432843 184797063 
539975412 57920414 540069606 68740143 
539975412 57920414 539975412 57920414 
598178266 0 613594542 0 
598178266 0 598178266 24059289 
354045200 246084753 354045200 260139322 
354045200 246084753 359150957 246084753 
167868496 432445065 167868496 447700053 
167868496 432445065 193278854 432445065 
463416380 137861872 474355743 137861872 
463416380 137861872 463416380 146789140 
242333940 359557597 242333940 367081289 
242333940 359557597 283558263 359557597 
65092816 539694295 81117686 539694295 
65092816 539694295 65092816 557546180 
307194025 298576443 307194025 321792146 
307194025 298576443 319451525 298576443 
540069606 68740143 564843456 68740143 
540069606 68740143 540069606 104548704 
242333940 367081289 243141239 367438535 
242333940 367081289 242333940 367081289 
243141239 367438535 243141239 387448019 
243141239 367438535 250505855 367438535 
474355743 137861872 474355743 142440501 
474355743 137861872 474787345 137861872 
613594542 0 613594542 11084422 
613594542 0 681339242 0 
354045200 260139322 354045200 272574972 
354045200 260139322 383918552 260139322 
167868496 447700053 167868496 476699055 
167868496 447700053 177781041 447700053 
474355743 142440501 490397965 170021018 
474355743 142440501 474355743 142440501 
81117686 539694295 81117686 542864010 
81117686 539694295 105463821 539694295 
65092816 557546180 65092816 574543344 
65092816 557546180 67890411 557546180 
1101672 621719853 1101672 639242368 
1101672 621719853 25698347 621719853 
81117686 542864010 82299920 550844739 
81117686 542864010 81117686 542864010 
613594542 11084422 615917993 21160619 
613594542 11084422 613594542 11084422 
193278854 432445065 232260051 432445065 
193278854 432445065 193278854 438168025 
354045200 272574972 361760170 307722431 
354045200 272574972 354045200 272574972 
416140341 212143958 442202394 226164918 
416140341 212143958 416140341 212143958 
307194025 321792146 313614186 328739423 
307194025 321792146 307194025 321792146 
243141239 387448019 243141239 397285055 
243141239 387448019 250318319 387448019 
82299920 550844739 86486123 550844739 
82299920 550844739 82299920 552814221 
564843456 68740143 577282964 84380825 
564843456 68740143 564843456 68740143 
615917993 21160619 615917993 32344845 
615917993 21160619 620920417 21160619 
86486123 550844739 86486123 561426426 
86486123 550844739 96647259 550844739 
65092816 574543344 65092816 613907160 
65092816 574543344 77165465 574543344 
1101672 639242368 1101672 694376502 
1101672 639242368 16133945 639242368 
243141239 397285055 246814627 397285055 
243141239 397285055 243141239 398396523 
313614186 328739423 329464411 328739423 
313614186 328739423 313614186 340865258 
283558263 359557597 295278018 359557597 
283558263 359557597 283558263 379319446 
383918552 260139322 416684857 260139322 
383918552 260139322 383918552 264737332 
246814627 397285055 246814627 404611735 
246814627 397285055 249810423 397285055 
167868496 476699055 167868496 526862892 
167868496 476699055 194509973 476699055 
540069606 104548704 540069606 119018964 
540069606 104548704 540157222 104548704 
86486123 561426426 86486123 567781491 
86486123 561426426 92167970 561426426 
615917993 32344845 624464292 32344845 
615917993 32344845 615917993 32940219 
246814627 404611735 256387119 404611735 
246814627 404611735 246814627 417782995 
86486123 567781491 113284890 577026372 
86486123 567781491 86486123 567781491 
295278018 359557597 311832819 359557597 
295278018 359557597 295278018 364422147 
624464292 32344845 624464292 51845970 
624464292 32344845 645225637 32344845 
329464411 328739423 332794454 329799676 
329464411 328739423 329464411 328739423 
540069606 119018964 540069606 143644924 
540069606 119018964 550011655 119018964 
490397965 170021018 506086526 170021018 
490397965 170021018 490397965 172834464 
332794454 329799676 339463159 329799676 
332794454 329799676 332794454 343225148 
232260051 432445065 232260051 439566652 
232260051 432445065 253033702 432445065 
442202394 226164918 442202394 247104479 
442202394 226164918 466798693 226164918 
339463159 329799676 348683316 329799676 
339463159 329799676 339463159 332889166 
311832819 359557597 322004536 378219665 
311832819 359557597 311832819 359557597 
232260051 439566652 238156813 444242880 
232260051 439566652 232260051 439566652 
506086526 170021018 517720477 170021018 
506086526 170021018 506086526 180049310 
624464292 51845970 636274141 51845970 
624464292 51845970 624464292 56386270 
416684857 260139322 419406098 264392936 
416684857 260139322 416684857 260139322 
645225637 32344845 647395833 36312101 
645225637 32344845 645225637 32344845 
65092816 613907160 86581615 639599838 
65092816 613907160 65092816 613907160 
681339242 0 684853879 0 
681339242 0 681339242 1902887 
238156813 444242880 238156813 457443667 
238156813 444242880 244424170 444242880 
540069606 143644924 540069606 151173810 
540069606 143644924 540802042 143644924 
684853879 0 701586048 0 
684853879 0 684853879 17703516 
517720477 170021018 521296653 170021018 
517720477 170021018 517720477 173077369 
636274141 51845970 661069966 51845970 
636274141 51845970 636274141 91730019 
442202394 247104479 442202394 266313713 
442202394 247104479 447781541 247104479 
113284890 577026372 119297993 577026372 
113284890 577026372 113284890 581687918 
540069606 151173810 540069606 160351660 
540069606 151173810 583466963 151173810 
466798693 226164918 498752717 226164918 
466798693 226164918 466798693 230663552 
167868496 526862892 186278249 526862892 
167868496 526862892 167868496 528394841 
1101672 694376502 19859372 694376502 
1101672 694376502 1101672 747693414 
238156813 457443667 266698125 457443667 
238156813 457443667 238156813 478196487 
119297993 577026372 137534610 577026372 
119297993 577026372 119297993 577195524 
322004536 378219665 342716458 378219665 
322004536 378219665 322004536 418641769 
540069606 160351660 540069606 197909959 
540069606 160351660 548062125 160351660 
701586048 0 728230473 0 
701586048 0 701586048 3902889 
442202394 266313713 442202394 302342401 
442202394 266313713 449867667 266313713 
661069966 51845970 677521344 51845970 
661069966 51845970 661069966 67252301 
186278249 526862892 186278249 548877223 
186278249 526862892 189784942 526862892 
19859372 694376502 19859372 712388302 
19859372 694376502 33131826 694376502 
137534610 577026372 139526857 577026372 
137534610 577026372 137534610 597751203 
342716458 378219665 342716458 386002356 
342716458 378219665 389779133 378219665 
266698125 457443667 276133654 483606639 
266698125 457443667 266698125 457443667 
498752717 226164918 498752717 252082950 
498752717 226164918 501916941 226164918 
86581615 639599838 96242481 639600265 
86581615 639599838 86581615 639599838 
636274141 91730019 645985562 91730019 
636274141 91730019 636274141 110816870 
728230473 0 741030240 0 
728230473 0 728230473 9449183 
342716458 386002356 345568982 401949830 
342716458 386002356 342716458 386002356 
677521344 51845970 681685084 63664526 
677521344 51845970 677521344 51845970 
19859372 712388302 43764275 720865892 
19859372 712388302 19859372 712388302 
583466963 151173810 588654772 151173810 
583466963 151173810 583466963 171799155 
186278249 548877223 186278249 579368692 
186278249 548877223 233167623 548877223 
96242481 639600265 139936430 646738308 
96242481 639600265 96242481 639600265 
645985562 91730019 666691023 91730019 
645985562 91730019 645985562 95163617 
540069606 197909959 550355049 197909959 
540069606 197909959 540069606 217200306 
588654772 151173810 593598502 151173810 
588654772 151173810 588654772 153169058 
322004536 418641769 322004536 435876283 
322004536 418641769 328131106 418641769 
741030240 0 756975977 0 
741030240 0 741030240 8394050 
442202394 302342401 442202394 332481042 
442202394 302342401 462763810 302342401 
593598502 151173810 595634199 151173810 
593598502 151173810 593598502 154202844 
681685084 63664526 681685084 71973428 
681685084 63664526 689473481 63664526 
636274141 110816870 636607683 138772880 
636274141 110816870 636274141 110816870 
345568982 401949830 346504388 410446152 
345568982 401949830 345568982 401949830 
550355049 197909959 552083383 197909959 
550355049 197909959 550355049 202032300 
1101672 747693414 25646921 747693414 
1101672 747693414 1101672 775401829 
498752717 252082950 498752717 256407508 
498752717 252082950 504209015 252082950 
681685084 71973428 708340638 86061224 
681685084 71973428 681685084 71973428 
498752717 256407508 501929686 260629834 
498752717 256407508 498752717 256407508 
583466963 171799155 593377555 171799155 
583466963 171799155 583466963 181001000 
346504388 410446152 360230635 413246166 
346504388 410446152 346504388 410446152 
756975977 0 770690312 0 
756975977 0 756975977 23193101 
540069606 217200306 545656032 217200306 
540069606 217200306 540069606 246723374 
322004536 435876283 322991180 435876283 
322004536 435876283 322004536 437539887 
666691023 91730019 666691023 113546308 
666691023 91730019 672139695 91730019 
276133654 483606639 297058476 483606639 
276133654 483606639 276133654 511385431 
501929686 260629834 503081211 292666180 
501929686 260629834 501929686 260629834 
43764275 720865892 46932527 720865892 
43764275 720865892 43764275 734093889 
593377555 171799155 593377555 176514255 
593377555 171799155 616281610 171799155 
186278249 579368692 195863641 618314533 
186278249 579368692 186278249 579368692 
46932527 720865892 54158591 720865892 
46932527 720865892 46932527 721260304 
593377555 176514255 596197631 189581964 
593377555 176514255 593377555 176514255 
770690312 0 770690312 9743198 
770690312 0 816744897 0 
25646921 747693414 38403744 749399930 
25646921 747693414 25646921 747693414 
360230635 413246166 372190127 413246166 
360230635 413246166 360230635 419623435 
442202394 332481042 465577511 332481042 
442202394 332481042 442202394 338235123 
54158591 720865892 54158591 726693235 
54158591 720865892 77639614 720865892 
1101672 775401829 16220274 775401829 
1101672 775401829 1101672 798791081 
666691023 113546308 666691023 148831889 
666691023 113546308 687598133 113546308 
770690312 9743198 770690312 29811498 
770690312 9743198 775973551 9743198 
297058476 483606639 306396232 483606639 
297058476 483606639 297058476 485566270 
54158591 726693235 54158591 733660005 
54158591 726693235 58597124 726693235 
233167623 548877223 245855307 548877223 
233167623 548877223 233167623 566393439 
372190127 413246166 382930445 435347390 
372190127 413246166 372190127 413246166 
596197631 189581964 596197631 227203154 
596197631 189581964 602305031 189581964 
139936430 646738308 151835973 653337257 
139936430 646738308 139936430 646738308 
276133654 511385431 288049455 519265657 
276133654 511385431 276133654 511385431 
54158591 733660005 58822870 735302663 
54158591 733660005 54158591 733660005 
616281610 171799155 616281610 182637797 
616281610 171799155 636707650 171799155 
306396232 483606639 335934964 487867596 
306396232 483606639 306396232 483606639 
16220274 775401829 20905942 775712058 
16220274 775401829 16220274 775401829 
708340638 86061224 733816136 86061224 
708340638 86061224 708340638 91759240 
245855307 548877223 270458908 548877223 
245855307 548877223 245855307 551998689 
503081211 292666180 510986450 302651608 
503081211 292666180 503081211 292666180 
20905942 775712058 25520570 789176093 
20905942 775712058 20905942 775712058 
465577511 332481042 465577511 364776079 
465577511 332481042 468437517 332481042 
77639614 720865892 77639614 735337889 
77639614 720865892 91266524 720865892 
616281610 182637797 616281610 186672982 
616281610 182637797 616630168 182637797 
233167623 566393439 246735637 566393439 
233167623 566393439 233167623 601111631 
1101672 798791081 1101672 846844809 
1101672 798791081 3225603 798791081 
770690312 29811498 783536318 44024118 
770690312 29811498 770690312 29811498 
616281610 186672982 624232029 186672982 
616281610 186672982 616281610 196833901 
151835973 653337257 173767971 653337257 
151835973 653337257 151835973 698479351 
288049455 519265657 289669022 519265657 
288049455 519265657 288049455 523278136 
636707650 171799155 636707650 180711265 
636707650 171799155 640888545 171799155 
77639614 735337889 91528213 735337889 
77639614 735337889 77639614 755455929 
246735637 566393439 253442028 566393439 
246735637 566393439 246735637 567824612 
510986450 302651608 520888401 302651608 
510986450 302651608 510986450 309828427 
195863641 618314533 211227239 626649668 
195863641 618314533 195863641 618314533 
25520570 789176093 25520570 808564302 
25520570 789176093 49981298 789176093 
666691023 148831889 674493933 149806961 
666691023 148831889 666691023 148831889 
816744897 0 844104430 0 
816744897 0 816744897 23331969 
636707650 180711265 658645334 180711265 
636707650 180711265 636707650 200520798 
270458908 548877223 300224778 548877223 
270458908 548877223 270458908 552352986 
253442028 566393439 256758165 567854466 
253442028 566393439 253442028 566393439 
733816136 86061224 739850087 86061224 
733816136 86061224 733816136 88002213 
596197631 227203154 619891772 229378353 
596197631 227203154 596197631 227203154 
520888401 302651608 520888401 329492794 
520888401 302651608 558577029 302651608 
335934964 487867596 339384110 487867596 
335934964 487867596 335934964 488709992 
674493933 149806961 699465490 149806961 
674493933 149806961 674493933 159069708 
256758165 567854466 264188744 567854466 
256758165 567854466 256758165 572350824 
739850087 86061224 739850087 118943785 
739850087 86061224 775154140 86061224 
91528213 735337889 124156327 735337889 
91528213 735337889 91528213 749028178 
173767971 653337257 182990107 664020134 
173767971 653337257 173767971 653337257 
339384110 487867596 344417292 487867596 
339384110 487867596 339384110 488746878 
783536318 44024118 796410821 49359659 
783536318 44024118 783536318 44024118 
465577511 364776079 479780969 364776079 
465577511 364776079 465577511 443420528 
264188744 567854466 264188744 596797902 
264188744 567854466 264765411 567854466 
344417292 487867596 369500959 487867596 
344417292 487867596 344417292 528175675 
25520570 808564302 35693393 808564302 
25520570 808564302 25520570 817362641 
211227239 626649668 219730882 626649668 
211227239 626649668 211227239 634995891 
49981298 789176093 50711445 791419549 
49981298 789176093 49981298 789176093 
658645334 180711265 658645334 187642858 
658645334 180711265 659858847 180711265 
50711445 791419549 50711445 806049500 
50711445 791419549 58436644 791419549 
844104430 0 844104430 17938742 
844104430 0 903130946 0 
479780969 364776079 496910736 364776079 
479780969 364776079 479780969 375894499 
796410821 49359659 796410821 60968664 
796410821 49359659 801197099 49359659 
658645334 187642858 669920906 187642858 
658645334 187642858 658645334 223821255 
219730882 626649668 237864910 626649668 
219730882 626649668 219730882 630781315 
182990107 664020134 184688656 674152883 
182990107 664020134 182990107 664020134 
1101672 846844809 7986419 846844809 
1101672 846844809 1101672 896069439 
300224778 548877223 316164653 550349563 
300224778 548877223 300224778 548877223 
619891772 229378353 623030691 250646776 
619891772 229378353 619891772 229378353 
699465490 149806961 707276907 156118054 
699465490 149806961 699465490 149806961 
151835973 698479351 167835040 698479351 
151835973 698479351 151835973 706055858 
520888401 329492794 535033552 329492794 
520888401 329492794 520888401 343250498 
7986419 846844809 9602948 846844809 
7986419 846844809 7986419 847661112 
50711445 806049500 95299943 808355012 
50711445 806049500 50711445 806049500 
369500959 487867596 399972293 491215507 
369500959 487867596 369500959 487867596 
796410821 60968664 796410821 80010495 
796410821 60968664 806591820 60968664 
669920906 187642858 686570143 187642858 
669920906 187642858 669920906 195477552 
739850087 118943785 769616304 118943785 
739850087 118943785 739850087 122249151 
184688656 674152883 184688656 686847191 
184688656 674152883 185348553 674152883 
124156327 735337889 124156327 761278406 
124156327 735337889 142812348 735337889 
264188744 596797902 281693614 604178038 
264188744 596797902 264188744 596797902 
558577029 302651608 562181118 302786605 
558577029 302651608 558577029 302651608 
496910736 364776079 508732691 364776079 
496910736 364776079 496910736 392030521 
844104430 17938742 855657341 19642363 
844104430 17938742 844104430 17938742 
707276907 156118054 707276907 166921407 
707276907 156118054 708301079 156118054 
237864910 626649668 237864910 644608224 
237864910 626649668 256156724 626649668 
562181118 302786605 562181118 323341863 
562181118 302786605 580663885 302786605 
316164653 550349563 316164653 568763151 
316164653 550349563 324196965 550349563 
184688656 686847191 184688656 702041537 
184688656 686847191 202859622 686847191 
344417292 528175675 344417292 540244360 
344417292 528175675 361890627 528175675 
508732691 364776079 519346089 364776079 
508732691 364776079 508732691 365473341 
623030691 250646776 641556410 250646776 
623030691 250646776 623030691 292400170 
707276907 166921407 731740220 166921407 
707276907 166921407 707276907 177163622 
855657341 19642363 872936057 19642363 
855657341 19642363 855657341 52470303 
796410821 80010495 796410821 83453769 
796410821 80010495 796428548 80010495 
796410821 83453769 807034489 97035394 
796410821 83453769 796410821 83453769 
658645334 223821255 660623820 223821255 
658645334 223821255 658645334 228598171 
237864910 644608224 243122350 644608224 
237864910 644608224 237864910 656948598 
256156724 626649668 264592310 631076489 
256156724 626649668 256156724 626649668 
519346089 364776079 519346089 377870981 
519346089 364776079 524689096 364776079 
344417292 540244360 348696875 540244360 
344417292 540244360 344417292 543574098 
316164653 568763151 319986988 573833257 
316164653 568763151 316164653 568763151 
124156327 761278406 129241662 764073805 
124156327 761278406 124156327 761278406 
562181118 323341863 567245496 323341863 
562181118 323341863 562181118 326139178 
281693614 604178038 281693614 617738054 
281693614 604178038 283699209 604178038 
184688656 702041537 191947672 702810025 
184688656 702041537 184688656 702041537 
243122350 644608224 250949202 646872016 
243122350 644608224 243122350 644608224 
496910736 392030521 496910736 396251089 
496910736 392030521 498412888 392030521 
399972293 491215507 399972293 520996379 
399972293 491215507 429793579 491215507 
641556410 250646776 641556410 266540097 
641556410 250646776 685679516 250646776 
872936057 19642363 874907288 19642363 
872936057 19642363 872936057 20931287 
496910736 396251089 497206860 412044549 
496910736 396251089 496910736 396251089 
129241662 764073805 156837735 766441323 
129241662 764073805 129241662 764073805 
319986988 573833257 319986988 594299104 
319986988 573833257 328732459 573833257 
874907288 19642363 879135244 19642363 
874907288 19642363 874907288 28097604 
191947672 702810025 204378163 724373408 
191947672 702810025 191947672 702810025 
237864910 656948598 244421727 667722554 
237864910 656948598 237864910 656948598 
1101672 896069439 26618096 896069439 
1101672 896069439 1101672 982180260 
519346089 377870981 549215170 382462314 
519346089 377870981 519346089 377870981 
731740220 166921407 742558317 166921407 
731740220 166921407 731740220 188869447 
879135244 19642363 888354463 19642363 
879135244 19642363 879135244 23299213 
281693614 617738054 290510547 631344519 
281693614 617738054 281693614 617738054 
903130946 0 920333270 669453 
903130946 0 903130946 0 
95299943 808355012 99466863 808355012 
95299943 808355012 95299943 835571097 
807034489 97035394 824469070 97035394 
807034489 97035394 807034489 101437811 
99466863 808355012 130780719 808355012 
99466863 808355012 99466863 810499648 
641556410 266540097 641556410 282928536 
641556410 266540097 649026128 266540097 
855657341 52470303 879794387 53908955 
855657341 52470303 855657341 52470303 
465577511 443420528 472974538 443420528 
465577511 443420528 465577511 463585051 
497206860 412044549 519026112 412044549 
497206860 412044549 497206860 416036714 
742558317 166921407 775913371 167254310 
742558317 166921407 742558317 166921407 
244421727 667722554 268028052 695067601 
244421727 667722554 244421727 667722554 
319986988 594299104 330783846 604484492 
319986988 594299104 319986988 594299104 
623030691 292400170 624897062 319680012 
623030691 292400170 623030691 292400170 
472974538 443420528 480042625 443420528 
472974538 443420528 472974538 448864744 
731740220 188869447 740186131 188869447 
731740220 188869447 731740220 190432410 
399972293 520996379 411291209 520996379 
399972293 520996379 399972293 561649180 
920333270 669453 920333270 17160574 
920333270 669453 938714838 669453 
429793579 491215507 429793579 504518300 
429793579 491215507 445138711 491215507 
824469070 97035394 837867053 97035394 
824469070 97035394 824469070 113359240 
26618096 896069439 43918600 896069439 
26618096 896069439 26618096 917642452 
156837735 766441323 158207484 789216493 
156837735 766441323 156837735 766441323 
641556410 282928536 653384827 282928536 
641556410 282928536 641556410 286039970 
204378163 724373408 204378163 738826184 
204378163 724373408 228212346 724373408 
740186131 188869447 755126574 188869447 
740186131 188869447 740186131 216596174 
465577511 463585051 465577511 474704397 
465577511 463585051 469386844 463585051 
95299943 835571097 115647202 835571097 
95299943 835571097 95299943 843882353 
549215170 382462314 560876611 383074406 
549215170 382462314 549215170 382462314 
429793579 504518300 441741950 504518300 
429793579 504518300 429793579 521952235 
837867053 97035394 850297208 100628466 
837867053 97035394 837867053 97035394 
330783846 604484492 330783846 635584092 
330783846 604484492 369088108 604484492 
653384827 282928536 663071281 282928536 
653384827 282928536 653384827 298545450 
685679516 250646776 705964180 250646776 
685679516 250646776 685679516 270253560 
920333270 17160574 920801136 22621416 
920333270 17160574 920333270 17160574 
938714838 669453 979475467 8635932 
938714838 669453 938714838 669453 
43918600 896069439 58043438 896069439 
43918600 896069439 43918600 908870619 
465577511 474704397 476758875 474704397 
465577511 474704397 465577511 483969310 
775913371 167254310 801506191 167254310 
775913371 167254310 775913371 173377180 
204378163 738826184 211680367 738826184 
204378163 738826184 204378163 745742252 
920801136 22621416 920801136 45500118 
920801136 22621416 934333946 22621416 
560876611 383074406 560876611 389823973 
560876611 383074406 570552282 383074406 
755126574 188869447 755126574 198995486 
755126574 188869447 755738582 188869447 
624897062 319680012 639079329 323505563 
624897062 319680012 624897062 319680012 
663071281 282928536 666911072 287190392 
663071281 282928536 663071281 282928536 
441741950 504518300 441741950 511131204 
441741950 504518300 444343281 504518300 
158207484 789216493 158207484 809368324 
158207484 789216493 174747791 789216493 
211680367 738826184 222104273 756933193 
211680367 738826184 211680367 738826184 
560876611 389823973 560876611 415044996 
560876611 389823973 564996014 389823973 
850297208 100628466 864581775 100628466 
850297208 100628466 850297208 127954625 
115647202 835571097 118466371 835571097 
115647202 835571097 115647202 853824992 
476758875 474704397 501071360 478793525 
476758875 474704397 476758875 474704397 
653384827 298545450 661536765 298545450 
653384827 298545450 653384827 307741012 
228212346 724373408 231265511 727926252 
228212346 724373408 228212346 724373408 
441741950 511131204 441741950 527405393 
441741950 511131204 453869926 511131204 
570552282 383074406 571874410 388414963 
570552282 383074406 570552282 383074406 
58043438 896069439 74879659 896069439 
58043438 896069439 58043438 941407975 
755126574 198995486 764698923 198995486 
755126574 198995486 755126574 199221097 
705964180 250646776 709204471 261930114 
705964180 250646776 705964180 250646776 
740186131 216596174 751914053 223527948 
740186131 216596174 740186131 216596174 
231265511 727926252 233884128 731834680 
231265511 727926252 231265511 727926252 
571874410 388414963 585631507 391709608 
571874410 388414963 571874410 388414963 
639079329 323505563 669446199 361185198 
639079329 323505563 639079329 323505563 
268028052 695067601 268363517 699823993 
268028052 695067601 268028052 695067601 
764698923 198995486 771421851 205083726 
764698923 198995486 764698923 198995486 
864581775 100628466 870530788 100628466 
864581775 100628466 864581775 106121364 
920801136 45500118 920801136 47146226 
920801136 45500118 922284330 45500118 
330783846 635584092 330783846 656402170 
330783846 635584092 336680475 635584092 
158207484 809368324 158207484 840146510 
158207484 809368324 177079014 809368324 
920801136 47146226 920801136 66695125 
920801136 47146226 952860563 47146226 
268363517 699823993 268363517 715678037 
268363517 699823993 289844307 699823993 
801506191 167254310 801506191 182723989 
801506191 167254310 819700381 167254310 
441741950 527405393 453170761 527405393 
441741950 527405393 441741950 560539808 
74879659 896069439 94085291 900274367 
74879659 896069439 74879659 896069439 
709204471 261930114 714560075 264828342 
709204471 261930114 709204471 261930114 
369088108 604484492 369088108 619601149 
369088108 604484492 388083644 604484492 
751914053 223527948 761397996 223527948 
751914053 223527948 751914053 227549283 
560876611 415044996 560876611 427220649 
560876611 415044996 566118421 415044996 
585631507 391709608 596345921 391709608 
585631507 391709608 585631507 399216865 
850297208 127954625 859858076 127954625 
850297208 127954625 850297208 132343009 
222104273 756933193 239582673 787205170 
222104273 756933193 222104273 756933193 
714560075 264828342 721653335 285871500 
714560075 264828342 714560075 264828342 
501071360 478793525 501071360 490586567 
501071360 478793525 525079292 478793525 
453170761 527405393 464219048 533876650 
453170761 527405393 453170761 527405393 
1101672 982180260 8085528 991955859 
1101672 982180260 1101672 982180260 
268363517 715678037 268363517 741235088 
268363517 715678037 271461708 715678037 
801506191 182723989 815379614 197929223 
801506191 182723989 801506191 182723989 
761397996 223527948 761397996 232213573 
761397996 223527948 769735774 223527948 
330783846 656402170 330783846 667542790 
330783846 656402170 344678281 656402170 
920801136 66695125 935620923 84873972 
920801136 66695125 920801136 66695125 
859858076 127954625 887611372 127954625 
859858076 127954625 859858076 163405428 
596345921 391709608 617352807 391709608 
596345921 391709608 596345921 395833033 
560876611 427220649 568973208 427220649 
560876611 427220649 560876611 461784217 
979475467 8635932 995554239 13496851 
979475467 8635932 979475467 8635932 
369088108 619601149 369088108 634115840 
369088108 619601149 369587210 619601149 
501071360 490586567 508490528 490586567 
501071360 490586567 501071360 512027348 
388083644 604484492 388083644 618496054 
388083644 604484492 391576006 604484492 
761397996 232213573 761397996 247090305 
761397996 232213573 775714117 232213573 
94085291 900274367 141347055 900274367 
94085291 900274367 94085291 908070596 
464219048 533876650 483799011 533876650 
464219048 533876650 464219048 544140380 
330783846 667542790 338648908 686787824 
330783846 667542790 330783846 667542790 
158207484 840146510 158207484 849052484 
158207484 840146510 190706830 840146510 
58043438 941407975 66192209 946127218 
58043438 941407975 58043438 941407975 
952860563 47146226 968058673 48203456 
952860563 47146226 952860563 47146226 
441741950 560539808 442505433 562025405 
441741950 560539808 441741950 560539808 
369088108 634115840 370748306 659168388 
369088108 634115840 369088108 634115840 
525079292 478793525 531615383 481316698 
525079292 478793525 525079292 478793525 
388083644 618496054 430650779 618496054 
388083644 618496054 388083644 618700188 
158207484 849052484 166476266 850524499 
158207484 849052484 158207484 849052484 
721653335 285871500 721653335 308464047 
721653335 285871500 738139989 285871500 
761397996 247090305 806725764 247090305 
761397996 247090305 761397996 247629034 
617352807 391709608 630726127 416915315 
617352807 391709608 617352807 391709608 
268363517 741235088 268363517 746634450 
268363517 741235088 305634968 741235088 
66192209 946127218 85838030 946127218 
66192209 946127218 66192209 966294833 
531615383 481316698 539507591 493762752 
531615383 481316698 531615383 481316698 
268363517 746634450 269283904 746634450 
268363517 746634450 268363517 755812566 
887611372 127954625 913081651 137957118 
887611372 127954625 887611372 127954625 
968058673 48203456 969558951 52459034 
968058673 48203456 968058673 48203456 
483799011 533876650 483799011 541746573 
483799011 533876650 484799085 533876650 
935620923 84873972 941283835 84873972 
935620923 84873972 935620923 102198572 
969558951 52459034 969558951 62119326 
969558951 52459034 969998437 52459034 
859858076 163405428 859900376 173641689 
859858076 163405428 859858076 163405428 
483799011 541746573 502655811 541746573 
483799011 541746573 483799011 556583983 
239582673 787205170 239582673 801582675 
239582673 787205170 259909535 787205170 
370748306 659168388 372466924 662602483 
370748306 659168388 370748306 659168388 
721653335 308464047 734179032 308464047 
721653335 308464047 721653335 309831881 
669446199 361185198 716394500 364480624 
669446199 361185198 669446199 361185198 
190706830 840146510 190706830 862714163 
190706830 840146510 214206068 840146510 
969558951 62119326 972155632 70178104 
969558951 62119326 969558951 62119326 
539507591 493762752 568776126 493762752 
539507591 493762752 539507591 517270642 
859900376 173641689 860837096 173872517 
859900376 173641689 859900376 173641689 
860837096 173872517 884235509 173872517 
860837096 173872517 860837096 207303804 
372466924 662602483 377898631 662602483 
372466924 662602483 372466924 669720301 
377898631 662602483 395273022 665055327 
377898631 662602483 377898631 662602483 
239582673 801582675 239582673 817981671 
239582673 801582675 249342395 801582675 
141347055 900274367 141347055 914830138 
141347055 900274367 150221553 900274367 
372466924 669720301 372466924 702296189 
372466924 669720301 372622857 669720301 
972155632 70178104 985532036 120224774 
972155632 70178104 972155632 70178104 
734179032 308464047 741268252 308464047 
734179032 308464047 734179032 323984168 
502655811 541746573 519943337 541746573 
502655811 541746573 502655811 562393948 
305634968 741235088 314859212 741235088 
305634968 741235088 305634968 761549189 
259909535 787205170 267983142 787205170 
259909535 787205170 259909535 791900883 
630726127 416915315 642152553 416915315 
630726127 416915315 630726127 417582173 
430650779 618496054 471606657 618496054 
430650779 618496054 430650779 620958553 
741268252 308464047 753198779 308464047 
741268252 308464047 741268252 310342155 
190706830 862714163 190706830 869092431 
190706830 862714163 198877535 862714163 
806725764 247090305 842104283 247090305 
806725764 247090305 806725764 256034918 
267983142 787205170 282187488 794871999 
267983142 787205170 267983142 787205170 
314859212 741235088 328335829 741235088 
314859212 741235088 314859212 743411595 
141347055 914830138 144793445 998480079 
141347055 914830138 141347055 914830138 
239582673 817981671 239582673 854155902 
239582673 817981671 260865700 817981671 
884235509 173872517 897320846 173872517 
884235509 173872517 884235509 180518619 
642152553 416915315 664000526 416915315 
642152553 416915315 642152553 460207675 
190706830 869092431 190706830 914740354 
190706830 869092431 195791151 869092431 
395273022 665055327 433791866 671425450 
395273022 665055327 395273022 665055327 
753198779 308464047 788202338 308464047 
753198779 308464047 753198779 343854268 
519943337 541746573 543949726 545987716 
519943337 541746573 519943337 541746573 
568776126 493762752 593344326 496593302 
568776126 493762752 568776126 493762752 
502655811 562393948 516969468 567040466 
502655811 562393948 502655811 562393948 
305634968 761549189 321260974 761549189 
305634968 761549189 305634968 768553731 
860837096 207303804 864362052 216469538 
860837096 207303804 860837096 207303804 
897320846 173872517 927338059 175542634 
897320846 173872517 897320846 173872517 
372466924 702296189 372846590 743754786 
372466924 702296189 372466924 702296189 
282187488 794871999 286808437 794871999 
282187488 794871999 282187488 798855339 
716394500 364480624 733050365 364480624 
716394500 364480624 716394500 377107930 
664000526 416915315 673375417 416915315 
664000526 416915315 664000526 421587022 
286808437 794871999 301066842 794871999 
286808437 794871999 286808437 831905754 
516969468 567040466 516969468 587108295 
516969468 567040466 525448290 567040466 
842104283 247090305 855604251 247090305 
842104283 247090305 842104283 267782047 
593344326 496593302 614018137 496593302 
593344326 496593302 593344326 551391400 
471606657 618496054 486713493 633908265 
471606657 618496054 471606657 618496054 
239582673 854155902 239582673 863816323 
239582673 854155902 243429530 854155902 
301066842 794871999 310966652 801583105 
301066842 794871999 301066842 794871999 
788202338 308464047 800144957 308464047 
788202338 308464047 788202338 317961325 
733050365 364480624 768597814 364480624 
733050365 364480624 733050365 420435959 
642152553 460207675 653424690 460207675 
642152553 460207675 642152553 461246809 
855604251 247090305 900474185 247090305 
855604251 247090305 855604251 248451398 
927338059 175542634 927338059 192224421 
927338059 175542634 948934483 175542634 
239582673 863816323 242092704 872997847 
239582673 863816323 239582673 863816323 
516969468 587108295 516969468 598468009 
516969468 587108295 534303617 587108295 
433791866 671425450 442167344 671425450 
433791866 671425450 433791866 696612575 
190706830 914740354 207153353 944331086 
190706830 914740354 190706830 914740354 
985532036 120224774 995084262 120224774 
985532036 120224774 985532036 136378756 
800144957 308464047 811349518 309868729 
800144957 308464047 800144957 308464047 
614018137 496593302 641245399 496593302 
614018137 496593302 614018137 510174868 
310966652 801583105 318170522 801583105 
310966652 801583105 310966652 807447863 
442167344 671425450 473980406 671425450 
442167344 671425450 442167344 679512844 
653424690 460207675 667876216 460207675 
653424690 460207675 653424690 468604270 
242092704 872997847 258447359 872997847 
242092704 872997847 242092704 904242508 
995084262 120224774 999788552 120224774 
995084262 120224774 995084262 123305186 
516969468 598468009 518019227 604896613 
516969468 598468009 516969468 598468009 
372846590 743754786 372846590 772516884 
372846590 743754786 373242383 743754786 
286808437 831905754 309473892 831905754 
286808437 831905754 286808437 832707967 
927338059 192224421 936694458 202154418 
927338059 192224421 927338059 192224421 
318170522 801583105 339483447 801583105 
318170522 801583105 318170522 805604553 
486713493 633908265 486713493 643740155 
486713493 633908265 487483116 633908265 
811349518 309868729 811349518 332655937 
811349518 309868729 847874875 309868729 
534303617 587108295 561228540 597391368 
534303617 587108295 534303617 587108295 
948934483 175542634 965905648 175542634 
948934483 175542634 948934483 181939814 
667876216 460207675 683214346 460207675 
667876216 460207675 667876216 472289507 
433791866 696612575 433791866 729400869 
433791866 696612575 457194444 696612575 
486713493 643740155 489903161 643740155 
486713493 643740155 486713493 652974421 
258447359 872997847 277341095 874007735 
258447359 872997847 258447359 872997847 
768597814 364480624 768597814 385656218 
768597814 364480624 779860346 364480624 
489903161 643740155 496635517 643922520 
489903161 643740155 489903161 643740155 
641245399 496593302 651733189 496593302 
641245399 496593302 641245399 511430744 
496635517 643922520 496635517 659988807 
496635517 643922520 515083413 643922520 
309473892 831905754 321283214 831905754 
309473892 831905754 309473892 834659499 
965905648 175542634 986831083 175542634 
965905648 175542634 965905648 188925119 
683214346 460207675 691926734 460398356 
683214346 460207675 683214346 460207675 
811349518 332655937 832041253 332655937 
811349518 332655937 811349518 342837681 
593344326 551391400 599635041 551391400 
593344326 551391400 593344326 571163372 
372846590 772516884 372846590 799399492 
372846590 772516884 386491785 772516884 
900474185 247090305 900474185 250604995 
900474185 247090305 901513466 247090305 
651733189 496593302 651733189 506026192 
651733189 496593302 664886109 496593302 
599635041 551391400 609592374 551391400 
599635041 551391400 599635041 554654959 
900474185 250604995 907486022 254149420 
900474185 250604995 900474185 250604995 
277341095 874007735 290281454 881029773 
277341095 874007735 277341095 874007735 
207153353 944331086 210712713 960964144 
207153353 944331086 207153353 944331086 
691926734 460398356 697013230 470180168 
691926734 460398356 691926734 460398356 
321283214 831905754 333594204 831905754 
321283214 831905754 321283214 834620143 
768597814 385656218 789882132 385656218 
768597814 385656218 768597814 395442501 
496635517 659988807 511597849 659988807 
496635517 659988807 496635517 680099354 
847874875 309868729 854184420 309868729 
847874875 309868729 847874875 314822941 
651733189 506026192 653193065 517652930 
651733189 506026192 651733189 506026192 
609592374 551391400 618900727 551391400 
609592374 551391400 609592374 555129557 
907486022 254149420 911757450 282265015 
907486022 254149420 907486022 254149420 
986831083 175542634 986831083 181648175 
986831083 175542634 994259239 175542634 
433791866 729400869 450071553 729400869 
433791866 729400869 433791866 754641161 
593344326 571163372 593344326 601237214 
593344326 571163372 596661511 571163372 
832041253 332655937 832041253 335126488 
832041253 332655937 833387962 332655937 
333594204 831905754 338426685 845291817 
333594204 831905754 333594204 831905754 
832041253 335126488 855456967 335126488 
832041253 335126488 832041253 370090798 
697013230 470180168 715636533 470180168 
697013230 470180168 697013230 512525422 
986831083 181648175 990327413 181648175 
986831083 181648175 986831083 183526885 
618900727 551391400 646896711 572245059 
618900727 551391400 618900727 551391400 
290281454 881029773 290281454 894886283 
290281454 881029773 307262582 881029773 
511597849 659988807 517938774 659988807 
511597849 659988807 511597849 670344178 
210712713 960964144 218237898 960964144 
210712713 960964144 210712713 961247456 
990327413 181648175 995070089 216434230 
990327413 181648175 990327413 181648175 
372846590 799399492 372846590 821685438 
372846590 799399492 402412839 799399492 
789882132 385656218 795771518 405577453 
789882132 385656218 789882132 385656218 
496635517 680099354 496635517 692892984 
496635517 680099354 504946982 680099354 
517938774 659988807 523822876 659988807 
517938774 659988807 517938774 662312300 
218237898 960964144 218719900 968202383 
218237898 960964144 218237898 960964144 
450071553 729400869 466258146 732223155 
450071553 729400869 450071553 729400869 
338426685 845291817 338426685 866706175 
338426685 845291817 343177465 845291817 
523822876 659988807 551302934 659988807 
523822876 659988807 523822876 668352054 
290281454 894886283 290281454 903107681 
290281454 894886283 293668199 894886283 
715636533 470180168 723792580 470180168 
715636533 470180168 715636533 476415879 
218719900 968202383 218719900 979841720 
218719900 968202383 226803345 968202383 
307262582 881029773 307262582 882032791 
307262582 881029773 316879903 881029773 
307262582 882032791 307942099 882032791 
307262582 882032791 307262582 885999025 
496635517 692892984 496635517 699524455 
496635517 692892984 498725518 692892984 
855456967 335126488 855456967 353082658 
855456967 335126488 876316470 335126488 
290281454 903107681 309915892 917197197 
290281454 903107681 290281454 903107681 
723792580 470180168 728204525 470180168 
723792580 470180168 723792580 476034341 
911757450 282265015 911757450 289924175 
911757450 282265015 916068622 282265015 
372846590 821685438 372846590 853248273 
372846590 821685438 382626299 821685438 
593344326 601237214 593344326 609926934 
593344326 601237214 593763078 601237214 
496635517 699524455 496635517 719415016 
496635517 699524455 498341914 699524455 
728204525 470180168 754434940 470180168 
728204525 470180168 728204525 470458135 
466258146 732223155 472245642 732223155 
466258146 732223155 466258146 736144905 
218719900 979841720 256738778 979841720 
218719900 979841720 218719900 991335533 
723792580 476034341 727818565 476034341 
723792580 476034341 723792580 480983170 
795771518 405577453 795771518 445155343 
795771518 405577453 804683564 405577453 
911757450 289924175 911757450 315729920 
911757450 289924175 955780984 289924175 
402412839 799399492 402412839 807807429 
402412839 799399492 410737939 799399492 
593344326 609926934 616438496 609982912 
593344326 609926934 593344326 609926934 
338426685 866706175 338426685 883678615 
338426685 866706175 345980432 866706175 
855456967 353082658 855456967 385998272 
855456967 353082658 869349508 353082658 
697013230 512525422 721734070 546977681 
697013230 512525422 697013230 512525422 
402412839 807807429 421437666 807807429 
402412839 807807429 402412839 835920565 
551302934 659988807 577413647 659988807 
551302934 659988807 551302934 696807918 
496635517 719415016 496635517 739114111 
496635517 719415016 501973732 719415016 
646896711 572245059 659642383 572245059 
646896711 572245059 646896711 591668056 
338426685 883678615 349106281 905456324 
338426685 883678615 338426685 883678615 
754434940 470180168 758316170 501562684 
754434940 470180168 754434940 470180168 
372846590 853248273 384268924 857211723 
372846590 853248273 372846590 853248273 
616438496 609982912 616438496 626996587 
616438496 609982912 632534723 609982912 
911757450 315729920 920709388 348650315 
911757450 315729920 911757450 315729920 
421437666 807807429 421437666 817011670 
421437666 807807429 425625823 807807429 
659642383 572245059 667899286 583834731 
659642383 572245059 659642383 572245059 
496635517 739114111 496699067 749661923 
496635517 739114111 496635517 739114111 
256738778 979841720 273448291 979841720 
256738778 979841720 256738778 984111630 
577413647 659988807 582005794 677285665 
577413647 659988807 577413647 659988807 
421437666 817011670 428836980 817011670 
421437666 817011670 421437666 832846070 
646896711 591668056 653683377 591668056 
646896711 591668056 646896711 603123062 
795771518 445155343 818142981 463707019 
795771518 445155343 795771518 445155343 
855456967 385998272 855456967 421556684 
855456967 385998272 882912404 385998272 
384268924 857211723 399102036 883974244 
384268924 857211723 384268924 857211723 
616438496 626996587 616438496 661318798 
616438496 626996587 626347115 626996587 
955780984 289924175 955780984 317659646 
955780984 289924175 989196606 289924175 
428836980 817011670 444670550 819504449 
428836980 817011670 428836980 817011670 
496699067 749661923 510670585 754965127 
496699067 749661923 496699067 749661923 
551302934 696807918 565188046 696807918 
551302934 696807918 551302934 732778993 
667899286 583834731 684360531 587902147 
667899286 583834731 667899286 583834731 
273448291 979841720 298682308 979841720 
273448291 979841720 273448291 991787733 
421437666 832846070 426738493 845930423 
421437666 832846070 421437666 832846070 
349106281 905456324 361821101 905456324 
349106281 905456324 349106281 943150166 
758316170 501562684 758316170 504940712 
758316170 501562684 758725107 501562684 
565188046 696807918 567745585 698478700 
565188046 696807918 565188046 696807918 
758316170 504940712 787267174 504940712 
758316170 504940712 758316170 515348712 
510670585 754965127 525789529 777276307 
510670585 754965127 510670585 754965127 
567745585 698478700 581150048 698478700 
567745585 698478700 567745585 707674008 
361821101 905456324 369516118 905456324 
361821101 905456324 361821101 907660444 
721734070 546977681 721734070 565481147 
721734070 546977681 741484026 546977681 
920709388 348650315 920709388 364703246 
920709388 348650315 950221472 348650315 
426738493 845930423 449572890 845930423 
426738493 845930423 426738493 863594755 
955780984 317659646 977173776 322450107 
955780984 317659646 955780984 317659646 
855456967 421556684 869406469 421556684 
855456967 421556684 855456967 421698665 
616438496 661318798 620721358 661318798 
616438496 661318798 616438496 661883235 
298682308 979841720 298682308 991646879 
298682308 979841720 307764562 979841720 
989196606 289924175 999142422 292850683 
989196606 289924175 989196606 289924175 
818142981 463707019 844275578 471980585 
818142981 463707019 818142981 463707019 
620721358 661318798 629627174 684739075 
620721358 661318798 620721358 661318798 
551302934 732778993 566856997 732778993 
551302934 732778993 551302934 749296722 
920709388 364703246 920709388 387108832 
920709388 364703246 923523270 364703246 
721734070 565481147 725942321 581780615 
721734070 565481147 721734070 565481147 
741484026 546977681 758045592 546977681 
741484026 546977681 741484026 550291073 
298682308 991646879 326848729 991646879 
298682308 991646879 298682308 996550066 
869406469 421556684 880455631 427012462 
869406469 421556684 869406469 421556684 
787267174 504940712 804153151 518926496 
787267174 504940712 787267174 504940712 
349106281 943150166 349106281 950745025 
349106281 943150166 369435064 943150166 
449572890 845930423 473716273 845930423 
449572890 845930423 449572890 880500192 
950221472 348650315 959661964 366700605 
950221472 348650315 950221472 348650315 
977173776 322450107 999698334 322450107 
977173776 322450107 977173776 324252994 
566856997 732778993 589555624 732778993 
566856997 732778993 566856997 733495646 
349106281 950745025 350412005 957760130 
349106281 950745025 349106281 950745025 
551302934 749296722 558055083 765175452 
551302934 749296722 551302934 749296722 
525789529 777276307 525789529 803921795 
525789529 777276307 528809865 777276307 
880455631 427012462 885770611 440598762 
880455631 427012462 880455631 427012462 
725942321 581780615 725942321 612464858 
725942321 581780615 779530752 581780615 
920709388 387108832 923696164 412423581 
920709388 387108832 920709388 387108832 
369435064 943150166 382822442 943150166 
369435064 943150166 369435064 952487188 
629627174 684739075 651120145 684739075 
629627174 684739075 629627174 687526925 
326848729 991646879 348978918 996390718 
326848729 991646879 326848729 991646879 
473716273 845930423 497952397 845930423 
473716273 845930423 473716273 854981231 
589555624 732778993 603135400 732778993 
589555624 732778993 589555624 738043809 
804153151 518926496 804153151 523896938 
804153151 518926496 858926944 518926496 
382822442 943150166 388328347 943150166 
382822442 943150166 382822442 957974761 
959661964 366700605 992258816 368253186 
959661964 366700605 959661964 366700605 
885770611 440598762 886993128 453951503 
885770611 440598762 885770611 440598762 
804153151 523896938 804153151 527556399 
804153151 523896938 805767452 523896938 
525789529 803921795 525789529 824974923 
525789529 803921795 574985354 803921795 
449572890 880500192 449572890 892998492 
449572890 880500192 478280197 880500192 
388328347 943150166 406175037 946287345 
388328347 943150166 388328347 943150166 
804153151 527556399 810938522 527556399 
804153151 527556399 804153151 534922393 
651120145 684739075 651120145 693136798 
651120145 684739075 656117656 684739075 
603135400 732778993 603135400 752701170 
603135400 732778993 635585409 732778993 
923696164 412423581 931214204 423076357 
923696164 412423581 923696164 412423581 
725942321 612464858 754445009 612464858 
725942321 612464858 725942321 650278556 
810938522 527556399 814354585 527556399 
810938522 527556399 810938522 527564691 
382822442 957974761 382822442 981368255 
382822442 957974761 391476369 957974761 
886993128 453951503 905787090 453951503 
886993128 453951503 886993128 467364076 
814354585 527556399 814354585 534945143 
814354585 527556399 815801608 527556399 
449572890 892998492 449572890 899054245 
449572890 892998492 455284729 892998492 
651120145 693136798 651120145 700271083 
651120145 693136798 655114414 693136798 
449572890 899054245 458365882 899272935 
449572890 899054245 449572890 899054245 
814354585 534945143 818896836 548155703 
814354585 534945143 814354585 534945143 
525789529 824974923 525789529 836031989 
525789529 824974923 527017457 824974923 
651120145 700271083 655937436 704442589 
651120145 700271083 651120145 700271083 
406175037 946287345 406175037 967920796 
406175037 946287345 408464649 946287345 
931214204 423076357 940503398 423076357 
931214204 423076357 931214204 435022538 
603135400 752701170 612188398 752701170 
603135400 752701170 603135400 758099264 
458365882 899272935 465830830 905537804 
458365882 899272935 458365882 899272935 
478280197 880500192 484988106 883313518 
478280197 880500192 478280197 880500192 
905787090 453951503 905787090 459938057 
905787090 453951503 907711999 453951503 
655937436 704442589 684165406 705068247 
655937436 704442589 655937436 704442589 
992258816 368253186 994290772 416079841 
992258816 368253186 992258816 368253186 
525789529 836031989 541404602 838344652 
525789529 836031989 525789529 836031989 
382822442 981368255 386878573 991106135 
382822442 981368255 382822442 981368255 
905787090 459938057 905787090 466186187 
905787090 459938057 911266519 459938057 
754445009 612464858 768268004 612464858 
754445009 612464858 754445009 625878247 
818896836 548155703 818896836 571651897 
818896836 548155703 841659413 548155703 
635585409 732778993 654729524 732778993 
635585409 732778993 635585409 785327592 
465830830 905537804 478127481 905537804 
465830830 905537804 465830830 920974955 
905787090 466186187 905787090 489325615 
905787090 466186187 931509716 466186187 
406175037 967920796 432048867 967920796 
406175037 967920796 406175037 980892072 
725942321 650278556 736872413 650278556 
725942321 650278556 725942321 666177666 
858926944 518926496 868698616 518926496 
858926944 518926496 858926944 523700906 
541404602 838344652 568546441 838344652 
541404602 838344652 541404602 852381991 
768268004 612464858 791905088 612464858 
768268004 612464858 768268004 613259362 
478127481 905537804 501912426 911928115 
478127481 905537804 478127481 905537804 
465830830 920974955 469283107 952373844 
465830830 920974955 465830830 920974955 
736872413 650278556 736872413 658247370 
736872413 650278556 737042831 650278556 
654729524 732778993 654729524 750552598 
654729524 732778993 668931321 732778993 
868698616 518926496 868698616 537479869 
868698616 518926496 880389761 518926496 
684165406 705068247 688905529 710300111 
684165406 705068247 684165406 705068247 
818896836 571651897 841348387 571651897 
818896836 571651897 818896836 582835266 
905787090 489325615 928309860 494998949 
905787090 489325615 905787090 489325615 
736872413 658247370 745768466 662283469 
736872413 658247370 736872413 658247370 
931509716 466186187 967713434 466186187 
931509716 466186187 931509716 467383816 
688905529 710300111 712485614 710463259 
688905529 710300111 688905529 710300111 
791905088 612464858 810335766 625450353 
791905088 612464858 791905088 612464858 
654729524 750552598 657891700 755389253 
654729524 750552598 654729524 750552598 
868698616 537479869 884439914 537479869 
868698616 537479869 868698616 554630509 
568546441 838344652 580292730 849900647 
568546441 838344652 568546441 838344652 
745768466 662283469 755422595 662283469 
745768466 662283469 745768466 678229005 
657891700 755389253 688206432 763646500 
657891700 755389253 657891700 755389253 
501912426 911928115 535798304 911928115 
501912426 911928115 501912426 918729399 
635585409 785327592 636727174 798328661 
635585409 785327592 635585409 785327592 
469283107 952373844 477984365 952373844 
469283107 952373844 469283107 962454823 
884439914 537479869 892621678 537479869 
884439914 537479869 884439914 551633621 
712485614 710463259 740029029 710463259 
712485614 710463259 712485614 719778680 
928309860 494998949 938929787 494998949 
928309860 494998949 928309860 516189055 
892621678 537479869 901201628 541803260 
892621678 537479869 892621678 537479869 
580292730 849900647 580292730 866662947 
580292730 849900647 608624073 849900647 
477984365 952373844 516980601 952373844 
477984365 952373844 477984365 954053901 
938929787 494998949 967088255 494998949 
938929787 494998949 938929787 503861977 
636727174 798328661 636727174 815639671 
636727174 798328661 667263709 798328661 
810335766 625450353 837239529 625450353 
810335766 625450353 810335766 670593893 
901201628 541803260 919762370 559866168 
901201628 541803260 901201628 541803260 
580292730 866662947 586195447 866662947 
580292730 866662947 580292730 871486584 
535798304 911928115 570058795 911928115 
535798304 911928115 535798304 919306659 
740029029 710463259 750372739 710463259 
740029029 710463259 740029029 715859879 
688206432 763646500 688206432 780098499 
688206432 763646500 717984778 763646500 
636727174 815639671 636727174 838498661 
636727174 815639671 639563669 815639671 
586195447 866662947 594061054 866662947 
586195447 866662947 586195447 881264077 
750372739 710463259 774624988 710463259 
750372739 710463259 750372739 736625977 
967088255 494998949 981642687 511230649 
967088255 494998949 967088255 494998949 
837239529 625450353 844082486 629592813 
837239529 625450353 837239529 625450353 
688206432 780098499 688206432 802187944 
688206432 780098499 700170551 780098499 
516980601 952373844 519436728 952373844 
516980601 952373844 516980601 953526212 
519436728 952373844 520547709 956200269 
519436728 952373844 519436728 952373844 
844082486 629592813 844082486 634843543 
844082486 629592813 881217366 629592813 
636727174 838498661 643725128 844975631 
636727174 838498661 636727174 838498661 
520547709 956200269 522622401 963219754 
520547709 956200269 520547709 956200269 
844082486 634843543 846788681 637302705 
844082486 634843543 844082486 634843543 
919762370 559866168 919762370 567784868 
919762370 559866168 968030560 559866168 
810335766 670593893 810335766 681940779 
810335766 670593893 839949856 670593893 
717984778 763646500 724680652 780469340 
717984778 763646500 717984778 763646500 
570058795 911928115 573055268 911928115 
570058795 911928115 570058795 926168162 
573055268 911928115 576871224 912104640 
573055268 911928115 573055268 911928115 
774624988 710463259 801803178 710463259 
774624988 710463259 774624988 719588611 
750372739 736625977 756018537 737953357 
750372739 736625977 750372739 736625977 
919762370 567784868 924567136 567784868 
919762370 567784868 919762370 576669931 
643725128 844975631 643725128 862170521 
643725128 844975631 680182251 844975631 
688206432 802187944 694713164 808231335 
688206432 802187944 688206432 802187944 
810335766 681940779 810975095 684334982 
810335766 681940779 810335766 681940779 
924567136 567784868 928464915 571969074 
924567136 567784868 924567136 567784868 
981642687 511230649 991978445 522296571 
981642687 511230649 981642687 511230649 
570058795 926168162 576866751 926168162 
570058795 926168162 570058795 952296273 
919762370 576669931 919762370 594178157 
919762370 576669931 921382239 576669931 
576866751 926168162 576866751 931252726 
576866751 926168162 589594771 926168162 
724680652 780469340 724680652 800036830 
724680652 780469340 738325530 780469340 
643725128 862170521 657095361 862170521 
643725128 862170521 643725128 891516098 
576866751 931252726 579265419 935571612 
576866751 931252726 576866751 931252726 
839949856 670593893 860931895 677844002 
839949856 670593893 839949856 670593893 
881217366 629592813 900899434 639400334 
881217366 629592813 881217366 629592813 
801803178 710463259 813224207 710463259 
801803178 710463259 801803178 730884488 
919762370 594178157 932167126 594178157 
919762370 594178157 919762370 606723613 
991978445 522296571 991978445 525946926 
991978445 522296571 994560872 522296571 
589594771 926168162 592698606 926168162 
589594771 926168162 589594771 929300646 
991978445 525946926 995878082 528909089 
991978445 525946926 991978445 525946926 
657095361 862170521 657095361 866856304 
657095361 862170521 659266908 862170521 
570058795 952296273 595061845 952296273 
570058795 952296273 570058795 987401665 
813224207 710463259 835655570 721050539 
813224207 710463259 813224207 710463259 
657095361 866856304 658463168 872071032 
657095361 866856304 657095361 866856304 
724680652 800036830 724680652 808575658 
724680652 800036830 725945442 800036830 
680182251 844975631 692183536 845371032 
680182251 844975631 680182251 844975631 
932167126 594178157 946270211 595386282 
932167126 594178157 932167126 594178157 
968030560 559866168 972205564 567010523 
968030560 559866168 968030560 559866168 
801803178 730884488 804831393 764521983 
801803178 730884488 801803178 730884488 
724680652 808575658 763219390 808575658 
724680652 808575658 724680652 817860015 
643725128 891516098 658542552 891516098 
643725128 891516098 643725128 904376327 
860931895 677844002 860931895 697057055 
860931895 677844002 863461329 677844002 
900899434 639400334 900899434 646972636 
900899434 639400334 918978015 639400334 
946270211 595386282 946270211 605313299 
946270211 595386282 950378410 595386282 
595061845 952296273 597383181 972119730 
595061845 952296273 595061845 952296273 
900899434 646972636 903406702 666581696 
900899434 646972636 900899434 646972636 
658542552 891516098 658542552 919123264 
658542552 891516098 693189025 891516098 
946270211 605313299 946270211 621482904 
946270211 605313299 968762735 605313299 
835655570 721050539 846377137 721050539 
835655570 721050539 835655570 748954218 
860931895 697057055 877115849 697057055 
860931895 697057055 860931895 700455969 
918978015 639400334 925891279 644097204 
918978015 639400334 918978015 639400334 
846377137 721050539 850656084 721050539 
846377137 721050539 846377137 722208491 
946270211 621482904 959849021 621482904 
946270211 621482904 946270211 633104783 
597383181 972119730 597383181 993003682 
597383181 972119730 621017459 972119730 
763219390 808575658 763219390 826519145 
763219390 808575658 815945936 808575658 
877115849 697057055 884916016 704313033 
877115849 697057055 877115849 697057055 
658542552 919123264 679409828 919123264 
658542552 919123264 658542552 928646549 
959849021 621482904 959849021 644368921 
959849021 621482904 966273163 621482904 
835655570 748954218 835655570 763872181 
835655570 748954218 845863626 748954218 
884916016 704313033 911690383 729734733 
884916016 704313033 884916016 704313033 
763219390 826519145 766114263 877050554 
763219390 826519145 763219390 826519145 
597383181 993003682 602300557 999374196 
597383181 993003682 597383181 993003682 
679409828 919123264 699096230 919123264 
679409828 919123264 679409828 945856356 
835655570 763872181 850577113 764761830 
835655570 763872181 835655570 763872181 
959849021 644368921 969445395 649685213 
959849021 644368921 959849021 644368921 
850577113 764761830 851761346 771302248 
850577113 764761830 850577113 764761830 
699096230 919123264 736608913 930016629 
699096230 919123264 699096230 919123264 
969445395 649685213 971303162 649685213 
969445395 649685213 969445395 687211782 
971303162 649685213 976167983 650267995 
971303162 649685213 971303162 649685213 
851761346 771302248 851761346 785609528 
851761346 771302248 858052197 771302248 
815945936 808575658 815945936 827766131 
815945936 808575658 820951853 808575658 
679409828 945856356 689127055 945856356 
679409828 945856356 679409828 996459500 
976167983 650267995 995671119 654792614 
976167983 650267995 976167983 650267995 
689127055 945856356 695387862 951727895 
689127055 945856356 689127055 945856356 
851761346 785609528 851761346 794598418 
851761346 785609528 861205910 785609528 
911690383 729734733 933687202 729734733 
911690383 729734733 911690383 756463797 
766114263 877050554 768996419 877050554 
766114263 877050554 766114263 879757674 
815945936 827766131 815945936 848430923 
815945936 827766131 833749260 827766131 
851761346 794598418 851978629 803685454 
851761346 794598418 851761346 794598418 
695387862 951727895 705136770 953603524 
695387862 951727895 695387862 951727895 
851978629 803685454 851978629 818374669 
851978629 803685454 877121686 803685454 
705136770 953603524 719067379 961394420 
705136770 953603524 705136770 953603524 
933687202 729734733 966160610 729734733 
933687202 729734733 933687202 732877204 
815945936 848430923 824571332 848430923 
815945936 848430923 815945936 875447775 
736608913 930016629 741790602 933712198 
736608913 930016629 736608913 930016629 
911690383 756463797 917976893 762549173 
911690383 756463797 911690383 756463797 
851978629 818374669 851978629 831932890 
851978629 818374669 861598931 818374669 
824571332 848430923 836341917 849137339 
824571332 848430923 824571332 848430923 
741790602 933712198 744184279 933712198 
741790602 933712198 741790602 935342703 
744184279 933712198 779208987 933712198 
744184279 933712198 744184279 941756150 
719067379 961394420 726821804 961394420 
719067379 961394420 719067379 968398639 
917976893 762549173 917976893 773519506 
917976893 762549173 935378368 762549173 
877121686 803685454 900995913 815226302 
877121686 803685454 877121686 803685454 
851978629 831932890 867651774 831932890 
851978629 831932890 851978629 834368610 
836341917 849137339 836341917 851417301 
836341917 849137339 844981494 849137339 
836341917 851417301 836341917 856966790 
836341917 851417301 837225191 851417301 
917976893 773519506 917976893 783696076 
917976893 773519506 921526420 773519506 
836341917 856966790 836341917 863081986 
836341917 856966790 839309169 856966790 
966160610 729734733 966160610 740542200 
966160610 729734733 975313603 729734733 
836341917 863081986 853007840 863081986 
836341917 863081986 836341917 883187924 
867651774 831932890 875748761 831932890 
867651774 831932890 867651774 833390432 
917976893 783696076 918359311 799611227 
917976893 783696076 917976893 783696076 
966160610 740542200 966160610 765172920 
966160610 740542200 971291088 740542200 
875748761 831932890 884008219 847809388 
875748761 831932890 875748761 831932890 
779208987 933712198 779208987 956365462 
779208987 933712198 829097293 933712198 
918359311 799611227 924410167 799611227 
918359311 799611227 918359311 816310230 
924410167 799611227 933877512 801024470 
924410167 799611227 924410167 799611227 
966160610 765172920 967128460 767314605 
966160610 765172920 966160610 765172920 
884008219 847809388 913632367 847809388 
884008219 847809388 884008219 889915266 
967128460 767314605 967128460 789095970 
967128460 767314605 991720173 767314605 
779208987 956365462 779208987 980706510 
779208987 956365462 790648694 956365462 
967128460 789095970 968108205 797872303 
967128460 789095970 967128460 789095970 
779208987 980706510 796632006 987248430 
779208987 980706510 779208987 980706510 
913632367 847809388 924074619 847809388 
913632367 847809388 913632367 866776969 
829097293 933712198 832715991 961175269 
829097293 933712198 829097293 933712198 
968108205 797872303 985085059 797872303 
968108205 797872303 968108205 802641028 
924074619 847809388 928959572 847809388 
924074619 847809388 924074619 851037773 
884008219 889915266 901953733 889915266 
884008219 889915266 884008219 908261362 
928959572 847809388 948880359 853528875 
928959572 847809388 928959572 847809388 
985085059 797872303 992077570 797872303 
985085059 797872303 985085059 809232925 
992077570 797872303 997052803 797872303 
992077570 797872303 992077570 801873140 
901953733 889915266 907020479 896401308 
901953733 889915266 901953733 889915266 
832715991 961175269 840763400 961175269 
832715991 961175269 832715991 965118501 
985085059 809232925 985085059 819520170 
985085059 809232925 995709627 809232925 
840763400 961175269 859599721 961175269 
840763400 961175269 840763400 987279360 
948880359 853528875 948880359 860526168 
948880359 853528875 974450098 853528875 
907020479 896401308 909253993 896401308 
907020479 896401308 907020479 902956235 
985085059 819520170 990879824 826785903 
985085059 819520170 985085059 819520170 
948880359 860526168 951515119 875590964 
948880359 860526168 948880359 860526168 
990879824 826785903 995851914 826846051 
990879824 826785903 990879824 826785903 
859599721 961175269 898105093 961175269 
859599721 961175269 859599721 977671018 
951515119 875590964 955430738 902860812 
951515119 875590964 951515119 875590964 
955430738 902860812 977142635 902860812 
955430738 902860812 955430738 913953290 
898105093 961175269 925009580 961175269 
898105093 961175269 898105093 978499519 
925009580 961175269 926432913 961175269 
925009580 961175269 925009580 979079060 
926432913 961175269 946653324 961510311 
926432913 961175269 926432913 961175269 
946653324 961510311 951291188 961510311 
946653324 961510311 946653324 970791000 
951291188 961510311 954035651 961510311 
951291188 961510311 951291188 963743143 
946653324 970791000 952820127 970791000 
946653324 970791000 946653324 980764659 
952820127 970791000 954587559 972909934 
952820127 970791000 952820127 970791000 
954587559 972909934 982055245 972909934 
954587559 972909934 954587559 980709189 
