2129
0 0 15054457 0 
0 0 0 50095949 
15054457 0 15054457 10024057 
15054457 0 40945258 0 
0 50095949 0 67434567 
0 50095949 17047872 50095949 
15054457 10024057 15054457 14392482 
40945258 0 40945258 14392482 
40945258 0 58442438 0 
0 67434567 0 96269187 
0 67434567 7240503 67434567 
17047872 50095949 30863833 50095949 
15054457 14392482 17047872 14392482 
40945258 14392482 40945258 19913120 
58442438 0 58442438 14392482 
58442438 0 82215798 0 
0 96269187 0 114693197 
30863833 50095949 42842966 50095949 
30863833 50095949 30863833 76990728 
17047872 14392482 17047872 27918428 
40945258 19913120 40945258 33841411 
58442438 14392482 64782353 14392482 
58442438 14392482 58442438 23147597 
82215798 0 82215798 23147597 
82215798 0 103566766 0 
0 114693197 30863833 114693197 
0 114693197 0 211383397 
42842966 50095949 72667453 50095949 
30863833 76990728 42336435 76990728 
40945258 33841411 46218473 33841411 
58442438 23147597 58442438 29965878 
103566766 0 103566766 18694202 
103566766 0 113179988 0 
30863833 114693197 37770408 114693197 
0 211383397 1333813 211383397 
72667453 50095949 72667453 63108543 
46218473 33841411 46218473 41774977 
46218473 33841411 50761046 33841411 
113179988 0 132357679 0 
37770408 114693197 37770408 117906871 
1333813 211383397 36436908 211383397 
1333813 211383397 1333813 281128009 
72667453 63108543 73580513 63108543 
72667453 63108543 72667453 76990728 
132357679 0 132357679 3721545 
37770408 117906871 58481700 117906871 
36436908 211383397 49378502 211383397 
1333813 281128009 1333813 321224143 
1333813 281128009 49378502 281128009 
73580513 63108543 106281792 63108543 
72667453 76990728 72667453 87048198 
132357679 3721545 132357679 38911054 
132357679 3721545 152926837 3721545 
58481700 117906871 58481700 126878386 
49378502 211383397 49378502 213376277 
1333813 321224143 16858999 321224143 
1333813 321224143 1333813 340735696 
49378502 281128009 67315311 281128009 
49378502 281128009 49378502 302464095 
106281792 63108543 106281792 84190273 
132357679 38911054 132357679 56373595 
152926837 3721545 152926837 18027655 
152926837 3721545 173281103 3721545 
58481700 126878386 84218087 126878386 
49378502 213376277 63611726 213376277 
1333813 340735696 1333813 383505075 
1333813 340735696 19986792 340735696 
67315311 281128009 75827633 281128009 
49378502 302464095 49378502 305719240 
49378502 302464095 67315311 302464095 
132357679 56373595 137220332 56373595 
173281103 3721545 173281103 5050330 
173281103 3721545 192428625 3721545 
84218087 126878386 84218087 133405313 
63611726 213376277 89040510 213376277 
1333813 383505075 1333813 402158061 
19986792 340735696 20317464 340735696 
19986792 340735696 19986792 350362074 
75827633 281128009 75827633 289492193 
137220332 56373595 137220332 86416263 
192428625 3721545 192428625 45238194 
192428625 3721545 224618997 3721545 
84218087 133405313 84218087 144717830 
84218087 133405313 104289713 133405313 
89040510 213376277 89040510 216729760 
1333813 402158061 1341465 402158061 
20317464 340735696 49471916 340735696 
19986792 350362074 19986792 355812815 
19986792 350362074 27271969 350362074 
75827633 289492193 80825783 289492193 
137220332 86416263 143473458 86416263 
192428625 45238194 192428625 64823475 
192428625 45238194 204713439 45238194 
224618997 3721545 224618997 18177955 
224618997 3721545 318350713 3721545 
104289713 133405313 104289713 152364483 
89040510 216729760 89040510 220994602 
89040510 216729760 93019209 216729760 
1341465 402158061 8971895 402158061 
1341465 402158061 1341465 443541483 
49471916 340735696 49471916 341938690 
19986792 355812815 19986792 355913804 
80825783 289492193 82522218 289492193 
80825783 289492193 80825783 302464095 
143473458 86416263 143473458 105560338 
143473458 86416263 156216205 86416263 
192428625 64823475 192428625 86796723 
204713439 45238194 244466214 45238194 
224618997 18177955 225595479 18177955 
318350713 3721545 318350713 8948095 
318350713 3721545 325312078 3721545 
104289713 152364483 116121022 152364483 
8971895 402158061 67761331 402158061 
1341465 443541483 26865479 443541483 
1341465 443541483 1341465 469687294 
19986792 355913804 20014653 355913804 
82522218 289492193 102966540 289492193 
80825783 302464095 80825783 312006356 
143473458 105560338 143473458 116133526 
192428625 86796723 200613387 86796723 
244466214 45238194 244466214 56818532 
225595479 18177955 225595479 18496434 
318350713 8948095 318350713 25540791 
325312078 3721545 325312078 8948095 
325312078 3721545 338976067 3721545 
116121022 152364483 123907449 152364483 
116121022 152364483 116121022 173308668 
67761331 402158061 67761331 435331489 
26865479 443541483 36591545 443541483 
1341465 469687294 1341465 492107949 
1341465 469687294 7906403 469687294 
102966540 289492193 102966540 298249045 
80825783 312006356 81809685 312006356 
80825783 312006356 80825783 330691870 
143473458 116133526 145973587 116133526 
244466214 56818532 244466214 64412968 
244466214 56818532 261293257 56818532 
318350713 25540791 318350713 46368036 
325312078 8948095 325312078 9228940 
338976067 3721545 338976067 8948095 
338976067 3721545 379118052 3721545 
116121022 173308668 116121022 213067683 
116121022 173308668 123907449 173308668 
67761331 435331489 67761331 452946042 
67761331 435331489 105379497 435331489 
36591545 443541483 36591545 445646307 
1341465 492107949 1341465 525674375 
102966540 298249045 111812389 298249045 
80825783 330691870 81809685 330691870 
80825783 330691870 80825783 350908068 
145973587 116133526 145973587 133537753 
145973587 116133526 173269679 116133526 
244466214 64412968 244466214 106364209 
261293257 56818532 274793578 56818532 
318350713 46368036 329544419 46368036 
379118052 3721545 379118052 20772548 
379118052 3721545 397014127 3721545 
116121022 213067683 116121022 235510780 
116121022 213067683 120420839 213067683 
123907449 173308668 127452092 173308668 
67761331 452946042 67761331 471500318 
105379497 435331489 105379497 437993158 
1341465 525674375 2669515 525674375 
111812389 298249045 111812389 303282602 
81809685 330691870 88756996 330691870 
80825783 350908068 80825783 361221333 
80825783 350908068 88756996 350908068 
173269679 116133526 173269679 123892430 
173269679 116133526 195561109 116133526 
244466214 106364209 251964224 106364209 
274793578 56818532 274793578 67521832 
329544419 46368036 363622583 46368036 
329544419 46368036 329544419 69525350 
379118052 20772548 379118052 30388761 
379118052 20772548 387185632 20772548 
397014127 3721545 397014127 5259839 
397014127 3721545 423444389 3721545 
116121022 235510780 116121022 251650525 
127452092 173308668 147700497 173308668 
67761331 471500318 72664325 471500318 
105379497 437993158 105397820 437993158 
2669515 525674375 11091196 525674375 
2669515 525674375 2669515 568009839 
111812389 303282602 111812389 317992949 
111812389 303282602 126886008 303282602 
88756996 350908068 106504632 350908068 
173269679 123892430 173269679 137564129 
195561109 116133526 215062986 116133526 
251964224 106364209 282879214 106364209 
274793578 67521832 293527658 67521832 
329544419 69525350 329544419 80503407 
329544419 69525350 338912670 69525350 
423444389 3721545 423444389 19900324 
423444389 3721545 440917378 3721545 
116121022 251650525 121067257 251650525 
147700497 173308668 147700497 190491017 
72664325 471500318 84401537 471500318 
105397820 437993158 105397820 438204591 
105397820 437993158 127216836 437993158 
2669515 568009839 2669515 569045798 
2669515 568009839 7636887 568009839 
111812389 317992949 124411298 317992949 
106504632 350908068 106504632 358860156 
106504632 350908068 106961861 350908068 
173269679 137564129 186538643 137564129 
215062986 116133526 215062986 130321105 
282879214 106364209 282879214 112043514 
282879214 106364209 293527658 106364209 
293527658 67521832 293527658 75103266 
338912670 69525350 338912670 78059721 
423444389 19900324 423444389 20772548 
440917378 3721545 493917888 3721545 
440917378 3721545 440917378 5259839 
121067257 251650525 121067257 262149520 
121067257 251650525 149871776 251650525 
147700497 190491017 147700497 192570742 
147700497 190491017 161155132 190491017 
84401537 471500318 84401537 475248756 
127216836 437993158 127216836 471059270 
127216836 437993158 168149734 437993158 
2669515 569045798 2669515 579141746 
7636887 568009839 7636887 569045798 
7636887 568009839 32029615 568009839 
124411298 317992949 124411298 327270629 
106504632 358860156 106504632 372659002 
215062986 130321105 215062986 157270029 
282879214 112043514 282879214 119072387 
293527658 106364209 293527658 112043514 
338912670 78059721 339324279 78059721 
423444389 20772548 423444389 29730190 
493917888 3721545 493917888 6601804 
493917888 3721545 627029108 3721545 
440917378 5259839 440917378 19900324 
149871776 251650525 149871776 255574074 
161155132 190491017 161155132 191112384 
161155132 190491017 170241844 190491017 
84401537 475248756 94241812 475248756 
84401537 475248756 84401537 496792333 
127216836 471059270 127216836 485124134 
168149734 437993158 168149734 439239500 
168149734 437993158 175999412 437993158 
2669515 579141746 2669515 590464029 
32029615 568009839 32029615 576051593 
32029615 568009839 55012756 568009839 
106504632 372659002 109128719 372659002 
215062986 157270029 224463086 157270029 
282879214 119072387 282879214 130182856 
293527658 112043514 312412595 112043514 
423444389 29730190 423444389 37401936 
423444389 29730190 427861728 29730190 
627029108 3721545 627029108 37440823 
627029108 3721545 759653618 3721545 
440917378 19900324 450340259 19900324 
440917378 19900324 440917378 30443821 
149871776 255574074 151500822 255574074 
170241844 190491017 170241844 204892075 
170241844 190491017 208823654 190491017 
94241812 475248756 99819600 475248756 
84401537 496792333 84401537 524468286 
84401537 496792333 94241812 496792333 
127216836 485124134 135059486 485124134 
175999412 437993158 176418235 437993158 
175999412 437993158 175999412 460303374 
2669515 590464029 4626237 590464029 
32029615 576051593 32029615 589482164 
55012756 568009839 55012756 582672578 
55012756 568009839 67155556 568009839 
109128719 372659002 109128719 399118758 
109128719 372659002 137671998 372659002 
282879214 130182856 285231088 130182856 
312412595 112043514 404296011 112043514 
627029108 37440823 651725239 37440823 
759653618 3721545 759653618 19080699 
759653618 3721545 800228480 3721545 
440917378 30443821 443863428 30443821 
440917378 30443821 440917378 60078061 
151500822 255574074 171271044 255574074 
151500822 255574074 151500822 281123364 
170241844 204892075 170241844 223934197 
208823654 190491017 226504807 190491017 
84401537 524468286 101709099 524468286 
94241812 496792333 94241812 497247582 
94241812 496792333 102389116 496792333 
135059486 485124134 135059486 501728122 
176418235 437993158 193429350 437993158 
175999412 460303374 175999412 467452330 
175999412 460303374 185888271 460303374 
4626237 590464029 10917214 590464029 
4626237 590464029 4626237 646845736 
32029615 589482164 33077752 589482164 
67155556 568009839 80476179 568009839 
67155556 568009839 67155556 574174932 
137671998 372659002 137671998 387744719 
137671998 372659002 139267711 372659002 
285231088 130182856 295835209 130182856 
285231088 130182856 285231088 146609163 
404296011 112043514 404296011 114094887 
651725239 37440823 651725239 37869342 
759653618 19080699 760203435 19080699 
759653618 19080699 759653618 25046458 
800228480 3721545 800228480 42226486 
800228480 3721545 815091458 3721545 
443863428 30443821 453063750 30443821 
440917378 60078061 440917378 70548270 
440917378 60078061 453063750 60078061 
151500822 281123364 151500822 293873914 
151500822 281123364 170361501 281123364 
170241844 223934197 185650819 223934197 
226504807 190491017 226504807 206944116 
101709099 524468286 101709099 533139678 
102389116 496792333 102389116 514008468 
135059486 501728122 135937543 501728122 
193429350 437993158 193429350 445071621 
175999412 467452330 175999412 469613020 
175999412 467452330 177916994 467452330 
185888271 460303374 185888271 463859525 
185888271 460303374 225770312 460303374 
4626237 646845736 16960407 646845736 
4626237 646845736 4626237 699067168 
80476179 568009839 80476179 579892976 
67155556 574174932 69610675 574174932 
67155556 574174932 67155556 588821994 
295835209 130182856 305901775 130182856 
285231088 146609163 295835209 146609163 
285231088 146609163 285231088 187228663 
404296011 114094887 404296011 131410056 
404296011 114094887 426354397 114094887 
651725239 37869342 658446972 37869342 
651725239 37869342 651725239 46823973 
759653618 25046458 759653618 28448907 
759653618 25046458 767828774 25046458 
800228480 42226486 800228480 69596729 
815091458 3721545 815091458 16394612 
815091458 3721545 832346198 3721545 
453063750 30443821 453063750 37180426 
440917378 70548270 440917378 89248026 
151500822 293873914 151500822 313369825 
185650819 223934197 185650819 250379223 
185650819 223934197 207271976 223934197 
226504807 206944116 226504807 230931872 
101709099 533139678 101709099 537524017 
101709099 533139678 107309950 533139678 
102389116 514008468 106234811 514008468 
135937543 501728122 147064694 501728122 
185888271 463859525 185888271 491064102 
4626237 699067168 35932318 699067168 
4626237 699067168 4626237 769393123 
80476179 579892976 91293788 579892976 
67155556 588821994 67155556 589871992 
67155556 588821994 78193895 588821994 
305901775 130182856 305901775 133238050 
305901775 130182856 318500785 130182856 
285231088 187228663 285231088 198951599 
285231088 187228663 312844919 187228663 
404296011 131410056 404296011 172897164 
404296011 131410056 419593187 131410056 
426354397 114094887 426354397 119269936 
426354397 114094887 435904835 114094887 
658446972 37869342 681296251 37869342 
651725239 46823973 658446972 46823973 
651725239 46823973 651725239 66228894 
759653618 28448907 759653618 39985424 
800228480 69596729 808232377 69596729 
832346198 3721545 845385986 3721545 
453063750 37180426 453605205 37180426 
440917378 89248026 442558088 89248026 
151500822 313369825 165137974 313369825 
185650819 250379223 185650819 259420550 
226504807 230931872 231432547 230931872 
101709099 537524017 101709099 545910445 
107309950 533139678 107309950 537524017 
107309950 533139678 120679055 533139678 
106234811 514008468 109223578 514008468 
147064694 501728122 147064694 505017139 
185888271 491064102 186077677 491064102 
35932318 699067168 65854041 699067168 
35932318 699067168 35932318 722856961 
4626237 769393123 35932318 769393123 
4626237 769393123 4626237 837290127 
91293788 579892976 105522222 579892976 
78193895 588821994 78193895 639903006 
318500785 130182856 318500785 141102722 
285231088 198951599 285231088 230177869 
312844919 187228663 330267402 187228663 
404296011 172897164 419593187 172897164 
419593187 131410056 426354397 131410056 
681296251 37869342 681296251 53430976 
651725239 66228894 651725239 79550418 
651725239 66228894 653677123 66228894 
759653618 39985424 762687107 39985424 
808232377 69596729 808232377 72410057 
808232377 69596729 826063802 69596729 
845385986 3721545 845385986 14036676 
453605205 37180426 453605205 41712434 
453605205 37180426 484518560 37180426 
442558088 89248026 442558088 98072149 
165137974 313369825 166329311 313369825 
165137974 313369825 165137974 364063569 
185650819 259420550 192474376 259420550 
231432547 230931872 231432547 251081861 
109223578 514008468 109223578 516827156 
147064694 505017139 147064694 509162819 
147064694 505017139 167965078 505017139 
186077677 491064102 186077677 500119645 
186077677 491064102 203774628 491064102 
65854041 699067168 65854041 702114938 
65854041 699067168 71743020 699067168 
35932318 722856961 46165255 722856961 
35932318 769393123 35932318 777036894 
35932318 769393123 62967793 769393123 
4626237 837290127 41483418 837290127 
4626237 837290127 4626237 874617718 
105522222 579892976 105522222 581859843 
78193895 639903006 82163097 639903006 
318500785 141102722 325028500 141102722 
285231088 230177869 294481959 230177869 
330267402 187228663 330267402 195907105 
426354397 131410056 426354397 135339904 
681296251 53430976 682754916 53430976 
826063802 69596729 826063802 116101299 
826063802 69596729 859827085 69596729 
845385986 14036676 845385986 20546350 
845385986 14036676 864935888 14036676 
484518560 37180426 505820850 37180426 
442558088 98072149 443717018 98072149 
166329311 313369825 170867785 313369825 
165137974 364063569 165137974 374393943 
165137974 364063569 182859063 364063569 
231432547 251081861 237826676 251081861 
147064694 509162819 147064694 518408140 
167965078 505017139 167965078 506538275 
167965078 505017139 168799767 505017139 
203774628 491064102 203774628 500487551 
203774628 491064102 219485817 491064102 
71743020 699067168 76890972 699067168 
35932318 777036894 35932318 799897187 
62967793 769393123 62967793 770239937 
62967793 769393123 66745413 769393123 
41483418 837290127 65446065 837290127 
4626237 874617718 10841339 874617718 
4626237 874617718 4626237 928665959 
82163097 639903006 95130102 639903006 
325028500 141102722 325028500 143655370 
325028500 141102722 334425776 141102722 
294481959 230177869 294481959 232520974 
294481959 230177869 298902051 230177869 
330267402 195907105 330267402 206918427 
330267402 195907105 358567573 195907105 
426354397 135339904 432310776 135339904 
682754916 53430976 682754916 54520674 
682754916 53430976 720483757 53430976 
826063802 116101299 826063802 126362393 
845385986 20546350 845385986 28117048 
864935888 14036676 864935888 20546350 
864935888 14036676 917141469 14036676 
505820850 37180426 505820850 55242549 
443717018 98072149 443717018 105512934 
443717018 98072149 451488817 98072149 
170867785 313369825 170867785 317009915 
182859063 364063569 182859063 418334753 
237826676 251081861 237826676 255729044 
237826676 251081861 258415120 251081861 
147064694 518408140 150822282 518408140 
219485817 491064102 219485817 494743288 
76890972 699067168 76890972 704150812 
35932318 799897187 41483418 799897187 
66745413 769393123 74143026 769393123 
65446065 837290127 65446065 842835899 
10841339 874617718 10841339 878799162 
10841339 874617718 23607138 874617718 
4626237 928665959 10841339 928665959 
4626237 928665959 4626237 955028883 
95130102 639903006 95130102 643496270 
294481959 232520974 294481959 241415676 
330267402 206918427 330267402 222298997 
358567573 195907105 358567573 206519822 
358567573 195907105 364089324 195907105 
432310776 135339904 433390695 135339904 
432310776 135339904 432310776 154450520 
682754916 54520674 682754916 59916344 
720483757 53430976 720483757 70147993 
826063802 126362393 834174779 126362393 
864935888 20546350 864935888 38996738 
917141469 14036676 942610871 14036676 
505820850 55242549 508475163 55242549 
505820850 55242549 505820850 77205886 
451488817 98072149 454858970 98072149 
451488817 98072149 451488817 110740277 
170867785 317009915 170867785 317744201 
170867785 317009915 217881132 317009915 
182859063 418334753 197320158 418334753 
258415120 251081861 258415120 265838301 
258415120 251081861 269762984 251081861 
150822282 518408140 150822282 545043012 
150822282 518408140 153597991 518408140 
219485817 494743288 219655105 494743288 
76890972 704150812 76890972 732786349 
41483418 799897187 44627757 799897187 
74143026 769393123 74143026 773661527 
65446065 842835899 68816202 842835899 
65446065 842835899 65446065 871576435 
10841339 928665959 11704430 928665959 
4626237 955028883 4626237 957564537 
4626237 955028883 11704430 955028883 
95130102 643496270 95130102 681140952 
95130102 643496270 106752004 643496270 
294481959 241415676 298902051 241415676 
294481959 241415676 294481959 265812483 
330267402 222298997 332021105 222298997 
358567573 206519822 358567573 225098351 
364089324 195907105 403902169 195907105 
432310776 154450520 432310776 155156437 
432310776 154450520 451488817 154450520 
682754916 59916344 687119785 59916344 
720483757 70147993 720483757 83705434 
720483757 70147993 725697099 70147993 
834174779 126362393 878092982 126362393 
864935888 38996738 871031376 38996738 
942610871 14036676 942610871 15565863 
505820850 77205886 505820850 87925539 
505820850 77205886 538034682 77205886 
451488817 110740277 451488817 135203681 
451488817 110740277 476045721 110740277 
217881132 317009915 217881132 322237226 
150822282 545043012 150822282 576396283 
219655105 494743288 219655105 502672306 
219655105 494743288 235337751 494743288 
76890972 732786349 79904639 732786349 
44627757 799897187 60075660 799897187 
74143026 773661527 74143026 775503129 
74143026 773661527 82102434 773661527 
65446065 871576435 65446065 874617718 
65446065 871576435 68816202 871576435 
11704430 928665959 34872370 928665959 
4626237 957564537 5390792 957564537 
4626237 957564537 4626237 979399864 
11704430 955028883 34872370 955028883 
95130102 681140952 127779052 681140952 
298902051 241415676 302196440 241415676 
294481959 265812483 302196440 265812483 
294481959 265812483 294481959 289098351 
332021105 222298997 332021105 240237652 
358567573 225098351 369329634 225098351 
403902169 195907105 403902169 206371934 
451488817 154450520 463538943 154450520 
687119785 59916344 687119785 79474197 
720483757 83705434 725697099 83705434 
725697099 70147993 740259033 70147993 
878092982 126362393 878092982 134742166 
871031376 38996738 871031376 44045685 
942610871 15565863 966646205 15565863 
942610871 15565863 942610871 32582217 
505820850 87925539 505820850 107156048 
538034682 77205886 572034549 77205886 
476045721 110740277 476045721 132843747 
476045721 110740277 482837098 110740277 
217881132 322237226 220326270 322237226 
150822282 576396283 159941696 576396283 
219655105 502672306 219655105 513271819 
235337751 494743288 237583125 494743288 
235337751 494743288 235337751 497496717 
79904639 732786349 79904639 739385644 
60075660 799897187 60075660 803366889 
82102434 773661527 82102434 799475833 
65446065 874617718 65446065 879744388 
68816202 871576435 94079347 871576435 
34872370 928665959 65446065 928665959 
4626237 979399864 4626237 987734964 
4626237 979399864 18997046 979399864 
127779052 681140952 127779052 685964573 
302196440 265812483 305044854 265812483 
294481959 289098351 294481959 311784981 
294481959 289098351 305044854 289098351 
332021105 240237652 332814761 240237652 
369329634 225098351 369329634 251297321 
403902169 206371934 438726206 206371934 
463538943 154450520 463538943 168057690 
687119785 79474197 690878421 79474197 
725697099 83705434 725697099 86896570 
740259033 70147993 740259033 80754722 
878092982 134742166 878092982 139359031 
878092982 134742166 885797513 134742166 
871031376 44045685 872250727 44045685 
942610871 32582217 943563439 32582217 
942610871 32582217 942610871 46463838 
505820850 107156048 510866114 107156048 
572034549 77205886 572034549 81439774 
220326270 322237226 220326270 350300766 
220326270 322237226 238956324 322237226 
159941696 576396283 159941696 581704362 
219655105 513271819 221056198 513271819 
237583125 494743288 242047121 494743288 
235337751 497496717 237583125 497496717 
235337751 497496717 235337751 512746422 
79904639 739385644 79997374 739385644 
60075660 803366889 64837156 803366889 
82102434 799475833 88272584 799475833 
94079347 871576435 94079347 917622101 
94079347 871576435 115425681 871576435 
65446065 928665959 65446065 929884678 
18997046 979399864 18997046 998824083 
18997046 979399864 37281642 979399864 
127779052 685964573 127779052 688488429 
127779052 685964573 132883884 685964573 
294481959 311784981 295077366 311784981 
305044854 289098351 316828664 289098351 
332814761 240237652 348343966 240237652 
332814761 240237652 332814761 258942070 
369329634 251297321 384952790 251297321 
438726206 206371934 438726206 210993118 
463538943 168057690 467256676 168057690 
690878421 79474197 696200426 79474197 
740259033 80754722 743922269 80754722 
878092982 139359031 878092982 148956197 
872250727 44045685 872468640 44045685 
872250727 44045685 872250727 47309302 
942610871 46463838 942610871 54610300 
942610871 46463838 974219440 46463838 
510866114 107156048 510866114 119027051 
572034549 81439774 600899265 81439774 
220326270 350300766 244879457 350300766 
238956324 322237226 276755760 322237226 
159941696 581704362 161828151 581704362 
221056198 513271819 221056198 533563671 
242047121 494743288 242047121 499085013 
242047121 494743288 258873171 494743288 
235337751 512746422 238657795 512746422 
79997374 739385644 79997374 755866363 
64837156 803366889 64837156 805805995 
115425681 871576435 122557577 871576435 
65446065 929884678 82322647 929884678 
132883884 685964573 170238015 685964573 
316828664 289098351 331963877 289098351 
332814761 258942070 332814761 259469451 
332814761 258942070 340578953 258942070 
384952790 251297321 389614808 251297321 
384952790 251297321 384952790 258942070 
438726206 210993118 438726206 253044866 
467256676 168057690 467256676 205313297 
467256676 168057690 494602052 168057690 
696200426 79474197 696200426 83705434 
743922269 80754722 743922269 88506552 
743922269 80754722 763106857 80754722 
878092982 148956197 879595289 148956197 
872250727 47309302 872250727 57175094 
872250727 47309302 884031589 47309302 
942610871 54610300 942610871 73447217 
510866114 119027051 513511399 119027051 
600899265 81439774 600899265 82984206 
244879457 350300766 244879457 362817913 
276755760 322237226 276755760 324052540 
161828151 581704362 188645178 581704362 
221056198 533563671 235337751 533563671 
221056198 533563671 221056198 575548647 
79997374 755866363 89961649 755866363 
122557577 871576435 122557577 872173745 
82322647 929884678 110277716 929884678 
82322647 929884678 82322647 936116280 
170238015 685964573 170238015 687383350 
331963877 289098351 331963877 302060237 
384952790 258942070 384952790 259046418 
438726206 253044866 453387937 253044866 
467256676 205313297 505746239 205313297 
696200426 83705434 696200426 104933737 
696200426 83705434 704375668 83705434 
743922269 88506552 743922269 116101299 
872250727 57175094 872250727 59951379 
872250727 57175094 872556287 57175094 
884031589 47309302 896965575 47309302 
884031589 47309302 884031589 56576386 
942610871 73447217 945349828 73447217 
513511399 119027051 513511399 121853200 
513511399 119027051 520673408 119027051 
600899265 82984206 619925517 82984206 
244879457 362817913 244879457 375684038 
244879457 362817913 283532666 362817913 
188645178 581704362 188645178 592460763 
235337751 533563671 298506466 533563671 
221056198 575548647 234271298 575548647 
89961649 755866363 89961649 755920701 
89961649 755866363 122686564 755866363 
122557577 872173745 122557577 878464238 
122557577 872173745 123221498 872173745 
110277716 929884678 131251393 929884678 
82322647 936116280 82322647 994376962 
82322647 936116280 85345631 936116280 
170238015 687383350 172409171 687383350 
170238015 687383350 170238015 730609692 
331963877 302060237 331963877 329493678 
384952790 259046418 405371170 259046418 
384952790 259046418 384952790 298823111 
453387937 253044866 453387937 263482260 
453387937 253044866 454080660 253044866 
505746239 205313297 505746239 217137575 
696200426 104933737 696200426 125984625 
743922269 116101299 746170646 116101299 
884031589 56576386 884031589 73965427 
884031589 56576386 887951141 56576386 
513511399 121853200 513511399 123537768 
520673408 119027051 520673408 121853200 
520673408 119027051 534458894 119027051 
619925517 82984206 619925517 91590306 
244879457 375684038 244879457 386115738 
283532666 362817913 297796638 362817913 
188645178 592460763 203480170 592460763 
188645178 592460763 188645178 655022315 
298506466 533563671 298506466 534259190 
234271298 575548647 242745614 575548647 
234271298 575548647 234271298 600454493 
122686564 755866363 122686564 757702860 
122686564 755866363 157258378 755866363 
122557577 878464238 179449487 878464238 
131251393 929884678 131251393 947067165 
172409171 687383350 186268124 687383350 
170238015 730609692 170238015 738900538 
170238015 730609692 172813357 730609692 
331963877 329493678 338783020 329493678 
405371170 259046418 405371170 267994917 
405371170 259046418 405934151 259046418 
384952790 298823111 384952790 327543882 
384952790 298823111 402025037 298823111 
453387937 263482260 476855326 263482260 
505746239 217137575 518254399 217137575 
696200426 125984625 706968752 125984625 
746170646 116101299 746170646 117604631 
746170646 116101299 764907817 116101299 
884031589 73965427 884031589 114807388 
534458894 119027051 534458894 124444830 
534458894 119027051 551531195 119027051 
619925517 91590306 619925517 120001194 
244879457 386115738 253755519 386115738 
297796638 362817913 297796638 370627435 
188645178 655022315 188645178 655125617 
188645178 655022315 205231830 655022315 
298506466 534259190 298506466 563689163 
298506466 534259190 320351540 534259190 
234271298 600454493 234271298 612333166 
234271298 600454493 297292353 600454493 
122686564 757702860 122686564 783093401 
179449487 878464238 179449487 893687110 
131251393 947067165 131251393 955732373 
186268124 687383350 186268124 693660968 
170238015 738900538 176975775 738900538 
338783020 329493678 355018986 329493678 
384952790 327543882 384952790 367991932 
402025037 298823111 435769496 298823111 
476855326 263482260 476855326 286503833 
518254399 217137575 518254399 218955280 
746170646 117604631 746170646 124638085 
764907817 116101299 764907817 121067911 
764907817 116101299 772518756 116101299 
884031589 114807388 911570937 114807388 
534458894 124444830 534458894 136278732 
551531195 119027051 585072211 119027051 
619925517 120001194 631411321 120001194 
253755519 386115738 253755519 403362597 
253755519 386115738 266683607 386115738 
297796638 370627435 309958573 370627435 
205231830 655022315 213762082 655022315 
298506466 563689163 311375010 563689163 
234271298 612333166 234271298 619444297 
297292353 600454493 297292353 603217654 
297292353 600454493 300151516 600454493 
122686564 783093401 122686564 799475833 
122686564 783093401 126560613 783093401 
179449487 893687110 195231863 893687110 
179449487 893687110 179449487 904953837 
131251393 955732373 139704655 955732373 
186268124 693660968 186268124 694609387 
186268124 693660968 193150056 693660968 
176975775 738900538 176975775 744655058 
355018986 329493678 355018986 329655940 
384952790 367991932 410139814 367991932 
435769496 298823111 435769496 312586647 
476855326 286503833 476855326 307746961 
518254399 218955280 518254399 240505173 
746170646 124638085 749540085 124638085 
772518756 116101299 772518756 136953390 
911570937 114807388 915865842 114807388 
911570937 114807388 911570937 138162351 
534458894 136278732 534845529 136278732 
585072211 119027051 585072211 125634950 
631411321 120001194 631411321 136385423 
631411321 120001194 638141860 120001194 
253755519 403362597 253755519 411001848 
309958573 370627435 309958573 372495403 
213762082 655022315 213762082 660032223 
311375010 563689163 311375010 564249144 
234271298 619444297 240706852 619444297 
300151516 600454493 308903055 600454493 
122686564 799475833 126560613 799475833 
126560613 783093401 137211518 783093401 
195231863 893687110 198244945 893687110 
179449487 904953837 182237166 904953837 
179449487 904953837 179449487 927664032 
139704655 955732373 143922982 955732373 
139704655 955732373 139704655 988559326 
193150056 693660968 204004723 693660968 
176975775 744655058 176975775 751733060 
355018986 329655940 356241920 329655940 
355018986 329655940 355018986 345199185 
410139814 367991932 410139814 382684119 
435769496 312586647 435769496 340759613 
476855326 307746961 490131758 307746961 
518254399 240505173 532511660 240505173 
749540085 124638085 750696704 124638085 
749540085 124638085 749540085 149686654 
915865842 114807388 934042915 114807388 
911570937 138162351 911910816 138162351 
911570937 138162351 911570937 156122182 
534845529 136278732 534845529 141518675 
534845529 136278732 542483134 136278732 
585072211 125634950 585072211 143648231 
585072211 125634950 602203075 125634950 
631411321 136385423 641224612 136385423 
638141860 120001194 638141860 123643145 
638141860 120001194 645192709 120001194 
253755519 411001848 255737246 411001848 
309958573 372495403 324477456 372495403 
311375010 564249144 336632403 564249144 
240706852 619444297 240706852 639369678 
240706852 619444297 259087788 619444297 
308903055 600454493 308903055 607611078 
126560613 799475833 126560613 810100055 
137211518 783093401 158356379 783093401 
198244945 893687110 198244945 896097038 
179449487 927664032 179449487 933724420 
179449487 927664032 209291579 927664032 
139704655 988559326 139704655 990771404 
139704655 988559326 160880320 988559326 
204004723 693660968 204004723 701096474 
176975775 751733060 183052755 751733060 
355018986 345199185 355018986 348932637 
355018986 345199185 364677752 345199185 
410139814 382684119 417289441 382684119 
435769496 340759613 455060470 340759613 
490131758 307746961 490131758 320792755 
490131758 307746961 519213746 307746961 
532511660 240505173 560693386 240505173 
749540085 149686654 749540085 162003705 
749540085 149686654 750696704 149686654 
934042915 114807388 934042915 115033977 
911910816 138162351 920568929 138162351 
911570937 156122182 911570937 167304339 
911570937 156122182 927942855 156122182 
542483134 136278732 542483134 144492785 
585072211 143648231 593382260 143648231 
641224612 136385423 641224612 139943387 
255737246 411001848 255737246 434668494 
255737246 411001848 289468764 411001848 
324477456 372495403 324477456 385158280 
336632403 564249144 336632403 588264097 
240706852 639369678 253758595 639369678 
240706852 639369678 240706852 681843160 
259087788 619444297 259087788 625575301 
259087788 619444297 259324639 619444297 
308903055 607611078 308903055 644171522 
126560613 810100055 126560613 821244939 
126560613 810100055 135374496 810100055 
158356379 783093401 158356379 793129269 
158356379 783093401 183052755 783093401 
198244945 896097038 211148652 896097038 
179449487 933724420 179449487 953245563 
209291579 927664032 209291579 952539978 
160880320 988559326 194873830 988559326 
183052755 751733060 230738008 751733060 
417289441 382684119 417289441 394465513 
417289441 382684119 427127405 382684119 
455060470 340759613 455060470 341961420 
455060470 340759613 456818355 340759613 
519213746 307746961 556701503 307746961 
560693386 240505173 560693386 248507691 
749540085 162003705 749540085 177612284 
749540085 162003705 777612753 162003705 
750696704 149686654 750972930 149686654 
934042915 115033977 934042915 137074942 
934042915 115033977 989471924 115033977 
920568929 138162351 920568929 138238727 
911570937 167304339 911570937 182211691 
927942855 156122182 927942855 167304339 
927942855 156122182 931750120 156122182 
542483134 144492785 544289837 144492785 
593382260 143648231 593382260 148964534 
641224612 139943387 641224612 149399012 
641224612 139943387 674382444 139943387 
255737246 434668494 255737246 466632118 
289468764 411001848 289468764 420176120 
289468764 411001848 300275514 411001848 
324477456 385158280 340538226 385158280 
253758595 639369678 259087788 639369678 
240706852 681843160 253758595 681843160 
308903055 644171522 327890557 644171522 
126560613 821244939 126560613 831380311 
158356379 793129269 158356379 799600486 
183052755 783093401 183052755 793129269 
211148652 896097038 211148652 905521281 
179449487 953245563 182862392 953245563 
209291579 952539978 226463432 952539978 
194873830 988559326 194873830 997291618 
230738008 751733060 255589178 751733060 
230738008 751733060 230738008 770717003 
417289441 394465513 430170029 394465513 
456818355 340759613 456818355 373276690 
556701503 307746961 556701503 310692168 
560693386 248507691 560957485 248507691 
560693386 248507691 560693386 255370955 
749540085 177612284 757168536 177612284 
777612753 162003705 785846301 162003705 
777612753 162003705 777612753 177612284 
934042915 137074942 935785593 137074942 
989471924 115033977 989471924 137074942 
911570937 182211691 911570937 204490350 
544289837 144492785 544289837 181922090 
544289837 144492785 561293382 144492785 
593382260 148964534 593382260 158619416 
255737246 466632118 257681414 466632118 
300275514 411001848 302598006 411001848 
300275514 411001848 300275514 421627997 
340538226 385158280 340538226 385425109 
259087788 639369678 259087788 641898849 
253758595 681843160 253758595 686530186 
253758595 681843160 269460568 681843160 
327890557 644171522 329060238 644171522 
327890557 644171522 327890557 657109229 
126560613 831380311 135158051 831380311 
158356379 799600486 158356379 814067524 
211148652 905521281 233162081 905521281 
182862392 953245563 182862392 953469656 
182862392 953245563 193152499 953245563 
226463432 952539978 226463432 952654002 
226463432 952539978 238076854 952539978 
255589178 751733060 255589178 758459254 
255589178 751733060 277621012 751733060 
230738008 770717003 238964822 770717003 
230738008 770717003 230738008 785540084 
430170029 394465513 430170029 398269537 
456818355 373276690 466587026 373276690 
556701503 310692168 556701503 325325353 
556701503 310692168 566598446 310692168 
560693386 255370955 568312386 255370955 
560693386 255370955 560693386 263647214 
777612753 177612284 777612753 184454778 
935785593 137074942 935785593 138238727 
989471924 137074942 989471924 137526172 
989471924 137074942 994310756 137074942 
911570937 204490350 911570937 219880634 
911570937 204490350 915273378 204490350 
544289837 181922090 544289837 194115078 
561293382 144492785 561293382 158185664 
561293382 144492785 570089176 144492785 
593382260 158619416 594148193 158619416 
300275514 421627997 300275514 464501341 
300275514 421627997 313750892 421627997 
340538226 385425109 340538226 396201569 
259087788 641898849 269460568 641898849 
327890557 657109229 329060238 657109229 
327890557 657109229 327890557 671824166 
135158051 831380311 135158051 863026083 
135158051 831380311 142080309 831380311 
158356379 814067524 163585517 814067524 
233162081 905521281 233162081 906323511 
277621012 751733060 283795481 751733060 
230738008 785540084 240489470 785540084 
230738008 785540084 230738008 792377882 
430170029 398269537 430170029 426934007 
466587026 373276690 466587026 378887707 
466587026 373276690 474229501 373276690 
556701503 325325353 556701503 371831408 
556701503 325325353 561168825 325325353 
566598446 310692168 566598446 320523978 
566598446 310692168 585458203 310692168 
560693386 263647214 560693386 288190295 
560693386 263647214 573198793 263647214 
777612753 184454778 777612753 204027279 
777612753 184454778 811521079 184454778 
935785593 138238727 935785593 145508946 
994310756 137074942 994310756 188864248 
911570937 219880634 915273378 219880634 
915273378 204490350 922971222 204490350 
544289837 194115078 553948037 194115078 
594148193 158619416 594148193 180518423 
340538226 396201569 340538226 421627997 
340538226 396201569 342659800 396201569 
269460568 641898849 273065082 641898849 
329060238 657109229 334241286 657109229 
327890557 671824166 334241286 671824166 
327890557 671824166 327890557 692593667 
163585517 814067524 181766283 814067524 
283795481 751733060 283795481 752604242 
230738008 792377882 230738008 792481509 
230738008 792377882 232294419 792377882 
430170029 426934007 436001505 426934007 
466587026 378887707 466587026 396257395 
474229501 373276690 474229501 378887707 
474229501 373276690 490131758 373276690 
585458203 310692168 585458203 327880669 
573198793 263647214 620579836 263647214 
777612753 204027279 777612753 230350817 
811521079 184454778 811521079 201241962 
811521079 184454778 853254652 184454778 
994310756 188864248 999451644 188864248 
915273378 219880634 915273378 222755852 
915273378 219880634 924104648 219880634 
553948037 194115078 568538732 194115078 
594148193 180518423 611685844 180518423 
340538226 421627997 342659800 421627997 
342659800 396201569 347768848 396201569 
334241286 657109229 338980506 657109229 
327890557 692593667 332022477 692593667 
327890557 692593667 327890557 706206241 
181766283 814067524 181766283 825357318 
283795481 752604242 293561608 752604242 
232294419 792377882 236136519 792377882 
436001505 426934007 461332181 426934007 
490131758 373276690 490131758 396257395 
490131758 373276690 496509480 373276690 
585458203 327880669 586541662 327880669 
620579836 263647214 620579836 274782327 
777612753 230350817 803576110 230350817 
853254652 184454778 853254652 199058261 
924104648 219880634 924104648 232456846 
924104648 219880634 978793388 219880634 
568538732 194115078 568538732 196133233 
611685844 180518423 611685844 195714156 
611685844 180518423 628075296 180518423 
342659800 421627997 342659800 422998786 
347768848 396201569 347768848 398149166 
347768848 396201569 351851704 396201569 
327890557 706206241 327890557 731891545 
327890557 706206241 332022477 706206241 
181766283 825357318 181766283 841208182 
293561608 752604242 293561608 762293324 
236136519 792377882 236136519 793078609 
461332181 426934007 461332181 427835863 
490131758 396257395 496509480 396257395 
496509480 373276690 501704406 373276690 
586541662 327880669 586541662 352821833 
586541662 327880669 628842808 327880669 
803576110 230350817 806250351 230350817 
803576110 230350817 803576110 241349362 
853254652 199058261 859348175 199058261 
924104648 232456846 924104648 234246738 
924104648 232456846 933574209 232456846 
978793388 219880634 978793388 225802855 
978793388 219880634 984875031 219880634 
628075296 180518423 628075296 197015962 
628075296 180518423 649668060 180518423 
342659800 422998786 344992738 422998786 
342659800 422998786 342659800 432778776 
332022477 706206241 339241547 706206241 
181766283 841208182 186044012 841208182 
293561608 762293324 293561608 764737961 
293561608 762293324 315629752 762293324 
236136519 793078609 236136519 807599905 
236136519 793078609 244047532 793078609 
461332181 427835863 461332181 468844232 
496509480 396257395 496509480 402225015 
586541662 352821833 602559225 352821833 
628842808 327880669 632118269 327880669 
803576110 241349362 803576110 265349436 
803576110 241349362 806250351 241349362 
859348175 199058261 859348175 220214661 
859348175 199058261 861096569 199058261 
933574209 232456846 936007706 232456846 
933574209 232456846 933574209 235535162 
628075296 197015962 628075296 229961817 
649668060 180518423 650669537 180518423 
649668060 180518423 649668060 187787373 
342659800 432778776 342659800 445321440 
342659800 432778776 357177717 432778776 
186044012 841208182 186044012 855356628 
315629752 762293324 317747259 762293324 
315629752 762293324 315629752 793078609 
244047532 793078609 244047532 793293985 
244047532 793078609 262179190 793078609 
461332181 468844232 468816401 468844232 
496509480 402225015 496509480 409036446 
496509480 402225015 515832312 402225015 
602559225 352821833 602559225 368136514 
632118269 327880669 632118269 330185999 
803576110 265349436 803576110 281546468 
806250351 241349362 814746797 241349362 
861096569 199058261 861096569 199871639 
861096569 199058261 863308204 199058261 
933574209 235535162 933574209 249399770 
933574209 235535162 936007706 235535162 
628075296 229961817 647369551 229961817 
649668060 187787373 652287825 187787373 
649668060 187787373 649668060 195387846 
342659800 445321440 342659800 497192064 
357177717 432778776 357177717 445332807 
186044012 855356628 190177603 855356628 
315629752 793078609 315629752 802490855 
262179190 793078609 267548406 793078609 
262179190 793078609 262179190 847663828 
515832312 402225015 515832312 404637994 
515832312 402225015 526583739 402225015 
632118269 330185999 632118269 340017662 
803576110 281546468 813781849 281546468 
814746797 241349362 814746797 248648903 
814746797 241349362 822823240 241349362 
863308204 199058261 866732864 199058261 
933574209 249399770 933584616 249399770 
933574209 249399770 933574209 256176248 
936007706 235535162 937128732 235535162 
647369551 229961817 647369551 260895831 
647369551 229961817 647543662 229961817 
649668060 195387846 649668060 197472231 
649668060 195387846 656549685 195387846 
342659800 497192064 343055784 497192064 
357177717 445332807 357543283 445332807 
190177603 855356628 207546795 855356628 
315629752 802490855 315629752 810718532 
315629752 802490855 328294246 802490855 
262179190 847663828 262179190 857872604 
262179190 847663828 278018980 847663828 
526583739 402225015 526583739 402589912 
526583739 402225015 532435478 402225015 
632118269 340017662 637002511 340017662 
822823240 241349362 847350947 241349362 
866732864 199058261 866732864 200558507 
933574209 256176248 933574209 290451007 
933574209 256176248 949238346 256176248 
647369551 260895831 657936480 260895831 
647543662 229961817 668720087 229961817 
656549685 195387846 656549685 210689461 
656549685 195387846 691303445 195387846 
343055784 497192064 343055784 520727980 
343055784 497192064 350524151 497192064 
357543283 445332807 357543283 456356958 
357543283 445332807 393250551 445332807 
207546795 855356628 207546795 860966494 
328294246 802490855 334844281 802490855 
328294246 802490855 328294246 810782389 
262179190 857872604 262179190 881175332 
278018980 847663828 278018980 852433957 
278018980 847663828 288288033 847663828 
532435478 402225015 532435478 424935042 
532435478 402225015 550753589 402225015 
637002511 340017662 637002511 344066577 
637002511 340017662 647471012 340017662 
847350947 241349362 847350947 245177389 
866732864 200558507 875444862 200558507 
949238346 256176248 949238346 256486562 
949238346 256176248 968696709 256176248 
657936480 260895831 657936480 265417366 
668720087 229961817 668720087 247795543 
691303445 195387846 715769218 195387846 
691303445 195387846 691303445 204810249 
343055784 520727980 362511263 520727980 
357543283 456356958 357543283 462366716 
393250551 445332807 393250551 470132137 
207546795 860966494 207546795 863763531 
207546795 860966494 236692913 860966494 
328294246 810782389 328294246 814886213 
328294246 810782389 338853338 810782389 
262179190 881175332 264185609 881175332 
288288033 847663828 288288033 855605270 
288288033 847663828 324072475 847663828 
532435478 424935042 532435478 472007924 
550753589 402225015 550753589 415487169 
647471012 340017662 647471012 344066577 
647471012 340017662 666303125 340017662 
847350947 245177389 857096292 245177389 
847350947 245177389 847350947 249700029 
875444862 200558507 875444862 203202194 
968696709 256176248 970411951 256176248 
968696709 256176248 968696709 278456699 
657936480 265417366 657936480 301138976 
668720087 247795543 692187458 247795543 
715769218 195387846 722030038 195387846 
691303445 204810249 691303445 217998185 
691303445 204810249 699322157 204810249 
362511263 520727980 362511263 522906424 
357543283 462366716 359810316 462366716 
393250551 470132137 407742390 470132137 
236692913 860966494 250847099 860966494 
236692913 860966494 236692913 863763531 
338853338 810782389 351769355 810782389 
338853338 810782389 338853338 814886213 
264185609 881175332 273986855 881175332 
324072475 847663828 324072475 874959896 
324072475 847663828 329511082 847663828 
532435478 472007924 532435478 494218249 
532435478 472007924 535407367 472007924 
550753589 415487169 553898007 415487169 
647471012 344066577 647471012 344545868 
666303125 340017662 674850804 340017662 
847350947 249700029 849824875 249700029 
847350947 249700029 847350947 277316348 
875444862 203202194 875444862 213095013 
875444862 203202194 883660613 203202194 
968696709 278456699 968696709 290451007 
968696709 278456699 970411951 278456699 
657936480 301138976 666303125 301138976 
692187458 247795543 692187458 252949543 
692187458 247795543 722030038 247795543 
722030038 195387846 722030038 200696712 
691303445 217998185 691303445 224147183 
362511263 522906424 362511263 548814825 
362511263 522906424 366056674 522906424 
359810316 462366716 359810316 478631655 
407742390 470132137 417972369 470132137 
250847099 860966494 250847099 867992057 
250847099 860966494 254895074 860966494 
236692913 863763531 236692913 885410978 
351769355 810782389 357459452 810782389 
338853338 814886213 338853338 822662600 
273986855 881175332 273986855 883239650 
329511082 847663828 379955537 847663828 
532435478 494218249 535407367 494218249 
535407367 472007924 552888906 472007924 
553898007 415487169 570244575 415487169 
647471012 344545868 647471012 349035816 
674850804 340017662 674850804 375714262 
847350947 277316348 847350947 303630632 
847350947 277316348 861972222 277316348 
875444862 213095013 892388490 213095013 
968696709 290451007 968696709 310898768 
970411951 278456699 973242774 278456699 
666303125 301138976 666303125 301330243 
666303125 301138976 678238753 301138976 
692187458 252949543 692187458 262608212 
722030038 247795543 722030038 252949543 
722030038 200696712 746960779 200696712 
691303445 224147183 692580588 224147183 
362511263 548814825 362511263 564689735 
366056674 522906424 394311895 522906424 
359810316 478631655 361656788 478631655 
417972369 470132137 417972369 476842737 
357459452 810782389 357459452 811009187 
273986855 883239650 292347404 883239650 
273986855 883239650 273986855 930962817 
379955537 847663828 379955537 866949354 
535407367 494218249 535407367 498368183 
570244575 415487169 570244575 417187403 
647471012 349035816 650483119 349035816 
674850804 375714262 680036480 375714262 
847350947 303630632 867147224 303630632 
892388490 213095013 892388490 219880634 
973242774 278456699 973242774 282936835 
973242774 278456699 988638496 278456699 
692187458 262608212 692187458 289409059 
722030038 252949543 746960779 252949543 
746960779 200696712 746960779 224301056 
692580588 224147183 694407961 224147183 
362511263 564689735 362511263 588264097 
394311895 522906424 394311895 548814825 
394311895 522906424 415176129 522906424 
361656788 478631655 361656788 491561796 
361656788 478631655 367048925 478631655 
417972369 476842737 417972369 482637510 
417972369 476842737 425409685 476842737 
292347404 883239650 310384127 883239650 
273986855 930962817 280501539 930962817 
273986855 930962817 273986855 982452618 
379955537 866949354 381786138 866949354 
379955537 866949354 379955537 897338486 
570244575 417187403 601889224 417187403 
570244575 417187403 570244575 446738339 
680036480 375714262 680036480 406909274 
680036480 375714262 697930005 375714262 
867147224 303630632 867147224 312802685 
892388490 219880634 892388490 242507139 
988638496 278456699 988638496 285124084 
988638496 278456699 993316174 278456699 
692187458 289409059 716506062 289409059 
746960779 252949543 762158271 252949543 
746960779 252949543 746960779 261031144 
746960779 224301056 749540085 224301056 
694407961 224147183 694407961 225785525 
362511263 588264097 363889753 588264097 
394311895 548814825 394311895 564689735 
415176129 522906424 415176129 539662059 
425409685 476842737 437820559 476842737 
310384127 883239650 310384127 892950397 
280501539 930962817 289723952 930962817 
273986855 982452618 273986855 999260740 
273986855 982452618 276064707 982452618 
379955537 897338486 379955537 901878091 
379955537 897338486 381786138 897338486 
601889224 417187403 601889224 442577433 
570244575 446738339 570244575 463097621 
570244575 446738339 574106527 446738339 
680036480 406909274 680036480 436959000 
697930005 375714262 717995544 375714262 
867147224 312802685 867147224 343147784 
867147224 312802685 887579749 312802685 
716506062 289409059 716506062 304494471 
746960779 261031144 752538565 261031144 
746960779 261031144 746960779 278631620 
363889753 588264097 363889753 599572432 
394311895 564689735 394311895 592635033 
415176129 539662059 428482920 539662059 
437820559 476842737 437820559 488734671 
310384127 892950397 310384127 901878091 
289723952 930962817 289723952 934810655 
379955537 901878091 379955537 910331342 
379955537 901878091 380333756 901878091 
381786138 897338486 402437034 897338486 
601889224 442577433 601955157 442577433 
570244575 463097621 570244575 463689541 
570244575 463097621 591901527 463097621 
680036480 436959000 704910291 436959000 
717995544 375714262 717995544 382000724 
867147224 343147784 867147224 364152055 
867147224 343147784 874308400 343147784 
887579749 312802685 887579749 314065510 
887579749 312802685 906280211 312802685 
716506062 304494471 726373233 304494471 
746960779 278631620 746960779 283999737 
746960779 278631620 749508386 278631620 
363889753 599572432 363889753 619721227 
363889753 599572432 367995565 599572432 
394311895 592635033 407326919 592635033 
428482920 539662059 428482920 550020519 
437820559 488734671 446364249 488734671 
310384127 901878091 311521321 901878091 
289723952 934810655 289723952 939218560 
289723952 934810655 306988562 934810655 
402437034 897338486 402437034 906742780 
402437034 897338486 412514113 897338486 
601955157 442577433 601955157 451118415 
601955157 442577433 627070522 442577433 
570244575 463689541 570244575 498368183 
591901527 463097621 591901527 463689541 
704910291 436959000 704910291 475061687 
717995544 382000724 717995544 386459630 
717995544 382000724 728959793 382000724 
867147224 364152055 880942876 364152055 
906280211 312802685 921725577 312802685 
906280211 312802685 906280211 314065510 
726373233 304494471 731091663 304494471 
746960779 283999737 752573512 283999737 
363889753 619721227 373228932 619721227 
407326919 592635033 407326919 596756802 
428482920 550020519 449004420 550020519 
428482920 550020519 428482920 561302209 
446364249 488734671 446364249 492611094 
311521321 901878091 311521321 916705483 
289723952 939218560 289723952 953805322 
306988562 934810655 314964540 934810655 
627070522 442577433 627070522 445049379 
627070522 442577433 632412958 442577433 
570244575 498368183 572714063 498368183 
704910291 475061687 705162179 475061687 
728959793 382000724 728959793 394496392 
728959793 382000724 754654496 382000724 
880942876 364152055 880942876 372834947 
921725577 312802685 921725577 333815461 
906280211 314065510 906280211 322678797 
731091663 304494471 731091663 308502265 
752573512 283999737 752573512 286317073 
373228932 619721227 373228932 620676009 
407326919 596756802 410677891 596756802 
449004420 550020519 449004420 560599547 
428482920 561302209 428482920 570097815 
428482920 561302209 428579668 561302209 
446364249 492611094 446364249 493755292 
446364249 492611094 450026009 492611094 
289723952 953805322 292151101 953805322 
314964540 934810655 314964540 937043128 
627070522 445049379 627070522 447276286 
632412958 442577433 632412958 445049379 
632412958 442577433 638176410 442577433 
572714063 498368183 572714063 500248984 
705162179 475061687 705162179 498779310 
705162179 475061687 741055275 475061687 
754654496 382000724 763505751 382000724 
754654496 382000724 754654496 389194566 
880942876 372834947 880942876 380929837 
880942876 372834947 902771890 372834947 
921725577 333815461 924413449 333815461 
731091663 308502265 731091663 309885899 
731091663 308502265 759428640 308502265 
373228932 620676009 383138268 620676009 
373228932 620676009 373228932 642844309 
410677891 596756802 439901071 596756802 
410677891 596756802 410677891 616028691 
449004420 560599547 449851989 560599547 
446364249 493755292 446364249 494526858 
450026009 492611094 450026009 493755292 
450026009 492611094 460965162 492611094 
314964540 937043128 314964540 942692577 
314964540 937043128 320918723 937043128 
627070522 447276286 627070522 468052912 
638176410 442577433 638176410 448958876 
572714063 500248984 572714063 511235449 
572714063 500248984 589393999 500248984 
705162179 498779310 711531372 498779310 
763505751 382000724 790794226 382000724 
754654496 389194566 754654496 434751451 
754654496 389194566 754991172 389194566 
880942876 380929837 880942876 393435051 
880942876 380929837 881447132 380929837 
902771890 372834947 902771890 379858663 
902771890 372834947 941342396 372834947 
924413449 333815461 955100501 333815461 
759428640 308502265 759428640 309885899 
759428640 308502265 773455089 308502265 
373228932 642844309 373228932 675512374 
373228932 642844309 378136453 642844309 
439901071 596756802 439901071 597228026 
439901071 596756802 448420572 596756802 
410677891 616028691 420883056 616028691 
410677891 616028691 410677891 630426429 
449851989 560599547 449851989 574157728 
449851989 560599547 476830669 560599547 
460965162 492611094 460965162 498832654 
460965162 492611094 466765452 492611094 
314964540 942692577 318676514 942692577 
627070522 468052912 631280373 468052912 
638176410 448958876 641921663 448958876 
572714063 511235449 572714063 556275970 
589393999 500248984 612654862 500248984 
711531372 498779310 711531372 499626273 
790794226 382000724 790794226 390571420 
754654496 434751451 756179022 434751451 
880942876 393435051 880942876 410105132 
941342396 372834947 941342396 418967296 
941342396 372834947 969258880 372834947 
955100501 333815461 955100501 340168648 
759428640 309885899 759428640 316385322 
773455089 308502265 773455089 316385322 
773455089 308502265 786820573 308502265 
373228932 675512374 392792176 675512374 
420883056 616028691 435319840 616028691 
410677891 630426429 410677891 636013169 
410677891 630426429 420883056 630426429 
476830669 560599547 494217010 560599547 
460965162 498832654 460965162 522178933 
466765452 492611094 505938244 492611094 
318676514 942692577 318676514 943817805 
641921663 448958876 641921663 453566525 
572714063 556275970 581314155 556275970 
612654862 500248984 612654862 513444657 
711531372 499626273 711531372 535641413 
756179022 434751451 756179022 435333615 
880942876 410105132 886605299 410105132 
941342396 418967296 941342396 425941081 
969258880 372834947 994459009 372834947 
955100501 340168648 955100501 351644813 
955100501 340168648 973356244 340168648 
759428640 316385322 759428640 340810434 
773455089 316385322 773455089 326191014 
392792176 675512374 392792176 680042817 
435319840 616028691 435319840 617961422 
435319840 616028691 452238632 616028691 
420883056 630426429 422441246 630426429 
420883056 630426429 420883056 642684902 
494217010 560599547 494217010 561006357 
460965162 522178933 467108475 522178933 
505938244 492611094 505938244 494218249 
318676514 943817805 318676514 945934105 
318676514 943817805 322891831 943817805 
641921663 453566525 642675977 453566525 
581314155 556275970 598510645 556275970 
612654862 513444657 617005580 513444657 
612654862 513444657 612654862 527475692 
711531372 535641413 716647260 535641413 
756179022 435333615 756179022 442123933 
756179022 435333615 775203753 435333615 
886605299 410105132 886605299 435080456 
941342396 425941081 943252923 425941081 
994459009 372834947 994459009 376280174 
973356244 340168648 973356244 349269535 
973356244 340168648 989458978 340168648 
773455089 326191014 776647416 326191014 
392792176 680042817 393278654 680042817 
392792176 680042817 392792176 731891545 
452238632 616028691 452238632 626757538 
452238632 616028691 461522180 616028691 
420883056 642684902 420883056 644073122 
420883056 642684902 421526120 642684902 
494217010 561006357 552747548 561006357 
467108475 522178933 467108475 529498282 
467108475 522178933 485888060 522178933 
322891831 943817805 322891831 976240600 
322891831 943817805 364084532 943817805 
642675977 453566525 642675977 460762329 
642675977 453566525 663386248 453566525 
598510645 556275970 598510645 564263407 
617005580 513444657 621616100 513444657 
612654862 527475692 612654862 544520189 
612654862 527475692 626923982 527475692 
716647260 535641413 729567864 535641413 
756179022 442123933 761101314 442123933 
775203753 435333615 789082961 435333615 
886605299 435080456 892936990 435080456 
943252923 425941081 947052225 425941081 
943252923 425941081 943252923 435545817 
994459009 376280174 998803119 376280174 
994459009 376280174 994459009 395993875 
776647416 326191014 789144232 326191014 
392792176 731891545 392792176 744394579 
452238632 626757538 491432834 626757538 
420883056 644073122 429332643 644073122 
552747548 561006357 552747548 562300966 
485888060 522178933 496919573 522178933 
485888060 522178933 485888060 534950635 
322891831 976240600 334242864 976240600 
364084532 943817805 364084532 950796349 
364084532 943817805 372225551 943817805 
663386248 453566525 663386248 489136987 
598510645 564263407 610791467 564263407 
598510645 564263407 598510645 584344373 
621616100 513444657 621616100 514591591 
626923982 527475692 626923982 538367565 
729567864 535641413 729567864 546847334 
761101314 442123933 761101314 444908445 
789082961 435333615 789082961 435979998 
892936990 435080456 892936990 441218252 
892936990 435080456 893394561 435080456 
943252923 435545817 943252923 449950767 
943252923 435545817 947052225 435545817 
994459009 395993875 994459009 402410648 
994459009 395993875 995612131 395993875 
789144232 326191014 789144232 335304341 
392792176 744394579 392792176 753315821 
392792176 744394579 408751451 744394579 
491432834 626757538 491432834 627574306 
429332643 644073122 429332643 651288200 
552747548 562300966 552747548 598715595 
485888060 534950635 485888060 537273989 
485888060 534950635 513427418 534950635 
334242864 976240600 334242864 979201463 
372225551 943817805 372225551 962118645 
372225551 943817805 382798225 943817805 
663386248 489136987 665538592 489136987 
598510645 584344373 598510645 588145521 
598510645 584344373 621806923 584344373 
626923982 538367565 626923982 544520189 
729567864 546847334 729567864 584551174 
729567864 546847334 740304109 546847334 
761101314 444908445 761101314 458625714 
789082961 435979998 789082961 440346746 
789082961 435979998 821490590 435979998 
943252923 449950767 956889609 449950767 
947052225 435545817 952269895 435545817 
392792176 753315821 392792176 771009345 
491432834 627574306 505704726 627574306 
491432834 627574306 491432834 660319520 
429332643 651288200 430854149 651288200 
429332643 651288200 429332643 664592152 
552747548 598715595 553184828 598715595 
382798225 943817805 417496781 943817805 
665538592 489136987 668011124 489136987 
665538592 489136987 665538592 527475692 
626923982 544520189 630528501 544520189 
729567864 584551174 740304109 584551174 
740304109 546847334 777215326 546847334 
761101314 458625714 768294977 458625714 
821490590 435979998 822125170 435979998 
821490590 435979998 821490590 452083127 
956889609 449950767 956889609 457782841 
392792176 771009345 394044889 771009345 
491432834 660319520 491432834 664767330 
491432834 660319520 505704726 660319520 
429332643 664592152 429332643 666045789 
429332643 664592152 430752446 664592152 
553184828 598715595 553184828 611361496 
553184828 598715595 592272821 598715595 
417496781 943817805 417496781 952607926 
665538592 527475692 665538592 538367565 
630528501 544520189 630528501 548740007 
740304109 584551174 757012488 584551174 
777215326 546847334 777215326 561897520 
768294977 458625714 768294977 476793891 
821490590 452083127 821490590 452648399 
821490590 452083127 857980157 452083127 
394044889 771009345 410869814 771009345 
491432834 664767330 491432834 672756848 
491432834 664767330 491642611 664767330 
505704726 660319520 508539948 660319520 
429332643 666045789 450410133 666045789 
553184828 611361496 553184828 632720536 
592272821 598715595 599209559 598715595 
592272821 598715595 592272821 626006559 
417496781 952607926 442873761 952607926 
417496781 952607926 417496781 971433076 
665538592 538367565 665538592 541427214 
665538592 538367565 679679551 538367565 
630528501 548740007 652959200 548740007 
757012488 584551174 757012488 595139752 
777215326 561897520 779098440 561897520 
768294977 476793891 776274659 476793891 
821490590 452648399 821490590 470630846 
857980157 452083127 865028206 452083127 
857980157 452083127 857980157 470630846 
410869814 771009345 410869814 784061510 
508539948 660319520 508539948 677760587 
450410133 666045789 450410133 680813597 
553184828 632720536 556479829 632720536 
599209559 598715595 599209559 604135098 
599209559 598715595 606379593 598715595 
592272821 626006559 592272821 653767341 
592272821 626006559 613439304 626006559 
442873761 952607926 456481747 952607926 
417496781 971433076 417496781 983301490 
417496781 971433076 417832041 971433076 
679679551 538367565 679679551 547964757 
652959200 548740007 652959200 569558333 
757012488 595139752 757012488 619693953 
776274659 476793891 776274659 492373894 
776274659 476793891 779779870 476793891 
821490590 470630846 829825747 470630846 
857980157 470630846 861263467 470630846 
410869814 784061510 410869814 814514683 
508539948 677760587 509313726 677760587 
450410133 680813597 450410133 706869344 
556479829 632720536 560920075 632720536 
556479829 632720536 556479829 638701639 
613439304 626006559 615138937 626006559 
613439304 626006559 613439304 640167283 
456481747 952607926 456481747 960420351 
679679551 547964757 687626829 547964757 
757012488 619693953 766938773 619693953 
776274659 492373894 776274659 497995626 
829825747 470630846 829825747 496331672 
861263467 470630846 881334456 470630846 
410869814 814514683 413908986 814514683 
509313726 677760587 533212046 677760587 
450410133 706869344 458474446 706869344 
556479829 638701639 556479829 647385821 
556479829 638701639 559851118 638701639 
615138937 626006559 641365947 626006559 
613439304 640167283 613439304 647638602 
766938773 619693953 782951375 619693953 
776274659 497995626 777215326 497995626 
881334456 470630846 881334456 485828328 
413908986 814514683 413908986 815797167 
413908986 814514683 435512863 814514683 
533212046 677760587 533212046 700730397 
458474446 706869344 467904569 706869344 
458474446 706869344 458474446 732360944 
556479829 647385821 556479829 657979039 
641365947 626006559 641365947 640167283 
641365947 626006559 699311585 626006559 
613439304 647638602 613439304 668486562 
782951375 619693953 782951375 623058085 
777215326 497995626 777215326 508152178 
777215326 497995626 797601460 497995626 
881334456 485828328 881334456 489755091 
881334456 485828328 888048948 485828328 
435512863 814514683 435512863 847616188 
533212046 700730397 533212046 712628437 
533212046 700730397 542676193 700730397 
458474446 732360944 458474446 767548843 
458474446 732360944 495647237 732360944 
556479829 657979039 560230245 657979039 
641365947 640167283 641365947 659425512 
699311585 626006559 699311585 629787126 
613439304 668486562 617074769 668486562 
782951375 623058085 782951375 632919937 
797601460 497995626 797601460 508620634 
797601460 497995626 811839617 497995626 
881334456 489755091 881334456 493438748 
888048948 485828328 888048948 489755091 
888048948 485828328 893380008 485828328 
435512863 847616188 436323089 847616188 
533212046 712628437 533212046 717996275 
495647237 732360944 495647237 759118769 
495647237 732360944 509909925 732360944 
560230245 657979039 560230245 681581786 
641365947 659425512 655668292 659425512 
699311585 629787126 699311585 687506796 
699311585 629787126 700505433 629787126 
617074769 668486562 636294469 668486562 
617074769 668486562 617074769 675994979 
782951375 632919937 792197238 632919937 
797601460 508620634 797601460 516129469 
893380008 485828328 893380008 486543837 
893380008 485828328 902437718 485828328 
436323089 847616188 447239822 847616188 
533212046 717996275 535926505 717996275 
495647237 759118769 518947504 759118769 
560230245 681581786 561695223 681581786 
699311585 687506796 699311585 719572385 
700505433 629787126 720041384 629787126 
617074769 675994979 624489791 675994979 
617074769 675994979 617074769 684440238 
792197238 632919937 792197238 651170942 
792197238 632919937 817529878 632919937 
797601460 516129469 797769148 516129469 
902437718 485828328 902437718 501982382 
902437718 485828328 919737818 485828328 
447239822 847616188 447239822 851392763 
535926505 717996275 535926505 721423670 
535926505 717996275 564044845 717996275 
518947504 759118769 518947504 767441623 
699311585 719572385 721816506 719572385 
720041384 629787126 720041384 629818705 
617074769 684440238 624577852 684440238 
617074769 684440238 617074769 703283974 
797769148 516129469 797769148 534277852 
797769148 516129469 810509712 516129469 
902437718 501982382 902437718 518404716 
919737818 485828328 919737818 496259217 
919737818 485828328 934699128 485828328 
447239822 851392763 447239822 868181355 
447239822 851392763 486391604 851392763 
535926505 721423670 535926505 739484288 
564044845 717996275 572858183 717996275 
518947504 767441623 525232703 767441623 
518947504 767441623 518947504 802223036 
721816506 719572385 723045118 719572385 
721816506 719572385 721816506 726459425 
720041384 629818705 737787087 629818705 
617074769 703283974 617074769 734497511 
617074769 703283974 624577852 703283974 
810509712 516129469 817931355 516129469 
902437718 518404716 908005359 518404716 
934699128 485828328 952392447 485828328 
934699128 485828328 934699128 510224706 
447239822 868181355 447239822 887297124 
486391604 851392763 486391604 859135138 
535926505 739484288 550373655 739484288 
572858183 717996275 572858183 722215098 
518947504 802223036 518947504 809153937 
518947504 802223036 522413064 802223036 
721816506 726459425 734389782 726459425 
737787087 629818705 737787087 637760372 
624577852 703283974 633588023 703283974 
817931355 516129469 817931355 520461184 
817931355 516129469 857980157 516129469 
934699128 510224706 934699128 516544087 
934699128 510224706 941670403 510224706 
447239822 887297124 452456137 887297124 
486391604 859135138 491667984 859135138 
550373655 739484288 550373655 761185736 
518947504 809153937 518947504 827067497 
737787087 637760372 737787087 658436623 
737787087 637760372 745352364 637760372 
633588023 703283974 633588023 713401039 
633588023 703283974 664929753 703283974 
817931355 520461184 817931355 523414057 
857980157 516129469 857980157 520461184 
941670403 510224706 941670403 557602411 
941670403 510224706 966352770 510224706 
452456137 887297124 457290149 887297124 
452456137 887297124 452456137 908213287 
491667984 859135138 491667984 875122915 
550373655 761185736 555119687 761185736 
518947504 827067497 527325892 827067497 
737787087 658436623 737787087 673754830 
633588023 713401039 633588023 721334796 
664929753 703283974 671649435 703283974 
664929753 703283974 664929753 706109957 
817931355 523414057 817931355 532137355 
857980157 520461184 857980157 525526730 
857980157 520461184 858752133 520461184 
941670403 557602411 941670403 604033713 
966352770 510224706 966352770 513181643 
966352770 510224706 977095849 510224706 
452456137 908213287 452456137 918415494 
452456137 908213287 470992806 908213287 
491667984 875122915 497451288 875122915 
555119687 761185736 555119687 792797232 
555119687 761185736 586856453 761185736 
527325892 827067497 527325892 857337115 
527325892 827067497 531269193 827067497 
737787087 673754830 741968349 673754830 
633588023 721334796 636094603 721334796 
664929753 706109957 666707914 706109957 
664929753 706109957 664929753 738726743 
817931355 532137355 825797788 532137355 
857980157 525526730 861218979 525526730 
941670403 604033713 949591705 604033713 
977095849 510224706 977095849 531813414 
452456137 918415494 452456137 925384360 
470992806 908213287 470992806 917917580 
470992806 908213287 481742567 908213287 
497451288 875122915 497451288 889203727 
497451288 875122915 510780050 875122915 
586856453 761185736 591744753 761185736 
586856453 761185736 586856453 781267571 
531269193 827067497 531269193 829943802 
531269193 827067497 562801720 827067497 
741968349 673754830 741968349 686958605 
741968349 673754830 778131255 673754830 
664929753 738726743 664929753 761917249 
664929753 738726743 670731909 738726743 
825797788 532137355 825797788 574140680 
861218979 525526730 861218979 527063857 
977095849 531813414 978672517 531813414 
452456137 925384360 453001600 925384360 
481742567 908213287 489792934 908213287 
510780050 875122915 528975578 875122915 
586856453 781267571 586856453 801912074 
586856453 781267571 621854437 781267571 
741968349 686958605 749703283 686958605 
664929753 761917249 684477660 761917249 
825797788 574140680 827621065 574140680 
861218979 527063857 861218979 538782840 
489792934 908213287 489792934 911578433 
528975578 875122915 528975578 885604071 
586856453 801912074 586856453 817422791 
621854437 781267571 621854437 791904602 
749703283 686958605 749703283 691959226 
684477660 761917249 684477660 770312552 
827621065 574140680 827621065 583209195 
827621065 574140680 835588449 574140680 
861218979 538782840 871527944 538782840 
489792934 911578433 500134540 911578433 
528975578 885604071 534602417 885604071 
586856453 817422791 597907679 817422791 
621854437 791904602 628431245 791904602 
749703283 691959226 749703283 711172925 
749703283 691959226 765958189 691959226 
684477660 770312552 684477660 775773664 
684477660 770312552 721816506 770312552 
827621065 583209195 827621065 593099624 
871527944 538782840 871527944 553369617 
871527944 538782840 887681040 538782840 
500134540 911578433 500134540 916976271 
534602417 885604071 534602417 886117423 
597907679 817422791 614435731 817422791 
628431245 791904602 628431245 799007996 
628431245 791904602 633049306 791904602 
749703283 711172925 749703283 734002890 
765958189 691959226 775741319 691959226 
684477660 775773664 684477660 794541386 
721816506 770312552 721816506 780572178 
721816506 770312552 726347366 770312552 
827621065 593099624 830891969 593099624 
871527944 553369617 871527944 570890708 
500134540 916976271 508522860 916976271 
534602417 886117423 534602417 908733679 
534602417 886117423 560431265 886117423 
614435731 817422791 614435731 819834390 
628431245 799007996 628431245 810537145 
749703283 734002890 749944795 734002890 
775741319 691959226 775741319 696383213 
684477660 794541386 688129224 794541386 
721816506 780572178 721816506 793446075 
830891969 593099624 830891969 616875021 
871527944 570890708 873652253 570890708 
508522860 916976271 508522860 923281189 
560431265 886117423 560431265 898562598 
560431265 886117423 574963189 886117423 
614435731 819834390 614435731 865744785 
628431245 810537145 633870700 810537145 
749944795 734002890 756770359 734002890 
749944795 734002890 749944795 758768653 
775741319 696383213 785442278 696383213 
688129224 794541386 700278658 794541386 
721816506 793446075 732006186 793446075 
830891969 616875021 846903479 616875021 
873652253 570890708 873652253 595210290 
508522860 923281189 508611199 923281189 
508522860 923281189 508522860 928244178 
574963189 886117423 579625797 886117423 
574963189 886117423 574963189 898562598 
614435731 865744785 626123161 865744785 
633870700 810537145 664360152 810537145 
756770359 734002890 782064422 734002890 
749944795 758768653 749944795 778095191 
749944795 758768653 753578638 758768653 
785442278 696383213 785442278 699147018 
700278658 794541386 700278658 801824440 
732006186 793446075 732006186 837984251 
873652253 595210290 877812177 595210290 
873652253 595210290 873652253 613564443 
508522860 928244178 522061388 928244178 
508522860 928244178 508522860 980110439 
574963189 898562598 574963189 907015437 
626123161 865744785 635506067 865744785 
626123161 865744785 626123161 899020353 
664360152 810537145 664360152 835664427 
782064422 734002890 782064422 748245002 
753578638 758768653 770099827 758768653 
785442278 699147018 785442278 721833631 
785442278 699147018 822028790 699147018 
732006186 837984251 735477993 837984251 
877812177 595210290 887843111 595210290 
873652253 613564443 877812177 613564443 
522061388 928244178 538925189 928244178 
522061388 928244178 522061388 938727877 
508522860 980110439 508522860 990299148 
508522860 980110439 522061388 980110439 
574963189 907015437 574963189 908355496 
626123161 899020353 626123161 916153649 
626123161 899020353 644736974 899020353 
664360152 835664427 666783970 835664427 
664360152 835664427 664360152 849045918 
770099827 758768653 770099827 762249387 
822028790 699147018 829721528 699147018 
822028790 699147018 822028790 721502480 
735477993 837984251 737494848 837984251 
735477993 837984251 735477993 863354602 
887843111 595210290 890780686 595210290 
877812177 613564443 887843111 613564443 
877812177 613564443 877812177 616875021 
522061388 938727877 531761240 938727877 
574963189 908355496 575381791 908355496 
626123161 916153649 626123161 940053516 
644736974 899020353 644736974 901620521 
666783970 835664427 671907737 835664427 
664360152 849045918 664360152 851544099 
664360152 849045918 683627036 849045918 
770099827 762249387 770099827 772315659 
770099827 762249387 780715358 762249387 
822028790 721502480 841156534 721502480 
822028790 721502480 822028790 738381905 
735477993 863354602 735477993 877656921 
735477993 863354602 737494848 863354602 
877812177 616875021 877812177 630899188 
531761240 938727877 531761240 946137512 
531761240 938727877 535407714 938727877 
575381791 908355496 575381791 913703102 
575381791 908355496 594043093 908355496 
626123161 940053516 632001376 940053516 
644736974 901620521 646451591 901620521 
671907737 835664427 671907737 838662818 
664360152 851544099 664360152 872927348 
780715358 762249387 780715358 769432385 
841156534 721502480 841156534 733510876 
822028790 738381905 822028790 751004248 
822028790 738381905 831882019 738381905 
737494848 863354602 752299088 863354602 
877812177 630899188 914433400 630899188 
877812177 630899188 877812177 658898227 
535407714 938727877 535407714 941585532 
535407714 938727877 541202374 938727877 
632001376 940053516 632001376 945403791 
646451591 901620521 647343349 901620521 
646451591 901620521 646451591 909585937 
664360152 872927348 672305245 872927348 
780715358 769432385 783518662 769432385 
841156534 733510876 851394107 733510876 
752299088 863354602 788021519 863354602 
877812177 658898227 893228126 658898227 
877812177 658898227 877812177 677570385 
541202374 938727877 571297326 938727877 
541202374 938727877 541202374 945614576 
632001376 945403791 635022589 945403791 
646451591 909585937 646451591 914472200 
646451591 909585937 647343349 909585937 
672305245 872927348 692692791 872927348 
783518662 769432385 785723750 769432385 
783518662 769432385 783518662 792280407 
851394107 733510876 851394107 738780192 
788021519 863354602 788021519 872047384 
893228126 658898227 915271367 658898227 
877812177 677570385 877812177 689175892 
877812177 677570385 893228126 677570385 
541202374 945614576 541202374 948650181 
541202374 945614576 543352357 945614576 
635022589 945403791 635022589 983410145 
635022589 945403791 644253032 945403791 
647343349 909585937 654681378 909585937 
692692791 872927348 692692791 890302772 
783518662 792280407 783518662 795350348 
783518662 792280407 822028790 792280407 
851394107 738780192 855140761 738780192 
788021519 872047384 806398436 872047384 
915271367 658898227 922493659 658898227 
877812177 689175892 877812177 702987639 
541202374 948650181 541202374 955343869 
635022589 983410145 656314227 983410145 
654681378 909585937 654681378 910303769 
654681378 909585937 674462890 909585937 
783518662 795350348 783518662 819632840 
822028790 792280407 836981332 792280407 
855140761 738780192 855140761 752160607 
806398436 872047384 806398436 877116152 
922493659 658898227 922493659 665233126 
877812177 702987639 887949396 702987639 
541202374 955343869 545209110 955343869 
656314227 983410145 656314227 983456889 
656314227 983410145 685012003 983410145 
674462890 909585937 674462890 920701852 
674462890 909585937 712917907 909585937 
783518662 819632840 795650622 819632840 
855140761 752160607 858197578 752160607 
806398436 877116152 806398436 887282212 
806398436 877116152 840081484 877116152 
887949396 702987639 900310020 702987639 
545209110 955343869 555375982 955343869 
656314227 983456889 656314227 998313943 
685012003 983410145 685012003 983456889 
674462890 920701852 674462890 942796357 
712917907 909585937 750441226 909585937 
795650622 819632840 795650622 822249756 
795650622 819632840 813481625 819632840 
858197578 752160607 858197578 757456330 
858197578 752160607 877452519 752160607 
840081484 877116152 842787610 877116152 
840081484 877116152 840081484 909451833 
900310020 702987639 900310020 709286261 
555375982 955343869 555375982 964598800 
685012003 983456889 704593248 983456889 
674462890 942796357 675297995 942796357 
750441226 909585937 750441226 920861724 
795650622 822249756 795650622 848518292 
813481625 819632840 813481625 827388415 
813481625 819632840 818750192 819632840 
877452519 752160607 877452519 790880403 
840081484 909451833 840081484 915585830 
840081484 909451833 850291882 909451833 
900310020 709286261 900310020 723126185 
900310020 709286261 911146317 709286261 
555375982 964598800 555375982 968884448 
704593248 983456889 704593248 996569220 
675297995 942796357 675297995 949031550 
675297995 942796357 685012003 942796357 
750441226 920861724 750441226 925624204 
750441226 920861724 771186794 920861724 
795650622 848518292 796865681 848518292 
813481625 827388415 813481625 828630555 
818750192 819632840 818750192 821501531 
877452519 790880403 894076607 790880403 
850291882 909451833 850291882 910061111 
900310020 723126185 900310020 729887201 
555375982 968884448 555695270 968884448 
685012003 942796357 693600135 942796357 
771186794 920861724 781392450 920861724 
771186794 920861724 771186794 925624204 
813481625 828630555 820464073 828630555 
813481625 828630555 813481625 841688763 
818750192 821501531 820464073 821501531 
894076607 790880403 897791089 790880403 
894076607 790880403 894076607 813511385 
850291882 910061111 850341827 910061111 
900310020 729887201 906041269 729887201 
555695270 968884448 587485096 968884448 
555695270 968884448 555695270 985393022 
693600135 942796357 693600135 954524307 
693600135 942796357 709732950 942796357 
771186794 925624204 771186794 929787146 
813481625 841688763 814527314 841688763 
820464073 821501531 842746022 821501531 
894076607 813511385 922550715 813511385 
850341827 910061111 853608084 910061111 
906041269 729887201 923302121 729887201 
906041269 729887201 906041269 750217668 
555695270 985393022 555695270 988966809 
555695270 985393022 556087367 985393022 
709732950 942796357 722174718 942796357 
709732950 942796357 709732950 954524307 
771186794 929787146 773973414 929787146 
771186794 929787146 771186794 947996866 
842746022 821501531 877394751 821501531 
922550715 813511385 922550715 839293258 
922550715 813511385 959122951 813511385 
853608084 910061111 853608084 910864557 
923302121 729887201 946537459 729887201 
906041269 750217668 906041269 756246412 
906041269 750217668 908943890 750217668 
722174718 942796357 727741162 942796357 
709732950 954524307 709732950 964002221 
771186794 947996866 771186794 969447717 
771186794 947996866 793466977 947996866 
877394751 821501531 877394751 826911159 
959122951 813511385 979312663 813511385 
946537459 729887201 946537459 743216533 
906041269 756246412 906041269 769462464 
727741162 942796357 727741162 943404534 
771186794 969447717 771186794 980453325 
793466977 947996866 828757029 947996866 
793466977 947996866 793466977 969447717 
877394751 826911159 877394751 829778119 
877394751 826911159 877786119 826911159 
979312663 813511385 979312663 825396489 
946537459 743216533 946537459 757002417 
946537459 743216533 968211948 743216533 
906041269 769462464 915955408 769462464 
727741162 943404534 727741162 945832558 
727741162 943404534 732873277 943404534 
771186794 980453325 773848676 980453325 
828757029 947996866 828757029 970353374 
828757029 947996866 831944069 947996866 
793466977 969447717 793466977 992158726 
793466977 969447717 807151245 969447717 
877394751 829778119 877394751 873524016 
877394751 829778119 890460238 829778119 
979312663 825396489 999688075 825396489 
968211948 743216533 968211948 786860971 
727741162 945832558 727741162 946197206 
727741162 945832558 729983130 945832558 
732873277 943404534 745340587 943404534 
732873277 943404534 732873277 960276656 
773848676 980453325 773848676 981663952 
828757029 970353374 884763949 970353374 
877394751 873524016 890460238 873524016 
890460238 829778119 890460238 839293258 
999688075 825396489 999688075 839691488 
968211948 786860971 981377982 786860971 
732873277 960276656 735871560 960276656 
732873277 960276656 732873277 966172203 
884763949 970353374 884763949 988686314 
890460238 873524016 890460238 905982059 
890460238 873524016 912834022 873524016 
890460238 839293258 894076607 839293258 
732873277 966172203 733834093 966172203 
732873277 966172203 732873277 971907774 
890460238 905982059 890460238 927545400 
912834022 873524016 912834022 882598128 
912834022 873524016 946801060 873524016 
894076607 839293258 894076607 839467971 
732873277 971907774 732873277 996863542 
732873277 971907774 733011999 971907774 
890460238 927545400 902984106 927545400 
946801060 873524016 946801060 875428401 
732873277 996863542 738475119 996863542 
902984106 927545400 902984106 937255087 
902984106 927545400 918716347 927545400 
946801060 875428401 947068526 875428401 
738475119 996863542 738475119 999473344 
947068526 875428401 951475990 875428401 
947068526 875428401 947068526 896833647 
947068526 896833647 947068526 920644602 
947068526 896833647 975830524 896833647 
947068526 920644602 947068526 942137231 
975830524 896833647 975830524 909641940 
975830524 896833647 981202468 896833647 
947068526 942137231 951279097 942137231 
975830524 909641940 975830524 917862210 
951279097 942137231 951279097 973084568 
951279097 942137231 953890049 942137231 
975830524 917862210 979955788 917862210 
953890049 942137231 956366884 942137231 
979955788 917862210 979955788 922965379 
979955788 917862210 986993724 917862210 
956366884 942137231 956366884 943106447 
986993724 917862210 986993724 940553394 
986993724 940553394 990951742 940553394 
990951742 940553394 990951742 997844702 
990951742 940553394 992877346 940553394 
