1998
0 0 0 21320262 
0 0 34465100 0 
0 21320262 11142768 21320262 
0 21320262 0 49755467 
11142768 21320262 25117001 28536903 
11142768 21320262 11142768 21320262 
34465100 0 93139548 0 
34465100 0 34465100 989962 
0 49755467 9236688 49755467 
0 49755467 0 90790471 
9236688 49755467 14763464 49755467 
9236688 49755467 9236688 54243122 
14763464 49755467 33297757 56140764 
14763464 49755467 14763464 49755467 
0 90790471 18849568 90790471 
0 90790471 0 119061515 
93139548 0 98693029 0 
93139548 0 93139548 35630782 
98693029 0 116361788 0 
98693029 0 98693029 1821657 
18849568 90790471 18849568 102898021 
18849568 90790471 48645885 90790471 
116361788 0 116361788 19288187 
116361788 0 191627718 0 
0 119061515 0 144607481 
0 119061515 6571526 119061515 
18849568 102898021 24782009 112997742 
18849568 102898021 18849568 102898021 
93139548 35630782 95239848 58352091 
93139548 35630782 93139548 35630782 
116361788 19288187 127455986 31730777 
116361788 19288187 116361788 19288187 
24782009 112997742 32301488 112997742 
24782009 112997742 24782009 118729330 
48645885 90790471 48645885 106019010 
48645885 90790471 56848966 90790471 
0 144607481 0 156547214 
0 144607481 3652304 144607481 
32301488 112997742 34420296 140565453 
32301488 112997742 32301488 112997742 
95239848 58352091 107962017 58352091 
95239848 58352091 95239848 70279264 
48645885 106019010 71868388 110066484 
48645885 106019010 48645885 106019010 
0 156547214 0 180770694 
0 156547214 8845874 156547214 
127455986 31730777 135145346 31730777 
127455986 31730777 127455986 42063425 
107962017 58352091 123229443 58352091 
107962017 58352091 107962017 80222109 
0 180770694 0 198007786 
0 180770694 7162226 180770694 
123229443 58352091 131404407 58352091 
123229443 58352091 123229443 63074922 
71868388 110066484 82138987 160021625 
71868388 110066484 71868388 110066484 
107962017 80222109 112871198 84125638 
107962017 80222109 107962017 80222109 
131404407 58352091 131404407 65918769 
131404407 58352091 144472322 58352091 
191627718 0 191627718 15803113 
191627718 0 232603260 0 
112871198 84125638 112871198 103571051 
112871198 84125638 120192239 84125638 
131404407 65918769 135708453 65918769 
131404407 65918769 131404407 66498473 
0 198007786 11157668 198007786 
0 198007786 0 220987261 
144472322 58352091 144472322 63496404 
144472322 58352091 161680093 58352091 
191627718 15803113 191627718 22151160 
191627718 15803113 197927548 15803113 
144472322 63496404 147144587 63496404 
144472322 63496404 144472322 68820208 
11157668 198007786 28408094 198007786 
11157668 198007786 11157668 198499949 
191627718 22151160 193111438 22151160 
191627718 22151160 191627718 43366674 
193111438 22151160 196787650 22369235 
193111438 22151160 193111438 22151160 
112871198 103571051 145361600 124019196 
112871198 103571051 112871198 103571051 
161680093 58352091 170151762 58352091 
161680093 58352091 161680093 64039835 
0 220987261 0 232489691 
0 220987261 21548817 220987261 
28408094 198007786 40161769 204449239 
28408094 198007786 28408094 198007786 
0 232489691 0 290909641 
0 232489691 9594937 232489691 
232603260 0 253372523 0 
232603260 0 232603260 13363617 
191627718 43366674 191627718 56031309 
191627718 43366674 217118648 43366674 
82138987 160021625 82138987 176330631 
82138987 160021625 113270920 160021625 
21548817 220987261 28942105 230807673 
21548817 220987261 21548817 220987261 
191627718 56031309 191627718 71721871 
191627718 56031309 202610602 56031309 
253372523 0 269908712 0 
253372523 0 253372523 8085446 
82138987 176330631 97061390 176330631 
82138987 176330631 82138987 182055168 
28942105 230807673 28942105 235197187 
28942105 230807673 35412506 230807673 
191627718 71721871 199987224 71721871 
191627718 71721871 191627718 75166552 
28942105 235197187 29949380 250527724 
28942105 235197187 28942105 235197187 
35412506 230807673 66588149 233716663 
35412506 230807673 35412506 230807673 
145361600 124019196 158833707 124019196 
145361600 124019196 145361600 128435845 
269908712 0 269908712 33770419 
269908712 0 316965058 0 
199987224 71721871 225384452 71721871 
199987224 71721871 199987224 82705205 
113270920 160021625 116782932 160021625 
113270920 160021625 113270920 161707397 
158833707 124019196 177863959 124019196 
158833707 124019196 158833707 152765012 
0 290909641 0 313773009 
0 290909641 44551892 290909641 
225384452 71721871 225384452 109158519 
225384452 71721871 232208165 71721871 
66588149 233716663 79984480 251451854 
66588149 233716663 66588149 233716663 
177863959 124019196 182495115 124019196 
177863959 124019196 177863959 138203464 
269908712 33770419 269908712 35327584 
269908712 33770419 270072932 33770419 
269908712 35327584 281424518 35327584 
269908712 35327584 269908712 59937924 
158833707 152765012 167114890 152765012 
158833707 152765012 158833707 155620910 
0 313773009 0 320635445 
0 313773009 5559186 313773009 
281424518 35327584 296165876 35327584 
281424518 35327584 281424518 45879807 
316965058 0 341471472 0 
316965058 0 316965058 13328406 
167114890 152765012 190298886 153470952 
167114890 152765012 167114890 152765012 
0 320635445 27170324 320635445 
0 320635445 0 395580717 
79984480 251451854 90352837 273154588 
79984480 251451854 79984480 251451854 
296165876 35327584 306211086 77711740 
296165876 35327584 296165876 35327584 
225384452 109158519 249542145 118324321 
225384452 109158519 225384452 109158519 
341471472 0 341471472 13367132 
341471472 0 374015709 0 
190298886 153470952 191771925 164400801 
190298886 153470952 190298886 153470952 
27170324 320635445 27402710 320635445 
27170324 320635445 27170324 320637026 
27402710 320635445 27402710 340283394 
27402710 320635445 45284551 320635445 
341471472 13367132 354283530 13367132 
341471472 13367132 341471472 30799968 
191771925 164400801 191771925 183446429 
191771925 164400801 224312458 164400801 
90352837 273154588 90352837 284956500 
90352837 273154588 137118484 273154588 
27402710 340283394 43451667 355352607 
27402710 340283394 27402710 340283394 
249542145 118324321 249542145 121216038 
249542145 118324321 250333679 118324321 
249542145 121216038 258197724 121216038 
249542145 121216038 249542145 126387842 
374015709 0 389433180 0 
374015709 0 374015709 6034204 
191771925 183446429 199960153 201182064 
191771925 183446429 191771925 183446429 
90352837 284956500 90352837 308963869 
90352837 284956500 94273273 284956500 
258197724 121216038 262396153 121216038 
258197724 121216038 258197724 139345118 
262396153 121216038 269512764 121216038 
262396153 121216038 262396153 123854475 
306211086 77711740 306211086 87012467 
306211086 77711740 338011899 77711740 
389433180 0 389433180 16669631 
389433180 0 518753675 0 
269512764 121216038 289931579 121216038 
269512764 121216038 269512764 125947515 
306211086 87012467 307613220 89949950 
306211086 87012467 306211086 87012467 
0 395580717 16611181 395580717 
0 395580717 0 426544775 
258197724 139345118 269424715 148010809 
258197724 139345118 258197724 139345118 
307613220 89949950 309940527 89949950 
307613220 89949950 307613220 95569348 
43451667 355352607 45278747 360843270 
43451667 355352607 43451667 355352607 
90352837 308963869 93513543 321250805 
90352837 308963869 90352837 308963869 
199960153 201182064 202082249 209964990 
199960153 201182064 199960153 201182064 
389433180 16669631 401134264 40976739 
389433180 16669631 389433180 16669631 
45278747 360843270 47525259 363426632 
45278747 360843270 45278747 360843270 
137118484 273154588 146275877 273154588 
137118484 273154588 137118484 290736228 
47525259 363426632 47525259 373504512 
47525259 363426632 62429778 363426632 
202082249 209964990 206488112 209964990 
202082249 209964990 202082249 212242944 
16611181 395580717 17712968 395961366 
16611181 395580717 16611181 395580717 
17712968 395961366 22039718 395961366 
17712968 395961366 17712968 404542812 
93513543 321250805 119741945 321250805 
93513543 321250805 93513543 326589997 
338011899 77711740 348112906 77711740 
338011899 77711740 338011899 87441265 
206488112 209964990 221164548 214685291 
206488112 209964990 206488112 209964990 
269424715 148010809 269424715 155283192 
269424715 148010809 274186089 148010809 
146275877 273154588 157588329 276279356 
146275877 273154588 146275877 273154588 
47525259 373504512 53152182 373504512 
47525259 373504512 47525259 375099949 
269424715 155283192 275338860 179505468 
269424715 155283192 269424715 155283192 
348112906 77711740 348112906 104662659 
348112906 77711740 378247437 77711740 
0 426544775 0 447166014 
0 426544775 252239 426544775 
53152182 373504512 82924810 373504512 
53152182 373504512 53152182 375015409 
157588329 276279356 163574208 276279356 
157588329 276279356 157588329 277378486 
221164548 214685291 243910503 218379988 
221164548 214685291 221164548 214685291 
163574208 276279356 170553432 276279356 
163574208 276279356 163574208 278735111 
119741945 321250805 119741945 337634758 
119741945 321250805 129131582 321250805 
401134264 40976739 414859973 40976739 
401134264 40976739 401134264 58770565 
170553432 276279356 186314664 276279356 
170553432 276279356 170553432 293990952 
0 447166014 0 464752491 
0 447166014 24210635 447166014 
348112906 104662659 371659999 104662659 
348112906 104662659 348112906 134137388 
275338860 179505468 292005585 179505468 
275338860 179505468 275338860 201565807 
414859973 40976739 435727667 40976739 
414859973 40976739 414859973 51056122 
82924810 373504512 86397837 373504512 
82924810 373504512 82924810 374636859 
119741945 337634758 119741945 350778184 
119741945 337634758 133095619 337634758 
86397837 373504512 105699503 373504512 
86397837 373504512 86397837 378153644 
401134264 58770565 401176864 59729984 
401134264 58770565 401134264 58770565 
401176864 59729984 406185658 59729984 
401176864 59729984 401176864 63197161 
243910503 218379988 246052894 241138359 
243910503 218379988 243910503 218379988 
186314664 276279356 217592077 276279356 
186314664 276279356 186314664 281027276 
170553432 293990952 178328450 309342878 
170553432 293990952 170553432 293990952 
0 464752491 0 478711286 
0 464752491 10079111 464752491 
406185658 59729984 406901833 88154970 
406185658 59729984 406185658 59729984 
119741945 350778184 130284739 354572093 
119741945 350778184 119741945 350778184 
24210635 447166014 43885909 447166014 
24210635 447166014 24210635 454260699 
292005585 179505468 321671046 179505468 
292005585 179505468 292005585 182239719 
371659999 104662659 386280673 104662659 
371659999 104662659 371659999 106750106 
435727667 40976739 435727667 50252744 
435727667 40976739 453042871 40976739 
275338860 201565807 275338860 218110006 
275338860 201565807 293314576 201565807 
0 478711286 20079642 478711286 
0 478711286 0 515065027 
105699503 373504512 112716963 415472982 
105699503 373504512 105699503 373504512 
435727667 50252744 440468621 50252744 
435727667 50252744 435727667 58258361 
246052894 241138359 246052894 246901111 
246052894 241138359 246563149 241138359 
178328450 309342878 178328450 335133342 
178328450 309342878 209490323 309342878 
386280673 104662659 389952789 147631475 
386280673 104662659 386280673 104662659 
246052894 246901111 246052894 261898291 
246052894 246901111 255923806 246901111 
275338860 218110006 286215769 221393719 
275338860 218110006 275338860 218110006 
453042871 40976739 459725742 40976739 
453042871 40976739 453042871 44325596 
406901833 88154970 434671331 94840726 
406901833 88154970 406901833 88154970 
20079642 478711286 20079642 484218476 
20079642 478711286 24515224 478711286 
321671046 179505468 324815364 195003895 
321671046 179505468 321671046 179505468 
20079642 484218476 47675850 484218476 
20079642 484218476 20079642 492273900 
286215769 221393719 287236364 224992403 
286215769 221393719 286215769 221393719 
246052894 261898291 262803253 282782929 
246052894 261898291 246052894 261898291 
287236364 224992403 293015606 241228607 
287236364 224992403 287236364 224992403 
178328450 335133342 178328450 342946502 
178328450 335133342 193573670 335133342 
0 515065027 0 526917601 
0 515065027 12856784 515065027 
518753675 0 518753675 42970686 
518753675 0 565121462 0 
209490323 309342878 209490323 321766526 
209490323 309342878 221371642 309342878 
324815364 195003895 324815364 201161707 
324815364 195003895 328556753 195003895 
178328450 342946502 184641873 351769719 
178328450 342946502 178328450 342946502 
324815364 201161707 343757926 201161707 
324815364 201161707 324815364 204283285 
0 526917601 8820484 526917601 
0 526917601 0 567350760 
112716963 415472982 132931182 415472982 
112716963 415472982 112716963 446795511 
434671331 94840726 443029745 94840726 
434671331 94840726 434671331 130707176 
209490323 321766526 222082401 321766526 
209490323 321766526 209490323 329090575 
47675850 484218476 72646177 484218476 
47675850 484218476 47675850 497593780 
293015606 241228607 298262172 253352114 
293015606 241228607 293015606 241228607 
8820484 526917601 21173277 526917601 
8820484 526917601 8820484 534928736 
184641873 351769719 186217605 353884684 
184641873 351769719 184641873 351769719 
389952789 147631475 389952789 186943963 
389952789 147631475 395393186 147631475 
443029745 94840726 478343867 94840726 
443029745 94840726 443029745 100736970 
222082401 321766526 248265428 321766526 
222082401 321766526 222082401 366151040 
21173277 526917601 32502832 526917601 
21173277 526917601 21173277 540581406 
132931182 415472982 145882925 415472982 
132931182 415472982 132931182 416561137 
298262172 253352114 331862719 253352114 
298262172 253352114 298262172 266272174 
32502832 526917601 47570817 526917601 
32502832 526917601 32502832 528857929 
112716963 446795511 116936804 446795511 
112716963 446795511 112716963 449214754 
145882925 415472982 174254389 416756736 
145882925 415472982 145882925 415472982 
518753675 42970686 536990107 42970686 
518753675 42970686 518753675 43692681 
116936804 446795511 116936804 492838164 
116936804 446795511 141118636 446795511 
565121462 0 565121462 27184120 
565121462 0 608245403 0 
434671331 130707176 447203008 147273474 
434671331 130707176 434671331 130707176 
0 567350760 12027041 567350760 
0 567350760 0 672739965 
248265428 321766526 282249097 335273998 
248265428 321766526 248265428 321766526 
478343867 94840726 478343867 117560410 
478343867 94840726 502895858 94840726 
47570817 526917601 57455378 526917601 
47570817 526917601 47570817 535199584 
389952789 186943963 407320382 203884769 
389952789 186943963 389952789 186943963 
12027041 567350760 15990786 568161908 
12027041 567350760 12027041 567350760 
536990107 42970686 536990107 52995663 
536990107 42970686 541194969 42970686 
15990786 568161908 15990786 580330148 
15990786 568161908 21748246 568161908 
57455378 526917601 85497197 526917601 
57455378 526917601 57455378 532551327 
331862719 253352114 343506652 261049963 
331862719 253352114 331862719 253352114 
222082401 366151040 224395884 366151040 
222082401 366151040 222082401 369868261 
536990107 52995663 536990107 64690309 
536990107 52995663 539236852 52995663 
224395884 366151040 242128511 366244484 
224395884 366151040 224395884 366151040 
174254389 416756736 191295055 416756736 
174254389 416756736 174254389 450480837 
565121462 27184120 572055960 42605652 
565121462 27184120 565121462 27184120 
447203008 147273474 452112921 158454082 
447203008 147273474 447203008 147273474 
478343867 117560410 483342547 117560410 
478343867 117560410 478343867 120574307 
15990786 580330148 36093139 580330148 
15990786 580330148 15990786 582912040 
483342547 117560410 484819681 129337563 
483342547 117560410 483342547 117560410 
536990107 64690309 536990107 72440963 
536990107 64690309 538961327 64690309 
343506652 261049963 377504794 282827848 
343506652 261049963 343506652 261049963 
191295055 416756736 195360721 430128515 
191295055 416756736 191295055 416756736 
608245403 0 626943372 0 
608245403 0 608245403 13738250 
242128511 366244484 260970808 366244484 
242128511 366244484 242128511 394256274 
536990107 72440963 536990107 90422763 
536990107 72440963 557225134 72440963 
116936804 492838164 155004164 495324866 
116936804 492838164 116936804 492838164 
452112921 158454082 466710366 158454082 
452112921 158454082 452112921 171039030 
407320382 203884769 407320382 222651596 
407320382 203884769 432023885 203884769 
85497197 526917601 95889397 541470263 
85497197 526917601 85497197 526917601 
484819681 129337563 508607068 129337563 
484819681 129337563 484819681 133437933 
36093139 580330148 36093139 593286366 
36093139 580330148 40757232 580330148 
282249097 335273998 282249097 345282729 
282249097 335273998 301538271 335273998 
174254389 450480837 187248534 450480837 
174254389 450480837 174254389 452828870 
466710366 158454082 467241077 165280845 
466710366 158454082 466710366 158454082 
195360721 430128515 195360721 437414825 
195360721 430128515 212365337 430128515 
626943372 0 646693936 0 
626943372 0 626943372 64791671 
536990107 90422763 536990107 101847486 
536990107 90422763 540031324 90422763 
282249097 345282729 288296823 345282729 
282249097 345282729 282249097 353997268 
36093139 593286366 36093139 608555810 
36093139 593286366 62474530 593286366 
407320382 222651596 407320382 234312189 
407320382 222651596 411228828 222651596 
467241077 165280845 479590772 186570412 
467241077 165280845 467241077 165280845 
195360721 437414825 201426198 442391643 
195360721 437414825 195360721 437414825 
432023885 203884769 437700644 203884769 
432023885 203884769 432023885 205938876 
301538271 335273998 322363317 335460554 
301538271 335273998 301538271 335273998 
187248534 450480837 187956686 450480837 
187248534 450480837 187248534 454299278 
536990107 101847486 537527792 102640222 
536990107 101847486 536990107 101847486 
537527792 102640222 537527792 120916143 
537527792 102640222 564363608 102640222 
407320382 234312189 425618054 234312189 
407320382 234312189 407320382 247255246 
212365337 430128515 212365337 440143110 
212365337 430128515 226655099 430128515 
36093139 608555810 47088893 608555810 
36093139 608555810 36093139 637482237 
646693936 0 646693936 13728225 
646693936 0 743575645 0 
155004164 495324866 155004164 525785598 
155004164 495324866 188916978 495324866 
212365337 440143110 212365337 459209403 
212365337 440143110 219406780 440143110 
47088893 608555810 61573210 618174788 
47088893 608555810 47088893 608555810 
226655099 430128515 240612389 430128515 
226655099 430128515 226655099 437178063 
322363317 335460554 322363317 376607819 
322363317 335460554 331361625 335460554 
537527792 120916143 548683771 139693005 
537527792 120916143 537527792 120916143 
425618054 234312189 452000442 234312189 
425618054 234312189 425618054 251653985 
377504794 282827848 377504794 292414323 
377504794 282827848 403410703 282827848 
646693936 13728225 646693936 32450045 
646693936 13728225 651996598 13728225 
479590772 186570412 516471839 186570412 
479590772 186570412 479590772 198454957 
564363608 102640222 574297120 102640222 
564363608 102640222 564363608 111768934 
377504794 292414323 377504794 338430499 
377504794 292414323 383497179 292414323 
240612389 430128515 244602886 443216694 
240612389 430128515 240612389 430128515 
212365337 459209403 212432217 465836608 
212365337 459209403 212365337 459209403 
0 672739965 16378792 672739965 
0 672739965 0 723737785 
36093139 637482237 42187622 647853073 
36093139 637482237 36093139 637482237 
574297120 102640222 580528633 114123070 
574297120 102640222 574297120 102640222 
646693936 32450045 666100357 32450045 
646693936 32450045 646693936 48464166 
61573210 618174788 82338999 618174788 
61573210 618174788 61573210 627413373 
155004164 525785598 155004164 580373567 
155004164 525785598 171161049 525785598 
188916978 495324866 215740166 495324866 
188916978 495324866 188916978 511007811 
403410703 282827848 415977050 298415055 
403410703 282827848 403410703 282827848 
452000442 234312189 470404772 234312189 
452000442 234312189 452000442 258102900 
244602886 443216694 244602886 451600367 
244602886 443216694 282752402 443216694 
548683771 139693005 548683771 153171429 
548683771 139693005 565606402 139693005 
16378792 672739965 35990648 672739965 
16378792 672739965 16378792 678445345 
626943372 64791671 626943372 82099688 
626943372 64791671 641802314 64791671 
580528633 114123070 602493086 117513546 
580528633 114123070 580528633 114123070 
244602886 451600367 248056395 471692633 
244602886 451600367 244602886 451600367 
666100357 32450045 666100357 35179002 
666100357 32450045 676230597 32450045 
322363317 376607819 322363317 405943279 
322363317 376607819 348375762 376607819 
82338999 618174788 94293202 618174788 
82338999 618174788 82338999 622423529 
666100357 35179002 666100357 47027283 
666100357 35179002 666487461 35179002 
548683771 153171429 555297800 161662634 
548683771 153171429 548683771 153171429 
516471839 186570412 523974685 192238510 
516471839 186570412 516471839 186570412 
470404772 234312189 479266387 234312189 
470404772 234312189 470404772 234524055 
565606402 139693005 569658202 139693005 
565606402 139693005 565606402 141381483 
676230597 32450045 703970343 38555539 
676230597 32450045 676230597 32450045 
35990648 672739965 68494695 672739965 
35990648 672739965 35990648 691596727 
626943372 82099688 642741638 86920268 
626943372 82099688 626943372 82099688 
452000442 258102900 452000442 273953804 
452000442 258102900 469975708 258102900 
215740166 495324866 215740166 521448355 
215740166 495324866 226186667 495324866 
94293202 618174788 104617589 628824303 
94293202 618174788 94293202 618174788 
666100357 47027283 672738274 62955558 
666100357 47027283 666100357 47027283 
415977050 298415055 426788511 298415055 
415977050 298415055 415977050 305987355 
377504794 338430499 399323637 352293826 
377504794 338430499 377504794 338430499 
555297800 161662634 555297800 179187917 
555297800 161662634 557591118 161662634 
602493086 117513546 611210667 117513546 
602493086 117513546 602493086 140221470 
0 723737785 9053944 723737785 
0 723737785 0 770659894 
426788511 298415055 433174614 298415055 
426788511 298415055 426788511 298726547 
452000442 273953804 462936614 273953804 
452000442 273953804 452000442 275468283 
282752402 443216694 282752402 453117205 
282752402 443216694 287165729 443216694 
469975708 258102900 484135763 264938007 
469975708 258102900 469975708 258102900 
322363317 405943279 337336237 407715451 
322363317 405943279 322363317 405943279 
611210667 117513546 621822394 120846165 
611210667 117513546 611210667 117513546 
642741638 86920268 647086812 86920268 
642741638 86920268 642741638 90072490 
433174614 298415055 433174614 327886752 
433174614 298415055 433288981 298415055 
9053944 723737785 19726449 727589394 
9053944 723737785 9053944 723737785 
104617589 628824303 111889320 628824303 
104617589 628824303 104617589 655523650 
555297800 179187917 558529397 179187917 
555297800 179187917 555297800 188833923 
155004164 580373567 162005513 580373567 
155004164 580373567 155004164 597343567 
672738274 62955558 692387621 97943776 
672738274 62955558 672738274 62955558 
282752402 453117205 293028228 453117205 
282752402 453117205 282752402 461240508 
215740166 521448355 223216044 521448355 
215740166 521448355 215740166 524855434 
558529397 179187917 570961405 179187917 
558529397 179187917 558529397 180435009 
111889320 628824303 130043586 630470570 
111889320 628824303 111889320 628824303 
68494695 672739965 75630350 682483920 
68494695 672739965 68494695 672739965 
162005513 580373567 168788718 580373567 
162005513 580373567 162005513 585232061 
703970343 38555539 723528015 38555539 
703970343 38555539 703970343 50108434 
621822394 120846165 621822394 137198153 
621822394 120846165 642561486 120846165 
743575645 0 770219266 0 
743575645 0 743575645 10962802 
555297800 188833923 558979403 208334488 
555297800 188833923 555297800 188833923 
223216044 521448355 232057966 521448355 
223216044 521448355 223216044 540087807 
337336237 407715451 357836605 407715451 
337336237 407715451 337336237 437703228 
293028228 453117205 293028228 474145873 
293028228 453117205 305024355 453117205 
19726449 727589394 32932191 745695265 
19726449 727589394 19726449 727589394 
484135763 264938007 499580146 264938007 
484135763 264938007 484135763 302310373 
570961405 179187917 597186546 179187917 
570961405 179187917 570961405 179571423 
399323637 352293826 399323637 379233638 
399323637 352293826 403911307 352293826 
155004164 597343567 198687890 601040421 
155004164 597343567 155004164 597343567 
232057966 521448355 246765329 521448355 
232057966 521448355 232057966 525982712 
621822394 137198153 621822394 143404287 
621822394 137198153 628100495 137198153 
130043586 630470570 130043586 662193925 
130043586 630470570 135396485 630470570 
433174614 327886752 449875872 342604777 
433174614 327886752 433174614 327886752 
723528015 38555539 727164921 38555539 
723528015 38555539 723528015 41003685 
642561486 120846165 649531887 120846165 
642561486 120846165 642561486 126022942 
499580146 264938007 505802122 264938007 
499580146 264938007 499580146 277358062 
621822394 143404287 623710609 143404287 
621822394 143404287 621822394 151757844 
357836605 407715451 382780618 407715451 
357836605 407715451 357836605 409187226 
727164921 38555539 727164921 41202455 
727164921 38555539 738233718 38555539 
293028228 474145873 308433446 477587688 
293028228 474145873 293028228 474145873 
558979403 208334488 566441101 219504138 
558979403 208334488 558979403 208334488 
246765329 521448355 246765329 541815549 
246765329 521448355 251924882 521448355 
727164921 41202455 727516331 41202455 
727164921 41202455 727164921 59261766 
770219266 0 770219266 19580083 
770219266 0 828560417 0 
0 770659894 0 789617063 
0 770659894 16098754 770659894 
505802122 264938007 516013556 264938007 
505802122 264938007 505802122 270664375 
337336237 437703228 339803381 443696836 
337336237 437703228 337336237 437703228 
597186546 179187917 632770618 179187917 
597186546 179187917 597186546 199858933 
738233718 38555539 740207442 47755719 
738233718 38555539 738233718 38555539 
499580146 277358062 502235313 290650588 
499580146 277358062 499580146 277358062 
399323637 379233638 400752802 379233638 
399323637 379233638 399323637 380241211 
32932191 745695265 66218872 745695265 
32932191 745695265 32932191 750101562 
400752802 379233638 406645858 393223233 
400752802 379233638 400752802 379233638 
516013556 264938007 522619535 277433973 
516013556 264938007 516013556 264938007 
339803381 443696836 359481254 443696836 
339803381 443696836 339803381 445764838 
566441101 219504138 570236115 234363933 
566441101 219504138 566441101 219504138 
308433446 477587688 308433446 493892399 
308433446 477587688 327972332 477587688 
484135763 302310373 489737753 302310373 
484135763 302310373 484135763 316324725 
740207442 47755719 740207442 55764255 
740207442 47755719 750875447 47755719 
246765329 541815549 246765329 552920225 
246765329 541815549 269864357 541815549 
0 789617063 0 825391972 
0 789617063 29058560 789617063 
770219266 19580083 776829948 19580083 
770219266 19580083 770219266 28786319 
692387621 97943776 702515018 149332309 
692387621 97943776 692387621 97943776 
382780618 407715451 386692981 407715451 
382780618 407715451 382780618 425046104 
130043586 662193925 130043586 676483814 
130043586 662193925 152137414 662193925 
449875872 342604777 458767479 342604777 
449875872 342604777 449875872 348271133 
740207442 55764255 740207442 69943674 
740207442 55764255 743056489 55764255 
246765329 552920225 247630524 576571517 
246765329 552920225 246765329 552920225 
198687890 601040421 198687890 609113459 
198687890 601040421 203785334 601040421 
406645858 393223233 425482244 393223233 
406645858 393223233 406645858 395132556 
522619535 277433973 529527560 277433973 
522619535 277433973 522619535 291478198 
458767479 342604777 458767479 362477249 
458767479 342604777 496288706 342604777 
308433446 493892399 316859950 503265329 
308433446 493892399 308433446 493892399 
359481254 443696836 374356031 461749290 
359481254 443696836 359481254 443696836 
570236115 234363933 570236115 252855917 
570236115 234363933 591518335 234363933 
130043586 676483814 135727192 704895253 
130043586 676483814 130043586 676483814 
529527560 277433973 537872672 277433973 
529527560 277433973 529527560 281620950 
198687890 609113459 198687890 621707863 
198687890 609113459 204595628 609113459 
740207442 69943674 760648091 69943674 
740207442 69943674 740207442 106149541 
269864357 541815549 269864357 553313524 
269864357 541815549 304112981 541815549 
66218872 745695265 66218872 770137556 
66218872 745695265 94869037 745695265 
632770618 179187917 650775231 206489996 
632770618 179187917 632770618 179187917 
152137414 662193925 159374979 662193925 
152137414 662193925 152137414 672707961 
537872672 277433973 537872672 307441313 
537872672 277433973 545043763 277433973 
316859950 503265329 326290677 503265329 
316859950 503265329 316859950 504798747 
198687890 621707863 211774995 621707863 
198687890 621707863 198687890 641173615 
458767479 362477249 458767479 386112480 
458767479 362477249 463638932 362477249 
159374979 662193925 169541580 662193925 
159374979 662193925 159374979 662475682 
570236115 252855917 588673322 274444848 
570236115 252855917 570236115 252855917 
269864357 553313524 271685511 572821914 
269864357 553313524 269864357 553313524 
0 825391972 0 833649822 
0 825391972 6207839 825391972 
591518335 234363933 599525500 234363933 
591518335 234363933 591518335 235299969 
828560417 0 842288766 0 
828560417 0 828560417 18710763 
326290677 503265329 354271172 503265329 
326290677 503265329 326290677 516552572 
760648091 69943674 760648091 88538393 
760648091 69943674 802938626 69943674 
169541580 662193925 169541580 667445875 
169541580 662193925 183149472 662193925 
211774995 621707863 235067735 621707863 
211774995 621707863 211774995 629911116 
0 833649822 0 893204060 
0 833649822 30965851 833649822 
599525500 234363933 600533188 242297789 
599525500 234363933 599525500 234363933 
374356031 461749290 424416251 463590294 
374356031 461749290 374356031 461749290 
66218872 770137556 66218872 787029056 
66218872 770137556 68666702 770137556 
169541580 667445875 174059924 699043818 
169541580 667445875 169541580 667445875 
496288706 342604777 501512929 356848323 
496288706 342604777 496288706 342604777 
94869037 745695265 94869037 762595510 
94869037 745695265 104816241 745695265 
135727192 704895253 135729830 728294695 
135727192 704895253 135727192 704895253 
842288766 0 842288766 9933466 
842288766 0 862977954 0 
600533188 242297789 600533188 249704713 
600533188 242297789 601100802 242297789 
271685511 572821914 298019767 572821914 
271685511 572821914 271685511 583803896 
458767479 386112480 467523317 420334734 
458767479 386112480 458767479 386112480 
537872672 307441313 538385183 309301628 
537872672 307441313 537872672 307441313 
183149472 662193925 215970671 670089454 
183149472 662193925 183149472 662193925 
304112981 541815549 338823010 544013973 
304112981 541815549 304112981 541815549 
538385183 309301628 538385183 323181903 
538385183 309301628 559783807 309301628 
760648091 88538393 769981306 92590071 
760648091 88538393 760648091 88538393 
600533188 249704713 610430970 249704713 
600533188 249704713 600533188 249825291 
702515018 149332309 702515018 154447724 
702515018 149332309 704835050 149332309 
842288766 9933466 847378570 9933466 
842288766 9933466 842288766 10274126 
66218872 787029056 78970377 787029056 
66218872 787029056 66218872 791751596 
702515018 154447724 708649859 154447724 
702515018 154447724 702515018 171887872 
650775231 206489996 652666959 206489996 
650775231 206489996 650775231 209712170 
94869037 762595510 94869037 769987459 
94869037 762595510 95930046 762595510 
501512929 356848323 517417657 356848323 
501512929 356848323 501512929 361337759 
652666959 206489996 652848962 206489996 
652666959 206489996 652666959 207746859 
610430970 249704713 610430970 267488082 
610430970 249704713 616156811 249704713 
650775231 209712170 682357447 213311460 
650775231 209712170 650775231 209712170 
538385183 323181903 538385183 342366356 
538385183 323181903 549750354 323181903 
769981306 92590071 777410082 96692145 
769981306 92590071 769981306 92590071 
862977954 0 867740627 0 
862977954 0 862977954 23731227 
708649859 154447724 712243740 154447724 
708649859 154447724 708649859 156640050 
94869037 769987459 106338850 774300121 
94869037 769987459 94869037 769987459 
78970377 787029056 90718399 851400546 
78970377 787029056 78970377 787029056 
712243740 154447724 752209012 154447724 
712243740 154447724 712243740 162479942 
867740627 0 895112999 0 
867740627 0 867740627 1904522 
559783807 309301628 584565321 309301628 
559783807 309301628 559783807 312763630 
298019767 572821914 298019767 632402180 
298019767 572821914 324828108 572821914 
802938626 69943674 826965593 78571244 
802938626 69943674 802938626 69943674 
174059924 699043818 174059924 705361484 
174059924 699043818 178842064 699043818 
777410082 96692145 783215936 96692145 
777410082 96692145 777410082 97940235 
517417657 356848323 517417657 372603613 
517417657 356848323 520233443 356848323 
702515018 171887872 711838223 171887872 
702515018 171887872 702515018 180482726 
610430970 267488082 613873363 267488082 
610430970 267488082 610430970 270570599 
174059924 705361484 174059924 720439636 
174059924 705361484 178234349 705361484 
783215936 96692145 783215936 111875641 
783215936 96692145 795261487 96692145 
106338850 774300121 117538466 788820911 
106338850 774300121 106338850 774300121 
538385183 342366356 544313272 342366356 
538385183 342366356 538385183 352680056 
613873363 267488082 613873363 289104966 
613873363 267488082 665185606 267488082 
338823010 544013973 338823010 555477151 
338823010 544013973 355963911 544013973 
711838223 171887872 722236743 171887872 
711838223 171887872 711838223 174074268 
215970671 670089454 215970671 683870060 
215970671 670089454 223626791 670089454 
467523317 420334734 468173126 436977946 
467523317 420334734 467523317 420334734 
424416251 463590294 424416251 485102778 
424416251 463590294 428930487 463590294 
517417657 372603613 536950121 378370056 
517417657 372603613 517417657 372603613 
0 893204060 18252242 893204060 
0 893204060 0 925619695 
722236743 171887872 725832254 171887872 
722236743 171887872 722236743 185709132 
338823010 555477151 349268707 559244292 
338823010 555477151 338823010 555477151 
174059924 720439636 174059924 725841322 
174059924 720439636 194672979 720439636 
783215936 111875641 793475708 111875641 
783215936 111875641 783215936 123307774 
895112999 0 895112999 19866646 
895112999 0 937201745 0 
725832254 171887872 730117152 171887872 
725832254 171887872 725832254 174012811 
215970671 683870060 215970671 698871362 
215970671 683870060 254022976 683870060 
174059924 725841322 174059924 768779784 
174059924 725841322 177706897 725841322 
355963911 544013973 359918702 544013973 
355963911 544013973 355963911 547869003 
613873363 289104966 621392967 289104966 
613873363 289104966 613873363 324989836 
468173126 436977946 487792673 448997060 
468173126 436977946 468173126 436977946 
826965593 78571244 826965593 115208154 
826965593 78571244 869384876 78571244 
117538466 788820911 130694844 809308795 
117538466 788820911 117538466 788820911 
752209012 154447724 760094150 154447724 
752209012 154447724 752209012 160706014 
722236743 185709132 722236743 193940720 
722236743 185709132 728065957 185709132 
349268707 559244292 349268707 572517625 
349268707 559244292 352514712 559244292 
424416251 485102778 430927064 485291081 
424416251 485102778 424416251 485102778 
621392967 289104966 637358779 292163330 
621392967 289104966 621392967 289104966 
18252242 893204060 43941850 893204060 
18252242 893204060 18252242 903153002 
760094150 154447724 775970356 154447724 
760094150 154447724 760094150 155416982 
215970671 698871362 221769088 698871362 
215970671 698871362 215970671 719838312 
895112999 19866646 906479509 25196112 
895112999 19866646 895112999 19866646 
536950121 378370056 552693271 378370056 
536950121 378370056 536950121 390524713 
722236743 193940720 722236743 213702244 
722236743 193940720 747906703 193940720 
430927064 485291081 434335206 520938326 
430927064 485291081 430927064 485291081 
221769088 698871362 233598007 698871362 
221769088 698871362 221769088 700381363 
349268707 572517625 359184301 572517625 
349268707 572517625 349268707 587552066 
0 925619695 0 945288050 
0 925619695 13809775 925619695 
637358779 292163330 637358779 304877872 
637358779 292163330 656468902 292163330 
775970356 154447724 775970356 167245908 
775970356 154447724 779890222 154447724 
298019767 632402180 330213767 651383226 
298019767 632402180 298019767 632402180 
552693271 378370056 563468023 378370056 
552693271 378370056 552693271 383135058 
906479509 25196112 927402346 25196112 
906479509 25196112 906479509 32758300 
359184301 572517625 359184301 579402053 
359184301 572517625 363536204 572517625 
233598007 698871362 248079689 698871362 
233598007 698871362 233598007 712380935 
665185606 267488082 707187340 270380801 
665185606 267488082 665185606 267488082 
215970671 719838312 215970671 729629421 
215970671 719838312 221819276 719838312 
722236743 213702244 729297803 221247980 
722236743 213702244 722236743 213702244 
487792673 448997060 517377066 461661146 
487792673 448997060 487792673 448997060 
349268707 587552066 349322287 587552066 
349268707 587552066 349268707 588537845 
43941850 893204060 45178145 894916094 
43941850 893204060 43941850 893204060 
937201745 0 956510393 2761070 
937201745 0 937201745 0 
359184301 579402053 359184301 596899386 
359184301 579402053 405249862 579402053 
130694844 809308795 130694844 815072836 
130694844 809308795 132416664 809308795 
563468023 378370056 569730780 391647632 
563468023 378370056 563468023 378370056 
90718399 851400546 90718399 868274434 
90718399 851400546 103429271 851400546 
826965593 115208154 845838451 129634616 
826965593 115208154 826965593 115208154 
637358779 304877872 644349383 304877872 
637358779 304877872 637358779 310015709 
174059924 768779784 206852518 788890597 
174059924 768779784 174059924 768779784 
775970356 167245908 783930414 183094610 
775970356 167245908 775970356 167245908 
0 945288050 8083095 945288050 
0 945288050 0 950616360 
215970671 729629421 217063480 729629421 
215970671 729629421 215970671 730708766 
130694844 815072836 133740173 815072836 
130694844 815072836 130694844 821636887 
248079689 698871362 248079689 711932523 
248079689 698871362 260769410 698871362 
869384876 78571244 871314835 94142630 
869384876 78571244 869384876 78571244 
656468902 292163330 659329895 292163330 
656468902 292163330 656468902 298347018 
133740173 815072836 144297732 815072836 
133740173 815072836 133740173 815712068 
644349383 304877872 647312367 311944374 
644349383 304877872 644349383 304877872 
729297803 221247980 742948228 221247980 
729297803 221247980 729297803 232429809 
130694844 821636887 134169424 826998621 
130694844 821636887 130694844 821636887 
8083095 945288050 11767160 945288050 
8083095 945288050 8083095 994481019 
434335206 520938326 434335206 543752827 
434335206 520938326 466151159 520938326 
359184301 596899386 372537855 600487317 
359184301 596899386 359184301 596899386 
11767160 945288050 55410182 946653956 
11767160 945288050 11767160 945288050 
90718399 868274434 90718399 871100733 
90718399 868274434 92389054 868274434 
647312367 311944374 647312367 317746421 
647312367 311944374 651011404 311944374 
956510393 2761070 966062772 2761070 
956510393 2761070 956510393 3727249 
144297732 815072836 151023772 824381566 
144297732 815072836 144297732 815072836 
248079689 711932523 248079689 734383313 
248079689 711932523 283001683 711932523 
569730780 391647632 579471617 391647632 
569730780 391647632 569730780 392117288 
90718399 871100733 90718399 901776949 
90718399 871100733 132143017 871100733 
742948228 221247980 746709982 236947016 
742948228 221247980 742948228 221247980 
647312367 317746421 647312367 336063416 
647312367 317746421 652870644 317746421 
871314835 94142630 875911408 96585913 
871314835 94142630 871314835 94142630 
783930414 183094610 817826216 183094610 
783930414 183094610 783930414 193431339 
966062772 2761070 966062772 36784797 
966062772 2761070 974208773 2761070 
579471617 391647632 586045725 403866626 
579471617 391647632 579471617 391647632 
875911408 96585913 888530564 96585913 
875911408 96585913 875911408 123653343 
372537855 600487317 388934558 608274094 
372537855 600487317 372537855 600487317 
707187340 270380801 720463594 270380801 
707187340 270380801 707187340 277033053 
434335206 543752827 434335206 556759083 
434335206 543752827 437744989 543752827 
517377066 461661146 540674563 461661146 
517377066 461661146 517377066 464381285 
330213767 651383226 363004658 651383226 
330213767 651383226 330213767 666982912 
248079689 734383313 253283808 734594307 
248079689 734383313 248079689 734383313 
647312367 336063416 647312367 347291469 
647312367 336063416 689416890 336063416 
746709982 236947016 750456364 242287969 
746709982 236947016 746709982 236947016 
888530564 96585913 894758297 96585913 
888530564 96585913 888530564 101140680 
253283808 734594307 265400448 734594307 
253283808 734594307 253283808 741311893 
586045725 403866626 615618476 403866626 
586045725 403866626 586045725 404971540 
720463594 270380801 720463594 286583094 
720463594 270380801 727791150 270380801 
434335206 556759083 440350857 556759083 
434335206 556759083 434335206 577992763 
894758297 96585913 908690958 96585913 
894758297 96585913 894758297 112585227 
90718399 901776949 103685287 910786439 
90718399 901776949 90718399 901776949 
750456364 242287969 772884909 242287969 
750456364 242287969 750456364 243610467 
647312367 347291469 648913945 347291469 
647312367 347291469 647312367 354192502 
283001683 711932523 283001683 722505444 
283001683 711932523 295408682 711932523 
206852518 788890597 213701662 791011028 
206852518 788890597 206852518 788890597 
440350857 556759083 468893669 556759083 
440350857 556759083 440350857 559398018 
388934558 608274094 388934558 628235735 
388934558 608274094 391208264 608274094 
265400448 734594307 269892791 734594307 
265400448 734594307 265400448 747359691 
817826216 183094610 833120525 183094610 
817826216 183094610 817826216 196857426 
55410182 946653956 69010813 946653956 
55410182 946653956 55410182 976664475 
540674563 461661146 568328321 461661146 
540674563 461661146 540674563 493907448 
966062772 36784797 966062772 44301765 
966062772 36784797 966821513 36784797 
132143017 871100733 145571434 884675061 
132143017 871100733 132143017 871100733 
213701662 791011028 222409664 791011028 
213701662 791011028 213701662 817391070 
908690958 96585913 910539205 96585913 
908690958 96585913 908690958 97494862 
283001683 722505444 289978394 722505444 
283001683 722505444 283001683 722903374 
720463594 286583094 732170509 286583094 
720463594 286583094 720463594 311295742 
295408682 711932523 325778813 713309278 
295408682 711932523 295408682 711932523 
894758297 112585227 915087237 112585227 
894758297 112585227 894758297 129339821 
966062772 44301765 980929741 44301765 
966062772 44301765 966062772 65207918 
434335206 577992763 449674354 577992763 
434335206 577992763 434335206 603406901 
289978394 722505444 289978394 735814004 
289978394 722505444 293030940 722505444 
222409664 791011028 276760314 791011028 
222409664 791011028 222409664 799350386 
363004658 651383226 367130261 651383226 
363004658 651383226 363004658 651659743 
103685287 910786439 107350005 914331393 
103685287 910786439 103685287 910786439 
772884909 242287969 774385541 242287969 
772884909 242287969 772884909 247890597 
69010813 946653956 76616138 956459918 
69010813 946653956 69010813 946653956 
774385541 242287969 781086448 242386008 
774385541 242287969 774385541 242287969 
388934558 628235735 391054425 643546243 
388934558 628235735 388934558 628235735 
732170509 286583094 754299397 286678580 
732170509 286583094 732170509 286583094 
615618476 403866626 623966703 403866626 
615618476 403866626 615618476 407318486 
107350005 914331393 127687456 914331393 
107350005 914331393 107350005 922061420 
781086448 242386008 815338840 246417636 
781086448 242386008 781086448 242386008 
468893669 556759083 498252087 560542583 
468893669 556759083 468893669 556759083 
289978394 735814004 292998455 735814004 
289978394 735814004 289978394 741746600 
449674354 577992763 459172379 577992763 
449674354 577992763 449674354 583947619 
915087237 112585227 938630064 112585227 
915087237 112585227 915087237 178317654 
623966703 403866626 623966703 424226649 
623966703 403866626 669586591 403866626 
292998455 735814004 309083429 735814004 
292998455 735814004 292998455 738105553 
568328321 461661146 568328321 473829779 
568328321 461661146 591586127 461661146 
145571434 884675061 161393667 884675061 
145571434 884675061 145571434 885286289 
213701662 817391070 217970610 861348739 
213701662 817391070 213701662 817391070 
720463594 311295742 744619660 311295742 
720463594 311295742 720463594 345483162 
76616138 956459918 83275129 956459918 
76616138 956459918 76616138 978872332 
391054425 643546243 391054425 649737816 
391054425 643546243 406121258 643546243 
434335206 603406901 442267022 616097826 
434335206 603406901 434335206 603406901 
325778813 713309278 337628063 722082682 
325778813 713309278 325778813 713309278 
83275129 956459918 84988942 961915352 
83275129 956459918 83275129 956459918 
391054425 649737816 391054425 688599473 
391054425 649737816 393294674 649737816 
754299397 286678580 785619933 286678580 
754299397 286678580 754299397 293849383 
568328321 473829779 568328321 491742951 
568328321 473829779 573889174 473829779 
309083429 735814004 309083429 741288867 
309083429 735814004 320987214 735814004 
84988942 961915352 106759175 961915352 
84988942 961915352 84988942 967647084 
623966703 424226649 636673298 456499489 
623966703 424226649 623966703 424226649 
406121258 643546243 423712367 643546243 
406121258 643546243 406121258 658198068 
309083429 741288867 313862136 758316522 
309083429 741288867 309083429 741288867 
938630064 112585227 951098279 135482264 
938630064 112585227 938630064 112585227 
591586127 461661146 594493939 461661146 
591586127 461661146 591586127 479187571 
76616138 978872332 76616138 996464331 
76616138 978872332 89135429 978872332 
744619660 311295742 748446071 311295742 
744619660 311295742 744619660 326636621 
442267022 616097826 458549221 616097826 
442267022 616097826 442267022 625946754 
498252087 560542583 512711019 569595927 
498252087 560542583 498252087 560542583 
748446071 311295742 760963218 312236986 
748446071 311295742 748446071 311295742 
568328321 491742951 574805421 510465482 
568328321 491742951 568328321 491742951 
815338840 246417636 822406086 264312231 
815338840 246417636 815338840 246417636 
423712367 643546243 428132810 655850856 
423712367 643546243 423712367 643546243 
276760314 791011028 276760314 799664432 
276760314 791011028 293759933 791011028 
106759175 961915352 143502045 961915352 
106759175 961915352 106759175 975489459 
744619660 326636621 744619660 331359463 
744619660 326636621 754908020 326636621 
313862136 758316522 323534586 774803742 
313862136 758316522 313862136 758316522 
785619933 286678580 801264696 295044731 
785619933 286678580 785619933 286678580 
76616138 996464331 80806018 996464331 
76616138 996464331 76616138 998768308 
669586591 403866626 669586591 428099614 
669586591 403866626 707716106 403866626 
458549221 616097826 458549221 634077787 
458549221 616097826 458818349 616097826 
744619660 331359463 744619660 337511734 
744619660 331359463 745313371 331359463 
276760314 799664432 276760314 831759328 
276760314 799664432 278158875 799664432 
217970610 861348739 221357713 886369296 
217970610 861348739 217970610 861348739 
391054425 688599473 392955722 716806649 
391054425 688599473 391054425 688599473 
744619660 337511734 744619660 356936427 
744619660 337511734 757828620 337511734 
512711019 569595927 512711019 588173329 
512711019 569595927 517413428 569595927 
428132810 655850856 431080259 655850856 
428132810 655850856 428132810 660303451 
293759933 791011028 294693000 791011028 
293759933 791011028 293759933 803943873 
574805421 510465482 574805421 526827893 
574805421 510465482 611602031 510465482 
951098279 135482264 964083313 135482264 
951098279 135482264 951098279 135912466 
822406086 264312231 871482809 272531097 
822406086 264312231 822406086 264312231 
458549221 634077787 484065198 634077787 
458549221 634077787 458549221 652349044 
636673298 456499489 641365881 474900565 
636673298 456499489 636673298 456499489 
915087237 178317654 931080495 178317654 
915087237 178317654 915087237 192192362 
801264696 295044731 823395581 305029464 
801264696 295044731 801264696 295044731 
669586591 428099614 688313385 428099614 
669586591 428099614 669586591 440891625 
323534586 774803742 325351706 774803742 
323534586 774803742 323534586 775923799 
964083313 135482264 972530406 135482264 
964083313 135482264 964083313 136319041 
325351706 774803742 325351706 786300992 
325351706 774803742 346350710 774803742 
512711019 588173329 522461440 588173329 
512711019 588173329 512711019 597738595 
744619660 356936427 747672061 376316038 
744619660 356936427 744619660 356936427 
574805421 526827893 574805421 545708874 
574805421 526827893 585377069 526827893 
143502045 961915352 152186009 961915352 
143502045 961915352 143502045 983362505 
221357713 886369296 229288962 886369296 
221357713 886369296 221357713 890192747 
972530406 135482264 980931241 135482264 
972530406 135482264 972530406 148853830 
276760314 831759328 278581846 842425856 
276760314 831759328 276760314 831759328 
931080495 178317654 931080495 209303228 
931080495 178317654 951093438 178317654 
392955722 716806649 396793623 722745500 
392955722 716806649 392955722 716806649 
522461440 588173329 522461440 602842685 
522461440 588173329 525015740 588173329 
707716106 403866626 730080007 411057094 
707716106 403866626 707716106 403866626 
325351706 786300992 334397407 786300992 
325351706 786300992 325351706 794011350 
152186009 961915352 177160350 967092329 
152186009 961915352 152186009 961915352 
229288962 886369296 229288962 929289098 
229288962 886369296 245232469 886369296 
641365881 474900565 668985263 474900565 
641365881 474900565 641365881 495180305 
688313385 428099614 688542972 428099614 
688313385 428099614 688313385 445633053 
980931241 135482264 989650353 143654519 
980931241 135482264 980931241 135482264 
484065198 634077787 484065198 654473751 
484065198 634077787 489971448 634077787 
396793623 722745500 430042135 722745500 
396793623 722745500 396793623 742165691 
574805421 545708874 579441000 545708874 
574805421 545708874 574805421 550840055 
278581846 842425856 278581846 867663646 
278581846 842425856 300182177 842425856 
346350710 774803742 361242065 774803742 
346350710 774803742 346350710 812133396 
972530406 148853830 975959971 165439557 
972530406 148853830 972530406 148853830 
611602031 510465482 611602031 539942008 
611602031 510465482 617315308 510465482 
747672061 376316038 781219821 393525263 
747672061 376316038 747672061 376316038 
522461440 602842685 523671249 610574992 
522461440 602842685 522461440 602842685 
143502045 983362505 157613555 983362505 
143502045 983362505 143502045 990447400 
823395581 305029464 830902477 336352535 
823395581 305029464 823395581 305029464 
523671249 610574992 532778468 610574992 
523671249 610574992 523671249 612393604 
361242065 774803742 383345919 774803742 
361242065 774803742 361242065 783845807 
484065198 654473751 498971056 654473751 
484065198 654473751 484065198 704106042 
931080495 209303228 940684442 210712733 
931080495 209303228 931080495 209303228 
730080007 411057094 737081816 411057094 
730080007 411057094 730080007 413194929 
975959971 165439557 979751636 165439557 
975959971 165439557 975959971 180979664 
532778468 610574992 546858773 610574992 
532778468 610574992 532778468 620458779 
668985263 474900565 668985263 498733009 
668985263 474900565 716508325 474900565 
871482809 272531097 871482809 276585454 
871482809 272531097 881480843 272531097 
177160350 967092329 188749531 967092329 
177160350 967092329 177160350 989979852 
979751636 165439557 979751636 168683257 
979751636 165439557 980846738 165439557 
278581846 867663646 318193293 868792937 
278581846 867663646 278581846 867663646 
871482809 276585454 873383468 286387374 
871482809 276585454 871482809 276585454 
979751636 168683257 980941818 171633870 
979751636 168683257 979751636 168683257 
940684442 210712733 940684442 216258026 
940684442 210712733 943201851 210712733 
611602031 539942008 619492547 547476217 
611602031 539942008 611602031 539942008 
430042135 722745500 430042135 729035812 
430042135 722745500 434735107 722745500 
498971056 654473751 506238659 654473751 
498971056 654473751 498971056 661692658 
881480843 272531097 893266600 277222492 
881480843 272531097 881480843 272531097 
975959971 180979664 977033244 180979664 
975959971 180979664 975959971 191801854 
940684442 216258026 962014039 231286565 
940684442 216258026 940684442 216258026 
546858773 610574992 581307811 610574992 
546858773 610574992 546858773 618008437 
383345919 774803742 391437076 806673807 
383345919 774803742 383345919 774803742 
346350710 812133396 346350710 824268634 
346350710 812133396 349653360 812133396 
229288962 929289098 244639828 929289098 
229288962 929289098 229288962 975389954 
430042135 729035812 438393115 759596974 
430042135 729035812 430042135 729035812 
873383468 286387374 881025512 310287138 
873383468 286387374 873383468 286387374 
506238659 654473751 534567339 654473751 
506238659 654473751 506238659 657824717 
619492547 547476217 645740928 547476217 
619492547 547476217 619492547 577034560 
830902477 336352535 844348700 346211381 
830902477 336352535 830902477 336352535 
668985263 498733009 677197982 498733009 
668985263 498733009 668985263 505305738 
893266600 277222492 901043256 289184184 
893266600 277222492 893266600 277222492 
346350710 824268634 346350710 846561508 
346350710 824268634 356116299 824268634 
244639828 929289098 249198278 929942176 
244639828 929289098 244639828 929289098 
781219821 393525263 824275681 393525263 
781219821 393525263 781219821 432995800 
249198278 929942176 271183877 929942176 
249198278 929942176 249198278 943205978 
318193293 868792937 337316806 895086297 
318193293 868792937 318193293 868792937 
484065198 704106042 488910928 704106042 
484065198 704106042 484065198 720422010 
534567339 654473751 549304880 654473751 
534567339 654473751 534567339 681619170 
901043256 289184184 909110542 292502718 
901043256 289184184 901043256 289184184 
881025512 310287138 895279626 310287138 
881025512 310287138 881025512 344042240 
716508325 474900565 750642712 474900565 
716508325 474900565 716508325 511162058 
581307811 610574992 588277234 610574992 
581307811 610574992 581307811 611602285 
346350710 846561508 366806072 847564765 
346350710 846561508 346350710 846561508 
488910928 704106042 496399652 704471806 
488910928 704106042 488910928 704106042 
645740928 547476217 661944434 547476217 
645740928 547476217 645740928 553698185 
962014039 231286565 962014039 250262643 
962014039 231286565 963977925 231286565 
438393115 759596974 439438276 782579709 
438393115 759596974 438393115 759596974 
391437076 806673807 393163435 816391480 
391437076 806673807 391437076 806673807 
271183877 929942176 291628955 929942176 
271183877 929942176 271183877 953933315 
549304880 654473751 549304880 664782781 
549304880 654473751 557740719 654473751 
484065198 720422010 484065198 741719030 
484065198 720422010 519233938 720422010 
895279626 310287138 937960845 310287138 
895279626 310287138 895279626 321214526 
661944434 547476217 661944434 561695476 
661944434 547476217 673304848 547476217 
962014039 250262643 964060868 255669352 
962014039 250262643 962014039 250262643 
549304880 664782781 565299207 664782781 
549304880 664782781 549304880 668739961 
366806072 847564765 366806072 872197177 
366806072 847564765 376266738 847564765 
534567339 681619170 539937994 682075615 
534567339 681619170 534567339 681619170 
824275681 393525263 839761239 393525263 
824275681 393525263 824275681 424924455 
964060868 255669352 964060868 264303897 
964060868 255669352 994650558 255669352 
291628955 929942176 306418842 933386184 
291628955 929942176 291628955 929942176 
539937994 682075615 550396520 689338842 
539937994 682075615 539937994 682075615 
439438276 782579709 453025980 793692242 
439438276 782579709 439438276 782579709 
661944434 561695476 674349958 561695476 
661944434 561695476 661944434 590459964 
881025512 344042240 899362416 344042240 
881025512 344042240 881025512 370837594 
271183877 953933315 279489593 953933315 
271183877 953933315 271183877 964121093 
750642712 474900565 766018462 474900565 
750642712 474900565 750642712 500162121 
484065198 741719030 488786190 741719030 
484065198 741719030 484065198 753511785 
964060868 264303897 969549509 264303897 
964060868 264303897 964060868 287533048 
565299207 664782781 607683468 664782781 
565299207 664782781 565299207 670344331 
337316806 895086297 354187861 895086297 
337316806 895086297 337316806 919969907 
839761239 393525263 856730574 407308239 
839761239 393525263 839761239 393525263 
279489593 953933315 296960051 953933315 
279489593 953933315 279489593 959111942 
674349958 561695476 696616127 561695476 
674349958 561695476 674349958 565393690 
366806072 872197177 380786404 872197177 
366806072 872197177 366806072 877689034 
519233938 720422010 530519179 720422010 
519233938 720422010 519233938 741012229 
766018462 474900565 774509054 474900565 
766018462 474900565 766018462 480616409 
453025980 793692242 479450609 793692242 
453025980 793692242 453025980 796484228 
937960845 310287138 944628737 310287138 
937960845 310287138 937960845 350663490 
824275681 424924455 835504883 424924455 
824275681 424924455 824275681 431558405 
354187861 895086297 354483370 906389163 
354187861 895086297 354187861 895086297 
774509054 474900565 776181252 486424347 
774509054 474900565 774509054 474900565 
750642712 500162121 758261753 508776335 
750642712 500162121 750642712 500162121 
296960051 953933315 306247754 956321544 
296960051 953933315 296960051 953933315 
530519179 720422010 544037380 720422010 
530519179 720422010 530519179 729998984 
661944434 590459964 661944434 606417003 
661944434 590459964 665473971 590459964 
380786404 872197177 402466149 872197177 
380786404 872197177 380786404 887785890 
944628737 310287138 962510636 310287138 
944628737 310287138 944628737 313005405 
337316806 919969907 345015527 920057257 
337316806 919969907 337316806 919969907 
696616127 561695476 704404007 568355844 
696616127 561695476 696616127 561695476 
519233938 741012229 529698487 741012229 
519233938 741012229 519233938 752016841 
354483370 906389163 370540435 906389163 
354483370 906389163 354483370 908268005 
306247754 956321544 321695596 980941796 
306247754 956321544 306247754 956321544 
776181252 486424347 784931616 486424347 
776181252 486424347 776181252 501792311 
856730574 407308239 856730574 433811420 
856730574 407308239 882412668 407308239 
544037380 720422010 557834240 720422010 
544037380 720422010 544037380 730319645 
345015527 920057257 351851788 925618473 
345015527 920057257 345015527 920057257 
661944434 606417003 677597481 606417003 
661944434 606417003 661944434 625044251 
529698487 741012229 539001864 741012229 
529698487 741012229 529698487 745321644 
519233938 752016841 524199571 752016841 
519233938 752016841 519233938 764839392 
784931616 486424347 829539451 493505346 
784931616 486424347 784931616 486424347 
607683468 664782781 625279679 676330520 
607683468 664782781 607683468 664782781 
704404007 568355844 705188450 571855357 
704404007 568355844 704404007 568355844 
479450609 793692242 480937345 801310921 
479450609 793692242 479450609 793692242 
524199571 752016841 526573997 752016841 
524199571 752016841 524199571 752421088 
370540435 906389163 399512755 906389163 
370540435 906389163 370540435 910714413 
705188450 571855357 714065997 571855357 
705188450 571855357 705188450 581315065 
351851788 925618473 351851788 942578849 
351851788 925618473 359310865 925618473 
776181252 501792311 776181252 514157290 
776181252 501792311 783564281 501792311 
557834240 720422010 585836458 720422010 
557834240 720422010 557834240 724840184 
480937345 801310921 480937345 804882340 
480937345 801310921 503476056 801310921 
677597481 606417003 683705142 606417003 
677597481 606417003 677597481 607966413 
519233938 764839392 525198286 769007458 
519233938 764839392 519233938 764839392 
480937345 804882340 483129141 856381009 
480937345 804882340 480937345 804882340 
714065997 571855357 750296451 580197900 
714065997 571855357 714065997 571855357 
661944434 625044251 678558660 625044251 
661944434 625044251 661944434 644742235 
937960845 350663490 937960845 365335853 
937960845 350663490 981335194 350663490 
683705142 606417003 701679282 606417003 
683705142 606417003 683705142 611298695 
776181252 514157290 796726941 514157290 
776181252 514157290 776181252 527081521 
856730574 433811420 875710860 433811420 
856730574 433811420 856730574 435863558 
351851788 942578849 351851788 956156698 
351851788 942578849 359578157 942578849 
625279679 676330520 648933845 676330520 
625279679 676330520 625279679 677180432 
321695596 980941796 323242814 980941796 
321695596 980941796 321695596 982623927 
937960845 365335853 942954484 370446700 
937960845 365335853 937960845 365335853 
678558660 625044251 684360108 625044251 
678558660 625044251 678558660 625230864 
503476056 801310921 529014263 803712611 
503476056 801310921 503476056 801310921 
399512755 906389163 400758165 909965767 
399512755 906389163 399512755 906389163 
585836458 720422010 596759280 720422010 
585836458 720422010 585836458 743060749 
351851788 956156698 376106371 962288950 
351851788 956156698 351851788 956156698 
701679282 606417003 714945387 606417003 
701679282 606417003 701679282 610827187 
684360108 625044251 689481234 625044251 
684360108 625044251 684360108 636477348 
875710860 433811420 899370242 433811420 
875710860 433811420 875710860 448675617 
400758165 909965767 430539372 909965767 
400758165 909965767 400758165 929280839 
796726941 514157290 809315558 532708586 
796726941 514157290 796726941 514157290 
942954484 370446700 943752421 371640809 
942954484 370446700 942954484 370446700 
689481234 625044251 702053278 625044251 
689481234 625044251 689481234 629010970 
596759280 720422010 603739946 723470656 
596759280 720422010 596759280 720422010 
829539451 493505346 840303825 505572094 
829539451 493505346 829539451 493505346 
648933845 676330520 667059061 676330520 
648933845 676330520 648933845 707035760 
702053278 625044251 719788766 625044251 
702053278 625044251 702053278 653541992 
585836458 743060749 592793868 769142200 
585836458 743060749 585836458 743060749 
750296451 580197900 750296451 595996429 
750296451 580197900 771177359 580197900 
981335194 350663490 981335194 369626472 
981335194 350663490 991705778 350663490 
529014263 803712611 546770457 803712611 
529014263 803712611 529014263 807476996 
899370242 433811420 899370242 467734438 
899370242 433811420 936155060 433811420 
376106371 962288950 381844329 962288950 
376106371 962288950 376106371 972212771 
483129141 856381009 483129141 883696283 
483129141 856381009 525700539 856381009 
430539372 909965767 444033379 924529708 
430539372 909965767 430539372 909965767 
809315558 532708586 813008645 532708586 
809315558 532708586 809315558 533054678 
667059061 676330520 673218969 676330520 
667059061 676330520 667059061 692061162 
813008645 532708586 817215727 532708586 
813008645 532708586 813008645 535172906 
750296451 595996429 759273441 595996429 
750296451 595996429 750296451 618783962 
673218969 676330520 680492833 676330520 
673218969 676330520 673218969 677412365 
817215727 532708586 842202601 532708586 
817215727 532708586 817215727 540355762 
981335194 369626472 997898027 386108727 
981335194 369626472 981335194 369626472 
759273441 595996429 788285878 603555922 
759273441 595996429 759273441 595996429 
667059061 692061162 697929801 692061162 
667059061 692061162 667059061 746376112 
592793868 769142200 593009111 773193088 
592793868 769142200 592793868 769142200 
593009111 773193088 603489119 773193088 
593009111 773193088 593009111 776764165 
483129141 883696283 484445304 883696283 
483129141 883696283 483129141 887593850 
899370242 467734438 914624565 467734438 
899370242 467734438 899370242 486829217 
444033379 924529708 444033379 931648144 
444033379 924529708 474943473 924529708 
750296451 618783962 750296451 643262918 
750296451 618783962 765210170 618783962 
936155060 433811420 966092419 433811420 
936155060 433811420 936155060 439480518 
842202601 532708586 842202601 545076069 
842202601 532708586 853881306 532708586 
444033379 931648144 450160194 961396770 
444033379 931648144 444033379 931648144 
603489119 773193088 603489119 797275679 
603489119 773193088 619567226 773193088 
525700539 856381009 560172297 856381009 
525700539 856381009 525700539 864681178 
914624565 467734438 923075617 471797563 
914624565 467734438 914624565 467734438 
899370242 486829217 909196977 499965082 
899370242 486829217 899370242 486829217 
842202601 545076069 883551437 546515485 
842202601 545076069 842202601 545076069 
697929801 692061162 697929801 707819311 
697929801 692061162 714824631 692061162 
788285878 603555922 810022799 609112016 
788285878 603555922 788285878 603555922 
750296451 643262918 757666085 666293315 
750296451 643262918 750296451 643262918 
923075617 471797563 949630125 471797563 
923075617 471797563 923075617 482062505 
474943473 924529708 487855052 924529708 
474943473 924529708 474943473 932670797 
603489119 797275679 609158220 810081699 
603489119 797275679 603489119 797275679 
697929801 707819311 709662656 707819311 
697929801 707819311 697929801 728981237 
909196977 499965082 909196977 502677580 
909196977 499965082 909535054 499965082 
450160194 961396770 465412831 961396770 
450160194 961396770 450160194 975968911 
909196977 502677580 913431719 520544068 
909196977 502677580 909196977 502677580 
667059061 746376112 683596981 746376112 
667059061 746376112 667059061 749530536 
560172297 856381009 573276918 856381009 
560172297 856381009 560172297 871942778 
709662656 707819311 709662656 713226808 
709662656 707819311 743830106 707819311 
810022799 609112016 829817365 609112016 
810022799 609112016 810022799 624037912 
609158220 810081699 609158220 828016050 
609158220 810081699 630105406 810081699 
949630125 471797563 983105143 473334146 
949630125 471797563 949630125 471797563 
709662656 713226808 713485130 713226808 
709662656 713226808 709662656 722688419 
757666085 666293315 787647240 666293315 
757666085 666293315 757666085 677951836 
465412831 961396770 506945857 961396770 
465412831 961396770 465412831 997195543 
573276918 856381009 578543024 856381009 
573276918 856381009 573276918 860415485 
683596981 746376112 694589052 746376112 
683596981 746376112 683596981 769003255 
883551437 546515485 883551437 568094675 
883551437 546515485 883857704 546515485 
560172297 871942778 560172297 892251112 
560172297 871942778 570038316 871942778 
913431719 520544068 951693582 535500865 
913431719 520544068 913431719 520544068 
609158220 828016050 615655796 835826280 
609158220 828016050 609158220 828016050 
829817365 609112016 829817365 641062104 
829817365 609112016 844297519 609112016 
630105406 810081699 640586333 811687928 
630105406 810081699 630105406 810081699 
694589052 746376112 696400863 746376112 
694589052 746376112 694589052 747302571 
696400863 746376112 696400863 756569274 
696400863 746376112 729390813 746376112 
615655796 835826280 624027808 835826280 
615655796 835826280 615655796 860550218 
883551437 568094675 888681140 568094675 
883551437 568094675 883551437 571782452 
560172297 892251112 560172297 901724381 
560172297 892251112 578975143 892251112 
696400863 756569274 706327251 763864778 
696400863 756569274 696400863 756569274 
787647240 666293315 788597178 678690479 
787647240 666293315 787647240 666293315 
888681140 568094675 907152896 568094675 
888681140 568094675 888681140 613545263 
624027808 835826280 663376951 835826280 
624027808 835826280 624027808 843544830 
560172297 901724381 564358354 901724381 
560172297 901724381 560172297 940534142 
788597178 678690479 797712565 678690479 
788597178 678690479 788597178 684854172 
506945857 961396770 517865945 961396770 
506945857 961396770 506945857 990353425 
706327251 763864778 706327251 781926881 
706327251 763864778 714959040 763864778 
829817365 641062104 834594142 646704579 
829817365 641062104 829817365 641062104 
578975143 892251112 578975143 909125707 
578975143 892251112 580441252 892251112 
907152896 568094675 915222594 572734701 
907152896 568094675 907152896 568094675 
729390813 746376112 761570125 760604204 
729390813 746376112 729390813 746376112 
615655796 860550218 620893469 860550218 
615655796 860550218 615655796 889472026 
797712565 678690479 797712565 709106564 
797712565 678690479 813581060 678690479 
517865945 961396770 525146026 969248620 
517865945 961396770 517865945 961396770 
834594142 646704579 861705239 657122291 
834594142 646704579 834594142 646704579 
620893469 860550218 637197351 863494511 
620893469 860550218 620893469 860550218 
951693582 535500865 964297176 537165106 
951693582 535500865 951693582 535500865 
915222594 572734701 915222594 596266991 
915222594 572734701 939617530 572734701 
578975143 909125707 578975143 921193163 
578975143 909125707 596279097 909125707 
706327251 781926881 706327251 784434249 
706327251 781926881 707631579 781926881 
706327251 784434249 713606090 784434249 
706327251 784434249 706327251 785444495 
506945857 990353425 536383242 990353425 
506945857 990353425 506945857 997554626 
713606090 784434249 718261491 784973936 
713606090 784434249 713606090 784434249 
663376951 835826280 682548126 836616318 
663376951 835826280 663376951 835826280 
578975143 921193163 578975143 932788769 
578975143 921193163 580091686 921193163 
637197351 863494511 662450281 863494511 
637197351 863494511 637197351 867108095 
964297176 537165106 964297176 559405156 
964297176 537165106 984853432 537165106 
888681140 613545263 896146614 613545263 
888681140 613545263 888681140 619752898 
797712565 709106564 807226239 739308575 
797712565 709106564 797712565 709106564 
896146614 613545263 909619984 626275196 
896146614 613545263 896146614 613545263 
915222594 596266991 918915855 596266991 
915222594 596266991 915222594 598825578 
578975143 932788769 597457800 932788769 
578975143 932788769 578975143 935133478 
861705239 657122291 861705239 679481610 
861705239 657122291 887146949 657122291 
682548126 836616318 690384247 838060938 
682548126 836616318 682548126 836616318 
761570125 760604204 771244909 786131540 
761570125 760604204 761570125 760604204 
964297176 559405156 964297176 592516662 
964297176 559405156 990719242 559405156 
662450281 863494511 671556229 863494511 
662450281 863494511 662450281 874523985 
536383242 990353425 537612387 992702071 
536383242 990353425 536383242 990353425 
690384247 838060938 729848612 847443394 
690384247 838060938 690384247 838060938 
597457800 932788769 613412923 932788769 
597457800 932788769 597457800 952101030 
537612387 992702071 563079369 992702071 
537612387 992702071 537612387 993111155 
671556229 863494511 674731523 864017560 
671556229 863494511 671556229 863494511 
909619984 626275196 930236763 626275196 
909619984 626275196 909619984 640638502 
674731523 864017560 674731523 878381060 
674731523 864017560 687150675 864017560 
861705239 679481610 880173128 679481610 
861705239 679481610 861705239 701187166 
613412923 932788769 619831948 932788769 
613412923 932788769 613412923 938338956 
807226239 739308575 807226239 748234313 
807226239 739308575 835107601 739308575 
619831948 932788769 628700613 932788769 
619831948 932788769 619831948 943019067 
674731523 878381060 691319877 878381060 
674731523 878381060 674731523 898699370 
807226239 748234313 814670037 755074620 
807226239 748234313 807226239 748234313 
964297176 592516662 964297176 610445404 
964297176 592516662 971172260 592516662 
771244909 786131540 771244909 793107913 
771244909 786131540 794336982 786131540 
880173128 679481610 901331627 679481610 
880173128 679481610 880173128 696896734 
628700613 932788769 647942288 935281368 
628700613 932788769 628700613 932788769 
619831948 943019067 619831948 972991500 
619831948 943019067 621042751 943019067 
771244909 793107913 771244909 830521664 
771244909 793107913 773713369 793107913 
691319877 878381060 703780062 878381060 
691319877 878381060 691319877 884419348 
674731523 898699370 674731523 907537648 
674731523 898699370 685996675 898699370 
835107601 739308575 835107601 755286417 
835107601 739308575 835184173 739308575 
964297176 610445404 964297176 628662462 
964297176 610445404 969684204 610445404 
729848612 847443394 729848612 867320344 
729848612 847443394 745385282 847443394 
794336982 786131540 799199470 788743889 
794336982 786131540 794336982 786131540 
901331627 679481610 917807309 692968940 
901331627 679481610 901331627 679481610 
674731523 907537648 680476815 907537648 
674731523 907537648 674731523 910771735 
647942288 935281368 647942288 953228819 
647942288 935281368 667828613 935281368 
799199470 788743889 824499730 788743889 
799199470 788743889 799199470 815002755 
680476815 907537648 688933573 908885568 
680476815 907537648 680476815 907537648 
835107601 755286417 847649784 755286417 
835107601 755286417 835107601 764935027 
619831948 972991500 626488574 981780427 
619831948 972991500 619831948 972991500 
964297176 628662462 979410836 665916066 
964297176 628662462 964297176 628662462 
729848612 867320344 730270339 874038555 
729848612 867320344 729848612 867320344 
688933573 908885568 704527963 918325544 
688933573 908885568 688933573 908885568 
647942288 953228819 654153493 960050244 
647942288 953228819 647942288 953228819 
771244909 830521664 772965157 830521664 
771244909 830521664 771244909 844245639 
847649784 755286417 856833229 755286417 
847649784 755286417 847649784 769458634 
667828613 935281368 667828613 946653615 
667828613 935281368 674077157 935281368 
730270339 874038555 741824269 874038555 
730270339 874038555 730270339 880516499 
626488574 981780427 642628554 984144533 
626488574 981780427 626488574 981780427 
917807309 692968940 932942802 692968940 
917807309 692968940 917807309 733427427 
856833229 755286417 872525371 755286417 
856833229 755286417 856833229 756099794 
824499730 788743889 824499730 799309897 
824499730 788743889 834769147 788743889 
799199470 815002755 800876602 815002755 
799199470 815002755 799199470 820492117 
667828613 946653615 672336135 946653615 
667828613 946653615 667828613 949431638 
741824269 874038555 741824269 890727480 
741824269 874038555 741892531 874038555 
847649784 769458634 857514211 769458634 
847649784 769458634 847649784 771354873 
704527963 918325544 704527963 954148616 
704527963 918325544 722640392 918325544 
824499730 799309897 838696694 835065815 
824499730 799309897 824499730 799309897 
932942802 692968940 932942802 707461919 
932942802 692968940 945259964 692968940 
642628554 984144533 648987018 984144533 
642628554 984144533 642628554 988820582 
857514211 769458634 857514211 785317968 
857514211 769458634 861468954 769458634 
741824269 890727480 741824269 904592085 
741824269 890727480 779171235 890727480 
932942802 707461919 969669862 707461919 
932942802 707461919 932942802 710642258 
857514211 785317968 857514211 793480857 
857514211 785317968 893058370 785317968 
979410836 665916066 986865335 671511646 
979410836 665916066 979410836 665916066 
741824269 904592085 745093892 913207199 
741824269 904592085 741824269 904592085 
857514211 793480857 859435937 793480857 
857514211 793480857 857514211 811158395 
917807309 733427427 932791586 733427427 
917807309 733427427 917807309 741722756 
745093892 913207199 761626090 924363216 
745093892 913207199 745093892 913207199 
704527963 954148616 733272630 971013166 
704527963 954148616 704527963 954148616 
838696694 835065815 838696694 875239304 
838696694 835065815 848659757 835065815 
969669862 707461919 969669862 711707239 
969669862 707461919 978407860 707461919 
893058370 785317968 893058370 788583798 
893058370 785317968 909503245 785317968 
969669862 711707239 972387881 713180272 
969669862 711707239 969669862 711707239 
893058370 788583798 896224049 808361202 
893058370 788583798 893058370 788583798 
978407860 707461919 996201386 707461919 
978407860 707461919 978407860 722243432 
761626090 924363216 775796642 924363216 
761626090 924363216 761626090 940822994 
909503245 785317968 934375257 785317968 
909503245 785317968 909503245 796798717 
775796642 924363216 775796642 926287762 
775796642 924363216 815086117 924363216 
775796642 926287762 776820431 937838297 
775796642 926287762 775796642 926287762 
733272630 971013166 735249825 983870775 
733272630 971013166 733272630 971013166 
896224049 808361202 896224049 813621706 
896224049 808361202 905383304 808361202 
896224049 813621706 896224049 853234325 
896224049 813621706 899611220 813621706 
838696694 875239304 845609662 884054704 
838696694 875239304 838696694 875239304 
776820431 937838297 785323821 937838297 
776820431 937838297 776820431 961309527 
934375257 785317968 934375257 806510423 
934375257 785317968 942139172 785317968 
845609662 884054704 845609662 905461802 
845609662 884054704 856760329 884054704 
934375257 806510423 964751636 806510423 
934375257 806510423 934375257 811498864 
896224049 853234325 908913653 853234325 
896224049 853234325 896224049 857539162 
845609662 905461802 845609662 942595520 
845609662 905461802 863256636 905461802 
908913653 853234325 938214800 853234325 
908913653 853234325 908913653 858205838 
964751636 806510423 978164483 806510423 
964751636 806510423 964751636 817290291 
978164483 806510423 994493675 806510423 
978164483 806510423 978164483 816623239 
845609662 942595520 845609662 962424301 
845609662 942595520 859876738 942595520 
938214800 853234325 940491262 858909660 
938214800 853234325 938214800 853234325 
940491262 858909660 940491262 879097531 
940491262 858909660 979528000 858909660 
994493675 806510423 998753657 806510423 
994493675 806510423 994493675 819030224 
845609662 962424301 878681323 963450906 
845609662 962424301 845609662 962424301 
940491262 879097531 940491262 903131062 
940491262 879097531 949016072 879097531 
878681323 963450906 890178604 963450906 
878681323 963450906 878681323 990076602 
940491262 903131062 940491262 919083460 
940491262 903131062 943971298 903131062 
940491262 919083460 960495822 919083460 
940491262 919083460 940491262 950378777 
960495822 919083460 963428026 928980531 
960495822 919083460 960495822 919083460 
963428026 928980531 963428026 934432882 
963428026 928980531 984064724 928980531 
963428026 934432882 963428026 942857236 
963428026 934432882 964819757 934432882 
963428026 942857236 963428026 951295426 
963428026 942857236 975333443 942857236 
963428026 951295426 965839303 959136017 
963428026 951295426 963428026 951295426 
965839303 959136017 984120887 959136017 
965839303 959136017 965839303 995939503 
984120887 959136017 995472285 959136017 
984120887 959136017 984120887 968390184 
995472285 959136017 995861971 967676929 
995472285 959136017 995472285 959136017 
