2144
0 0 0 51633232 
0 0 75759081 0 
0 51633232 33128210 51633232 
0 51633232 0 138995945 
75759081 0 75759081 8673294 
75759081 0 114373478 0 
33128210 51633232 33128210 54780943 
33128210 51633232 40420208 51633232 
0 138995945 49449677 138995945 
0 138995945 0 176504563 
75759081 8673294 75759081 8696150 
114373478 0 114373478 8673294 
114373478 0 125268271 0 
40420208 51633232 40420208 76313237 
49449677 138995945 49449677 149031492 
49449677 138995945 68466028 138995945 
0 176504563 13973035 176504563 
0 176504563 0 206732374 
75759081 8696150 75759081 22664243 
125268271 0 151111026 0 
125268271 0 125268271 8673294 
40420208 76313237 51346326 76313237 
0 206732374 0 252875876 
0 206732374 16659564 206732374 
75759081 22664243 84567932 22664243 
151111026 0 151111026 20680675 
151111026 0 165738947 0 
125268271 8673294 125268271 8674478 
0 252875876 4395878 252875876 
0 252875876 0 299098836 
16659564 206732374 16659564 207000210 
16659564 206732374 51224903 206732374 
84567932 22664243 84567932 43289395 
151111026 20680675 155676210 20680675 
151111026 20680675 151111026 39873256 
165738947 0 165738947 9778453 
165738947 0 259389347 0 
125268271 8674478 125268271 26617088 
4395878 252875876 29752338 252875876 
0 299098836 11871923 299098836 
0 299098836 0 311498674 
51224903 206732374 51224903 230141372 
51224903 206732374 64290614 206732374 
84567932 43289395 85361520 43289395 
151111026 39873256 151111026 54437744 
151111026 39873256 155676210 39873256 
259389347 0 293185753 0 
259389347 0 259389347 19159890 
125268271 26617088 130664160 26617088 
29752338 252875876 29752338 269098431 
11871923 299098836 15757443 299098836 
0 311498674 11871923 311498674 
0 311498674 0 368350512 
64290614 206732374 85757738 206732374 
85361520 43289395 100355921 43289395 
85361520 43289395 85361520 58001586 
155676210 39873256 173152339 39873256 
293185753 0 312561055 0 
259389347 19159890 259389347 22072983 
259389347 19159890 268932493 19159890 
130664160 26617088 130664160 34047529 
130664160 26617088 133727350 26617088 
29752338 269098431 43063593 269098431 
11871923 311498674 11871923 319325417 
0 368350512 29447194 368350512 
0 368350512 0 419856888 
85757738 206732374 85757738 208244690 
85361520 58001586 85361520 74414311 
85361520 58001586 90962536 58001586 
173152339 39873256 173152339 64260491 
312561055 0 349468696 0 
312561055 0 312561055 27510843 
259389347 22072983 259389347 27510843 
268932493 19159890 268932493 27510843 
268932493 19159890 275419993 19159890 
43063593 269098431 43063593 273216515 
11871923 319325417 17159024 319325417 
29447194 368350512 29447194 386420722 
29447194 368350512 61443804 368350512 
0 419856888 25921293 419856888 
0 419856888 0 507436246 
85757738 208244690 86975844 208244690 
85757738 208244690 85757738 237813503 
85361520 74414311 85361520 94740941 
90962536 58001586 107222410 58001586 
173152339 64260491 177048740 64260491 
349468696 0 349468696 1609170 
312561055 27510843 312561055 30988096 
259389347 27510843 259921833 27510843 
17159024 319325417 17159024 323542425 
17159024 319325417 49177635 319325417 
61443804 368350512 65303901 368350512 
25921293 419856888 25921293 438617716 
25921293 419856888 47433406 419856888 
0 507436246 12210878 507436246 
0 507436246 0 519216564 
86975844 208244690 95345053 208244690 
85757738 237813503 85757738 244586813 
85757738 237813503 98669523 237813503 
85361520 94740941 98482263 94740941 
107222410 58001586 107222410 66041219 
177048740 64260491 177048740 99603205 
177048740 64260491 185887185 64260491 
349468696 1609170 349468696 17752196 
349468696 1609170 421596300 1609170 
312561055 30988096 312561055 80584560 
259921833 27510843 259921833 47192569 
49177635 319325417 78633483 319325417 
65303901 368350512 65303901 377800725 
65303901 368350512 78633483 368350512 
25921293 438617716 25921293 461617123 
47433406 419856888 62912027 419856888 
0 519216564 1503139 519216564 
0 519216564 0 532157003 
95345053 208244690 95345053 211342406 
98669523 237813503 98669523 245920834 
98482263 94740941 98482263 118141508 
98482263 94740941 136785362 94740941 
107222410 66041219 107222410 67328568 
107222410 66041219 114446615 66041219 
177048740 99603205 183213613 99603205 
185887185 64260491 204992796 64260491 
349468696 17752196 349468696 32306934 
421596300 1609170 421596300 29688422 
421596300 1609170 438427060 1609170 
312561055 80584560 321899032 80584560 
78633483 319325417 78633483 336121295 
65303901 377800725 65303901 381011694 
78633483 368350512 78633483 377800725 
25921293 461617123 32950742 461617123 
62912027 419856888 62912027 429174218 
0 532157003 1503139 532157003 
0 532157003 0 555655205 
95345053 211342406 98669523 211342406 
98669523 245920834 100067112 245920834 
98482263 118141508 98482263 138995945 
136785362 94740941 136785362 118141508 
114446615 66041219 114446615 70741901 
114446615 66041219 121025567 66041219 
183213613 99603205 183213613 104601634 
204992796 64260491 204992796 77132395 
349468696 32306934 358081316 32306934 
421596300 29688422 433736993 29688422 
438427060 1609170 438427060 5912221 
438427060 1609170 512105120 1609170 
321899032 80584560 344914071 80584560 
78633483 336121295 78633483 353384622 
78633483 336121295 95345003 336121295 
78633483 377800725 85707708 377800725 
32950742 461617123 48991356 461617123 
1503139 532157003 12929766 532157003 
0 555655205 12929766 555655205 
0 555655205 0 586302687 
98669523 211342406 98669523 212448348 
100067112 245920834 121873802 245920834 
98482263 138995945 99840807 138995945 
136785362 118141508 136785362 123770136 
136785362 118141508 162695788 118141508 
183213613 104601634 198539199 104601634 
204992796 77132395 204992796 86344867 
204992796 77132395 221821425 77132395 
358081316 32306934 366222009 32306934 
358081316 32306934 358081316 47447258 
433736993 29688422 433736993 36568953 
438427060 5912221 438427060 8204965 
512105120 1609170 512105120 5912221 
512105120 1609170 533089684 1609170 
344914071 80584560 344914071 95708343 
78633483 353384622 121360494 353384622 
85707708 377800725 85707708 381011694 
48991356 461617123 48991356 462332868 
12929766 532157003 12929766 537923549 
12929766 532157003 27517708 532157003 
12929766 555655205 24069532 555655205 
0 586302687 0 607719303 
0 586302687 24069532 586302687 
98669523 212448348 119454534 212448348 
121873802 245920834 121873802 264192584 
99840807 138995945 99840807 144607536 
162695788 118141508 162695788 174451285 
198539199 104601634 198539199 118935375 
204992796 86344867 204992796 98107485 
221821425 77132395 221821425 86344867 
221821425 77132395 231758325 77132395 
358081316 47447258 358081316 72229955 
358081316 47447258 366222009 47447258 
433736993 36568953 445394513 36568953 
433736993 36568953 433736993 61906954 
512105120 5912221 512105120 6158269 
533089684 1609170 533089684 5912221 
533089684 1609170 569944543 1609170 
344914071 95708343 344914071 122463014 
344914071 95708343 361671067 95708343 
121360494 353384622 121360494 356938822 
121360494 353384622 136767912 353384622 
85707708 381011694 85707708 397261341 
48991356 462332868 48991356 494903886 
24069532 555655205 24069532 561439935 
0 607719303 11140995 607719303 
0 607719303 0 630088701 
24069532 586302687 24559689 586302687 
119454534 212448348 119454534 225224042 
119454534 212448348 135340498 212448348 
121873802 264192584 130912880 264192584 
121873802 264192584 121873802 278274545 
99840807 144607536 99840807 166693184 
99840807 144607536 104782984 144607536 
162695788 174451285 164717201 174451285 
231758325 77132395 231758325 82641215 
231758325 77132395 239398582 77132395 
358081316 72229955 358081316 75435021 
358081316 72229955 374961732 72229955 
366222009 47447258 378610009 47447258 
445394513 36568953 445394513 38843307 
433736993 61906954 433736993 66768730 
533089684 5912221 533089684 72610910 
569944543 1609170 569944543 14406480 
569944543 1609170 627286306 1609170 
361671067 95708343 361671067 99852273 
361671067 95708343 367650616 95708343 
121360494 356938822 121360494 377800725 
136767912 353384622 136767912 356938822 
85707708 397261341 105933005 397261341 
48991356 494903886 58399308 494903886 
24069532 561439935 58399308 561439935 
0 630088701 2980939 630088701 
0 630088701 0 653092679 
24559689 586302687 24559689 596324427 
24559689 586302687 26224327 586302687 
135340498 212448348 135340498 216187840 
130912880 264192584 140690985 264192584 
121873802 278274545 121873802 283256533 
121873802 278274545 129767253 278274545 
99840807 166693184 103045674 166693184 
164717201 174451285 165898143 174451285 
164717201 174451285 164717201 183745783 
239398582 77132395 239398582 86515313 
374961732 72229955 379589787 72229955 
378610009 47447258 378610009 47908020 
378610009 47447258 397879465 47447258 
445394513 38843307 446062762 38843307 
433736993 66768730 433736993 74045505 
533089684 72610910 562436857 72610910 
569944543 14406480 569944543 42912313 
627286306 1609170 627286306 14354539 
627286306 1609170 672140549 1609170 
121360494 377800725 121360494 381765112 
121360494 377800725 142519467 377800725 
136767912 356938822 136767912 362325845 
136767912 356938822 138995272 356938822 
105933005 397261341 105933005 402462795 
58399308 494903886 58399308 523849657 
58399308 494903886 77215171 494903886 
58399308 561439935 62457225 561439935 
2980939 630088701 8885546 630088701 
0 653092679 2980939 653092679 
0 653092679 0 668953057 
24559689 596324427 24559689 618610212 
26224327 586302687 35997525 586302687 
135340498 216187840 138522803 216187840 
121873802 283256533 121873802 293984006 
129767253 278274545 130912880 278274545 
129767253 278274545 129767253 283256533 
103045674 166693184 103045674 167910562 
164717201 183745783 164717201 202943166 
164717201 183745783 173747445 183745783 
239398582 86515313 240961612 86515313 
379589787 72229955 379589787 75110056 
446062762 38843307 446062762 48024963 
446062762 38843307 458038531 38843307 
433736993 74045505 438175163 74045505 
562436857 72610910 562436857 87347520 
562436857 72610910 593112138 72610910 
569944543 42912313 571249414 42912313 
627286306 14354539 636313117 14354539 
672140549 1609170 672140549 13984971 
672140549 1609170 707923360 1609170 
142519467 377800725 181549535 377800725 
142519467 377800725 142519467 381094234 
105933005 402462795 125788830 402462795 
58399308 523849657 62457225 523849657 
77215171 494903886 77215171 505891034 
77215171 494903886 108007138 494903886 
2980939 653092679 12224621 653092679 
0 668953057 2980939 668953057 
0 668953057 0 677670650 
24559689 618610212 29255641 618610212 
35997525 586302687 35997525 590253323 
121873802 293984006 121873802 309804992 
121873802 293984006 129767253 293984006 
129767253 283256533 143113175 283256533 
164717201 202943166 164717201 212600376 
173747445 183745783 173747445 186824510 
173747445 183745783 188017265 183745783 
240961612 86515313 240961612 105931361 
240961612 86515313 276907597 86515313 
379589787 75110056 379589787 86804144 
379589787 75110056 397941349 75110056 
458038531 38843307 458038531 61906954 
458038531 38843307 473252862 38843307 
438175163 74045505 438175163 77588514 
438175163 74045505 441533198 74045505 
593112138 72610910 593112138 84699025 
593112138 72610910 607759363 72610910 
571249414 42912313 571249414 43032071 
571249414 42912313 579562286 42912313 
636313117 14354539 636313117 19574524 
707923360 1609170 720132133 1609170 
181549535 377800725 181549535 391439067 
181549535 377800725 201510186 377800725 
142519467 381094234 142519467 388477093 
142519467 381094234 145371349 381094234 
125788830 402462795 125788830 409583598 
62457225 523849657 77215171 523849657 
108007138 494903886 108007138 498808552 
108007138 494903886 110894992 494903886 
0 677670650 16507166 677670650 
0 677670650 0 691573138 
29255641 618610212 76464452 618610212 
35997525 590253323 35997525 596524257 
35997525 590253323 37954267 590253323 
121873802 309804992 136767912 309804992 
143113175 283256533 156626181 283256533 
143113175 283256533 143113175 293984006 
164717201 212600376 167170954 212600376 
188017265 183745783 212567290 183745783 
240961612 105931361 251609731 105931361 
276907597 86515313 292494366 86515313 
379589787 86804144 379589787 101009652 
473252862 38843307 483361258 38843307 
438175163 77588514 445930165 77588514 
593112138 84699025 593112138 90796648 
636313117 19574524 636313117 28461655 
636313117 19574524 649878570 19574524 
720132133 1609170 720132133 4746380 
181549535 391439067 181549535 401690263 
201510186 377800725 201510186 391439067 
142519467 388477093 142519467 401690263 
125788830 409583598 125788830 451794858 
77215171 523849657 77215171 535424485 
108007138 498808552 108007138 518304392 
0 691573138 7119625 691573138 
0 691573138 0 699454074 
76464452 618610212 76464452 619702313 
76464452 618610212 98113234 618610212 
37954267 590253323 37954267 591588390 
37954267 590253323 48077073 590253323 
136767912 309804992 136767912 323251532 
156626181 283256533 156626181 288331474 
156626181 283256533 163533076 283256533 
143113175 293984006 143113175 295237170 
167170954 212600376 167170954 236081916 
167170954 212600376 172401164 212600376 
212567290 183745783 212567290 192193274 
251609731 105931361 251609731 112585040 
292494366 86515313 292494366 94656987 
379589787 101009652 389187801 101009652 
483361258 38843307 483361258 41324661 
445930165 77588514 445930165 78003625 
593112138 90796648 595901538 90796648 
649878570 19574524 659290630 19574524 
649878570 19574524 649878570 25837792 
720132133 4746380 732786144 4746380 
181549535 401690263 181907385 401690263 
201510186 391439067 201510186 407706402 
142519467 401690263 151144577 401690263 
125788830 451794858 132059937 451794858 
77215171 535424485 78041190 535424485 
108007138 518304392 125313360 518304392 
7119625 691573138 22240487 691573138 
0 699454074 7119625 699454074 
0 699454074 0 714678874 
76464452 619702313 76464452 634566643 
98113234 618610212 98113234 619702313 
48077073 590253323 53680598 590253323 
136767912 323251532 142442502 323251532 
163533076 283256533 163993782 283256533 
163533076 283256533 163533076 288331474 
167170954 236081916 184646437 236081916 
172401164 212600376 172401164 215311253 
172401164 212600376 179602853 212600376 
212567290 192193274 212567290 199626070 
251609731 112585040 255175290 112585040 
251609731 112585040 251609731 136580556 
389187801 101009652 389187801 143422544 
483361258 41324661 483361258 50651127 
483361258 41324661 489261923 41324661 
445930165 78003625 445930165 86762664 
445930165 78003625 456081593 78003625 
649878570 25837792 655780991 25837792 
649878570 25837792 649878570 39724955 
732786144 4746380 732786144 15750071 
201510186 407706402 201510186 421371638 
201510186 407706402 201615349 407706402 
151144577 401690263 151144577 413969098 
151144577 401690263 166000391 401690263 
132059937 451794858 132059937 479032348 
78041190 535424485 78041190 551043879 
125313360 518304392 151090052 518304392 
22240487 691573138 22240487 706310372 
22240487 691573138 22703916 691573138 
7119625 699454074 7261749 699454074 
0 714678874 7119625 714678874 
0 714678874 0 727676673 
76464452 634566643 89977610 634566643 
76464452 634566643 76464452 643903149 
98113234 619702313 98113234 625749260 
53680598 590253323 53680598 592911309 
142442502 323251532 144545603 323251532 
163533076 288331474 163533076 293675598 
184646437 236081916 184646437 241801612 
212567290 199626070 218023602 199626070 
251609731 136580556 253444194 136580556 
251609731 136580556 251609731 150831079 
389187801 143422544 425560956 143422544 
456081593 78003625 479302166 78003625 
649878570 39724955 655920222 39724955 
649878570 39724955 649878570 47418340 
732786144 15750071 732786144 49451450 
732786144 15750071 758492199 15750071 
166000391 401690263 166000391 424883844 
132059937 479032348 138934037 479032348 
78041190 551043879 78105617 551043879 
151090052 518304392 151090052 537531122 
7119625 714678874 14021707 714678874 
0 727676673 7119625 727676673 
0 727676673 0 769141819 
76464452 643903149 76552554 643903149 
76464452 643903149 76464452 653263492 
98113234 625749260 102368058 625749260 
144545603 323251532 144545603 323407147 
163533076 293675598 213285056 293675598 
184646437 241801612 184646437 248075656 
184646437 241801612 193749082 241801612 
218023602 199626070 218023602 213379700 
253444194 136580556 295076918 136580556 
251609731 150831079 251609731 177528511 
251609731 150831079 254787435 150831079 
425560956 143422544 425560956 144368044 
425560956 143422544 446806589 143422544 
479302166 78003625 479302166 83874666 
649878570 47418340 676433279 47418340 
649878570 47418340 649878570 67208234 
758492199 15750071 758492199 35705390 
758492199 15750071 761774223 15750071 
166000391 424883844 166000391 446056750 
78105617 551043879 94242919 551043879 
78105617 551043879 78105617 577763499 
151090052 537531122 195630644 537531122 
7119625 727676673 63268786 727676673 
0 769141819 10663275 769141819 
0 769141819 0 784070840 
76464452 653263492 76464452 662390222 
76464452 653263492 94358482 653263492 
144545603 323407147 156098332 323407147 
213285056 293675598 213285056 306313584 
193749082 241801612 193749082 245443760 
218023602 213379700 219470883 213379700 
295076918 136580556 295076918 146628435 
251609731 177528511 266388354 177528511 
425560956 144368044 425560956 188753451 
446806589 143422544 446806589 151053237 
446806589 143422544 452036540 143422544 
479302166 83874666 479302166 99367347 
479302166 83874666 498477342 83874666 
676433279 47418340 691559969 47418340 
649878570 67208234 649878570 84847105 
649878570 67208234 653491432 67208234 
758492199 35705390 758492199 61435819 
761774223 15750071 824951329 15750071 
166000391 446056750 175221571 446056750 
94242919 551043879 94242919 567050114 
78105617 577763499 78105617 582107217 
78105617 577763499 86005659 577763499 
195630644 537531122 195630644 547789743 
63268786 727676673 63268786 732925871 
0 784070840 10663275 784070840 
0 784070840 0 820758291 
76464452 662390222 76464452 698106421 
94358482 653263492 108757015 653263492 
156098332 323407147 156098332 326369963 
213285056 306313584 213285056 332368178 
213285056 306313584 242553853 306313584 
193749082 245443760 197251971 245443760 
219470883 213379700 240022277 213379700 
219470883 213379700 219470883 216475533 
295076918 146628435 295076918 154789701 
295076918 146628435 306351909 146628435 
266388354 177528511 266388354 189500259 
425560956 188753451 432733296 188753451 
479302166 99367347 479302166 107897302 
498477342 83874666 498477342 92824333 
498477342 83874666 502557322 83874666 
691559969 47418340 691559969 56206336 
649878570 84847105 649878570 117522323 
649878570 84847105 674198582 84847105 
758492199 61435819 760261114 61435819 
824951329 15750071 824951329 21478814 
175221571 446056750 175221571 452499476 
175221571 446056750 197428457 446056750 
94242919 567050114 98113234 567050114 
195630644 547789743 195630644 553770347 
195630644 547789743 197428457 547789743 
63268786 732925871 63268786 763795278 
10663275 784070840 12085509 784070840 
0 820758291 0 878649098 
0 820758291 12085509 820758291 
76464452 698106421 83195491 698106421 
108757015 653263492 108757015 656665294 
156098332 326369963 167291525 326369963 
213285056 332368178 213285056 356067082 
242553853 306313584 282416000 306313584 
219470883 216475533 219470883 225682503 
219470883 216475533 220533853 216475533 
306351909 146628435 316926454 146628435 
306351909 146628435 306351909 163524308 
266388354 189500259 266388354 204860169 
266388354 189500259 275340191 189500259 
432733296 188753451 432733296 193401735 
432733296 188753451 446806589 188753451 
479302166 107897302 481081343 107897302 
498477342 92824333 516783512 92824333 
691559969 56206336 698640644 56206336 
649878570 117522323 674198582 117522323 
674198582 84847105 691559969 84847105 
760261114 61435819 760261114 72023108 
760261114 61435819 795851693 61435819 
824951329 21478814 824951329 50073377 
824951329 21478814 870266832 21478814 
197428457 446056750 218099999 446056750 
197428457 446056750 197428457 482320008 
98113234 567050114 103697024 567050114 
98113234 567050114 98113234 577699951 
197428457 547789743 211524430 547789743 
63268786 763795278 67549187 763795278 
0 878649098 0 891944263 
0 878649098 10000208 878649098 
12085509 820758291 43622331 820758291 
108757015 656665294 108757015 674646612 
108757015 656665294 143094368 656665294 
167291525 326369963 167291525 336623350 
213285056 356067082 233257808 356067082 
282416000 306313584 282416000 313355958 
219470883 225682503 219470883 244191320 
306351909 163524308 306351909 173742082 
306351909 163524308 344914071 163524308 
266388354 204860169 283512156 204860169 
446806589 188753451 459646450 188753451 
481081343 107897302 481081343 133223704 
481081343 107897302 488083411 107897302 
516783512 92824333 516783512 95762754 
698640644 56206336 698640644 62293205 
674198582 117522323 674198582 134052295 
674198582 117522323 698519830 117522323 
691559969 84847105 691559969 88423250 
760261114 72023108 766627886 72023108 
795851693 61435819 795851693 80516918 
824951329 50073377 824951329 68238023 
870266832 21478814 887203370 21478814 
218099999 446056750 218099999 466408781 
218099999 446056750 229631744 446056750 
197428457 482320008 197428457 511673094 
197428457 482320008 198948519 482320008 
98113234 577699951 98113234 581514749 
98113234 577699951 104531184 577699951 
211524430 547789743 211524430 558852716 
211524430 547789743 232848976 547789743 
67549187 763795278 67549187 772584766 
67549187 763795278 92974251 763795278 
0 891944263 4424140 891944263 
43622331 820758291 43622331 854717731 
108757015 674646612 108757015 702290813 
143094368 656665294 143094368 664040633 
143094368 656665294 157851837 656665294 
167291525 336623350 167291525 350099704 
167291525 336623350 193539296 336623350 
233257808 356067082 233257808 366228669 
233257808 356067082 280694432 356067082 
219470883 244191320 222445261 244191320 
306351909 173742082 306351909 201082120 
344914071 163524308 364089069 163524308 
283512156 204860169 283512156 212384966 
459646450 188753451 459646450 212588526 
481081343 133223704 503994654 133223704 
516783512 95762754 516783512 104436327 
516783512 95762754 539324395 95762754 
698640644 62293205 701496973 62293205 
698519830 117522323 698519830 126394351 
698519830 117522323 708247978 117522323 
766627886 72023108 766627886 73606566 
795851693 80516918 796068588 80516918 
824951329 68238023 825857713 68238023 
887203370 21478814 887203370 23792740 
218099999 466408781 218099999 475989464 
229631744 446056750 229631744 448613148 
98113234 581514749 98144885 581514749 
104531184 577699951 104531184 578807360 
104531184 577699951 127649500 577699951 
232848976 547789743 261831617 547789743 
232848976 547789743 232848976 558852716 
67549187 772584766 67549187 777468544 
67549187 772584766 73534047 772584766 
92974251 763795278 134567286 763795278 
92974251 763795278 92974251 772584766 
4424140 891944263 4424140 896172041 
43622331 854717731 57557794 854717731 
108757015 702290813 118413920 702290813 
143094368 664040633 143094368 681227826 
233257808 366228669 233257808 391439067 
280694432 356067082 280694432 366228669 
222445261 244191320 222445261 264491107 
306351909 201082120 323476061 201082120 
364089069 163524308 372941728 163524308 
364089069 163524308 364089069 165908796 
459646450 212588526 459646450 242732824 
459646450 212588526 478685346 212588526 
503994654 133223704 503994654 152558923 
539324395 95762754 539324395 113997240 
701496973 62293205 717304102 62293205 
708247978 117522323 708247978 138138992 
825857713 68238023 825857713 91545500 
887203370 23792740 911205889 23792740 
887203370 23792740 887203370 63547570 
218099999 475989464 222192029 475989464 
229631744 448613148 230060847 448613148 
127649500 577699951 146009239 577699951 
127649500 577699951 127649500 578807360 
261831617 547789743 273943908 547789743 
232848976 558852716 232848976 579055641 
134567286 763795278 134567286 776528938 
134567286 763795278 145014506 763795278 
92974251 772584766 92974251 776586513 
4424140 896172041 15501870 896172041 
4424140 896172041 4424140 926702122 
57557794 854717731 57557794 888372904 
143094368 681227826 154108233 681227826 
233257808 391439067 236066817 391439067 
280694432 366228669 280694432 380382052 
280694432 366228669 291544123 366228669 
222445261 264491107 229828570 264491107 
323476061 201082120 323476061 218754369 
323476061 201082120 326663878 201082120 
364089069 165908796 364089069 173633980 
364089069 165908796 364691257 165908796 
459646450 242732824 473662076 242732824 
478685346 212588526 493694424 212588526 
503994654 152558923 503994654 160135916 
503994654 152558923 519381917 152558923 
539324395 113997240 556157576 113997240 
717304102 62293205 717304102 73058085 
708247978 138138992 725218892 138138992 
825857713 91545500 831741675 91545500 
911205889 23792740 911205889 30403768 
911205889 23792740 913828092 23792740 
887203370 63547570 887203370 78419945 
887203370 63547570 898101944 63547570 
222192029 475989464 222192029 497557390 
222192029 475989464 253997202 475989464 
146009239 577699951 146009239 578196999 
146009239 577699951 148125769 577699951 
127649500 578807360 127649500 593380359 
273943908 547789743 273943908 548124041 
232848976 579055641 232848976 588970491 
134567286 776528938 134567286 795605713 
92974251 776586513 98238961 776586513 
92974251 776586513 92974251 794380303 
15501870 896172041 15501870 899938041 
4424140 926702122 17085513 926702122 
4424140 926702122 4424140 939912091 
57557794 888372904 64912448 888372904 
154108233 681227826 158736570 681227826 
154108233 681227826 154108233 702814364 
236066817 391439067 236066817 418383443 
280694432 380382052 321406191 380382052 
229828570 264491107 229828570 273963943 
229828570 264491107 246171585 264491107 
326663878 201082120 352984982 201082120 
473662076 242732824 473662076 268729795 
473662076 242732824 478685346 242732824 
503994654 160135916 503994654 165720391 
519381917 152558923 519381917 160135916 
519381917 152558923 537894107 152558923 
556157576 113997240 573846803 113997240 
717304102 73058085 717304102 97083208 
725218892 138138992 743606574 138138992 
725218892 138138992 725218892 144247824 
831741675 91545500 866910227 91545500 
831741675 91545500 831741675 125833180 
913828092 23792740 913828092 24481860 
913828092 23792740 951591430 23792740 
898101944 63547570 919763149 63547570 
222192029 497557390 230850911 497557390 
148125769 577699951 148125769 580385970 
148125769 577699951 157081745 577699951 
232848976 588970491 234751729 588970491 
134567286 795605713 139893901 795605713 
92974251 794380303 92974251 807043331 
92974251 794380303 110615309 794380303 
15501870 899938041 17085513 899938041 
4424140 939912091 4424140 955351506 
4424140 939912091 17085513 939912091 
154108233 702814364 154108233 709002185 
154108233 702814364 199956942 702814364 
236066817 418383443 242129872 418383443 
321406191 380382052 321406191 397669427 
229828570 273963943 229828570 286497038 
246171585 264491107 285474757 264491107 
352984982 201082120 352984982 205681630 
478685346 242732824 478685346 243383432 
537894107 152558923 537894107 163950923 
537894107 152558923 539503688 152558923 
573846803 113997240 573846803 122449166 
717304102 97083208 733493682 97083208 
743606574 138138992 757606921 138138992 
725218892 144247824 725218892 159391571 
725218892 144247824 728682628 144247824 
866910227 91545500 886394395 91545500 
831741675 125833180 845186659 125833180 
831741675 125833180 831741675 159289252 
951591430 23792740 952383516 23792740 
951591430 23792740 951591430 32812971 
919763149 63547570 919763149 64622014 
230850911 497557390 230850911 505013483 
157081745 577699951 157081745 606008856 
234751729 588970491 270678554 588970491 
139893901 795605713 139893901 797817389 
92974251 807043331 92974251 835213483 
110615309 794380303 114786500 794380303 
17085513 899938041 51648937 899938041 
17085513 939912091 26902766 939912091 
154108233 709002185 154108233 734753615 
199956942 702814364 199956942 714373760 
242129872 418383443 267200126 418383443 
321406191 397669427 327988616 397669427 
229828570 286497038 231404082 286497038 
285474757 264491107 285474757 284961560 
352984982 205681630 353985981 205681630 
478685346 243383432 478685346 247485319 
478685346 243383432 492392547 243383432 
537894107 163950923 537894107 185388426 
573846803 122449166 573846803 133857514 
757606921 138138992 757606921 144218886 
886394395 91545500 886394395 100223607 
845186659 125833180 859971588 125833180 
831741675 159289252 845186659 159289252 
831741675 159289252 831741675 168865339 
951591430 32812971 951591430 40897764 
951591430 32812971 968465210 32812971 
919763149 64622014 919763149 74939206 
157081745 606008856 162942310 606008856 
270678554 588970491 270678554 610204554 
270678554 588970491 319414600 588970491 
139893901 797817389 139893901 810752133 
92974251 835213483 105064987 835213483 
114786500 794380303 114786500 797817389 
51648937 899938041 51648937 910083880 
26902766 939912091 26902766 946231115 
26902766 939912091 27919291 939912091 
154108233 734753615 162909223 734753615 
199956942 714373760 199956942 776528938 
199956942 714373760 200803476 714373760 
267200126 418383443 267200126 439211996 
327988616 397669427 328328605 397669427 
285474757 284961560 285474757 295253706 
285474757 284961560 314323064 284961560 
353985981 205681630 353985981 206021586 
492392547 243383432 504844679 243383432 
537894107 185388426 547968251 185388426 
573846803 133857514 576600243 133857514 
757606921 144218886 770993811 144218886 
757606921 144218886 757606921 154523537 
886394395 100223607 886394395 101091611 
886394395 100223607 897899808 100223607 
859971588 125833180 859971588 147457879 
859971588 125833180 865568424 125833180 
831741675 168865339 831741675 182955002 
831741675 168865339 841126813 168865339 
968465210 32812971 968465210 34603342 
968465210 32812971 979725994 32812971 
919763149 74939206 922802210 74939206 
162942310 606008856 162942310 618467569 
162942310 606008856 185778769 606008856 
270678554 610204554 270678554 618671317 
270678554 610204554 281684772 610204554 
319414600 588970491 319414600 595995629 
139893901 810752133 141007567 810752133 
105064987 835213483 105064987 847286818 
105064987 835213483 114786500 835213483 
114786500 797817389 114786500 801018414 
114786500 797817389 131325971 797817389 
51648937 910083880 57169997 910083880 
26902766 946231115 26902766 973728307 
199956942 776528938 200803476 776528938 
200803476 714373760 208365976 714373760 
267200126 439211996 267200126 444171238 
267200126 439211996 280694432 439211996 
328328605 397669427 328328605 427722642 
314323064 284961560 314323064 289925118 
353985981 206021586 353985981 241315642 
353985981 206021586 369059494 206021586 
504844679 243383432 539471338 243383432 
504844679 243383432 504844679 268729795 
547968251 185388426 547968251 189599793 
547968251 185388426 554464205 185388426 
576600243 133857514 576600243 137506114 
576600243 133857514 613784376 133857514 
757606921 154523537 757606921 158253198 
757606921 154523537 765979318 154523537 
897899808 100223607 897899808 110978918 
897899808 100223607 904188829 100223607 
865568424 125833180 871445139 125833180 
841126813 168865339 841126813 172050926 
841126813 168865339 849592095 168865339 
979725994 32812971 979725994 41504759 
979725994 32812971 982480055 32812971 
922802210 74939206 953405188 74939206 
162942310 618467569 175211016 618467569 
185778769 606008856 193242529 606008856 
281684772 610204554 281684772 615034274 
281684772 610204554 281903380 610204554 
319414600 595995629 352023815 595995629 
319414600 595995629 319414600 644624899 
141007567 810752133 176790231 810752133 
105064987 847286818 105064987 849811468 
105064987 847286818 115767093 847286818 
114786500 835213483 120476811 835213483 
131325971 797817389 131325971 802256007 
57169997 910083880 57169997 935827903 
57169997 910083880 83089682 910083880 
26902766 973728307 39110477 973728307 
200803476 776528938 200803476 795605713 
267200126 444171238 267200126 461709209 
280694432 439211996 309179843 439211996 
328328605 427722642 353547263 427722642 
314323064 289925118 314323064 334334792 
353985981 241315642 353985981 253610986 
369059494 206021586 375712564 206021586 
539471338 243383432 539471338 244699660 
504844679 268729795 504844679 281807376 
554464205 185388426 554464205 195899212 
554464205 185388426 570290255 185388426 
613784376 133857514 617827986 133857514 
613784376 133857514 613784376 145146871 
765979318 154523537 796980472 154523537 
897899808 110978918 897899808 113243857 
897899808 110978918 902621813 110978918 
904188829 100223607 904188829 103277228 
904188829 100223607 922162380 100223607 
871445139 125833180 871445139 131702141 
849592095 168865339 849592095 170445766 
849592095 168865339 884272867 168865339 
979725994 41504759 979725994 58039005 
982480055 32812971 986641332 32812971 
953405188 74939206 953405188 76386328 
175211016 618467569 175211016 621840912 
193242529 606008856 193242529 609706867 
319414600 644624899 329216233 644624899 
319414600 644624899 319414600 657416612 
176790231 810752133 176790231 820167536 
115767093 847286818 115767093 856746015 
83089682 910083880 103860997 910083880 
83089682 910083880 83089682 917462692 
39110477 973728307 45436157 973728307 
39110477 973728307 39110477 986395082 
200803476 795605713 260059339 795605713 
200803476 795605713 200803476 806549538 
267200126 461709209 284168892 461709209 
309179843 439211996 321406191 439211996 
309179843 439211996 309179843 461709209 
353547263 427722642 353547263 449448915 
353547263 427722642 368523719 427722642 
314323064 334334792 323742056 334334792 
353985981 253610986 353985981 284961560 
375712564 206021586 375712564 207663109 
539471338 244699660 539471338 266019322 
539471338 244699660 558918249 244699660 
570290255 185388426 572501578 185388426 
570290255 185388426 570290255 195899212 
613784376 145146871 613784376 168300465 
613784376 145146871 627025177 145146871 
796980472 154523537 796980472 155108190 
902621813 110978918 907197412 110978918 
922162380 100223607 922162380 114683346 
922162380 100223607 943298133 100223607 
884272867 168865339 884272867 246684194 
884272867 168865339 901503266 168865339 
979725994 58039005 989049953 58039005 
986641332 32812971 986641332 33252423 
193242529 609706867 193242529 626996983 
193242529 609706867 205603592 609706867 
319414600 657416612 319414600 658945406 
319414600 657416612 321461976 657416612 
176790231 820167536 176790231 839200064 
115767093 856746015 115859948 856746015 
83089682 917462692 84813403 917462692 
83089682 917462692 83089682 928591476 
39110477 986395082 39110477 992572929 
39110477 986395082 40364805 986395082 
260059339 795605713 260059339 819529335 
260059339 795605713 262065344 795605713 
200803476 806549538 200803476 808624672 
200803476 806549538 210739525 806549538 
309179843 461709209 309179843 479230783 
368523719 427722642 368523719 430906045 
368523719 427722642 383627087 427722642 
323742056 334334792 323742056 341886026 
353985981 284961560 356623745 284961560 
375712564 207663109 375712564 208532497 
375712564 207663109 376588385 207663109 
539471338 266019322 539471338 293947088 
570290255 195899212 570290255 198480453 
627025177 145146871 644805449 145146871 
907197412 110978918 907197412 114683346 
943298133 100223607 963603744 100223607 
884272867 246684194 884272867 300902969 
884272867 246684194 896465139 246684194 
901503266 168865339 907197412 168865339 
193242529 626996983 193242529 640452332 
193242529 626996983 200280218 626996983 
205603592 609706867 205603592 613672139 
205603592 609706867 226570473 609706867 
319414600 658945406 319414600 678433490 
321461976 657416612 321461976 658945406 
321461976 657416612 329177995 657416612 
176790231 839200064 200803476 839200064 
176790231 839200064 176790231 850158257 
115859948 856746015 115859948 858648204 
115859948 856746015 131745589 856746015 
83089682 928591476 83089682 933501792 
83089682 928591476 99058769 928591476 
262065344 795605713 269837563 795605713 
210739525 806549538 210739525 814605257 
309179843 479230783 333208520 479230783 
368523719 430906045 368523719 439780065 
368523719 430906045 370346053 430906045 
383627087 427722642 410604813 427722642 
383627087 427722642 383627087 439780065 
323742056 341886026 327988616 341886026 
356623745 284961560 378004997 284961560 
376588385 207663109 376588385 226248671 
376588385 207663109 410028167 207663109 
539471338 293947088 552789729 293947088 
570290255 198480453 570290255 218992315 
570290255 198480453 589016367 198480453 
644805449 145146871 644805449 157872576 
907197412 114683346 907197412 148567344 
963603744 100223607 963603744 107016987 
884272867 300902969 896465139 300902969 
896465139 246684194 901503266 246684194 
907197412 168865339 907197412 172920159 
193242529 640452332 193242529 650920448 
226570473 609706867 232674195 609706867 
226570473 609706867 226570473 626996983 
319414600 678433490 319414600 686437366 
319414600 678433490 320571300 678433490 
329177995 657416612 336467282 657416612 
200803476 839200064 207994320 839200064 
176790231 850158257 177065763 850158257 
131745589 856746015 131745589 868321739 
131745589 856746015 138856422 856746015 
99058769 928591476 99058769 937373464 
99058769 928591476 107957719 928591476 
269837563 795605713 269837563 801054467 
210739525 814605257 216965757 814605257 
333208520 479230783 333208520 483459778 
410604813 427722642 414922256 427722642 
410604813 427722642 410604813 444976388 
383627087 439780065 383627087 451576487 
327988616 341886026 327988616 360986907 
327988616 341886026 333343651 341886026 
378004997 284961560 378004997 290626521 
376588385 226248671 376588385 241315642 
410028167 207663109 410028167 226248671 
552789729 293947088 552789729 306256141 
552789729 293947088 587402558 293947088 
570290255 218992315 570290255 240579458 
589016367 198480453 620498944 198480453 
644805449 157872576 644805449 189074984 
644805449 157872576 659087617 157872576 
963603744 107016987 963603744 121157629 
963603744 107016987 977424775 107016987 
896465139 300902969 896465139 305947813 
907197412 172920159 919591354 172920159 
193242529 650920448 199956942 650920448 
226570473 626996983 226570473 631150759 
226570473 626996983 243318583 626996983 
319414600 686437366 319414600 693921299 
336467282 657416612 336467282 663720022 
207994320 839200064 211945505 839200064 
131745589 868321739 131745589 880055372 
107957719 928591476 127244208 928591476 
107957719 928591476 107957719 957299327 
216965757 814605257 216965757 821163586 
216965757 814605257 225899442 814605257 
333208520 483459778 344477119 483459778 
414922256 427722642 432033976 427722642 
410604813 444976388 410604813 473449366 
410604813 444976388 412821036 444976388 
333343651 341886026 333343651 346945837 
333343651 341886026 337352085 341886026 
378004997 290626521 391758176 290626521 
378004997 290626521 378004997 322490104 
376588385 241315642 384906324 241315642 
410028167 226248671 410028167 242732824 
552789729 306256141 552789729 314699578 
552789729 306256141 554835244 306256141 
587402558 293947088 616487303 293947088 
570290255 240579458 570290255 244699660 
570290255 240579458 572325589 240579458 
620498944 198480453 620498944 209630228 
644805449 189074984 644805449 209630228 
644805449 189074984 658660725 189074984 
659087617 157872576 674198582 157872576 
977424775 107016987 977424775 115302892 
977424775 107016987 986007726 107016987 
896465139 305947813 896465139 311883239 
919591354 172920159 919591354 174018611 
919591354 172920159 928160342 172920159 
199956942 650920448 202292950 650920448 
226570473 631150759 226570473 632681635 
243318583 626996983 243318583 631150759 
319414600 693921299 321403001 693921299 
336467282 663720022 364915917 663720022 
211945505 839200064 240770642 839200064 
131745589 880055372 132420803 880055372 
127244208 928591476 127244208 932538198 
107957719 957299327 107957719 992978854 
107957719 957299327 128201321 957299327 
344477119 483459778 344477119 486146990 
432033976 427722642 432033976 428588271 
410604813 473449366 410604813 479457517 
333343651 346945837 333343651 349664025 
337352085 341886026 337352085 345125171 
337352085 341886026 346775100 341886026 
391758176 290626521 402091417 290626521 
378004997 322490104 391758176 322490104 
378004997 322490104 378004997 326274162 
384906324 241315642 384906324 253610986 
410028167 242732824 410396228 242732824 
552789729 314699578 552789729 357877316 
616487303 293947088 616487303 313474560 
570290255 244699660 572325589 244699660 
572325589 240579458 575649480 240579458 
644805449 209630228 658660725 209630228 
658660725 189074984 659087617 189074984 
674198582 157872576 674198582 160144439 
977424775 115302892 977424775 127255326 
986007726 107016987 986007726 115302892 
986007726 107016987 994602029 107016987 
896465139 311883239 897214676 311883239 
928160342 172920159 928160342 183045443 
202292950 650920448 202292950 680244624 
243318583 631150759 243318583 647267707 
364915917 663720022 364915917 674958018 
240770642 839200064 240770642 844834313 
132420803 880055372 165990934 880055372 
127244208 932538198 128201321 932538198 
128201321 957299327 128201321 969520192 
128201321 957299327 133833369 957299327 
344477119 486146990 344477119 507375465 
344477119 486146990 355390863 486146990 
432033976 428588271 432033976 442316843 
410604813 479457517 416554191 479457517 
333343651 349664025 333578662 349664025 
346775100 341886026 374274764 341886026 
402091417 290626521 411454444 290626521 
378004997 326274162 378905670 326274162 
384906324 253610986 384906324 257731520 
384906324 253610986 390779672 253610986 
552789729 357877316 557302475 357877316 
616487303 313474560 635328972 313474560 
572325589 244699660 572325589 247771265 
575649480 240579458 575649480 243851436 
575649480 240579458 587402558 240579458 
658660725 209630228 658660725 229230054 
674198582 160144439 678309581 160144439 
977424775 127255326 977424775 134345947 
977424775 127255326 989242823 127255326 
897214676 311883239 916938848 311883239 
928160342 183045443 928739850 183045443 
202292950 680244624 221642785 680244624 
243318583 647267707 245269800 647267707 
364915917 674958018 368440861 674958018 
364915917 674958018 364915917 679180131 
240770642 844834313 240770642 850434507 
240770642 844834313 244609424 844834313 
165990934 880055372 165990934 882755729 
128201321 932538198 140125956 932538198 
128201321 969520192 139293398 969520192 
133833369 957299327 133833369 957788815 
133833369 957299327 150788538 957299327 
344477119 507375465 361061290 507375465 
355390863 486146990 355390863 493913611 
355390863 486146990 363018082 486146990 
432033976 442316843 437224204 442316843 
416554191 479457517 433481961 479457517 
416554191 479457517 416554191 514543446 
374274764 341886026 374274764 343301941 
374274764 341886026 378004997 341886026 
411454444 290626521 411454444 297126055 
390779672 253610986 390779672 272784296 
390779672 253610986 400403048 253610986 
557302475 357877316 557302475 362994768 
557302475 357877316 579900690 357877316 
635328972 313474560 635328972 348393600 
635328972 313474560 640996321 313474560 
658660725 229230054 658660725 284162170 
658660725 229230054 667865627 229230054 
678309581 160144439 705200086 160144439 
989242823 127255326 989242823 159588239 
916938848 311883239 916938848 317548285 
928739850 183045443 928739850 191584984 
928739850 183045443 981808601 183045443 
245269800 647267707 276957559 647267707 
364915917 679180131 364915917 703843638 
364915917 679180131 376331170 679180131 
240770642 850434507 247456971 850434507 
165990934 882755729 165990934 899399056 
165990934 882755729 207994320 882755729 
140125956 932538198 165348614 932538198 
139293398 969520192 139293398 973754868 
361061290 507375465 361061290 516958328 
363018082 486146990 371663519 486146990 
437224204 442316843 437224204 465784203 
416554191 514543446 420301100 514543446 
416554191 514543446 416554191 528169028 
374274764 343301941 374274764 351838485 
378004997 341886026 378004997 343301941 
411454444 297126055 429102779 297126055 
400403048 253610986 406258150 253610986 
579900690 357877316 595349143 357877316 
658660725 284162170 658660725 293181995 
667865627 229230054 667865627 235390925 
667865627 229230054 681035925 229230054 
705200086 160144439 705200086 175888559 
989242823 159588239 998215748 159588239 
916938848 317548285 916938848 328639222 
916938848 317548285 948713277 317548285 
928739850 191584984 928739850 236027055 
276957559 647267707 276957559 668646678 
364915917 703843638 372638450 703843638 
376331170 679180131 376331170 679321228 
376331170 679180131 381507486 679180131 
247456971 850434507 247456971 853469319 
207994320 882755729 207994320 888551503 
207994320 882755729 233090653 882755729 
165348614 932538198 165348614 936900924 
139293398 973754868 139293398 992419889 
139293398 973754868 148349791 973754868 
361061290 516958328 361061290 539806580 
361061290 516958328 363470988 516958328 
371663519 486146990 371663519 487765102 
437224204 465784203 448309708 465784203 
416554191 528169028 416816896 528169028 
416554191 528169028 416554191 535633546 
374274764 351838485 374274764 357729272 
374274764 351838485 378004997 351838485 
429102779 297126055 429102779 309459462 
406258150 253610986 406258150 255036635 
595349143 357877316 595349143 359443904 
658660725 293181995 660193414 293181995 
681035925 229230054 682905200 229230054 
681035925 229230054 681035925 237061626 
705200086 175888559 705200086 190466249 
916938848 328639222 916938848 355621680 
948713277 317548285 948713277 328639222 
928739850 236027055 928739850 246684194 
928739850 236027055 932928486 236027055 
276957559 668646678 276957559 706016212 
276957559 668646678 288886685 668646678 
372638450 703843638 372638450 709754061 
372638450 703843638 428166965 703843638 
381507486 679180131 381507486 679615050 
381507486 679180131 389777078 679180131 
247456971 853469319 247456971 860623544 
247456971 853469319 250476339 853469319 
165348614 936900924 165348614 952049630 
165348614 936900924 173588071 936900924 
139293398 992419889 148349791 992419889 
148349791 973754868 165348614 973754868 
361061290 539806580 361061290 571546230 
448309708 465784203 448309708 473880372 
416554191 535633546 416554191 535682821 
416554191 535633546 428343146 535633546 
374274764 357729272 375318168 357729272 
374274764 357729272 374274764 378993345 
378004997 351838485 379755804 351838485 
429102779 309459462 429102779 344966700 
406258150 255036635 414745581 255036635 
595349143 359443904 598799045 359443904 
595349143 359443904 595349143 390707370 
660193414 293181995 686123073 293181995 
681035925 237061626 681035925 240499221 
681035925 237061626 692575262 237061626 
705200086 190466249 705378629 190466249 
916938848 355621680 920937799 355621680 
948713277 328639222 948713277 338941056 
948713277 328639222 957147998 328639222 
928739850 246684194 932928486 246684194 
932928486 236027055 969238302 236027055 
276957559 706016212 276957559 720645860 
372638450 709754061 372638450 711087416 
428166965 703843638 428166965 709754061 
247456971 860623544 247456971 873981453 
173588071 936900924 224588762 936900924 
165348614 973754868 165348614 979790760 
361061290 571546230 382179440 571546230 
448309708 473880372 450739029 473880372 
375318168 357729272 379540966 357729272 
374274764 378993345 374274764 397113203 
374274764 378993345 383530031 378993345 
429102779 344966700 429918551 344966700 
414745581 255036635 414745581 263340186 
595349143 390707370 595349143 409267305 
595349143 390707370 606948334 390707370 
686123073 293181995 686123073 303937091 
681035925 240499221 681035925 256630917 
692575262 237061626 707121399 237061626 
705378629 190466249 727944305 190466249 
920937799 355621680 920937799 356643618 
948713277 338941056 975295196 338941056 
932928486 246684194 932928486 268365438 
276957559 720645860 283492077 720645860 
372638450 711087416 375386100 711087416 
372638450 711087416 372638450 728151136 
428166965 709754061 435441686 709754061 
247456971 873981453 253354537 873981453 
224588762 936900924 224588762 946152497 
165348614 979790760 176515244 979790760 
382179440 571546230 390715634 571546230 
382179440 571546230 382179440 595995629 
450739029 473880372 470263790 473880372 
379540966 357729272 379540966 359547929 
374274764 397113203 374274764 411462965 
383530031 378993345 386905084 378993345 
429918551 344966700 429918551 369984486 
429918551 344966700 454771654 344966700 
414745581 263340186 414745581 267422214 
414745581 263340186 418883079 263340186 
606948334 390707370 625914545 390707370 
686123073 303937091 690753408 303937091 
681035925 256630917 681073426 256630917 
707121399 237061626 707121399 245871505 
727944305 190466249 727944305 201051572 
920937799 356643618 929299748 356643618 
920937799 356643618 920937799 365849617 
975295196 338941056 975295196 341208911 
932928486 268365438 932928486 300982012 
932928486 268365438 937729734 268365438 
283492077 720645860 288163907 720645860 
283492077 720645860 283492077 767939791 
372638450 728151136 372638450 744313617 
372638450 728151136 376077919 728151136 
435441686 709754061 435441686 739827517 
435441686 709754061 442536312 709754061 
253354537 873981453 253354537 885723414 
253354537 873981453 255916708 873981453 
224588762 946152497 225743809 946152497 
224588762 946152497 224588762 952268305 
176515244 979790760 176515244 983059909 
176515244 979790760 186967628 979790760 
382179440 595995629 382179440 597623869 
470263790 473880372 470263790 478211647 
374274764 411462965 374609740 411462965 
386905084 378993345 386905084 382307706 
429918551 369984486 429918551 375840793 
454771654 344966700 454771654 358178876 
454771654 344966700 463453165 344966700 
418883079 263340186 418883079 266804572 
625914545 390707370 625914545 409267305 
625914545 390707370 647933317 390707370 
690753408 303937091 690753408 307786982 
727944305 201051572 727944305 212171400 
727944305 201051572 741915424 201051572 
920937799 365849617 920937799 374238223 
920937799 365849617 921084280 365849617 
937729734 268365438 970224570 268365438 
283492077 767939791 283492077 779278965 
283492077 767939791 293947823 767939791 
376077919 728151136 398846443 728151136 
435441686 739827517 450095700 739827517 
435441686 739827517 435441686 750942896 
442536312 709754061 442536312 715284279 
442536312 709754061 470963139 709754061 
255916708 873981453 266252464 873981453 
224588762 952268305 224588762 971197846 
224588762 952268305 228792621 952268305 
176515244 983059909 176515244 992381551 
186967628 979790760 195115407 979790760 
382179440 597623869 404309169 597623869 
382179440 597623869 382179440 620013517 
470263790 478211647 470263790 501009972 
470263790 478211647 474896723 478211647 
429918551 375840793 432307582 375840793 
463453165 344966700 463453165 352814202 
463453165 344966700 471970141 344966700 
418883079 266804572 422167850 266804572 
625914545 409267305 625914545 420991578 
647933317 390707370 647933317 390926863 
690753408 307786982 690753408 323644193 
741915424 201051572 779803820 201051572 
741915424 201051572 741915424 208374549 
920937799 374238223 933990612 374238223 
970224570 268365438 970224570 269273825 
293947823 767939791 309573058 767939791 
293947823 767939791 293947823 773407724 
398846443 728151136 398846443 739827517 
450095700 739827517 481200352 739827517 
435441686 750942896 439497608 750942896 
435441686 750942896 435441686 776620815 
470963139 709754061 470963139 714165764 
266252464 873981453 266252464 874173372 
224588762 971197846 224588762 985099190 
176515244 992381551 178740387 992381551 
195115407 979790760 195115407 981520069 
404309169 597623869 408358799 597623869 
382179440 620013517 382179440 629941291 
382179440 620013517 404309169 620013517 
470263790 501009972 470263790 561950832 
432307582 375840793 432307582 388160849 
471970141 344966700 471970141 370082027 
422167850 266804572 439598199 266804572 
625914545 420991578 625914545 455457326 
625914545 420991578 627107285 420991578 
647933317 390926863 647933317 394575640 
647933317 390926863 672336805 390926863 
690753408 323644193 699415106 323644193 
741915424 208374549 745472618 208374549 
741915424 208374549 741915424 241498456 
933990612 374238223 933990612 377191460 
970224570 269273825 970224570 282558773 
970224570 269273825 984284570 269273825 
309573058 767939791 326359674 767939791 
293947823 773407724 296751490 773407724 
293947823 773407724 293947823 787292194 
398846443 739827517 398846443 742168482 
481200352 739827517 481200352 740155551 
435441686 776620815 435441686 798498421 
435441686 776620815 435499712 776620815 
470963139 714165764 475115858 714165764 
266252464 874173372 266252464 904032362 
224588762 985099190 235741088 985099190 
408358799 597623869 408358799 600568895 
408358799 597623869 425803804 597623869 
404309169 620013517 404309169 633103705 
470263790 561950832 470629211 561950832 
432307582 388160849 434233422 388160849 
471970141 370082027 483914767 370082027 
439598199 266804572 439598199 268729795 
672336805 390926863 672336805 402659562 
699415106 323644193 712898223 323644193 
741915424 241498456 741915424 252809687 
741915424 241498456 764516484 241498456 
984284570 269273825 997304682 269273825 
984284570 269273825 984284570 282558773 
326359674 767939791 359932478 767939791 
293947823 787292194 293947823 788291440 
293947823 787292194 300448138 787292194 
481200352 740155551 481200352 749442398 
435441686 798498421 445144691 798498421 
266252464 904032362 271153182 904032362 
235741088 985099190 235741088 995952038 
235741088 985099190 261985757 985099190 
425803804 597623869 425803804 612942438 
404309169 633103705 407452426 633103705 
470629211 561950832 490630380 561950832 
434233422 388160849 434233422 405531024 
483914767 370082027 483914767 381252469 
439598199 268729795 439598199 273206562 
672336805 402659562 673430445 402659562 
712898223 323644193 712898223 332977184 
741915424 252809687 741915424 282618537 
764516484 241498456 764516484 245901475 
984284570 282558773 984284570 287598781 
359932478 767939791 359932478 784911831 
293947823 788291440 293947823 811115092 
300448138 787292194 300448138 788291440 
300448138 787292194 309573058 787292194 
481200352 749442398 486505982 749442398 
445144691 798498421 445144691 805660749 
271153182 904032362 271153182 916780921 
261985757 985099190 277014054 985099190 
425803804 612942438 437617844 612942438 
407452426 633103705 407452426 652178960 
407452426 633103705 409721388 633103705 
490630380 561950832 490630380 568127526 
434233422 405531024 438406970 405531024 
483914767 381252469 487685965 381252469 
439598199 273206562 456598677 273206562 
673430445 402659562 673430445 412210509 
673430445 402659562 691188025 402659562 
712898223 332977184 712898223 353757759 
741915424 282618537 745350490 282618537 
764516484 245901475 766082598 245901475 
984284570 287598781 984284570 300091504 
984284570 287598781 995599511 287598781 
359932478 784911831 359932478 790155763 
359932478 784911831 381183060 784911831 
293947823 811115092 300473831 811115092 
309573058 787292194 312898318 787292194 
486505982 749442398 486505982 764322308 
445144691 805660749 445144691 813929261 
445144691 805660749 469404955 805660749 
271153182 916780921 277580472 916780921 
277014054 985099190 277014054 999467645 
437617844 612942438 451565008 612942438 
409721388 633103705 428166965 633103705 
490630380 568127526 490630380 585657140 
490630380 568127526 518472109 568127526 
487685965 381252469 487685965 402265002 
487685965 381252469 529543856 381252469 
456598677 273206562 456598677 273974394 
673430445 412210509 673430445 438433032 
691188025 402659562 695137386 402659562 
712898223 353757759 721933456 353757759 
745350490 282618537 745350490 298717015 
745350490 282618537 765251490 282618537 
766082598 245901475 766082598 257102389 
766082598 245901475 798891046 245901475 
359932478 790155763 359932478 806724464 
300473831 811115092 300473831 816651944 
312898318 787292194 312898318 789550398 
486505982 764322308 499685179 764322308 
445144691 813929261 445144691 826941108 
469404955 805660749 469404955 821100020 
469404955 805660749 495230805 805660749 
277580472 916780921 288932884 916780921 
277580472 916780921 277580472 937277528 
451565008 612942438 451565008 617489222 
428166965 633103705 428166965 636212175 
490630380 585657140 490630380 592680586 
518472109 568127526 554620337 568127526 
487685965 402265002 487685965 426088187 
673430445 438433032 683963178 438433032 
695137386 402659562 695137386 404530246 
721933456 353757759 721933456 361567087 
745350490 298717015 745350490 310965806 
765251490 282618537 779881763 282618537 
359932478 806724464 359932478 823138547 
359932478 806724464 381183060 806724464 
300473831 816651944 313585127 816651944 
300473831 816651944 300473831 847328061 
312898318 789550398 322309854 789550398 
499685179 764322308 499685179 775457975 
499685179 764322308 524665524 764322308 
445144691 826941108 447102889 826941108 
469404955 821100020 469404955 834576927 
469404955 821100020 476610331 821100020 
495230805 805660749 515828050 805660749 
495230805 805660749 495230805 806365898 
277580472 937277528 277580472 942845543 
277580472 937277528 291702506 937277528 
428166965 636212175 428166965 643254683 
428166965 636212175 442536312 636212175 
490630380 592680586 492150037 592680586 
554620337 568127526 554620337 592239554 
487685965 426088187 493837310 426088187 
683963178 438433032 704507336 438433032 
683963178 438433032 683963178 452252113 
695137386 404530246 727566684 404530246 
721933456 361567087 727020078 361567087 
745350490 310965806 757220620 310965806 
779881763 282618537 779881763 289052860 
359932478 823138547 365078353 823138547 
381183060 806724464 402259643 806724464 
300473831 847328061 300473831 857904342 
300473831 847328061 313585127 847328061 
322309854 789550398 322309854 794161571 
447102889 826941108 447102889 857174555 
447102889 826941108 448059814 826941108 
469404955 834576927 469404955 842439202 
495230805 806365898 495230805 811441935 
495230805 806365898 495886320 806365898 
291702506 937277528 291702506 950326898 
291702506 937277528 300700108 937277528 
442536312 636212175 445528003 636212175 
442536312 636212175 442536312 643254683 
492150037 592680586 516691980 592680586 
554620337 592239554 554620337 630791045 
554620337 592239554 555970030 592239554 
493837310 426088187 511969159 426088187 
493837310 426088187 493837310 456688211 
683963178 452252113 683963178 462910063 
683963178 452252113 684583621 452252113 
727566684 404530246 727566684 421992328 
727020078 361567087 766444612 361567087 
779881763 289052860 802554554 289052860 
365078353 823138547 373983842 823138547 
300473831 857904342 300473831 882607578 
313585127 847328061 324800107 847328061 
469404955 842439202 472329660 842439202 
300700108 937277528 300700108 941677983 
445528003 636212175 461103814 636212175 
442536312 643254683 445528003 643254683 
516691980 592680586 516691980 596059264 
555970030 592239554 580908738 592239554 
511969159 426088187 532303329 426088187 
493837310 456688211 493837310 462289056 
493837310 456688211 502072079 456688211 
683963178 462910063 692865903 462910063 
727566684 421992328 727566684 432655786 
766444612 361567087 766444612 371637693 
802554554 289052860 802554554 300902969 
373983842 823138547 373983842 823744149 
300473831 882607578 300588877 882607578 
472329660 842439202 472329660 850443223 
472329660 842439202 500494477 842439202 
300700108 941677983 301297135 941677983 
461103814 636212175 461103814 640300578 
461103814 636212175 468080179 636212175 
445528003 643254683 445528003 645358044 
516691980 596059264 516691980 601040776 
580908738 592239554 580908738 605620833 
532303329 426088187 532303329 430602003 
502072079 456688211 504858605 456688211 
692865903 462910063 692865903 465966367 
727566684 432655786 728992529 432655786 
766444612 371637693 766444612 373210065 
766444612 371637693 769737403 371637693 
802554554 300902969 824942349 300902969 
802554554 300902969 802554554 331367834 
373983842 823744149 385872671 823744149 
373983842 823744149 373983842 851503276 
472329660 850443223 472329660 874452010 
500494477 842439202 536536312 842439202 
301297135 941677983 301297135 943456963 
301297135 941677983 318354669 941677983 
468080179 636212175 495479294 636212175 
445528003 645358044 445528003 647598792 
445528003 645358044 447556906 645358044 
516691980 601040776 520014304 601040776 
580908738 605620833 580908738 656160060 
532303329 430602003 532303329 451737073 
532303329 430602003 560233232 430602003 
504858605 456688211 504858605 459137057 
692865903 465966367 693626827 465966367 
692865903 465966367 692865903 470726186 
728992529 432655786 728992529 447132282 
769737403 371637693 769737403 411557579 
802554554 331367834 802554554 347297208 
802554554 331367834 828802098 331367834 
373983842 851503276 373983842 857262534 
373983842 851503276 392362772 851503276 
472329660 874452010 473524360 874452010 
536536312 842439202 536536312 866274686 
318354669 941677983 336748616 941677983 
495479294 636212175 495479294 642556757 
445528003 647598792 445528003 654057057 
580908738 656160060 595910389 656160060 
532303329 451737073 532303329 476087251 
560233232 430602003 582349490 430602003 
504858605 459137057 504858605 487592400 
693626827 465966367 700181880 465966367 
692865903 470726186 693626827 470726186 
692865903 470726186 692865903 509313536 
728992529 447132282 732494884 447132282 
769737403 411557579 770752434 411557579 
802554554 347297208 804277677 347297208 
802554554 347297208 802554554 356737057 
828802098 331367834 828802098 350755241 
828802098 331367834 843328198 331367834 
373983842 857262534 373983842 883611088 
392362772 851503276 392362772 853698322 
392362772 851503276 413476279 851503276 
473524360 874452010 488186065 874452010 
536536312 866274686 536536312 882048832 
536536312 866274686 538100659 866274686 
336748616 941677983 336748616 946244913 
495479294 642556757 495479294 667483688 
495479294 642556757 511270223 642556757 
445528003 654057057 448942438 654057057 
595910389 656160060 595910389 657992313 
595910389 656160060 615100135 656160060 
532303329 476087251 538484547 476087251 
582349490 430602003 582349490 449492314 
504858605 487592400 505881639 487592400 
700181880 465966367 723263406 465966367 
700181880 465966367 700181880 470726186 
692865903 509313536 692865903 514160685 
692865903 509313536 708366350 509313536 
770752434 411557579 779030886 411557579 
802554554 356737057 802554554 366703704 
802554554 356737057 806835438 356737057 
828802098 350755241 828802098 355621680 
373983842 883611088 374366434 883611088 
488186065 874452010 488186065 885442812 
336748616 946244913 368962918 946244913 
336748616 946244913 336748616 988020711 
511270223 642556757 511270223 657038748 
448942438 654057057 448942438 663011251 
448942438 654057057 455026349 654057057 
615100135 656160060 621227229 656160060 
615100135 656160060 615100135 657992313 
538484547 476087251 538484547 515557040 
538484547 476087251 546793419 476087251 
723263406 465966367 737648562 465966367 
700181880 470726186 700181880 473498714 
692865903 514160685 692865903 525781445 
779030886 411557579 779030886 415809957 
828802098 355621680 832250434 355621680 
374366434 883611088 374366434 909839108 
488186065 885442812 488186065 902588511 
488186065 885442812 499594922 885442812 
368962918 946244913 368962918 973428344 
336748616 988020711 336748616 998904627 
336748616 988020711 355470244 988020711 
511270223 657038748 517506870 657038748 
621227229 656160060 651242498 656160060 
615100135 657992313 615100135 673055526 
546793419 476087251 546793419 478218025 
546793419 476087251 558401416 476087251 
737648562 465966367 737648562 479484842 
692865903 525781445 694337294 525781445 
779030886 415809957 779030886 426832895 
779030886 415809957 802865443 415809957 
832250434 355621680 832250434 383751179 
832250434 355621680 872013971 355621680 
374366434 909839108 398008447 909839108 
488186065 902588511 514967752 902588511 
368962918 973428344 395854581 973428344 
517506870 657038748 530134616 657038748 
651242498 656160060 651242498 664531656 
615100135 673055526 615100135 717707325 
558401416 476087251 558401416 483605467 
558401416 476087251 559335033 476087251 
737648562 479484842 763907153 479484842 
737648562 479484842 737648562 501342430 
694337294 525781445 694337294 527824196 
694337294 525781445 699787083 525781445 
832250434 383751179 832250434 415520040 
872013971 355621680 872013971 374875889 
872013971 355621680 883270063 355621680 
398008447 909839108 437796902 909839108 
514967752 902588511 514967752 920733689 
395854581 973428344 395854581 999988292 
530134616 657038748 530134616 659451381 
651242498 664531656 651242498 669156915 
615100135 717707325 639711715 717707325 
558401416 483605467 571639175 483605467 
763907153 479484842 763907153 490779006 
763907153 479484842 796551079 479484842 
737648562 501342430 740388554 501342430 
699787083 525781445 699787083 543334425 
832250434 415520040 837271173 415520040 
872013971 374875889 872013971 405879112 
437796902 909839108 437796902 942280076 
514967752 920733689 545399539 920733689 
395854581 999988292 416020095 999988292 
530134616 659451381 530134616 702057295 
530134616 659451381 532908749 659451381 
651242498 669156915 652669707 669156915 
639711715 717707325 639711715 764327385 
639711715 717707325 669946794 717707325 
571639175 483605467 571639175 490273799 
763907153 490779006 763907153 493288197 
763907153 490779006 769306321 490779006 
796551079 479484842 796551079 490779006 
796551079 479484842 798226067 479484842 
699787083 543334425 737648562 543334425 
699787083 543334425 699787083 547699004 
837271173 415520040 843241988 415520040 
837271173 415520040 837271173 415809957 
872013971 405879112 873916446 405879112 
437796902 942280076 470994901 942280076 
437796902 942280076 437796902 956958621 
545399539 920733689 545399539 930996249 
530134616 702057295 549621084 702057295 
669946794 717707325 669946794 743350634 
571639175 490273799 572869686 490273799 
571639175 490273799 571639175 496311790 
769306321 490779006 769306321 499960298 
769306321 490779006 779512035 490779006 
796551079 490779006 819778901 490779006 
737648562 543334425 737648562 576836831 
699787083 547699004 702007985 547699004 
843241988 415520040 843241988 417738675 
843241988 415520040 851541249 415520040 
837271173 415809957 837271173 445615854 
873916446 405879112 913986398 405879112 
470994901 942280076 487818057 942280076 
437796902 956958621 439921538 956958621 
437796902 956958621 437796902 971890401 
549621084 702057295 549621084 708382861 
669946794 743350634 694195869 743350634 
572869686 490273799 608628618 490273799 
571639175 496311790 571639175 504275050 
571639175 496311790 572869686 496311790 
769306321 499960298 769306321 524195048 
779512035 490779006 779512035 494822554 
819778901 490779006 819778901 513177487 
737648562 576836831 745596718 576836831 
837271173 445615854 837271173 450012714 
837271173 445615854 851541249 445615854 
913986398 405879112 913986398 414647807 
487818057 942280076 487818057 951473662 
437796902 971890401 437796902 981801973 
437796902 971890401 440242101 971890401 
549621084 708382861 549621084 732877252 
694195869 743350634 694195869 745302493 
694195869 743350634 719428591 743350634 
608628618 490273799 608628618 512162223 
571639175 504275050 571639175 516509942 
769306321 524195048 771241531 524195048 
819778901 513177487 819778901 531073088 
819778901 513177487 823494085 513177487 
745596718 576836831 745596718 594808862 
851541249 445615854 861730885 445615854 
913986398 414647807 913986398 425113852 
913986398 414647807 931614739 414647807 
487818057 951473662 501871540 951473662 
487818057 951473662 487818057 973974770 
440242101 971890401 440242101 973651016 
440242101 971890401 444259358 971890401 
549621084 732877252 552042547 732877252 
694195869 745302493 694195869 763769729 
719428591 743350634 719428591 745302493 
608628618 512162223 620290911 512162223 
571639175 516509942 577789522 516509942 
771241531 524195048 779991745 524195048 
771241531 524195048 771241531 533515541 
823494085 513177487 839104240 513177487 
745596718 594808862 746677104 594808862 
861730885 445615854 880728507 445615854 
861730885 445615854 861730885 467059348 
931614739 414647807 951456019 414647807 
487818057 973974770 487818057 996005495 
487818057 973974770 495510978 973974770 
444259358 971890401 444259358 973936331 
444259358 971890401 446371514 971890401 
552042547 732877252 552042547 736108477 
552042547 732877252 555385770 732877252 
694195869 763769729 701411984 763769729 
719428591 745302493 723780984 745302493 
620290911 512162223 620290911 525415471 
620290911 512162223 648046492 512162223 
577789522 516509942 577789522 538758124 
779991745 524195048 785830667 524195048 
771241531 533515541 771241531 535735188 
771241531 533515541 779991745 533515541 
839104240 513177487 839104240 527346055 
746677104 594808862 746677104 599310513 
746677104 594808862 755592121 594808862 
880728507 445615854 911491417 445615854 
861730885 467059348 880728507 467059348 
861730885 467059348 861730885 489197529 
951456019 414647807 951456019 425619111 
495510978 973974770 495510978 979040520 
446371514 971890401 455823033 971890401 
552042547 736108477 552042547 744989370 
701411984 763769729 701411984 766096666 
648046492 512162223 648046492 529761685 
577789522 538758124 591670293 538758124 
785830667 524195048 796744280 524195048 
779991745 533515541 779991745 544718591 
746677104 599310513 746677104 601090205 
755592121 594808862 755592121 599310513 
755592121 594808862 782161098 594808862 
911491417 445615854 930527551 445615854 
880728507 467059348 880728507 470846808 
880728507 467059348 881370985 467059348 
861730885 489197529 875044891 489197529 
861730885 489197529 861730885 499325454 
951456019 425619111 963670649 425619111 
951456019 425619111 951456019 434641748 
495510978 979040520 498628785 979040520 
455823033 971890401 455823033 972098344 
552042547 744989370 553648043 744989370 
701411984 766096666 701411984 783978073 
648046492 529761685 660788070 529761685 
591670293 538758124 600349024 538758124 
591670293 538758124 591670293 565728766 
796744280 524195048 796744280 524396474 
779991745 544718591 782619086 544718591 
782161098 594808862 782161098 621932560 
782161098 594808862 799677629 594808862 
930527551 445615854 930527551 447275979 
861730885 499325454 862339410 499325454 
861730885 499325454 861730885 502798378 
951456019 434641748 954871455 434641748 
951456019 434641748 951456019 438269105 
498628785 979040520 498628785 984003519 
498628785 979040520 507779950 979040520 
553648043 744989370 567429888 744989370 
553648043 744989370 553648043 769261269 
701411984 783978073 708553821 783978073 
591670293 565728766 591670293 585673404 
591670293 565728766 612137992 565728766 
782619086 544718591 782619086 544830149 
782619086 544718591 790974631 544718591 
782161098 621932560 782161098 636826093 
799677629 594808862 799677629 610549342 
799677629 594808862 802988326 594808862 
861730885 502798378 892364438 502798378 
861730885 502798378 861730885 512099475 
951456019 438269105 951456019 446897974 
951456019 438269105 960741899 438269105 
507779950 979040520 545683028 979040520 
553648043 769261269 553648043 781071311 
553648043 769261269 571404759 769261269 
612137992 565728766 612137992 582788019 
612137992 565728766 633845779 565728766 
782161098 636826093 787001405 636826093 
802988326 594808862 838296325 594808862 
861730885 512099475 861730885 534720994 
861730885 512099475 867339985 512099475 
960741899 438269105 960741899 469571681 
960741899 438269105 988971582 438269105 
545683028 979040520 545683028 990535518 
571404759 769261269 571404759 781071311 
571404759 769261269 599873197 769261269 
633845779 565728766 635102362 565728766 
633845779 565728766 633845779 571928603 
787001405 636826093 798069377 636826093 
838296325 594808862 838296325 606268052 
861730885 534720994 877293601 534720994 
960741899 469571681 960741899 495752393 
988971582 438269105 988971582 441400173 
988971582 438269105 997284488 438269105 
545683028 990535518 545683028 999983673 
545683028 990535518 550577800 990535518 
571404759 781071311 571404759 792968619 
599873197 769261269 604745108 769261269 
599873197 769261269 599873197 779752074 
633845779 571928603 633845779 596821138 
633845779 571928603 668575578 571928603 
798069377 636826093 798069377 645317047 
838296325 606268052 838296325 620953483 
838296325 606268052 840335343 606268052 
877293601 534720994 877293601 543739462 
960741899 495752393 973407259 495752393 
571404759 792968619 571404759 807788534 
599873197 779752074 599873197 792968619 
599873197 779752074 604745108 779752074 
633845779 596821138 652145295 596821138 
668575578 571928603 668575578 594247369 
798069377 645317047 807858910 645317047 
798069377 645317047 798069377 667680566 
838296325 620953483 838296325 640273434 
877293601 543739462 877293601 557181083 
877293601 543739462 904982872 543739462 
973407259 495752393 973407259 495961235 
973407259 495752393 998074794 495752393 
571404759 807788534 576078194 807788534 
571404759 807788534 571404759 839821836 
604745108 779752074 614214438 779752074 
652145295 596821138 652145295 596873952 
668575578 594247369 676533131 594247369 
798069377 667680566 817769906 667680566 
798069377 667680566 798069377 675599856 
838296325 640273434 838610488 640273434 
904982872 543739462 924312836 543739462 
904982872 543739462 904982872 574702085 
998074794 495752393 998074794 523123782 
998074794 495752393 999948036 495752393 
571404759 839821836 571404759 859042205 
571404759 839821836 591365094 839821836 
614214438 779752074 624524181 779752074 
614214438 779752074 614214438 802680640 
676533131 594247369 686809709 594247369 
676533131 594247369 676533131 608769941 
798069377 675599856 798069377 683583150 
798069377 675599856 801813153 675599856 
838610488 640273434 838610488 653126858 
838610488 640273434 863992841 640273434 
904982872 574702085 904982872 578262158 
904982872 574702085 909617262 574702085 
571404759 859042205 580537952 859042205 
624524181 779752074 665656621 779752074 
614214438 802680640 614214438 820165581 
614214438 802680640 632443684 802680640 
686809709 594247369 688405559 594247369 
676533131 608769941 676533131 611665601 
676533131 608769941 686809709 608769941 
798069377 683583150 798069377 705805639 
838610488 653126858 838610488 678724654 
863992841 640273434 868207908 640273434 
909617262 574702085 952405670 574702085 
909617262 574702085 909617262 589010640 
580537952 859042205 580537952 861919762 
665656621 779752074 665656621 781907824 
614214438 820165581 625630956 820165581 
686809709 608769941 686809709 636058252 
686809709 608769941 687610719 608769941 
798069377 705805639 799389170 705805639 
838610488 678724654 863992841 678724654 
838610488 678724654 838610488 694493904 
952405670 574702085 967218598 574702085 
909617262 589010640 909617262 590719360 
909617262 589010640 919197456 589010640 
580537952 861919762 580537952 900988550 
580537952 861919762 586535477 861919762 
625630956 820165581 625630956 824944647 
686809709 636058252 686809709 654571808 
799389170 705805639 799389170 729455783 
799389170 705805639 804757150 705805639 
863992841 678724654 863992841 688691056 
863992841 678724654 893014922 678724654 
838610488 694493904 849050691 694493904 
967218598 574702085 967218598 584353913 
909617262 590719360 909617262 605620302 
919197456 589010640 919197456 589254890 
919197456 589010640 924107719 589010640 
580537952 900988550 583326491 900988550 
625630956 824944647 656522838 824944647 
625630956 824944647 625630956 833936669 
686809709 654571808 697967610 654571808 
799389170 729455783 799389170 760853688 
804757150 705805639 822400962 705805639 
863992841 688691056 863992841 699353160 
863992841 688691056 864244421 688691056 
893014922 678724654 897996567 678724654 
893014922 678724654 893014922 689390673 
849050691 694493904 849050691 705801544 
967218598 584353913 989071907 584353913 
909617262 605620302 910097997 605620302 
583326491 900988550 583326491 901926362 
656522838 824944647 656522838 829904767 
656522838 824944647 681245465 824944647 
625630956 833936669 625630956 839322664 
625630956 833936669 630626286 833936669 
697967610 654571808 697967610 679961389 
697967610 654571808 714297972 654571808 
799389170 760853688 808035337 760853688 
822400962 705805639 822400962 712386241 
863992841 699353160 863992841 731457297 
893014922 689390673 893014922 695115185 
893014922 689390673 901435216 689390673 
849050691 705801544 852526799 705801544 
989071907 584353913 989071907 598470421 
910097997 605620302 922897510 605620302 
910097997 605620302 910097997 625137753 
583326491 901926362 590800162 901926362 
681245465 824944647 738108367 824944647 
625630956 839322664 625630956 847409725 
697967610 679961389 697967610 683814050 
714297972 654571808 733982088 654571808 
714297972 654571808 714297972 670112181 
808035337 760853688 836096036 760853688 
808035337 760853688 808035337 790104641 
863992841 731457297 870647303 731457297 
893014922 695115185 893014922 706406247 
910097997 625137753 910097997 627866465 
910097997 625137753 949753816 625137753 
590800162 901926362 590800162 906899346 
738108367 824944647 738108367 837187181 
625630956 847409725 625832260 847409725 
697967610 683814050 698308681 683814050 
733982088 654571808 740529230 654571808 
714297972 670112181 714297972 674960001 
714297972 670112181 726360704 670112181 
808035337 790104641 808035337 799259927 
808035337 790104641 821184820 790104641 
870647303 731457297 870647303 765696554 
870647303 731457297 885463811 731457297 
893014922 706406247 896355882 706406247 
910097997 627866465 910097997 656028339 
590800162 906899346 602414415 906899346 
590800162 906899346 590800162 923302937 
625832260 847409725 631878167 847409725 
625832260 847409725 625832260 870929126 
698308681 683814050 698308681 692861570 
740529230 654571808 740529230 658440621 
726360704 670112181 726360704 678448772 
726360704 670112181 736813330 670112181 
821184820 790104641 821184820 794467128 
896355882 706406247 896355882 715407652 
896355882 706406247 908253274 706406247 
910097997 656028339 920035627 656028339 
590800162 923302937 591379345 923302937 
590800162 923302937 590800162 925041966 
631878167 847409725 631878167 847651313 
631878167 847409725 649326452 847409725 
625832260 870929126 625832260 877472257 
625832260 870929126 650421326 870929126 
698308681 692861570 698308681 717707325 
698308681 692861570 699180314 692861570 
740529230 658440621 740529230 660554956 
740529230 658440621 765679183 658440621 
821184820 794467128 824869917 794467128 
908253274 706406247 908253274 721269178 
920035627 656028339 920035627 658770194 
920035627 656028339 944379993 656028339 
590800162 925041966 590800162 945130958 
590800162 925041966 615826339 925041966 
650421326 870929126 650421326 899481554 
650421326 870929126 657299228 870929126 
698308681 717707325 699180314 717707325 
699180314 692861570 706262272 692861570 
824869917 794467128 824869917 826770444 
824869917 794467128 853601412 794467128 
908253274 721269178 921269278 721269178 
920035627 658770194 920035627 674978856 
944379993 656028339 944379993 692335731 
590800162 945130958 590800162 975720661 
657299228 870929126 657299228 872406887 
657299228 870929126 668439353 870929126 
706262272 692861570 706262272 693214601 
706262272 692861570 719428591 692861570 
824869917 826770444 853601412 826770444 
853601412 794467128 870647303 794467128 
921269278 721269178 922226330 721269178 
921269278 721269178 921269278 731457297 
920035627 674978856 921230467 674978856 
944379993 692335731 956104381 692335731 
590800162 975720661 591661318 975720661 
668439353 870929126 680536351 870929126 
719428591 692861570 719428591 698450151 
719428591 692861570 728449275 692861570 
853601412 826770444 882284335 826770444 
853601412 826770444 853601412 842207735 
870647303 794467128 870647303 795161452 
921269278 731457297 921269278 736143460 
956104381 692335731 956104381 714954424 
591661318 975720661 620618495 975720661 
680536351 870929126 680536351 874028502 
719428591 698450151 723780984 698450151 
882284335 826770444 884774107 826770444 
853601412 842207735 864752912 842207735 
853601412 842207735 853601412 859271057 
870647303 795161452 881386148 795161452 
921269278 736143460 938971207 736143460 
956104381 714954424 975070512 714954424 
620618495 975720661 620618495 982719393 
680536351 874028502 680536351 892940756 
680536351 874028502 687156118 874028502 
723780984 698450151 723780984 709631598 
884774107 826770444 902268251 826770444 
853601412 859271057 882284335 859271057 
853601412 859271057 853601412 868732582 
881386148 795161452 915428683 795161452 
938971207 736143460 938971207 742096214 
620618495 982719393 620618495 988838908 
620618495 982719393 638405459 982719393 
680536351 892940756 680536351 929845711 
687156118 874028502 720369446 874028502 
723780984 709631598 728449275 709631598 
902268251 826770444 902268251 828136327 
882284335 859271057 896929705 859271057 
853601412 868732582 853601412 888699237 
853601412 868732582 855060263 868732582 
915428683 795161452 915428683 798846254 
938971207 742096214 949383883 742096214 
620618495 988838908 620618495 998342953 
680536351 929845711 684109789 929845711 
720369446 874028502 720369446 879619965 
728449275 709631598 740724182 709631598 
902268251 828136327 902268251 831430949 
902268251 828136327 915392778 828136327 
896929705 859271057 896929705 868053928 
949383883 742096214 949383883 742795124 
620618495 998342953 623369425 998342953 
684109789 929845711 685414323 929845711 
684109789 929845711 684109789 947901679 
720369446 879619965 720369446 884080542 
720369446 879619965 735655761 879619965 
740724182 709631598 740724182 742151516 
740724182 709631598 747650911 709631598 
915392778 828136327 940938266 828136327 
896929705 868053928 896929705 874112397 
896929705 868053928 919224537 868053928 
949383883 742795124 949383883 771707072 
949383883 742795124 959765188 742795124 
684109789 947901679 702159591 947901679 
684109789 947901679 684109789 975315933 
740724182 742151516 750472586 742151516 
940938266 828136327 940938266 840284147 
896929705 874112397 896929705 894918716 
919224537 868053928 919224537 879434119 
919224537 868053928 922762517 868053928 
684109789 975315933 684109789 980529867 
684109789 975315933 710918714 975315933 
750472586 742151516 750472586 742529036 
940938266 840284147 940938266 852803777 
940938266 840284147 950090913 840284147 
896929705 894918716 900098982 894918716 
684109789 980529867 684109789 990881919 
710918714 975315933 710918714 999468278 
710918714 975315933 722449954 975315933 
750472586 742529036 750472586 816888672 
940938266 852803777 940938266 869396591 
950090913 840284147 983223060 840284147 
900098982 894918716 900098982 911514398 
900098982 894918716 912031401 894918716 
684109789 990881919 687293683 990881919 
722449954 975315933 722449954 979782895 
722449954 975315933 732378355 975315933 
750472586 816888672 774299799 816888672 
940938266 869396591 942003629 869396591 
983223060 840284147 983223060 848552194 
732378355 975315933 766096770 975315933 
774299799 816888672 774299799 866779502 
942003629 869396591 942003629 874591853 
983223060 848552194 983223060 851726471 
766096770 975315933 766096770 980693638 
774299799 866779502 775004913 866779502 
942003629 874591853 942141052 874591853 
983223060 851726471 984995390 851726471 
766096770 980693638 766096770 989363221 
766096770 980693638 781081452 980693638 
775004913 866779502 775004913 872899457 
775004913 866779502 779361231 866779502 
942141052 874591853 942141052 891630449 
781081452 980693638 781081452 981916848 
781081452 980693638 802705470 980693638 
775004913 872899457 775004913 889275773 
775004913 872899457 776775034 872899457 
779361231 866779502 779361231 867360763 
779361231 866779502 822355091 866779502 
942141052 891630449 953753984 891630449 
802705470 980693638 802705470 987536786 
775004913 889275773 796637167 889275773 
953753984 891630449 968760980 891630449 
953753984 891630449 953753984 908654439 
802705470 987536786 807196322 987536786 
796637167 889275773 796637167 901610443 
953753984 908654439 953753984 946219141 
953753984 908654439 981100507 908654439 
796637167 901610443 807544264 901610443 
953753984 946219141 953753984 963608385 
807544264 901610443 807544264 906479267 
953753984 963608385 963624813 963608385 
807544264 906479267 807544264 925613629 
807544264 906479267 816641023 906479267 
963624813 963608385 963624813 967075448 
963624813 963608385 973621214 963608385 
816641023 906479267 824741518 906479267 
824741518 906479267 824741518 909129101 
824741518 909129101 843495363 909129101 
843495363 909129101 843495363 911514398 
843495363 911514398 871661658 911514398 
843495363 911514398 843495363 929935729 
871661658 911514398 871661658 922847464 
871661658 911514398 883431712 911514398 
843495363 929935729 858991149 929935729 
843495363 929935729 843495363 940045294 
883431712 911514398 883431712 964234031 
843495363 940045294 843495363 948683384 
843495363 940045294 848872318 940045294 
883431712 964234031 883431712 968443228 
883431712 964234031 889770721 964234031 
889770721 964234031 894446598 964234031 
894446598 964234031 894446598 967316821 
894446598 967316821 894446598 976184685 
894446598 967316821 908284997 967316821 
