1998
0 0 15375771 0 
0 0 0 27718232 
15375771 0 77350471 0 
15375771 0 15375771 4547954 
0 27718232 22874194 27718232 
0 27718232 0 147524337 
22874194 27718232 22874194 44408761 
22874194 27718232 30405272 27718232 
22874194 44408761 22874194 55496341 
22874194 44408761 29234951 44408761 
77350471 0 77350471 34015459 
77350471 0 149582383 0 
22874194 55496341 28035075 68388974 
22874194 55496341 22874194 55496341 
28035075 68388974 35025231 68388974 
28035075 68388974 28035075 72035480 
35025231 68388974 35800930 76212840 
35025231 68388974 35025231 68388974 
77350471 34015459 90253196 46149404 
77350471 34015459 77350471 34015459 
35800930 76212840 64866816 76212840 
35800930 76212840 35800930 77048522 
90253196 46149404 115607759 46149404 
90253196 46149404 90253196 65164921 
64866816 76212840 74495173 96181507 
64866816 76212840 64866816 76212840 
0 147524337 10644713 147524337 
0 147524337 0 173363380 
149582383 0 156966463 0 
149582383 0 149582383 7128530 
156966463 0 167868201 0 
156966463 0 156966463 31856993 
10644713 147524337 18833933 147836061 
10644713 147524337 10644713 147524337 
167868201 0 178691569 0 
167868201 0 167868201 2583754 
74495173 96181507 74495173 116955857 
74495173 96181507 77790660 96181507 
0 173363380 0 179290694 
0 173363380 5310356 173363380 
178691569 0 242101990 0 
178691569 0 178691569 7094683 
0 179290694 0 186798994 
0 179290694 33608006 179290694 
0 186798994 0 203256448 
0 186798994 4004251 186798994 
156966463 31856993 156966463 90071127 
156966463 31856993 181871849 31856993 
74495173 116955857 84964600 116955857 
74495173 116955857 74495173 120453319 
84964600 116955857 84964600 141104591 
84964600 116955857 88910022 116955857 
0 203256448 15552099 203256448 
0 203256448 0 228033328 
15552099 203256448 42433660 203256448 
15552099 203256448 15552099 211386583 
84964600 141104591 107270715 141104591 
84964600 141104591 84964600 172027671 
0 228033328 19175391 228033328 
0 228033328 0 290115335 
242101990 0 272148767 0 
242101990 0 242101990 43344498 
156966463 90071127 163614141 90071127 
156966463 90071127 156966463 118810835 
19175391 228033328 27049138 230640050 
19175391 228033328 19175391 228033328 
107270715 141104591 107270715 148662685 
107270715 141104591 121565337 141104591 
163614141 90071127 200009606 90071127 
163614141 90071127 163614141 90267239 
107270715 148662685 111702979 155169912 
107270715 148662685 107270715 148662685 
84964600 172027671 98028783 180538816 
84964600 172027671 84964600 172027671 
27049138 230640050 62841086 231221799 
27049138 230640050 27049138 230640050 
121565337 141104591 129767165 143283310 
121565337 141104591 121565337 141104591 
272148767 0 272148767 28229880 
272148767 0 352046114 0 
156966463 118810835 158979391 119113743 
156966463 118810835 156966463 118810835 
158979391 119113743 158979391 127224863 
158979391 119113743 173517943 119113743 
98028783 180538816 113174890 180538816 
98028783 180538816 98028783 182323169 
242101990 43344498 246605485 48808672 
242101990 43344498 242101990 43344498 
158979391 127224863 158979391 141730144 
158979391 127224863 161068930 127224863 
200009606 90071127 208911256 90071127 
200009606 90071127 200009606 106226792 
0 290115335 34278301 290115335 
0 290115335 0 358207579 
173517943 119113743 180431509 119113743 
173517943 119113743 173517943 130836366 
113174890 180538816 113174890 191866185 
113174890 180538816 116307042 180538816 
62841086 231221799 85840857 243445395 
62841086 231221799 62841086 231221799 
246605485 48808672 251515799 64979058 
246605485 48808672 246605485 48808672 
208911256 90071127 221134694 96046149 
208911256 90071127 208911256 90071127 
272148767 28229880 280805040 28229880 
272148767 28229880 272148767 30001865 
158979391 141730144 158979391 150161187 
158979391 141730144 161559560 141730144 
113174890 191866185 136012783 199855056 
113174890 191866185 113174890 191866185 
158979391 150161187 179461315 150161187 
158979391 150161187 158979391 166587274 
251515799 64979058 261926438 64979058 
251515799 64979058 251515799 78679825 
221134694 96046149 233441794 96046149 
221134694 96046149 221134694 111262862 
34278301 290115335 40612919 290115335 
34278301 290115335 34278301 305286736 
261926438 64979058 272126443 64979058 
261926438 64979058 261926438 70263762 
85840857 243445395 99994866 243445395 
85840857 243445395 85840857 272597319 
179461315 150161187 190238418 150161187 
179461315 150161187 179461315 156017989 
251515799 78679825 251515799 97038831 
251515799 78679825 258003598 78679825 
136012783 199855056 149378828 199855056 
136012783 199855056 136012783 228662572 
272126443 64979058 272126443 67931604 
272126443 64979058 273775191 64979058 
272126443 67931604 295798375 67931604 
272126443 67931604 272126443 74638751 
190238418 150161187 190238418 152954921 
190238418 150161187 198464539 150161187 
190238418 152954921 191188576 152954921 
190238418 152954921 190238418 156129108 
99994866 243445395 110479144 246217142 
99994866 243445395 99994866 243445395 
251515799 97038831 258775847 97038831 
251515799 97038831 251515799 97124865 
198464539 150161187 224509740 150161187 
198464539 150161187 198464539 150381954 
149378828 199855056 186072929 199855056 
149378828 199855056 149378828 213055097 
352046114 0 359943101 0 
352046114 0 352046114 18895746 
0 358207579 2740011 358207579 
0 358207579 0 412965373 
85840857 272597319 85840857 289353116 
85840857 272597319 99066315 272597319 
359943101 0 389379813 0 
359943101 0 359943101 5323258 
2740011 358207579 24361059 359542939 
2740011 358207579 2740011 358207579 
295798375 67931604 298439145 88769447 
295798375 67931604 295798375 67931604 
136012783 228662572 141548357 228662572 
136012783 228662572 136012783 264339606 
141548357 228662572 144495719 228662572 
141548357 228662572 141548357 232643689 
352046114 18895746 352046114 35219221 
352046114 18895746 361626892 18895746 
224509740 150161187 251099048 150161187 
224509740 150161187 224509740 156667630 
85840857 289353116 85840857 295432466 
85840857 289353116 100455063 289353116 
85840857 295432466 88311732 304797024 
85840857 295432466 85840857 295432466 
24361059 359542939 56439151 377477773 
24361059 359542939 24361059 359542939 
186072929 199855056 188642550 202669797 
186072929 199855056 186072929 199855056 
298439145 88769447 307449945 88769447 
298439145 88769447 298439145 120706925 
352046114 35219221 366328240 35219221 
352046114 35219221 352046114 66063841 
389379813 0 409980630 0 
389379813 0 389379813 7988670 
100455063 289353116 112942486 289353116 
100455063 289353116 100455063 300458177 
188642550 202669797 213566223 202669797 
188642550 202669797 188642550 230292874 
88311732 304797024 88311732 309339610 
88311732 304797024 90044081 304797024 
307449945 88769447 326812950 88769447 
307449945 88769447 307449945 93963901 
88311732 309339610 93798873 323671491 
88311732 309339610 88311732 309339610 
136012783 264339606 160268735 275110777 
136012783 264339606 136012783 264339606 
251099048 150161187 254672983 151022679 
251099048 150161187 251099048 150161187 
366328240 35219221 372459789 35219221 
366328240 35219221 366328240 35646008 
254672983 151022679 266643213 151022679 
254672983 151022679 254672983 160459433 
409980630 0 409980630 18498014 
409980630 0 443194082 0 
0 412965373 0 424304325 
0 412965373 23866336 412965373 
326812950 88769447 334746127 94196477 
326812950 88769447 326812950 88769447 
213566223 202669797 236392705 202669797 
213566223 202669797 213566223 219421140 
93798873 323671491 109761438 323671491 
93798873 323671491 93798873 340176131 
266643213 151022679 270606588 164826497 
266643213 151022679 266643213 151022679 
188642550 230292874 190814875 246163754 
188642550 230292874 188642550 230292874 
0 424304325 2070488 447737125 
0 424304325 0 424304325 
409980630 18498014 425285356 23638605 
409980630 18498014 409980630 18498014 
334746127 94196477 343137155 94196477 
334746127 94196477 334746127 109021080 
109761438 323671491 111878250 323671491 
109761438 323671491 109761438 333418414 
56439151 377477773 76051444 377477773 
56439151 377477773 56439151 398793674 
93798873 340176131 97136507 344863376 
93798873 340176131 93798873 340176131 
160268735 275110777 160268735 314290215 
160268735 275110777 168076640 275110777 
270606588 164826497 279162595 189108746 
270606588 164826497 270606588 164826497 
23866336 412965373 27090325 430325674 
23866336 412965373 23866336 412965373 
190814875 246163754 194561518 251271170 
190814875 246163754 190814875 246163754 
343137155 94196477 367705537 102069966 
343137155 94196477 343137155 94196477 
236392705 202669797 247558047 225685725 
236392705 202669797 236392705 202669797 
443194082 0 454905703 0 
443194082 0 443194082 2117934 
194561518 251271170 194561518 277686218 
194561518 251271170 196876719 251271170 
425285356 23638605 425285356 35507030 
425285356 23638605 432695653 23638605 
2070488 447737125 18024314 447737125 
2070488 447737125 2070488 550687614 
76051444 377477773 128025042 378794184 
76051444 377477773 76051444 377477773 
454905703 0 454905703 5828781 
454905703 0 494227295 0 
56439151 398793674 74261684 398793674 
56439151 398793674 56439151 410032184 
27090325 430325674 39692160 430325674 
27090325 430325674 27090325 438051970 
454905703 5828781 454905703 18702550 
454905703 5828781 458180338 5828781 
425285356 35507030 425285356 55366644 
425285356 35507030 434432453 35507030 
18024314 447737125 18024314 454952970 
18024314 447737125 27318923 447737125 
279162595 189108746 279162595 199983852 
279162595 189108746 318786732 189108746 
367705537 102069966 377304919 102069966 
367705537 102069966 367705537 105138280 
194561518 277686218 201271778 287197426 
194561518 277686218 194561518 277686218 
18024314 454952970 22846938 454952970 
18024314 454952970 18024314 456377270 
74261684 398793674 82414174 398793674 
74261684 398793674 74261684 427451092 
247558047 225685725 257532697 225685725 
247558047 225685725 247558047 258006369 
454905703 18702550 454905703 36982159 
454905703 18702550 456914945 18702550 
160268735 314290215 160268735 339368818 
160268735 314290215 178891692 314290215 
22846938 454952970 22846938 465373040 
22846938 454952970 27406896 454952970 
279162595 199983852 288922683 201883184 
279162595 199983852 279162595 199983852 
377304919 102069966 395877666 102069966 
377304919 102069966 377304919 135093211 
425285356 55366644 430308315 56674663 
425285356 55366644 425285356 55366644 
82414174 398793674 100332091 401343769 
82414174 398793674 82414174 398793674 
257532697 225685725 266473652 227315111 
257532697 225685725 257532697 225685725 
430308315 56674663 439819903 62593413 
430308315 56674663 430308315 56674663 
22846938 465373040 39119798 465373040 
22846938 465373040 22846938 483238915 
201271778 287197426 220847449 294576089 
201271778 287197426 201271778 287197426 
454905703 36982159 467643417 36982159 
454905703 36982159 454905703 37654565 
266473652 227315111 272593880 227315111 
266473652 227315111 266473652 230750378 
494227295 0 541488093 0 
494227295 0 494227295 5552057 
395877666 102069966 399700120 102069966 
395877666 102069966 395877666 114068185 
160268735 339368818 160268735 363559861 
160268735 339368818 195658224 339368818 
272593880 227315111 277908945 227315111 
272593880 227315111 272593880 228166194 
74261684 427451092 92495403 432779702 
74261684 427451092 74261684 427451092 
399700120 102069966 408788766 102069966 
399700120 102069966 399700120 103297508 
439819903 62593413 453261324 86665989 
439819903 62593413 439819903 62593413 
39119798 465373040 44954882 476982907 
39119798 465373040 39119798 465373040 
467643417 36982159 480068582 46302800 
467643417 36982159 467643417 36982159 
277908945 227315111 283132978 235735443 
277908945 227315111 277908945 227315111 
247558047 258006369 256632550 258006369 
247558047 258006369 247558047 261502882 
318786732 189108746 318786732 205571922 
318786732 189108746 320793260 189108746 
408788766 102069966 413058782 102252628 
408788766 102069966 408788766 102069966 
377304919 135093211 379966563 135093211 
377304919 135093211 377304919 165506864 
256632550 258006369 256632550 281357528 
256632550 258006369 257803694 258006369 
379966563 135093211 388575286 135093211 
379966563 135093211 379966563 135711391 
413058782 102252628 414232003 110557173 
413058782 102252628 413058782 102252628 
283132978 235735443 296546449 238687125 
283132978 235735443 283132978 235735443 
44954882 476982907 46083212 476982907 
44954882 476982907 44954882 496533641 
46083212 476982907 57556598 476982907 
46083212 476982907 46083212 477640431 
160268735 363559861 174880179 363559861 
160268735 363559861 160268735 389041489 
318786732 205571922 340050714 209209298 
318786732 205571922 318786732 205571922 
414232003 110557173 433686885 110557173 
414232003 110557173 414232003 132984189 
92495403 432779702 100513511 432779702 
92495403 432779702 92495403 454522994 
480068582 46302800 480068582 53956882 
480068582 46302800 486856164 46302800 
100513511 432779702 140022972 432779702 
100513511 432779702 100513511 435933686 
480068582 53956882 500641861 67943254 
480068582 53956882 480068582 53956882 
195658224 339368818 195658224 353016995 
195658224 339368818 203144161 339368818 
296546449 238687125 296546449 241914887 
296546449 238687125 308567566 238687125 
256632550 281357528 256632550 329742949 
256632550 281357528 259721262 281357528 
296546449 241914887 296546449 274336427 
296546449 241914887 299574839 241914887 
453261324 86665989 471246952 86665989 
453261324 86665989 453261324 87862931 
541488093 0 560764402 0 
541488093 0 541488093 3518011 
44954882 496533641 47688465 505229098 
44954882 496533641 44954882 496533641 
377304919 165506864 386123369 165506864 
377304919 165506864 377304919 193556346 
433686885 110557173 438438476 110557173 
433686885 110557173 433686885 119288679 
92495403 454522994 101754449 454522994 
92495403 454522994 92495403 465381392 
414232003 132984189 415827309 151326585 
414232003 132984189 414232003 132984189 
195658224 353016995 195658224 383286440 
195658224 353016995 216942469 353016995 
340050714 209209298 340050714 238356231 
340050714 209209298 346896666 209209298 
2070488 550687614 2070488 564258145 
2070488 550687614 5479204 550687614 
47688465 505229098 65229359 505229098 
47688465 505229098 47688465 542512545 
101754449 454522994 122136025 458260404 
101754449 454522994 101754449 454522994 
92495403 465381392 92495403 475451802 
92495403 465381392 95271837 465381392 
471246952 86665989 473655614 108809727 
471246952 86665989 471246952 86665989 
560764402 0 560764402 22439070 
560764402 0 657240059 0 
2070488 564258145 18537970 564258145 
2070488 564258145 2070488 598758199 
415827309 151326585 421590068 156768002 
415827309 151326585 415827309 151326585 
92495403 475451802 103030484 475451802 
92495403 475451802 92495403 488831005 
500641861 67943254 508606675 70778550 
500641861 67943254 500641861 67943254 
296546449 274336427 321695567 310225241 
296546449 274336427 296546449 274336427 
140022972 432779702 161014687 432779702 
140022972 432779702 140022972 434575896 
421590068 156768002 424668949 156768002 
421590068 156768002 421590068 158195746 
340050714 238356231 340050714 244754094 
340050714 238356231 364057179 238356231 
103030484 475451802 104825788 483459424 
103030484 475451802 103030484 475451802 
195658224 383286440 224797496 383286440 
195658224 383286440 195658224 414219061 
508606675 70778550 521518189 70778550 
508606675 70778550 508606675 75161433 
424668949 156768002 424668949 179761689 
424668949 156768002 430629341 156768002 
473655614 108809727 473655614 129363048 
473655614 108809727 480684251 108809727 
18537970 564258145 30986015 565547483 
18537970 564258145 18537970 564258145 
560764402 22439070 560764402 32245585 
560764402 22439070 567282660 22439070 
340050714 244754094 344221084 255497466 
340050714 244754094 340050714 244754094 
256632550 329742949 260723046 329742949 
256632550 329742949 256632550 347313253 
104825788 483459424 107865957 491592129 
104825788 483459424 104825788 483459424 
560764402 32245585 560764402 42646695 
560764402 32245585 581446255 32245585 
161014687 432779702 164734276 432779702 
161014687 432779702 161014687 435938341 
107865957 491592129 107865957 508262637 
107865957 491592129 127238750 491592129 
2070488 598758199 35209509 598758199 
2070488 598758199 2070488 674927115 
364057179 238356231 364057179 277010186 
364057179 238356231 382485680 238356231 
473655614 129363048 473655614 159443478 
473655614 129363048 516604139 129363048 
560764402 42646695 560764402 62032277 
560764402 42646695 566384397 42646695 
424668949 179761689 440240469 179761689 
424668949 179761689 424668949 199425193 
224797496 383286440 253538244 383286440 
224797496 383286440 224797496 403779378 
195658224 414219061 204487780 430394861 
195658224 414219061 195658224 414219061 
581446255 32245585 581446255 52681745 
581446255 32245585 600576932 32245585 
107865957 508262637 107911798 513726500 
107865957 508262637 107865957 508262637 
127238750 491592129 127238750 503705601 
127238750 491592129 167256127 491592129 
440240469 179761689 441601453 179761689 
440240469 179761689 440240469 181034703 
560764402 62032277 560764402 67749394 
560764402 62032277 564628222 62032277 
424668949 199425193 424668949 215156863 
424668949 199425193 427940707 199425193 
560764402 67749394 560764402 98611344 
560764402 67749394 567389840 67749394 
127238750 503705601 129075941 518932867 
127238750 503705601 127238750 503705601 
321695567 310225241 321695567 330398998 
321695567 310225241 335498421 310225241 
473655614 159443478 473655614 166956331 
473655614 159443478 476220346 159443478 
35209509 598758199 39301700 598758199 
35209509 598758199 35209509 618050414 
581446255 52681745 591222439 52681745 
581446255 52681745 581446255 62821954 
204487780 430394861 204487780 459752960 
204487780 430394861 221815192 430394861 
253538244 383286440 259939186 383286440 
253538244 383286440 253538244 401155474 
39301700 598758199 67285301 598758199 
39301700 598758199 39301700 602126547 
424668949 215156863 431589293 215156863 
424668949 215156863 424668949 254569622 
473655614 166956331 473655614 179204067 
473655614 166956331 479932417 166956331 
364057179 277010186 379920612 277557499 
364057179 277010186 364057179 277010186 
259939186 383286440 263652996 383286440 
259939186 383286440 259939186 386714671 
516604139 129363048 521863888 129363048 
516604139 129363048 516604139 133247731 
431589293 215156863 462744088 215156863 
431589293 215156863 431589293 218553927 
263652996 383286440 273263823 385018660 
263652996 383286440 263652996 383286440 
321695567 330398998 340154693 362721053 
321695567 330398998 321695567 330398998 
473655614 179204067 487761249 179204067 
473655614 179204067 473655614 180965063 
35209509 618050414 35209509 628533241 
35209509 618050414 43820031 618050414 
253538244 401155474 264369953 401155474 
253538244 401155474 253538244 404347755 
657240059 0 676046547 0 
657240059 0 657240059 34291722 
379920612 277557499 379920612 311034068 
379920612 277557499 384038728 277557499 
167256127 491592129 167256127 495735485 
167256127 491592129 176726098 491592129 
560764402 98611344 560764402 140560363 
560764402 98611344 619029816 98611344 
167256127 495735485 168035079 554902175 
167256127 495735485 167256127 495735485 
35209509 628533241 38399933 631482948 
35209509 628533241 35209509 628533241 
204487780 459752960 204487780 476477204 
204487780 459752960 233111615 459752960 
264369953 401155474 296854215 401155474 
264369953 401155474 264369953 401986853 
67285301 598758199 70827922 607877842 
67285301 598758199 67285301 598758199 
176726098 491592129 180043569 491592129 
176726098 491592129 176726098 499878029 
676046547 0 708537828 0 
676046547 0 676046547 1679301 
2070488 674927115 16521496 674927115 
2070488 674927115 2070488 695612723 
462744088 215156863 462744088 225678198 
462744088 215156863 504296556 215156863 
70827922 607877842 96460260 607877842 
70827922 607877842 70827922 613930866 
424668949 254569622 450421305 254569622 
424668949 254569622 424668949 281887390 
204487780 476477204 204487780 507113374 
204487780 476477204 216623398 476477204 
462744088 225678198 463137230 233260885 
462744088 225678198 462744088 225678198 
379920612 311034068 379920612 312329991 
379920612 311034068 405910648 311034068 
16521496 674927115 44456010 674927115 
16521496 674927115 16521496 685650190 
657240059 34291722 683698011 34291722 
657240059 34291722 657240059 67823066 
379920612 312329991 380686493 328889010 
379920612 312329991 379920612 312329991 
233111615 459752960 265721855 459752960 
233111615 459752960 233111615 459997561 
2070488 695612723 2070488 715578736 
2070488 695612723 5738197 695612723 
296854215 401155474 296854215 415187517 
296854215 401155474 297991754 401155474 
560764402 140560363 560764402 153754813 
560764402 140560363 588474048 140560363 
96460260 607877842 117165980 607877842 
96460260 607877842 96460260 637373233 
450421305 254569622 461138319 269681457 
450421305 254569622 450421305 254569622 
424668949 281887390 434412213 292808132 
424668949 281887390 424668949 281887390 
708537828 0 722948119 0 
708537828 0 708537828 2534269 
380686493 328889010 380686493 343330681 
380686493 328889010 381583090 328889010 
204487780 507113374 215325621 509157140 
204487780 507113374 204487780 507113374 
296854215 415187517 296854215 434753006 
296854215 415187517 333332170 415187517 
560764402 153754813 560764402 161048791 
560764402 153754813 565996351 153754813 
619029816 98611344 619029816 102068798 
619029816 98611344 634264744 98611344 
2070488 715578736 9147046 715578736 
2070488 715578736 2070488 809822496 
683698011 34291722 683698011 55656487 
683698011 34291722 684405863 34291722 
44456010 674927115 44456010 706869682 
44456010 674927115 76018042 674927115 
504296556 215156863 507829107 215156863 
504296556 215156863 504296556 216908416 
619029816 102068798 621529239 116962250 
619029816 102068798 619029816 102068798 
560764402 161048791 560764402 182144538 
560764402 161048791 566870911 161048791 
168035079 554902175 186529693 554902175 
168035079 554902175 168035079 566857518 
722948119 0 736960940 0 
722948119 0 722948119 32854267 
507829107 215156863 521899504 215156863 
507829107 215156863 507829107 248122731 
380686493 343330681 401887894 343330681 
380686493 343330681 380686493 361111880 
215325621 509157140 224827573 526008294 
215325621 509157140 215325621 509157140 
9147046 715578736 15095330 715578736 
9147046 715578736 9147046 721500594 
117165980 607877842 126237100 612021201 
117165980 607877842 117165980 607877842 
657240059 67823066 660235669 68371583 
657240059 67823066 657240059 67823066 
265721855 459752960 287176258 474324382 
265721855 459752960 265721855 459752960 
434412213 292808132 436803159 325323200 
434412213 292808132 434412213 292808132 
461138319 269681457 461138319 274451125 
461138319 269681457 481458354 269681457 
296854215 434753006 305966217 434753006 
296854215 434753006 296854215 439903425 
96460260 637373233 112925272 637373233 
96460260 637373233 96460260 647000759 
461138319 274451125 462081989 298033557 
461138319 274451125 461138319 274451125 
736960940 0 736960940 9011284 
736960940 0 779023550 0 
521899504 215156863 522317626 221963617 
521899504 215156863 521899504 215156863 
126237100 612021201 146192179 612021201 
126237100 612021201 126237100 616038305 
621529239 116962250 630596952 116962250 
621529239 116962250 621529239 143479928 
683698011 55656487 693319628 66548546 
683698011 55656487 683698011 55656487 
305966217 434753006 312869221 440952822 
305966217 434753006 305966217 434753006 
186529693 554902175 209186400 556864796 
186529693 554902175 186529693 554902175 
560764402 182144538 586232170 182144538 
560764402 182144538 560764402 219423155 
401887894 343330681 401887894 356894457 
401887894 343330681 404555086 343330681 
736960940 9011284 743111618 19193118 
736960940 9011284 736960940 9011284 
630596952 116962250 653043932 116962250 
630596952 116962250 630596952 121074109 
333332170 415187517 383299612 415204761 
333332170 415187517 333332170 415187517 
112925272 637373233 112925272 669323315 
112925272 637373233 116418341 637373233 
224827573 526008294 233681533 526008294 
224827573 526008294 224827573 536310931 
44456010 706869682 47572752 706869682 
44456010 706869682 44456010 726200240 
312869221 440952822 312869221 451088483 
312869221 440952822 321158113 440952822 
47572752 706869682 56279930 706869682 
47572752 706869682 47572752 708266776 
507829107 248122731 507829107 287310750 
507829107 248122731 535487766 248122731 
146192179 612021201 146192179 623134362 
146192179 612021201 158342925 612021201 
401887894 356894457 406690455 373818565 
401887894 356894457 401887894 356894457 
233681533 526008294 246248127 526008294 
233681533 526008294 233681533 533984006 
693319628 66548546 693319628 78715416 
693319628 66548546 697687164 66548546 
287176258 474324382 291847208 509839893 
287176258 474324382 287176258 474324382 
436803159 325323200 459250210 326742527 
436803159 325323200 436803159 325323200 
743111618 19193118 751111676 19193118 
743111618 19193118 743111618 29249574 
312869221 451088483 312869221 471045889 
312869221 451088483 318176747 451088483 
209186400 556864796 210947804 556864796 
209186400 556864796 209186400 587230607 
210947804 556864796 236350451 556864796 
210947804 556864796 210947804 557924460 
586232170 182144538 587686776 183254452 
586232170 182144538 586232170 182144538 
146192179 623134362 146192179 652787180 
146192179 623134362 151854198 623134362 
653043932 116962250 678776689 116962250 
653043932 116962250 653043932 162320886 
44456010 726200240 61284155 726200240 
44456010 726200240 44456010 747045839 
587686776 183254452 601652417 183254452 
587686776 183254452 587686776 197695414 
693319628 78715416 730958636 78715416 
693319628 78715416 693319628 79293196 
246248127 526008294 246248127 533152436 
246248127 526008294 260287430 526008294 
779023550 0 779023550 22912652 
779023550 0 812180355 0 
246248127 533152436 252467692 539203646 
246248127 533152436 246248127 533152436 
560764402 219423155 560764402 244638952 
560764402 219423155 581032960 219423155 
406690455 373818565 410178724 394195461 
406690455 373818565 406690455 373818565 
112925272 669323315 123603895 694125765 
112925272 669323315 112925272 669323315 
312869221 471045889 312869221 483704306 
312869221 471045889 362742194 471045889 
601652417 183254452 616467332 183254452 
601652417 183254452 601652417 196210458 
459250210 326742527 459250210 350665142 
459250210 326742527 470694275 326742527 
260287430 526008294 273069397 526008294 
260287430 526008294 260287430 527341158 
61284155 726200240 71130809 726200240 
61284155 726200240 61284155 730715024 
507829107 287310750 507829107 289526553 
507829107 287310750 508388076 287310750 
678776689 116962250 678776689 133599854 
678776689 116962250 695223676 116962250 
209186400 587230607 216822612 595926431 
209186400 587230607 209186400 587230607 
312869221 483704306 312869221 493740655 
312869221 483704306 315334423 483704306 
71130809 726200240 71130809 748634991 
71130809 726200240 84360308 726200240 
507829107 289526553 507829107 292609657 
507829107 289526553 509983875 289526553 
146192179 652787180 161563892 652787180 
146192179 652787180 146192179 673946245 
273069397 526008294 273069397 560749518 
273069397 526008294 276780706 526008294 
616467332 183254452 633533282 183802696 
616467332 183254452 616467332 183254452 
507829107 292609657 507829107 305152713 
507829107 292609657 532183412 292609657 
779023550 22912652 779023550 55875732 
779023550 22912652 791791213 22912652 
410178724 394195461 410178724 435546067 
410178724 394195461 425568478 394195461 
560764402 244638952 560764402 272036653 
560764402 244638952 577812999 244638952 
312869221 493740655 323351991 513926806 
312869221 493740655 312869221 493740655 
730958636 78715416 742063710 78715416 
730958636 78715416 730958636 78731615 
459250210 350665142 477555671 350665142 
459250210 350665142 459250210 374024355 
2070488 809822496 4017818 809822496 
2070488 809822496 2070488 811917321 
812180355 0 812180355 8320777 
812180355 0 875859039 0 
678776689 133599854 678776689 140985950 
678776689 133599854 682709673 133599854 
216822612 595926431 242510913 601492546 
216822612 595926431 216822612 595926431 
507829107 305152713 517713915 305152713 
507829107 305152713 507829107 306006195 
4017818 809822496 4017818 810311837 
4017818 809822496 32590568 809822496 
4017818 810311837 4054451 887211463 
4017818 810311837 4017818 810311837 
161563892 652787180 188413134 652787180 
161563892 652787180 161563892 653482917 
633533282 183802696 639932168 204587932 
633533282 183802696 633533282 183802696 
123603895 694125765 133529846 694125765 
123603895 694125765 123603895 730779322 
678776689 140985950 695646796 140985950 
678776689 140985950 678776689 172792621 
71130809 748634991 78161336 750540286 
71130809 748634991 71130809 748634991 
146192179 673946245 153849932 673946245 
146192179 673946245 146192179 678006163 
812180355 8320777 812180355 36044078 
812180355 8320777 812397663 8320777 
517713915 305152713 524407993 305152713 
517713915 305152713 517713915 310658285 
532183412 292609657 548321116 292609657 
532183412 292609657 532183412 292872426 
133529846 694125765 142257979 694125765 
133529846 694125765 133529846 699166611 
153849932 673946245 163933598 675765945 
153849932 673946245 153849932 673946245 
477555671 350665142 477555671 354385163 
477555671 350665142 495879926 350665142 
78161336 750540286 78161336 768574570 
78161336 750540286 94892867 750540286 
524407993 305152713 534079720 305152713 
524407993 305152713 524407993 316882976 
477555671 354385163 479429276 357305690 
477555671 354385163 477555671 354385163 
560764402 272036653 579178084 283272570 
560764402 272036653 560764402 272036653 
459250210 374024355 470329718 404183693 
459250210 374024355 459250210 374024355 
273069397 560749518 296701937 560749518 
273069397 560749518 273069397 566009500 
779023550 55875732 795366702 55875732 
779023550 55875732 779023550 85424516 
695646796 140985950 722259687 140985950 
695646796 140985950 695646796 148992897 
323351991 513926806 345973553 513926806 
323351991 513926806 323351991 536472199 
534079720 305152713 543435099 313309150 
534079720 305152713 534079720 305152713 
548321116 292609657 555503681 292920829 
548321116 292609657 548321116 292609657 
188413134 652787180 193275066 652787180 
188413134 652787180 188413134 657888449 
524407993 316882976 525282543 331479879 
524407993 316882976 524407993 316882976 
32590568 809822496 32906801 821548542 
32590568 809822496 32590568 809822496 
242510913 601492546 261557379 601492546 
242510913 601492546 242510913 621980285 
639932168 204587932 663263918 215280224 
639932168 204587932 639932168 204587932 
410178724 435546067 416147027 437671471 
410178724 435546067 410178724 435546067 
193275066 652787180 223270937 652787180 
193275066 652787180 193275066 652884233 
188413134 657888449 189237421 673566393 
188413134 657888449 188413134 657888449 
495879926 350665142 495879926 368939140 
495879926 350665142 498110749 350665142 
78161336 768574570 78161336 776884582 
78161336 768574570 81114017 768574570 
812180355 36044078 823861988 41865025 
812180355 36044078 812180355 36044078 
795366702 55875732 800315885 55875732 
795366702 55875732 795366702 66452794 
678776689 172792621 701354080 172792621 
678776689 172792621 678776689 187960571 
416147027 437671471 435877640 437671471 
416147027 437671471 416147027 491438652 
123603895 730779322 148981504 730779322 
123603895 730779322 123603895 751542488 
32906801 821548542 42628453 821548542 
32906801 821548542 32906801 845240366 
78161336 776884582 86958798 780265333 
78161336 776884582 78161336 776884582 
800315885 55875732 805859550 55875732 
800315885 55875732 800315885 56911948 
525282543 331479879 525282543 346327843 
525282543 331479879 533063729 331479879 
345973553 513926806 345973553 582237278 
345973553 513926806 366218093 513926806 
579178084 283272570 605877079 287594656 
579178084 283272570 579178084 283272570 
189237421 673566393 198581173 675650814 
189237421 673566393 189237421 673566393 
261557379 601492546 274897327 601492546 
261557379 601492546 261557379 604328501 
722259687 140985950 743889883 143986360 
722259687 140985950 722259687 140985950 
42628453 821548542 74684213 821548542 
42628453 821548542 42628453 830493073 
779023550 85424516 779023550 90715954 
779023550 85424516 802779940 85424516 
242510913 621980285 258104471 621980285 
242510913 621980285 242510913 630836652 
495879926 368939140 496737655 373741145 
495879926 368939140 495879926 368939140 
823861988 41865025 843408513 41865025 
823861988 41865025 823861988 49584434 
86958798 780265333 102825983 784629601 
86958798 780265333 86958798 780265333 
779023550 90715954 779023550 97494566 
779023550 90715954 781129467 90715954 
525282543 346327843 563614251 346327843 
525282543 346327843 525282543 350730389 
435877640 437671471 435877640 452687712 
435877640 437671471 456882580 437671471 
701354080 172792621 720516162 172792621 
701354080 172792621 701354080 175537143 
470329718 404183693 474244325 404183693 
470329718 404183693 470329718 417238618 
875859039 0 896570107 0 
875859039 0 875859039 23578658 
223270937 652787180 238285257 652787180 
223270937 652787180 223270937 680310485 
779023550 97494566 786166081 117465603 
779023550 97494566 779023550 97494566 
474244325 404183693 487342781 404183693 
474244325 404183693 474244325 406300868 
663263918 215280224 684547101 215280224 
663263918 215280224 663263918 260729394 
148981504 730779322 148981504 739910134 
148981504 730779322 196447395 730779322 
258104471 621980285 276074931 621980285 
258104471 621980285 258104471 634925686 
843408513 41865025 856148827 41865025 
843408513 41865025 843408513 60099094 
102825983 784629601 112784292 789103027 
102825983 784629601 102825983 784629601 
743889883 143986360 746217423 158005742 
743889883 143986360 743889883 143986360 
802779940 85424516 806790649 85424516 
802779940 85424516 802779940 90138179 
435877640 452687712 440856521 453165496 
435877640 452687712 435877640 452687712 
148981504 739910134 155145362 740244021 
148981504 739910134 148981504 739910134 
238285257 652787180 242124881 667369005 
238285257 652787180 238285257 652787180 
4054451 887211463 25137888 890092982 
4054451 887211463 4054451 887211463 
487342781 404183693 510799042 409704120 
487342781 404183693 487342781 404183693 
720516162 172792621 720516162 200625101 
720516162 172792621 721505159 172792621 
605877079 287594656 610356236 287594656 
605877079 287594656 605877079 288318641 
456882580 437671471 456882580 465087530 
456882580 437671471 468498424 437671471 
74684213 821548542 74684213 859549594 
74684213 821548542 76624435 821548542 
896570107 0 900865118 0 
896570107 0 896570107 743275 
610356236 287594656 624311410 287594656 
610356236 287594656 610356236 304341108 
856148827 41865025 868301746 41865025 
856148827 41865025 856148827 47344202 
276074931 621980285 276074931 645094418 
276074931 621980285 304099447 621980285 
684547101 215280224 696697478 223785321 
684547101 215280224 684547101 215280224 
900865118 0 952068816 0 
900865118 0 900865118 21996835 
112784292 789103027 137647440 789103027 
112784292 789103027 112784292 811012994 
223270937 680310485 228902226 680310485 
223270937 680310485 223270937 692063139 
786166081 117465603 786166081 143165703 
786166081 117465603 834476587 117465603 
746217423 158005742 749050102 174863621 
746217423 158005742 746217423 158005742 
416147027 491438652 420636891 543268933 
416147027 491438652 416147027 491438652 
563614251 346327843 566419703 352487208 
563614251 346327843 563614251 346327843 
868301746 41865025 868301746 64457859 
868301746 41865025 877531005 41865025 
624311410 287594656 635704664 288938188 
624311410 287594656 624311410 287594656 
25137888 890092982 27412036 906202296 
25137888 890092982 25137888 890092982 
566419703 352487208 573442281 359286349 
566419703 352487208 566419703 352487208 
510799042 409704120 533136069 409704120 
510799042 409704120 510799042 412566680 
720516162 200625101 740113074 200625101 
720516162 200625101 720516162 234546298 
276074931 645094418 291777086 650870631 
276074931 645094418 276074931 645094418 
456882580 465087530 463189498 465087530 
456882580 465087530 456882580 466968679 
663263918 260729394 664246155 267423435 
663263918 260729394 663263918 260729394 
635704664 288938188 635704664 323235017 
635704664 288938188 637918530 288938188 
304099447 621980285 320873481 621980285 
304099447 621980285 304099447 627664225 
137647440 789103027 137647440 798862931 
137647440 789103027 139724270 789103027 
196447395 730779322 198807304 738216070 
196447395 730779322 196447395 730779322 
345973553 582237278 361029321 582237278 
345973553 582237278 345973553 601957751 
463189498 465087530 482871591 465087530 
463189498 465087530 463189498 489750623 
786166081 143165703 786166081 153664631 
786166081 143165703 794777820 143165703 
664246155 267423435 664246155 279075832 
664246155 267423435 693767383 267423435 
573442281 359286349 573442281 397561455 
573442281 359286349 580720769 359286349 
868301746 64457859 886185742 64457859 
868301746 64457859 868301746 70738586 
27412036 906202296 27412036 917415047 
27412036 906202296 46329153 906202296 
74684213 859549594 74684213 875228680 
74684213 859549594 82080808 859549594 
137647440 798862931 167336641 798862931 
137647440 798862931 137647440 807533423 
198807304 738216070 221413933 742471370 
198807304 738216070 198807304 738216070 
786166081 153664631 805040058 153664631 
786166081 153664631 786166081 171201564 
740113074 200625101 740113074 210653400 
740113074 200625101 767068446 200625101 
291777086 650870631 291777086 707356695 
291777086 650870631 307772787 650870631 
533136069 409704120 539281182 410729921 
533136069 409704120 533136069 409704120 
320873481 621980285 327183337 634071089 
320873481 621980285 320873481 621980285 
361029321 582237278 380264440 582237278 
361029321 582237278 361029321 588323290 
664246155 279075832 670711589 301030708 
664246155 279075832 664246155 279075832 
27412036 917415047 27412036 940832509 
27412036 917415047 28945665 917415047 
345973553 601957751 355287670 601957751 
345973553 601957751 345973553 610250286 
482871591 465087530 514846675 465087530 
482871591 465087530 482871591 479133460 
74684213 875228680 105975700 875228680 
74684213 875228680 74684213 881964951 
539281182 410729921 549140295 410729921 
539281182 410729921 539281182 411638042 
886185742 64457859 903550311 64457859 
886185742 64457859 886185742 81727258 
740113074 210653400 741584788 210653400 
740113074 210653400 740113074 212407845 
834476587 117465603 861630184 117465603 
834476587 117465603 834476587 119104662 
952068816 0 965132342 16641434 
952068816 0 952068816 0 
46329153 906202296 69707037 906202296 
46329153 906202296 46329153 912615784 
463189498 489750623 463189498 505712869 
463189498 489750623 468830290 489750623 
720516162 234546298 732289209 234546298 
720516162 234546298 720516162 236232752 
805040058 153664631 821557936 153664631 
805040058 153664631 805040058 188902904 
635704664 323235017 635704664 332205507 
635704664 323235017 652530069 323235017 
549140295 410729921 555117891 410729921 
549140295 410729921 549140295 430473399 
693767383 267423435 701125311 281466047 
693767383 267423435 693767383 267423435 
327183337 634071089 339425132 634071089 
327183337 634071089 327183337 660615435 
380264440 582237278 408838476 587544377 
380264440 582237278 380264440 582237278 
221413933 742471370 224204050 747635357 
221413933 742471370 221413933 742471370 
420636891 543268933 430179265 551999050 
420636891 543268933 420636891 543268933 
167336641 798862931 171877726 805409488 
167336641 798862931 167336641 798862931 
732289209 234546298 732289209 246966035 
732289209 234546298 732426752 234546298 
767068446 200625101 769336020 217045783 
767068446 200625101 767068446 200625101 
635704664 332205507 635704664 345014783 
635704664 332205507 635808410 332205507 
903550311 64457859 922522208 69249735 
903550311 64457859 903550311 64457859 
27412036 940832509 36713787 940832509 
27412036 940832509 27412036 974800442 
463189498 505712869 463189498 514483499 
463189498 505712869 465107951 505712869 
573442281 397561455 573442281 409000090 
573442281 397561455 582425509 397561455 
670711589 301030708 675575868 301030708 
670711589 301030708 670711589 313207190 
339425132 634071089 377312958 634071089 
339425132 634071089 339425132 644122435 
821557936 153664631 835422224 153664631 
821557936 153664631 821557936 169425531 
675575868 301030708 677057644 304034719 
675575868 301030708 675575868 301030708 
171877726 805409488 171877726 828669754 
171877726 805409488 238074865 805409488 
36713787 940832509 39301814 942069560 
36713787 940832509 36713787 940832509 
463189498 514483499 481241921 514483499 
463189498 514483499 463189498 521743114 
861630184 117465603 861630184 134649691 
861630184 117465603 897275197 117465603 
732289209 246966035 733571432 251947574 
732289209 246966035 732289209 246966035 
514846675 465087530 541988539 485374765 
514846675 465087530 514846675 465087530 
635704664 345014783 645082547 375917320 
635704664 345014783 635704664 345014783 
105975700 875228680 119508066 893021184 
105975700 875228680 105975700 875228680 
39301814 942069560 42017934 946291237 
39301814 942069560 39301814 942069560 
965132342 16641434 987218515 16641434 
965132342 16641434 965132342 33780356 
573442281 409000090 573442281 434813475 
573442281 409000090 598921960 409000090 
701125311 281466047 701125311 283725119 
701125311 281466047 701987114 281466047 
701125311 283725119 701125311 293264841 
701125311 283725119 703206491 283725119 
733571432 251947574 748490639 251947574 
733571432 251947574 733571432 263838176 
769336020 217045783 769336020 225304380 
769336020 217045783 770572185 217045783 
42017934 946291237 76991015 950997852 
42017934 946291237 42017934 946291237 
835422224 153664631 843936685 158343059 
835422224 153664631 835422224 153664631 
922522208 69249735 941528505 69249735 
922522208 69249735 922522208 92467588 
805040058 188902904 807286127 188902904 
805040058 188902904 805040058 194537224 
701125311 293264841 701125311 302173412 
701125311 293264841 702784961 293264841 
769336020 225304380 774378292 225304380 
769336020 225304380 769336020 233352611 
481241921 514483499 491811868 514483499 
481241921 514483499 481241921 544781978 
861630184 134649691 878539537 134649691 
861630184 134649691 861630184 144871470 
408838476 587544377 408838476 600843014 
408838476 587544377 416470342 587544377 
291777086 707356695 316096469 707356695 
291777086 707356695 291777086 731590577 
774378292 225304380 807509674 225304380 
774378292 225304380 774378292 226651869 
748490639 251947574 760237043 251947574 
748490639 251947574 748490639 286215323 
171877726 828669754 192338689 828669754 
171877726 828669754 171877726 861697986 
27412036 974800442 29882533 980440593 
27412036 974800442 27412036 974800442 
843936685 158343059 843936685 184795203 
843936685 158343059 845514066 158343059 
769336020 233352611 773521861 233352611 
769336020 233352611 769336020 240198450 
701125311 302173412 705651081 321755372 
701125311 302173412 701125311 302173412 
987218515 16641434 989614146 22496443 
987218515 16641434 987218515 16641434 
491811868 514483499 515384288 523612299 
491811868 514483499 491811868 514483499 
573442281 434813475 616900594 434813475 
573442281 434813475 573442281 455435229 
408838476 600843014 463473393 623855294 
408838476 600843014 408838476 600843014 
941528505 69249735 964303663 69249735 
941528505 69249735 941528505 80471012 
377312958 634071089 377312958 653727785 
377312958 634071089 379079279 634071089 
989614146 22496443 995191571 42767909 
989614146 22496443 989614146 22496443 
760237043 251947574 776546293 251947574 
760237043 251947574 760237043 254273482 
878539537 134649691 878539537 156975409 
878539537 134649691 880264222 134649691 
897275197 117465603 907958123 117465603 
897275197 117465603 897275197 133291083 
645082547 375917320 663615366 393401464 
645082547 375917320 645082547 375917320 
192338689 828669754 192338689 834117401 
192338689 828669754 203191451 828669754 
316096469 707356695 330923201 711469042 
316096469 707356695 316096469 707356695 
907958123 117465603 931590954 117465603 
907958123 117465603 907958123 127745732 
481241921 544781978 482055443 544781978 
481241921 544781978 481241921 554084023 
192338689 834117401 192338689 846481796 
192338689 834117401 196246156 834117401 
541988539 485374765 541988539 506824613 
541988539 485374765 555461727 485374765 
705651081 321755372 705651081 345096334 
705651081 321755372 714154534 321755372 
76991015 950997852 94244365 950997852 
76991015 950997852 76991015 975701761 
776546293 251947574 784668659 251947574 
776546293 251947574 776546293 262286880 
843936685 184795203 859840164 185906630 
843936685 184795203 843936685 184795203 
377312958 653727785 384986813 671200284 
377312958 653727785 377312958 653727785 
807509674 225304380 807509674 237186632 
807509674 225304380 810525048 225304380 
964303663 69249735 969992189 89078943 
964303663 69249735 964303663 69249735 
748490639 286215323 763678266 286215323 
748490639 286215323 748490639 298603654 
878539537 156975409 878539537 168342947 
878539537 156975409 896909491 156975409 
995191571 42767909 996574050 43528931 
995191571 42767909 995191571 42767909 
192338689 846481796 208588680 846481796 
192338689 846481796 192338689 877657587 
515384288 523612299 515384288 562398047 
515384288 523612299 522274098 523612299 
330923201 711469042 333183057 726229812 
330923201 711469042 330923201 711469042 
238074865 805409488 258846912 805409488 
238074865 805409488 238074865 828190524 
807509674 237186632 849960328 246146792 
807509674 237186632 807509674 237186632 
94244365 950997852 111081848 950997852 
94244365 950997852 94244365 962183200 
878539537 168342947 878539537 183194980 
878539537 168342947 882377910 168342947 
541988539 506824613 571003247 506824613 
541988539 506824613 541988539 527872171 
931590954 117465603 931590954 142160223 
931590954 117465603 944671167 117465603 
763678266 286215323 763678266 288723714 
763678266 286215323 764908033 286215323 
705651081 345096334 705651081 349888518 
705651081 345096334 716617661 345096334 
616900594 434813475 631696960 437304127 
616900594 434813475 616900594 434813475 
763678266 288723714 796764188 288723714 
763678266 288723714 763678266 328776390 
76991015 975701761 89245086 975701761 
76991015 975701761 76991015 977091852 
208588680 846481796 216828339 846481796 
208588680 846481796 208588680 846878539 
705651081 349888518 709157031 355088906 
705651081 349888518 705651081 349888518 
384986813 671200284 384986813 677727904 
384986813 671200284 385327564 671200284 
969992189 89078943 977266420 90099202 
969992189 89078943 969992189 89078943 
333183057 726229812 359926589 726229812 
333183057 726229812 333183057 769445780 
716617661 345096334 723439345 345096334 
716617661 345096334 716617661 345972438 
878539537 183194980 878539537 189736638 
878539537 183194980 881158520 183194980 
111081848 950997852 114860703 951550805 
111081848 950997852 111081848 950997852 
384986813 677727904 416429791 677727904 
384986813 677727904 384986813 701119380 
709157031 355088906 715581825 397067402 
709157031 355088906 709157031 355088906 
258846912 805409488 289140554 805409488 
258846912 805409488 258846912 805414450 
89245086 975701761 103095234 975701761 
89245086 975701761 89245086 987153779 
238074865 828190524 238074865 862304959 
238074865 828190524 259108934 828190524 
114860703 951550805 128429918 951550805 
114860703 951550805 114860703 954100791 
977266420 90099202 977924261 90099202 
977266420 90099202 977266420 95584617 
878539537 189736638 878539537 206454067 
878539537 189736638 878842422 189736638 
631696960 437304127 631696960 469026001 
631696960 437304127 671666208 437304127 
931590954 142160223 943616086 154586742 
931590954 142160223 931590954 142160223 
515384288 562398047 540715824 562398047 
515384288 562398047 515384288 593895521 
128429918 951550805 155239557 951550805 
128429918 951550805 128429918 961594796 
878539537 206454067 917650907 206454067 
878539537 206454067 878539537 228308505 
796764188 288723714 831998852 288723714 
796764188 288723714 796764188 298987345 
359926589 726229812 362768472 744462758 
359926589 726229812 359926589 726229812 
463473393 623855294 482053047 623855294 
463473393 623855294 463473393 642429630 
763678266 328776390 783833294 331067279 
763678266 328776390 763678266 328776390 
416429791 677727904 416429791 687107569 
416429791 677727904 430151070 677727904 
289140554 805409488 299177135 805409488 
289140554 805409488 289140554 816178679 
849960328 246146792 857894148 246146792 
849960328 246146792 849960328 246416675 
943616086 154586742 943616086 155486279 
943616086 154586742 944328927 154586742 
943616086 155486279 950309901 178038860 
943616086 155486279 943616086 155486279 
238074865 862304959 238074865 887063757 
238074865 862304959 241518075 862304959 
631696960 469026001 651116275 469026001 
631696960 469026001 631696960 509321345 
540715824 562398047 567163335 563148586 
540715824 562398047 540715824 562398047 
416429791 687107569 425408312 687107569 
416429791 687107569 416429791 688834661 
299177135 805409488 299177135 807433940 
299177135 805409488 327315968 805409488 
482053047 623855294 484478097 625498087 
482053047 623855294 482053047 623855294 
299177135 807433940 299177135 841224492 
299177135 807433940 299968111 807433940 
155239557 951550805 155239557 960744397 
155239557 951550805 194836819 951550805 
362768472 744462758 381800293 744462758 
362768472 744462758 362768472 769299121 
671666208 437304127 679928924 438401444 
671666208 437304127 671666208 437304127 
515384288 593895521 517928250 605025395 
515384288 593895521 515384288 593895521 
484478097 625498087 504329308 625498087 
484478097 625498087 484478097 646519502 
425408312 687107569 425408312 710460189 
425408312 687107569 455024997 687107569 
715581825 397067402 758156017 397067402 
715581825 397067402 715581825 419052003 
783833294 331067279 783833294 347486166 
783833294 331067279 785906539 331067279 
155239557 960744397 155239557 967543510 
155239557 960744397 164113512 960744397 
679928924 438401444 688422740 438401444 
679928924 438401444 679928924 449947695 
651116275 469026001 665619450 469026001 
651116275 469026001 651116275 470405475 
831998852 288723714 855378528 288723714 
831998852 288723714 831998852 292967976 
155239557 967543510 161396222 967543510 
155239557 967543510 155239557 983199206 
238074865 887063757 238074865 909491606 
238074865 887063757 282833339 887063757 
381800293 744462758 391710289 744462758 
381800293 744462758 381800293 749686389 
688422740 438401444 700987159 438401444 
688422740 438401444 688422740 446842438 
950309901 178038860 950309901 182163218 
950309901 178038860 968583753 178038860 
504329308 625498087 518809601 625789723 
504329308 625498087 504329308 625498087 
679928924 449947695 680691616 453683269 
679928924 449947695 679928924 449947695 
567163335 563148586 579913665 563148586 
567163335 563148586 567163335 578614240 
484478097 646519502 487520577 671284633 
484478097 646519502 484478097 646519502 
783833294 347486166 814954265 347486166 
783833294 347486166 783833294 367188553 
362768472 769299121 362768472 781839887 
362768472 769299121 381442213 769299121 
950309901 182163218 952957903 244693905 
950309901 182163218 950309901 182163218 
327315968 805409488 338069411 827695766 
327315968 805409488 327315968 805409488 
680691616 453683269 680691616 464914296 
680691616 453683269 687427244 453683269 
425408312 710460189 425408312 714345682 
425408312 710460189 435735496 710460189 
700987159 438401444 705513046 439465820 
700987159 438401444 700987159 438401444 
425408312 714345682 425408312 753657036 
425408312 714345682 428381321 714345682 
299177135 841224492 304052093 852951138 
299177135 841224492 299177135 841224492 
631696960 509321345 650304339 527951184 
631696960 509321345 631696960 509321345 
579913665 563148586 584148585 563148586 
579913665 563148586 579913665 567672251 
855378528 288723714 868020094 296023762 
855378528 288723714 855378528 288723714 
518809601 625789723 521208553 625789723 
518809601 625789723 518809601 628842805 
362768472 781839887 363035226 781839887 
362768472 781839887 362768472 785181319 
705513046 439465820 745213628 439465820 
705513046 439465820 705513046 440463081 
680691616 464914296 680691616 488800049 
680691616 464914296 685776137 464914296 
567163335 578614240 576787190 578614240 
567163335 578614240 567163335 595607657 
194836819 951550805 207734567 951550805 
194836819 951550805 194836819 963724609 
521208553 625789723 528317390 625789723 
521208553 625789723 521208553 626131245 
584148585 563148586 595618502 563148586 
584148585 563148586 584148585 564498058 
238074865 909491606 247475309 909491606 
238074865 909491606 238074865 918070464 
381442213 769299121 381442213 794318897 
381442213 769299121 390906131 769299121 
528317390 625789723 530168930 660350690 
528317390 625789723 528317390 625789723 
758156017 397067402 794874443 397067402 
758156017 397067402 758156017 398749533 
576787190 578614240 585508724 581151697 
576787190 578614240 576787190 578614240 
247475309 909491606 255065838 909491606 
247475309 909491606 247475309 934733592 
304052093 852951138 310717535 852951138 
304052093 852951138 304052093 855035338 
595618502 563148586 614848929 563148586 
595618502 563148586 595618502 563387051 
487520577 671284633 493896867 704209751 
487520577 671284633 487520577 671284633 
207734567 951550805 223952156 951550805 
207734567 951550805 207734567 956707016 
814954265 347486166 835527879 347486166 
814954265 347486166 814954265 354328537 
567163335 595607657 567627354 605578001 
567163335 595607657 567163335 595607657 
868020094 296023762 868020094 310528951 
868020094 296023762 895937479 296023762 
338069411 827695766 356731670 839041978 
338069411 827695766 338069411 827695766 
585508724 581151697 585621383 583560599 
585508724 581151697 585508724 581151697 
585621383 583560599 585621383 593286039 
585621383 583560599 586064378 583560599 
680691616 488800049 688462685 491816618 
680691616 488800049 680691616 488800049 
282833339 887063757 282833339 913244473 
282833339 887063757 309440349 887063757 
567627354 605578001 567627354 615693231 
567627354 605578001 569601863 605578001 
381442213 794318897 381442213 803700205 
381442213 794318897 387680121 794318897 
614848929 563148586 631292579 571086551 
614848929 563148586 614848929 563148586 
650304339 527951184 666874744 540010119 
650304339 527951184 650304339 527951184 
868020094 310528951 877933983 310528951 
868020094 310528951 868020094 333251125 
585621383 593286039 604985154 596185094 
585621383 593286039 585621383 593286039 
425408312 753657036 425408312 767323235 
425408312 753657036 453618249 753657036 
688462685 491816618 701903615 491816618 
688462685 491816618 688462685 498227377 
835527879 347486166 837077318 370219817 
835527879 347486166 835527879 347486166 
567627354 615693231 567627354 626962980 
567627354 615693231 577097915 615693231 
745213628 439465820 749898411 439465820 
745213628 439465820 745213628 482659713 
381442213 803700205 403548944 804105891 
381442213 803700205 381442213 803700205 
749898411 439465820 765782650 439465820 
749898411 439465820 749898411 443007262 
530168930 660350690 530580658 687558473 
530168930 660350690 530168930 660350690 
794874443 397067402 816008380 397067402 
794874443 397067402 794874443 397139942 
895937479 296023762 895937479 314190880 
895937479 296023762 926380445 296023762 
425408312 767323235 425408312 786343682 
425408312 767323235 430332651 767323235 
701903615 491816618 702835463 504337483 
701903615 491816618 701903615 491816618 
567627354 626962980 584432113 628033783 
567627354 626962980 567627354 626962980 
356731670 839041978 376010035 839041978 
356731670 839041978 356731670 842070429 
282833339 913244473 283073685 925209869 
282833339 913244473 282833339 913244473 
952957903 244693905 952957903 270414062 
952957903 244693905 973178005 244693905 
493896867 704209751 493896867 709574086 
493896867 704209751 495561001 704209751 
604985154 596185094 608178893 596185094 
604985154 596185094 604985154 598335015 
631292579 571086551 636760611 590689379 
631292579 571086551 631292579 571086551 
493896867 709574086 493896867 727462341 
493896867 709574086 507541961 709574086 
666874744 540010119 696664510 540213354 
666874744 540010119 666874744 540010119 
403548944 804105891 408704583 804105891 
403548944 804105891 403548944 820328437 
283073685 925209869 333823002 925209869 
283073685 925209869 283073685 953289712 
895937479 314190880 906895095 314190880 
895937479 314190880 895937479 322021939 
425408312 786343682 425408312 798574727 
425408312 786343682 448004146 786343682 
584432113 628033783 606274982 628033783 
584432113 628033783 584432113 655055366 
816008380 397067402 832691571 397067402 
816008380 397067402 816008380 419722912 
376010035 839041978 376010035 862422540 
376010035 839041978 385405896 839041978 
530580658 687558473 538041327 689094214 
530580658 687558473 530580658 687558473 
906895095 314190880 910836274 354443062 
906895095 314190880 906895095 314190880 
493896867 727462341 493896867 766500164 
493896867 727462341 500005432 727462341 
952957903 270414062 952957903 306311158 
952957903 270414062 981022082 270414062 
425408312 798574727 425408312 809914735 
425408312 798574727 430065966 798574727 
538041327 689094214 538732745 722596565 
538041327 689094214 538041327 689094214 
636760611 590689379 658109887 600714626 
636760611 590689379 636760611 590689379 
745213628 482659713 745213628 494251124 
745213628 482659713 787734576 482659713 
832691571 397067402 842429642 397067402 
832691571 397067402 832691571 397778109 
606274982 628033783 622479326 628313758 
606274982 628033783 606274982 628033783 
425408312 809914735 431086550 816831461 
425408312 809914735 425408312 809914735 
816008380 419722912 821414787 427250105 
816008380 419722912 816008380 419722912 
696664510 540213354 725787017 540213354 
696664510 540213354 696664510 556675480 
376010035 862422540 404782500 862422540 
376010035 862422540 376010035 900726299 
745213628 494251124 747392886 496964383 
745213628 494251124 745213628 494251124 
584432113 655055366 584432113 665328525 
584432113 655055366 592192600 655055366 
747392886 496964383 759788445 504741729 
747392886 496964383 747392886 496964383 
431086550 816831461 444390258 816831461 
431086550 816831461 431086550 820466408 
821414787 427250105 823178592 427250105 
821414787 427250105 821414787 428352582 
584432113 665328525 608468274 665328525 
584432113 665328525 584432113 683459561 
823178592 427250105 839315012 433422394 
823178592 427250105 823178592 427250105 
658109887 600714626 712391720 607136266 
658109887 600714626 658109887 600714626 
333823002 925209869 333823002 944186462 
333823002 925209869 346194439 925209869 
952957903 306311158 970162977 332355746 
952957903 306311158 952957903 306311158 
493896867 766500164 519782949 766500164 
493896867 766500164 493896867 771254077 
444390258 816831461 457204935 816831461 
444390258 816831461 444390258 855632496 
538732745 722596565 553242533 722596565 
538732745 722596565 538732745 735049116 
759788445 504741729 764287222 504741729 
759788445 504741729 759788445 522959028 
910836274 354443062 918206697 394989830 
910836274 354443062 910836274 354443062 
725787017 540213354 738028731 545975870 
725787017 540213354 725787017 540213354 
404782500 862422540 404782500 889414546 
404782500 862422540 409703444 862422540 
787734576 482659713 800176967 495964347 
787734576 482659713 787734576 482659713 
839315012 433422394 839315012 440531143 
839315012 433422394 876879932 433422394 
608468274 665328525 622571883 665328525 
608468274 665328525 608468274 687049245 
457204935 816831461 507085386 816831461 
457204935 816831461 457204935 820084742 
553242533 722596565 572608161 740674987 
553242533 722596565 553242533 722596565 
333823002 944186462 354665299 944186462 
333823002 944186462 333823002 964066536 
839315012 440531143 840861502 440531143 
839315012 440531143 839315012 441151482 
738028731 545975870 738028731 566139560 
738028731 545975870 747649934 545975870 
519782949 766500164 532489893 773459653 
519782949 766500164 519782949 766500164 
622571883 665328525 628182876 665328525 
622571883 665328525 622571883 672608931 
404782500 889414546 418143064 913345106 
404782500 889414546 404782500 889414546 
608468274 687049245 630876013 687049245 
608468274 687049245 608468274 697267025 
800176967 495964347 800176967 512714329 
800176967 495964347 832489049 495964347 
444390258 855632496 482067936 878846360 
444390258 855632496 444390258 855632496 
970162977 332355746 985946948 332355746 
970162977 332355746 970162977 348440179 
738028731 566139560 745045435 576842051 
738028731 566139560 738028731 566139560 
532489893 773459653 562284040 773459653 
532489893 773459653 532489893 774479785 
876879932 433422394 876879932 442649025 
876879932 433422394 889408594 433422394 
800176967 512714329 800176967 545240834 
800176967 512714329 815104905 512714329 
918206697 394989830 933833234 394989830 
918206697 394989830 918206697 396979733 
572608161 740674987 572608161 749380969 
572608161 740674987 607503294 740674987 
630876013 687049245 658814527 705418680 
630876013 687049245 630876013 687049245 
985946948 332355746 999659031 345488241 
985946948 332355746 985946948 332355746 
970162977 348440179 972979384 351864794 
970162977 348440179 970162977 348440179 
712391720 607136266 734152855 607136266 
712391720 607136266 712391720 657842299 
876879932 442649025 880829376 460222034 
876879932 442649025 876879932 442649025 
572608161 749380969 573231603 753321687 
572608161 749380969 572608161 749380969 
507085386 816831461 526961180 816831461 
507085386 816831461 507085386 819585896 
933833234 394989830 969322018 412138500 
933833234 394989830 933833234 394989830 
418143064 913345106 435271243 913345106 
418143064 913345106 418143064 932618635 
562284040 773459653 577393713 792886526 
562284040 773459653 562284040 773459653 
880829376 460222034 880829376 475241813 
880829376 460222034 900796437 460222034 
734152855 607136266 747281334 607136266 
734152855 607136266 734152855 611085925 
526961180 816831461 526961180 829452005 
526961180 816831461 536885872 816831461 
800176967 545240834 800176967 555435068 
800176967 545240834 807005253 545240834 
607503294 740674987 612993478 740674987 
607503294 740674987 607503294 750905692 
435271243 913345106 437930893 915684172 
435271243 913345106 435271243 913345106 
418143064 932618635 418143064 943042204 
418143064 932618635 426828285 932618635 
437930893 915684172 438912702 915684172 
437930893 915684172 437930893 920334425 
612993478 740674987 623564665 740674987 
612993478 740674987 612993478 741591345 
747281334 607136266 747281334 641263517 
747281334 607136266 747759170 607136266 
800176967 555435068 839235859 555435068 
800176967 555435068 800176967 597401712 
880829376 475241813 889217402 501935402 
880829376 475241813 880829376 475241813 
526961180 829452005 533490950 829452005 
526961180 829452005 526961180 833075113 
607503294 750905692 616990655 761460326 
607503294 750905692 607503294 750905692 
482067936 878846360 482067936 903236796 
482067936 878846360 510544400 878846360 
900796437 460222034 909329613 460222034 
900796437 460222034 900796437 467572947 
418143064 943042204 418143064 957791082 
418143064 943042204 454849544 943042204 
533490950 829452005 552096213 829452005 
533490950 829452005 533490950 848800910 
658814527 705418680 671384774 705418680 
658814527 705418680 658814527 721142402 
712391720 657842299 713035625 658143424 
712391720 657842299 712391720 657842299 
577393713 792886526 579179595 795637666 
577393713 792886526 577393713 792886526 
713035625 658143424 713035625 673617465 
713035625 658143424 716913331 658143424 
579179595 795637666 579179595 805434914 
579179595 795637666 582449785 795637666 
418143064 957791082 424175079 968945004 
418143064 957791082 418143064 957791082 
671384774 705418680 686332554 708645548 
671384774 705418680 671384774 705418680 
616990655 761460326 630317638 761460326 
616990655 761460326 616990655 782413269 
969322018 412138500 974435209 412138500 
969322018 412138500 969322018 413244063 
579179595 805434914 598606650 805434914 
579179595 805434914 579179595 863498134 
482067936 903236796 493139394 903236796 
482067936 903236796 482067936 925259278 
713035625 673617465 713035625 692939592 
713035625 673617465 721610452 673617465 
747281334 641263517 747281334 648208644 
747281334 641263517 750822344 641263517 
510544400 878846360 513048244 888651242 
510544400 878846360 510544400 878846360 
889217402 501935402 894920450 501935402 
889217402 501935402 889217402 505936655 
630317638 761460326 630317638 770230363 
630317638 761460326 639060307 761460326 
424175079 968945004 436249542 985088897 
424175079 968945004 424175079 968945004 
839235859 555435068 858248082 558347949 
839235859 555435068 839235859 555435068 
747281334 648208644 770367601 651601665 
747281334 648208644 747281334 648208644 
493139394 903236796 499241772 903236796 
493139394 903236796 493139394 904555154 
894920450 501935402 901306544 523836808 
894920450 501935402 894920450 501935402 
800176967 597401712 813078910 597401712 
800176967 597401712 800176967 611008157 
454849544 943042204 454849544 947121532 
454849544 943042204 458846039 943042204 
630317638 770230363 631773000 771555890 
630317638 770230363 630317638 770230363 
513048244 888651242 537167705 896786000 
513048244 888651242 513048244 888651242 
454849544 947121532 467438044 953201206 
454849544 947121532 454849544 947121532 
631773000 771555890 648510114 771555890 
631773000 771555890 631773000 772294026 
598606650 805434914 615701660 808638619 
598606650 805434914 598606650 805434914 
713035625 692939592 723343838 692939592 
713035625 692939592 713035625 698921285 
482067936 925259278 493952409 925259278 
482067936 925259278 482067936 932821515 
813078910 597401712 830189094 597401712 
813078910 597401712 813078910 597759483 
800176967 611008157 800176967 639334066 
800176967 611008157 811945929 611008157 
723343838 692939592 723343838 714543478 
723343838 692939592 734478598 692939592 
858248082 558347949 862936267 558347949 
858248082 558347949 858248082 558560733 
493952409 925259278 493952409 933631193 
493952409 925259278 520026313 925259278 
648510114 771555890 660327283 771555890 
648510114 771555890 648510114 781633495 
467438044 953201206 471721057 953201206 
467438044 953201206 467438044 954400260 
436249542 985088897 446607931 985088897 
436249542 985088897 436249542 995262457 
615701660 808638619 631256088 808638619 
615701660 808638619 615701660 812058487 
901306544 523836808 901306544 534943976 
901306544 523836808 948350563 523836808 
493952409 933631193 493952409 944821477 
493952409 933631193 495977309 933631193 
830189094 597401712 836186319 598146094 
830189094 597401712 830189094 597401712 
660327283 771555890 667900440 778642935 
660327283 771555890 660327283 771555890 
537167705 896786000 555852615 896786000 
537167705 896786000 537167705 903168491 
836186319 598146094 858662367 612132721 
836186319 598146094 836186319 598146094 
901306544 534943976 905051302 558024045 
901306544 534943976 901306544 534943976 
723343838 714543478 748546265 714543478 
723343838 714543478 723343838 736671062 
493952409 944821477 512335500 944821477 
493952409 944821477 493952409 968734797 
800176967 639334066 800176967 648850658 
800176967 639334066 805800677 639334066 
631256088 808638619 647213462 814111510 
631256088 808638619 631256088 808638619 
579179595 863498134 581153408 869900812 
579179595 863498134 579179595 863498134 
520026313 925259278 533563163 925259278 
520026313 925259278 520026313 926980127 
667900440 778642935 667900440 784420778 
667900440 778642935 696325815 778642935 
800176967 648850658 802271416 648850658 
800176967 648850658 800176967 674139834 
802271416 648850658 837155658 649567335 
802271416 648850658 802271416 648850658 
667900440 784420778 672317513 784420778 
667900440 784420778 667900440 793625339 
555852615 896786000 613462039 896786000 
555852615 896786000 555852615 902668217 
512335500 944821477 524014777 952857671 
512335500 944821477 512335500 944821477 
647213462 814111510 655691606 814111510 
647213462 814111510 647213462 840652875 
905051302 558024045 911445223 591175796 
905051302 558024045 905051302 558024045 
748546265 714543478 757063185 719159986 
748546265 714543478 748546265 714543478 
655691606 814111510 673723776 818920215 
655691606 814111510 655691606 814111510 
858662367 612132721 877155749 612132721 
858662367 612132721 858662367 631970911 
948350563 523836808 953102687 524969689 
948350563 523836808 948350563 523836808 
800176967 674139834 811518095 677699060 
800176967 674139834 800176967 674139834 
696325815 778642935 713609514 778642935 
696325815 778642935 696325815 793972518 
757063185 719159986 759518496 719159986 
757063185 719159986 757063185 733501145 
524014777 952857671 524014777 958903086 
524014777 952857671 544422202 952857671 
953102687 524969689 953102687 540857921 
953102687 524969689 966665337 524969689 
524014777 958903086 524014777 981014684 
524014777 958903086 524314012 958903086 
837155658 649567335 840424926 671080081 
837155658 649567335 837155658 649567335 
811518095 677699060 811518095 715666105 
811518095 677699060 817583198 677699060 
713609514 778642935 726179402 778642935 
713609514 778642935 713609514 789386218 
673723776 818920215 683074816 818920215 
673723776 818920215 673723776 841681577 
953102687 540857921 968183163 540857921 
953102687 540857921 953102687 570565450 
544422202 952857671 568685448 956769991 
544422202 952857671 544422202 952857671 
683074816 818920215 692453780 818920215 
683074816 818920215 683074816 820871245 
911445223 591175796 914148750 593888484 
911445223 591175796 911445223 591175796 
726179402 778642935 726179402 798137980 
726179402 778642935 745741716 778642935 
524014777 981014684 539308725 985609973 
524014777 981014684 524014777 981014684 
914148750 593888484 914148750 606569469 
914148750 593888484 914687324 593888484 
968183163 540857921 973313473 540857921 
968183163 540857921 968183163 549271490 
613462039 896786000 618284288 896786000 
613462039 896786000 613462039 900555070 
840424926 671080081 857542467 671080081 
840424926 671080081 840424926 672832950 
618284288 896786000 652091839 896786000 
618284288 896786000 618284288 939832826 
673723776 841681577 701506639 841681577 
673723776 841681577 673723776 854983606 
914148750 606569469 914148750 613284189 
914148750 606569469 933772411 606569469 
953102687 570565450 976128156 570565450 
953102687 570565450 953102687 576335318 
726179402 798137980 736129781 798137980 
726179402 798137980 726179402 802653605 
745741716 778642935 757913022 778642935 
745741716 778642935 745741716 785224043 
539308725 985609973 551897873 985609973 
539308725 985609973 539308725 992914052 
811518095 715666105 819922552 717772520 
811518095 715666105 811518095 715666105 
914148750 613284189 914148750 636564650 
914148750 613284189 915044345 613284189 
857542467 671080081 870730376 671080081 
857542467 671080081 857542467 687487944 
757913022 778642935 757913022 781586717 
757913022 778642935 758527934 778642935 
819922552 717772520 846817876 717772520 
819922552 717772520 819922552 758286058 
757913022 781586717 773974979 781586717 
757913022 781586717 757913022 800562676 
933772411 606569469 954948721 606569469 
933772411 606569469 933772411 617846375 
870730376 671080081 872550940 671080081 
870730376 671080081 870730376 672120513 
701506639 841681577 723791875 841681577 
701506639 841681577 701506639 849660945 
872550940 671080081 879079382 671080081 
872550940 671080081 872550940 676012661 
652091839 896786000 676863679 896786000 
652091839 896786000 652091839 909053529 
879079382 671080081 892046598 671080081 
879079382 671080081 879079382 671702008 
914148750 636564650 914148750 651266873 
914148750 636564650 919279360 636564650 
773974979 781586717 781863179 788716141 
773974979 781586717 773974979 781586717 
618284288 939832826 618284288 953199443 
618284288 939832826 623189146 939832826 
954948721 606569469 958182095 606569469 
954948721 606569469 954948721 616992809 
846817876 717772520 865023664 741028784 
846817876 717772520 846817876 717772520 
958182095 606569469 985028869 608233810 
958182095 606569469 958182095 606569469 
914148750 651266873 925627931 651266873 
914148750 651266873 914148750 698156069 
723791875 841681577 737561931 841681577 
723791875 841681577 723791875 857325126 
781863179 788716141 781863179 806718877 
781863179 788716141 805477341 788716141 
618284288 953199443 618284288 979798659 
618284288 953199443 645730277 953199443 
676863679 896786000 685839425 896786000 
676863679 896786000 676863679 900600871 
925627931 651266873 952972070 652095017 
925627931 651266873 925627931 651266873 
819922552 758286058 836394303 763224599 
819922552 758286058 819922552 758286058 
737561931 841681577 748470354 841681577 
737561931 841681577 737561931 848004790 
685839425 896786000 685839425 918702866 
685839425 896786000 704565216 896786000 
781863179 806718877 781863179 827678677 
781863179 806718877 789470857 806718877 
748470354 841681577 760762453 841681577 
748470354 841681577 748470354 861473790 
805477341 788716141 810627665 795592427 
805477341 788716141 805477341 788716141 
618284288 979798659 638986153 982708411 
618284288 979798659 618284288 979798659 
836394303 763224599 836394303 775449679 
836394303 763224599 839126991 763224599 
685839425 918702866 703725758 918702866 
685839425 918702866 685839425 926940245 
952972070 652095017 952972070 662925590 
952972070 652095017 991679351 652095017 
865023664 741028784 865023664 751908994 
865023664 741028784 887697171 741028784 
781863179 827678677 790743867 858810558 
781863179 827678677 781863179 827678677 
836394303 775449679 836394303 813840648 
836394303 775449679 845065134 775449679 
952972070 662925590 962654201 662925590 
952972070 662925590 952972070 698860574 
865023664 751908994 872173744 752879049 
865023664 751908994 865023664 751908994 
638986153 982708411 658697456 982708411 
638986153 982708411 638986153 982873788 
703725758 918702866 710817700 918702866 
703725758 918702866 703725758 922860721 
962654201 662925590 972608227 667977402 
962654201 662925590 962654201 662925590 
887697171 741028784 889311986 764280168 
887697171 741028784 887697171 741028784 
710817700 918702866 710817700 927949484 
710817700 918702866 736102135 918702866 
710817700 927949484 713207174 927949484 
710817700 927949484 710817700 941753030 
658697456 982708411 678322259 983908696 
658697456 982708411 658697456 982708411 
991679351 652095017 992072318 658168998 
991679351 652095017 991679351 652095017 
790743867 858810558 790743867 861652899 
790743867 858810558 804826036 858810558 
836394303 813840648 836394303 823557858 
836394303 813840648 858614357 813840648 
952972070 698860574 952972070 704170521 
952972070 698860574 956369771 698860574 
790743867 861652899 790743867 866459513 
790743867 861652899 791416966 861652899 
889311986 764280168 889311986 769645972 
889311986 764280168 902214045 764280168 
736102135 918702866 736102135 926404054 
736102135 918702866 759696222 918702866 
952972070 704170521 952972070 737364355 
952972070 704170521 995132325 704170521 
790743867 866459513 792861231 877124208 
790743867 866459513 790743867 866459513 
889311986 769645972 889311986 778161534 
889311986 769645972 892904937 769645972 
836394303 823557858 836394303 846165628 
836394303 823557858 844484653 823557858 
678322259 983908696 705307112 994639244 
678322259 983908696 678322259 983908696 
736102135 926404054 736102135 955965885 
736102135 926404054 741019358 926404054 
804826036 858810558 812410371 862256184 
804826036 858810558 804826036 858810558 
902214045 764280168 919917856 767674347 
902214045 764280168 902214045 764280168 
889311986 778161534 889311986 782885438 
889311986 778161534 896727295 778161534 
889311986 782885438 890733123 809886152 
889311986 782885438 889311986 782885438 
759696222 918702866 788392008 941669470 
759696222 918702866 759696222 918702866 
836394303 846165628 850475844 855015960 
836394303 846165628 836394303 846165628 
952972070 737364355 952972070 753573445 
952972070 737364355 972602368 737364355 
736102135 955965885 745515037 955965885 
736102135 955965885 736102135 962537580 
705307112 994639244 721821436 994639244 
705307112 994639244 705307112 997541415 
890733123 809886152 890733123 824780356 
890733123 809886152 927086826 809886152 
745515037 955965885 745515037 966898700 
745515037 955965885 755534290 955965885 
850475844 855015960 861912009 874413793 
850475844 855015960 850475844 855015960 
952972070 753573445 957471719 769135819 
952972070 753573445 952972070 753573445 
972602368 737364355 979011386 742909024 
972602368 737364355 972602368 737364355 
745515037 966898700 750441650 966898700 
745515037 966898700 745515037 987727267 
890733123 824780356 892395001 824780356 
890733123 824780356 890733123 837136158 
957471719 769135819 961914841 781156033 
957471719 769135819 957471719 769135819 
788392008 941669470 788392008 950668714 
788392008 941669470 820507653 941669470 
861912009 874413793 869888266 894833439 
861912009 874413793 861912009 874413793 
927086826 809886152 927086826 826943591 
927086826 809886152 953489666 809886152 
788392008 950668714 789145681 954209857 
788392008 950668714 788392008 950668714 
961914841 781156033 999095337 783190169 
961914841 781156033 961914841 781156033 
789145681 954209857 793405514 984118651 
789145681 954209857 789145681 954209857 
927086826 826943591 937751669 826943591 
927086826 826943591 927086826 870074623 
820507653 941669470 830072777 941669470 
820507653 941669470 820507653 950431173 
937751669 826943591 974396070 828414865 
937751669 826943591 937751669 826943591 
830072777 941669470 848158326 941669470 
830072777 941669470 830072777 968855156 
793405514 984118651 801547588 986022882 
793405514 984118651 793405514 984118651 
848158326 941669470 848158326 959280806 
848158326 941669470 878084652 941669470 
927086826 870074623 931853685 902554479 
927086826 870074623 927086826 870074623 
974396070 828414865 997706818 831692173 
974396070 828414865 974396070 828414865 
848158326 959280806 861792042 959280806 
848158326 959280806 848158326 971716806 
861792042 959280806 870406689 962341893 
861792042 959280806 861792042 959280806 
870406689 962341893 870406689 967987961 
870406689 962341893 889721489 962341893 
931853685 902554479 931853685 929506763 
931853685 902554479 996233378 902554479 
870406689 967987961 875886400 967987961 
870406689 967987961 870406689 999927103 
889721489 962341893 917886091 963633957 
889721489 962341893 889721489 962341893 
931853685 929506763 939269042 931158929 
931853685 929506763 931853685 929506763 
917886091 963633957 917886091 970644466 
917886091 963633957 938975263 963633957 
917886091 970644466 922046013 970644466 
917886091 970644466 917886091 998625723 
938975263 963633957 938975263 972964701 
938975263 963633957 951132084 963633957 
938975263 972964701 939440170 986700905 
938975263 972964701 938975263 972964701 
951132084 963633957 960186244 963633957 
951132084 963633957 951132084 967504435 
960186244 963633957 975829442 966989611 
960186244 963633957 960186244 963633957 
975829442 966989611 990273131 966989611 
975829442 966989611 975829442 999443123 
