1998
0 0 35476040 0 
0 0 0 35531798 
35476040 0 52696294 0 
35476040 0 35476040 25535664 
0 35531798 9846710 35531798 
0 35531798 0 62234091 
9846710 35531798 9846710 39592142 
9846710 35531798 12300845 35531798 
9846710 39592142 11322846 43137574 
9846710 39592142 9846710 39592142 
52696294 0 52696294 8420857 
52696294 0 73611668 0 
35476040 25535664 35476040 35165078 
35476040 25535664 39754009 25535664 
52696294 8420857 53411127 16725401 
52696294 8420857 52696294 8420857 
0 62234091 15182237 62234091 
0 62234091 0 121521629 
35476040 35165078 62675700 43040596 
35476040 35165078 35476040 35165078 
73611668 0 73611668 2244449 
73611668 0 74692888 0 
73611668 2244449 76184900 2244449 
73611668 2244449 73611668 7602871 
15182237 62234091 25712923 62234091 
15182237 62234091 15182237 63357181 
76184900 2244449 99666591 2244449 
76184900 2244449 76184900 2504647 
73611668 7602871 74786225 7602871 
73611668 7602871 73611668 18454406 
25712923 62234091 25712923 71290875 
25712923 62234091 26399459 62234091 
25712923 71290875 30272096 71290875 
25712923 71290875 25712923 76708473 
30272096 71290875 36001607 71617464 
30272096 71290875 30272096 71290875 
99666591 2244449 127055803 2244449 
99666591 2244449 99666591 21545333 
36001607 71617464 68259992 71617464 
36001607 71617464 36001607 78092645 
0 121521629 0 153406029 
0 121521629 28662610 121521629 
127055803 2244449 142401034 2244449 
127055803 2244449 127055803 26563713 
68259992 71617464 68259992 87026655 
68259992 71617464 76397172 71617464 
142401034 2244449 224680844 4526410 
142401034 2244449 142401034 2244449 
0 153406029 13668816 153406029 
0 153406029 0 180641391 
127055803 26563713 137108054 26563713 
127055803 26563713 127055803 61447920 
68259992 87026655 69815041 96559779 
68259992 87026655 68259992 87026655 
137108054 26563713 141079842 27258958 
137108054 26563713 137108054 26563713 
13668816 153406029 16758141 153406029 
13668816 153406029 13668816 153607517 
16758141 153406029 38749718 153406029 
16758141 153406029 16758141 159935298 
0 180641391 0 197909374 
0 180641391 16758215 180641391 
127055803 61447920 127055803 93990368 
127055803 61447920 178717756 61447920 
38749718 153406029 61561141 153406029 
38749718 153406029 38749718 163815312 
0 197909374 62886 206843742 
0 197909374 0 197909374 
62886 206843742 62886 258282879 
62886 206843742 14614701 206843742 
61561141 153406029 64269512 153406029 
61561141 153406029 61561141 176499290 
64269512 153406029 83449895 153406029 
64269512 153406029 64269512 156045879 
127055803 93990368 142659517 101158860 
127055803 93990368 127055803 93990368 
224680844 4526410 309577739 4526410 
224680844 4526410 224680844 35233305 
61561141 176499290 61561141 186375139 
61561141 176499290 92503512 176499290 
178717756 61447920 200764420 61447920 
178717756 61447920 178717756 75845918 
142659517 101158860 156625016 101158860 
142659517 101158860 142659517 126573658 
61561141 186375139 70510636 191236651 
61561141 186375139 61561141 186375139 
62886 258282879 19968055 258282879 
62886 258282879 62886 324487657 
200764420 61447920 211536366 61447920 
200764420 61447920 200764420 110938694 
92503512 176499290 112743105 184999559 
92503512 176499290 92503512 176499290 
211536366 61447920 228353714 61447920 
211536366 61447920 211536366 63437559 
19968055 258282879 27707669 264856953 
19968055 258282879 19968055 258282879 
228353714 61447920 243546718 61447920 
228353714 61447920 228353714 71796723 
27707669 264856953 61804985 285802354 
27707669 264856953 27707669 264856953 
112743105 184999559 133726645 184999559 
112743105 184999559 112743105 210693318 
243546718 61447920 243546718 72908977 
243546718 61447920 268596805 61447920 
200764420 110938694 200764420 127888093 
200764420 110938694 212242553 110938694 
309577739 4526410 309577739 22883472 
309577739 4526410 368961286 4526410 
243546718 72908977 246011794 82942059 
243546718 72908977 243546718 72908977 
133726645 184999559 150304874 184999559 
133726645 184999559 133726645 195206666 
112743105 210693318 121986543 224515286 
112743105 210693318 112743105 210693318 
62886 324487657 23390819 324487657 
62886 324487657 62886 367195598 
200764420 127888093 209974805 127888093 
200764420 127888093 200764420 163323612 
268596805 61447920 299649615 61447920 
268596805 61447920 268596805 94980712 
309577739 22883472 326390482 28690424 
309577739 22883472 309577739 22883472 
150304874 184999559 152977099 188035993 
150304874 184999559 150304874 184999559 
209974805 127888093 220948181 131237780 
209974805 127888093 209974805 127888093 
152977099 188035993 168534922 188035993 
152977099 188035993 152977099 191729465 
121986543 224515286 138009598 256959395 
121986543 224515286 121986543 224515286 
61804985 285802354 66940178 289910551 
61804985 285802354 61804985 285802354 
23390819 324487657 23606097 325134039 
23390819 324487657 23390819 324487657 
23606097 325134039 36997227 325134039 
23606097 325134039 23606097 331482302 
220948181 131237780 231873965 131237780 
220948181 131237780 220948181 149863314 
326390482 28690424 326390482 30125134 
326390482 28690424 326765138 28690424 
326390482 30125134 326390482 37783764 
326390482 30125134 342430019 30125134 
168534922 188035993 168534922 200194499 
168534922 188035993 181230897 188035993 
66940178 289910551 93731784 306546801 
66940178 289910551 66940178 289910551 
36997227 325134039 54738741 325134039 
36997227 325134039 36997227 350135387 
231873965 131237780 251256965 131237780 
231873965 131237780 231873965 132715640 
326390482 37783764 327143767 65787848 
326390482 37783764 326390482 37783764 
62886 367195598 62886 380779003 
62886 367195598 4005420 367195598 
168534922 200194499 180684004 200194499 
168534922 200194499 168534922 221543987 
220948181 149863314 230820795 166706249 
220948181 149863314 220948181 149863314 
342430019 30125134 351455729 30125134 
342430019 30125134 342430019 38493157 
368961286 4526410 396681012 4526410 
368961286 4526410 368961286 7249778 
54738741 325134039 68423370 339593228 
54738741 325134039 54738741 325134039 
62886 380779003 62886 414137025 
62886 380779003 10616400 380779003 
180684004 200194499 204798084 203525954 
180684004 200194499 180684004 200194499 
351455729 30125134 360731152 30125134 
351455729 30125134 351455729 39798467 
251256965 131237780 261841639 131237780 
251256965 131237780 251256965 146125775 
36997227 350135387 47214647 375117319 
36997227 350135387 36997227 350135387 
168534922 221543987 182194811 221543987 
168534922 221543987 168534922 222269428 
360731152 30125134 366856724 30125134 
360731152 30125134 360731152 33003621 
327143767 65787848 339049915 101823134 
327143767 65787848 327143767 65787848 
261841639 131237780 270834459 136501087 
261841639 131237780 261841639 131237780 
138009598 256959395 163364041 256959395 
138009598 256959395 138009598 284856724 
230820795 166706249 230820795 187842354 
230820795 166706249 235781441 166706249 
93731784 306546801 104540300 310063997 
93731784 306546801 93731784 306546801 
396681012 4526410 440617668 4526410 
396681012 4526410 396681012 49972153 
182194811 221543987 183106956 221543987 
182194811 221543987 182194811 236057391 
270834459 136501087 270834459 147804456 
270834459 136501087 271114111 136501087 
68423370 339593228 68423370 348268290 
68423370 339593228 75101070 339593228 
204798084 203525954 217665999 214842591 
204798084 203525954 204798084 203525954 
62886 414137025 62886 416584043 
62886 414137025 2250533 414137025 
62886 416584043 15129607 416584043 
62886 416584043 62886 457919754 
68423370 348268290 68423370 352627220 
68423370 348268290 101614259 348268290 
270834459 147804456 272055334 154885764 
270834459 147804456 270834459 147804456 
230820795 187842354 243345011 187842354 
230820795 187842354 230820795 193984128 
163364041 256959395 180342877 256959395 
163364041 256959395 163364041 278419666 
68423370 352627220 68423370 357876499 
68423370 352627220 70917228 352627220 
47214647 375117319 48413267 397417837 
47214647 375117319 47214647 375117319 
138009598 284856724 139219298 284856724 
138009598 284856724 138009598 286938232 
68423370 357876499 69526235 357876499 
68423370 357876499 68423370 361859475 
272055334 154885764 286076497 165219353 
272055334 154885764 272055334 154885764 
243345011 187842354 264198257 187842354 
243345011 187842354 243345011 189772988 
15129607 416584043 24340935 416584043 
15129607 416584043 15129607 419899544 
217665999 214842591 217665999 220222599 
217665999 214842591 223006803 214842591 
180342877 256959395 198183650 256959395 
180342877 256959395 180342877 262126078 
217665999 220222599 217665999 224334622 
217665999 220222599 221091043 220222599 
339049915 101823134 339049915 117256141 
339049915 101823134 340695840 101823134 
24340935 416584043 25596949 424930226 
24340935 416584043 24340935 416584043 
163364041 278419666 168031756 278950207 
163364041 278419666 163364041 278419666 
217665999 224334622 220892981 224334622 
217665999 224334622 217665999 226426632 
440617668 4526410 440617668 27556151 
440617668 4526410 481672760 4526410 
220892981 224334622 220892981 234222837 
220892981 224334622 233312369 224334622 
396681012 49972153 397325582 49972153 
396681012 49972153 396681012 65517630 
168031756 278950207 168031756 290244659 
168031756 278950207 173964233 278950207 
101614259 348268290 101614259 363130394 
101614259 348268290 130747863 348268290 
25596949 424930226 30707318 424930226 
25596949 424930226 25596949 445804820 
264198257 187842354 312106948 188724705 
264198257 187842354 264198257 187842354 
220892981 234222837 226749006 240117720 
220892981 234222837 220892981 234222837 
198183650 256959395 210546728 260860806 
198183650 256959395 198183650 256959395 
30707318 424930226 33852478 428765405 
30707318 424930226 30707318 424930226 
339049915 117256141 367832823 117256141 
339049915 117256141 339049915 125519702 
233312369 224334622 242749816 224334622 
233312369 224334622 233312369 228512601 
62886 457919754 62886 476610914 
62886 457919754 3642851 457919754 
168031756 290244659 189744588 326380464 
168031756 290244659 168031756 290244659 
33852478 428765405 42528450 428765405 
33852478 428765405 33852478 433168561 
101614259 363130394 108049790 395626857 
101614259 363130394 101614259 363130394 
226749006 240117720 226749006 247151939 
226749006 240117720 226793842 240117720 
242749816 224334622 269113775 224334622 
242749816 224334622 242749816 229014471 
440617668 27556151 444250473 33004415 
440617668 27556151 440617668 27556151 
42528450 428765405 42528450 442073917 
42528450 428765405 42629018 428765405 
226749006 247151939 233832610 247151939 
226749006 247151939 226749006 256004242 
62886 476610914 17671897 476610914 
62886 476610914 62886 548683279 
444250473 33004415 444250473 52248721 
444250473 33004415 447167188 33004415 
130747863 348268290 133599929 348268290 
130747863 348268290 130747863 359350971 
233832610 247151939 233832610 253035259 
233832610 247151939 239561980 247151939 
42528450 442073917 60081578 442073917 
42528450 442073917 42528450 449041553 
367832823 117256141 378384762 117256141 
367832823 117256141 367832823 164600280 
481672760 4526410 481672760 37532879 
481672760 4526410 522416575 4526410 
233832610 253035259 243524384 256738113 
233832610 253035259 233832610 253035259 
17671897 476610914 17671897 482184941 
17671897 476610914 34626888 476610914 
378384762 117256141 379348750 117256141 
378384762 117256141 378384762 119248990 
444250473 52248721 447457155 52248721 
444250473 52248721 444250473 78847997 
379348750 117256141 395992199 117256141 
379348750 117256141 379348750 118198668 
17671897 482184941 23206508 486258433 
17671897 482184941 17671897 482184941 
243524384 256738113 249525588 256942743 
243524384 256738113 243524384 256738113 
312106948 188724705 334730942 188724705 
312106948 188724705 312106948 218832145 
108049790 395626857 128224113 395626857 
108049790 395626857 108049790 419953105 
249525588 256942743 249525588 269113904 
249525588 256942743 258913026 256942743 
23206508 486258433 23206508 493962433 
23206508 486258433 28383396 486258433 
34626888 476610914 40562592 478228839 
34626888 476610914 34626888 476610914 
395992199 117256141 395992199 131868552 
395992199 117256141 434241389 117256141 
189744588 326380464 189744588 334591563 
189744588 326380464 228946945 326380464 
23206508 493962433 23206508 502846747 
23206508 493962433 26917025 493962433 
249525588 269113904 264090434 288843928 
249525588 269113904 249525588 269113904 
481672760 37532879 499666584 37532879 
481672760 37532879 481672760 43336320 
334730942 188724705 345918420 196368821 
334730942 188724705 334730942 188724705 
128224113 395626857 151466028 399459306 
128224113 395626857 128224113 395626857 
189744588 334591563 193801486 334591563 
189744588 334591563 189744588 355031683 
23206508 502846747 23206508 520043378 
23206508 502846747 56204422 502846747 
522416575 4526410 568107865 4526410 
522416575 4526410 522416575 8174042 
395992199 131868552 397185050 148623700 
395992199 131868552 395992199 131868552 
312106948 218832145 312106948 240982963 
312106948 218832145 325395984 218832145 
367832823 164600280 378222286 164600280 
367832823 164600280 367832823 170537948 
499666584 37532879 510268556 67731832 
499666584 37532879 499666584 37532879 
345918420 196368821 345918420 204347088 
345918420 196368821 365534509 196368821 
23206508 520043378 39321393 520043378 
23206508 520043378 23206508 529377657 
397185050 148623700 397185050 164542853 
397185050 148623700 397497179 148623700 
62886 548683279 62886 567103129 
62886 548683279 227872 548683279 
345918420 204347088 352372981 220423270 
345918420 204347088 345918420 204347088 
151466028 399459306 178107307 399459306 
151466028 399459306 151466028 433679823 
434241389 117256141 482847553 117256141 
434241389 117256141 434241389 152776041 
264090434 288843928 264090434 307871808 
264090434 288843928 296253372 288843928 
312106948 240982963 319600865 241091960 
312106948 240982963 312106948 240982963 
228946945 326380464 228946945 342117357 
228946945 326380464 246920226 326380464 
56204422 502846747 56204422 511619458 
56204422 502846747 90974931 502846747 
39321393 520043378 42194656 534758444 
39321393 520043378 39321393 520043378 
319600865 241091960 319600865 246281141 
319600865 241091960 321900322 241091960 
397185050 164542853 407640821 185447823 
397185050 164542853 397185050 164542853 
365534509 196368821 371161749 196368821 
365534509 196368821 365534509 199359133 
319600865 246281141 319600865 257582336 
319600865 246281141 321935756 246281141 
62886 567103129 10792457 567103129 
62886 567103129 62886 586473651 
56204422 511619458 56204422 522502166 
56204422 511619458 63103763 511619458 
228946945 342117357 232178880 343953394 
228946945 342117357 228946945 342117357 
264090434 307871808 264090434 321545547 
264090434 307871808 268766825 307871808 
568107865 4526410 568107865 34255673 
568107865 4526410 613418957 4526410 
352372981 220423270 352372981 231765464 
352372981 220423270 358201407 220423270 
232178880 343953394 239542564 363826144 
232178880 343953394 232178880 343953394 
42194656 534758444 42638855 534758444 
42194656 534758444 42194656 534792076 
319600865 257582336 319600865 262273269 
319600865 257582336 319653602 257582336 
178107307 399459306 180275264 410152286 
178107307 399459306 178107307 399459306 
10792457 567103129 22842839 567103129 
10792457 567103129 10792457 574600152 
510268556 67731832 510268556 68612936 
510268556 67731832 510944909 67731832 
56204422 522502166 56204422 555107946 
56204422 522502166 72481972 522502166 
510268556 68612936 523423771 68612936 
510268556 68612936 510268556 73108888 
319600865 262273269 335586111 262273269 
319600865 262273269 319600865 268126233 
352372981 231765464 380108711 231765464 
352372981 231765464 352372981 243849550 
296253372 288843928 304236246 288843928 
296253372 288843928 296253372 295387013 
264090434 321545547 264743591 335465268 
264090434 321545547 264090434 321545547 
62886 586473651 62886 612349179 
62886 586473651 7184052 586473651 
180275264 410152286 180275264 432910095 
180275264 410152286 188071782 410152286 
523423771 68612936 535119450 68612936 
523423771 68612936 523423771 69006617 
304236246 288843928 317577575 288843928 
304236246 288843928 304236246 291415895 
407640821 185447823 417337011 197488785 
407640821 185447823 407640821 185447823 
90974931 502846747 90974931 510423152 
90974931 502846747 94903606 502846747 
335586111 262273269 335586111 265734771 
335586111 262273269 337630360 262273269 
482847553 117256141 491859681 120166478 
482847553 117256141 482847553 117256141 
264743591 335465268 278125610 335465268 
264743591 335465268 264743591 346630212 
335586111 265734771 339643374 265734771 
335586111 265734771 335586111 270416810 
90974931 510423152 90974931 528716256 
90974931 510423152 120380636 510423152 
568107865 34255673 573057847 63532084 
568107865 34255673 568107865 34255673 
239542564 363826144 245342718 363826144 
239542564 363826144 239542564 365942291 
535119450 68612936 536293413 69591547 
535119450 68612936 535119450 68612936 
317577575 288843928 322490574 294221508 
317577575 288843928 317577575 288843928 
56204422 555107946 58718624 577683251 
56204422 555107946 56204422 555107946 
380108711 231765464 380108711 253489537 
380108711 231765464 391256177 231765464 
491859681 120166478 491859681 135607224 
491859681 120166478 510902013 120166478 
62886 612349179 19902651 612349179 
62886 612349179 62886 635439443 
180275264 432910095 180275264 456303143 
180275264 432910095 196994877 432910095 
278125610 335465268 288279025 335465268 
278125610 335465268 278125610 394807668 
417337011 197488785 429796364 197488785 
417337011 197488785 417337011 218409640 
322490574 294221508 348787027 300023833 
322490574 294221508 322490574 294221508 
613418957 4526410 650187553 4526410 
613418957 4526410 613418957 6698957 
90974931 528716256 100698790 528716256 
90974931 528716256 90974931 533938197 
288279025 335465268 305931428 336458872 
288279025 335465268 288279025 335465268 
429796364 197488785 429796364 204029199 
429796364 197488785 449238630 197488785 
491859681 135607224 498801090 147106721 
491859681 135607224 491859681 135607224 
100698790 528716256 100698790 545584389 
100698790 528716256 101502738 528716256 
120380636 510423152 128932435 528377211 
120380636 510423152 120380636 510423152 
510902013 120166478 550720441 120754885 
510902013 120166478 510902013 120166478 
19902651 612349179 33446195 612349179 
19902651 612349179 19902651 615259740 
380108711 253489537 380108711 270870083 
380108711 253489537 382972135 253489537 
429796364 204029199 429855605 204029199 
429796364 204029199 429796364 205196485 
62886 635439443 19751368 635439443 
62886 635439443 62886 709536464 
417337011 218409640 430478105 246460212 
417337011 218409640 417337011 218409640 
58718624 577683251 79617868 577683251 
58718624 577683251 58718624 596939039 
180275264 456303143 196626625 456303143 
180275264 456303143 180275264 499334387 
573057847 63532084 573057847 80864707 
573057847 63532084 588575284 63532084 
305931428 336458872 330046131 341746424 
305931428 336458872 305931428 336458872 
498801090 147106721 499685887 172902267 
498801090 147106721 498801090 147106721 
100698790 545584389 103051369 561372410 
100698790 545584389 100698790 545584389 
449238630 197488785 454247480 209473284 
449238630 197488785 449238630 197488785 
348787027 300023833 354636295 300023833 
348787027 300023833 348787027 303612441 
380108711 270870083 380108711 288486494 
380108711 270870083 390405999 270870083 
196626625 456303143 208087426 466566517 
196626625 456303143 196626625 456303143 
573057847 80864707 599246301 82084525 
573057847 80864707 573057847 80864707 
354636295 300023833 357272806 301999870 
354636295 300023833 354636295 300023833 
650187553 4526410 663183705 4526410 
650187553 4526410 650187553 53774969 
19751368 635439443 19751368 644128215 
19751368 635439443 42616566 635439443 
79617868 577683251 86327676 578317452 
79617868 577683251 79617868 577683251 
128932435 528377211 136361270 528377211 
128932435 528377211 128932435 545614863 
357272806 301999870 369040027 301999870 
357272806 301999870 357272806 319377822 
454247480 209473284 473029699 230450760 
454247480 209473284 454247480 209473284 
19751368 644128215 19751368 656650784 
19751368 644128215 25427171 644128215 
103051369 561372410 113016696 561372410 
103051369 561372410 103051369 566759380 
86327676 578317452 86327676 591107334 
86327676 578317452 92391651 578317452 
136361270 528377211 136361270 531874204 
136361270 528377211 138604517 528377211 
663183705 4526410 713599382 4526410 
663183705 4526410 663183705 6499107 
136361270 531874204 167402403 532980370 
136361270 531874204 136361270 531874204 
380108711 288486494 395427201 288486494 
380108711 288486494 380108711 298924524 
550720441 120754885 550720441 142763431 
550720441 120754885 569724767 120754885 
330046131 341746424 330046131 353681314 
330046131 341746424 349662776 341746424 
499685887 172902267 526383494 172902267 
499685887 172902267 499685887 182624057 
278125610 394807668 289575189 410197110 
278125610 394807668 278125610 394807668 
128932435 545614863 140964811 554822608 
128932435 545614863 128932435 545614863 
208087426 466566517 227258937 466566517 
208087426 466566517 208087426 486125673 
19751368 656650784 38021236 666713763 
19751368 656650784 19751368 656650784 
86327676 591107334 122507828 598128309 
86327676 591107334 86327676 591107334 
42616566 635439443 59119093 635439443 
42616566 635439443 42616566 638286592 
180275264 499334387 187697505 499334387 
180275264 499334387 180275264 502725160 
599246301 82084525 611667265 90919557 
599246301 82084525 599246301 82084525 
330046131 353681314 337700114 370770208 
330046131 353681314 330046131 353681314 
395427201 288486494 395427201 330943596 
395427201 288486494 417432435 288486494 
550720441 142763431 552110371 150551665 
550720441 142763431 550720441 142763431 
227258937 466566517 245632031 468945169 
227258937 466566517 227258937 466566517 
208087426 486125673 208087426 501649314 
208087426 486125673 221246917 486125673 
59119093 635439443 87533709 648057318 
59119093 635439443 59119093 635439443 
140964811 554822608 142741983 555978246 
140964811 554822608 140964811 554822608 
142741983 555978246 159625793 557775287 
142741983 555978246 142741983 555978246 
526383494 172902267 546904452 172902267 
526383494 172902267 526383494 189856127 
473029699 230450760 486965259 230450760 
473029699 230450760 473029699 258185739 
650187553 53774969 650187553 80518609 
650187553 53774969 656525520 53774969 
38021236 666713763 43422948 666713763 
38021236 666713763 38021236 669817555 
337700114 370770208 337700114 403338943 
337700114 370770208 342190525 370770208 
62886 709536464 62886 729198586 
62886 709536464 27585668 709536464 
208087426 501649314 213212227 511146314 
208087426 501649314 208087426 501649314 
245632031 468945169 274739070 468945169 
245632031 468945169 245632031 480035786 
159625793 557775287 159625793 589303121 
159625793 557775287 168385906 557775287 
486965259 230450760 522418719 235498387 
486965259 230450760 486965259 230450760 
713599382 4526410 713599382 23887715 
713599382 4526410 787216092 4526410 
546904452 172902267 546904452 182170120 
546904452 172902267 608157702 172902267 
213212227 511146314 239760824 511146314 
213212227 511146314 213212227 512821793 
395427201 330943596 417683057 330943596 
395427201 330943596 395427201 339652502 
546904452 182170120 550496383 189715082 
546904452 182170120 546904452 182170120 
62886 729198586 62886 810116923 
62886 729198586 12273408 729198586 
650187553 80518609 655208547 80518609 
650187553 80518609 650187553 113938441 
87533709 648057318 89388755 654455510 
87533709 648057318 87533709 648057318 
655208547 80518609 692452825 85302174 
655208547 80518609 655208547 80518609 
27585668 709536464 29644253 718358019 
27585668 709536464 27585668 709536464 
713599382 23887715 718527241 23887715 
713599382 23887715 713599382 25250402 
550496383 189715082 550496383 213026593 
550496383 189715082 554129173 189715082 
337700114 403338943 337700114 427776912 
337700114 403338943 380272366 403338943 
718527241 23887715 721555326 25712359 
718527241 23887715 718527241 23887715 
274739070 468945169 274739070 491993445 
274739070 468945169 280687051 468945169 
89388755 654455510 112092877 657482816 
89388755 654455510 89388755 654455510 
721555326 25712359 721555326 30400895 
721555326 25712359 731873440 25712359 
29644253 718358019 29644253 729203042 
29644253 718358019 69262960 718358019 
417683057 330943596 439178734 330943596 
417683057 330943596 417683057 354574173 
159625793 589303121 170873406 589303121 
159625793 589303121 159625793 609497255 
239760824 511146314 249090768 511146314 
239760824 511146314 239760824 530404224 
721555326 30400895 724037326 30400895 
721555326 30400895 721555326 32760154 
724037326 30400895 724037326 40225428 
724037326 30400895 724711590 30400895 
522418719 235498387 531090269 246084396 
522418719 235498387 522418719 235498387 
29644253 729203042 29644253 738029748 
29644253 729203042 38291775 729203042 
170873406 589303121 183176740 597897663 
170873406 589303121 170873406 589303121 
550496383 213026593 574492442 213026593 
550496383 213026593 550496383 217712177 
650187553 113938441 671796105 116029465 
650187553 113938441 650187553 113938441 
724037326 40225428 724037326 67807394 
724037326 40225428 738888079 40225428 
337700114 427776912 349608548 427776912 
337700114 427776912 337700114 436509575 
274739070 491993445 287461350 491993445 
274739070 491993445 274739070 524211732 
29644253 738029748 42592937 738029748 
29644253 738029748 29644253 746543930 
159625793 609497255 159625793 623108200 
159625793 609497255 160642220 609497255 
112092877 657482816 125973835 657482816 
112092877 657482816 112092877 682718644 
439178734 330943596 452494112 340495438 
439178734 330943596 439178734 330943596 
531090269 246084396 542966347 272287161 
531090269 246084396 531090269 246084396 
349608548 427776912 349608548 442020770 
349608548 427776912 372040631 427776912 
287461350 491993445 295011590 491993445 
287461350 491993445 287461350 503322467 
42592937 738029748 52234335 748371929 
42592937 738029748 42592937 738029748 
608157702 172902267 633703519 175484224 
608157702 172902267 608157702 172902267 
159625793 623108200 164125764 633125809 
159625793 623108200 159625793 623108200 
125973835 657482816 125973835 670033452 
125973835 657482816 136329571 657482816 
380272366 403338943 407360646 403338943 
380272366 403338943 380272366 405571984 
295011590 491993445 299642969 491993445 
295011590 491993445 295011590 494978952 
574492442 213026593 574492442 230806675 
574492442 213026593 581637402 213026593 
69262960 718358019 94393585 718358019 
69262960 718358019 69262960 725506693 
671796105 116029465 671796105 130613373 
671796105 116029465 694542523 116029465 
349608548 442020770 362793308 442020770 
349608548 442020770 349608548 449714512 
299642969 491993445 310006287 491993445 
299642969 491993445 299642969 508934523 
787216092 4526410 787216092 14818466 
787216092 4526410 858979897 4526410 
724037326 67807394 724037326 79684097 
724037326 67807394 733185357 67807394 
452494112 340495438 456815812 361290413 
452494112 340495438 452494112 340495438 
125973835 670033452 125973835 673502777 
125973835 670033452 127777705 670033452 
164125764 633125809 164125764 649447438 
164125764 633125809 191444376 633125809 
274739070 524211732 274739070 553384354 
274739070 524211732 284415015 524211732 
125973835 673502777 130791885 699705415 
125973835 673502777 125973835 673502777 
52234335 748371929 68412004 748371929 
52234335 748371929 52234335 748492885 
787216092 14818466 787216092 26394559 
787216092 14818466 789608567 14818466 
671796105 130613373 676287548 134781920 
671796105 130613373 671796105 130613373 
724037326 79684097 770124654 79684097 
724037326 79684097 724037326 86915576 
362793308 442020770 362793308 474876407 
362793308 442020770 389296608 442020770 
574492442 230806675 587548011 236326119 
574492442 230806675 574492442 230806675 
633703519 175484224 633703519 189218062 
633703519 175484224 653661887 175484224 
62886 810116923 12692862 810116923 
62886 810116923 62886 860948626 
694542523 116029465 695263798 123296646 
694542523 116029465 694542523 116029465 
407360646 403338943 425265426 403338943 
407360646 403338943 407360646 404632670 
164125764 649447438 166774703 649447438 
164125764 649447438 164125764 671126032 
787216092 26394559 787216092 30035340 
787216092 26394559 790437624 26394559 
542966347 272287161 546343844 272287161 
542966347 272287161 542966347 306702503 
68412004 748371929 92671175 748371929 
68412004 748371929 68412004 776693449 
787216092 30035340 787216092 34374124 
787216092 30035340 810206798 30035340 
456815812 361290413 481128467 361290413 
456815812 361290413 456815812 369167790 
695263798 123296646 708735122 132132853 
695263798 123296646 695263798 123296646 
546343844 272287161 555192737 272287161 
546343844 272287161 546343844 273975512 
787216092 34374124 791338675 41375385 
787216092 34374124 787216092 34374124 
12692862 810116923 34742090 815589792 
12692862 810116923 12692862 810116923 
633703519 189218062 646332146 214964389 
633703519 189218062 633703519 189218062 
191444376 633125809 202283773 633125809 
191444376 633125809 191444376 649892425 
555192737 272287161 567395587 272287161 
555192737 272287161 555192737 281097403 
274739070 553384354 274739070 557927904 
274739070 553384354 293728778 553384354 
425265426 403338943 439832394 414116475 
425265426 403338943 425265426 403338943 
653661887 175484224 659501487 175484224 
653661887 175484224 653661887 179850086 
130791885 699705415 130791885 714928591 
130791885 699705415 139814833 699705415 
274739070 557927904 275492156 560420103 
274739070 557927904 274739070 557927904 
202283773 633125809 220854183 633125809 
202283773 633125809 202283773 641339678 
275492156 560420103 277632676 573243923 
275492156 560420103 275492156 560420103 
362793308 474876407 377033659 474876407 
362793308 474876407 362793308 496215146 
567395587 272287161 567395587 294745796 
567395587 272287161 577483873 272287161 
810206798 30035340 814916099 65126697 
810206798 30035340 810206798 30035340 
708735122 132132853 714969069 132132853 
708735122 132132853 708735122 168621611 
92671175 748371929 93371578 757075890 
92671175 748371929 92671175 748371929 
191444376 649892425 191612777 661148622 
191444376 649892425 191444376 649892425 
481128467 361290413 481128467 375935226 
481128467 361290413 505467806 361290413 
130791885 714928591 130791885 739380813 
130791885 714928591 143463378 714928591 
714969069 132132853 739847448 135077653 
714969069 132132853 714969069 132132853 
293728778 553384354 321049624 564760228 
293728778 553384354 293728778 553384354 
542966347 306702503 550080833 330575470 
542966347 306702503 542966347 306702503 
34742090 815589792 43318743 815589792 
34742090 815589792 34742090 837310207 
93371578 757075890 103690764 796108988 
93371578 757075890 93371578 757075890 
277632676 573243923 278150077 575269623 
277632676 573243923 277632676 573243923 
377033659 474876407 383409846 474876407 
377033659 474876407 377033659 481670285 
191612777 661148622 201146374 661148622 
191612777 661148622 191612777 685711272 
278150077 575269623 287054800 609564844 
278150077 575269623 278150077 575269623 
439832394 414116475 443334655 414116475 
439832394 414116475 439832394 458544416 
481128467 375935226 481128467 400313404 
481128467 375935226 486262948 375935226 
443334655 414116475 449210886 415301001 
443334655 414116475 443334655 414116475 
43318743 815589792 60885704 815757756 
43318743 815589792 43318743 815589792 
362793308 496215146 362793308 528820060 
362793308 496215146 392151854 496215146 
62886 860948626 62886 883508743 
62886 860948626 1419482 860948626 
646332146 214964389 646332146 237881442 
646332146 214964389 674960463 214964389 
567395587 294745796 592799764 294745796 
567395587 294745796 567395587 307052871 
201146374 661148622 222365154 661754150 
201146374 661148622 201146374 661148622 
858979897 4526410 865789177 10374104 
858979897 4526410 858979897 4526410 
449210886 415301001 458210264 415301001 
449210886 415301001 449210886 423901454 
505467806 361290413 511588323 361290413 
505467806 361290413 505467806 378746529 
130791885 739380813 130791885 751330152 
130791885 739380813 155901361 739380813 
511588323 361290413 513817558 364999674 
511588323 361290413 511588323 361290413 
458210264 415301001 458210264 432019779 
458210264 415301001 464884060 415301001 
739847448 135077653 739847448 147096596 
739847448 135077653 744203162 135077653 
865789177 10374104 865789177 22390039 
865789177 10374104 931276193 10374104 
60885704 815757756 61891229 815757756 
60885704 815757756 60885704 833361120 
708735122 168621611 720042234 201065718 
708735122 168621611 708735122 168621611 
814916099 65126697 825502066 65126697 
814916099 65126697 814916099 67872710 
550080833 330575470 550080833 349565176 
550080833 330575470 558485333 330575470 
481128467 400313404 485237727 400313404 
481128467 400313404 481128467 406071634 
130791885 751330152 130791885 770246708 
130791885 751330152 131894269 751330152 
62886 883508743 8158316 896878266 
62886 883508743 62886 883508743 
222365154 661754150 251426453 681715567 
222365154 661754150 222365154 661754150 
646332146 237881442 651675036 237881442 
646332146 237881442 646332146 260593837 
505467806 378746529 511418075 387627523 
505467806 378746529 505467806 378746529 
739847448 147096596 755743121 147096596 
739847448 147096596 739847448 150332174 
592799764 294745796 623702734 294745796 
592799764 294745796 592799764 298038540 
865789177 22390039 865789177 32197554 
865789177 22390039 872664536 22390039 
674960463 214964389 675337466 231575790 
674960463 214964389 674960463 214964389 
458210264 432019779 458210264 438678200 
458210264 432019779 458993745 432019779 
362793308 528820060 388984257 528820060 
362793308 528820060 362793308 581686983 
155901361 739380813 180323716 739380813 
155901361 739380813 155901361 743394603 
287054800 609564844 302273687 609564844 
287054800 609564844 287054800 625794514 
458210264 438678200 466851241 448070370 
458210264 438678200 458210264 438678200 
865789177 32197554 881125806 32197554 
865789177 32197554 865789177 72038206 
511418075 387627523 511418075 398301319 
511418075 387627523 516718945 387627523 
550080833 349565176 550080833 376864891 
550080833 349565176 583733338 349565176 
103690764 796108988 103690764 809597507 
103690764 796108988 106450173 796108988 
130791885 770246708 130791885 788514806 
130791885 770246708 134371007 770246708 
755743121 147096596 782121554 147096596 
755743121 147096596 755743121 154700282 
8158316 896878266 21190419 896878266 
8158316 896878266 8158316 920381862 
675337466 231575790 697279197 231575790 
675337466 231575790 675337466 231955648 
511418075 398301319 511418075 414063079 
511418075 398301319 517399453 398301319 
302273687 609564844 313657567 609564844 
302273687 609564844 302273687 615565067 
287054800 625794514 293375866 635796715 
287054800 625794514 287054800 625794514 
103690764 809597507 103690764 813798025 
103690764 809597507 111827077 809597507 
881125806 32197554 893918562 32197554 
881125806 32197554 881125806 35370746 
466851241 448070370 466851241 476774278 
466851241 448070370 488427038 448070370 
103690764 813798025 104398688 852786141 
103690764 813798025 103690764 813798025 
388984257 528820060 411134785 543310621 
388984257 528820060 388984257 528820060 
21190419 896878266 56261371 896878266 
21190419 896878266 21190419 904639634 
623702734 294745796 640621673 294745796 
623702734 294745796 623702734 308511850 
130791885 788514806 132250766 788514806 
130791885 788514806 130791885 789302113 
180323716 739380813 180323716 768539399 
180323716 739380813 186551453 739380813 
720042234 201065718 734123087 211621605 
720042234 201065718 720042234 201065718 
111827077 809597507 142279116 812181771 
111827077 809597507 111827077 809597507 
313657567 609564844 313657567 623459805 
313657567 609564844 333850990 609564844 
511418075 414063079 517852799 428384889 
511418075 414063079 511418075 414063079 
893918562 32197554 901269107 32197554 
893918562 32197554 893918562 39331144 
550080833 376864891 553967617 389475951 
550080833 376864891 550080833 376864891 
8158316 920381862 8158316 923239631 
8158316 920381862 14207189 920381862 
697279197 231575790 707177215 231575790 
697279197 231575790 697279197 251952638 
293375866 635796715 298270287 641092258 
293375866 635796715 293375866 635796715 
782121554 147096596 782121554 165648232 
782121554 147096596 804452989 147096596 
8158316 923239631 8286617 963826472 
8158316 923239631 8158316 923239631 
251426453 681715567 275668604 681715567 
251426453 681715567 251426453 728657772 
583733338 349565176 583733338 355973073 
583733338 349565176 588862659 349565176 
640621673 294745796 659936737 294745796 
640621673 294745796 640621673 295930043 
313657567 623459805 320403693 635841370 
313657567 623459805 313657567 623459805 
865789177 72038206 889920586 72038206 
865789177 72038206 865789177 79356523 
707177215 231575790 711716048 236381745 
707177215 231575790 707177215 231575790 
583733338 355973073 624131014 362232399 
583733338 355973073 583733338 355973073 
931276193 10374104 931276193 31543484 
931276193 10374104 964556628 10374104 
553967617 389475951 553967617 402245759 
553967617 389475951 566461681 389475951 
466851241 476774278 468067386 478948661 
466851241 476774278 466851241 476774278 
734123087 211621605 734123087 214333078 
734123087 211621605 743098863 211621605 
468067386 478948661 470004511 487010865 
468067386 478948661 468067386 478948661 
782121554 165648232 793195982 182941360 
782121554 165648232 782121554 165648232 
734123087 214333078 734123087 249414826 
734123087 214333078 735440173 214333078 
180323716 768539399 185524053 771264293 
180323716 768539399 180323716 768539399 
56261371 896878266 64427838 896878266 
56261371 896878266 56261371 900101870 
411134785 543310621 411134785 545585438 
411134785 543310621 413147023 543310621 
142279116 812181771 173234045 812181771 
142279116 812181771 142279116 822958631 
743098863 211621605 759986177 211621605 
743098863 211621605 743098863 216525253 
553967617 402245759 553967617 436865581 
553967617 402245759 593372297 402245759 
320403693 635841370 325769033 635841370 
320403693 635841370 320403693 636590542 
411134785 545585438 411134785 551022963 
411134785 545585438 452107071 545585438 
185524053 771264293 191982186 772427012 
185524053 771264293 185524053 771264293 
470004511 487010865 483820223 487010865 
470004511 487010865 470004511 494695774 
104398688 852786141 130213546 852786141 
104398688 852786141 104398688 863541596 
275668604 681715567 286139158 681715567 
275668604 681715567 275668604 694233472 
64427838 896878266 84707705 896878266 
64427838 896878266 64427838 907860406 
325769033 635841370 325769033 647488666 
325769033 635841370 357895532 635841370 
889920586 72038206 919539795 72038206 
889920586 72038206 889920586 122446368 
411134785 551022963 411134785 560254057 
411134785 551022963 413692535 551022963 
931276193 31543484 948951370 31543484 
931276193 31543484 931276193 42718253 
191982186 772427012 222230583 774387254 
191982186 772427012 191982186 772427012 
286139158 681715567 289947731 686131417 
286139158 681715567 286139158 681715567 
483820223 487010865 483820223 506169660 
483820223 487010865 503208942 487010865 
411134785 560254057 411134785 570945448 
411134785 560254057 412654112 560254057 
759986177 211621605 777199946 230687683 
759986177 211621605 759986177 211621605 
8286617 963826472 8286617 981697308 
8286617 963826472 38588777 963826472 
325769033 647488666 325769033 664079844 
325769033 647488666 333387919 647488666 
964556628 10374104 964556628 16685297 
964556628 10374104 968321901 10374104 
793195982 182941360 820947266 182941360 
793195982 182941360 793195982 183726553 
251426453 728657772 251426453 755695150 
251426453 728657772 296967120 728657772 
964556628 16685297 964556628 54533622 
964556628 16685297 998271025 16685297 
84707705 896878266 89722210 932151716 
84707705 896878266 84707705 896878266 
411134785 570945448 412793930 574029156 
411134785 570945448 411134785 570945448 
130213546 852786141 136337789 858393729 
130213546 852786141 130213546 852786141 
734123087 249414826 734123087 307461868 
734123087 249414826 742305387 249414826 
173234045 812181771 176490312 831170605 
173234045 812181771 173234045 812181771 
624131014 362232399 624131014 381694254 
624131014 362232399 657032682 362232399 
412793930 574029156 424695001 574029156 
412793930 574029156 412793930 580586685 
325769033 664079844 325769033 687317031 
325769033 664079844 335332047 664079844 
8286617 981697308 24793771 981697308 
8286617 981697308 8286617 989426934 
483820223 506169660 488585188 521064117 
483820223 506169660 483820223 506169660 
503208942 487010865 514938275 487010865 
503208942 487010865 503208942 493614948 
553967617 436865581 572494103 436865581 
553967617 436865581 553967617 439547385 
919539795 72038206 937012404 72038206 
919539795 72038206 919539795 76516140 
357895532 635841370 377166192 635841370 
357895532 635841370 357895532 654597917 
136337789 858393729 149948648 858393729 
136337789 858393729 136337789 881979566 
593372297 402245759 593372297 409003904 
593372297 402245759 599922033 402245759 
222230583 774387254 226575672 809008515 
222230583 774387254 222230583 774387254 
424695001 574029156 436503525 578868058 
424695001 574029156 424695001 574029156 
514938275 487010865 523665927 497748141 
514938275 487010865 514938275 487010865 
593372297 409003904 605798306 409717276 
593372297 409003904 593372297 409003904 
38588777 963826472 51469166 963826472 
38588777 963826472 38588777 966046105 
820947266 182941360 844603747 184607254 
820947266 182941360 820947266 182941360 
624131014 381694254 624131014 384565161 
624131014 381694254 630025105 381694254 
251426453 755695150 272479801 759121825 
251426453 755695150 251426453 755695150 
777199946 230687683 780354772 230687683 
777199946 230687683 777199946 232333707 
149948648 858393729 175717714 861714831 
149948648 858393729 149948648 858393729 
624131014 384565161 625612424 384565161 
624131014 384565161 624131014 394157036 
937012404 72038206 946702482 72038206 
937012404 72038206 937012404 79656802 
488585188 521064117 496208123 541418662 
488585188 521064117 488585188 521064117 
780354772 230687683 793802850 230687683 
780354772 230687683 780354772 237836702 
889920586 122446368 889920586 140519416 
889920586 122446368 890529557 122446368 
377166192 635841370 404034778 635841370 
377166192 635841370 377166192 637047047 
325769033 687317031 339575062 690796041 
325769033 687317031 325769033 687317031 
51469166 963826472 60748702 987394653 
51469166 963826472 51469166 963826472 
436503525 578868058 443367033 579246456 
436503525 578868058 436503525 578868058 
605798306 409717276 612620087 409717276 
605798306 409717276 605798306 411510355 
136337789 881979566 136337789 907173467 
136337789 881979566 141661762 881979566 
946702482 72038206 946702482 82583383 
946702482 72038206 947986238 72038206 
964556628 54533622 979316987 66228926 
964556628 54533622 964556628 54533622 
657032682 362232399 698532292 362232399 
657032682 362232399 657032682 373796334 
523665927 497748141 533002145 500173905 
523665927 497748141 523665927 497748141 
89722210 932151716 111357993 940075645 
89722210 932151716 89722210 932151716 
612620087 409717276 633337011 409717276 
612620087 409717276 612620087 443072047 
443367033 579246456 443367033 598422522 
443367033 579246456 458393560 579246456 
793802850 230687683 814898060 230687683 
793802850 230687683 793802850 251282410 
296967120 728657772 318335160 737804487 
296967120 728657772 296967120 728657772 
844603747 184607254 860212552 184607254 
844603747 184607254 844603747 185147912 
946702482 82583383 954949699 87364809 
946702482 82583383 946702482 82583383 
339575062 690796041 349636365 698704483 
339575062 690796041 339575062 690796041 
889920586 140519416 889920586 158434475 
889920586 140519416 941849466 140519416 
272479801 759121825 287830643 759121825 
272479801 759121825 272479801 762501920 
533002145 500173905 533002145 511276550 
533002145 500173905 566622112 500173905 
175717714 861714831 185907111 861714831 
175717714 861714831 175717714 882078839 
496208123 541418662 496208123 575735152 
496208123 541418662 499497071 541418662 
404034778 635841370 404034778 649230982 
404034778 635841370 413361321 635841370 
734123087 307461868 737025182 315740585 
734123087 307461868 734123087 307461868 
443367033 598422522 459229064 598422522 
443367033 598422522 443367033 615301175 
954949699 87364809 970203892 93331991 
954949699 87364809 954949699 87364809 
633337011 409717276 652389874 409717276 
633337011 409717276 633337011 422161048 
136337789 907173467 136337789 925545743 
136337789 907173467 142690161 907173467 
533002145 511276550 538668379 518403396 
533002145 511276550 533002145 511276550 
814898060 230687683 831465023 230687683 
814898060 230687683 814898060 282144073 
287830643 759121825 294137337 785739227 
287830643 759121825 287830643 759121825 
185907111 861714831 190047838 870239687 
185907111 861714831 185907111 861714831 
889920586 158434475 889920586 176367622 
889920586 158434475 905883308 158434475 
737025182 315740585 761191645 315740585 
737025182 315740585 737025182 328610428 
404034778 649230982 416161701 655396736 
404034778 649230982 404034778 649230982 
612620087 443072047 612620087 446287853 
612620087 443072047 627536537 443072047 
318335160 737804487 365708385 744516310 
318335160 737804487 318335160 737804487 
175717714 882078839 186086107 882078839 
175717714 882078839 175717714 887152714 
612620087 446287853 612620087 490494222 
612620087 446287853 613100998 446287853 
698532292 362232399 723134884 377623887 
698532292 362232399 698532292 362232399 
136337789 925545743 149335888 925545743 
136337789 925545743 136337789 925911876 
831465023 230687683 837676392 230687683 
831465023 230687683 831465023 232576033 
970203892 93331991 983480783 93331991 
970203892 93331991 970203892 115845324 
889920586 176367622 899304207 176367622 
889920586 176367622 889920586 186683384 
566622112 500173905 569637956 521272598 
566622112 500173905 566622112 500173905 
186086107 882078839 209650422 882078839 
186086107 882078839 186086107 884381564 
837676392 230687683 838795922 233986885 
837676392 230687683 837676392 230687683 
627536537 443072047 632484121 443072047 
627536537 443072047 627536537 453703150 
416161701 655396736 416161701 668724028 
416161701 655396736 423947706 655396736 
496208123 575735152 496208123 591810933 
496208123 575735152 530147449 575735152 
838795922 233986885 838795922 252061433 
838795922 233986885 848649094 233986885 
149335888 925545743 159038157 925545743 
149335888 925545743 149335888 942358591 
632484121 443072047 646795241 447908452 
632484121 443072047 632484121 443072047 
899304207 176367622 906500788 176941123 
899304207 176367622 899304207 176367622 
294137337 785739227 294137337 794029242 
294137337 785739227 300771132 785739227 
941849466 140519416 941849466 148405789 
941849466 140519416 943485664 140519416 
906500788 176941123 906500788 184978520 
906500788 176941123 912638993 176941123 
159038157 925545743 164229769 925545743 
159038157 925545743 159038157 934880027 
416161701 668724028 416161701 703012064 
416161701 668724028 443381494 668724028 
496208123 591810933 501773530 591810933 
496208123 591810933 496208123 600719424 
294137337 794029242 294137337 818941007 
294137337 794029242 323216042 794029242 
164229769 925545743 172222585 928391424 
164229769 925545743 164229769 925545743 
941849466 148405789 945816822 148405789 
941849466 148405789 941849466 168228353 
838795922 252061433 844394762 252061433 
838795922 252061433 838795922 253430916 
569637956 521272598 569637956 536395760 
569637956 521272598 586143140 521272598 
906500788 184978520 913751226 221190767 
906500788 184978520 906500788 184978520 
149335888 942358591 156325025 942358591 
149335888 942358591 149335888 948088104 
209650422 882078839 225336300 882078839 
209650422 882078839 209650422 885508329 
501773530 591810933 504643573 591810933 
501773530 591810933 501773530 597148022 
945816822 148405789 956060193 148405789 
945816822 148405789 945816822 149000991 
646795241 447908452 673601608 447908452 
646795241 447908452 646795241 455887452 
504643573 591810933 512692855 591810933 
504643573 591810933 504643573 592912196 
844394762 252061433 845912083 269510934 
844394762 252061433 844394762 252061433 
814898060 282144073 821235603 295348282 
814898060 282144073 814898060 282144073 
501773530 597148022 502358622 644173797 
501773530 597148022 501773530 597148022 
172222585 928391424 177563261 928391424 
172222585 928391424 172222585 952909795 
723134884 377623887 723134884 418919896 
723134884 377623887 773520206 377623887 
612620087 490494222 628043313 498653351 
612620087 490494222 612620087 490494222 
956060193 148405789 964706104 148405789 
956060193 148405789 956060193 162309691 
530147449 575735152 537797852 594683078 
530147449 575735152 530147449 575735152 
177563261 928391424 184251599 928391424 
177563261 928391424 177563261 930612739 
569637956 536395760 582936722 536395760 
569637956 536395760 569637956 546539304 
941849466 168228353 943307738 174503666 
941849466 168228353 941849466 168228353 
365708385 744516310 387370310 744516310 
365708385 744516310 365708385 759815645 
184251599 928391424 198484011 936019674 
184251599 928391424 184251599 928391424 
294137337 818941007 294137337 862360330 
294137337 818941007 300218422 818941007 
964706104 148405789 974495311 150668907 
964706104 148405789 964706104 148405789 
821235603 295348282 821235603 312629661 
821235603 295348282 847981127 295348282 
323216042 794029242 347865609 801358377 
323216042 794029242 323216042 794029242 
943307738 174503666 951638323 174503666 
943307738 174503666 943307738 200268219 
416161701 703012064 450007772 703012064 
416161701 703012064 416161701 717908045 
582936722 536395760 610153613 536395760 
582936722 536395760 582936722 567104570 
673601608 447908452 673601608 457915735 
673601608 447908452 689192773 447908452 
172222585 952909795 181009791 954490725 
172222585 952909795 172222585 952909795 
974495311 150668907 974495311 165433975 
974495311 150668907 983227373 150668907 
628043313 498653351 628043313 511660947 
628043313 498653351 639813877 498653351 
673601608 457915735 673601608 481674363 
673601608 457915735 683094119 457915735 
387370310 744516310 408221701 744516310 
387370310 744516310 387370310 762806418 
537797852 594683078 559344001 595427491 
537797852 594683078 537797852 594683078 
821235603 312629661 825612370 325666012 
821235603 312629661 821235603 312629661 
198484011 936019674 240891687 943652135 
198484011 936019674 198484011 936019674 
913751226 221190767 919273106 240126246 
913751226 221190767 913751226 221190767 
181009791 954490725 189083965 954490725 
181009791 954490725 181009791 955694788 
628043313 511660947 645682505 514229621 
628043313 511660947 628043313 511660947 
974495311 165433975 974495311 176226642 
974495311 165433975 979104519 165433975 
723134884 418919896 742128883 418919896 
723134884 418919896 723134884 445222794 
847981127 295348282 891555778 303128235 
847981127 295348282 847981127 295348282 
189083965 954490725 192252778 963397393 
189083965 954490725 189083965 954490725 
502358622 644173797 517859627 644173797 
502358622 644173797 502358622 668151051 
610153613 536395760 614738547 536395760 
610153613 536395760 610153613 553501143 
347865609 801358377 347865609 821597106 
347865609 801358377 353743280 801358377 
974495311 176226642 982921881 179489698 
974495311 176226642 974495311 176226642 
773520206 377623887 774986690 391560785 
773520206 377623887 773520206 377623887 
825612370 325666012 827693952 342884830 
825612370 325666012 825612370 325666012 
408221701 744516310 420430600 744516310 
408221701 744516310 408221701 760768525 
450007772 703012064 479167395 703012064 
450007772 703012064 450007772 708163047 
559344001 595427491 573107754 595427491 
559344001 595427491 559344001 600012015 
673601608 481674363 697275369 491643312 
673601608 481674363 673601608 481674363 
192252778 963397393 199055567 966662570 
192252778 963397393 192252778 963397393 
294137337 862360330 294137337 867751861 
294137337 862360330 298844040 862360330 
919273106 240126246 919273106 255984189 
919273106 240126246 926797177 240126246 
645682505 514229621 653563764 519553018 
645682505 514229621 645682505 514229621 
742128883 418919896 765854929 418919896 
742128883 418919896 742128883 419048311 
294137337 867751861 294137337 889036851 
294137337 867751861 325865650 867751861 
517859627 644173797 553590713 644173797 
517859627 644173797 517859627 659305667 
982921881 179489698 982921881 206595235 
982921881 179489698 984597334 179489698 
420430600 744516310 425062195 750792196 
420430600 744516310 420430600 744516310 
723134884 445222794 725651564 448254674 
723134884 445222794 723134884 445222794 
573107754 595427491 575528510 613098709 
573107754 595427491 573107754 595427491 
408221701 760768525 411823969 760768525 
408221701 760768525 408221701 771708999 
347865609 821597106 347865609 839626493 
347865609 821597106 379330802 821597106 
502358622 668151051 505507003 687132075 
502358622 668151051 502358622 668151051 
827693952 342884830 831213635 342884830 
827693952 342884830 827693952 380652231 
653563764 519553018 674037124 519553018 
653563764 519553018 653563764 523625807 
831213635 342884830 845189499 345303109 
831213635 342884830 831213635 342884830 
919273106 255984189 920068231 255984189 
919273106 255984189 919273106 269830861 
425062195 750792196 425062195 757039790 
425062195 750792196 465545387 750792196 
425062195 757039790 426848287 757039790 
425062195 757039790 425062195 785528087 
294137337 889036851 294137337 893431321 
294137337 889036851 303777720 889036851 
240891687 943652135 240891687 950778758 
240891687 943652135 261235340 943652135 
765854929 418919896 765854929 424419642 
765854929 418919896 767206751 418919896 
347865609 839626493 355767288 845281132 
347865609 839626493 347865609 839626493 
294137337 893431321 297990787 905046749 
294137337 893431321 294137337 893431321 
575528510 613098709 594347915 613098709 
575528510 613098709 575528510 615660292 
697275369 491643312 697732875 495652625 
697275369 491643312 697275369 491643312 
982921881 206595235 997708970 232091940 
982921881 206595235 982921881 206595235 
765854929 424419642 780819166 428483084 
765854929 424419642 765854929 424419642 
845189499 345303109 863091563 345303109 
845189499 345303109 845189499 352353232 
240891687 950778758 243301985 964453240 
240891687 950778758 240891687 950778758 
505507003 687132075 510263547 687132075 
505507003 687132075 505507003 705321611 
303777720 889036851 310382896 891935227 
303777720 889036851 303777720 889036851 
674037124 519553018 692892717 519553018 
674037124 519553018 674037124 573619925 
325865650 867751861 332057870 867751861 
325865650 867751861 325865650 875061109 
891555778 303128235 893362255 305507990 
891555778 303128235 891555778 303128235 
510263547 687132075 548982080 687132075 
510263547 687132075 510263547 689846622 
893362255 305507990 899901798 305507990 
893362255 305507990 893362255 323588521 
379330802 821597106 391406777 821597106 
379330802 821597106 379330802 836785494 
355767288 845281132 363914398 845281132 
355767288 845281132 355767288 850218911 
297990787 905046749 308553083 909647856 
297990787 905046749 297990787 905046749 
261235340 943652135 261235340 958844872 
261235340 943652135 274313695 943652135 
899901798 305507990 924938020 306222667 
899901798 305507990 899901798 305507990 
594347915 613098709 594347915 625285015 
594347915 613098709 604866412 613098709 
780819166 428483084 780819166 445119818 
780819166 428483084 815862995 428483084 
505507003 705321611 507192972 708556461 
505507003 705321611 505507003 705321611 
692892717 519553018 709716297 532234814 
692892717 519553018 692892717 519553018 
391406777 821597106 430055319 823352420 
391406777 821597106 391406777 821597106 
507192972 708556461 523554135 708556461 
507192972 708556461 507192972 713661881 
379330802 836785494 387774979 850399617 
379330802 836785494 379330802 836785494 
465545387 750792196 490515892 750792196 
465545387 750792196 465545387 780215189 
893362255 323588521 893362255 376196160 
893362255 323588521 908114466 323588521 
308553083 909647856 314464725 909647856 
308553083 909647856 308553083 937037312 
594347915 625285015 596529282 625956018 
594347915 625285015 594347915 625285015 
261235340 958844872 273895059 970798195 
261235340 958844872 261235340 958844872 
596529282 625956018 613261549 625956018 
596529282 625956018 596529282 647258644 
314464725 909647856 346975932 909812497 
314464725 909647856 314464725 909647856 
780819166 445119818 780819166 481332909 
780819166 445119818 795708267 445119818 
997708970 232091940 998876547 259489866 
997708970 232091940 997708970 232091940 
924938020 306222667 930971054 318757286 
924938020 306222667 924938020 306222667 
523554135 708556461 523554135 712455115 
523554135 708556461 526404128 708556461 
523554135 712455115 537868325 732422879 
523554135 712455115 523554135 712455115 
548982080 687132075 568120390 687132075 
548982080 687132075 548982080 691837224 
387774979 850399617 387774979 866104532 
387774979 850399617 414120361 850399617 
613261549 625956018 638767047 625956018 
613261549 625956018 613261549 632625807 
490515892 750792196 502793832 750792196 
490515892 750792196 490515892 759425441 
709716297 532234814 709716297 554948150 
709716297 532234814 724670684 532234814 
596529282 647258644 604615814 650972283 
596529282 647258644 596529282 647258644 
815862995 428483084 855163360 428483084 
815862995 428483084 815862995 451429033 
273895059 970798195 273895059 980512840 
273895059 970798195 307214425 970798195 
465545387 780215189 465545387 785543143 
465545387 780215189 470273116 780215189 
674037124 573619925 688148769 573619925 
674037124 573619925 674037124 601428622 
930971054 318757286 937567107 333108581 
930971054 318757286 930971054 318757286 
465545387 785543143 480267464 793072887 
465545387 785543143 465545387 785543143 
430055319 823352420 440872356 823352420 
430055319 823352420 430055319 827805932 
502793832 750792196 511534282 752451743 
502793832 750792196 502793832 750792196 
387774979 866104532 397591090 866104532 
387774979 866104532 387774979 866927502 
273895059 980512840 275651665 980512840 
273895059 980512840 273895059 981748183 
568120390 687132075 568120390 702149800 
568120390 687132075 593554014 687132075 
346975932 909812497 346975932 919293894 
346975932 909812497 368696712 909812497 
688148769 573619925 691645788 582320315 
688148769 573619925 688148769 573619925 
780819166 481332909 800280410 520523605 
780819166 481332909 780819166 481332909 
511534282 752451743 521139844 752451743 
511534282 752451743 511534282 765166380 
414120361 850399617 414120361 882263933 
414120361 850399617 453539957 850399617 
709716297 554948150 709716297 565964324 
709716297 554948150 738099989 554948150 
638767047 625956018 642805817 651585411 
638767047 625956018 638767047 625956018 
346975932 919293894 346975932 924193000 
346975932 919293894 349575414 919293894 
893362255 376196160 915319313 376196160 
893362255 376196160 893362255 378919078 
568120390 702149800 579832278 702149800 
568120390 702149800 568120390 715528174 
937567107 333108581 964156197 348671071 
937567107 333108581 937567107 333108581 
346975932 924193000 355011445 952103933 
346975932 924193000 346975932 924193000 
480267464 793072887 499565786 814655358 
480267464 793072887 480267464 793072887 
521139844 752451743 529722354 757548817 
521139844 752451743 521139844 752451743 
674037124 601428622 685132128 609620815 
674037124 601428622 674037124 601428622 
709716297 565964324 715438923 586681188 
709716297 565964324 709716297 565964324 
368696712 909812497 395495476 919714755 
368696712 909812497 368696712 909812497 
579832278 702149800 581875379 705325988 
579832278 702149800 579832278 702149800 
855163360 428483084 855163360 434970640 
855163360 428483084 871583666 428483084 
581875379 705325988 581875379 707985630 
581875379 705325988 584514017 705325988 
529722354 757548817 529722354 772144909 
529722354 757548817 573681125 757548817 
581875379 707985630 598929384 707985630 
581875379 707985630 581875379 712335245 
855163360 434970640 855575544 451944014 
855163360 434970640 855163360 434970640 
915319313 376196160 915319313 384607934 
915319313 376196160 928333497 376196160 
738099989 554948150 769818104 574620397 
738099989 554948150 738099989 554948150 
642805817 651585411 659730469 651585411 
642805817 651585411 642805817 677027882 
685132128 609620815 686517930 624636156 
685132128 609620815 685132128 609620815 
414120361 882263933 415552358 882263933 
414120361 882263933 414120361 898965445 
915319313 384607934 922984638 408656307 
915319313 384607934 915319313 384607934 
871583666 428483084 871583666 435666754 
871583666 428483084 879631417 428483084 
529722354 772144909 529722354 790227212 
529722354 772144909 543964025 772144909 
453539957 850399617 466684979 850399617 
453539957 850399617 453539957 857813973 
598929384 707985630 599513757 709957934 
598929384 707985630 598929384 707985630 
355011445 952103933 376965771 973327095 
355011445 952103933 355011445 952103933 
871583666 435666754 871583666 451544454 
871583666 435666754 876098732 435666754 
855575544 451944014 855787304 463334283 
855575544 451944014 855575544 451944014 
599513757 709957934 624309107 709957934 
599513757 709957934 599513757 726360792 
686517930 624636156 700613953 632679522 
686517930 624636156 686517930 624636156 
659730469 651585411 662043245 665237822 
659730469 651585411 659730469 651585411 
964156197 348671071 964156197 361159632 
964156197 348671071 995248931 348671071 
395495476 919714755 422071357 919714755 
395495476 919714755 395495476 925523504 
466684979 850399617 468331813 870321280 
466684979 850399617 466684979 850399617 
529722354 790227212 540272643 810345384 
529722354 790227212 529722354 790227212 
800280410 520523605 818525539 520523605 
800280410 520523605 800280410 524597059 
871583666 451544454 871833409 463915530 
871583666 451544454 871583666 451544454 
964156197 361159632 964156197 381991854 
964156197 361159632 973273355 361159632 
662043245 665237822 662043245 671957076 
662043245 665237822 662325851 665237822 
573681125 757548817 604154295 757548817 
573681125 757548817 573681125 771140392 
922984638 408656307 945696333 417508898 
922984638 408656307 922984638 408656307 
700613953 632679522 704833822 640020889 
700613953 632679522 700613953 632679522 
662043245 671957076 662043245 695119178 
662043245 671957076 682577860 671957076 
624309107 709957934 624309107 727972212 
624309107 709957934 624960899 709957934 
468331813 870321280 488574827 870321280 
468331813 870321280 468331813 897081002 
818525539 520523605 818525539 542439200 
818525539 520523605 867655680 520523605 
422071357 919714755 435904509 919714755 
422071357 919714755 422071357 950432489 
769818104 574620397 772436542 598910138 
769818104 574620397 769818104 574620397 
704833822 640020889 744294182 648425650 
704833822 640020889 704833822 640020889 
964156197 381991854 964156197 399317813 
964156197 381991854 972284241 381991854 
376965771 973327095 376965771 987328890 
376965771 973327095 395793609 973327095 
540272643 810345384 566285204 810345384 
540272643 810345384 540272643 820779657 
624309107 727972212 624309107 736835598 
624309107 727972212 633929230 727972212 
435904509 919714755 447561302 919714755 
435904509 919714755 435904509 931125785 
662043245 695119178 677826524 695119178 
662043245 695119178 662043245 698394799 
488574827 870321280 511100640 870321280 
488574827 870321280 488574827 877241559 
818525539 542439200 839509613 542439200 
818525539 542439200 818525539 577630947 
624309107 736835598 624309107 745372167 
624309107 736835598 632561188 736835598 
604154295 757548817 615841671 762947161 
604154295 757548817 604154295 757548817 
945696333 417508898 945696333 450948714 
945696333 417508898 952246016 417508898 
964156197 399317813 966835632 399317813 
964156197 399317813 964156197 401878435 
376965771 987328890 383228610 987328890 
376965771 987328890 376965771 998481429 
966835632 399317813 966835632 404824196 
966835632 399317813 975966083 399317813 
447561302 919714755 463970505 939938567 
447561302 919714755 447561302 919714755 
624309107 745372167 625320095 745372167 
624309107 745372167 624309107 745934277 
772436542 598910138 772436542 613687869 
772436542 598910138 773963099 598910138 
966835632 404824196 966836649 414475318 
966835632 404824196 966835632 404824196 
422071357 950432489 422071357 966706710 
422071357 950432489 428424362 950432489 
677826524 695119178 678018199 697302264 
677826524 695119178 677826524 695119178 
678018199 697302264 707581088 700672887 
678018199 697302264 678018199 697302264 
566285204 810345384 566285204 824827532 
566285204 810345384 572723493 810345384 
615841671 762947161 623279087 762947161 
615841671 762947161 615841671 792517362 
966836649 414475318 966836649 430510550 
966836649 414475318 983245762 414475318 
511100640 870321280 538280132 870321280 
511100640 870321280 511100640 896496387 
772436542 613687869 791545198 614963761 
772436542 613687869 772436542 613687869 
623279087 762947161 646224514 762947161 
623279087 762947161 623279087 766988848 
867655680 520523605 867655680 541903378 
867655680 520523605 879551123 520523605 
422071357 966706710 432227739 974849588 
422071357 966706710 422071357 966706710 
566285204 824827532 568035863 824827532 
566285204 824827532 566285204 825117863 
945696333 450948714 945696333 463972645 
945696333 450948714 948625729 450948714 
966836649 430510550 979159824 432708867 
966836649 430510550 966836649 430510550 
463970505 939938567 463970505 953989321 
463970505 939938567 477682550 939938567 
791545198 614963761 791545198 615458664 
791545198 614963761 791989472 614963761 
791545198 615458664 791545198 626195493 
791545198 615458664 801902707 615458664 
432227739 974849588 434995487 982287367 
432227739 974849588 432227739 974849588 
707581088 700672887 737616158 700672887 
707581088 700672887 707581088 747453860 
615841671 792517362 620454584 792517362 
615841671 792517362 615841671 793032052 
538280132 870321280 538280132 893332619 
538280132 870321280 589679019 870321280 
646224514 762947161 646224514 777906219 
646224514 762947161 661010146 762947161 
867655680 541903378 867655680 559163536 
867655680 541903378 890310856 541903378 
945696333 463972645 954224949 463972645 
945696333 463972645 945696333 470709371 
979159824 432708867 989619180 432708867 
979159824 432708867 979159824 436407193 
620454584 792517362 623237735 822241077 
620454584 792517362 620454584 792517362 
791545198 626195493 791545198 636547683 
791545198 626195493 841732925 626195493 
463970505 953989321 479548042 953989321 
463970505 953989321 463970505 997866667 
954224949 463972645 954224949 479175529 
954224949 463972645 967139062 463972645 
646224514 777906219 652244868 791588006 
646224514 777906219 646224514 777906219 
867655680 559163536 874323969 559163536 
867655680 559163536 867655680 575053529 
791545198 636547683 797323926 653893451 
791545198 636547683 791545198 636547683 
538280132 893332619 538280132 909900793 
538280132 893332619 556013590 893332619 
890310856 541903378 912615503 546957206 
890310856 541903378 890310856 541903378 
954224949 479175529 958272213 493025082 
954224949 479175529 954224949 479175529 
874323969 559163536 884883445 561632759 
874323969 559163536 874323969 559163536 
479548042 953989321 488741438 953989321 
479548042 953989321 479548042 965135549 
737616158 700672887 737616158 722623537 
737616158 700672887 743597256 700672887 
867655680 575053529 876363991 575053529 
867655680 575053529 867655680 597998974 
488741438 953989321 526873720 953989321 
488741438 953989321 488741438 961443096 
652244868 791588006 656075908 793315718 
652244868 791588006 652244868 791588006 
623237735 822241077 634972574 822241077 
623237735 822241077 623237735 831821432 
538280132 909900793 543270922 910272374 
538280132 909900793 538280132 909900793 
656075908 793315718 686846270 793315718 
656075908 793315718 656075908 798086106 
797323926 653893451 808687101 703195100 
797323926 653893451 797323926 653893451 
958272213 493025082 988843308 493025082 
958272213 493025082 958272213 537682094 
543270922 910272374 549283903 915981739 
543270922 910272374 543270922 910272374 
634972574 822241077 634972574 825824449 
634972574 822241077 655741710 822241077 
589679019 870321280 591754937 870321280 
589679019 870321280 589679019 899741816 
737616158 722623537 742623026 722623537 
737616158 722623537 737616158 726417415 
634972574 825824449 634972574 859487233 
634972574 825824449 635324827 825824449 
742623026 722623537 742623026 751027817 
742623026 722623537 761728306 722623537 
549283903 915981739 562060678 915981739 
549283903 915981739 549283903 925613994 
841732925 626195493 842005924 626533137 
841732925 626195493 841732925 626195493 
842005924 626533137 851006769 626533137 
842005924 626533137 842005924 650588147 
851006769 626533137 889964829 626533137 
851006769 626533137 851006769 628651509 
655741710 822241077 671176869 822241077 
655741710 822241077 655741710 823624471 
562060678 915981739 576829483 918501683 
562060678 915981739 562060678 915981739 
686846270 793315718 690343533 793579121 
686846270 793315718 686846270 793315718 
988843308 493025082 992248857 521784115 
988843308 493025082 988843308 493025082 
690343533 793579121 698001921 802481424 
690343533 793579121 690343533 793579121 
842005924 650588147 855587288 650588147 
842005924 650588147 842005924 660152511 
671176869 822241077 677861479 841298527 
671176869 822241077 671176869 822241077 
742623026 751027817 742623026 779738383 
742623026 751027817 775530217 751027817 
634972574 859487233 634972574 874311945 
634972574 859487233 638329226 859487233 
576829483 918501683 585072020 926409885 
576829483 918501683 576829483 918501683 
958272213 537682094 958272213 566786990 
958272213 537682094 970691841 537682094 
855587288 650588147 876198037 662878135 
855587288 650588147 855587288 650588147 
634972574 874311945 634972574 881541144 
634972574 874311945 658007148 874311945 
585072020 926409885 591709923 926409885 
585072020 926409885 585072020 941022513 
808687101 703195100 808687101 732907962 
808687101 703195100 840109649 703195100 
889964829 626533137 905965525 626533137 
889964829 626533137 889964829 637952658 
634972574 881541144 638665427 881812955 
634972574 881541144 634972574 881541144 
591709923 926409885 613469799 932849278 
591709923 926409885 591709923 926409885 
677861479 841298527 693559827 845793001 
677861479 841298527 677861479 841298527 
742623026 779738383 744677049 779738383 
742623026 779738383 742623026 780961150 
744677049 779738383 744677049 808989566 
744677049 779738383 748617244 779738383 
958272213 566786990 968845830 566786990 
958272213 566786990 958272213 570918515 
585072020 941022513 585072020 971319740 
585072020 941022513 589860314 941022513 
775530217 751027817 775530217 759031414 
775530217 751027817 778994986 751027817 
658007148 874311945 667280209 878276735 
658007148 874311945 658007148 874311945 
905965525 626533137 905965525 649801977 
905965525 626533137 916277825 626533137 
775530217 759031414 790801094 759031414 
775530217 759031414 775530217 759658226 
968845830 566786990 968845830 599104095 
968845830 566786990 971721488 566786990 
876198037 662878135 878451398 662878135 
876198037 662878135 876198037 673723079 
693559827 845793001 706730846 845793001 
693559827 845793001 693559827 851430641 
878451398 662878135 879087353 662878135 
878451398 662878135 878451398 664648613 
808687101 732907962 824933112 732907962 
808687101 732907962 808687101 734446890 
840109649 703195100 849891252 706771793 
840109649 703195100 840109649 703195100 
667280209 878276735 676204909 878276735 
667280209 878276735 667280209 902797089 
613469799 932849278 626236498 938905202 
613469799 932849278 613469799 932849278 
790801094 759031414 790801094 777598633 
790801094 759031414 816130525 759031414 
706730846 845793001 723755458 864687001 
706730846 845793001 706730846 845793001 
744677049 808989566 760194339 808989566 
744677049 808989566 744677049 810390609 
676204909 878276735 677392726 880718025 
676204909 878276735 676204909 878276735 
905965525 649801977 906491484 667375228 
905965525 649801977 905965525 649801977 
585072020 971319740 604646559 995480281 
585072020 971319740 585072020 971319740 
849891252 706771793 874087486 706771793 
849891252 706771793 849891252 712491849 
824933112 732907962 841560971 738522118 
824933112 732907962 824933112 732907962 
968845830 599104095 974673120 599104095 
968845830 599104095 968845830 603813325 
790801094 777598633 803948002 777598633 
790801094 777598633 790801094 785667355 
760194339 808989566 766580130 810073571 
760194339 808989566 760194339 808989566 
667280209 902797089 682763561 934557347 
667280209 902797089 667280209 902797089 
974673120 599104095 982322770 599104095 
974673120 599104095 974673120 622494571 
906491484 667375228 938762873 674858008 
906491484 667375228 906491484 667375228 
766580130 810073571 779083419 810073571 
766580130 810073571 766580130 831892132 
841560971 738522118 841560971 773752271 
841560971 738522118 861086591 738522118 
874087486 706771793 896261928 708647954 
874087486 706771793 874087486 706771793 
803948002 777598633 806277069 799166051 
803948002 777598633 803948002 777598633 
723755458 864687001 723755458 871106657 
723755458 864687001 733863231 864687001 
779083419 810073571 788497612 817661654 
779083419 810073571 779083419 810073571 
723755458 871106657 730092834 871106657 
723755458 871106657 723755458 871686754 
766580130 831892132 775393252 846461968 
766580130 831892132 766580130 831892132 
730092834 871106657 730092834 888951991 
730092834 871106657 753077364 871106657 
896261928 708647954 916829604 708647954 
896261928 708647954 896261928 726854256 
806277069 799166051 813028085 800275556 
806277069 799166051 806277069 799166051 
788497612 817661654 794159109 817661654 
788497612 817661654 788497612 829667327 
794159109 817661654 802115894 817661654 
794159109 817661654 794159109 822441067 
938762873 674858008 952252566 674858008 
938762873 674858008 938762873 677533348 
841560971 773752271 887325207 773752271 
841560971 773752271 841560971 781339512 
682763561 934557347 693059313 949258584 
682763561 934557347 682763561 934557347 
730092834 888951991 739387177 914203627 
730092834 888951991 730092834 888951991 
802115894 817661654 834694162 817661654 
802115894 817661654 802115894 819406894 
775393252 846461968 780294440 863433419 
775393252 846461968 775393252 846461968 
916829604 708647954 916829604 728384186 
916829604 708647954 928983450 708647954 
952252566 674858008 987404074 679757924 
952252566 674858008 952252566 674858008 
693059313 949258584 693059313 957224620 
693059313 949258584 694331279 949258584 
780294440 863433419 787721193 870816150 
780294440 863433419 780294440 863433419 
916829604 728384186 939172983 729348511 
916829604 728384186 916829604 728384186 
693059313 957224620 697305266 965344912 
693059313 957224620 693059313 957224620 
834694162 817661654 834694162 824901083 
834694162 817661654 857003232 817661654 
739387177 914203627 743405132 914203627 
739387177 914203627 739387177 915586686 
743405132 914203627 767245347 926684473 
743405132 914203627 743405132 914203627 
787721193 870816150 787721193 890391544 
787721193 870816150 789029823 870816150 
834694162 824901083 841231887 851327297 
834694162 824901083 834694162 824901083 
887325207 773752271 888010664 773752271 
887325207 773752271 887325207 778539250 
697305266 965344912 729875544 965344912 
697305266 965344912 697305266 983227989 
987404074 679757924 994144902 691859837 
987404074 679757924 987404074 679757924 
939172983 729348511 939424029 740829356 
939172983 729348511 939172983 729348511 
857003232 817661654 862149751 817661654 
857003232 817661654 857003232 832628158 
787721193 890391544 809713326 890391544 
787721193 890391544 787721193 894483620 
862149751 817661654 891880374 818571233 
862149751 817661654 862149751 817661654 
939424029 740829356 945819995 740829356 
939424029 740829356 939424029 754183871 
945819995 740829356 950144093 741991370 
945819995 740829356 945819995 740829356 
857003232 832628158 864139891 844001327 
857003232 832628158 857003232 832628158 
841231887 851327297 842032351 862660137 
841231887 851327297 841231887 851327297 
939424029 754183871 939712269 757698377 
939424029 754183871 939424029 754183871 
767245347 926684473 767356246 933802156 
767245347 926684473 767245347 926684473 
939712269 757698377 939712269 781592030 
939712269 757698377 971426317 757698377 
767356246 933802156 794873791 933802156 
767356246 933802156 767356246 950374393 
842032351 862660137 846454075 873678530 
842032351 862660137 842032351 862660137 
864139891 844001327 864139891 853972237 
864139891 844001327 872264200 844001327 
891880374 818571233 891880374 833097260 
891880374 818571233 895030061 818571233 
864139891 853972237 873385022 862187472 
864139891 853972237 864139891 853972237 
846454075 873678530 848761597 882591585 
846454075 873678530 846454075 873678530 
939712269 781592030 946622715 784326171 
939712269 781592030 939712269 781592030 
891880374 833097260 897462020 833097260 
891880374 833097260 891880374 833604155 
794873791 933802156 794873791 949866652 
794873791 933802156 795091899 933802156 
897462020 833097260 897462020 844625918 
897462020 833097260 910992521 833097260 
946622715 784326171 946622715 789938217 
946622715 784326171 991325954 784326171 
848761597 882591585 848761597 902291788 
848761597 882591585 852937399 882591585 
873385022 862187472 876629793 862187472 
873385022 862187472 873385022 878843861 
946622715 789938217 950788451 820340071 
946622715 789938217 946622715 789938217 
897462020 844625918 905688682 866753746 
897462020 844625918 897462020 844625918 
794873791 949866652 794873791 958445952 
794873791 949866652 815311170 949866652 
848761597 902291788 860418198 902291788 
848761597 902291788 848761597 905530810 
794873791 958445952 802018995 987684195 
794873791 958445952 794873791 958445952 
815311170 949866652 841475327 949866652 
815311170 949866652 815311170 952133811 
905688682 866753746 905688682 873322216 
905688682 866753746 936575474 866753746 
905688682 873322216 911024541 897419890 
905688682 873322216 905688682 873322216 
802018995 987684195 807040845 990279041 
802018995 987684195 802018995 987684195 
841475327 949866652 854854153 949866652 
841475327 949866652 841475327 956802842 
936575474 866753746 990894100 866753746 
936575474 866753746 936575474 885319197 
854854153 949866652 856596570 956099611 
854854153 949866652 854854153 949866652 
911024541 897419890 911024541 922158547 
911024541 897419890 912297838 897419890 
856596570 956099611 875992740 956099611 
856596570 956099611 856596570 988986521 
875992740 956099611 894563349 956099611 
875992740 956099611 875992740 956190211 
911024541 922158547 916952388 926026373 
911024541 922158547 911024541 922158547 
916952388 926026373 934378475 930177173 
916952388 926026373 916952388 926026373 
894563349 956099611 894563349 996238045 
894563349 956099611 913344736 956099611 
934378475 930177173 934378475 936326402 
934378475 930177173 936139419 930177173 
934378475 936326402 944549099 936326402 
934378475 936326402 934378475 945655360 
944549099 936326402 944549099 964367310 
944549099 936326402 989209296 936326402 
894563349 996238045 914846137 999655207 
894563349 996238045 894563349 996238045 
944549099 964367310 954964103 964367310 
944549099 964367310 944549099 977670242 
989209296 936326402 998384615 936326402 
989209296 936326402 989209296 948370266 
