2117
0 0 12862204 0 
0 0 0 12481077 
12862204 0 12862204 7633855 
12862204 0 37643472 0 
0 12481077 0 65365050 
0 12481077 6872751 12481077 
12862204 7633855 20479971 7633855 
37643472 0 96879394 0 
37643472 0 37643472 8143934 
0 65365050 0 71103020 
20479971 7633855 20479971 8143934 
96879394 0 96879394 8205924 
96879394 0 162060753 0 
37643472 8143934 37643472 22557372 
0 71103020 743031 71103020 
96879394 8205924 96879394 15521583 
162060753 0 162060753 10242475 
162060753 0 172542378 0 
743031 71103020 49767128 71103020 
743031 71103020 743031 79252342 
96879394 15521583 101298943 15521583 
162060753 10242475 162060753 37748350 
172542378 0 172542378 10242475 
172542378 0 214195793 0 
49767128 71103020 85748755 71103020 
743031 79252342 3345316 79252342 
743031 79252342 743031 90113842 
101298943 15521583 101298943 29714076 
101298943 15521583 111522284 15521583 
214195793 0 214195793 19632865 
214195793 0 273982186 0 
85748755 71103020 85748755 78208110 
743031 90113842 8076876 90113842 
743031 90113842 743031 109345314 
101298943 29714076 104856123 29714076 
214195793 19632865 232081603 19632865 
273982186 0 273982186 6633882 
273982186 0 303649364 0 
85748755 78208110 106913070 78208110 
743031 109345314 8076876 109345314 
743031 109345314 743031 136714487 
104856123 29714076 104856123 32840779 
232081603 19632865 232081603 19863569 
273982186 6633882 273982186 15166674 
303649364 0 303649364 11106254 
303649364 0 317764901 0 
106913070 78208110 106913070 86755318 
8076876 109345314 24865975 109345314 
743031 136714487 24865975 136714487 
743031 136714487 743031 188532848 
104856123 32840779 104856123 46955375 
273982186 15166674 278033895 15166674 
317764901 0 317764901 18358057 
317764901 0 349017537 0 
106913070 86755318 106913070 119025243 
24865975 109345314 31430578 109345314 
743031 188532848 13992103 188532848 
743031 188532848 743031 222684577 
104856123 46955375 111530015 46955375 
278033895 15166674 278033895 28921433 
317764901 18358057 317764901 24854143 
349017537 0 349017537 18358057 
349017537 0 394835376 0 
106913070 119025243 107913220 119025243 
31430578 109345314 31430578 127785414 
743031 222684577 21187234 222684577 
743031 222684577 743031 263086205 
111530015 46955375 143183145 46955375 
278033895 28921433 287116202 28921433 
317764901 24854143 324639369 24854143 
349017537 18358057 349017537 29390004 
349017537 18358057 361924899 18358057 
394835376 0 394835376 6126855 
394835376 0 439789943 0 
107913220 119025243 107913220 119443465 
107913220 119025243 131905789 119025243 
31430578 127785414 40427268 127785414 
21187234 222684577 21187234 225440024 
21187234 222684577 22104158 222684577 
743031 263086205 23438739 263086205 
743031 263086205 743031 300214692 
143183145 46955375 143183145 56359542 
287116202 28921433 287116202 95112814 
324639369 24854143 324639369 30634927 
349017537 29390004 358064686 29390004 
439789943 0 461805952 0 
439789943 0 439789943 31807761 
131905789 119025243 133831329 119025243 
131905789 119025243 131905789 129361253 
40427268 127785414 40427268 149647898 
21187234 225440024 50972208 225440024 
743031 300214692 743031 341467682 
743031 300214692 23915046 300214692 
143183145 56359542 143183145 64052622 
143183145 56359542 151084169 56359542 
287116202 95112814 293921988 95112814 
324639369 30634927 324639369 37245628 
324639369 30634927 332252108 30634927 
358064686 29390004 358064686 31232011 
461805952 0 461805952 9206214 
461805952 0 493981647 0 
439789943 31807761 439789943 48342924 
131905789 129361253 131905789 141088072 
131905789 129361253 146945834 129361253 
40427268 149647898 50601880 149647898 
50972208 225440024 50972208 236241788 
743031 341467682 743031 350761218 
143183145 64052622 143183145 78624945 
293921988 95112814 293921988 99068902 
293921988 95112814 328859226 95112814 
332252108 30634927 332252108 34658749 
332252108 30634927 333245937 30634927 
358064686 31232011 376819002 31232011 
493981647 0 567047871 0 
493981647 0 493981647 9206214 
439789943 48342924 453021423 48342924 
131905789 141088072 131905789 160980449 
146945834 129361253 152732838 129361253 
50601880 149647898 77691119 149647898 
50972208 236241788 50972208 236759661 
50972208 236241788 52414715 236241788 
743031 350761218 781787 350761218 
143183145 78624945 149989080 78624945 
143183145 78624945 143183145 91895796 
328859226 95112814 346618808 95112814 
332252108 34658749 332252108 64934283 
376819002 31232011 376819002 31807761 
567047871 0 567047871 8283894 
567047871 0 577769504 0 
493981647 9206214 493981647 14951645 
453021423 48342924 453021423 54827891 
131905789 160980449 132383050 160980449 
152732838 129361253 152732838 132307013 
77691119 149647898 91803322 149647898 
77691119 149647898 77691119 172623116 
52414715 236241788 52414715 246245875 
52414715 236241788 64301717 236241788 
781787 350761218 4667948 350761218 
781787 350761218 781787 405395112 
149989080 78624945 151084169 78624945 
143183145 91895796 149989080 91895796 
346618808 95112814 346618808 98759695 
332252108 64934283 336835501 64934283 
567047871 8283894 567047871 18199013 
577769504 0 577769504 8283894 
577769504 0 600120442 0 
493981647 14951645 493981647 23319319 
453021423 54827891 453021423 70981779 
132383050 160980449 132383050 190349463 
152732838 132307013 152732838 133071723 
152732838 132307013 157740647 132307013 
91803322 149647898 91803322 155689861 
77691119 172623116 77691119 200149502 
77691119 172623116 91803322 172623116 
52414715 246245875 52414715 261683939 
781787 405395112 4667948 405395112 
781787 405395112 781787 426136013 
151084169 78624945 154779961 78624945 
149989080 91895796 149989080 96403422 
149989080 91895796 154779961 91895796 
346618808 98759695 346618808 116771179 
346618808 98759695 380070827 98759695 
567047871 18199013 567047871 32898273 
600120442 0 643063695 0 
600120442 0 600120442 8283894 
493981647 23319319 494517299 23319319 
453021423 70981779 462575453 70981779 
132383050 190349463 136472892 190349463 
157740647 132307013 157740647 136691955 
157740647 132307013 159202722 132307013 
77691119 200149502 77691119 200915033 
77691119 200149502 94510799 200149502 
91803322 172623116 96993391 172623116 
52414715 261683939 54370267 261683939 
4667948 405395112 8574016 405395112 
781787 426136013 8574016 426136013 
781787 426136013 781787 473008482 
154779961 78624945 175731639 78624945 
154779961 91895796 154779961 105013926 
380070827 98759695 390353942 98759695 
380070827 98759695 380070827 116771179 
567047871 32898273 576123266 32898273 
643063695 0 643063695 14594904 
643063695 0 721401303 0 
600120442 8283894 600120442 23139269 
494517299 23319319 494517299 34510140 
494517299 23319319 513692065 23319319 
462575453 70981779 466188899 70981779 
136472892 190349463 136472892 192916863 
157740647 136691955 184109589 136691955 
54370267 261683939 60127787 261683939 
54370267 261683939 54370267 291316435 
8574016 405395112 39801068 405395112 
781787 473008482 781787 502811364 
781787 473008482 12585745 473008482 
175731639 78624945 190168819 78624945 
154779961 105013926 159015184 105013926 
390353942 98759695 435969293 98759695 
380070827 116771179 380070827 142496166 
576123266 32898273 577365859 32898273 
576123266 32898273 576123266 53879121 
643063695 14594904 643063695 29584428 
721401303 0 721401303 29584428 
721401303 0 752882357 0 
494517299 34510140 494517299 36124276 
513692065 23319319 513692065 36124276 
513692065 23319319 526511557 23319319 
466188899 70981779 466188899 72747511 
136472892 192916863 138642021 192916863 
184109589 136691955 184109589 153721506 
60127787 261683939 98945830 261683939 
54370267 291316435 54370267 300509520 
54370267 291316435 57748283 291316435 
39801068 405395112 40859754 405395112 
39801068 405395112 39801068 418918059 
781787 502811364 781787 505206533 
190168819 78624945 190168819 89888335 
435969293 98759695 435969293 111081301 
576123266 53879121 576123266 56488063 
576123266 53879121 583445420 53879121 
643063695 29584428 657447155 29584428 
721401303 29584428 721401303 30544904 
752882357 0 752882357 29584428 
752882357 0 786178329 0 
494517299 36124276 494738828 36124276 
513692065 36124276 513692065 52593054 
466188899 72747511 466188899 95768769 
138642021 192916863 162637444 192916863 
138642021 192916863 138642021 227275570 
184109589 153721506 184109589 164435772 
184109589 153721506 193987749 153721506 
98945830 261683939 98945830 284932498 
54370267 300509520 67082757 300509520 
40859754 405395112 61061603 405395112 
39801068 418918059 39801068 432718791 
39801068 418918059 40859754 418918059 
781787 505206533 2389837 505206533 
190168819 89888335 190168819 113345141 
190168819 89888335 217698443 89888335 
435969293 111081301 435969293 125033530 
435969293 111081301 458967277 111081301 
583445420 53879121 583445420 76886040 
583445420 53879121 584631659 53879121 
657447155 29584428 657447155 40484288 
752882357 29584428 752882357 52138881 
786178329 0 786178329 29584428 
786178329 0 799192679 0 
494738828 36124276 494738828 66615435 
513692065 52593054 525660224 52593054 
466188899 95768769 485093456 95768769 
162637444 192916863 162637444 199584520 
162637444 192916863 179242323 192916863 
138642021 227275570 138642021 228458292 
138642021 227275570 162004115 227275570 
184109589 164435772 195676993 164435772 
98945830 284932498 130993182 284932498 
67082757 300509520 67082757 308314705 
61061603 405395112 61061603 420306301 
61061603 405395112 127547717 405395112 
2389837 505206533 2389837 516752722 
2389837 505206533 33972724 505206533 
190168819 113345141 190168819 134539527 
435969293 125033530 435969293 131943950 
583445420 76886040 583445420 105333115 
584631659 53879121 618495970 53879121 
657447155 40484288 657447155 54464626 
657447155 40484288 684526059 40484288 
752882357 52138881 769293750 52138881 
752882357 52138881 752882357 71281859 
786178329 29584428 786178329 41454301 
799192679 0 799192679 10791280 
799192679 0 843972594 0 
485093456 95768769 500738169 95768769 
162637444 199584520 162637444 221803163 
162004115 227275570 162004115 234126917 
162004115 227275570 192667526 227275570 
195676993 164435772 195676993 174344223 
130993182 284932498 130993182 304926453 
67082757 308314705 67082757 360826343 
67082757 308314705 72967449 308314705 
61061603 420306301 61061603 432718791 
127547717 405395112 127547717 420306301 
2389837 516752722 6071365 516752722 
2389837 516752722 2389837 525437968 
33972724 505206533 33972724 525437968 
33972724 505206533 34476249 505206533 
190168819 134539527 197385524 134539527 
435969293 131943950 442095904 131943950 
583445420 105333115 592577330 105333115 
618495970 53879121 618495970 71109512 
684526059 40484288 684526059 59484512 
684526059 40484288 690957832 40484288 
752882357 71281859 752882357 73239715 
786178329 41454301 786178329 71281859 
843972594 0 868436290 0 
843972594 0 843972594 29584428 
500738169 95768769 500738169 134807053 
500738169 95768769 551243115 95768769 
162637444 221803163 162957842 221803163 
162004115 234126917 162004115 255363008 
162004115 234126917 165219346 234126917 
192667526 227275570 199643956 227275570 
192667526 227275570 192667526 234126917 
195676993 174344223 195676993 188029416 
195676993 174344223 209543261 174344223 
130993182 304926453 145750588 304926453 
67082757 360826343 67082757 365724236 
72967449 308314705 87103565 308314705 
61061603 432718791 67485224 432718791 
127547717 420306301 153158339 420306301 
2389837 525437968 2389837 544328631 
33972724 525437968 74201117 525437968 
34476249 505206533 40672817 505206533 
197385524 134539527 197385524 145562291 
197385524 134539527 213179610 134539527 
442095904 131943950 456684200 131943950 
592577330 105333115 592577330 107345612 
618495970 71109512 618495970 72441914 
618495970 71109512 645750148 71109512 
684526059 59484512 684526059 64013351 
690957832 40484288 707394409 40484288 
752882357 73239715 752882357 115562932 
786178329 71281859 795412638 71281859 
868436290 0 868436290 22100543 
868436290 0 885547693 0 
843972594 29584428 843972594 41454301 
500738169 134807053 500738169 166438228 
500738169 134807053 534603458 134807053 
551243115 95768769 551243115 104299590 
162004115 255363008 162004115 275711015 
199643956 227275570 213327910 227275570 
192667526 234126917 192667526 237338358 
195676993 188029416 197292014 188029416 
209543261 174344223 229617714 174344223 
145750588 304926453 145750588 309650715 
67082757 365724236 69032216 365724236 
87103565 308314705 87103565 312632324 
67485224 432718791 67485224 444969239 
153158339 420306301 153158339 433612979 
2389837 544328631 11302620 544328631 
2389837 544328631 2389837 584566804 
74201117 525437968 74201117 555962774 
40672817 505206533 40672817 508680832 
213179610 134539527 234370593 134539527 
456684200 131943950 456684200 134807053 
592577330 107345612 594271025 107345612 
645750148 71109512 660666596 71109512 
684526059 64013351 686078602 64013351 
707394409 40484288 707394409 47535492 
752882357 115562932 769861607 115562932 
868436290 22100543 868436290 31030740 
885547693 0 885547693 1483232 
885547693 0 888703730 0 
500738169 166438228 500738169 171186372 
500738169 166438228 507364652 166438228 
534603458 134807053 534603458 138880286 
534603458 134807053 543147600 134807053 
162004115 275711015 169396074 275711015 
192667526 237338358 199643956 237338358 
192667526 237338358 192667526 251160940 
197292014 188029416 197292014 188480193 
229617714 174344223 229617714 181803045 
145750588 309650715 148788653 309650715 
69032216 365724236 69032216 371269815 
87103565 312632324 87103565 329051240 
67485224 444969239 67485224 458125614 
67485224 444969239 94542672 444969239 
153158339 433612979 153158339 463843383 
153158339 433612979 162728833 433612979 
2389837 584566804 11302620 584566804 
2389837 584566804 2389837 623907196 
234370593 134539527 234370593 135383036 
456684200 134807053 456684200 150471393 
660666596 71109512 660666596 77610635 
686078602 64013351 686078602 68912372 
686078602 64013351 689688709 64013351 
769861607 115562932 769861607 152402264 
769861607 115562932 791766727 115562932 
868436290 31030740 869834706 31030740 
888703730 0 911489886 0 
507364652 166438228 507364652 182101561 
543147600 134807053 567973563 134807053 
543147600 134807053 543147600 138880286 
169396074 275711015 184396217 275711015 
169396074 275711015 169396074 299504374 
192667526 251160940 192667526 255998207 
192667526 251160940 204350861 251160940 
229617714 181803045 229617714 208472901 
229617714 181803045 241969344 181803045 
148788653 309650715 148788653 311461424 
69032216 371269815 72631877 371269815 
87103565 329051240 95015926 329051240 
67485224 458125614 67485224 471948273 
94542672 444969239 110562692 444969239 
162728833 433612979 177082791 433612979 
11302620 584566804 27801825 584566804 
2389837 623907196 27801825 623907196 
2389837 623907196 2389837 677657331 
234370593 135383036 234370593 137302051 
234370593 135383036 235027861 135383036 
660666596 77610635 660666596 101005300 
686078602 68912372 686078602 77017577 
769861607 152402264 787196945 152402264 
791766727 115562932 806353492 115562932 
869834706 31030740 893935182 31030740 
911489886 0 911489886 9935092 
507364652 182101561 518483522 182101561 
567973563 134807053 599426881 134807053 
567973563 134807053 567973563 149459407 
543147600 138880286 543147600 143723467 
169396074 299504374 172314772 299504374 
169396074 299504374 169396074 302489762 
204350861 251160940 226184235 251160940 
229617714 208472901 229617714 218905344 
241969344 181803045 262283601 181803045 
148788653 311461424 148788653 325190934 
148788653 311461424 151698966 311461424 
95015926 329051240 95015926 335997275 
95015926 329051240 116603646 329051240 
67485224 471948273 73434481 471948273 
110562692 444969239 110562692 456648756 
177082791 433612979 177082791 439732172 
27801825 584566804 33464754 584566804 
27801825 623907196 27801825 641651282 
2389837 677657331 2389837 713230760 
2389837 677657331 27801825 677657331 
235027861 135383036 276629535 135383036 
660666596 101005300 665777599 101005300 
686078602 77017577 692002579 77017577 
787196945 152402264 787196945 161465087 
806353492 115562932 806353492 117718989 
893935182 31030740 893935182 40089043 
911489886 9935092 923233700 9935092 
518483522 182101561 518483522 206737966 
599426881 134807053 599426881 160231612 
599426881 134807053 615172336 134807053 
567973563 149459407 567973563 182687446 
567973563 149459407 574289203 149459407 
169396074 302489762 175595614 302489762 
169396074 302489762 169396074 310536766 
226184235 251160940 226184235 264045790 
229617714 218905344 234244435 218905344 
262283601 181803045 262283601 186854685 
73434481 471948273 87476374 471948273 
177082791 439732172 207736784 439732172 
33464754 584566804 51516269 584566804 
2389837 713230760 2389837 759381759 
27801825 677657331 33468842 677657331 
276629535 135383036 276629535 136823801 
665777599 101005300 665777599 109231600 
665777599 101005300 679963835 101005300 
692002579 77017577 692002579 79067082 
692002579 77017577 709791904 77017577 
806353492 117718989 806353492 119740052 
806353492 117718989 828535771 117718989 
893935182 40089043 893935182 50458662 
893935182 40089043 895401066 40089043 
923233700 9935092 923233700 21226061 
518483522 206737966 531885662 206737966 
599426881 160231612 599426881 180038649 
567973563 182687446 567973563 205875329 
169396074 310536766 177584281 310536766 
169396074 310536766 169396074 324032329 
226184235 264045790 226184235 293618571 
234244435 218905344 234244435 219819358 
234244435 218905344 235365715 218905344 
87476374 471948273 87476374 482777652 
207736784 439732172 207736784 460006058 
51516269 584566804 51516269 588313721 
2389837 759381759 6576628 759381759 
33468842 677657331 33468842 679284450 
276629535 136823801 276629535 144015440 
276629535 136823801 302999368 136823801 
665777599 109231600 665777599 153151374 
679963835 101005300 690650299 101005300 
806353492 119740052 806353492 144138799 
893935182 50458662 893935182 75781035 
923233700 21226061 923233700 39124139 
531885662 206737966 547230497 206737966 
531885662 206737966 531885662 221896677 
599426881 180038649 602897984 180038649 
567973563 205875329 569193122 205875329 
169396074 324032329 169396074 339556677 
169396074 324032329 177584281 324032329 
226184235 293618571 232945778 293618571 
235365715 218905344 266431653 218905344 
87476374 482777652 92674980 482777652 
87476374 482777652 87476374 493802792 
207736784 460006058 207736784 475287686 
207736784 460006058 210727395 460006058 
51516269 588313721 51516269 613568057 
6576628 759381759 24106798 759381759 
6576628 759381759 6576628 790839966 
33468842 679284450 33493159 679284450 
276629535 144015440 276629535 158765560 
302999368 136823801 316010177 136823801 
665777599 153151374 666218130 153151374 
690650299 101005300 690650299 107279024 
806353492 144138799 812578626 144138799 
893935182 75781035 903466004 75781035 
923233700 39124139 928817015 39124139 
531885662 221896677 535836826 221896677 
531885662 221896677 531885662 235999206 
602897984 180038649 602897984 185877664 
602897984 180038649 636900172 180038649 
569193122 205875329 582223044 205875329 
569193122 205875329 569193122 206737966 
169396074 339556677 169396074 372582159 
169396074 339556677 169888882 339556677 
177584281 324032329 178377345 324032329 
232945778 293618571 232945778 317399042 
232945778 293618571 246085401 293618571 
266431653 218905344 266431653 224887694 
92674980 482777652 94163569 482777652 
87476374 493802792 87476374 509617467 
87476374 493802792 92674980 493802792 
207736784 475287686 207736784 498646915 
210727395 460006058 210727395 460531965 
210727395 460006058 222539023 460006058 
51516269 613568057 51516269 623907196 
51516269 613568057 53883915 613568057 
24106798 759381759 24106798 771681200 
24106798 759381759 42742079 759381759 
6576628 790839966 6576628 865792114 
6576628 790839966 24106798 790839966 
33493159 679284450 33493159 695456305 
33493159 679284450 47501546 679284450 
276629535 158765560 277282457 158765560 
316010177 136823801 316010177 147295273 
690650299 107279024 690650299 119408422 
690650299 107279024 708759223 107279024 
812578626 144138799 814474114 144138799 
812578626 144138799 812578626 146420137 
903466004 75781035 903466004 94266093 
903466004 75781035 931354526 75781035 
928817015 39124139 928817015 39631260 
928817015 39124139 966860110 39124139 
531885662 235999206 531885662 237375345 
531885662 235999206 535512685 235999206 
602897984 185877664 604751678 185877664 
602897984 185877664 602897984 196851805 
636900172 180038649 636900172 226660114 
636900172 180038649 647747589 180038649 
582223044 205875329 582223044 214538883 
569193122 206737966 569193122 217465532 
169396074 372582159 169396074 379956994 
169888882 339556677 191774368 339556677 
178377345 324032329 178377345 327143179 
232945778 317399042 232945778 322237454 
266431653 224887694 266431653 230447174 
266431653 224887694 273010650 224887694 
94163569 482777652 138894290 482777652 
87476374 509617467 105252633 509617467 
207736784 498646915 221299885 498646915 
51516269 623907196 53883915 623907196 
53883915 613568057 74330118 613568057 
42742079 759381759 82632485 759381759 
6576628 865792114 20838531 865792114 
6576628 865792114 6576628 885449106 
24106798 790839966 42742079 790839966 
24106798 790839966 24106798 796815846 
33493159 695456305 65016945 695456305 
277282457 158765560 277282457 175054173 
316010177 147295273 316010177 153877243 
708759223 107279024 711798359 107279024 
708759223 107279024 708759223 129359991 
812578626 146420137 812578626 155094094 
812578626 146420137 819202302 146420137 
903466004 94266093 903466004 142082004 
903466004 94266093 909422563 94266093 
931354526 75781035 936176373 75781035 
931354526 75781035 931354526 94266093 
966860110 39124139 966860110 44252860 
535512685 235999206 535512685 239705675 
535512685 235999206 547343851 235999206 
602897984 196851805 602897984 199854987 
602897984 196851805 606347479 196851805 
636900172 226660114 636900172 252829159 
647747589 180038649 665988690 180038649 
582223044 214538883 586020318 214538883 
169396074 379956994 169400540 379956994 
191774368 339556677 191774368 342618383 
178377345 327143179 180386763 327143179 
232945778 322237454 235339700 322237454 
273010650 224887694 299938343 224887694 
138894290 482777652 138894290 486390159 
105252633 509617467 105252633 514922801 
221299885 498646915 221299885 500680095 
221299885 498646915 251996861 498646915 
74330118 613568057 74330118 623027659 
74330118 613568057 86047166 613568057 
82632485 759381759 109013603 759381759 
6576628 885449106 48631209 885449106 
6576628 885449106 6576628 894616970 
42742079 790839966 42742079 807382933 
24106798 796815846 25724101 796815846 
65016945 695456305 65016945 699315032 
277282457 175054173 281813001 175054173 
316010177 153877243 320100223 153877243 
708759223 129359991 708759223 138127692 
708759223 129359991 720277883 129359991 
819202302 146420137 835316248 146420137 
903466004 142082004 919437851 142082004 
931354526 94266093 931354526 98230712 
966860110 44252860 971273516 44252860 
547343851 235999206 547343851 268653649 
636900172 252829159 662210790 252829159 
665988690 180038649 665988690 183276277 
586020318 214538883 586020318 243888541 
586020318 214538883 588528801 214538883 
169400540 379956994 169400540 408618003 
169400540 379956994 182732537 379956994 
191774368 342618383 191774368 344584447 
191774368 342618383 201957874 342618383 
235339700 322237454 235339700 342265944 
235339700 322237454 264967848 322237454 
299938343 224887694 299938343 230943122 
138894290 486390159 147612569 486390159 
105252633 514922801 105252633 540171310 
105252633 514922801 109308745 514922801 
221299885 500680095 221299885 520800177 
86047166 613568057 114296962 613568057 
86047166 613568057 86047166 623027659 
109013603 759381759 109013603 763236095 
48631209 885449106 60404822 885449106 
6576628 894616970 6576628 932038449 
6576628 894616970 11650695 894616970 
42742079 807382933 48413386 807382933 
25724101 796815846 25724101 800531038 
65016945 699315032 65016945 712050851 
65016945 699315032 70075744 699315032 
281813001 175054173 281813001 178261215 
281813001 175054173 302665678 175054173 
720277883 129359991 728291508 129359991 
720277883 129359991 720277883 148131583 
835316248 146420137 835316248 147937759 
919437851 142082004 919437851 144112976 
931354526 98230712 931354526 100710915 
547343851 268653649 553237947 268653649 
662210790 252829159 662210790 270773997 
662210790 252829159 685928356 252829159 
665988690 183276277 665988690 184989422 
665988690 183276277 682163865 183276277 
586020318 243888541 586020318 263260435 
201957874 342618383 201957874 370889038 
264967848 322237454 264967848 333316448 
264967848 322237454 275498068 322237454 
299938343 230943122 299938343 232597129 
299938343 230943122 324620445 230943122 
147612569 486390159 147612569 491630920 
105252633 540171310 132134112 540171310 
221299885 520800177 241097920 520800177 
86047166 623027659 86047166 630161408 
109013603 763236095 132196580 763236095 
109013603 763236095 109013603 781056228 
60404822 885449106 60404822 897014007 
48413386 807382933 72335853 807382933 
25724101 800531038 26032874 800531038 
65016945 712050851 65016945 720894365 
302665678 175054173 306992897 175054173 
302665678 175054173 302665678 180256394 
728291508 129359991 728291508 130998663 
728291508 129359991 746010880 129359991 
720277883 148131583 720722673 148131583 
720277883 148131583 720277883 158219838 
835316248 147937759 835316248 163413896 
835316248 147937759 838500370 147937759 
919437851 144112976 919437851 149844501 
919437851 144112976 933083241 144112976 
931354526 100710915 933083241 100710915 
553237947 268653649 553370549 268653649 
553237947 268653649 553237947 280882806 
662210790 270773997 662210790 273454964 
685928356 252829159 685928356 270773997 
685928356 252829159 711521401 252829159 
586020318 263260435 593675012 263260435 
201957874 370889038 203540783 370889038 
264967848 333316448 264967848 336407992 
324620445 230943122 333465486 230943122 
324620445 230943122 324620445 267003135 
147612569 491630920 171523067 491630920 
132134112 540171310 132134112 551524405 
241097920 520800177 241097920 545875379 
241097920 520800177 266233550 520800177 
86047166 630161408 95827673 630161408 
132196580 763236095 146164103 763236095 
109013603 781056228 109013603 813705257 
109013603 781056228 114261401 781056228 
60404822 897014007 60404822 899436238 
60404822 897014007 102433276 897014007 
72335853 807382933 72335853 816940213 
65016945 720894365 72305382 720894365 
306992897 175054173 319087814 175054173 
302665678 180256394 306992897 180256394 
302665678 180256394 302665678 200682450 
720277883 158219838 720277883 174965264 
720277883 158219838 730114210 158219838 
835316248 163413896 835316248 177733782 
933083241 144112976 933083241 184216547 
933083241 100710915 933083241 116126925 
933083241 100710915 970772865 100710915 
553237947 280882806 560673913 280882806 
553237947 280882806 553237947 289205756 
662210790 273454964 662210790 276887334 
662210790 273454964 662452133 273454964 
711521401 252829159 711521401 264120885 
711521401 252829159 722076676 252829159 
203540783 370889038 207155072 370889038 
203540783 370889038 203540783 394102625 
264967848 336407992 265928484 336407992 
333465486 230943122 379448122 230943122 
324620445 267003135 324620445 276529590 
324620445 267003135 329279201 267003135 
171523067 491630920 171523067 495872195 
132134112 551524405 149803938 551524405 
266233550 520800177 266233550 521833479 
266233550 520800177 280963983 520800177 
95827673 630161408 95827673 633775104 
146164103 763236095 146164103 769947356 
109013603 813705257 109013603 827944942 
60404822 899436238 60404822 924106593 
102433276 897014007 102433276 907744679 
102433276 897014007 115609752 897014007 
72335853 816940213 72335853 837767527 
319087814 175054173 352309002 175054173 
302665678 200682450 302665678 205502689 
302665678 200682450 313471172 200682450 
720277883 174965264 720277883 185329831 
835316248 177733782 849482457 177733782 
933083241 184216547 938346025 184216547 
933083241 116126925 933083241 129588564 
933083241 116126925 934674169 116126925 
970772865 100710915 977506127 100710915 
970772865 100710915 970772865 129588564 
553237947 289205756 553237947 295233165 
553237947 289205756 560685164 289205756 
722076676 252829159 722076676 263258694 
203540783 394102625 203540783 396607660 
203540783 394102625 207155072 394102625 
265928484 336407992 265928484 354645320 
265928484 336407992 289519735 336407992 
379448122 230943122 379448122 261314669 
324620445 276529590 324620445 297484641 
329279201 267003135 348347776 267003135 
171523067 495872195 171523067 525382226 
171523067 495872195 173605372 495872195 
149803938 551524405 149803938 566447707 
280963983 520800177 280963983 529397987 
280963983 520800177 319270560 520800177 
95827673 633775104 95827673 667072975 
95827673 633775104 125528176 633775104 
146164103 769947356 146164103 798781698 
146164103 769947356 166208318 769947356 
109013603 827944942 112642347 827944942 
60404822 924106593 67379013 924106593 
115609752 897014007 132881802 897014007 
72335853 837767527 80982476 837767527 
352309002 175054173 352309002 176934825 
720277883 185329831 725809234 185329831 
849482457 177733782 849482457 182108386 
849482457 177733782 888068647 177733782 
938346025 184216547 938346025 190013922 
970772865 129588564 970772865 144112976 
553237947 295233165 553237947 304613419 
560685164 289205756 565675626 289205756 
560685164 289205756 560685164 295233165 
722076676 263258694 726621401 263258694 
207155072 394102625 222096248 394102625 
289519735 336407992 293025648 336407992 
289519735 336407992 289519735 363973203 
379448122 261314669 379448122 271064911 
379448122 261314669 393495706 261314669 
324620445 297484641 336049686 297484641 
348347776 267003135 348347776 274622137 
149803938 566447707 159833581 566447707 
280963983 529397987 280963983 546401684 
319270560 520800177 348538163 520800177 
95827673 667072975 95827673 679165729 
166208318 769947356 166208318 783459639 
166208318 769947356 234253509 769947356 
112642347 827944942 121924040 827944942 
132881802 897014007 132881802 905570134 
352309002 176934825 352309002 188785089 
352309002 176934825 414755245 176934825 
725809234 185329831 743984270 185329831 
725809234 185329831 725809234 224672527 
849482457 182108386 852739500 182108386 
849482457 182108386 849482457 213584198 
888068647 177733782 888068647 184216547 
888068647 177733782 893518807 177733782 
938346025 190013922 938346025 212747701 
938346025 190013922 951169675 190013922 
970772865 144112976 970772865 154534140 
970772865 144112976 989253272 144112976 
553237947 304613419 553237947 347712192 
560685164 295233165 560685164 295771911 
560685164 295233165 563303016 295233165 
222096248 394102625 229659477 394102625 
289519735 363973203 324499641 363973203 
289519735 363973203 289519735 389281069 
393495706 261314669 393495706 265529744 
393495706 261314669 425564575 261314669 
336049686 297484641 336049686 308130358 
336049686 297484641 342007204 297484641 
348347776 274622137 370824662 274622137 
159833581 566447707 159833581 572080274 
280963983 546401684 287288058 546401684 
348538163 520800177 348538163 545132966 
95827673 679165729 100572259 679165729 
166208318 783459639 166208318 798781698 
234253509 769947356 234253509 783459639 
121924040 827944942 121924040 835140109 
132881802 905570134 137182043 905570134 
132881802 905570134 132881802 916013718 
352309002 188785089 352309002 198399844 
414755245 176934825 414755245 179141250 
414755245 176934825 444794159 176934825 
743984270 185329831 743984270 185944392 
743984270 185329831 752825675 185329831 
725809234 224672527 725809234 228842671 
725809234 224672527 756288632 224672527 
849482457 213584198 849482457 226596270 
849482457 213584198 863430086 213584198 
970772865 154534140 970772865 161718443 
989253272 144112976 989253272 154534140 
989253272 144112976 996374420 144112976 
553237947 347712192 557918950 347712192 
563303016 295233165 563303016 300987102 
229659477 394102625 229659477 399938623 
324499641 363973203 347421279 363973203 
289519735 389281069 289519735 392534851 
289519735 389281069 310735075 389281069 
425564575 261314669 425564575 268746230 
342007204 297484641 342007204 299550064 
342007204 297484641 349717109 297484641 
370824662 274622137 370824662 279430752 
159833581 572080274 159833581 612416766 
159833581 572080274 182632337 572080274 
287288058 546401684 287288058 560860725 
348538163 545132966 366038919 545132966 
100572259 679165729 100572259 693471246 
100572259 679165729 111176769 679165729 
166208318 798781698 178331648 798781698 
234253509 783459639 234253509 788640744 
234253509 783459639 256867199 783459639 
121924040 835140109 121924040 846539474 
121924040 835140109 127102377 835140109 
132881802 916013718 132881802 975869636 
132881802 916013718 145079776 916013718 
352309002 198399844 352934292 198399844 
414755245 179141250 414755245 201002724 
444794159 176934825 444794159 179262334 
444794159 176934825 467150279 176934825 
756288632 224672527 756288632 240876165 
756288632 224672527 783555669 224672527 
849482457 226596270 849482457 242016430 
863430086 213584198 869926691 213584198 
970772865 161718443 970772865 170556816 
557918950 347712192 557918950 349327440 
557918950 347712192 578655393 347712192 
563303016 300987102 566401280 300987102 
229659477 399938623 229659477 421547905 
229659477 399938623 247007506 399938623 
347421279 363973203 347421279 382371033 
310735075 389281069 310735075 408591310 
425564575 268746230 425564575 292111947 
425564575 268746230 432382367 268746230 
370824662 279430752 377408670 279430752 
159833581 612416766 159833581 629418613 
159833581 612416766 170279910 612416766 
182632337 572080274 185425423 572080274 
182632337 572080274 182632337 583663471 
287288058 560860725 287288058 590396810 
287288058 560860725 302471471 560860725 
366038919 545132966 366038919 547872775 
100572259 693471246 108069290 693471246 
178331648 798781698 178331648 800042797 
256867199 783459639 273473486 783459639 
121924040 846539474 137805875 846539474 
132881802 975869636 187017136 975869636 
414755245 201002724 428463379 201002724 
756288632 240876165 756288632 258469170 
783555669 224672527 783555669 242258223 
849482457 242016430 869926691 242016430 
849482457 242016430 849482457 279281428 
869926691 213584198 869926691 219721049 
970772865 170556816 973497872 170556816 
578655393 347712192 579703451 347712192 
578655393 347712192 578655393 363318232 
566401280 300987102 566401280 312493615 
566401280 300987102 597955584 300987102 
229659477 421547905 237748963 421547905 
247007506 399938623 247007506 409142040 
347421279 382371033 347421279 384458879 
347421279 382371033 351158457 382371033 
310735075 408591310 311209970 408591310 
425564575 292111947 432382367 292111947 
432382367 268746230 439455108 268746230 
377408670 279430752 377408670 285133130 
159833581 629418613 159833581 661919643 
170279910 612416766 170279910 619193602 
182632337 583663471 182632337 583764757 
182632337 583663471 197038273 583663471 
287288058 590396810 302471471 590396810 
302471471 560860725 315168097 560860725 
366038919 547872775 366709440 547872775 
366038919 547872775 366038919 551575361 
108069290 693471246 108069290 694636634 
178331648 800042797 188050634 800042797 
178331648 800042797 178331648 827128324 
273473486 783459639 273473486 787878565 
137805875 846539474 137805875 847023510 
187017136 975869636 187017136 983060004 
428463379 201002724 446993938 201002724 
756288632 258469170 756376693 258469170 
783555669 242258223 783726734 242258223 
849482457 279281428 852999784 279281428 
869926691 219721049 883039815 219721049 
973497872 170556816 986492688 170556816 
973497872 170556816 973497872 201561746 
578655393 363318232 578655393 377920187 
578655393 363318232 589784810 363318232 
566401280 312493615 569497459 312493615 
597955584 300987102 597955584 311660533 
597955584 300987102 611225820 300987102 
237748963 421547905 237748963 424288204 
247007506 409142040 253176161 409142040 
351158457 382371033 351158457 387477592 
351158457 382371033 362554548 382371033 
311209970 408591310 311209970 417871878 
432382367 292111947 432382367 292671510 
432382367 292111947 439455108 292111947 
377408670 285133130 377408670 293798126 
377408670 285133130 399631161 285133130 
159833581 661919643 167248184 661919643 
170279910 619193602 175489267 619193602 
197038273 583663471 197038273 590396810 
302471471 590396810 302471471 592188262 
366038919 551575361 379639113 551575361 
366038919 551575361 366038919 564571356 
108069290 694636634 124619583 694636634 
178331648 827128324 197844069 827128324 
178331648 827128324 178331648 848309759 
273473486 787878565 273473486 795903300 
137805875 847023510 137805875 875991629 
137805875 847023510 145488379 847023510 
187017136 983060004 187017136 988577628 
187017136 983060004 220220239 983060004 
446993938 201002724 446993938 203935759 
756376693 258469170 756376693 293602486 
783726734 242258223 783726734 257411490 
883039815 219721049 883039815 230143610 
883039815 219721049 884716238 219721049 
973497872 201561746 973497872 237317296 
973497872 201561746 980484316 201561746 
589784810 363318232 592544377 363318232 
569497459 312493615 569497459 312850386 
597955584 311660533 597955584 339678946 
611225820 300987102 621503532 300987102 
253176161 409142040 256082783 409142040 
253176161 409142040 253176161 424288204 
362554548 382371033 362554548 396877971 
311209970 417871878 316357067 417871878 
432382367 292671510 432382367 312282230 
439455108 292111947 439455108 292671510 
377408670 293798126 377408670 339836507 
399631161 285133130 399631161 292111947 
399631161 285133130 401235183 285133130 
167248184 661919643 176767760 661919643 
175489267 619193602 200153106 619193602 
197038273 590396810 202349085 590396810 
302471471 592188262 302471471 602129694 
366038919 564571356 366038919 567817710 
366038919 564571356 375012472 564571356 
124619583 694636634 124619583 694888798 
197844069 827128324 197844069 828276429 
197844069 827128324 210133754 827128324 
178331648 848309759 178331648 864768746 
178331648 848309759 192601824 848309759 
273473486 795903300 276321134 795903300 
137805875 875991629 137805875 880909629 
446993938 203935759 446993938 205568532 
446993938 203935759 457352311 203935759 
756376693 293602486 768604758 293602486 
783726734 257411490 787319223 257411490 
883039815 230143610 894439254 230143610 
973497872 237317296 973497872 272724291 
592544377 363318232 592544377 364396317 
597955584 339678946 610357541 339678946 
621503532 300987102 621503532 304463464 
256082783 409142040 271997738 409142040 
253176161 424288204 253176161 439608428 
362554548 396877971 362616135 396877971 
316357067 417871878 316357067 445173976 
439455108 292671510 462875014 292671510 
377408670 339836507 392448450 339836507 
176767760 661919643 176767760 669005330 
200153106 619193602 200153106 625165521 
202349085 590396810 202349085 592944896 
202349085 590396810 222715290 590396810 
302471471 602129694 303386207 602129694 
366038919 567817710 366038919 598906303 
375012472 564571356 375012472 565502694 
375012472 564571356 407070752 564571356 
178331648 864768746 183549716 864768746 
192601824 848309759 192601824 853456723 
192601824 848309759 201851491 848309759 
276321134 795903300 276321134 799388382 
276321134 795903300 289460800 795903300 
137805875 880909629 138208483 880909629 
457352311 203935759 457352311 222424621 
457352311 203935759 465900346 203935759 
787319223 257411490 801562565 257411490 
787319223 257411490 787319223 284593131 
894439254 230143610 894439254 231560663 
973497872 272724291 980217222 272724291 
592544377 364396317 592544377 403345611 
610357541 339678946 629704492 339678946 
621503532 304463464 621503532 318104652 
621503532 304463464 652166391 304463464 
271997738 409142040 271997738 417898171 
253176161 439608428 253176161 472296623 
362616135 396877971 362616135 406173513 
362616135 396877971 377514000 396877971 
316357067 445173976 334844113 445173976 
462875014 292671510 462875014 305563111 
462875014 292671510 473164840 292671510 
392448450 339836507 392448450 369374206 
176767760 669005330 176767760 710605451 
176767760 669005330 193186300 669005330 
200153106 625165521 200153106 659131446 
200153106 625165521 220584616 625165521 
222715290 590396810 241097920 590396810 
222715290 590396810 222715290 592944896 
303386207 602129694 303386207 604679929 
303386207 602129694 306132420 602129694 
366038919 598906303 371094763 598906303 
407070752 564571356 407070752 575931940 
407070752 564571356 423631726 564571356 
183549716 864768746 183549716 869369330 
201851491 848309759 201851491 856787471 
201851491 848309759 223399805 848309759 
289460800 795903300 289460800 828824520 
138208483 880909629 138208483 895647982 
138208483 880909629 143950052 880909629 
457352311 222424621 470567010 222424621 
465900346 203935759 465900346 207662044 
465900346 203935759 474162477 203935759 
787319223 284593131 787319223 299931757 
787319223 284593131 796528845 284593131 
894439254 231560663 908481633 231560663 
894439254 231560663 894439254 255795996 
980217222 272724291 989585744 272724291 
980217222 272724291 980217222 284642051 
592544377 403345611 614323336 403345611 
629704492 339678946 629704492 344605682 
652166391 304463464 652166391 311544612 
652166391 304463464 678261621 304463464 
253176161 472296623 266948129 472296623 
377514000 396877971 377514000 398925082 
377514000 396877971 386936677 396877971 
334844113 445173976 334844113 458359618 
334844113 445173976 355154907 445173976 
462875014 305563111 488009892 305563111 
392448450 369374206 394449292 369374206 
176767760 710605451 176767760 751305406 
200153106 659131446 205043165 659131446 
220584616 625165521 220584616 644216119 
220584616 625165521 247939149 625165521 
241097920 590396810 257573032 590396810 
222715290 592944896 222715290 600381615 
306132420 602129694 306132420 604679929 
306132420 602129694 311185007 602129694 
371094763 598906303 371094763 612587370 
371094763 598906303 380449833 598906303 
407070752 575931940 407070752 599303422 
183549716 869369330 183549716 886259736 
223399805 848309759 223399805 866353819 
289460800 828824520 297165462 828824520 
470567010 222424621 470567010 225828478 
474162477 203935759 482958428 203935759 
796528845 284593131 815639047 284593131 
894439254 255795996 894439254 265671614 
894439254 255795996 912308055 255795996 
980217222 284642051 980217222 297958480 
980217222 284642051 989585744 284642051 
629704492 344605682 629704492 357019245 
629704492 344605682 636733562 344605682 
678261621 304463464 712216775 304463464 
386936677 396877971 386936677 419237056 
386936677 396877971 390948498 396877971 
334844113 458359618 334844113 473261250 
355154907 445173976 355154907 455594884 
355154907 445173976 368028287 445173976 
488009892 305563111 488009892 316429527 
394449292 369374206 420106242 369374206 
176767760 751305406 180877152 751305406 
205043165 659131446 205043165 659593892 
247939149 625165521 268584860 625165521 
222715290 600381615 222715290 607384624 
306132420 604679929 306132420 606488961 
311185007 602129694 311185007 606488961 
311185007 602129694 346577700 602129694 
371094763 612587370 372297181 612587370 
407070752 599303422 411856547 599303422 
183549716 886259736 189733523 886259736 
223399805 866353819 237766303 866353819 
482958428 203935759 482958428 207201464 
815639047 284593131 815639047 293548423 
894439254 265671614 894439254 280786895 
912308055 255795996 912308055 265671614 
912308055 255795996 933618539 255795996 
980217222 297958480 980217222 301746827 
980217222 297958480 989085993 297958480 
989585744 284642051 993144061 284642051 
629704492 357019245 629704492 360171415 
712216775 304463464 712216775 329590794 
386936677 419237056 405347666 419237056 
334844113 473261250 338737979 473261250 
368028287 445173976 368028287 451085803 
488009892 316429527 507631665 316429527 
488009892 316429527 488009892 332131799 
420106242 369374206 420106242 379204020 
205043165 659593892 205043165 671343511 
205043165 659593892 211965136 659593892 
268584860 625165521 268584860 627146786 
222715290 607384624 223727711 607384624 
306132420 606488961 306132420 610930264 
346577700 602129694 346577700 613058080 
346577700 602129694 348457063 602129694 
372297181 612587370 372297181 613234740 
411856547 599303422 411856547 614808681 
411856547 599303422 440721633 599303422 
189733523 886259736 189733523 896357527 
237766303 866353819 237766303 879542248 
237766303 866353819 261426626 866353819 
482958428 207201464 482958428 211543069 
482958428 207201464 493388308 207201464 
815639047 293548423 815639047 350411561 
894439254 280786895 903997575 280786895 
933618539 255795996 934834205 255795996 
933618539 255795996 933618539 265671614 
629704492 360171415 632198071 360171415 
712216775 329590794 712216775 372402317 
712216775 329590794 728256111 329590794 
405347666 419237056 405347666 420816324 
368028287 451085803 371884910 451085803 
488009892 332131799 495997726 332131799 
488009892 332131799 488009892 338590953 
420106242 379204020 420106242 395603129 
420106242 379204020 446450820 379204020 
211965136 659593892 211965136 661983834 
211965136 659593892 231109211 659593892 
268584860 627146786 268584860 641268517 
268584860 627146786 283155859 627146786 
440721633 599303422 440721633 607820560 
440721633 599303422 474848076 599303422 
189733523 896357527 190435489 896357527 
261426626 866353819 261426626 879079805 
261426626 866353819 265137866 866353819 
493388308 207201464 493388308 207947176 
493388308 207201464 494807086 207201464 
815639047 350411561 825694848 350411561 
903997575 280786895 903997575 290340661 
933618539 265671614 933618539 276048407 
632198071 360171415 632198071 376690170 
712216775 372402317 712216775 381728058 
728256111 329590794 728256111 331970860 
371884910 451085803 392406031 451085803 
371884910 451085803 371884910 489390003 
488009892 338590953 488009892 352952237 
488009892 338590953 488573060 338590953 
420106242 395603129 420106242 398821356 
420106242 395603129 422375608 395603129 
446450820 379204020 453213426 379204020 
446450820 379204020 446450820 398821356 
211965136 661983834 211965136 667757731 
231109211 659593892 231109211 672753291 
268584860 641268517 268584860 647345880 
283155859 627146786 283155859 641268517 
283155859 627146786 289325605 627146786 
440721633 607820560 440721633 656236794 
190435489 896357527 190435489 920840921 
261426626 879079805 271224497 879079805 
265137866 866353819 300831042 866353819 
825694848 350411561 825694848 352004049 
825694848 350411561 851511659 350411561 
903997575 290340661 908724121 290340661 
903997575 290340661 903997575 307669204 
933618539 276048407 933618539 281188231 
933618539 276048407 936622190 276048407 
632198071 376690170 637419844 376690170 
712216775 381728058 720745038 381728058 
728256111 331970860 729087286 331970860 
392406031 451085803 403572251 451085803 
371884910 489390003 371884910 502179456 
371884910 489390003 392406031 489390003 
488009892 352952237 517121051 352952237 
453213426 379204020 453213426 381621970 
453213426 379204020 459435318 379204020 
446450820 398821356 446450820 407376594 
211965136 667757731 213562288 667757731 
231109211 672753291 237046831 672753291 
268584860 647345880 268584860 669237318 
440721633 656236794 447062476 656236794 
190435489 920840921 205376136 920840921 
271224497 879079805 271224497 886546841 
300831042 866353819 300831042 869259051 
825694848 352004049 825694848 352532643 
851511659 350411561 851511659 352004049 
851511659 350411561 852999784 350411561 
903997575 307669204 903997575 314626388 
903997575 307669204 908724121 307669204 
936622190 276048407 936622190 277621442 
637419844 376690170 637419844 395337393 
720745038 381728058 732844216 381728058 
729087286 331970860 729087286 347762102 
729087286 331970860 741469020 331970860 
403572251 451085803 436901116 451085803 
392406031 489390003 404689286 489390003 
517121051 352952237 517121051 375808085 
459435318 379204020 459435318 387767615 
459435318 379204020 460686622 379204020 
446450820 407376594 446450820 447927334 
446450820 407376594 449934795 407376594 
213562288 667757731 220037031 667757731 
237046831 672753291 237046831 686294307 
268584860 669237318 271375213 669237318 
447062476 656236794 447062476 682095676 
447062476 656236794 451276529 656236794 
205376136 920840921 205376136 938247148 
205376136 920840921 253912706 920840921 
300831042 869259051 300831042 883738816 
852999784 350411561 877929838 350411561 
908724121 307669204 918800699 307669204 
936622190 277621442 937119401 277621442 
637419844 395337393 646474321 395337393 
732844216 381728058 732844216 387944772 
741469020 331970860 741469020 337640896 
436901116 451085803 436901116 465623502 
404689286 489390003 404689286 493351398 
517121051 375808085 517121051 382523368 
517121051 375808085 535509043 375808085 
446450820 447927334 461837585 447927334 
220037031 667757731 220037031 668221809 
237046831 686294307 241439026 686294307 
271375213 669237318 271375213 670570875 
271375213 669237318 283155859 669237318 
447062476 682095676 447062476 705665062 
447062476 682095676 452599493 682095676 
451276529 656236794 451276529 657081891 
451276529 656236794 480878866 656236794 
253912706 920840921 263497786 920840921 
253912706 920840921 253912706 954370940 
300831042 883738816 309634008 883738816 
877929838 350411561 892663001 350411561 
877929838 350411561 877929838 365824653 
918800699 307669204 918800699 321180776 
646474321 395337393 665246630 395337393 
732844216 387944772 732844216 403275090 
741469020 337640896 746978651 337640896 
404689286 493351398 434775515 493351398 
517121051 382523368 517121051 404958982 
461837585 447927334 461837585 448689477 
241439026 686294307 252065484 686294307 
241439026 686294307 241439026 701629964 
283155859 669237318 303425802 669237318 
452599493 682095676 476298114 682095676 
480878866 656236794 480878866 674449709 
480878866 656236794 487587964 656236794 
253912706 954370940 253912706 974090158 
253912706 954370940 263497786 954370940 
309634008 883738816 309634008 894259642 
309634008 883738816 318484406 883738816 
892663001 350411561 892663001 352347438 
877929838 365824653 877929838 366568811 
877929838 365824653 883995919 365824653 
918800699 321180776 929910887 321180776 
665246630 395337393 665246630 398377492 
732844216 403275090 734767129 403275090 
746978651 337640896 754304351 337640896 
746978651 337640896 746978651 340117889 
434775515 493351398 434775515 509864874 
517121051 404958982 519201419 404958982 
461837585 448689477 461837585 483620641 
241439026 701629964 241439026 723877261 
241439026 701629964 271375213 701629964 
303425802 669237318 303425802 673357530 
303425802 669237318 331073524 669237318 
476298114 682095676 476298114 696868243 
263497786 954370940 279714435 954370940 
318484406 883738816 324536449 883738816 
892663001 352347438 893091718 352347438 
883995919 365824653 883995919 392577740 
929910887 321180776 929910887 330709960 
929910887 321180776 941638699 321180776 
665246630 398377492 665246630 404825546 
734767129 403275090 756003767 403275090 
754304351 337640896 756533086 337640896 
746978651 340117889 747138668 340117889 
746978651 340117889 746978651 348084048 
434775515 509864874 434775515 525409645 
434775515 509864874 445513371 509864874 
519201419 404958982 528764683 404958982 
519201419 404958982 519201419 427265002 
461837585 483620641 485482515 483620641 
241439026 723877261 248581044 723877261 
271375213 701629964 297886105 701629964 
331073524 669237318 343337263 669237318 
476298114 696868243 476298114 699430105 
476298114 696868243 480878866 696868243 
279714435 954370940 290349544 954370940 
279714435 954370940 279714435 974090158 
324536449 883738816 324536449 883871543 
883995919 392577740 890137094 392577740 
929910887 330709960 932934291 330709960 
941638699 321180776 941638699 326771190 
941638699 321180776 957101706 321180776 
665246630 404825546 668313137 404825546 
756003767 403275090 768423449 403275090 
756533086 337640896 756533086 337795130 
746978651 348084048 746978651 361359004 
746978651 348084048 754182871 348084048 
445513371 509864874 445513371 520146451 
445513371 509864874 468310269 509864874 
528764683 404958982 564719840 404958982 
519201419 427265002 519201419 433933777 
519201419 427265002 528952814 427265002 
248581044 723877261 248581044 725721718 
343337263 669237318 343337263 670362556 
480878866 696868243 496864677 696868243 
279714435 974090158 279714435 975369975 
324536449 883871543 324536449 905374398 
890137094 392577740 890137094 431218395 
932934291 330709960 932934291 331515196 
957101706 321180776 957101706 375297258 
957101706 321180776 973122325 321180776 
668313137 404825546 668313137 419839077 
668313137 404825546 682691792 404825546 
768423449 403275090 768423449 408900629 
746978651 361359004 752840459 361359004 
445513371 520146451 449820662 520146451 
468310269 509864874 468310269 512290166 
564719840 404958982 564719840 407090931 
528952814 427265002 528952814 459658274 
528952814 427265002 535287027 427265002 
248581044 725721718 248581044 737762217 
343337263 670362556 386865695 670362556 
496864677 696868243 496864677 705337323 
496864677 696868243 517111601 696868243 
279714435 975369975 309960659 975369975 
324536449 905374398 324839539 905374398 
890137094 431218395 909768028 431218395 
957101706 375297258 957101706 393796608 
973122325 321180776 973122325 335794147 
973122325 321180776 975634855 321180776 
668313137 419839077 682032853 419839077 
752840459 361359004 752840459 364486615 
449820662 520146451 449820662 523409937 
468310269 512290166 469089124 512290166 
564719840 407090931 584886686 407090931 
528952814 459658274 528952814 492230584 
535287027 427265002 535287027 432329391 
535287027 427265002 544006775 427265002 
248581044 737762217 252823675 737762217 
386865695 670362556 386865695 673007320 
496864677 705337323 496864677 726175834 
517111601 696868243 517111601 697410042 
517111601 696868243 525977433 696868243 
309960659 975369975 309960659 985803138 
324839539 905374398 327768633 905374398 
909768028 431218395 909768028 433735185 
909768028 431218395 934144952 431218395 
957101706 393796608 960491074 393796608 
973122325 335794147 973122325 348007709 
682032853 419839077 682032853 423049755 
752840459 364486615 788873783 364486615 
449820662 523409937 456347183 523409937 
449820662 523409937 449820662 551437625 
469089124 512290166 469089124 530206413 
469089124 512290166 481803166 512290166 
584886686 407090931 584886686 417698020 
528952814 492230584 534672972 492230584 
544006775 427265002 544006775 441660244 
252823675 737762217 252823675 744106029 
252823675 737762217 258872697 737762217 
386865695 673007320 386865695 673763237 
386865695 673007320 405197928 673007320 
496864677 726175834 500204165 726175834 
309960659 985803138 309960659 998077415 
309960659 985803138 336442198 985803138 
327768633 905374398 327768633 907581910 
934144952 431218395 934144952 465967468 
934144952 431218395 950873078 431218395 
960491074 393796608 976573171 393796608 
973122325 348007709 984204524 348007709 
682032853 423049755 682032853 429446504 
788873783 364486615 788873783 372579799 
449820662 551437625 449820662 559236730 
481803166 512290166 500873397 512290166 
584886686 417698020 590518404 417698020 
544006775 441660244 550278742 441660244 
258872697 737762217 286130445 737762217 
405197928 673007320 405197928 689011788 
405197928 673007320 414166764 673007320 
500204165 726175834 500204165 732247987 
327768633 907581910 338947878 907581910 
327768633 907581910 327768633 935405902 
950873078 431218395 950873078 439291250 
950873078 431218395 979843514 431218395 
976573171 393796608 976573171 401596337 
682032853 429446504 682363656 429446504 
788873783 372579799 804541139 372579799 
500873397 512290166 500873397 551437625 
500873397 512290166 508813970 512290166 
590518404 417698020 590518404 420672699 
286130445 737762217 286130445 738022169 
405197928 689011788 405197928 699504069 
500204165 732247987 500762344 732247987 
327768633 935405902 327768633 947066609 
327768633 935405902 333793848 935405902 
979843514 431218395 996400242 431218395 
979843514 431218395 979843514 439291250 
682363656 429446504 682363656 457016750 
804541139 372579799 804541139 374807725 
500873397 551437625 500873397 570509869 
508813970 512290166 508813970 516818598 
590518404 420672699 590518404 434573984 
286130445 738022169 286130445 756287744 
286130445 738022169 297288205 738022169 
405197928 699504069 409226607 699504069 
500762344 732247987 500762344 740795337 
500762344 732247987 512153111 732247987 
327768633 947066609 327768633 955750483 
333793848 935405902 376356071 935405902 
979843514 439291250 979843514 452180015 
682363656 457016750 682363656 460073433 
682363656 457016750 689734502 457016750 
804541139 374807725 804541139 390807259 
804541139 374807725 822397779 374807725 
500873397 570509869 504873909 570509869 
590518404 434573984 592297919 434573984 
297288205 738022169 297288205 743374087 
409226607 699504069 409226607 730995065 
409226607 699504069 418358007 699504069 
500762344 740795337 500762344 748887031 
512153111 732247987 549993371 732247987 
512153111 732247987 512153111 740795337 
327768633 955750483 336442198 955750483 
376356071 935405902 376356071 936210354 
682363656 460073433 684214900 460073433 
689734502 457016750 689734502 460073433 
689734502 457016750 713521174 457016750 
822397779 374807725 824940684 374807725 
822397779 374807725 822397779 403151893 
504873909 570509869 505905849 570509869 
504873909 570509869 504873909 599303422 
592297919 434573984 592297919 440017332 
592297919 434573984 623457425 434573984 
297288205 743374087 299974767 743374087 
409226607 730995065 425058906 730995065 
500762344 748887031 500762344 755615622 
500762344 748887031 502287321 748887031 
512153111 740795337 512634520 740795337 
512153111 740795337 512153111 747497462 
336442198 955750483 346179947 955750483 
376356071 936210354 381717513 936210354 
376356071 936210354 376356071 949674686 
684214900 460073433 684214900 462462953 
689734502 460073433 689734502 462462953 
713521174 457016750 713521174 469794798 
713521174 457016750 717920768 457016750 
822397779 403151893 822397779 417145172 
822397779 403151893 850650961 403151893 
505905849 570509869 523776159 570509869 
504873909 599303422 504873909 605152897 
592297919 440017332 592297919 468613855 
623457425 434573984 639317998 434573984 
623457425 434573984 623457425 439219186 
299974767 743374087 312977181 743374087 
425058906 730995065 425058906 743404985 
512153111 747497462 512153111 784510352 
512153111 747497462 521710215 747497462 
346179947 955750483 346179947 967775707 
346179947 955750483 349499709 955750483 
376356071 949674686 381591652 949674686 
684214900 462462953 684214900 469794798 
713521174 469794798 713521174 479063171 
717920768 457016750 717920768 460073433 
717920768 457016750 734767129 457016750 
822397779 417145172 822397779 434211088 
523776159 570509869 523776159 574762068 
504873909 605152897 504873909 606682295 
504873909 605152897 512656048 605152897 
592297919 468613855 593105681 468613855 
639317998 434573984 639317998 447576097 
623457425 439219186 623457425 456446467 
623457425 439219186 626576099 439219186 
312977181 743374087 312977181 756069921 
425058906 743404985 425058906 767520374 
512153111 784510352 512153111 795084392 
521710215 747497462 521710215 752916097 
521710215 747497462 531316505 747497462 
349499709 955750483 364758863 955750483 
684214900 469794798 684214900 495553883 
684214900 469794798 689734502 469794798 
734767129 457016750 734767129 461560577 
734767129 457016750 785345743 457016750 
822397779 434211088 827969224 434211088 
523776159 574762068 569408765 574762068 
512656048 605152897 520567912 605152897 
512656048 605152897 512656048 609865623 
593105681 468613855 597725794 468613855 
593105681 468613855 593105681 519363119 
639317998 447576097 639479697 447576097 
312977181 756069921 312977181 786467960 
312977181 756069921 324483846 756069921 
425058906 767520374 436608552 767520374 
512153111 795084392 512153111 803604141 
512153111 795084392 518799710 795084392 
531316505 747497462 531316505 752381487 
531316505 747497462 540635936 747497462 
364758863 955750483 364758863 958927252 
684214900 495553883 684214900 511048063 
689734502 469794798 694922550 469794798 
734767129 461560577 734767129 476821792 
734767129 461560577 737647041 461560577 
785345743 457016750 785345743 464467022 
785345743 457016750 791553111 457016750 
827969224 434211088 827969224 456833318 
827969224 434211088 829812697 434211088 
569408765 574762068 569408765 586296154 
512656048 609865623 512656048 623567282 
512656048 609865623 513105622 609865623 
597725794 468613855 614935377 468613855 
593105681 519363119 593105681 538390686 
593105681 519363119 614935377 519363119 
312977181 786467960 312977181 806541229 
324483846 756069921 354307274 756069921 
518799710 795084392 525925583 795084392 
531316505 752381487 531316505 767633985 
364758863 958927252 364865869 958927252 
364758863 958927252 364758863 976304958 
684214900 511048063 696249425 511048063 
734767129 476821792 734767129 500189846 
785345743 464467022 804950959 464467022 
827969224 456833318 841704598 456833318 
512656048 623567282 523501661 623567282 
614935377 468613855 614935377 481036983 
614935377 519363119 619051811 519363119 
312977181 806541229 313155877 806541229 
354307274 756069921 354307274 763567579 
525925583 795084392 525925583 795789295 
531316505 767633985 531316505 784510352 
531316505 767633985 534898096 767633985 
364758863 976304958 364758863 994935041 
364758863 976304958 376356071 976304958 
696249425 511048063 696249425 562430150 
734767129 500189846 747066242 500189846 
804950959 464467022 804950959 475855543 
841704598 456833318 841704598 457407879 
523501661 623567282 523501661 630235772 
614935377 481036983 614935377 495558553 
614935377 481036983 618466091 481036983 
619051811 519363119 632007849 519363119 
313155877 806541229 325835184 806541229 
354307274 763567579 368483347 763567579 
525925583 795789295 525925583 830451786 
531316505 784510352 534898096 784510352 
534898096 767633985 540464750 767633985 
696249425 562430150 696521890 562430150 
747066242 500189846 747066242 502839701 
747066242 500189846 772399092 500189846 
841704598 457407879 859736357 457407879 
841704598 457407879 841704598 497612066 
523501661 630235772 529447954 630235772 
523501661 630235772 523501661 664354443 
632007849 519363119 632007849 525195448 
325835184 806541229 325835184 806847311 
368483347 763567579 368483347 774856764 
525925583 830451786 529782713 830451786 
696521890 562430150 696521890 574284915 
696521890 562430150 735049989 562430150 
747066242 502839701 747066242 549169043 
841704598 497612066 841704598 510946731 
841704598 497612066 859736357 497612066 
529447954 630235772 602012856 630235772 
523501661 664354443 523501661 674206479 
523501661 664354443 534814167 664354443 
632007849 525195448 646078988 525195448 
632007849 525195448 632007849 541927601 
325835184 806847311 325835184 821681609 
325835184 806847311 342200773 806847311 
368483347 774856764 368483347 777954618 
368483347 774856764 392860948 774856764 
529782713 830451786 542475625 830451786 
529782713 830451786 529782713 847580353 
696521890 574284915 696521890 586937341 
735049989 562430150 735049989 574284915 
747066242 549169043 753043353 549169043 
859736357 497612066 864783223 497612066 
602012856 630235772 602012856 638486663 
534814167 664354443 534814167 672156035 
534814167 664354443 542136135 664354443 
632007849 541927601 632007849 566734167 
632007849 541927601 646078988 541927601 
325835184 821681609 325835184 830907253 
342200773 806847311 344313338 806847311 
342200773 806847311 342200773 814169492 
368483347 777954618 368483347 797969399 
392860948 774856764 392860948 782800778 
392860948 774856764 413406740 774856764 
529782713 847580353 529782713 860494288 
529782713 847580353 555309647 847580353 
696521890 586937341 699545999 586937341 
735049989 574284915 735049989 582537718 
735049989 574284915 738858653 574284915 
753043353 549169043 753043353 561518180 
753043353 549169043 768532410 549169043 
864783223 497612066 864783223 505548800 
864783223 497612066 894971946 497612066 
534814167 672156035 534814167 683761000 
542136135 664354443 542136135 667661395 
542136135 664354443 549088223 664354443 
632007849 566734167 632007849 586666622 
632007849 566734167 649707270 566734167 
646078988 541927601 652486749 541927601 
325835184 830907253 325941768 830907253 
342200773 814169492 342200773 828882045 
342200773 814169492 357078809 814169492 
368483347 797969399 370058519 797969399 
413406740 774856764 413406740 781307852 
555309647 847580353 555309647 880932991 
699545999 586937341 699545999 590605704 
768532410 549169043 781381240 549169043 
768532410 549169043 768532410 567146054 
864783223 505548800 864783223 544914575 
894971946 497612066 894971946 505548800 
894971946 497612066 916726585 497612066 
534814167 683761000 537459329 683761000 
549088223 664354443 549088223 666725422 
549088223 664354443 573058454 664354443 
632007849 586666622 632007849 608496507 
649707270 566734167 677129377 566734167 
325941768 830907253 325941768 861011078 
357078809 814169492 364653692 814169492 
357078809 814169492 357078809 819182905 
413406740 781307852 417633872 781307852 
555309647 880932991 555309647 891077976 
555309647 880932991 557488825 880932991 
699545999 590605704 699545999 599295119 
781381240 549169043 789053576 549169043 
768532410 567146054 781381240 567146054 
768532410 567146054 768532410 588297097 
864783223 544914575 864783223 546538048 
864783223 544914575 865772677 544914575 
894971946 505548800 894971946 519990025 
916726585 497612066 916726585 506885665 
916726585 497612066 939876042 497612066 
537459329 683761000 537459329 684485837 
537459329 683761000 539676614 683761000 
573058454 664354443 573058454 674093696 
573058454 664354443 584543242 664354443 
632007849 608496507 632007849 638486663 
632007849 608496507 641238492 608496507 
677129377 566734167 677129377 575642123 
325941768 861011078 333778373 861011078 
364653692 814169492 389134163 814169492 
357078809 819182905 359440773 819182905 
357078809 819182905 357078809 823597692 
417633872 781307852 424090594 781307852 
555309647 891077976 557488825 891077976 
557488825 880932991 576826227 880932991 
699545999 599295119 707786461 599295119 
789053576 549169043 806353719 549169043 
768532410 588297097 775390680 588297097 
768532410 588297097 768532410 608954959 
864783223 546538048 864783223 575904960 
894971946 519990025 895243284 519990025 
939876042 497612066 939876042 512933465 
939876042 497612066 963975173 497612066 
584543242 664354443 584543242 702925719 
632007849 638486663 641238492 638486663 
641238492 608496507 646994318 608496507 
677129377 575642123 677129377 586937341 
677129377 575642123 684361997 575642123 
389134163 814169492 408478475 814169492 
357078809 823597692 364653692 823597692 
357078809 823597692 357078809 834497733 
424090594 781307852 424090594 782543404 
557488825 891077976 557488825 914124905 
557488825 891077976 561863392 891077976 
576826227 880932991 576826227 891146407 
576826227 880932991 604133262 880932991 
806353719 549169043 806353719 558581080 
768532410 608954959 768532410 616595268 
768532410 608954959 777384327 608954959 
864783223 575904960 876690249 575904960 
895243284 519990025 895243284 528262290 
895243284 519990025 902840417 519990025 
963975173 497612066 963975173 517090325 
963975173 497612066 980546106 497612066 
584543242 702925719 587113942 702925719 
641238492 638486663 641238492 658991364 
408478475 814169492 408478475 821192003 
357078809 834497733 368011857 834497733 
357078809 834497733 357078809 849559736 
424090594 782543404 464728817 782543404 
576826227 891146407 576826227 906793193 
604133262 880932991 619435093 880932991 
604133262 880932991 604133262 897088765 
806353719 558581080 810996714 558581080 
777384327 608954959 777384327 612232359 
876690249 575904960 895230031 575904960 
876690249 575904960 876690249 598469490 
895243284 528262290 895243284 538071850 
587113942 702925719 587280483 702925719 
587113942 702925719 587113942 731214576 
641238492 658991364 669651399 658991364 
641238492 658991364 641238492 683650611 
408478475 821192003 408478475 825407240 
408478475 821192003 415209226 821192003 
357078809 849559736 357078809 858325743 
357078809 849559736 370144744 849559736 
464728817 782543404 464728817 791511521 
576826227 906793193 578940628 906793193 
604133262 897088765 604133262 915202052 
604133262 897088765 614399201 897088765 
810996714 558581080 810996714 558629190 
777384327 612232359 780541710 612232359 
876690249 598469490 876690249 605304822 
876690249 598469490 892590268 598469490 
895243284 538071850 898411817 538071850 
587113942 731214576 587113942 738516699 
587113942 731214576 587402057 731214576 
669651399 658991364 669651399 659065757 
669651399 658991364 692151915 658991364 
641238492 683650611 641238492 710414905 
641238492 683650611 662253975 683650611 
415209226 821192003 437036098 821192003 
357078809 858325743 357078809 858383411 
357078809 858325743 365316996 858325743 
370144744 849559736 370144744 854214210 
370144744 849559736 380896464 849559736 
464728817 791511521 490300134 791511521 
604133262 915202052 620331059 915202052 
614399201 897088765 624925656 897088765 
810996714 558629190 810996714 580519397 
810996714 558629190 837349669 558629190 
780541710 612232359 780541710 663045782 
780541710 612232359 802098525 612232359 
892590268 598469490 892590268 614628038 
892590268 598469490 911436303 598469490 
898411817 538071850 928456209 538071850 
587113942 738516699 616049077 738516699 
692151915 658991364 724185026 658991364 
641238492 710414905 641238492 736700263 
662253975 683650611 665079435 683650611 
662253975 683650611 662253975 689001317 
437036098 821192003 437036098 827770927 
357078809 858383411 357078809 876823827 
380896464 849559736 403338776 849559736 
490300134 791511521 490300134 805796867 
620331059 915202052 620331059 925613442 
624925656 897088765 624925656 899613842 
810996714 580519397 830744169 580519397 
780541710 663045782 780541710 673802192 
802098525 612232359 802098525 615971767 
802098525 612232359 808402356 612232359 
911436303 598469490 929064462 598469490 
928456209 538071850 928456209 547543255 
616049077 738516699 616049077 757903488 
724185026 658991364 724185026 689001317 
641238492 736700263 643113878 736700263 
662253975 689001317 662253975 700284955 
662253975 689001317 692151915 689001317 
437036098 827770927 437036098 839754314 
437036098 827770927 441075195 827770927 
357078809 876823827 359872353 876823827 
403338776 849559736 403338776 852831502 
620331059 925613442 637612168 925613442 
620331059 925613442 620331059 956420774 
624925656 899613842 670306866 899613842 
830744169 580519397 830744169 583318415 
780541710 673802192 789851080 673802192 
802098525 615971767 802098525 616573357 
808402356 612232359 808402356 615971767 
808402356 612232359 828493245 612232359 
929064462 598469490 929064462 613639965 
928456209 547543255 940699944 547543255 
616049077 757903488 618831736 757903488 
616049077 757903488 616049077 771879577 
724185026 689001317 724185026 712554834 
724185026 689001317 762695462 689001317 
662253975 700284955 662253975 714750964 
662253975 700284955 667777119 700284955 
692151915 689001317 692151915 714750964 
437036098 839754314 437036098 870004199 
359872353 876823827 359872353 901617630 
359872353 876823827 365327844 876823827 
620331059 956420774 620331059 990267651 
620331059 956420774 657745168 956420774 
670306866 899613842 670306866 906066101 
830744169 583318415 830744169 584468176 
830744169 583318415 830815507 583318415 
808402356 615971767 808402356 640555507 
929064462 613639965 929894647 613639965 
940699944 547543255 940699944 550017700 
618831736 757903488 618831736 760514867 
618831736 757903488 625080590 757903488 
616049077 771879577 616049077 778376676 
762695462 689001317 771620545 689001317 
762695462 689001317 762695462 730290666 
662253975 714750964 662253975 730290666 
692151915 714750964 693282344 714750964 
437036098 870004199 442358483 870004199 
365327844 876823827 374088767 876823827 
657745168 956420774 657745168 965065078 
670306866 906066101 670306866 946811089 
808402356 640555507 811969011 640555507 
929894647 613639965 929894647 614095039 
940699944 550017700 940699944 555439097 
940699944 550017700 964207607 550017700 
616049077 778376676 616049077 786084075 
616049077 778376676 621031984 778376676 
762695462 730290666 762695462 736261522 
662253975 730290666 662253975 771879577 
693282344 714750964 693282344 730290666 
442358483 870004199 465494220 870004199 
374088767 876823827 374088767 879175770 
657745168 965065078 658044417 965065078 
670306866 946811089 680138029 946811089 
811969011 640555507 811969011 662631805 
811969011 640555507 825766668 640555507 
929894647 614095039 936672767 614095039 
929894647 614095039 929894647 626213731 
964207607 550017700 981161093 550017700 
616049077 786084075 616049077 817807907 
762695462 736261522 762695462 743212040 
762695462 736261522 800990485 736261522 
662253975 771879577 667073121 771879577 
693282344 730290666 712678015 730290666 
693282344 730290666 693282344 742596696 
465494220 870004199 465494220 870207214 
374088767 879175770 374088767 883049617 
374088767 879175770 386895146 879175770 
658044417 965065078 658044417 971584367 
658044417 965065078 660904141 965065078 
680138029 946811089 680138029 953731465 
811969011 662631805 811969011 671163376 
811969011 662631805 816226389 662631805 
825766668 640555507 825766668 640692839 
825766668 640555507 848051530 640555507 
929894647 626213731 929894647 658563082 
929894647 626213731 942481929 626213731 
981161093 550017700 981161093 551222755 
616049077 817807907 641677092 817807907 
800990485 736261522 824062769 736261522 
800990485 736261522 800990485 741139178 
667073121 771879577 679203272 771879577 
667073121 771879577 667073121 789909219 
693282344 742596696 693282344 747318727 
693282344 742596696 698012575 742596696 
465494220 870207214 465494220 877101602 
465494220 870207214 471878583 870207214 
386895146 879175770 386895146 896134158 
660904141 965065078 671025874 965065078 
680138029 953731465 682872572 953731465 
811969011 671163376 811969011 673750863 
816226389 662631805 826768455 662631805 
929894647 658563082 938861052 658563082 
942481929 626213731 942481929 633535131 
942481929 626213731 965680198 626213731 
981161093 551222755 981161093 559751513 
981161093 551222755 995298587 551222755 
641677092 817807907 641677092 845424550 
824062769 736261522 824062769 743394116 
824062769 736261522 846325323 736261522 
800990485 741139178 800990485 770327501 
800990485 741139178 802606487 741139178 
667073121 789909219 667073121 800277461 
667073121 789909219 697945962 789909219 
465494220 877101602 465494220 906137531 
471878583 870207214 514625699 870207214 
386895146 896134158 392745653 896134158 
671025874 965065078 671025874 971376622 
682872572 953731465 682872572 959482394 
682872572 953731465 694690000 953731465 
811969011 673750863 812343733 673750863 
826768455 662631805 826768455 664504288 
938861052 658563082 938861052 665988268 
995298587 551222755 995298587 576160085 
641677092 845424550 649772768 845424550 
824062769 743394116 824062769 750318748 
846325323 736261522 846325323 750254104 
846325323 736261522 856687703 736261522 
697945962 789909219 709320885 789909219 
697945962 789909219 697945962 818850637 
465494220 906137531 486180446 906137531 
514625699 870207214 514625699 876708136 
392745653 896134158 392745653 901617812 
392745653 896134158 418634377 896134158 
671025874 971376622 671025874 985245098 
826768455 664504288 859075829 664504288 
938861052 665988268 938861052 668887612 
938861052 665988268 958193228 665988268 
995298587 576160085 997016081 576160085 
649772768 845424550 649772768 858221637 
824062769 750318748 828889129 750318748 
846325323 750254104 846325323 758575458 
856687703 736261522 867115866 736261522 
709320885 789909219 713736695 789909219 
697945962 818850637 697945962 829207618 
697945962 818850637 713736695 818850637 
486180446 906137531 486180446 920722294 
514625699 876708136 515978748 876708136 
392745653 901617812 392745653 912183002 
418634377 896134158 418634377 898916500 
418634377 896134158 432886811 896134158 
671025874 985245098 672052925 985245098 
859075829 664504288 859075829 673259995 
958193228 665988268 958193228 679324196 
958193228 665988268 991471721 665988268 
997016081 576160085 997462670 576160085 
997016081 576160085 997016081 588929024 
649772768 858221637 655472992 858221637 
846325323 758575458 846871608 758575458 
867115866 736261522 867115866 738355579 
713736695 789909219 713736695 790402571 
713736695 818850637 713736695 834724425 
486180446 920722294 514625699 920722294 
486180446 920722294 486180446 946025833 
392745653 912183002 398070349 912183002 
672052925 985245098 695288076 985245098 
859075829 673259995 859075829 680326037 
859075829 673259995 868817764 673259995 
991471721 665988268 991471721 672898400 
991471721 665988268 994673530 665988268 
997016081 588929024 997016081 592139735 
997016081 588929024 997462670 588929024 
867115866 738355579 892948758 738355579 
713736695 790402571 735551546 790402571 
713736695 834724425 714375067 834724425 
514625699 920722294 537081338 920722294 
486180446 946025833 497775669 946025833 
398070349 912183002 398070349 928401024 
695288076 985245098 695288076 997562505 
859075829 680326037 859075829 682359150 
868817764 673259995 868817764 680326037 
868817764 673259995 874284643 673259995 
997462670 588929024 997575982 588929024 
892948758 738355579 892948758 759039358 
735551546 790402571 735551546 805107030 
735551546 790402571 762643414 790402571 
714375067 834724425 721120853 834724425 
714375067 834724425 714375067 872264183 
537081338 920722294 537081338 937378862 
398070349 928401024 413567927 928401024 
868817764 680326037 868817764 697266397 
892948758 759039358 910148078 759039358 
762643414 790402571 762643414 804126185 
762643414 790402571 773424113 790402571 
721120853 834724425 721120853 835817635 
721120853 834724425 740477123 834724425 
714375067 872264183 729113457 872264183 
714375067 872264183 714375067 889330732 
537081338 937378862 537081338 946491898 
413567927 928401024 413567927 960121007 
413567927 928401024 432308432 928401024 
868817764 697266397 876274680 697266397 
910148078 759039358 910148078 759345434 
773424113 790402571 773424113 800514192 
773424113 790402571 792342578 790402571 
721120853 835817635 721120853 841091030 
729113457 872264183 766698465 872264183 
714375067 889330732 714375067 891096460 
714375067 889330732 726204516 889330732 
537081338 946491898 538406668 946491898 
413567927 960121007 420475762 960121007 
413567927 960121007 413567927 973424229 
432308432 928401024 432308432 938285363 
432308432 928401024 442719724 928401024 
876274680 697266397 906235564 697266397 
876274680 697266397 876274680 705823225 
910148078 759345434 910148078 762969481 
910148078 759345434 935750738 759345434 
773424113 800514192 773424113 808006918 
792342578 790402571 813134177 790402571 
721120853 841091030 722515079 841091030 
766698465 872264183 766698465 873692691 
714375067 891096460 714375067 910093935 
538406668 946491898 538406668 975212133 
538406668 946491898 555741219 946491898 
413567927 973424229 413567927 978879253 
413567927 973424229 417595267 973424229 
442719724 928401024 442719724 937896879 
442719724 928401024 460438617 928401024 
906235564 697266397 906235564 704407245 
876274680 705823225 876274680 710070897 
876274680 705823225 883138227 705823225 
935750738 759345434 935750738 773000343 
773424113 808006918 773667264 808006918 
813134177 790402571 813134177 805201949 
766698465 873692691 787749638 873692691 
766698465 873692691 766698465 884009453 
714375067 910093935 719628215 910093935 
555741219 946491898 555741219 956152743 
555741219 946491898 556131453 946491898 
417595267 973424229 417595267 974950143 
417595267 973424229 445362340 973424229 
906235564 704407245 907224708 704407245 
935750738 773000343 936111252 773000343 
813134177 805201949 813134177 856862811 
813134177 805201949 824642452 805201949 
787749638 873692691 787749638 882797871 
787749638 873692691 811596748 873692691 
766698465 884009453 766698465 901804989 
766698465 884009453 769143019 884009453 
719628215 910093935 719628215 940646824 
445362340 973424229 454334915 973424229 
907224708 704407245 927922771 704407245 
936111252 773000343 936111252 796622891 
824642452 805201949 860114021 805201949 
787749638 882797871 787749638 895137819 
769143019 884009453 771942844 884009453 
719628215 940646824 727401057 940646824 
454334915 973424229 454334915 974661537 
927922771 704407245 927922771 718670794 
936111252 796622891 947005369 796622891 
860114021 805201949 860114021 824806975 
787749638 895137819 793399538 895137819 
771942844 884009453 771942844 885821656 
727401057 940646824 727401057 960364998 
727401057 940646824 732923473 940646824 
454334915 974661537 462502185 974661537 
454334915 974661537 454334915 984729657 
947005369 796622891 947005369 799330993 
947005369 796622891 953899986 796622891 
860114021 824806975 867402339 824806975 
860114021 824806975 860114021 838833303 
793399538 895137819 851373196 895137819 
732923473 940646824 732923473 945832330 
732923473 940646824 768796792 940646824 
454334915 984729657 454334915 995485137 
454334915 984729657 462502185 984729657 
953899986 796622891 953899986 817084823 
860114021 838833303 860114021 843391309 
860114021 838833303 864725970 838833303 
851373196 895137819 851373196 895194976 
768796792 940646824 791176582 940646824 
462502185 984729657 467225907 984729657 
953899986 817084823 967758399 817084823 
864725970 838833303 864725970 844871013 
864725970 838833303 887924397 838833303 
851373196 895194976 851373196 918323937 
851373196 895194976 882402425 895194976 
791176582 940646824 791176582 945623522 
467225907 984729657 505419655 984729657 
967758399 817084823 967758399 827898249 
887924397 838833303 887924397 845168597 
887924397 838833303 910832946 838833303 
851373196 918323937 867174128 918323937 
882402425 895194976 882402425 917196283 
791176582 945623522 801498961 945623522 
791176582 945623522 791176582 956321949 
505419655 984729657 505419655 985054891 
967758399 827898249 974669874 827898249 
887924397 845168597 887924397 854912633 
910832946 838833303 910832946 845168597 
910832946 838833303 925827614 838833303 
867174128 918323937 867174128 924722012 
882402425 917196283 899011600 917196283 
801498961 945623522 801498961 950686690 
791176582 956321949 791885058 956321949 
791176582 956321949 791176582 976074837 
974669874 827898249 974669874 838905315 
974669874 827898249 987155059 827898249 
887924397 854912633 887924397 870491963 
925827614 838833303 925827614 853625836 
867174128 924722012 867174128 940767722 
899011600 917196283 899011600 918574867 
899011600 917196283 941497637 917196283 
801498961 950686690 802953337 950686690 
791176582 976074837 791176582 976646502 
791176582 976074837 802953337 976074837 
974669874 838905315 976405901 838905315 
887924397 870491963 890420008 870491963 
925827614 853625836 931107544 853625836 
867174128 940767722 869473757 940767722 
791176582 976646502 791176582 995991564 
802953337 976074837 823153846 976074837 
976405901 838905315 976405901 839523922 
931107544 853625836 931107544 883605399 
931107544 853625836 934625420 853625836 
869473757 940767722 869473757 960094322 
791176582 995991564 801527112 995991564 
976405901 839523922 993212674 839523922 
976405901 839523922 976405901 873058908 
934625420 853625836 934625420 855073929 
934625420 853625836 939589463 853625836 
869473757 960094322 871236319 960094322 
976405901 873058908 976405901 898230045 
976405901 873058908 991001634 873058908 
871236319 960094322 871236319 970812247 
976405901 898230045 996187014 898230045 
871236319 970812247 872201205 970812247 
996187014 898230045 996187014 908264666 
872201205 970812247 872201205 975820773 
872201205 970812247 896757659 970812247 
896757659 970812247 896757659 971816666 
896757659 970812247 915189320 970812247 
915189320 970812247 915189320 981107052 
915189320 970812247 926615313 970812247 
926615313 970812247 926615313 990272398 
926615313 970812247 941118483 970812247 
926615313 990272398 934030283 990272398 
934030283 990272398 934030283 993941665 
