1998
0 0 0 18030196 
0 0 48269003 0 
0 18030196 0 86004550 
0 18030196 15738096 18030196 
48269003 0 48269003 39038756 
48269003 0 97246358 0 
0 86004550 0 132812380 
0 86004550 27726572 86004550 
48269003 39038756 58518149 52974226 
48269003 39038756 48269003 39038756 
97246358 0 107051622 0 
97246358 0 97246358 16417769 
107051622 0 158450536 0 
107051622 0 107051622 4068631 
58518149 52974226 59266893 62558026 
58518149 52974226 58518149 52974226 
59266893 62558026 59266893 86813164 
59266893 62558026 110847204 62558026 
0 132812380 0 229515698 
0 132812380 17977148 132812380 
59266893 86813164 59266893 106146991 
59266893 86813164 77640995 86813164 
158450536 0 158450536 43493870 
158450536 0 230403145 0 
59266893 106146991 59266893 115972953 
59266893 106146991 63733418 106146991 
110847204 62558026 113302987 66846579 
110847204 62558026 110847204 62558026 
59266893 115972953 68941604 122533140 
59266893 115972953 59266893 115972953 
113302987 66846579 113302987 78585140 
113302987 66846579 117100947 66846579 
68941604 122533140 84237675 135265941 
68941604 122533140 68941604 122533140 
113302987 78585140 113302987 92976835 
113302987 78585140 116033482 78585140 
158450536 43493870 158450536 53619300 
158450536 43493870 178798038 43493870 
113302987 92976835 144511881 92976835 
113302987 92976835 113302987 97532832 
158450536 53619300 164184599 53619300 
158450536 53619300 158450536 64075743 
84237675 135265941 108371907 135265941 
84237675 135265941 84237675 191637592 
178798038 43493870 190189550 54382152 
178798038 43493870 178798038 43493870 
0 229515698 20318157 229515698 
0 229515698 0 269387331 
230403145 0 260906004 0 
230403145 0 230403145 13565876 
144511881 92976835 144511881 103966789 
144511881 92976835 148631900 92976835 
108371907 135265941 112249630 150039550 
108371907 135265941 108371907 135265941 
190189550 54382152 190189550 77119029 
190189550 54382152 190318731 54382152 
144511881 103966789 168903337 109999066 
144511881 103966789 144511881 103966789 
20318157 229515698 24744152 229515698 
20318157 229515698 20318157 231833798 
24744152 229515698 36225757 240771419 
24744152 229515698 24744152 229515698 
260906004 0 260906004 10228932 
260906004 0 283613642 0 
112249630 150039550 117216784 150039550 
112249630 150039550 112249630 166459892 
117216784 150039550 118489074 154353810 
117216784 150039550 117216784 150039550 
190189550 77119029 199270486 77119029 
190189550 77119029 190189550 77570247 
0 269387331 0 281166198 
0 269387331 10226066 269387331 
260906004 10228932 267309199 26891286 
260906004 10228932 260906004 10228932 
118489074 154353810 127987262 154353810 
118489074 154353810 118489074 155772255 
36225757 240771419 75958990 240771419 
36225757 240771419 36225757 254661450 
168903337 109999066 216319396 109999066 
168903337 109999066 168903337 123927240 
0 281166198 0 303101554 
0 281166198 9611422 281166198 
127987262 154353810 143120118 154353810 
127987262 154353810 127987262 180368899 
283613642 0 283613642 5816166 
283613642 0 311030016 0 
283613642 5816166 284008108 5816166 
283613642 5816166 283613642 9810459 
267309199 26891286 267309199 38037822 
267309199 26891286 283196655 26891286 
143120118 154353810 157815012 154353810 
143120118 154353810 143120118 168127131 
0 303101554 0 330361446 
0 303101554 32716592 303101554 
267309199 38037822 267309199 45551268 
267309199 38037822 274097239 38037822 
127987262 180368899 127987262 183383550 
127987262 180368899 137613817 180368899 
311030016 0 342322140 0 
311030016 0 311030016 10467275 
127987262 183383550 128691139 183383550 
127987262 183383550 127987262 188544431 
157815012 154353810 184866866 155282511 
157815012 154353810 157815012 154353810 
267309199 45551268 277702669 45551268 
267309199 45551268 267309199 81476975 
75958990 240771419 86942911 254740723 
75958990 240771419 75958990 240771419 
137613817 180368899 137613817 221540847 
137613817 180368899 157257539 180368899 
277702669 45551268 294482524 54318399 
277702669 45551268 277702669 45551268 
216319396 109999066 230154647 109999066 
216319396 109999066 216319396 123388319 
0 330361446 14941202 330361446 
0 330361446 0 375624654 
32716592 303101554 47789675 307026728 
32716592 303101554 32716592 303101554 
184866866 155282511 193448302 163141061 
184866866 155282511 184866866 155282511 
230154647 109999066 230154647 138343062 
230154647 109999066 237134599 109999066 
342322140 0 342322140 13073317 
342322140 0 382345890 0 
14941202 330361446 16132661 340660482 
14941202 330361446 14941202 330361446 
267309199 81476975 279445479 81476975 
267309199 81476975 267309199 102684166 
294482524 54318399 302184475 59631807 
294482524 54318399 294482524 54318399 
47789675 307026728 47789675 314288099 
47789675 307026728 50476773 307026728 
342322140 13073317 342322140 22493068 
342322140 13073317 348814083 13073317 
193448302 163141061 210069067 163141061 
193448302 163141061 193448302 189929093 
16132661 340660482 22727192 340660482 
16132661 340660482 16132661 354197829 
137613817 221540847 145063611 221540847 
137613817 221540847 137613817 259237697 
279445479 81476975 297190895 81476975 
279445479 81476975 279445479 86476071 
302184475 59631807 314794949 61265927 
302184475 59631807 302184475 59631807 
47789675 314288099 55464432 336901832 
47789675 314288099 47789675 314288099 
342322140 22493068 342322140 26977186 
342322140 22493068 355157139 22493068 
145063611 221540847 174052178 221540847 
145063611 221540847 145063611 228167764 
230154647 138343062 230154647 142267662 
230154647 138343062 233772553 138343062 
342322140 26977186 343673661 36980679 
342322140 26977186 342322140 26977186 
267309199 102684166 282498079 109424353 
267309199 102684166 267309199 102684166 
230154647 142267662 255273749 142267662 
230154647 142267662 230154647 155763177 
210069067 163141061 210712021 170611776 
210069067 163141061 210069067 163141061 
0 375624654 0 411392371 
0 375624654 26457971 375624654 
314794949 61265927 324675061 61265927 
314794949 61265927 314794949 66983130 
343673661 36980679 348753724 36980679 
343673661 36980679 343673661 38979343 
210712021 170611776 214862448 171252742 
210712021 170611776 210712021 170611776 
382345890 0 404952919 0 
382345890 0 382345890 31682127 
193448302 189929093 205075203 197180003 
193448302 189929093 193448302 189929093 
324675061 61265927 324675061 64434226 
324675061 61265927 324839648 61265927 
324675061 64434226 330657954 64434226 
324675061 64434226 324675061 100309607 
282498079 109424353 289358086 118174886 
282498079 109424353 282498079 109424353 
55464432 336901832 84969328 336901832 
55464432 336901832 55464432 357107121 
330657954 64434226 339242254 67358686 
330657954 64434226 330657954 64434226 
174052178 221540847 178725510 221540847 
174052178 221540847 174052178 222457609 
137613817 259237697 144460951 259237697 
137613817 259237697 137613817 282004934 
255273749 142267662 272314645 142267662 
255273749 142267662 255273749 180931394 
178725510 221540847 197651177 221540847 
178725510 221540847 178725510 247610105 
404952919 0 433332842 6757866 
404952919 0 404952919 0 
289358086 118174886 301754586 118174886 
289358086 118174886 289358086 127669662 
0 411392371 0 454798643 
0 411392371 2030619 411392371 
382345890 31682127 385977653 54925935 
382345890 31682127 382345890 31682127 
272314645 142267662 284759830 142267662 
272314645 142267662 272314645 145328531 
197651177 221540847 210333910 221540847 
197651177 221540847 197651177 233793762 
84969328 336901832 84969328 348381816 
84969328 336901832 91091926 336901832 
324675061 100309607 324675061 117101142 
324675061 100309607 359673919 100309607 
178725510 247610105 178725510 274329051 
178725510 247610105 184206702 247610105 
284759830 142267662 300006649 150365233 
284759830 142267662 284759830 142267662 
210333910 221540847 210333910 233352809 
210333910 221540847 228669300 221540847 
84969328 348381816 112231104 348381816 
84969328 348381816 84969328 388889791 
433332842 6757866 438241414 6757866 
433332842 6757866 433332842 17239232 
385977653 54925935 418011443 65510743 
385977653 54925935 385977653 54925935 
324675061 117101142 324675061 132396296 
324675061 117101142 334833906 117101142 
210333910 233352809 216459434 233352809 
210333910 233352809 210333910 251985566 
438241414 6757866 451804055 6757866 
438241414 6757866 438241414 9857239 
228669300 221540847 266295741 235017768 
228669300 221540847 228669300 221540847 
300006649 150365233 300006649 162230948 
300006649 150365233 308112327 150365233 
178725510 274329051 178725510 277401098 
178725510 274329051 199113549 274329051 
0 454798643 0 480997339 
0 454798643 57393762 454798643 
178725510 277401098 181098918 277804892 
178725510 277401098 178725510 277401098 
324675061 132396296 331631646 132396296 
324675061 132396296 324675061 137789742 
451804055 6757866 451804055 14524039 
451804055 6757866 505208430 6757866 
359673919 100309607 372628969 102587770 
359673919 100309607 359673919 100309607 
112231104 348381816 112231104 369524001 
112231104 348381816 130863013 348381816 
300006649 162230948 300006649 180382717 
300006649 162230948 305267742 162230948 
331631646 132396296 344236275 149719472 
331631646 132396296 331631646 132396296 
451804055 14524039 456131177 14524039 
451804055 14524039 451804055 33763342 
199113549 274329051 199113549 297131681 
199113549 274329051 236519045 274329051 
372628969 102587770 376676120 117214306 
372628969 102587770 372628969 102587770 
300006649 180382717 300006649 190987071 
300006649 180382717 301863519 180382717 
0 480997339 0 530761963 
0 480997339 21584600 480997339 
112231104 369524001 129779256 369524001 
112231104 369524001 112231104 394982514 
418011443 65510743 418011443 81370584 
418011443 65510743 423143761 65510743 
300006649 190987071 300006649 196795546 
300006649 190987071 326938291 190987071 
376676120 117214306 376676120 124038185 
376676120 117214306 379656653 117214306 
344236275 149719472 350685029 165426678 
344236275 149719472 344236275 149719472 
199113549 297131681 215301464 297131681 
199113549 297131681 199113549 300248470 
300006649 196795546 301880598 215465436 
300006649 196795546 300006649 196795546 
129779256 369524001 160756488 369524001 
129779256 369524001 129779256 378408063 
418011443 81370584 422951510 92333674 
418011443 81370584 418011443 81370584 
376676120 124038185 376676120 130408504 
376676120 124038185 380270928 124038185 
266295741 235017768 276250534 235017768 
266295741 235017768 266295741 248184035 
376676120 130408504 376676120 146920733 
376676120 130408504 399785164 130408504 
112231104 394982514 126605069 394982514 
112231104 394982514 112231104 427916769 
505208430 6757866 505208430 33503457 
505208430 6757866 548404523 6757866 
57393762 454798643 73800058 454798643 
57393762 454798643 57393762 490459381 
215301464 297131681 215301464 319763904 
215301464 297131681 260317222 297131681 
301880598 215465436 319356911 215465436 
301880598 215465436 301880598 239863241 
126605069 394982514 147806322 396104763 
126605069 394982514 126605069 394982514 
376676120 146920733 378685484 147743967 
376676120 146920733 376676120 146920733 
378685484 147743967 381871481 173415190 
378685484 147743967 378685484 147743967 
73800058 454798643 73800058 462688395 
73800058 454798643 90713829 454798643 
399785164 130408504 425270746 130408504 
399785164 130408504 399785164 138662324 
0 530761963 0 593159786 
0 530761963 19036204 530761963 
319356911 215465436 321272152 218841935 
319356911 215465436 319356911 215465436 
215301464 319763904 215301464 338734938 
215301464 319763904 220528827 319763904 
73800058 462688395 77631708 477884122 
73800058 462688395 73800058 462688395 
505208430 33503457 512054214 33503457 
505208430 33503457 505208430 58130622 
321272152 218841935 336307088 237856386 
321272152 218841935 321272152 218841935 
301880598 239863241 303582010 252676867 
301880598 239863241 301880598 239863241 
147806322 396104763 171310935 396104763 
147806322 396104763 147806322 397144591 
90713829 454798643 99927229 465751866 
90713829 454798643 90713829 454798643 
512054214 33503457 512054214 38929455 
512054214 33503457 523307256 33503457 
57393762 490459381 66695183 490459381 
57393762 490459381 57393762 492206306 
512054214 38929455 517467830 39826050 
512054214 38929455 512054214 38929455 
215301464 338734938 245333402 338734938 
215301464 338734938 215301464 364550802 
548404523 6757866 588301198 6757866 
548404523 6757866 548404523 24657324 
381871481 173415190 386132697 189719920 
381871481 173415190 381871481 173415190 
425270746 130408504 425270746 136788793 
425270746 130408504 449907784 130408504 
303582010 252676867 304146509 252676867 
303582010 252676867 303582010 255751212 
523307256 33503457 526121978 33503457 
523307256 33503457 523307256 33656179 
66695183 490459381 66695183 502668103 
66695183 490459381 87525453 490459381 
260317222 297131681 280661791 297131681 
260317222 297131681 260317222 303418921 
526121978 33503457 527863360 43923948 
526121978 33503457 526121978 33503457 
425270746 136788793 425270746 159861424 
425270746 136788793 426286947 136788793 
505208430 58130622 511301764 58130622 
505208430 58130622 505208430 80668657 
171310935 396104763 171310935 415136635 
171310935 396104763 191593852 396104763 
66695183 502668103 70070763 503497129 
66695183 502668103 66695183 502668103 
527863360 43923948 527863360 58554030 
527863360 43923948 537470443 43923948 
70070763 503497129 70070763 538106011 
70070763 503497129 72275092 503497129 
336307088 237856386 369754135 237856386 
336307088 237856386 336307088 254920637 
386132697 189719920 389205900 200385463 
386132697 189719920 386132697 189719920 
280661791 297131681 282273774 305240020 
280661791 297131681 280661791 297131681 
87525453 490459381 97909238 493557107 
87525453 490459381 87525453 490459381 
449907784 130408504 463157044 130408504 
449907784 130408504 449907784 139607417 
245333402 338734938 245333402 385054174 
245333402 338734938 267350155 338734938 
425270746 159861424 441454398 179396438 
425270746 159861424 425270746 159861424 
527863360 58554030 527863360 90020034 
527863360 58554030 543612232 58554030 
171310935 415136635 171310935 437867707 
171310935 415136635 175154228 415136635 
282273774 305240020 301669582 305240020 
282273774 305240020 282273774 308479880 
191593852 396104763 202628233 396104763 
191593852 396104763 191593852 412170214 
389205900 200385463 397603415 215311516 
389205900 200385463 389205900 200385463 
97909238 493557107 119412806 493557107 
97909238 493557107 97909238 514381127 
0 593159786 0 597217359 
0 593159786 10327759 593159786 
463157044 130408504 463157044 151373707 
463157044 130408504 494456810 130408504 
588301198 6757866 588301198 22811148 
588301198 6757866 615333556 6757866 
0 597217359 0 603150303 
0 597217359 628233 597217359 
0 603150303 0 630610175 
0 603150303 4524280 603150303 
10327759 593159786 28313811 593658157 
10327759 593159786 10327759 593159786 
301669582 305240020 301669582 315951262 
301669582 305240020 361774057 305240020 
369754135 237856386 380236540 240862899 
369754135 237856386 369754135 237856386 
70070763 538106011 83916241 550803456 
70070763 538106011 70070763 538106011 
171310935 437867707 171310935 449246388 
171310935 437867707 200825011 437867707 
588301198 22811148 594215855 22811148 
588301198 22811148 588301198 23035749 
397603415 215311516 405319435 219879456 
397603415 215311516 397603415 215311516 
119412806 493557107 123087531 509478610 
119412806 493557107 119412806 493557107 
463157044 151373707 463157044 156653007 
463157044 151373707 467521543 151373707 
594215855 22811148 607414711 22811148 
594215855 22811148 594215855 51365708 
301669582 315951262 306364028 353439006 
301669582 315951262 301669582 315951262 
527863360 90020034 548226988 90020034 
527863360 90020034 527863360 117392876 
463157044 156653007 467535453 162348527 
463157044 156653007 463157044 156653007 
171310935 449246388 171310935 465872793 
171310935 449246388 178535737 449246388 
441454398 179396438 453453179 179396438 
441454398 179396438 441454398 189267849 
380236540 240862899 380236540 257600908 
380236540 240862899 393373317 240862899 
615333556 6757866 630571154 6757866 
615333556 6757866 615333556 9298953 
494456810 130408504 500756282 130408504 
494456810 130408504 494456810 132848498 
467535453 162348527 476539599 164850300 
467535453 162348527 467535453 162348527 
245333402 385054174 249339738 385054174 
245333402 385054174 245333402 410786794 
0 630610175 14954652 630610175 
0 630610175 0 701587299 
123087531 509478610 137616712 525395974 
123087531 509478610 123087531 509478610 
249339738 385054174 251462372 385476806 
249339738 385054174 249339738 385054174 
83916241 550803456 93541962 550803456 
83916241 550803456 83916241 557006814 
171310935 465872793 185431105 465872793 
171310935 465872793 171310935 473537064 
630571154 6757866 679424102 6757866 
630571154 6757866 630571154 10255772 
380236540 257600908 422944786 257600908 
380236540 257600908 380236540 274598827 
548226988 90020034 557523303 90020034 
548226988 90020034 548226988 95281723 
200825011 437867707 219151377 437867707 
200825011 437867707 200825011 446035350 
476539599 164850300 477340330 164850300 
476539599 164850300 476539599 200355541 
477340330 164850300 488298278 164850300 
477340330 164850300 477340330 164989113 
93541962 550803456 96993273 564490793 
93541962 550803456 93541962 550803456 
527863360 117392876 529233487 117392876 
527863360 117392876 527863360 133551465 
14954652 630610175 29048018 635156741 
14954652 630610175 14954652 630610175 
557523303 90020034 557523303 105514462 
557523303 90020034 611744849 90020034 
185431105 465872793 195652336 465872793 
185431105 465872793 185431105 471969769 
488298278 164850300 488547985 175940112 
488298278 164850300 488298278 164850300 
245333402 410786794 250337776 411670092 
245333402 410786794 245333402 410786794 
96993273 564490793 97906705 565312409 
96993273 564490793 96993273 564490793 
195652336 465872793 195652336 483133300 
195652336 465872793 219882737 465872793 
250337776 411670092 263447716 411670092 
250337776 411670092 250337776 433655200 
137616712 525395974 142277369 525395974 
137616712 525395974 137616712 526780726 
557523303 105514462 557523303 132681949 
557523303 105514462 560345636 105514462 
97906705 565312409 103140634 574077905 
97906705 565312409 97906705 565312409 
29048018 635156741 37443607 635156741 
29048018 635156741 29048018 641903521 
488547985 175940112 488547985 186561833 
488547985 175940112 496894120 175940112 
361774057 305240020 361774057 324662000 
361774057 305240020 407531266 305240020 
142277369 525395974 158390186 552124654 
142277369 525395974 142277369 525395974 
37443607 635156741 37443607 642594473 
37443607 635156741 71002649 635156741 
488547985 186561833 507209771 188277529 
488547985 186561833 488547985 186561833 
263447716 411670092 282239184 411670092 
263447716 411670092 263447716 417694508 
476539599 200355541 478915547 219268346 
476539599 200355541 476539599 200355541 
103140634 574077905 124552747 574077905 
103140634 574077905 103140634 585884003 
195652336 483133300 195652336 487733293 
195652336 483133300 203248507 483133300 
37443607 642594473 42334854 671739132 
37443607 642594473 37443607 642594473 
422944786 257600908 456749732 258857310 
422944786 257600908 422944786 257600908 
195652336 487733293 196743343 487733293 
195652336 487733293 195652336 488350341 
250337776 433655200 260254772 433655200 
250337776 433655200 250337776 463438201 
679424102 6757866 695010742 6757866 
679424102 6757866 679424102 20957768 
203248507 483133300 219872413 487515253 
203248507 483133300 203248507 483133300 
361774057 324662000 361774057 359886771 
361774057 324662000 369016316 324662000 
557523303 132681949 561767956 143315951 
557523303 132681949 557523303 132681949 
282239184 411670092 282239184 433644025 
282239184 411670092 314945991 411670092 
507209771 188277529 507209771 190681859 
507209771 188277529 528494836 188277529 
507209771 190681859 508348686 194428656 
507209771 190681859 507209771 190681859 
478915547 219268346 478915547 236972998 
478915547 219268346 487057370 219268346 
124552747 574077905 132308296 574077905 
124552747 574077905 124552747 583921019 
0 701587299 0 704028703 
0 701587299 750312 701587299 
611744849 90020034 621075965 124021317 
611744849 90020034 611744849 90020034 
695010742 6757866 713285659 6757866 
695010742 6757866 695010742 34737336 
0 704028703 18064145 704028703 
0 704028703 0 779966129 
561767956 143315951 569482067 143315951 
561767956 143315951 561767956 166491219 
71002649 635156741 95060206 650705389 
71002649 635156741 71002649 635156741 
219872413 487515253 231244695 495249315 
219872413 487515253 219872413 487515253 
158390186 552124654 158974063 563860605 
158390186 552124654 158390186 552124654 
407531266 305240020 407531266 315875931 
407531266 305240020 450961025 305240020 
569482067 143315951 580962437 143315951 
569482067 143315951 569482067 143452583 
42334854 671739132 55162207 689825982 
42334854 671739132 42334854 671739132 
282239184 433644025 286567671 443403840 
282239184 433644025 282239184 433644025 
478915547 236972998 493926433 241803070 
478915547 236972998 478915547 236972998 
528494836 188277529 538377747 188277529 
528494836 188277529 528494836 201394947 
713285659 6757866 736396269 12804749 
713285659 6757866 713285659 6757866 
361774057 359886771 371167347 383085095 
361774057 359886771 361774057 359886771 
18064145 704028703 18064145 720879526 
18064145 704028703 29918185 704028703 
158974063 563860605 163127863 583097490 
158974063 563860605 158974063 563860605 
407531266 315875931 415564165 336560577 
407531266 315875931 407531266 315875931 
231244695 495249315 231244695 515459379 
231244695 495249315 270299943 495249315 
314945991 411670092 314945991 413074873 
314945991 411670092 315273501 411670092 
314945991 413074873 325750284 415528325 
314945991 413074873 314945991 413074873 
561767956 166491219 561767956 196830044 
561767956 166491219 602755434 166491219 
695010742 34737336 700834581 42508836 
695010742 34737336 695010742 34737336 
286567671 443403840 288746379 449094627 
286567671 443403840 286567671 443403840 
493926433 241803070 493926433 258975167 
493926433 241803070 535237484 241803070 
288746379 449094627 290777063 450152805 
288746379 449094627 288746379 449094627 
18064145 720879526 26628716 738736118 
18064145 720879526 18064145 720879526 
290777063 450152805 292574716 450152805 
290777063 450152805 290777063 468298484 
325750284 415528325 331721734 415528325 
325750284 415528325 325750284 421371321 
292574716 450152805 310754328 451295337 
292574716 450152805 292574716 450152805 
700834581 42508836 700834581 73385511 
700834581 42508836 701086090 42508836 
621075965 124021317 621075965 134253534 
621075965 124021317 654486456 124021317 
95060206 650705389 106293127 650705389 
95060206 650705389 95060206 685037550 
163127863 583097490 193249563 583097490 
163127863 583097490 163127863 626252280 
231244695 515459379 231244695 527854178 
231244695 515459379 251360865 515459379 
736396269 12804749 741246961 12804749 
736396269 12804749 736396269 14776830 
415564165 336560577 415564165 348275301 
415564165 336560577 434687086 336560577 
493926433 258975167 501486027 269647489 
493926433 258975167 493926433 258975167 
741246961 12804749 762562149 12804749 
741246961 12804749 741246961 26288068 
371167347 383085095 371167347 383593191 
371167347 383085095 371394284 383085095 
371167347 383593191 386996442 383593191 
371167347 383593191 371167347 403893423 
621075965 134253534 621075965 150947656 
621075965 134253534 622143518 134253534 
450961025 305240020 457062874 305240020 
450961025 305240020 450961025 316266222 
106293127 650705389 125127196 655486648 
106293127 650705389 106293127 650705389 
561767956 196830044 576670662 209344798 
561767956 196830044 561767956 196830044 
290777063 468298484 290777063 486125792 
290777063 468298484 296972820 468298484 
231244695 527854178 231244695 540483007 
231244695 527854178 231552579 527854178 
310754328 451295337 325400666 452108559 
310754328 451295337 310754328 451295337 
457062874 305240020 469501177 305240020 
457062874 305240020 457062874 309959592 
415564165 348275301 420120258 358689558 
415564165 348275301 415564165 348275301 
26628716 738736118 45349999 738736118 
26628716 738736118 26628716 754566823 
602755434 166491219 603070350 181691107 
602755434 166491219 602755434 166491219 
386996442 383593191 401131944 391928170 
386996442 383593191 386996442 383593191 
501486027 269647489 504125684 269647489 
501486027 269647489 501486027 270920891 
434687086 336560577 444810537 336560577 
434687086 336560577 434687086 336993986 
231244695 540483007 241924228 554947801 
231244695 540483007 231244695 540483007 
621075965 150947656 644471932 165369395 
621075965 150947656 621075965 150947656 
504125684 269647489 521811396 269647489 
504125684 269647489 504125684 275601352 
700834581 73385511 715536325 73385511 
700834581 73385511 700834581 87158434 
469501177 305240020 476170627 314775315 
469501177 305240020 469501177 305240020 
371167347 403893423 372468081 423549072 
371167347 403893423 371167347 403893423 
762562149 12804749 762562149 41048734 
762562149 12804749 825722193 12804749 
193249563 583097490 208540585 583097490 
193249563 583097490 193249563 597251119 
290777063 486125792 300406478 488456595 
290777063 486125792 290777063 486125792 
325400666 452108559 333203908 452108559 
325400666 452108559 325400666 463743692 
654486456 124021317 678075193 129018071 
654486456 124021317 654486456 124021317 
420120258 358689558 425973904 362935666 
420120258 358689558 420120258 358689558 
0 779966129 10220652 779966129 
0 779966129 0 789855476 
95060206 685037550 95060206 694182016 
95060206 685037550 109419234 685037550 
125127196 655486648 143310595 655486648 
125127196 655486648 125127196 665230071 
444810537 336560577 457508492 351392554 
444810537 336560577 444810537 336560577 
45349999 738736118 45349999 751249811 
45349999 738736118 52884771 738736118 
576670662 209344798 576670662 221574584 
576670662 209344798 597968224 209344798 
300406478 488456595 300406478 524144042 
300406478 488456595 307436635 488456595 
425973904 362935666 431352798 371943217 
425973904 362935666 425973904 362935666 
715536325 73385511 720909323 78111240 
715536325 73385511 715536325 73385511 
95060206 694182016 95503760 694182016 
95060206 694182016 95060206 700734781 
163127863 626252280 163127863 634564564 
163127863 626252280 164857909 626252280 
10220652 779966129 10220652 811469531 
10220652 779966129 18839845 779966129 
476170627 314775315 476170627 323368012 
476170627 314775315 478989807 314775315 
521811396 269647489 521811396 287780263 
521811396 269647489 546153560 269647489 
208540585 583097490 234960416 583097490 
208540585 583097490 208540585 617703711 
109419234 685037550 117555403 685037550 
109419234 685037550 109419234 690335951 
372468081 423549072 393026420 423549072 
372468081 423549072 372468081 480934105 
45349999 751249811 70969714 751249811 
45349999 751249811 45349999 765331123 
241924228 554947801 249765283 559656613 
241924228 554947801 241924228 554947801 
163127863 634564564 173299253 651624811 
163127863 634564564 163127863 634564564 
576670662 221574584 588163919 221574584 
576670662 221574584 576670662 222300320 
720909323 78111240 732125686 91675764 
720909323 78111240 720909323 78111240 
476170627 323368012 491621211 323368012 
476170627 323368012 476170627 326262260 
117555403 685037550 117555403 721061035 
117555403 685037550 145373459 685037550 
431352798 371943217 448505171 383066481 
431352798 371943217 431352798 371943217 
762562149 41048734 786579417 64716577 
762562149 41048734 762562149 41048734 
678075193 129018071 702942607 129018071 
678075193 129018071 678075193 138898979 
457508492 351392554 470791667 358270696 
457508492 351392554 457508492 351392554 
521811396 287780263 529460246 287780263 
521811396 287780263 521811396 313222592 
588163919 221574584 595489026 239093617 
588163919 221574584 588163919 221574584 
644471932 165369395 650169296 165369395 
644471932 165369395 644471932 174738259 
650169296 165369395 670655899 165369395 
650169296 165369395 650169296 169577701 
393026420 423549072 393026420 430295616 
393026420 423549072 428369887 423549072 
529460246 287780263 538322289 287780263 
529460246 287780263 529460246 289019772 
234960416 583097490 268776672 583097490 
234960416 583097490 234960416 600791938 
644471932 174738259 644471932 185378143 
644471932 174738259 646133541 174738259 
10220652 811469531 10220652 818830264 
10220652 811469531 45515278 811469531 
70969714 751249811 71308268 769317620 
70969714 751249811 70969714 751249811 
393026420 430295616 393026420 447503807 
393026420 430295616 396939479 430295616 
732125686 91675764 751210053 93998845 
732125686 91675764 732125686 91675764 
300406478 524144042 305031733 554385786 
300406478 524144042 300406478 524144042 
173299253 651624811 191903413 651624811 
173299253 651624811 173299253 655410996 
538322289 287780263 577296717 287780263 
538322289 287780263 538322289 291357830 
208540585 617703711 219056280 617703711 
208540585 617703711 208540585 618958516 
10220652 818830264 10220652 833789122 
10220652 818830264 14448186 818830264 
644471932 185378143 645987254 188290538 
644471932 185378143 644471932 185378143 
448505171 383066481 462159005 393420293 
448505171 383066481 448505171 383066481 
702942607 129018071 702942607 151485308 
702942607 129018071 719256570 129018071 
645987254 188290538 653956797 188290538 
645987254 188290538 645987254 219369931 
595489026 239093617 609227652 250801295 
595489026 239093617 595489026 239093617 
521811396 313222592 521811396 326379202 
521811396 313222592 537566122 313222592 
670655899 165369395 676787823 170759775 
670655899 165369395 670655899 165369395 
219056280 617703711 233767157 623380426 
219056280 617703711 219056280 617703711 
825722193 12804749 842665323 12804749 
825722193 12804749 825722193 40344313 
117555403 721061035 134543751 721061035 
117555403 721061035 117555403 729944695 
393026420 447503807 407631356 447503807 
393026420 447503807 393026420 462615619 
71308268 769317620 86455157 783276720 
71308268 769317620 71308268 769317620 
191903413 651624811 208992177 651624811 
191903413 651624811 191903413 677992439 
10220652 833789122 10220652 855745530 
10220652 833789122 24796153 833789122 
751210053 93998845 751210053 111468666 
751210053 93998845 777278301 93998845 
676787823 170759775 680179230 191421632 
676787823 170759775 676787823 170759775 
521811396 326379202 521811396 334773358 
521811396 326379202 524174117 326379202 
537566122 313222592 559984728 313222592 
537566122 313222592 537566122 316348593 
268776672 583097490 268776672 594841008 
268776672 583097490 290522745 583097490 
372468081 480934105 390515169 480934105 
372468081 480934105 372468081 491534538 
702942607 151485308 702942607 172585302 
702942607 151485308 725783285 151485308 
407631356 447503807 424296594 447503807 
407631356 447503807 407631356 458927276 
842665323 12804749 862359948 12804749 
842665323 12804749 842665323 24347776 
462159005 393420293 491488177 400727095 
462159005 393420293 462159005 393420293 
134543751 721061035 134543751 747268503 
134543751 721061035 154734289 721061035 
521811396 334773358 525127584 350520223 
521811396 334773358 521811396 334773358 
45515278 811469531 50246983 811469531 
45515278 811469531 45515278 812403727 
305031733 554385786 339544866 554385786 
305031733 554385786 305031733 567330394 
609227652 250801295 614615755 251251705 
609227652 250801295 609227652 250801295 
208992177 651624811 217029592 664470495 
208992177 651624811 208992177 651624811 
751210053 111468666 751210053 115081621 
751210053 111468666 761745924 111468666 
268776672 594841008 268776672 622236028 
268776672 594841008 277644483 594841008 
577296717 287780263 581632694 287780263 
577296717 287780263 577296717 288766661 
614615755 251251705 634874197 251251705 
614615755 251251705 614615755 251985798 
10220652 855745530 10220652 871869756 
10220652 855745530 29357805 855745530 
825722193 40344313 836714304 46428695 
825722193 40344313 825722193 40344313 
751210053 115081621 754803104 134707426 
751210053 115081621 751210053 115081621 
581632694 287780263 581632694 307228659 
581632694 287780263 601614374 287780263 
86455157 783276720 86455157 815617219 
86455157 783276720 88353878 783276720 
191903413 677992439 191903413 710938286 
191903413 677992439 192328808 677992439 
777278301 93998845 799960220 93998845 
777278301 93998845 777278301 109018742 
390515169 480934105 403296867 494362365 
390515169 480934105 390515169 480934105 
680179230 191421632 680179230 217155030 
680179230 191421632 689007533 191421632 
424296594 447503807 431359409 447503807 
424296594 447503807 424296594 449112013 
290522745 583097490 311585936 583097490 
290522745 583097490 290522745 587054035 
862359948 12804749 862359948 38010780 
862359948 12804749 952278379 12804749 
702942607 172585302 711745054 172585302 
702942607 172585302 702942607 172661035 
525127584 350520223 557976253 350520223 
525127584 350520223 525127584 366633163 
431359409 447503807 431359409 456170676 
431359409 447503807 436627467 447503807 
134543751 747268503 134543751 760482824 
134543751 747268503 135719210 747268503 
10220652 871869756 10220652 875275933 
10220652 871869756 23629912 871869756 
29357805 855745530 58660369 860178686 
29357805 855745530 29357805 855745530 
10220652 875275933 10813278 888620554 
10220652 875275933 10220652 875275933 
634874197 251251705 652173283 251251705 
634874197 251251705 634874197 266836408 
431359409 456170676 440626514 471761874 
431359409 456170676 431359409 456170676 
581632694 307228659 582500392 307228659 
581632694 307228659 581632694 327998083 
601614374 287780263 616230427 287780263 
601614374 287780263 601614374 294014570 
754803104 134707426 754803104 152875321 
754803104 134707426 776438138 134707426 
268776672 622236028 268776672 631414396 
268776672 622236028 302642255 622236028 
491488177 400727095 491488177 437498252 
491488177 400727095 537032072 400727095 
339544866 554385786 364526510 556804283 
339544866 554385786 339544866 554385786 
799960220 93998845 799960220 103065270 
799960220 93998845 804067983 93998845 
134543751 760482824 134543751 774323466 
134543751 760482824 134743148 760482824 
680179230 217155030 683607013 220579171 
680179230 217155030 680179230 217155030 
403296867 494362365 414825849 499344741 
403296867 494362365 403296867 494362365 
10813278 888620554 23585315 901797800 
10813278 888620554 10813278 888620554 
268776672 631414396 268776672 657700069 
268776672 631414396 277075352 631414396 
862359948 38010780 887494096 38010780 
862359948 38010780 862359948 64018594 
86455157 815617219 93498135 815617219 
86455157 815617219 86455157 828508641 
191903413 710938286 200363746 724995047 
191903413 710938286 191903413 710938286 
799960220 103065270 801222456 126319876 
799960220 103065270 799960220 103065270 
616230427 287780263 616230427 311356950 
616230427 287780263 643028678 287780263 
683607013 220579171 692269455 235894876 
683607013 220579171 683607013 220579171 
754803104 152875321 754803104 178856499 
754803104 152875321 757764893 152875321 
557976253 350520223 563099960 368012937 
557976253 350520223 557976253 350520223 
134543751 774323466 142881382 774323466 
134543751 774323466 134543751 777209437 
93498135 815617219 95646916 815617219 
93498135 815617219 93498135 819467644 
95646916 815617219 105743420 815617219 
95646916 815617219 95646916 817764017 
440626514 471761874 440626514 492119059 
440626514 471761874 471325739 471761874 
414825849 499344741 416479717 511693676 
414825849 499344741 414825849 499344741 
142881382 774323466 155179211 774323466 
142881382 774323466 142881382 784538207 
58660369 860178686 68653641 860178686 
58660369 860178686 58660369 881907902 
364526510 556804283 398586122 560372778 
364526510 556804283 364526510 556804283 
105743420 815617219 105743420 846839526 
105743420 815617219 130430705 815617219 
302642255 622236028 309543799 624281619 
302642255 622236028 302642255 622236028 
200363746 724995047 250176228 724995047 
200363746 724995047 200363746 728831898 
23585315 901797800 39878377 901797800 
23585315 901797800 23585315 936403090 
887494096 38010780 910013769 61786621 
887494096 38010780 887494096 38010780 
862359948 64018594 863975662 98732551 
862359948 64018594 862359948 64018594 
268776672 657700069 286645074 657700069 
268776672 657700069 268776672 665429589 
801222456 126319876 801222456 135792101 
801222456 126319876 827698326 126319876 
616230427 311356950 627312454 321486035 
616230427 311356950 616230427 311356950 
692269455 235894876 708205138 235894876 
692269455 235894876 692269455 247261508 
491488177 437498252 500697622 453346323 
491488177 437498252 491488177 437498252 
155179211 774323466 155179211 780774601 
155179211 774323466 171364235 774323466 
643028678 287780263 661099189 287780263 
643028678 287780263 643028678 292266196 
563099960 368012937 569901663 368012937 
563099960 368012937 563099960 369100725 
440626514 492119059 440626514 517398142 
440626514 492119059 442393450 492119059 
754803104 178856499 754803104 191427945 
754803104 178856499 770874667 178856499 
309543799 624281619 309543799 627615934 
309543799 624281619 328177714 624281619 
155179211 780774601 155179211 796539313 
155179211 780774601 160993815 780774601 
801222456 135792101 804795908 144669340 
801222456 135792101 801222456 135792101 
309543799 627615934 312175438 629283362 
309543799 627615934 309543799 627615934 
537032072 400727095 543010113 415127458 
537032072 400727095 537032072 400727095 
569901663 368012937 581612078 368012937 
569901663 368012937 569901663 370013863 
39878377 901797800 62157548 901797800 
39878377 901797800 39878377 913303300 
708205138 235894876 713196549 244135068 
708205138 235894876 708205138 235894876 
286645074 657700069 295055264 657700069 
286645074 657700069 286645074 661922581 
171364235 774323466 191463155 781996626 
171364235 774323466 171364235 774323466 
754803104 191427945 758382582 197402799 
754803104 191427945 754803104 191427945 
627312454 321486035 627312454 336749126 
627312454 321486035 644766758 321486035 
661099189 287780263 676953139 287780263 
661099189 287780263 661099189 291735790 
581612078 368012937 600748322 372348485 
581612078 368012937 581612078 368012937 
155179211 796539313 155179211 819252448 
155179211 796539313 157933396 796539313 
328177714 624281619 337258086 624281619 
328177714 624281619 328177714 626122531 
105743420 846839526 105967301 846839526 
105743420 846839526 105743420 863299085 
295055264 657700069 295055264 671072143 
295055264 657700069 305662610 657700069 
827698326 126319876 827698326 130984883 
827698326 126319876 853578837 126319876 
500697622 453346323 511419395 483155888 
500697622 453346323 500697622 453346323 
758382582 197402799 771039675 209216592 
758382582 197402799 758382582 197402799 
713196549 244135068 730488889 244135068 
713196549 244135068 713196549 249830227 
440626514 517398142 448149998 530441735 
440626514 517398142 440626514 517398142 
543010113 415127458 559373498 415127458 
543010113 415127458 543010113 432850500 
827698326 130984883 829363068 174708845 
827698326 130984883 827698326 130984883 
398586122 560372778 398586122 602226838 
398586122 560372778 422886446 560372778 
23585315 936403090 27775600 982406200 
23585315 936403090 23585315 936403090 
337258086 624281619 351977569 647221287 
337258086 624281619 337258086 624281619 
863975662 98732551 895099757 98732551 
863975662 98732551 863975662 101422041 
62157548 901797800 62157548 907865254 
62157548 901797800 91550516 901797800 
627312454 336749126 628086191 348173160 
627312454 336749126 627312454 336749126 
676953139 287780263 687423729 287780263 
676953139 287780263 676953139 299896522 
295055264 671072143 296238182 686896378 
295055264 671072143 295055264 671072143 
644766758 321486035 663510762 331684362 
644766758 321486035 644766758 321486035 
62157548 907865254 66644472 920572689 
62157548 907865254 62157548 907865254 
910013769 61786621 914859005 76245713 
910013769 61786621 910013769 61786621 
600748322 372348485 617789950 372348485 
600748322 372348485 600748322 403150057 
191463155 781996626 209500488 790818401 
191463155 781996626 191463155 781996626 
155179211 819252448 155179211 827149665 
155179211 819252448 156469742 819252448 
559373498 415127458 564875820 415127458 
559373498 415127458 559373498 418238062 
730488889 244135068 730488889 249776287 
730488889 244135068 731100851 244135068 
687423729 287780263 692808981 287780263 
687423729 287780263 687423729 289185866 
448149998 530441735 471722415 541172638 
448149998 530441735 448149998 530441735 
853578837 126319876 861142456 126319876 
853578837 126319876 853578837 142879822 
564875820 415127458 567985698 415127458 
564875820 415127458 564875820 439621436 
771039675 209216592 771039675 235566559 
771039675 209216592 787683362 209216592 
730488889 249776287 736683081 265481369 
730488889 249776287 730488889 249776287 
155179211 827149665 174631110 827149665 
155179211 827149665 155179211 854675429 
296238182 686896378 296238182 695077365 
296238182 686896378 298190715 686896378 
861142456 126319876 861142456 128745510 
861142456 126319876 880292101 126319876 
861142456 128745510 863252825 128745510 
861142456 128745510 861142456 128910139 
617789950 372348485 619057846 374200322 
617789950 372348485 617789950 372348485 
914859005 76245713 919467963 76245713 
914859005 76245713 914859005 80617925 
296238182 695077365 312883780 695077365 
296238182 695077365 296238182 746655739 
619057846 374200322 647646247 374200322 
619057846 374200322 619057846 374827933 
91550516 901797800 91550516 912024007 
91550516 901797800 93700687 901797800 
511419395 483155888 519828380 486699288 
511419395 483155888 511419395 483155888 
663510762 331684362 665259027 331877827 
663510762 331684362 663510762 331684362 
919467963 76245713 919467963 94989384 
919467963 76245713 926655025 76245713 
665259027 331877827 665259027 344902955 
665259027 331877827 672263061 331877827 
351977569 647221287 353634540 648552417 
351977569 647221287 351977569 647221287 
209500488 790818401 211829949 797613285 
209500488 790818401 209500488 790818401 
398586122 602226838 398586122 628597369 
398586122 602226838 418492663 602226838 
174631110 827149665 179340861 836072400 
174631110 827149665 174631110 827149665 
736683081 265481369 736683081 291917096 
736683081 265481369 742039123 265481369 
353634540 648552417 364976389 648552417 
353634540 648552417 353634540 652475005 
91550516 912024007 91550516 921236424 
91550516 912024007 102343654 912024007 
600748322 403150057 608836384 415146712 
600748322 403150057 600748322 403150057 
519828380 486699288 519828380 507308197 
519828380 486699288 572576490 486699288 
771039675 235566559 846397826 235566559 
771039675 235566559 771039675 249053516 
880292101 126319876 908710836 139851498 
880292101 126319876 880292101 126319876 
312883780 695077365 322778899 695077365 
312883780 695077365 312883780 698761322 
211829949 797613285 222591158 797613285 
211829949 797613285 211829949 804313399 
155179211 854675429 155678446 890200773 
155179211 854675429 155179211 854675429 
665259027 344902955 701498573 344902955 
665259027 344902955 665259027 361722002 
27775600 982406200 39280879 992205701 
27775600 982406200 27775600 982406200 
91550516 921236424 91550516 936725368 
91550516 921236424 93516127 921236424 
471722415 541172638 471722415 578091711 
471722415 541172638 490360696 541172638 
364976389 648552417 373958589 648552417 
364976389 648552417 364976389 657333102 
102343654 912024007 102343654 916319980 
102343654 912024007 122721508 912024007 
919467963 94989384 940841343 94989384 
919467963 94989384 919467963 95873998 
179340861 836072400 179340861 856787240 
179340861 836072400 202739923 836072400 
102343654 916319980 105878075 922009884 
102343654 916319980 102343654 916319980 
222591158 797613285 233977339 797613285 
222591158 797613285 222591158 807238627 
373958589 648552417 373958589 688305463 
373958589 648552417 388438738 648552417 
608836384 415146712 631617261 420059804 
608836384 415146712 608836384 415146712 
519828380 507308197 519828380 531599114 
519828380 507308197 521625707 507308197 
398586122 628597369 398586122 638712474 
398586122 628597369 443209775 628597369 
105878075 922009884 113213914 931182371 
105878075 922009884 105878075 922009884 
91550516 936725368 91550516 943697805 
91550516 936725368 96446337 936725368 
736683081 291917096 736683081 304086441 
736683081 291917096 787762416 291917096 
39280879 992205701 70977169 996040151 
39280879 992205701 39280879 992205701 
233977339 797613285 255607318 797613285 
233977339 797613285 233977339 816684990 
91550516 943697805 101569581 960214313 
91550516 943697805 91550516 943697805 
940841343 94989384 943442923 94989384 
940841343 94989384 940841343 109788219 
179340861 856787240 193226795 856787240 
179340861 856787240 179340861 857394608 
398586122 638712474 398586122 655307343 
398586122 638712474 406099145 638712474 
202739923 836072400 202739923 843948435 
202739923 836072400 211528287 836072400 
736683081 304086441 736683081 313362052 
736683081 304086441 742682996 304086441 
296238182 746655739 296238182 763349101 
296238182 746655739 296540522 746655739 
155678446 890200773 155678446 896107258 
155678446 890200773 183741028 890200773 
701498573 344902955 705884137 389724760 
701498573 344902955 701498573 344902955 
202739923 843948435 206594467 843948435 
202739923 843948435 202739923 852229003 
908710836 139851498 913938658 139851498 
908710836 139851498 908710836 189183970 
471722415 578091711 471722415 578631442 
471722415 578091711 476547451 578091711 
193226795 856787240 193880347 856787240 
193226795 856787240 193226795 862543261 
736683081 313362052 743298529 313362052 
736683081 313362052 736683081 314494106 
471722415 578631442 471817339 578631442 
471722415 578631442 471722415 606945073 
519828380 531599114 521645383 542257914 
519828380 531599114 519828380 531599114 
631617261 420059804 651629536 428471564 
631617261 420059804 631617261 420059804 
155678446 896107258 161211035 909892998 
155678446 896107258 155678446 896107258 
255607318 797613285 255607318 816288257 
255607318 797613285 261392576 797613285 
913938658 139851498 928830255 141200971 
913938658 139851498 913938658 139851498 
398586122 655307343 399596169 660860550 
398586122 655307343 398586122 655307343 
743298529 313362052 758969964 313362052 
743298529 313362052 743298529 341294794 
572576490 486699288 572576490 506607190 
572576490 486699288 627458713 486699288 
296238182 763349101 296836701 765051135 
296238182 763349101 296238182 763349101 
101569581 960214313 132743778 960214313 
101569581 960214313 101569581 963652800 
296836701 765051135 296836701 778507833 
296836701 765051135 332333269 765051135 
373958589 688305463 373958589 715268979 
373958589 688305463 413022877 688305463 
521645383 542257914 535859474 542257914 
521645383 542257914 521645383 546309671 
928830255 141200971 928830255 158231357 
928830255 141200971 948919506 141200971 
161211035 909892998 177135172 909892998 
161211035 909892998 161211035 921235712 
443209775 628597369 443209775 643946614 
443209775 628597369 461551059 628597369 
255607318 816288257 264786406 816288257 
255607318 816288257 255607318 841076538 
758969964 313362052 762372117 313362052 
758969964 313362052 758969964 319366512 
296836701 778507833 296836701 788191499 
296836701 778507833 300707341 778507833 
535859474 542257914 535859474 564061914 
535859474 542257914 536922748 542257914 
572576490 506607190 583677948 509552281 
572576490 506607190 572576490 506607190 
787762416 291917096 787762416 295009156 
787762416 291917096 817803399 291917096 
651629536 428471564 651629536 436956121 
651629536 428471564 684318211 428471564 
264786406 816288257 272262316 817364282 
264786406 816288257 264786406 816288257 
846397826 235566559 870038411 235566559 
846397826 235566559 846397826 240781240 
787762416 295009156 790427441 315221944 
787762416 295009156 787762416 295009156 
296836701 788191499 301726137 792768322 
296836701 788191499 296836701 788191499 
177135172 909892998 193710530 909892998 
177135172 909892998 177135172 939532536 
928830255 158231357 936874506 159921449 
928830255 158231357 928830255 158231357 
443209775 643946614 449605892 663713762 
443209775 643946614 443209775 643946614 
651629536 436956121 659060114 436956121 
651629536 436956121 651629536 442021416 
373958589 715268979 382875694 749003873 
373958589 715268979 373958589 715268979 
272262316 817364282 279778369 817603489 
272262316 817364282 272262316 817364282 
461551059 628597369 461551059 635641919 
461551059 628597369 467432746 628597369 
132743778 960214313 152872097 967795397 
132743778 960214313 132743778 960214313 
583677948 509552281 593430483 509552281 
583677948 509552281 583677948 522913986 
705884137 389724760 731414103 389724760 
705884137 389724760 705884137 411020580 
659060114 436956121 664258574 436956121 
659060114 436956121 659060114 467026880 
255607318 841076538 255607318 858076234 
255607318 841076538 262964823 841076538 
936874506 159921449 942242116 167105439 
936874506 159921449 936874506 159921449 
461551059 635641919 480924346 635641919 
461551059 635641919 461551059 646232333 
279778369 817603489 315413143 820062594 
279778369 817603489 279778369 817603489 
332333269 765051135 332333269 767776284 
332333269 765051135 335057448 765051135 
535859474 564061914 535859474 582771751 
535859474 564061914 536119975 564061914 
332333269 767776284 345510870 768145456 
332333269 767776284 332333269 767776284 
413022877 688305463 430456564 688305463 
413022877 688305463 413022877 696139570 
593430483 509552281 601065684 514598575 
593430483 509552281 593430483 509552281 
193710530 909892998 197582149 909892998 
193710530 909892998 193710530 910638769 
870038411 235566559 878876534 235566559 
870038411 235566559 870038411 242075391 
790427441 315221944 795879992 351604970 
790427441 315221944 790427441 315221944 
583677948 522913986 583677948 562495369 
583677948 522913986 591070181 522913986 
197582149 909892998 231105738 909892998 
197582149 909892998 197582149 927955810 
942242116 167105439 956428542 167105439 
942242116 167105439 942242116 206930050 
817803399 291917096 831850977 294201932 
817803399 291917096 817803399 291917096 
684318211 428471564 698666174 441001020 
684318211 428471564 684318211 428471564 
255607318 858076234 259083887 859574444 
255607318 858076234 255607318 858076234 
878876534 235566559 903840114 235566559 
878876534 235566559 878876534 257077289 
601065684 514598575 609272354 514598575 
601065684 514598575 601065684 524245078 
480924346 635641919 519992185 647234935 
480924346 635641919 480924346 635641919 
535859474 582771751 542096153 594119533 
535859474 582771751 535859474 582771751 
259083887 859574444 276053644 865083253 
259083887 859574444 259083887 859574444 
430456564 688305463 430456564 694667983 
430456564 688305463 433790784 688305463 
152872097 967795397 152872097 992828988 
152872097 967795397 174092172 967795397 
731414103 389724760 745827219 416467135 
731414103 389724760 731414103 389724760 
956428542 167105439 990549516 168651970 
956428542 167105439 956428542 167105439 
609272354 514598575 611848636 517774343 
609272354 514598575 609272354 514598575 
430456564 694667983 430456564 706544228 
430456564 694667983 474266497 694667983 
831850977 294201932 831850977 311391925 
831850977 294201932 855265665 294201932 
611848636 517774343 612649771 518585086 
611848636 517774343 611848636 517774343 
612649771 518585086 634366558 518585086 
612649771 518585086 612649771 534620596 
382875694 749003873 382875694 775907746 
382875694 749003873 400975411 749003873 
315413143 820062594 315413143 847465379 
315413143 820062594 336394043 820062594 
542096153 594119533 542191444 594119533 
542096153 594119533 542096153 615625862 
430456564 706544228 430456564 731248708 
430456564 706544228 434413332 706544228 
698666174 441001020 706566687 441001020 
698666174 441001020 698666174 495933214 
231105738 909892998 244575173 909892998 
231105738 909892998 231105738 926475804 
276053644 865083253 283261922 865083253 
276053644 865083253 276053644 869705016 
831850977 311391925 843404894 311391925 
831850977 311391925 831850977 315293455 
152872097 992828988 173152766 997223023 
152872097 992828988 152872097 992828988 
583677948 562495369 596598992 562495369 
583677948 562495369 583677948 589511175 
795879992 351604970 823187271 351604970 
795879992 351604970 795879992 380240175 
706566687 441001020 720883174 441026128 
706566687 441001020 706566687 441001020 
283261922 865083253 283261922 875882031 
283261922 865083253 293140941 865083253 
942242116 206930050 950568977 206930050 
942242116 206930050 942242116 214158502 
855265665 294201932 868756606 294201932 
855265665 294201932 855265665 303036172 
634366558 518585086 635788115 533613794 
634366558 518585086 634366558 518585086 
244575173 909892998 244575173 917541987 
244575173 909892998 265513575 909892998 
843404894 311391925 844196390 313916597 
843404894 311391925 843404894 311391925 
950568977 206930050 964616807 221953766 
950568977 206930050 950568977 206930050 
382875694 775907746 411509971 777646634 
382875694 775907746 382875694 775907746 
596598992 562495369 601384118 562495369 
596598992 562495369 596598992 573417805 
283261922 875882031 295808700 882536455 
283261922 875882031 283261922 875882031 
430456564 731248708 431618809 731248708 
430456564 731248708 430456564 743429113 
244575173 917541987 244575173 961852258 
244575173 917541987 246218010 917541987 
745827219 416467135 756818771 423733514 
745827219 416467135 745827219 416467135 
315413143 847465379 340927158 847465379 
315413143 847465379 315413143 853017939 
868756606 294201932 874946265 294201932 
868756606 294201932 868756606 311555318 
519992185 647234935 525787192 647234935 
519992185 647234935 519992185 648409480 
474266497 694667983 474266497 709434802 
474266497 694667983 493400554 694667983 
874946265 294201932 930012012 294201932 
874946265 294201932 874946265 300308726 
635788115 533613794 648931858 533613794 
635788115 533613794 635788115 568468147 
525787192 647234935 525787192 652172066 
525787192 647234935 542814947 647234935 
583677948 589511175 602264428 595763395 
583677948 589511175 583677948 589511175 
823187271 351604970 824970810 351604970 
823187271 351604970 823187271 352267507 
265513575 909892998 268932628 913471285 
265513575 909892998 265513575 909892998 
795879992 380240175 822047240 380240175 
795879992 380240175 795879992 403052336 
525787192 652172066 525787192 673438931 
525787192 652172066 528357929 652172066 
295808700 882536455 305078660 903361612 
295808700 882536455 295808700 882536455 
868756606 311555318 868756606 340068006 
868756606 311555318 873285638 311555318 
756818771 423733514 758868739 423733514 
756818771 423733514 756818771 424583705 
268932628 913471285 274994206 913471285 
268932628 913471285 268932628 937672448 
648931858 533613794 672493743 536351946 
648931858 533613794 648931858 533613794 
758868739 423733514 773345034 423733514 
758868739 423733514 758868739 446304655 
474266497 709434802 486476175 709434802 
474266497 709434802 474266497 744264590 
964616807 221953766 971226602 221953766 
964616807 221953766 964616807 256070546 
340927158 847465379 340927158 861568937 
340927158 847465379 359232108 847465379 
411509971 777646634 411509971 807304394 
411509971 777646634 436881756 777646634 
542814947 647234935 587452904 647234935 
542814947 647234935 542814947 663564802 
971226602 221953766 998268144 223633193 
971226602 221953766 971226602 221953766 
698666174 495933214 728388888 495933214 
698666174 495933214 698666174 506472337 
486476175 709434802 486476175 715146535 
486476175 709434802 487620962 709434802 
773345034 423733514 779264317 423733514 
773345034 423733514 773345034 428469160 
602264428 595763395 620755898 595763395 
602264428 595763395 602264428 602189407 
525787192 673438931 530604848 696300112 
525787192 673438931 525787192 673438931 
486476175 715146535 502980514 719961998 
486476175 715146535 486476175 715146535 
822047240 380240175 839872483 380753786 
822047240 380240175 822047240 380240175 
340927158 861568937 349663116 861568937 
340927158 861568937 340927158 884372012 
779264317 423733514 779264317 438428221 
779264317 423733514 798913201 423733514 
635788115 568468147 652760709 572310626 
635788115 568468147 635788115 568468147 
244575173 961852258 256179532 961852258 
244575173 961852258 244575173 973090363 
305078660 903361612 308874271 922281152 
305078660 903361612 305078660 903361612 
868756606 340068006 900772244 340068006 
868756606 340068006 868756606 344898208 
672493743 536351946 682074809 537976766 
672493743 536351946 672493743 536351946 
349663116 861568937 370921514 869343065 
349663116 861568937 349663116 861568937 
779264317 438428221 779264317 471843853 
779264317 438428221 790365461 438428221 
474266497 744264590 474266497 763144239 
474266497 744264590 495696757 744264590 
411509971 807304394 442567358 807304394 
411509971 807304394 411509971 839020552 
839872483 380753786 863610174 380753786 
839872483 380753786 839872483 386838600 
964616807 256070546 964616807 262999986 
964616807 256070546 990847412 256070546 
798913201 423733514 835205957 423887298 
798913201 423733514 798913201 423733514 
728388888 495933214 728388888 514797492 
728388888 495933214 738724175 495933214 
652760709 572310626 652760709 592857874 
652760709 572310626 656424274 572310626 
340927158 884372012 348698930 901955236 
340927158 884372012 340927158 884372012 
530604848 696300112 538763726 696300112 
530604848 696300112 530604848 697699325 
964616807 262999986 968051196 281677946 
964616807 262999986 964616807 262999986 
308874271 922281152 308874271 932028397 
308874271 922281152 311072296 922281152 
587452904 647234935 594540233 648587953 
587452904 647234935 587452904 647234935 
474266497 763144239 492909477 763144239 
474266497 763144239 474266497 782339979 
900772244 340068006 900772244 352089758 
900772244 340068006 904651424 340068006 
308874271 932028397 322590173 932028397 
308874271 932028397 308874271 975676908 
594540233 648587953 599337254 648587953 
594540233 648587953 594540233 660551765 
728388888 514797492 728388888 564183209 
728388888 514797492 734422538 514797492 
652760709 592857874 652760709 595755850 
652760709 592857874 654694501 592857874 
599337254 648587953 612570536 648587953 
599337254 648587953 599337254 651766309 
652760709 595755850 652760709 603496414 
652760709 595755850 670362600 595755850 
968051196 281677946 971470877 305799284 
968051196 281677946 968051196 281677946 
442567358 807304394 444936937 807304394 
442567358 807304394 442567358 828025145 
411509971 839020552 417698321 876186932 
411509971 839020552 411509971 839020552 
779264317 471843853 779264317 486402928 
779264317 471843853 817931682 471843853 
900772244 352089758 912403016 360311719 
900772244 352089758 900772244 352089758 
322590173 932028397 350507899 935707130 
322590173 932028397 322590173 932028397 
594540233 660551765 594540233 677193978 
594540233 660551765 598358538 660551765 
492909477 763144239 492909477 768038794 
492909477 763144239 502642709 763144239 
652760709 603496414 658392405 631740256 
652760709 603496414 652760709 603496414 
835205957 423887298 853418934 423887298 
835205957 423887298 835205957 432768186 
492909477 768038794 495032629 798244501 
492909477 768038794 492909477 768038794 
779264317 486402928 786217695 510189988 
779264317 486402928 779264317 486402928 
502642709 763144239 513828103 764014155 
502642709 763144239 502642709 763144239 
670362600 595755850 670362600 596525754 
670362600 595755850 670691617 595755850 
670362600 596525754 677994827 596525754 
670362600 596525754 670362600 606590461 
594540233 677193978 607574708 677193978 
594540233 677193978 594540233 716074290 
912403016 360311719 912403016 381312438 
912403016 360311719 938717208 360311719 
971470877 305799284 983967065 305799284 
971470877 305799284 971470877 328461680 
853418934 423887298 881179931 429680035 
853418934 423887298 853418934 423887298 
513828103 764014155 553890939 765128604 
513828103 764014155 513828103 764014155 
308874271 975676908 312144983 984796704 
308874271 975676908 308874271 975676908 
607574708 677193978 637560724 686555106 
607574708 677193978 607574708 677193978 
350507899 935707130 377418349 935707130 
350507899 935707130 350507899 951491793 
983967065 305799284 992676050 305799284 
983967065 305799284 983967065 310002658 
817931682 471843853 821466988 487912988 
817931682 471843853 817931682 471843853 
658392405 631740256 658392405 643809209 
658392405 631740256 679883221 631740256 
728388888 564183209 728388888 574637160 
728388888 564183209 763434920 564183209 
495032629 798244501 495032629 814305708 
495032629 798244501 520719793 798244501 
912403016 381312438 912403016 391054289 
912403016 381312438 917491191 381312438 
417698321 876186932 421888652 876186932 
417698321 876186932 417698321 908942554 
312144983 984796704 312144983 993458205 
312144983 984796704 327256658 984796704 
421888652 876186932 456592727 876186932 
421888652 876186932 421888652 879651651 
971470877 328461680 979453270 332463331 
971470877 328461680 971470877 328461680 
658392405 643809209 668547035 643809209 
658392405 643809209 658392405 653261414 
728388888 574637160 737877329 582725886 
728388888 574637160 728388888 574637160 
912403016 391054289 919580009 391884818 
912403016 391054289 912403016 391054289 
312144983 993458205 315101067 993822450 
312144983 993458205 312144983 993458205 
495032629 814305708 499235814 814305708 
495032629 814305708 495032629 829657303 
821466988 487912988 836780031 487912988 
821466988 487912988 821466988 524702901 
594540233 716074290 599491958 730722063 
594540233 716074290 594540233 716074290 
881179931 429680035 916463659 446884118 
881179931 429680035 881179931 429680035 
919580009 391884818 933444469 392616966 
919580009 391884818 919580009 391884818 
679883221 631740256 724225209 632542381 
679883221 631740256 679883221 631740256 
979453270 332463331 979453270 349706656 
979453270 332463331 999887035 332463331 
327256658 984796704 371431136 984796704 
327256658 984796704 327256658 996237562 
668547035 643809209 668547035 663017617 
668547035 643809209 672282206 643809209 
499235814 814305708 507137101 817901548 
499235814 814305708 499235814 814305708 
553890939 765128604 582098790 765128604 
553890939 765128604 553890939 788808465 
637560724 686555106 648920036 686555106 
637560724 686555106 637560724 689036964 
836780031 487912988 841943536 487912988 
836780031 487912988 836780031 495699874 
507137101 817901548 530291293 817901548 
507137101 817901548 507137101 843033041 
933444469 392616966 933444469 403108480 
933444469 392616966 946158197 392616966 
417698321 908942554 426080707 908942554 
417698321 908942554 417698321 954804939 
763434920 564183209 763434920 578902281 
763434920 564183209 781585285 564183209 
979453270 349706656 979453270 364007387 
979453270 349706656 989478007 349706656 
841943536 487912988 850918965 487912988 
841943536 487912988 841943536 489931001 
599491958 730722063 613965211 738112009 
599491958 730722063 599491958 730722063 
668547035 663017617 695163584 663017617 
668547035 663017617 668547035 672137508 
426080707 908942554 444516319 908942554 
426080707 908942554 426080707 913770970 
648920036 686555106 648920036 708932225 
648920036 686555106 660600948 686555106 
933444469 403108480 934910755 412307495 
933444469 403108480 933444469 403108480 
850918965 487912988 863797924 493415173 
850918965 487912988 850918965 487912988 
763434920 578902281 774739517 578902281 
763434920 578902281 763434920 584164920 
979453270 364007387 979453270 385943137 
979453270 364007387 991964841 364007387 
781585285 564183209 796654077 568811745 
781585285 564183209 781585285 564183209 
821466988 524702901 822184463 545789060 
821466988 524702901 821466988 524702901 
934910755 412307495 943461396 412307495 
934910755 412307495 934910755 427264741 
582098790 765128604 603339080 765128604 
582098790 765128604 582098790 768697606 
530291293 817901548 530291293 831043334 
530291293 817901548 574998200 817901548 
507137101 843033041 507137101 860928410 
507137101 843033041 517834153 843033041 
444516319 908942554 454113971 913262428 
444516319 908942554 444516319 908942554 
774739517 578902281 774739517 608325395 
774739517 578902281 776758176 578902281 
943461396 412307495 965637992 418719786 
943461396 412307495 943461396 412307495 
371431136 984796704 372689692 994658164 
371431136 984796704 371431136 984796704 
863797924 493415173 874672932 503678611 
863797924 493415173 863797924 493415173 
648920036 708932225 671933601 708932225 
648920036 708932225 648920036 750714624 
695163584 663017617 722886207 663017617 
695163584 663017617 695163584 678989878 
530291293 831043334 536159705 831043334 
530291293 831043334 530291293 836255427 
934910755 427264741 936565961 434897169 
934910755 427264741 934910755 427264741 
916463659 446884118 916463659 459172469 
916463659 446884118 916623423 446884118 
979453270 385943137 992592923 385943137 
979453270 385943137 979453270 386658629 
796654077 568811745 796654077 578831748 
796654077 568811745 810784380 568811745 
536159705 831043334 543934772 849793344 
536159705 831043334 536159705 831043334 
454113971 913262428 482010944 924993849 
454113971 913262428 454113971 913262428 
822184463 545789060 848571316 548585966 
822184463 545789060 822184463 545789060 
507137101 860928410 507137101 872273971 
507137101 860928410 513919905 860928410 
603339080 765128604 603339080 776070599 
603339080 765128604 616971539 765128604 
417698321 954804939 426516741 967165805 
417698321 954804939 417698321 954804939 
796654077 578831748 796947224 578831748 
796654077 578831748 796654077 587265927 
916463659 459172469 921842922 459172469 
916463659 459172469 916463659 469016504 
874672932 503678611 878070039 503678611 
874672932 503678611 874672932 513491893 
603339080 776070599 604484278 777915965 
603339080 776070599 603339080 776070599 
507137101 872273971 528908930 881831165 
507137101 872273971 507137101 872273971 
671933601 708932225 687316252 720630990 
671933601 708932225 671933601 708932225 
921842922 459172469 937748746 461826978 
921842922 459172469 921842922 459172469 
878070039 503678611 895438098 503826318 
878070039 503678611 878070039 503678611 
604484278 777915965 613055602 795315574 
604484278 777915965 604484278 777915965 
774739517 608325395 782219169 608325395 
774739517 608325395 774739517 613928815 
965637992 418719786 992729727 418719786 
965637992 418719786 965637992 435500776 
722886207 663017617 722886207 678951054 
722886207 663017617 762313300 663017617 
782219169 608325395 790293608 614522790 
782219169 608325395 782219169 608325395 
574998200 817901548 582092192 820346245 
574998200 817901548 574998200 817901548 
426516741 967165805 426516741 968418774 
426516741 967165805 431990729 967165805 
426516741 968418774 427437152 979193014 
426516741 968418774 426516741 968418774 
848571316 548585966 848571316 553492761 
848571316 548585966 849135343 548585966 
895438098 503826318 895438098 516259408 
895438098 503826318 900961309 503826318 
937748746 461826978 941519522 478883400 
937748746 461826978 937748746 461826978 
648920036 750714624 648920036 763543169 
648920036 750714624 663391185 750714624 
722886207 678951054 722886207 684802217 
722886207 678951054 726142278 678951054 
848571316 553492761 867788752 569114125 
848571316 553492761 848571316 553492761 
582092192 820346245 605278013 820346245 
582092192 820346245 582092192 864910154 
790293608 614522790 799310340 614522790 
790293608 614522790 790293608 620197130 
427437152 979193014 436173518 985964015 
427437152 979193014 427437152 979193014 
482010944 924993849 491482742 926146508 
482010944 924993849 482010944 924993849 
722886207 684802217 722886207 705810727 
722886207 684802217 735408770 684802217 
687316252 720630990 700329215 730055449 
687316252 720630990 687316252 720630990 
528908930 881831165 528908930 890754949 
528908930 881831165 544999920 881831165 
992729727 418719786 992729727 427955507 
992729727 418719786 996273601 418719786 
895438098 516259408 898669761 533400399 
895438098 516259408 895438098 516259408 
648920036 763543169 648920036 788078354 
648920036 763543169 658229629 763543169 
799310340 614522790 801376484 630711117 
799310340 614522790 799310340 614522790 
491482742 926146508 491482742 949563653 
491482742 926146508 492850735 926146508 
528908930 890754949 530451469 914857562 
528908930 890754949 528908930 890754949 
992729727 427955507 997465584 427955507 
992729727 427955507 992729727 472708014 
436173518 985964015 461833804 985964015 
436173518 985964015 436173518 993266568 
762313300 663017617 774739446 663017617 
762313300 663017617 762313300 667133231 
605278013 820346245 605278013 833823285 
605278013 820346245 609732610 820346245 
544999920 881831165 556608026 885035501 
544999920 881831165 544999920 881831165 
722886207 705810727 740423492 714834416 
722886207 705810727 722886207 705810727 
700329215 730055449 700329215 747052752 
700329215 730055449 707549613 730055449 
898669761 533400399 924540517 534672280 
898669761 533400399 898669761 533400399 
801376484 630711117 819516777 634814652 
801376484 630711117 801376484 630711117 
867788752 569114125 867788752 581424749 
867788752 569114125 888422696 569114125 
648920036 788078354 651202797 821012125 
648920036 788078354 648920036 788078354 
605278013 833823285 615362528 846728228 
605278013 833823285 605278013 833823285 
491482742 949563653 507245950 959637347 
491482742 949563653 491482742 949563653 
530451469 914857562 538379545 926404836 
530451469 914857562 530451469 914857562 
582092192 864910154 582092192 885825443 
582092192 864910154 588208352 864910154 
700329215 747052752 700329215 769778573 
700329215 747052752 709781669 747052752 
461833804 985964015 481324588 996843875 
461833804 985964015 461833804 985964015 
867788752 581424749 870374732 585488862 
867788752 581424749 867788752 581424749 
819516777 634814652 856259671 655299355 
819516777 634814652 819516777 634814652 
740423492 714834416 766109602 714834416 
740423492 714834416 740423492 736834517 
870374732 585488862 872191376 596774086 
870374732 585488862 870374732 585488862 
888422696 569114125 888422696 582477068 
888422696 569114125 901205270 569114125 
924540517 534672280 952873116 534672280 
924540517 534672280 924540517 546337698 
538379545 926404836 560000784 943599450 
538379545 926404836 538379545 926404836 
507245950 959637347 522297579 970463896 
507245950 959637347 507245950 959637347 
582092192 885825443 582092192 887364762 
582092192 885825443 611188075 885825443 
582092192 887364762 582583162 892685446 
582092192 887364762 582092192 887364762 
700329215 769778573 702937230 769778573 
700329215 769778573 700329215 778907490 
888422696 582477068 888422696 598998471 
888422696 582477068 923349241 582477068 
651202797 821012125 676997949 821012125 
651202797 821012125 651202797 821416409 
582583162 892685446 586500549 893241863 
582583162 892685446 582583162 892685446 
766109602 714834416 769295970 714834416 
766109602 714834416 766109602 752358082 
769295970 714834416 816139273 716324240 
769295970 714834416 769295970 714834416 
888422696 598998471 888614510 617424763 
888422696 598998471 888422696 598998471 
952873116 534672280 956675540 537826281 
952873116 534672280 952873116 534672280 
522297579 970463896 522297579 979509198 
522297579 970463896 527246782 970463896 
956675540 537826281 989368775 537826281 
956675540 537826281 956675540 554350004 
611188075 885825443 611188075 912198143 
611188075 885825443 612731976 885825443 
676997949 821012125 676997949 842726819 
676997949 821012125 726843811 821012125 
522297579 979509198 558008679 979509198 
522297579 979509198 522297579 989069020 
923349241 582477068 933148088 582477068 
923349241 582477068 923349241 586225018 
888614510 617424763 912192062 640304955 
888614510 617424763 888614510 617424763 
856259671 655299355 856259671 656642055 
856259671 655299355 864631849 655299355 
856259671 656642055 857015221 663861901 
856259671 656642055 856259671 656642055 
933148088 582477068 948231257 582477068 
933148088 582477068 933148088 584473558 
766109602 752358082 782028291 785404250 
766109602 752358082 766109602 752358082 
676997949 842726819 682677138 847844488 
676997949 842726819 676997949 842726819 
857015221 663861901 857015221 669785817 
857015221 663861901 859335527 663861901 
611188075 912198143 628576424 912198143 
611188075 912198143 611188075 944998198 
857015221 669785817 867145501 684852390 
857015221 669785817 857015221 669785817 
989368775 537826281 998907433 544638013 
989368775 537826281 989368775 537826281 
682677138 847844488 682677138 873082642 
682677138 847844488 698721025 847844488 
948231257 582477068 948231257 601654221 
948231257 582477068 975918165 582477068 
816139273 716324240 824328795 726849275 
816139273 716324240 816139273 716324240 
558008679 979509198 583968526 979509198 
558008679 979509198 558008679 996409917 
628576424 912198143 659790193 912198143 
628576424 912198143 628576424 925445258 
726843811 821012125 759795093 830820135 
726843811 821012125 726843811 821012125 
948231257 601654221 948231257 616158487 
948231257 601654221 953189544 601654221 
824328795 726849275 824328795 739713121 
824328795 726849275 850331475 726849275 
867145501 684852390 867145501 701140615 
867145501 684852390 884721996 684852390 
912192062 640304955 930593231 640304955 
912192062 640304955 912192062 659755815 
682677138 873082642 684689489 888913027 
682677138 873082642 682677138 873082642 
611188075 944998198 611188075 945865378 
611188075 944998198 642114209 944998198 
611188075 945865378 611188075 965889944 
611188075 945865378 611324735 945865378 
824328795 739713121 824328795 770346306 
824328795 739713121 828447953 739713121 
948231257 616158487 965395409 616158487 
948231257 616158487 948231257 621462007 
782028291 785404250 786608093 803043205 
782028291 785404250 782028291 785404250 
867145501 701140615 880233623 717206157 
867145501 701140615 867145501 701140615 
930593231 640304955 938890466 640304955 
930593231 640304955 930593231 646244529 
912192062 659755815 914076375 666982773 
912192062 659755815 912192062 659755815 
659790193 912198143 661697167 912198143 
659790193 912198143 659790193 913529655 
684689489 888913027 703439710 898117942 
684689489 888913027 684689489 888913027 
611188075 965889944 611188075 978280162 
611188075 965889944 612704369 965889944 
914076375 666982773 914076375 689893557 
914076375 666982773 951217087 666982773 
965395409 616158487 980374495 616158487 
965395409 616158487 965395409 620522242 
642114209 944998198 652385674 944998198 
642114209 944998198 642114209 968528088 
611188075 978280162 611367036 978280162 
611188075 978280162 611188075 992303956 
759795093 830820135 759795093 844057109 
759795093 830820135 787972295 830820135 
824328795 770346306 827780967 770346306 
824328795 770346306 824328795 774693319 
652385674 944998198 664153594 944998198 
652385674 944998198 652385674 945426894 
827780967 770346306 879652606 773422931 
827780967 770346306 827780967 770346306 
703439710 898117942 703439710 904577443 
703439710 898117942 734165063 898117942 
759795093 844057109 760035057 867751374 
759795093 844057109 759795093 844057109 
914076375 689893557 914076375 701711242 
914076375 689893557 917332543 689893557 
703439710 904577443 709697701 923276489 
703439710 904577443 703439710 904577443 
664153594 944998198 665812373 953555884 
664153594 944998198 664153594 944998198 
642114209 968528088 644166157 968528088 
642114209 968528088 642114209 977485846 
914076375 701711242 922622921 701711242 
914076375 701711242 914076375 717341096 
951217087 666982773 960008727 666982773 
951217087 666982773 951217087 686103709 
665812373 953555884 665812373 965119228 
665812373 953555884 675649988 953555884 
922622921 701711242 922622921 708750624 
922622921 701711242 927648152 701711242 
760035057 867751374 770617429 867949197 
760035057 867751374 760035057 867751374 
665812373 965119228 665812373 983257691 
665812373 965119228 669864082 965119228 
922622921 708750624 933225900 708750624 
922622921 708750624 922622921 708873017 
709697701 923276489 709697701 944584603 
709697701 923276489 733626879 923276489 
770617429 867949197 780470035 889974465 
770617429 867949197 770617429 867949197 
933225900 708750624 933225900 735776237 
933225900 708750624 937564105 708750624 
665812373 983257691 692447040 987802024 
665812373 983257691 665812373 983257691 
879652606 773422931 909890506 773422931 
879652606 773422931 879652606 843430279 
709697701 944584603 714107402 945870876 
709697701 944584603 709697701 944584603 
714107402 945870876 735616192 945870876 
714107402 945870876 714107402 956920711 
933225900 735776237 946305053 735776237 
933225900 735776237 933225900 740676316 
780470035 889974465 798690388 889974465 
780470035 889974465 780470035 892489246 
735616192 945870876 742158132 952605419 
735616192 945870876 735616192 945870876 
946305053 735776237 966589072 735776237 
946305053 735776237 946305053 742314589 
909890506 773422931 921964747 781181898 
909890506 773422931 909890506 773422931 
798690388 889974465 832415790 889974465 
798690388 889974465 798690388 911147408 
742158132 952605419 758059582 952605419 
742158132 952605419 742158132 965875895 
921964747 781181898 981767036 781181898 
921964747 781181898 921964747 787026263 
758059582 952605419 773265960 952605419 
758059582 952605419 758059582 991887577 
832415790 889974465 832415790 897895009 
832415790 889974465 836420175 889974465 
879652606 843430279 905767202 843430279 
879652606 843430279 879652606 846903175 
773265960 952605419 773265960 959155968 
773265960 952605419 780759022 952605419 
832415790 897895009 847711243 902297191 
832415790 897895009 832415790 897895009 
773265960 959155968 776795905 964148677 
773265960 959155968 773265960 959155968 
776795905 964148677 804872207 964148677 
776795905 964148677 776795905 980026108 
905767202 843430279 912123520 843537943 
905767202 843430279 905767202 843430279 
847711243 902297191 847711243 912023119 
847711243 902297191 887933018 902297191 
912123520 843537943 915389907 849130240 
912123520 843537943 912123520 843537943 
847711243 912023119 847711243 938316759 
847711243 912023119 849081149 912023119 
915389907 849130240 915389907 875122568 
915389907 849130240 976083657 849130240 
804872207 964148677 811012097 964148677 
804872207 964148677 804872207 996212762 
847711243 938316759 847711243 956824755 
847711243 938316759 861720865 938316759 
887933018 902297191 889707906 902297191 
887933018 902297191 887933018 921725148 
915389907 875122568 928188297 890515760 
915389907 875122568 915389907 875122568 
847711243 956824755 874301054 956824755 
847711243 956824755 847711243 964205857 
928188297 890515760 928188297 907185382 
928188297 890515760 961304468 890515760 
976083657 849130240 991744361 862924308 
976083657 849130240 976083657 849130240 
874301054 956824755 906818759 956824755 
874301054 956824755 874301054 962534766 
928188297 907185382 933115812 907185382 
928188297 907185382 928188297 907234330 
933115812 907185382 944615187 907185382 
933115812 907185382 933115812 913156144 
944615187 907185382 953760554 907185382 
944615187 907185382 944615187 909362520 
953760554 907185382 960761487 907185382 
953760554 907185382 953760554 929942627 
906818759 956824755 917110358 956824755 
906818759 956824755 906818759 984108940 
960761487 907185382 972915418 911003071 
960761487 907185382 960761487 907185382 
917110358 956824755 923253623 966219279 
917110358 956824755 917110358 956824755 
953760554 929942627 972515364 945614988 
953760554 929942627 953760554 929942627 
923253623 966219279 936031249 966219279 
923253623 966219279 923253623 969375796 
906818759 984108940 912256559 987376228 
906818759 984108940 906818759 984108940 
