0 4 3 5 1 2 6 
29
-1
-1
2 107 187
8 2 2
5 180 180
-1
-1
-1
4 19 19
8 222 6
6 173 173
7 65 106
1 44 44
6 1 3
-1
9 113 119
-1
11 69 69
10 15 15
-1
7 105 99
10 52 52
8 133 166
0 116 116
1 114 114
9 196 37
10 43 43
-1
11 201 201
1 115 183
0 27 105
-1
5 112 202
0 39 39
-1
-1
6 192 116
11 84 84
9 180 184
-1
-1
11 141 205
-1
9 160 160
-1
0 125 125
-1
-1
-1
3 57 176
10 68 176
10 56 57
8 17 214
-1
-1
0 153 153
-1
-1
10 134 134
5 50 160
-1
12 171 167
1 161 161
-1
-1
-1
2 11 11
-1
-1
10 221 221
-1
-1
1 82 30
-1
10 30 79
5 31 31
-1
2 131 131
1 188 188
9 32 93
-1
11 104 104
-1
0 40 40
4 50 50
-1
7 196 196
3 4 4
6 223 223
-1
-1
3 103 103
3 10 148
9 91 66
2 189 189
-1
3 109 109
2 195 213
9 99 99
9 48 205
11 187 187
9 147 147
2 32 32
-1
11 4 4
8 20 1
4 225 162
10 203 179
3 183 132
9 103 98
-1
1 111 221
4 225 225
-1
-1
-1
-1
-1
8 0 0
-1
12 134 134
8 113 113
12 175 206
8 160 160
2 193 62
12 16 16
8 191 129
10 59 59
-1
-1
-1
-1
-1
-1
6 36 36
-1
-1
0 18 18
-1
7 190 5
7 101 101
6 10 2
-1
-1
-1
-1
6 95 178
-1
-1
-1
-1
6 146 146
-1
10 99 215
12 118 118
3 24 69
3 9 9
-1
-1
7 129 144
12 171 35
-1
-1
-1
6 188 188
-1
8 88 25
-1
2 18 18
2 68 68
-1
3 43 192
9 86 86
3 2 184
-1
-1
1 132 158
6 2 2
-1
-1
4 111 111
10 35 73
12 197 197
0 90 40
6 206 0
9 116 116
6 153 81
-1
1 28 28
8 130 130
7 81 81
-1
0 218 218
-1
10 11 11
0 112 112
11 100 100
-1
11 214 214
3 127 127
-1
-1
-1
-1
-1
-1
2 28 199
12 36 36
1 99 99
-1
-1
7 128 22
-1
-1
0 4 4
1 108 108
2 33 76
-1
10 162 226
2 163 161
