5 9 6 1 3 2 7 10 8 4 0 
315
31 214 400
5 501 501
2 452 452
27 495 232
4 14 510
29 472 46
28 168 168
11 249 249
16 534 534
15 254 254
13 504 326
16 108 290
13 41 41
31 342 342
1 156 156
30 515 515
34 266 266
32 138 138
8 146 146
6 20 446
12 35 35
24 267 267
20 146 146
6 520 226
35 237 527
-1
13 412 412
25 206 206
13 434 477
25 333 333
5 134 134
21 87 458
3 1 241
11 517 305
19 212 212
0 460 184
2 425 0
25 391 391
22 442 311
18 152 152
2 499 484
32 166 97
-1
34 387 303
12 411 411
4 158 83
15 34 34
24 370 363
7 455 198
16 79 4
8 205 205
31 524 76
26 491 253
31 78 355
14 123 174
9 447 9
21 75 428
12 201 201
11 409 409
35 239 30
25 481 265
24 240 240
29 104 368
5 453 448
8 9 9
28 469 469
5 356 356
21 530 530
17 3 3
24 89 506
14 246 246
16 238 238
8 205 61
7 47 47
33 153 153
13 354 202
1 430 383
31 368 98
24 262 506
-1
-1
18 188 385
14 371 516
17 130 382
2 417 417
30 396 396
3 537 75
22 462 462
35 255 255
27 357 497
2 150 456
3 125 65
22 421 421
15 408 408
18 216 216
16 302 302
30 77 77
3 290 470
34 545 545
26 451 262
21 275 275
20 213 365
21 390 173
3 540 18
9 105 105
7 328 468
-1
7 121 466
16 187 187
0 208 208
1 466 266
33 170 170
16 402 154
8 165 98
20 123 123
20 85 309
18 203 415
8 118 263
14 291 291
3 382 164
17 32 32
6 313 190
-1
28 94 94
4 517 48
24 403 547
12 116 379
29 143 107
0 526 526
22 83 145
27 225 231
-1
15 107 541
26 138 28
7 462 61
19 229 229
26 329 122
6 282 45
14 92 2
17 395 511
32 132 132
31 181 211
0 306 306
0 402 405
17 519 519
21 230 230
24 547 403
33 283 256
34 535 535
4 128 128
6 359 33
30 73 73
28 532 532
13 246 246
35 98 88
8 447 66
25 74 74
27 528 528
21 366 68
30 156 156
13 350 542
27 37 37
31 366 227
18 388 388
32 246 246
14 378 209
31 270 270
25 438 521
33 244 347
17 58 370
31 210 100
-1
12 471 471
16 468 140
6 136 518
13 339 42
26 322 414
27 392 392
31 351 351
11 309 126
22 166 52
26 116 468
1 469 469
4 318 425
28 322 322
0 88 278
21 491 384
12 343 343
13 25 170
19 251 251
13 223 490
20 475 375
15 228 228
22 399 399
0 81 81
15 72 72
8 134 134
23 159 391
32 212 212
6 523 523
28 260 210
11 426 426
21 298 444
27 406 80
0 195 543
28 455 455
8 255 99
31 221 11
17 381 0
15 203 273
6 214 214
25 488 488
26 505 490
31 226 533
10 386 293
21 288 257
5 223 223
20 2 2
15 26 487
26 303 303
9 286 225
1 289 289
7 503 503
1 445 445
16 234 12
22 114 540
13 82 233
29 193 57
26 264 264
7 522 522
28 1 1
5 274 323
2 183 519
33 131 131
-1
33 7 7
6 1 43
4 380 416
11 421 421
18 300 300
26 51 51
33 120 208
23 421 491
15 127 289
31 122 122
5 536 536
11 99 99
9 440 459
34 161 418
11 531 531
21 115 115
5 539 72
3 22 108
34 437 437
11 481 496
35 124 165
34 70 70
13 433 67
32 178 178
31 41 207
34 197 197
10 434 39
6 291 291
2 416 248
12 317 317
28 105 115
29 176 176
30 88 368
31 441 139
1 529 24
24 2 369
6 436 45
33 69 69
30 155 519
12 0 0
33 386 6
21 268 485
35 199 199
22 220 220
4 470 162
24 2 281
22 9 9
21 404 404
5 419 419
-1
12 479 349
13 236 236
8 31 31
8 313 132
3 137 137
13 47 47
18 376 376
33 508 508
35 432 496
3 275 275
5 301 319
26 242 242
-1
27 85 512
35 303 303
2 297 236
16 449 449
13 190 126
31 542 171
15 480 498
-1
20 277 8
13 120 252
27 194 54
31 335 307
8 372 228
11 410 148
23 380 380
-1
12 261 492
31 494 101
1 5 5
25 145 145
25 303 310
31 481 481
26 461 461
30 172 172
2 102 102
35 355 394
0 242 307
9 129 129
27 144 144
9 296 429
20 42 284
-1
27 380 380
20 50 50
31 443 443
35 224 224
1 186 339
-1
31 352 5
31 154 154
4 173 113
18 287 287
7 537 537
22 327 5
31 444 444
11 152 50
15 2 78
30 111 111
16 497 284
26 271 271
2 29 33
31 454 454
32 35 31
31 221 218
22 13 13
-1
26 213 213
34 201 201
5 233 233
10 408 408
27 424 424
35 13 363
11 213 213
31 149 149
4 423 423
22 183 183
5 345 461
22 235 235
27 74 167
13 212 426
7 450 450
25 28 28
17 19 0
1 175 175
1 191 189
30 454 360
35 423 423
18 293 293
27 135 44
28 325 325
-1
15 227 227
21 376 376
10 472 334
2 261 261
3 355 355
29 299 151
34 280 280
-1
-1
20 413 413
31 89 110
26 407 60
14 405 393
23 258 509
20 377 377
18 261 261
32 80 506
13 93 21
27 246 246
26 81 81
24 148 148
2 40 333
10 144 337
27 544 15
6 373 385
31 321 203
2 144 337
0 167 167
7 359 359
22 483 331
-1
22 491 529
-1
1 478 16
32 502 502
10 312 10
21 26 26
29 172 37
25 110 493
9 349 349
17 191 191
31 4 4
2 128 160
11 204 399
10 486 477
21 259 259
11 473 250
17 180 215
5 185 185
-1
21 103 103
15 244 179
33 157 157
32 7 7
34 298 298
32 501 209
16 254 254
2 9 75
15 453 84
16 17 17
27 462 462
18 72 72
10 148 10
27 84 84
5 200 200
13 343 343
5 511 150
-1
21 87 155
21 63 440
7 56 158
3 345 186
22 61 408
-1
7 163 344
15 435 525
11 196 196
4 374 374
5 328 140
25 320 320
9 73 162
27 474 189
5 460 460
35 192 192
24 189 362
17 461 461
28 427 332
1 153 306
5 16 16
24 169 169
3 269 269
35 304 304
-1
23 292 247
27 141 231
2 433 433
12 147 147
10 26 27
30 23 177
6 323 323
33 505 222
23 294 109
28 7 7
17 206 206
28 101 367
30 232 232
33 432 160
24 243 243
15 269 49
35 484 314
-1
9 209 209
27 64 64
28 299 507
1 361 353
22 222 488
1 338 338
13 464 163
1 77 77
0 258 258
21 20 254
31 219 219
10 306 153
5 388 325
-1
27 8 8
12 112 365
15 305 106
15 401 358
29 183 183
13 489 341
17 438 438
35 336 129
24 467 467
16 476 476
27 330 71
5 433 204
4 62 62
15 363 363
7 86 86
2 546 546
14 523 523
1 39 272
8 226 217
9 95 95
26 235 376
4 409 81
24 400 11
10 388 513
16 72 72
3 96 18
6 465 356
13 279 441
14 187 119
13 15 38
9 1 1
35 69 69
30 403 403
