7 1 6 4 8 2 3 0 5 
361
21 253 16
6 385 92
32 62 364
13 298 298
2 21 27
20 172 177
16 333 358
21 237 237
17 91 91
15 88 88
30 95 103
27 203 203
14 213 4
1 257 257
5 107 107
26 44 44
19 391 5
1 310 189
6 21 21
17 348 274
12 277 59
14 402 402
27 324 8
13 356 356
9 86 14
1 396 323
6 123 3
10 153 153
8 7 7
1 194 135
17 342 199
19 267 404
26 50 50
3 24 376
30 372 331
3 283 111
29 99 112
18 377 176
28 303 303
5 249 249
26 84 37
17 93 93
27 131 380
2 390 390
30 405 206
27 288 288
24 198 198
-1
20 0 293
32 181 181
0 6 305
0 11 11
21 3 3
9 207 207
17 252 252
16 209 209
32 242 320
5 232 232
8 39 39
2 180 180
32 280 122
27 365 143
21 208 72
3 234 234
16 168 211
1 50 88
3 57 0
14 273 273
29 164 164
6 394 410
31 206 206
14 198 198
28 337 128
18 222 222
1 39 67
21 7 7
16 2 2
32 230 98
0 101 101
25 220 220
32 7 7
15 205 235
28 6 243
2 75 356
12 406 406
24 15 15
0 373 147
30 287 287
29 39 199
27 335 370
23 15 15
6 341 233
19 166 403
22 243 243
17 28 95
30 330 330
17 383 30
23 33 33
10 332 245
8 309 67
30 88 88
28 239 215
6 79 20
21 15 15
5 188 388
32 96 275
25 249 249
1 270 270
27 311 311
25 173 173
30 375 265
1 275 275
17 85 353
32 170 193
11 170 153
0 55 200
1 135 74
21 144 247
4 363 264
28 29 381
1 195 195
32 156 409
9 119 119
31 294 294
30 282 246
0 158 231
1 7 41
17 325 117
7 372 372
10 107 107
12 355 64
6 329 329
30 171 171
16 291 291
28 239 110
7 290 290
30 326 71
11 169 151
31 221 221
-1
24 196 196
13 46 46
7 12 343
6 81 142
1 217 217
20 303 352
27 251 251
30 1 70
-1
1 7 7
25 296 296
22 71 178
17 244 346
0 43 43
26 328 328
19 152 152
32 270 371
7 336 327
32 60 116
4 211 127
26 129 210
16 3 3
9 167 167
17 162 137
24 132 282
31 72 234
19 253 9
31 377 259
29 382 393
5 71 71
25 195 195
13 130 130
30 19 357
30 397 397
14 186 186
31 110 350
29 342 342
18 13 13
31 4 4
19 284 191
5 322 212
8 171 318
6 319 341
16 241 241
27 27 27
16 135 7
9 121 126
9 8 174
6 2 2
29 145 326
5 342 342
12 198 198
27 22 22
8 26 26
17 87 101
24 236 214
3 235 235
24 269 269
5 57 75
16 72 174
1 201 22
9 195 195
2 22 22
3 322 322
28 4 4
21 133 118
14 295 240
10 304 138
1 118 118
20 23 138
15 301 105
24 292 292
32 271 35
1 182 182
17 193 122
12 10 10
28 76 73
-1
19 222 228
18 202 202
17 289 68
17 98 163
2 158 158
15 351 351
27 342 342
13 8 8
0 159 296
13 216 218
21 272 169
24 18 109
24 381 381
18 295 295
30 242 181
1 320 320
3 268 268
17 395 261
4 344 149
12 245 107
11 144 290
15 379 379
22 83 108
-1
17 120 114
12 294 294
14 16 16
22 278 278
32 161 161
17 82 227
4 308 154
21 126 126
22 359 139
0 32 385
32 287 4
8 191 2
6 224 260
28 164 152
6 0 0
28 59 29
11 223 223
7 146 146
10 36 217
2 409 409
0 35 35
13 407 210
1 396 34
32 69 69
27 346 346
25 302 302
9 17 17
10 383 383
32 254 315
32 61 122
27 190 190
6 366 245
9 94 94
18 100 191
-1
15 384 384
24 54 54
32 58 4
30 371 165
5 388 113
3 399 399
3 400 115
31 0 375
21 80 80
11 386 386
6 124 124
31 54 287
27 195 179
27 340 398
1 102 401
5 105 105
30 82 279
3 352 352
14 368 392
21 6 6
-1
19 40 5
20 66 66
25 67 39
18 354 354
22 175 45
7 108 108
1 49 97
4 300 401
8 297 96
8 338 338
-1
20 263 389
12 341 341
25 52 390
26 106 106
16 65 65
8 408 408
0 196 196
28 311 311
24 72 72
29 63 205
32 281 141
4 25 42
14 5 53
17 155 276
8 324 31
16 125 38
32 185 197
9 150 150
24 90 327
28 266 266
27 1 1
29 77 164
20 398 204
25 334 185
16 197 197
14 258 12
6 160 160
22 339 339
17 261 287
10 400 400
17 183 274
1 49 313
11 248 379
19 391 25
19 140 140
4 347 347
28 322 212
4 201 209
27 51 75
10 103 103
7 38 38
32 139 255
27 225 229
15 321 106
28 365 184
17 47 303
28 286 362
3 143 143
27 344 344
4 256 256
22 31 392
31 187 4
27 150 387
22 409 409
17 276 367
30 221 410
23 2 2
20 0 0
7 104 104
3 225 225
-1
31 295 386
7 131 131
12 277 29
22 150 46
30 30 192
29 365 365
25 92 92
6 314 314
27 360 229
13 2 262
31 224 224
31 78 78
11 307 307
30 31 31
22 176 46
6 299 410
30 261 4
26 345 345
26 219 301
8 236 204
13 136 266
2 48 312
6 243 243
30 242 241
19 166 336
32 330 267
31 36 269
1 349 313
10 238 109
20 339 339
26 156 156
31 221 221
