2 0 1 4 5 3 
98
1 131 172
2 36 21
13 76 178
-1
3 30 104
1 53 126
6 182 182
21 126 11
0 29 55
8 0 0
-1
13 153 137
5 160 113
5 168 168
9 59 60
10 36 36
5 62 69
10 184 184
20 62 33
15 90 64
6 10 10
-1
11 4 4
10 55 55
11 175 175
0 61 4
18 8 8
6 26 74
16 37 5
-1
21 14 20
20 5 5
-1
-1
19 92 129
-1
15 0 175
6 183 67
17 40 40
8 170 141
19 142 94
2 146 46
17 157 58
6 99 122
-1
15 0 0
20 116 123
13 83 83
12 85 48
15 177 24
5 17 17
1 34 34
7 49 102
8 60 60
10 150 150
6 134 4
6 51 51
9 100 128
21 90 90
-1
21 81 81
6 109 80
14 136 162
9 0 51
20 23 23
14 127 68
3 165 107
15 101 101
8 15 15
16 72 73
18 145 44
-1
-1
5 5 5
6 109 2
9 183 91
-1
17 147 171
11 120 120
8 48 48
10 150 150
9 93 93
-1
-1
3 13 13
9 183 156
8 125 155
5 28 28
17 110 110
-1
18 114 7
18 49 49
14 6 131
13 81 81
6 128 2
14 173 163
15 66 81
-1
9 30 42
17 83 171
3 159 32
3 165 117
20 173 173
9 2 100
12 108 108
6 180 160
-1
18 176 176
14 21 21
-1
17 129 123
0 133 133
5 160 18
-1
16 0 0
-1
9 43 99
6 92 92
3 12 133
21 70 3
16 179 47
14 136 68
10 57 57
1 92 92
-1
3 118 111
9 79 79
3 71 127
8 4 4
3 19 168
21 1 1
16 153 153
17 5 5
-1
11 45 45
7 132 132
5 110 108
18 93 87
-1
18 97 44
5 46 46
17 148 157
9 151 96
4 143 143
0 185 185
9 66 7
-1
0 52 52
-1
4 70 70
12 63 63
14 58 148
-1
7 54 54
5 32 106
13 93 93
16 150 150
7 4 4
18 143 143
14 117 124
-1
-1
8 84 84
-1
21 141 3
9 157 147
1 18 25
5 4 31
-1
17 0 0
17 105 54
3 24 24
14 85 85
4 47 75
19 17 56
8 62 22
20 86 86
9 67 156
12 140 3
21 181 181
