0 1 2 3 4 
187
-1
-1
-1
-1
-1
-1
-1
-1
-1
0 64 64
0 162 162
-1
-1
-1
-1
-1
-1
-1
-1
0 123 93
-1
-1
-1
-1
-1
-1
-1
-1
-1
-1
-1
-1
-1
-1
-1
-1
-1
-1
-1
-1
-1
-1
-1
0 78 78
-1
-1
-1
-1
-1
-1
-1
-1
-1
-1
-1
-1
-1
-1
-1
0 97 97
0 24 14
-1
-1
-1
0 2 2
-1
-1
-1
-1
-1
-1
-1
0 158 158
0 139 139
-1
-1
-1
-1
-1
-1
-1
-1
-1
-1
-1
-1
-1
-1
0 69 69
-1
-1
-1
0 194 194
-1
-1
-1
-1
-1
-1
-1
-1
-1
-1
-1
-1
-1
-1
-1
-1
-1
-1
-1
-1
-1
-1
-1
-1
-1
0 1 1
0 177 177
-1
-1
-1
-1
-1
-1
-1
-1
-1
-1
-1
-1
-1
-1
0 0 0
-1
-1
-1
-1
-1
-1
-1
-1
-1
-1
-1
-1
-1
-1
0 48 48
-1
-1
-1
0 15 15
-1
-1
0 176 176
0 4 4
-1
-1
-1
-1
-1
-1
-1
-1
-1
0 65 65
-1
-1
-1
0 154 154
0 172 77
-1
-1
-1
-1
-1
-1
-1
-1
-1
0 161 124
-1
-1
-1
-1
-1
-1
0 3 3
-1
-1
-1
-1
-1
-1
-1
-1
-1
-1
-1
-1
-1
-1
-1
-1
-1
