1 3 0 2 4 
53
13 2 79
0 58 58
8 32 32
14 20 20
2 46 46
8 19 91
8 6 63
1 39 33
12 45 101
8 34 52
5 74 65
5 44 44
7 5 5
0 94 94
16 18 61
17 7 7
5 64 64
18 2 2
9 35 1
6 40 40
5 90 90
2 56 56
12 78 78
12 0 16
6 103 60
12 50 82
5 71 71
14 24 99
7 98 106
8 42 52
14 92 1
1 57 57
-1
12 14 77
7 51 106
11 25 25
12 16 44
8 41 49
4 73 29
12 0 108
12 38 77
6 67 67
5 31 31
16 97 97
6 28 28
7 28 28
10 71 102
15 49 49
12 21 59
4 58 58
8 85 85
10 66 66
14 78 48
3 104 104
14 12 89
4 75 75
3 94 18
13 90 90
9 6 54
8 95 95
13 76 76
4 87 43
12 45 13
15 2 2
12 30 96
1 92 15
4 102 102
17 70 70
6 17 17
6 65 65
2 105 105
15 84 84
8 80 80
11 48 48
12 83 83
12 50 30
11 68 93
6 27 27
14 55 85
9 2 22
1 9 9
7 84 84
3 43 73
0 4 4
15 64 95
10 56 26
5 69 69
7 74 74
11 2 68
8 36 107
6 8 8
16 27 27
17 100 100
7 31 47
11 24 62
7 3 3
12 91 10
18 63 11
2 88 88
1 1 1
10 9 9
18 71 51
16 48 57
12 0 3
