7 1 0 5 6 2 3 4 
12
8 90 91
0 25 25
8 111 111
3 48 58
17 94 92
2 104 7
6 57 57
15 40 74
14 22 6
18 104 104
13 80 65
14 27 85
19 41 41
12 66 66
20 2 2
1 86 86
9 6 109
5 98 98
3 43 108
14 61 89
19 38 95
3 26 50
13 3 3
6 28 28
3 24 6
14 45 45
1 33 45
15 63 63
11 56 56
14 13 104
19 75 95
2 19 53
15 23 102
15 42 5
19 5 96
19 46 46
15 76 99
19 4 52
1 82 82
18 69 54
17 58 77
11 62 62
6 108 108
3 15 74
19 4 101
20 1 78
2 69 69
17 37 37
3 75 75
7 111 2
17 77 47
19 36 31
6 3 3
2 37 13
18 2 2
2 91 7
13 10 10
8 11 11
0 84 35
-1
13 103 106
1 17 83
12 107 28
20 9 9
15 34 34
2 0 7
19 59 88
16 52 52
15 64 99
13 54 54
2 85 85
5 71 29
8 65 65
0 39 39
15 89 89
0 55 55
17 81 81
8 89 89
19 21 21
3 110 15
12 70 31
18 61 61
2 91 63
2 73 7
18 24 32
7 18 2
3 87 51
13 101 68
2 8 90
19 86 86
1 46 46
20 14 14
15 97 105
13 30 103
19 72 56
4 49 79
10 0 0
1 41 20
14 22 16
8 68 106
4 60 60
7 76 44
4 100 100
7 18 93
