5 4 2 6 3 0 1 7 
326
5 223 310
-1
0 11 157
15 317 317
5 7 200
14 372 150
5 97 4
7 162 0
2 2 2
4 108 16
9 343 349
-1
20 92 283
3 114 6
7 215 55
-1
-1
16 176 324
13 278 178
8 72 13
-1
3 244 244
11 39 185
-1
3 135 155
4 300 74
-1
-1
-1
20 117 276
19 340 340
1 185 91
1 301 294
13 212 314
-1
16 312 163
10 270 84
22 350 345
14 45 339
22 186 373
21 319 131
0 120 120
7 16 16
-1
8 359 359
16 233 338
0 126 284
10 380 73
-1
16 250 287
1 188 219
1 103 104
-1
10 43 312
0 70 346
0 150 119
11 109 109
-1
12 132 195
-1
-1
-1
18 346 342
5 4 361
16 372 13
4 163 166
0 199 227
-1
-1
-1
-1
15 44 270
-1
19 3 3
8 115 297
9 22 330
7 366 164
1 290 226
2 99 248
14 301 40
-1
-1
-1
20 102 53
12 282 38
9 314 136
-1
-1
21 298 347
0 4 205
15 0 0
19 376 41
18 47 54
-1
13 53 338
11 104 308
11 308 3
13 112 148
6 370 315
-1
20 16 2
3 245 332
-1
10 334 334
4 148 247
-1
17 6 6
20 297 18
2 256 152
17 98 276
-1
0 137 318
12 2 2
-1
3 141 238
1 209 207
-1
-1
8 6 169
18 109 135
-1
5 209 325
11 309 71
13 296 66
12 195 306
18 0 276
-1
10 245 109
15 27 348
3 318 344
-1
-1
-1
5 238 154
-1
0 50 280
1 5 5
0 48 319
5 145 48
-1
10 247 275
22 325 1
6 119 137
13 337 123
14 29 379
-1
13 82 82
19 127 135
21 92 282
9 317 11
7 240 268
-1
-1
7 175 111
19 133 0
20 86 166
4 100 47
17 246 105
21 86 115
10 261 237
0 57 228
7 353 371
-1
-1
-1
-1
13 151 337
20 111 334
19 307 307
11 10 157
22 357 376
13 362 249
-1
21 368 295
17 354 12
-1
-1
14 194 91
6 230 46
-1
15 26 365
-1
10 321 332
20 122 146
0 143 50
8 242 242
12 233 53
7 306 306
-1
-1
7 3 81
6 25 227
20 52 359
-1
9 87 40
-1
9 190 321
1 155 127
-1
20 106 106
-1
1 1 222
-1
-1
4 362 314
17 323 2
0 204 190
12 55 352
-1
13 144 5
-1
10 365 61
1 237 378
-1
13 1 279
0 59 103
3 292 255
-1
20 182 354
0 324 25
2 260 287
-1
5 46 339
22 320 195
-1
7 202 87
-1
-1
10 242 193
14 378 214
15 154 82
-1
19 268 247
-1
19 21 21
2 352 352
17 303 267
16 143 280
2 316 275
14 268 304
21 179 343
15 220 237
8 287 83
10 305 168
-1
-1
10 224 348
1 129 149
15 379 152
-1
-1
-1
15 11 317
11 174 151
-1
-1
-1
-1
-1
11 85 290
19 304 8
-1
2 84 366
-1
-1
-1
-1
2 114 6
20 58 0
-1
6 144 161
21 1 1
21 50 50
-1
15 38 340
14 38 340
13 230 339
-1
-1
15 83 317
-1
-1
5 226 182
-1
6 255 149
-1
17 79 44
18 191 122
17 62 66
22 231 320
16 5 347
-1
3 74 251
4 336 79
11 104 59
20 85 267
12 8 310
9 168 57
18 309 14
7 181 181
7 354 198
4 14 4
21 302 59
-1
10 178 99
-1
19 254 362
14 49 120
9 6 275
6 37 117
18 344 344
9 131 296
8 195 306
6 213 332
-1
9 192 17
19 176 307
16 209 1
1 156 20
-1
-1
-1
10 58 219
-1
9 323 192
-1
18 360 360
-1
14 79 177
22 209 123
0 33 300
14 165 105
6 375 30
-1
5 355 367
9 349 130
6 279 222
16 158 240
15 14 367
12 5 217
14 224 292
11 130 309
3 345 358
2 205 155
21 73 73
19 236 371
4 12 12
19 351 32
-1
18 93 376
14 116 256
21 7 7
22 364 72
5 64 127
4 249 167
-1
10 72 63
8 61 312
13 15 162
13 351 205
13 243 295
-1
10 49 315
0 193 236
2 150 150
1 96 298
-1
10 30 39
21 41 93
-1
7 64 64
8 244 303
4 43 163
-1
-1
