67
0 0 U -1
1 1 U 0
2 1 U 1
3 1 U 2
4 1 U 3
5 1 U 3
6 0 U 5
7 0 U 6
8 1 U 7
9 1 U 8
10 1 U 9
11 1 U 10
12 1 U 0
13 1 U 11
14 0 U -1
15 0 U 13
16 0 U 15
17 0 U 14
18 0 U 17
19 1 U 18
20 1 U 19
21 0 U 20
22 0 U 18
23 1 U 21
24 1 U 23
25 1 U -1
26 1 U 24
27 1 U 25
28 1 U 27
29 1 U 28
30 1 U 29
31 0 U 26
32 0 U 30
33 1 U 29
34 0 U 32
35 1 U 34
36 1 U 35
37 1 U 25
38 1 U 36
39 1 U 38
40 1 U 39
41 1 U -1
42 1 U 41
43 0 U 42
44 1 U 34
45 0 U 43
46 0 U 45
47 0 U 46
48 0 U 47
49 0 U 48
50 1 U 49
51 0 U 50
52 0 U 51
53 0 U 47
54 0 U -1
55 0 U 52
56 1 U 54
57 0 U 55
58 0 U 56
59 1 U 58
60 1 U 59
61 0 U 60
62 0 U 61
63 0 U 62
64 0 U 62
65 0 U 63
66 0 U 65
67
0 0 U -1
1 1 U 0
2 1 U 1
3 1 U 2
4 1 U 3
5 1 U 3
6 0 U 5
7 0 U 6
8 1 U 7
9 1 U 8
10 1 U 9
11 1 U 10
12 1 U 0
13 1 U 11
14 0 U -1
15 0 U 13
16 0 U 15
17 0 U 14
18 0 U 17
19 1 U 18
20 1 U 19
21 0 U 20
22 0 U 18
23 1 U 21
24 1 U 23
25 1 U -1
26 1 U 24
27 1 U 25
28 1 U 27
29 1 U 28
30 1 U 29
31 0 U 26
32 0 U 30
33 1 U 29
34 0 U 32
35 1 U 34
36 1 U 35
37 1 U 34
38 1 U 25
39 1 U 36
40 1 U 39
41 1 U 40
42 1 U -1
43 0 U 42
44 1 U 43
45 0 U 44
46 0 U 45
47 0 U 46
48 0 U 47
49 0 U 48
50 1 U 49
51 0 U 50
52 0 U 51
53 0 U 43
54 0 U -1
55 0 U 52
56 1 U 54
57 0 U 55
58 0 U 56
59 1 U 58
60 1 U 59
61 0 U 60
62 0 U 61
63 0 U 62
64 0 U 62
65 0 U 63
66 0 U 65
67
0 0 U -1
1 1 U 0
2 1 U 1
3 1 U 2
4 1 U 3
5 1 U 3
6 0 U 5
7 0 U 6
8 1 U 7
9 1 U 8
10 1 U 9
11 1 U 10
12 1 U 0
13 1 U 11
14 0 U -1
15 0 U 13
16 0 U 15
17 0 U 14
18 0 U 17
19 1 U 18
20 1 U 19
21 0 U 20
22 0 U 20
23 1 U 21
24 1 U 23
25 1 U -1
26 1 U 24
27 1 U 25
28 1 U 27
29 1 U 28
30 1 U 29
31 0 U 26
32 0 U 30
33 1 U 29
34 0 U 32
35 1 U 34
36 1 U 35
37 1 U 25
38 1 U 36
39 1 U 38
40 1 U 39
41 1 U -1
42 1 U 41
43 0 U 42
44 1 U 36
45 0 U 43
46 0 U 45
47 0 U 46
48 0 U 47
49 0 U 48
50 1 U 49
51 0 U 50
52 0 U 51
53 0 U 41
54 0 U -1
55 0 U 52
56 1 U 54
57 0 U 55
58 0 U 56
59 1 U 58
60 1 U 59
61 0 U 60
62 0 U 61
63 0 U 62
64 0 U 62
65 0 U 63
66 0 U 65
67
0 0 U -1
1 1 U 0
2 1 U 1
3 1 U 2
4 1 U 3
5 1 U 3
6 0 U 5
7 0 U 6
8 1 U 7
9 1 U 8
10 1 U 9
11 1 U 10
12 1 U 0
13 1 U 11
14 0 U -1
15 0 U 13
16 0 U 15
17 0 U 14
18 0 U 17
19 1 U 18
20 1 U 19
21 0 U 20
22 0 U 20
23 1 U 21
24 1 U 23
25 1 U -1
26 1 U 24
27 1 U 25
28 1 U 27
29 1 U 28
30 1 U 29
31 0 U 26
32 0 U 30
33 1 U 29
34 0 U 32
35 1 U 34
36 1 U 35
37 1 U 25
38 1 U 36
39 1 U 38
40 1 U 39
41 1 U -1
42 1 U 41
43 0 U 42
44 1 U 34
45 0 U 43
46 0 U 45
47 0 U 46
48 0 U 47
49 0 U 48
50 1 U 49
51 0 U 50
52 0 U 51
53 0 U 41
54 0 U -1
55 0 U 52
56 1 U 54
57 0 U 55
58 0 U 56
59 1 U 58
60 1 U 59
61 0 U 60
62 0 U 61
63 0 U 62
64 0 U 62
65 0 U 63
66 0 U 65
67
0 0 U -1
1 1 U 0
2 1 U 1
3 1 U 2
4 1 U 3
5 1 U 3
6 0 U 5
7 0 U 6
8 1 U 7
9 1 U 8
10 1 U 9
11 1 U 10
12 1 U 0
13 1 U 11
14 0 U -1
15 0 U 13
16 0 U 15
17 0 U 14
18 0 U 17
19 1 U 18
20 1 U 19
21 0 U 20
22 0 U 20
23 1 U 21
24 1 U 23
25 1 U -1
26 1 U 24
27 1 U 25
28 1 U 27
29 1 U 28
30 1 U 29
31 0 U 26
32 0 U 30
33 1 U 29
34 0 U 32
35 1 U 34
36 1 U 35
37 1 U 25
38 1 U 36
39 1 U 38
40 1 U 39
41 1 U -1
42 1 U 41
43 0 U 42
44 1 U 34
45 0 U 43
46 0 U 45
47 0 U 46
48 0 U 47
49 0 U 48
50 1 U 49
51 0 U 50
52 0 U 51
53 0 U 46
54 0 U -1
55 0 U 52
56 1 U 54
57 0 U 55
58 0 U 56
59 1 U 58
60 1 U 59
61 0 U 60
62 0 U 61
63 0 U 62
64 0 U 62
65 0 U 63
66 0 U 65
67
0 0 U -1
1 1 U 0
2 1 U 1
3 1 U 2
4 1 U 3
5 1 U 3
6 0 U 5
7 0 U 6
8 1 U 7
9 1 U 8
10 1 U 9
11 1 U 10
12 1 U 0
13 1 U 11
14 0 U -1
15 0 U 13
16 0 U 15
17 0 U 14
18 0 U 17
19 1 U 18
20 1 U 19
21 0 U 20
22 0 U 20
23 1 U 21
24 1 U 23
25 1 U -1
26 1 U 24
27 1 U 25
28 1 U 27
29 1 U 28
30 1 U 29
31 0 U 26
32 0 U 30
33 1 U 29
34 0 U 32
35 1 U 34
36 1 U 35
37 1 U 36
38 1 U 36
39 1 U 38
40 1 U 39
41 1 U -1
42 1 U 41
43 0 U 42
44 1 U 25
45 0 U 43
46 0 U 45
47 0 U 46
48 0 U 47
49 0 U 48
50 1 U 49
51 0 U 50
52 0 U 51
53 0 U 41
54 0 U -1
55 0 U 52
56 1 U 54
57 0 U 55
58 0 U 56
59 1 U 58
60 1 U 59
61 0 U 60
62 0 U 61
63 0 U 62
64 0 U 62
65 0 U 63
66 0 U 65
67
0 0 U -1
1 1 U 0
2 1 U 1
3 1 U 2
4 1 U 3
5 1 U 3
6 0 U 5
7 0 U 6
8 1 U 7
9 1 U 8
10 1 U 9
11 1 U 10
12 1 U 0
13 1 U 11
14 0 U -1
15 0 U 13
16 0 U 15
17 0 U 14
18 0 U 17
19 1 U 18
20 1 U 19
21 0 U 20
22 0 U 18
23 1 U 21
24 1 U 23
25 1 U -1
26 1 U 24
27 1 U 25
28 1 U 27
29 1 U 28
30 1 U 29
31 0 U 29
32 0 U 30
33 1 U 32
34 0 U 33
35 1 U 34
36 1 U 35
37 1 U 34
38 1 U 32
39 1 U 36
40 1 U 39
41 1 U -1
42 1 U 41
43 0 U 42
44 1 U 25
45 0 U 43
46 0 U 45
47 0 U 46
48 0 U 47
49 0 U 48
50 1 U 49
51 0 U 50
52 0 U 51
53 0 U 46
54 0 U -1
55 0 U 52
56 1 U 54
57 0 U 55
58 0 U 56
59 1 U 58
60 1 U 59
61 0 U 60
62 0 U 61
63 0 U 62
64 0 U 62
65 0 U 63
66 0 U 65
67
0 0 U -1
1 1 U 0
2 1 U 1
3 1 U 2
4 1 U 3
5 1 U 3
6 0 U 5
7 0 U 6
8 1 U 7
9 1 U 8
10 1 U 9
11 1 U 10
12 1 U 0
13 1 U 11
14 0 U -1
15 0 U 13
16 0 U 15
17 0 U 14
18 0 U 17
19 1 U 18
20 1 U 19
21 0 U 20
22 0 U 20
23 1 U 21
24 1 U 23
25 1 U -1
26 1 U 24
27 1 U 25
28 1 U 27
29 1 U 28
30 1 U 29
31 0 U 26
32 0 U 30
33 1 U 32
34 0 U 33
35 1 U 29
36 1 U 34
37 1 U 25
38 1 U 32
39 1 U 36
40 1 U 39
41 1 U 40
42 1 U -1
43 0 U 42
44 1 U 43
45 0 U 44
46 0 U 45
47 0 U 46
48 0 U 47
49 0 U 48
50 1 U 49
51 0 U 50
52 0 U 51
53 0 U 43
54 0 U -1
55 0 U 52
56 1 U 54
57 0 U 55
58 0 U 56
59 1 U 58
60 1 U 59
61 0 U 60
62 0 U 61
63 0 U 62
64 0 U 62
65 0 U 63
66 0 U 65
67
0 0 U -1
1 1 U 0
2 1 U 1
3 1 U 2
4 1 U 3
5 1 U 3
6 0 U 5
7 0 U 6
8 1 U 7
9 1 U 8
10 1 U 9
11 1 U 10
12 1 U 0
13 1 U 11
14 0 U -1
15 0 U 13
16 0 U 15
17 0 U 14
18 0 U 17
19 1 U 18
20 1 U 19
21 0 U 20
22 0 U 18
23 1 U 21
24 1 U 23
25 1 U -1
26 1 U 24
27 1 U 25
28 1 U 27
29 1 U 28
30 1 U 29
31 0 U 26
32 0 U 30
33 1 U 32
34 0 U 33
35 1 U 29
36 1 U 34
37 1 U 25
38 1 U 32
39 1 U 36
40 1 U 39
41 1 U 40
42 1 U -1
43 0 U 42
44 1 U 43
45 0 U 44
46 0 U 45
47 0 U 46
48 0 U 47
49 0 U 48
50 1 U 49
51 0 U 50
52 0 U 51
53 0 U 43
54 0 U -1
55 0 U 52
56 1 U 54
57 0 U 55
58 0 U 56
59 1 U 58
60 1 U 59
61 0 U 60
62 0 U 61
63 0 U 62
64 0 U 62
65 0 U 63
66 0 U 65
67
0 0 U -1
1 1 U 0
2 1 U 1
3 1 U 2
4 1 U 3
5 1 U 3
6 0 U 5
7 0 U 6
8 1 U 7
9 1 U 8
10 1 U 9
11 1 U 10
12 1 U 0
13 1 U 11
14 0 U -1
15 0 U 13
16 0 U 15
17 0 U 14
18 0 U 17
19 1 U 18
20 1 U 19
21 0 U 20
22 0 U 20
23 1 U 21
24 1 U 23
25 1 U -1
26 1 U 24
27 1 U 25
28 1 U 27
29 1 U 28
30 1 U 29
31 0 U 26
32 0 U 30
33 1 U 32
34 0 U 33
35 1 U 29
36 1 U 34
37 1 U 25
38 1 U 32
39 1 U 36
40 1 U 39
41 1 U 40
42 1 U -1
43 0 U 42
44 1 U 43
45 0 U 44
46 0 U 45
47 0 U 46
48 0 U 47
49 0 U 48
50 1 U 49
51 0 U 50
52 0 U 51
53 0 U -1
54 0 U -1
55 0 U 52
56 1 U 54
57 0 U 55
58 0 U 56
59 1 U 58
60 1 U 59
61 0 U 60
62 0 U 61
63 0 U 62
64 0 U 62
65 0 U 63
66 0 U 65
67
0 0 U -1
1 1 U 0
2 1 U 1
3 1 U 2
4 1 U 3
5 1 U 3
6 0 U 5
7 0 U 6
8 1 U 7
9 1 U 8
10 1 U 9
11 1 U 10
12 1 U 0
13 1 U 11
14 0 U -1
15 0 U 13
16 0 U 15
17 0 U 14
18 0 U 17
19 1 U 18
20 1 U 19
21 0 U 20
22 0 U 18
23 1 U 21
24 1 U 23
25 1 U -1
26 1 U 24
27 1 U 25
28 1 U 27
29 1 U 28
30 1 U 29
31 0 U 26
32 0 U 30
33 1 U 32
34 0 U 33
35 1 U 29
36 1 U 34
37 1 U 32
38 1 U 25
39 1 U 36
40 1 U 39
41 1 U 40
42 1 U -1
43 0 U 42
44 1 U 43
45 0 U 44
46 0 U 45
47 0 U 46
48 0 U 47
49 0 U 48
50 1 U 49
51 0 U 50
52 0 U 51
53 0 U -1
54 0 U -1
55 0 U 52
56 1 U 54
57 0 U 55
58 0 U 56
59 1 U 58
60 1 U 59
61 0 U 60
62 0 U 61
63 0 U 62
64 0 U 62
65 0 U 63
66 0 U 65
67
0 0 U -1
1 1 U 0
2 1 U 1
3 1 U 2
4 1 U 3
5 1 U 3
6 0 U 5
7 0 U 6
8 1 U 7
9 1 U 8
10 1 U 9
11 1 U 10
12 1 U 0
13 1 U 11
14 0 U -1
15 0 U 13
16 0 U 15
17 0 U 14
18 0 U 17
19 1 U 18
20 1 U 19
21 0 U 20
22 0 U 20
23 1 U 21
24 1 U 23
25 1 U -1
26 1 U 24
27 1 U 25
28 1 U 27
29 1 U 28
30 1 U 29
31 0 U 26
32 0 U 30
33 1 U 32
34 0 U 33
35 1 U 29
36 1 U 34
37 1 U 25
38 1 U 32
39 1 U 36
40 1 U 39
41 1 U 40
42 1 U -1
43 0 U 42
44 1 U 43
45 0 U 44
46 0 U 45
47 0 U 46
48 0 U 47
49 0 U 48
50 1 U 49
51 0 U 50
52 0 U 51
53 0 U 44
54 0 U -1
55 0 U 52
56 1 U 54
57 0 U 55
58 0 U 56
59 1 U 58
60 1 U 59
61 0 U 60
62 0 U 61
63 0 U 62
64 0 U 62
65 0 U 63
66 0 U 65
67
0 0 U -1
1 1 U 0
2 1 U 1
3 1 U 2
4 1 U 3
5 1 U 3
6 0 U 5
7 0 U 6
8 1 U 7
9 1 U 8
10 1 U 9
11 1 U 10
12 1 U 0
13 1 U 11
14 0 U -1
15 0 U 13
16 0 U 15
17 0 U 14
18 0 U 17
19 1 U 18
20 1 U 19
21 0 U 20
22 0 U 21
23 1 U 22
24 1 U 23
25 1 U -1
26 1 U 24
27 1 U 25
28 1 U 27
29 1 U 28
30 1 U 29
31 0 U 21
32 0 U 30
33 1 U 32
34 0 U 33
35 1 U 29
36 1 U 34
37 1 U 25
38 1 U 32
39 1 U 36
40 1 U 39
41 1 U 40
42 1 U -1
43 0 U 42
44 1 U 43
45 0 U 44
46 0 U 45
47 0 U 46
48 0 U 47
49 0 U 48
50 1 U 49
51 0 U 50
52 0 U 51
53 0 U -1
54 0 U -1
55 0 U 52
56 1 U 54
57 0 U 55
58 0 U 56
59 1 U 58
60 1 U 59
61 0 U 60
62 0 U 61
63 0 U 62
64 0 U 62
65 0 U 63
66 0 U 65
67
0 0 U -1
1 1 U 0
2 1 U 1
3 1 U 2
4 1 U 3
5 1 U 3
6 0 U 5
7 0 U 6
8 1 U 7
9 1 U 8
10 1 U 9
11 1 U 10
12 1 U 0
13 1 U 11
14 0 U -1
15 0 U 13
16 0 U 15
17 0 U 14
18 0 U 17
19 1 U 18
20 1 U 19
21 0 U 20
22 0 U 21
23 1 U 22
24 1 U 23
25 1 U -1
26 1 U 24
27 1 U 25
28 1 U 27
29 1 U 28
30 1 U 29
31 0 U 29
32 0 U 30
33 1 U 32
34 0 U 33
35 1 U 34
36 1 U 35
37 1 U 32
38 1 U 25
39 1 U 36
40 1 U 39
41 1 U -1
42 1 U 41
43 0 U 42
44 1 U 34
45 0 U 43
46 0 U 45
47 0 U 46
48 0 U 47
49 0 U 48
50 1 U 49
51 0 U 50
52 0 U 51
53 0 U 41
54 0 U -1
55 0 U 52
56 1 U 54
57 0 U 55
58 0 U 56
59 1 U 58
60 1 U 59
61 0 U 60
62 0 U 61
63 0 U 62
64 0 U 62
65 0 U 63
66 0 U 65
67
0 0 U -1
1 1 U 0
2 1 U 1
3 1 U 2
4 1 U 3
5 1 U 3
6 0 U 5
7 0 U 6
8 1 U 7
9 1 U 8
10 1 U 9
11 1 U 10
12 1 U 0
13 1 U 11
14 0 U -1
15 0 U 13
16 0 U 15
17 0 U 14
18 0 U 17
19 1 U 18
20 1 U 19
21 0 U 20
22 0 U 21
23 1 U 22
24 1 U 23
25 1 U -1
26 1 U 24
27 1 U 25
28 1 U 27
29 1 U 28
30 1 U 29
31 0 U 29
32 0 U 30
33 1 U 32
34 0 U 33
35 1 U 32
36 1 U 34
37 1 U 25
38 1 U 36
39 1 U 38
40 1 U 39
41 1 U -1
42 1 U 41
43 0 U 42
44 1 U 36
45 0 U 43
46 0 U 45
47 0 U 46
48 0 U 47
49 0 U 48
50 1 U 49
51 0 U 50
52 0 U 51
53 0 U 41
54 0 U -1
55 0 U 52
56 1 U 54
57 0 U 55
58 0 U 56
59 1 U 58
60 1 U 59
61 0 U 60
62 0 U 61
63 0 U 62
64 0 U 62
65 0 U 63
66 0 U 65
67
0 0 U -1
1 1 U 0
2 1 U 1
3 1 U 2
4 1 U 3
5 1 U 3
6 0 U 5
7 0 U 6
8 1 U 7
9 1 U 8
10 1 U 9
11 1 U 10
12 1 U 0
13 1 U 11
14 0 U -1
15 0 U 13
16 0 U 15
17 0 U 14
18 0 U 17
19 1 U 18
20 1 U 19
21 0 U 20
22 0 U 20
23 1 U 21
24 1 U 23
25 1 U -1
26 1 U 24
27 1 U 25
28 1 U 27
29 1 U 28
30 1 U 29
31 0 U 26
32 0 U 30
33 1 U 32
34 0 U 33
35 1 U 29
36 1 U 34
37 1 U 25
38 1 U 36
39 1 U 38
40 1 U 39
41 1 U -1
42 1 U 41
43 0 U 42
44 1 U 36
45 0 U 43
46 0 U 45
47 0 U 46
48 0 U 47
49 0 U 48
50 1 U 49
51 0 U 50
52 0 U 51
53 0 U 41
54 0 U -1
55 0 U 52
56 1 U 54
57 0 U 55
58 0 U 56
59 1 U 58
60 1 U 59
61 0 U 60
62 0 U 61
63 0 U 62
64 0 U 62
65 0 U 63
66 0 U 65
67
0 0 U -1
1 1 U 0
2 1 U 1
3 1 U 2
4 1 U 3
5 1 U 3
6 0 U 5
7 0 U 6
8 1 U 7
9 1 U 8
10 1 U 9
11 1 U 10
12 1 U 0
13 1 U 11
14 0 U -1
15 0 U 13
16 0 U 15
17 0 U 14
18 0 U 17
19 1 U 18
20 1 U 19
21 0 U 20
22 0 U 18
23 1 U 21
24 1 U 23
25 1 U -1
26 1 U 24
27 1 U 25
28 1 U 26
29 1 U 27
30 1 U 29
31 0 U 29
32 0 U 30
33 1 U 32
34 0 U 33
35 1 U 32
36 1 U 34
37 1 U 36
38 1 U 25
39 1 U 37
40 1 U 39
41 1 U 40
42 1 U -1
43 0 U 42
44 1 U 43
45 0 U 44
46 0 U 45
47 0 U 46
48 0 U 47
49 0 U 48
50 1 U 49
51 0 U 50
52 0 U 51
53 0 U -1
54 0 U -1
55 0 U 52
56 1 U 54
57 0 U 55
58 0 U 56
59 1 U 58
60 1 U 59
61 0 U 60
62 0 U 61
63 0 U 62
64 0 U 62
65 0 U 63
66 0 U 65
67
0 0 U -1
1 1 U 0
2 1 U 1
3 1 U 2
4 1 U 3
5 1 U 3
6 0 U 5
7 0 U 6
8 1 U 7
9 1 U 8
10 1 U 9
11 1 U 10
12 1 U 0
13 1 U 11
14 0 U -1
15 0 U 13
16 0 U 15
17 0 U 14
18 0 U 17
19 1 U 18
20 1 U 19
21 0 U 20
22 1 U 20
23 1 U 21
24 1 U 23
25 1 U -1
26 1 U 24
27 1 U 25
28 1 U 26
29 1 U 27
30 1 U 29
31 0 U 30
32 0 U 31
33 1 U 32
34 0 U 33
35 1 U 34
36 1 U 35
37 1 U 34
38 1 U 29
39 1 U 36
40 1 U 39
41 1 U -1
42 1 U 41
43 0 U 42
44 1 U 32
45 0 U 43
46 0 U 45
47 0 U 46
48 0 U 47
49 0 U 48
50 1 U 49
51 0 U 50
52 0 U 51
53 0 U 47
54 0 U -1
55 0 U 52
56 1 U 54
57 0 U 55
58 0 U 56
59 1 U 58
60 1 U 59
61 0 U 60
62 0 U 61
63 0 U 62
64 0 U 62
65 0 U 63
66 0 U 65
67
0 0 U -1
1 1 U 0
2 1 U 1
3 1 U 2
4 1 U 3
5 1 U 3
6 0 U 5
7 0 U 6
8 1 U 7
9 1 U 8
10 1 U 9
11 1 U 10
12 1 U 0
13 1 U 11
14 0 U -1
15 0 U 13
16 0 U 15
17 0 U 14
18 0 U 17
19 1 U 18
20 1 U 19
21 0 U 20
22 0 U 20
23 1 U 21
24 1 U 23
25 1 U -1
26 1 U 24
27 1 U 25
28 1 U 26
29 1 U 27
30 1 U 29
31 0 U 29
32 0 U 30
33 1 U 32
34 0 U 33
35 1 U 34
36 1 U 35
37 1 U 36
38 1 U 36
39 1 U 38
40 1 U -1
41 1 U 40
42 1 U 39
43 0 U 41
44 1 U 25
45 0 U 43
46 0 U 45
47 0 U 46
48 0 U 47
49 0 U 48
50 1 U 49
51 0 U 50
52 0 U 51
53 0 U -1
54 0 U -1
55 0 U 52
56 1 U 54
57 0 U 55
58 0 U 56
59 1 U 58
60 1 U 59
61 0 U 60
62 0 U 61
63 0 U 62
64 0 U 62
65 0 U 63
66 0 U 65
67
0 0 U -1
1 1 U 0
2 1 U 1
3 1 U 2
4 1 U 3
5 1 U 3
6 0 U 5
7 0 U 6
8 1 U 7
9 1 U 8
10 1 U 9
11 1 U 10
12 1 U 0
13 1 U 11
14 0 U -1
15 0 U 13
16 0 U 15
17 0 U 14
18 0 U 17
19 1 U 18
20 1 U 19
21 0 U 20
22 0 U 18
23 1 U 21
24 1 U 23
25 1 U -1
26 1 U 24
27 1 U 25
28 1 U 26
29 1 U 27
30 1 U 29
31 0 U 29
32 0 U 30
33 1 U 32
34 0 U 33
35 1 U 32
36 1 U 34
37 1 U 25
38 1 U 36
39 1 U 38
40 1 U 39
41 1 U -1
42 1 U 40
43 0 U 41
44 1 U 43
45 0 U 44
46 0 U 45
47 0 U 46
48 0 U 47
49 0 U 48
50 1 U 49
51 0 U 50
52 0 U 51
53 0 U 48
54 0 U -1
55 0 U 52
56 1 U 54
57 0 U 55
58 0 U 56
59 1 U 58
60 1 U 59
61 0 U 60
62 0 U 61
63 0 U 62
64 0 U 62
65 0 U 63
66 0 U 65
67
0 0 U -1
1 1 U 0
2 1 U 1
3 1 U 2
4 1 U 3
5 1 U 3
6 0 U 5
7 0 U 6
8 1 U 7
9 1 U 8
10 1 U 9
11 1 U 10
12 1 U 0
13 1 U 11
14 0 U -1
15 0 U 13
16 0 U 15
17 0 U 14
18 0 U 17
19 1 U 18
20 1 U 19
21 0 U 20
22 0 U 20
23 1 U 21
24 1 U 23
25 1 U -1
26 1 U 24
27 1 U 25
28 1 U 26
29 1 U 27
30 1 U 29
31 0 U 29
32 0 U 30
33 1 U 32
34 0 U 33
35 1 U 32
36 1 U 34
37 1 U 36
38 1 U 36
39 1 U 38
40 1 U 39
41 1 U -1
42 1 U 40
43 0 U 41
44 1 U 43
45 0 U 44
46 0 U 45
47 0 U 46
48 0 U 47
49 0 U 48
50 1 U 49
51 0 U 50
52 0 U 51
53 0 U 43
54 0 U -1
55 0 U 52
56 1 U 54
57 0 U 55
58 0 U 56
59 1 U 58
60 1 U 59
61 0 U 60
62 0 U 61
63 0 U 62
64 0 U 62
65 0 U 63
66 0 U 65
67
0 0 U -1
1 1 U 0
2 1 U 1
3 1 U 2
4 1 U 3
5 1 U 3
6 0 U 5
7 0 U 6
8 1 U 7
9 1 U 8
10 1 U 9
11 1 U 10
12 1 U 0
13 1 U 11
14 0 U -1
15 0 U 13
16 0 U 15
17 0 U 14
18 0 U 17
19 1 U 18
20 1 U 19
21 0 U 20
22 0 U 18
23 1 U 21
24 1 U 23
25 1 U -1
26 1 U 24
27 1 U 25
28 1 U 26
29 1 U 27
30 1 U 29
31 0 U 29
32 0 U 30
33 1 U 32
34 0 U 33
35 1 U 32
36 1 U 34
37 1 U 25
38 1 U 36
39 1 U 38
40 1 U 39
41 1 U -1
42 1 U 40
43 0 U 41
44 1 U 43
45 0 U 44
46 0 U 45
47 0 U 46
48 0 U 47
49 0 U 48
50 1 U 49
51 0 U 50
52 0 U 51
53 0 U 44
54 0 U -1
55 0 U 52
56 1 U 54
57 0 U 55
58 0 U 56
59 1 U 58
60 1 U 59
61 0 U 60
62 0 U 61
63 0 U 62
64 0 U 62
65 0 U 63
66 0 U 65
67
0 0 U -1
1 1 U 0
2 1 U 1
3 1 U 2
4 1 U 3
5 1 U 3
6 1 U 5
7 0 U 6
8 1 U 7
9 1 U 8
10 1 U 9
11 1 U 10
12 0 U 0
13 1 U 11
14 1 U -1
15 0 U 13
16 0 U 5
17 0 U 14
18 0 U 17
19 1 U 18
20 1 U 19
21 0 U 20
22 0 U 15
23 1 U 21
24 1 U 23
25 1 U -1
26 1 U 24
27 1 U 25
28 1 U 26
29 1 U 27
30 1 U 29
31 0 U 29
32 0 U 30
33 1 U 32
34 0 U 33
35 1 U 34
36 1 U 35
37 1 U 25
38 1 U 32
39 1 U 36
40 1 U 39
41 1 U 40
42 1 U -1
43 0 U 42
44 1 U 43
45 0 U 44
46 0 U 45
47 0 U 46
48 0 U 47
49 0 U 48
50 1 U 49
51 0 U 50
52 0 U 51
53 0 U 43
54 0 U -1
55 0 U 52
56 1 U 55
57 0 U 54
58 0 U 57
59 1 U 58
60 1 U 59
61 0 U 60
62 0 U 61
63 0 U 62
64 0 U 63
65 0 U 64
66 0 U 65
67
0 0 U -1
1 1 U 0
2 1 U 1
3 1 U 2
4 1 U 3
5 1 U 3
6 0 U 5
7 0 U 6
8 1 U 7
9 1 U 8
10 1 U 9
11 1 U 10
12 1 U 0
13 1 U 11
14 0 U -1
15 0 U 13
16 0 U 15
17 0 U 14
18 0 U 17
19 1 U 18
20 1 U 19
21 0 U 20
22 0 U 20
23 1 U 21
24 1 U 23
25 1 U -1
26 1 U 24
27 1 U 25
28 1 U 26
29 1 U 27
30 1 U 29
31 0 U 30
32 0 U 31
33 1 U 32
34 0 U 33
35 1 U 32
36 1 U 34
37 0 U 25
38 1 U 29
39 1 U 36
40 1 U 39
41 1 U 40
42 1 U -1
43 0 U 42
44 1 U 43
45 0 U 44
46 0 U 45
47 0 U 46
48 0 U 47
49 0 U 48
50 1 U 49
51 0 U 50
52 0 U 51
53 0 U -1
54 0 U -1
55 0 U 52
56 1 U 54
57 0 U 55
58 0 U 56
59 1 U 58
60 1 U 59
61 1 U 60
62 0 U 61
63 0 U 62
64 0 U 62
65 0 U 63
66 0 U 65
67
0 0 U -1
1 1 U 0
2 1 U 1
3 1 U 2
4 1 U 3
5 1 U 3
6 0 U 5
7 0 U 6
8 1 U 7
9 1 U 8
10 1 U 9
11 1 U 10
12 1 U 0
13 1 U 11
14 0 U -1
15 0 U 13
16 0 U 15
17 0 U 14
18 0 U 17
19 1 U 18
20 1 U 19
21 0 U 20
22 0 U 20
23 1 U 21
24 1 U 23
25 1 U -1
26 1 U 24
27 1 U 25
28 1 U 26
29 1 U 27
30 1 U 29
31 0 U 29
32 0 U 30
33 1 U 32
34 0 U 33
35 1 U 34
36 1 U 35
37 1 U 25
38 1 U 32
39 1 U 36
40 1 U 39
41 1 U -1
42 1 U 40
43 0 U 41
44 1 U 43
45 0 U 44
46 0 U 45
47 0 U 46
48 0 U 47
49 0 U 48
50 1 U 49
51 0 U 50
52 0 U 51
53 0 U 43
54 0 U -1
55 0 U 52
56 1 U 54
57 0 U 55
58 0 U 56
59 1 U 58
60 1 U 59
61 0 U 60
62 0 U 61
63 0 U 62
64 0 U 62
65 0 U 63
66 0 U 65
67
0 0 U -1
1 1 U 0
2 1 U 1
3 1 U 2
4 1 U 3
5 1 U 3
6 0 U 5
7 0 U 6
8 1 U 7
9 1 U 8
10 1 U 9
11 1 U 10
12 1 U 0
13 1 U 11
14 0 U -1
15 0 U 13
16 0 U 15
17 0 U 14
18 0 U 17
19 1 U 18
20 1 U 19
21 0 U 20
22 0 U 20
23 1 U 21
24 1 U 23
25 1 U -1
26 1 U 24
27 1 U 25
28 1 U 26
29 1 U 27
30 1 U 29
31 0 U 29
32 0 U 30
33 1 U 32
34 0 U 33
35 1 U 32
36 1 U 34
37 1 U 25
38 1 U 36
39 1 U 38
40 1 U 39
41 1 U -1
42 1 U 40
43 0 U 41
44 1 U 43
45 0 U 44
46 0 U 45
47 0 U 46
48 0 U 47
49 0 U 48
50 1 U 49
51 0 U 50
52 0 U 51
53 1 U 43
54 0 U -1
55 0 U 52
56 1 U 54
57 0 U 55
58 0 U 56
59 1 U 58
60 1 U 59
61 0 U 60
62 0 U 61
63 0 U 62
64 0 U 62
65 0 U 63
66 0 U 65
67
0 0 U -1
1 1 U 0
2 1 U 1
3 1 U 2
4 1 U 3
5 1 U 3
6 0 U 5
7 0 U 6
8 1 U 7
9 1 U 8
10 1 U 9
11 1 U 10
12 1 U 0
13 1 U 11
14 0 U -1
15 0 U 13
16 0 U 15
17 0 U 14
18 0 U 17
19 1 U 18
20 1 U 19
21 0 U 20
22 0 U 20
23 1 U 21
24 1 U 23
25 1 U -1
26 1 U 24
27 1 U 25
28 1 U 26
29 1 U 27
30 1 U 29
31 0 U 29
32 0 U 30
33 1 U 32
34 0 U 33
35 1 U 32
36 1 U 34
37 1 U 36
38 1 U 36
39 1 U 38
40 1 U 39
41 1 U -1
42 1 U 40
43 0 U 41
44 1 U 43
45 0 U 44
46 0 U 45
47 0 U 46
48 0 U 47
49 0 U 48
50 1 U 49
51 0 U 50
52 0 U 51
53 0 U 44
54 0 U -1
55 0 U 52
56 1 U 54
57 0 U 55
58 0 U 56
59 1 U 58
60 1 U 59
61 0 U 60
62 0 U 61
63 0 U 62
64 0 U 62
65 0 U 63
66 0 U 65
67
0 0 U -1
1 1 U 0
2 1 U 1
3 1 U 2
4 1 U 3
5 1 U 3
6 0 U 5
7 0 U 6
8 1 U 7
9 1 U 8
10 1 U 9
11 1 U 10
12 1 U 0
13 1 U 11
14 0 U -1
15 0 U 13
16 0 U 15
17 0 U 14
18 0 U 17
19 1 U 18
20 1 U 19
21 0 U 20
22 0 U 20
23 1 U 21
24 1 U 23
25 1 U -1
26 1 U 24
27 1 U 25
28 1 U 26
29 1 U 27
30 1 U 29
31 0 U 30
32 0 U 31
33 1 U 32
34 0 U 33
35 1 U 29
36 1 U 34
37 1 U 25
38 1 U 32
39 1 U 36
40 1 U 39
41 1 U 40
42 1 U -1
43 0 U 42
44 1 U 43
45 0 U 44
46 0 U 45
47 0 U 46
48 0 U 47
49 0 U 48
50 1 U 49
51 0 U 50
52 0 U 51
53 0 U -1
54 0 U -1
55 0 U 52
56 1 U 54
57 0 U 55
58 0 U 56
59 1 U 58
60 1 U 59
61 0 U 60
62 0 U 61
63 0 U 62
64 0 U 62
65 0 U 63
66 0 U 65
67
0 0 U -1
1 1 U 0
2 1 U 1
3 1 U 2
4 1 U 3
5 1 U 3
6 0 U 5
7 0 U 6
8 1 U 7
9 1 U 8
10 1 U 9
11 1 U 10
12 1 U 0
13 1 U 11
14 0 U -1
15 0 U 13
16 0 U 15
17 0 U 14
18 0 U 17
19 1 U 18
20 1 U 19
21 0 U 20
22 0 U 18
23 1 U 21
24 1 U 23
25 1 U -1
26 1 U 24
27 1 U 25
28 1 U 26
29 1 U 27
30 1 U 29
31 0 U 30
32 0 U 31
33 1 U 29
34 0 U 32
35 1 U 34
36 1 U 35
37 1 U 36
38 1 U 25
39 1 U 37
40 1 U 39
41 1 U -1
42 1 U 40
43 0 U 41
44 1 U 43
45 0 U 44
46 0 U 45
47 0 U 46
48 0 U 47
49 0 U 48
50 1 U 49
51 0 U 50
52 0 U 51
53 0 U 43
54 0 U -1
55 0 U 52
56 1 U 54
57 0 U 55
58 0 U 56
59 1 U 58
60 1 U 59
61 0 U 60
62 0 U 61
63 0 U 62
64 0 U 62
65 0 U 63
66 0 U 65
67
0 0 U -1
1 1 U 0
2 1 U 1
3 1 U 2
4 1 U 3
5 1 U 3
6 0 U 5
7 0 U 6
8 1 U 7
9 1 U 8
10 1 U 9
11 1 U 10
12 1 U 0
13 1 U 11
14 0 U -1
15 0 U 13
16 0 U 15
17 0 U 14
18 0 U 17
19 1 U 18
20 1 U 19
21 0 U 20
22 0 U 20
23 1 U 21
24 1 U 23
25 1 U -1
26 1 U 24
27 1 U 25
28 1 U 26
29 1 U 27
30 1 U 29
31 0 U 29
32 0 U 30
33 1 U 32
34 0 U 33
35 1 U 34
36 1 U 35
37 1 U 32
38 1 U 25
39 1 U 36
40 1 U 39
41 1 U -1
42 1 U 40
43 0 U 41
44 1 U 43
45 0 U 44
46 0 U 45
47 0 U 46
48 0 U 47
49 0 U 48
50 1 U 49
51 0 U 50
52 0 U 51
53 0 U 43
54 0 U -1
55 0 U 52
56 1 U 54
57 0 U 55
58 0 U 56
59 1 U 58
60 1 U 59
61 0 U 60
62 0 U 61
63 0 U 62
64 0 U 62
65 0 U 63
66 0 U 65
67
0 0 U -1
1 1 U 0
2 1 U 1
3 1 U 2
4 1 U 3
5 1 U 3
6 0 U 5
7 0 U 6
8 1 U 7
9 1 U 8
10 1 U 9
11 1 U 10
12 1 U 0
13 1 U 11
14 0 U -1
15 0 U 13
16 0 U 15
17 0 U 14
18 0 U 17
19 1 U 18
20 1 U 19
21 0 U 20
22 0 U 18
23 1 U 21
24 1 U 23
25 1 U -1
26 1 U 24
27 1 U 25
28 1 U 26
29 1 U 27
30 1 U 29
31 0 U 29
32 0 U 30
33 1 U 32
34 0 U 33
35 1 U 32
36 1 U 34
37 1 U 25
38 1 U 36
39 1 U 38
40 1 U 39
41 1 U -1
42 1 U 40
43 0 U 41
44 1 U 43
45 0 U 44
46 0 U 45
47 0 U 46
48 0 U 47
49 0 U 48
50 1 U 49
51 0 U 50
52 0 U 51
53 0 U 44
54 0 U -1
55 0 U 52
56 1 U 54
57 0 U 55
58 0 U 56
59 1 U 58
60 1 U 59
61 0 U 60
62 0 U 61
63 0 U 62
64 0 U 62
65 0 U 63
66 0 U 65
67
0 0 U -1
1 1 U 0
2 1 U 1
3 1 U 2
4 1 U 3
5 1 U 3
6 0 U 5
7 0 U 6
8 1 U 7
9 1 U 8
10 1 U 9
11 1 U 10
12 1 U 0
13 1 U 11
14 0 U -1
15 0 U 13
16 0 U 15
17 0 U 14
18 0 U 17
19 1 U 18
20 1 U 19
21 0 U 20
22 0 U 20
23 1 U 21
24 1 U 23
25 1 U -1
26 1 U 24
27 1 U 25
28 1 U 26
29 1 U 27
30 1 U 29
31 0 U 29
32 0 U 30
33 1 U 32
34 0 U 33
35 1 U 32
36 1 U 34
37 1 U 36
38 1 U 36
39 1 U 38
40 1 U 39
41 1 U -1
42 1 U 40
43 0 U 41
44 1 U 43
45 0 U 44
46 0 U 45
47 0 U 46
48 0 U 47
49 0 U 48
50 1 U 49
51 0 U 50
52 0 U 51
53 0 U 43
54 0 U -1
55 0 U 52
56 1 U 54
57 0 U 55
58 0 U 56
59 1 U 58
60 1 U 59
61 0 U 60
62 0 U 61
63 0 U 62
64 0 U 62
65 0 U 63
66 0 U 65
67
0 0 U -1
1 1 U 0
2 1 U 1
3 1 U 2
4 1 U 3
5 1 U 3
6 0 U 5
7 0 U 6
8 1 U 7
9 1 U 8
10 1 U 9
11 1 U 10
12 1 U 0
13 1 U 11
14 0 U -1
15 0 U 13
16 0 U 15
17 0 U 14
18 0 U 17
19 1 U 18
20 1 U 19
21 0 U 20
22 0 U 20
23 1 U 21
24 1 U 23
25 1 U -1
26 1 U 24
27 1 U 25
28 1 U 26
29 1 U 27
30 1 U 29
31 0 U 29
32 0 U 30
33 1 U 32
34 0 U 33
35 1 U 34
36 1 U 35
37 1 U 32
38 1 U 25
39 1 U 36
40 1 U 39
41 1 U -1
42 1 U 40
43 0 U 41
44 1 U 43
45 0 U 44
46 0 U 45
47 0 U 46
48 0 U 47
49 0 U 48
50 1 U 49
51 0 U 50
52 0 U 51
53 0 U 43
54 0 U -1
55 0 U 52
56 1 U 54
57 0 U 55
58 0 U 56
59 1 U 58
60 1 U 59
61 0 U 60
62 0 U 61
63 0 U 62
64 0 U 62
65 0 U 63
66 0 U 65
67
0 0 U -1
1 1 U 0
2 1 U 1
3 1 U 2
4 1 U 3
5 1 U 0
6 0 U 4
7 0 U 6
8 1 U 7
9 1 U 8
10 1 U 9
11 1 U 10
12 1 U 11
13 1 U 12
14 0 U -1
15 0 U 13
16 0 U 14
17 0 U 16
18 0 U 17
19 1 U 18
20 1 U 19
21 0 U 20
22 0 U 20
23 1 U 15
24 1 U 21
25 1 U -1
26 1 U 25
27 1 U 26
28 1 U 24
29 1 U 27
30 1 U 29
31 0 U 29
32 0 U 30
33 1 U 32
34 0 U 33
35 1 U 34
36 1 U 35
37 1 U 32
38 1 U 26
39 1 U 36
40 1 U -1
41 1 U 40
42 1 U 39
43 0 U 41
44 1 U 34
45 0 U 43
46 0 U 45
47 0 U 46
48 0 U 47
49 0 U 48
50 1 U 49
51 0 U 50
52 0 U 51
53 0 U -1
54 0 U -1
55 0 U 52
56 1 U 54
57 0 U 55
58 0 U 56
59 1 U 58
60 1 U 59
61 0 U 60
62 0 U 61
63 0 U 62
64 0 U 62
65 0 U 63
66 0 U 65
67
0 0 U -1
1 1 U 0
2 1 U 1
3 1 U 2
4 1 U 3
5 1 U 0
6 0 U 4
7 0 U 6
8 1 U 7
9 1 U 8
10 1 U 9
11 1 U 10
12 1 U 11
13 1 U 12
14 0 U -1
15 0 U 13
16 0 U 14
17 0 U 16
18 0 U 17
19 1 U 18
20 1 U 19
21 0 U 20
22 0 U 20
23 1 U 15
24 1 U 21
25 1 U -1
26 1 U 25
27 1 U 26
28 1 U 24
29 1 U 27
30 1 U 29
31 0 U 29
32 0 U 30
33 1 U 32
34 0 U 33
35 1 U 34
36 1 U 35
37 1 U 26
38 1 U 32
39 1 U 36
40 1 U -1
41 1 U 40
42 1 U 39
43 0 U 41
44 1 U 34
45 0 U 43
46 0 U 45
47 0 U 46
48 0 U 47
49 0 U 48
50 1 U 49
51 0 U 50
52 0 U 51
53 0 U -1
54 0 U -1
55 0 U 52
56 1 U 54
57 0 U 55
58 0 U 56
59 1 U 58
60 1 U 59
61 0 U 60
62 0 U 61
63 0 U 62
64 0 U 62
65 0 U 63
66 0 U 65
67
0 0 U -1
1 1 U 0
2 1 U 1
3 1 U 2
4 1 U 3
5 1 U 4
6 0 U 5
7 0 U 6
8 1 U 7
9 1 U 8
10 1 U 9
11 1 U 10
12 1 U 4
13 1 U 11
14 0 U -1
15 0 U 13
16 0 U 14
17 0 U 16
18 0 U 17
19 1 U 18
20 1 U 19
21 0 U 20
22 0 U 14
23 1 U 15
24 1 U 21
25 1 U -1
26 1 U 25
27 1 U 26
28 1 U 24
29 1 U 27
30 1 U 29
31 0 U 29
32 0 U 30
33 1 U 32
34 0 U 33
35 1 U 34
36 1 U 35
37 1 U 34
38 1 U 26
39 1 U 36
40 1 U -1
41 1 U 40
42 1 U 39
43 0 U 41
44 1 U 32
45 0 U 43
46 0 U 45
47 0 U 46
48 0 U 47
49 0 U 48
50 1 U 49
51 0 U 50
52 0 U 51
53 0 U 46
54 0 U -1
55 0 U 52
56 1 U 54
57 0 U 55
58 0 U 56
59 1 U 58
60 1 U 59
61 0 U 60
62 0 U 61
63 0 U 62
64 0 U 62
65 0 U 63
66 0 U 65
67
0 0 U -1
1 1 U 0
2 1 U 1
3 1 U 2
4 1 U 3
5 1 U 3
6 0 U 5
7 0 U 6
8 1 U 7
9 1 U 8
10 1 U 9
11 1 U 10
12 1 U 11
13 1 U 12
14 0 U -1
15 0 U 13
16 0 U 14
17 0 U 16
18 0 U 17
19 1 U 18
20 1 U 19
21 0 U 20
22 0 U 20
23 1 U 15
24 1 U 21
25 1 U -1
26 1 U 25
27 1 U 26
28 1 U 24
29 1 U 27
30 1 U 29
31 0 U 29
32 0 U 30
33 1 U 32
34 0 U 33
35 1 U 32
36 1 U 34
37 1 U 36
38 1 U 36
39 1 U 38
40 1 U -1
41 1 U 40
42 1 U 41
43 0 U 42
44 1 U 26
45 0 U 43
46 0 U 39
47 0 U 45
48 0 U 47
49 0 U 48
50 1 U 49
51 0 U 50
52 0 U 51
53 0 U 50
54 0 U -1
55 0 U 52
56 1 U 54
57 0 U 55
58 0 U 56
59 1 U 58
60 1 U 59
61 0 U 60
62 0 U 61
63 0 U 62
64 0 U 62
65 0 U 63
66 0 U 65
67
0 0 U -1
1 1 U 0
2 1 U 1
3 1 U 2
4 1 U 3
5 1 U 0
6 0 U 4
7 0 U 6
8 1 U 7
9 1 U 8
10 1 U 9
11 1 U 10
12 1 U 11
13 1 U 12
14 0 U -1
15 0 U 13
16 0 U 14
17 0 U 16
18 0 U 17
19 1 U 18
20 1 U 19
21 0 U 20
22 0 U 18
23 1 U 15
24 1 U 21
25 1 U -1
26 1 U 25
27 1 U 26
28 1 U 24
29 1 U 27
30 1 U 29
31 0 U 29
32 0 U 30
33 1 U 32
34 0 U 33
35 1 U 32
36 1 U 34
37 1 U 36
38 1 U 36
39 1 U 38
40 1 U -1
41 1 U 40
42 1 U 41
43 0 U 42
44 1 U 26
45 0 U 43
46 0 U 39
47 0 U 45
48 0 U 47
49 0 U 48
50 1 U 49
51 0 U 50
52 0 U 51
53 0 U -1
54 0 U -1
55 0 U 52
56 1 U 54
57 0 U 55
58 0 U 56
59 1 U 58
60 1 U 59
61 0 U 60
62 0 U 61
63 0 U 62
64 0 U 62
65 0 U 63
66 0 U 65
67
0 0 U -1
1 1 U 0
2 1 U 1
3 1 U 2
4 1 U 3
5 1 U 0
6 0 U 4
7 0 U 6
8 1 U 7
9 1 U 8
10 1 U 9
11 1 U 10
12 1 U 11
13 1 U 12
14 0 U -1
15 0 U 13
16 0 U 14
17 0 U 16
18 0 U 17
19 1 U 18
20 1 U 19
21 0 U 20
22 0 U 14
23 1 U 15
24 1 U 21
25 1 U -1
26 1 U 25
27 1 U 26
28 1 U 24
29 1 U 27
30 1 U 29
31 0 U 29
32 0 U 30
33 1 U 32
34 0 U 33
35 1 U 32
36 1 U 34
37 1 U 36
38 1 U 36
39 1 U 38
40 1 U -1
41 1 U 40
42 1 U 41
43 0 U 42
44 1 U 26
45 0 U 43
46 0 U 39
47 0 U 45
48 0 U 47
49 0 U 48
50 1 U 49
51 0 U 50
52 0 U 51
53 0 U -1
54 0 U -1
55 0 U 52
56 1 U 54
57 0 U 55
58 0 U 56
59 1 U 58
60 1 U 59
61 0 U 60
62 0 U 61
63 0 U 62
64 0 U 62
65 0 U 63
66 0 U 65
67
0 0 U -1
1 1 U 0
2 1 U 1
3 1 U 2
4 1 U 3
5 1 U 3
6 0 U 5
7 0 U 6
8 1 U 7
9 1 U 8
10 1 U 9
11 1 U 10
12 1 U 0
13 1 U 11
14 0 U -1
15 0 U 13
16 0 U 15
17 0 U 14
18 0 U 17
19 1 U 18
20 1 U 19
21 0 U 20
22 0 U 20
23 1 U 21
24 1 U 23
25 1 U -1
26 1 U 24
27 1 U 25
28 1 U 26
29 1 U 27
30 1 U 29
31 0 U 30
32 0 U 31
33 1 U 29
34 0 U 32
35 1 U 34
36 1 U 35
37 1 U 36
38 1 U 37
39 1 U 38
40 1 U -1
41 1 U 40
42 1 U 41
43 0 U 42
44 1 U 37
45 0 U 43
46 0 U 39
47 0 U 45
48 0 U 47
49 0 U 48
50 1 U 49
51 0 U 50
52 0 U 51
53 0 U -1
54 0 U -1
55 0 U 52
56 1 U 54
57 0 U 55
58 0 U 56
59 1 U 58
60 1 U 59
61 0 U 60
62 0 U 61
63 0 U 62
64 0 U 62
65 0 U 63
66 0 U 65
67
0 0 U -1
1 1 U 0
2 1 U 1
3 1 U 2
4 1 U 3
5 1 U 4
6 1 U 5
7 0 U 6
8 1 U 7
9 1 U 8
10 1 U 9
11 1 U 10
12 0 U 5
13 1 U 11
14 0 U -1
15 0 U 13
16 1 U 14
17 0 U 16
18 0 U 17
19 1 U 18
20 1 U 19
21 0 U 20
22 0 U 20
23 1 U 21
24 1 U 23
25 1 U -1
26 1 U 25
27 1 U 26
28 1 U 27
29 1 U 28
30 1 U 29
31 0 U 30
32 0 U 31
33 0 U 18
34 0 U 32
35 1 U 34
36 1 U 35
37 1 U 26
38 1 U 29
39 1 U 36
40 1 U -1
41 1 U 40
42 1 U 39
43 0 U 41
44 1 U 34
45 0 U 43
46 0 U 45
47 0 U 46
48 0 U 47
49 0 U 48
50 1 U 49
51 0 U 50
52 0 U 51
53 0 U -1
54 0 U -1
55 0 U 52
56 1 U 54
57 0 U 55
58 0 U 56
59 1 U 58
60 1 U 59
61 0 U 60
62 0 U 61
63 0 U 62
64 0 U 62
65 0 U 63
66 0 U 65
67
0 0 U -1
1 0 U 0
2 1 U 1
3 1 U 2
4 1 U 3
5 1 U 3
6 0 U 5
7 0 U 6
8 1 U 7
9 1 U 8
10 1 U 9
11 1 U 10
12 1 U 11
13 1 U 12
14 0 U -1
15 0 U 13
16 0 U 14
17 0 U 16
18 0 U 17
19 1 U 18
20 1 U 19
21 0 U 20
22 0 U 20
23 1 U 15
24 1 U 21
25 1 U -1
26 1 U 24
27 1 U 25
28 1 U 27
29 1 U 28
30 1 U 29
31 0 U 30
32 0 U 31
33 1 U 32
34 0 U 33
35 1 U 32
36 1 U 34
37 1 U 29
38 1 U 25
39 1 U 36
40 1 U 39
41 1 U -1
42 1 U 40
43 0 U 41
44 0 U 43
45 0 U 44
46 0 U 45
47 0 U 46
48 0 U 47
49 0 U 48
50 1 U 49
51 0 U 50
52 0 U 51
53 0 U 43
54 0 U -1
55 0 U 52
56 1 U 54
57 0 U 55
58 0 U 56
59 1 U 58
60 1 U 59
61 0 U 60
62 1 U 61
63 0 U 62
64 0 U 62
65 0 U 63
66 0 U 65
67
0 0 U -1
1 1 U 0
2 1 U 1
3 1 U 2
4 1 U 3
5 1 U 0
6 0 U 4
7 0 U 6
8 1 U 7
9 1 U 8
10 1 U 9
11 1 U 10
12 1 U 11
13 1 U 12
14 0 U -1
15 0 U 13
16 0 U 14
17 0 U 16
18 0 U 17
19 1 U 18
20 1 U 19
21 0 U 20
22 0 U 14
23 1 U 15
24 1 U 21
25 1 U -1
26 1 U 25
27 1 U 26
28 1 U 24
29 1 U 27
30 1 U 29
31 0 U 30
32 0 U 31
33 0 U 18
34 0 U 32
35 1 U 29
36 1 U 34
37 1 U 36
38 1 U 26
39 1 U 37
40 1 U 39
41 1 U -1
42 1 U 40
43 0 U 41
44 1 U 43
45 0 U 44
46 0 U 45
47 0 U 46
48 1 U 47
49 0 U 48
50 1 U 49
51 0 U 50
52 0 U 51
53 0 U 48
54 0 U -1
55 0 U 52
56 1 U 54
57 0 U 55
58 0 U 56
59 1 U 58
60 1 U 59
61 1 U 60
62 0 U 61
63 1 U 60
64 0 U 62
65 0 U 64
66 0 U 65
67
0 0 U -1
1 1 U 0
2 1 U 1
3 1 U 2
4 1 U 3
5 1 U 3
6 0 U 5
7 0 U 6
8 1 U 7
9 1 U 8
10 1 U 9
11 1 U 10
12 1 U 0
13 1 U 11
14 0 U -1
15 0 U 13
16 0 U 15
17 0 U 14
18 1 U 17
19 1 U 18
20 1 U 19
21 0 U 20
22 0 U 20
23 1 U 21
24 1 U 23
25 1 U -1
26 1 U 25
27 1 U 26
28 1 U 24
29 1 U 27
30 1 U 17
31 0 U 29
32 0 U 31
33 1 U 32
34 0 U 33
35 1 U 34
36 1 U 35
37 1 U 26
38 1 U 36
39 1 U 38
40 1 U -1
41 1 U 40
42 1 U 41
43 0 U 42
44 1 U 32
45 0 U 43
46 0 U 39
47 0 U 45
48 0 U 47
49 0 U 48
50 1 U 49
51 0 U 50
52 0 U 51
53 0 U 41
54 0 U -1
55 0 U 52
56 1 U 54
57 0 U 55
58 0 U 56
59 1 U 58
60 1 U 59
61 0 U 60
62 0 U 61
63 0 U 62
64 0 U 62
65 0 U 63
66 0 U 65
67
0 0 U -1
1 1 U 0
2 1 U 1
3 1 U 2
4 1 U 3
5 1 U 3
6 0 U 5
7 0 U 6
8 1 U 7
9 1 U 8
10 1 U 9
11 1 U 10
12 1 U 0
13 1 U 11
14 0 U -1
15 0 U 13
16 0 U 15
17 0 U 14
18 0 U 17
19 1 U 18
20 1 U 19
21 0 U 20
22 0 U 21
23 1 U 22
24 1 U 23
25 1 U -1
26 1 U 24
27 1 U 25
28 1 U 27
29 1 U 28
30 1 U 29
31 0 U 30
32 0 U 31
33 1 U 32
34 0 U 33
35 1 U 34
36 1 U 35
37 1 U 32
38 1 U 25
39 1 U 36
40 1 U -1
41 1 U 40
42 1 U 41
43 0 U 42
44 1 U 34
45 0 U 43
46 0 U 39
47 0 U 45
48 0 U 47
49 0 U 48
50 1 U 49
51 0 U 50
52 0 U 51
53 0 U -1
54 0 U -1
55 0 U 52
56 1 U 54
57 0 U 55
58 0 U 56
59 1 U 58
60 1 U 59
61 0 U 60
62 0 U 61
63 0 U 62
64 0 U 62
65 0 U 63
66 0 U 65
67
0 0 U -1
1 1 U 0
2 1 U 1
3 1 U 2
4 1 U 3
5 1 U 3
6 0 U 5
7 0 U 6
8 1 U 7
9 1 U 8
10 1 U 9
11 1 U 10
12 1 U 0
13 1 U 11
14 0 U -1
15 0 U 13
16 0 U 15
17 0 U 14
18 0 U 17
19 1 U 18
20 1 U 19
21 0 U 20
22 0 U 21
23 1 U 22
24 1 U 23
25 1 U -1
26 1 U 24
27 1 U 25
28 1 U 27
29 1 U 28
30 1 U 29
31 0 U 30
32 0 U 31
33 1 U 32
34 0 U 33
35 1 U 29
36 1 U 34
37 1 U 32
38 1 U 25
39 1 U 36
40 1 U 39
41 1 U -1
42 1 U 41
43 0 U 42
44 1 U 43
45 0 U 44
46 0 U 40
47 0 U 45
48 0 U 47
49 0 U 48
50 1 U 49
51 0 U 50
52 0 U 51
53 0 U 41
54 0 U -1
55 0 U 52
56 1 U 54
57 0 U 55
58 0 U 56
59 1 U 58
60 1 U 59
61 0 U 60
62 0 U 61
63 0 U 62
64 0 U 62
65 0 U 63
66 0 U 65
67
0 0 U -1
1 1 U 0
2 1 U 1
3 1 U 2
4 1 U 3
5 1 U 3
6 0 U 5
7 0 U 6
8 1 U 7
9 1 U 8
10 1 U 9
11 1 U 10
12 1 U 0
13 1 U 11
14 0 U -1
15 0 U 13
16 0 U 15
17 0 U 14
18 0 U 17
19 1 U 18
20 1 U 19
21 0 U 20
22 0 U 20
23 1 U 21
24 1 U 23
25 1 U -1
26 1 U 24
27 1 U 25
28 1 U 26
29 1 U 27
30 1 U 29
31 0 U 30
32 0 U 31
33 1 U 29
34 0 U 32
35 1 U 34
36 1 U 35
37 1 U 25
38 1 U 36
39 1 U 38
40 1 U 39
41 1 U -1
42 1 U 41
43 0 U 42
44 1 U 43
45 0 U 44
46 0 U 40
47 0 U 45
48 0 U 47
49 0 U 48
50 1 U 49
51 0 U 50
52 0 U 51
53 0 U 41
54 0 U -1
55 0 U 52
56 1 U 54
57 0 U 55
58 0 U 56
59 1 U 58
60 1 U 59
61 0 U 60
62 0 U 61
63 0 U 62
64 0 U 62
65 0 U 63
66 0 U 65
67
0 0 U -1
1 1 U 0
2 1 U 1
3 1 U 2
4 1 U 3
5 1 U 3
6 0 U 5
7 0 U 6
8 1 U 7
9 1 U 8
10 1 U 9
11 1 U 10
12 1 U 0
13 1 U 11
14 0 U -1
15 0 U 13
16 0 U 15
17 0 U 14
18 0 U 17
19 1 U 18
20 1 U 19
21 0 U 20
22 0 U 18
23 1 U 21
24 1 U 23
25 1 U -1
26 1 U 24
27 1 U 25
28 1 U 26
29 1 U 27
30 1 U 29
31 0 U 30
32 0 U 31
33 1 U 29
34 0 U 32
35 1 U 34
36 1 U 35
37 1 U 25
38 1 U 36
39 1 U 38
40 1 U 39
41 1 U -1
42 1 U 41
43 0 U 42
44 1 U 43
45 0 U 44
46 0 U 40
47 0 U 45
48 0 U 47
49 0 U 48
50 1 U 49
51 0 U 50
52 0 U 51
53 0 U 44
54 0 U -1
55 0 U 52
56 1 U 54
57 0 U 55
58 0 U 56
59 1 U 58
60 1 U 59
61 0 U 60
62 0 U 61
63 0 U 62
64 0 U 62
65 0 U 63
66 0 U 65
67
0 0 U -1
1 1 U 0
2 1 U 1
3 1 U 2
4 1 U 3
5 1 U 4
6 0 U 5
7 0 U 6
8 1 U 7
9 1 U 8
10 1 U 9
11 1 U 10
12 1 U 0
13 1 U 11
14 0 U -1
15 0 U 13
16 0 U 14
17 0 U 16
18 0 U 17
19 1 U 18
20 1 U 19
21 0 U 20
22 0 U 18
23 1 U 15
24 1 U 21
25 1 U -1
26 1 U 25
27 1 U 26
28 1 U 24
29 1 U 27
30 1 U 29
31 0 U 30
32 0 U 31
33 1 U 29
34 0 U 32
35 1 U 34
36 1 U 35
37 1 U 34
38 1 U 26
39 1 U 36
40 1 U 39
41 1 U -1
42 1 U 41
43 0 U 42
44 1 U 43
45 0 U 44
46 0 U 40
47 0 U 45
48 0 U 47
49 0 U 48
50 1 U 49
51 0 U 50
52 0 U 51
53 0 U 41
54 0 U -1
55 0 U 52
56 1 U 54
57 0 U 55
58 0 U 56
59 1 U 58
60 1 U 59
61 0 U 60
62 0 U 61
63 0 U 62
64 0 U 62
65 0 U 63
66 0 U 65
67
0 0 U -1
1 1 U 0
2 1 U 1
3 1 U 2
4 1 U 3
5 1 U 4
6 0 U 5
7 0 U 6
8 1 U 7
9 1 U 8
10 1 U 9
11 1 U 10
12 1 U 4
13 1 U 11
14 0 U -1
15 0 U 13
16 0 U 14
17 0 U 16
18 0 U 17
19 1 U 18
20 1 U 19
21 0 U 20
22 0 U 20
23 1 U 15
24 1 U 21
25 1 U -1
26 1 U 25
27 1 U 26
28 1 U 24
29 1 U 27
30 1 U 29
31 0 U 30
32 0 U 31
33 1 U 29
34 0 U 32
35 1 U 34
36 1 U 35
37 1 U 34
38 1 U 26
39 1 U 36
40 1 U 39
41 1 U -1
42 1 U 41
43 0 U 42
44 1 U 43
45 0 U 44
46 0 U 40
47 0 U 45
48 0 U 47
49 0 U 48
50 1 U 49
51 0 U 50
52 0 U 51
53 0 U 41
54 0 U -1
55 0 U 52
56 1 U 54
57 0 U 55
58 0 U 56
59 1 U 58
60 1 U 59
61 0 U 60
62 0 U 61
63 0 U 62
64 0 U 62
65 0 U 63
66 0 U 65
67
0 0 U -1
1 1 U 0
2 1 U 1
3 1 U 2
4 1 U 3
5 1 U 3
6 0 U 5
7 0 U 6
8 1 U 7
9 1 U 8
10 1 U 9
11 1 U 10
12 1 U 11
13 1 U 12
14 0 U -1
15 0 U 13
16 0 U 14
17 0 U 16
18 0 U 17
19 1 U 18
20 1 U 19
21 0 U 20
22 0 U 14
23 1 U 15
24 1 U 21
25 1 U -1
26 1 U 25
27 1 U 26
28 1 U 24
29 1 U 27
30 1 U 29
31 0 U 30
32 0 U 31
33 1 U 29
34 0 U 32
35 1 U 34
36 1 U 35
37 1 U 34
38 1 U 26
39 1 U 36
40 1 U 39
41 1 U -1
42 1 U 41
43 0 U 42
44 1 U 43
45 0 U 44
46 0 U 40
47 0 U 45
48 0 U 47
49 0 U 48
50 1 U 49
51 0 U 50
52 0 U 51
53 0 U 41
54 0 U -1
55 0 U 52
56 1 U 54
57 0 U 55
58 0 U 56
59 1 U 58
60 1 U 59
61 0 U 60
62 0 U 61
63 0 U 62
64 0 U 62
65 0 U 63
66 0 U 65
67
0 0 U -1
1 1 U 0
2 1 U 1
3 1 U 2
4 1 U 3
5 1 U 3
6 0 U 5
7 0 U 6
8 1 U 7
9 1 U 8
10 1 U 9
11 1 U 10
12 1 U 0
13 1 U 11
14 0 U -1
15 0 U 13
16 0 U 15
17 0 U 14
18 0 U 17
19 1 U 18
20 1 U 19
21 0 U 20
22 1 U 21
23 1 U 16
24 1 U 22
25 1 U -1
26 1 U 24
27 1 U 25
28 1 U 26
29 1 U 27
30 1 U 29
31 0 U 21
32 0 U 30
33 1 U 29
34 1 U 32
35 1 U 34
36 1 U 35
37 1 U 25
38 1 U 36
39 1 U 38
40 1 U 39
41 1 U -1
42 1 U 40
43 0 U 41
44 1 U 43
45 0 U 44
46 0 U 45
47 0 U 46
48 0 U 47
49 0 U 48
50 1 U 49
51 0 U 50
52 0 U 51
53 0 U 43
54 0 U -1
55 0 U 52
56 1 U 54
57 0 U 55
58 0 U 56
59 1 U 58
60 1 U 59
61 0 U 60
62 0 U 61
63 0 U 62
64 0 U 62
65 0 U 63
66 0 U 65
67
0 0 U -1
1 1 U 0
2 1 U 1
3 1 U 2
4 1 U 3
5 1 U 3
6 0 U 5
7 0 U 6
8 1 U 7
9 1 U 8
10 1 U 9
11 1 U 10
12 1 U 0
13 1 U 11
14 0 U -1
15 0 U 13
16 0 U 15
17 0 U 14
18 0 U 17
19 1 U 18
20 1 U 19
21 0 U 20
22 0 U 18
23 1 U 21
24 1 U 23
25 1 U -1
26 1 U 24
27 1 U 25
28 1 U 27
29 1 U 28
30 1 U 29
31 0 U 26
32 0 U 30
33 1 U 29
34 0 U 32
35 1 U 34
36 1 U 35
37 1 U 25
38 1 U 36
39 1 U 38
40 1 U 39
41 1 U -1
42 1 U 41
43 0 U 42
44 1 U 34
45 0 U 43
46 0 U 45
47 0 U 46
48 0 U 47
49 0 U 48
50 1 U 49
51 0 U 50
52 0 U 51
53 0 U 47
54 0 U -1
55 0 U 52
56 1 U 54
57 0 U 55
58 0 U 56
59 1 U 58
60 1 U 59
61 0 U 60
62 1 U 61
63 0 U 62
64 0 U 62
65 0 U 63
66 0 U 65
67
0 0 U -1
1 1 U 0
2 1 U 1
3 1 U 2
4 1 U 3
5 1 U 3
6 0 U 5
7 0 U 6
8 1 U 7
9 1 U 8
10 1 U 9
11 1 U 10
12 1 U 0
13 1 U 11
14 0 U -1
15 0 U 13
16 0 U 15
17 0 U 14
18 0 U 17
19 1 U 18
20 1 U 19
21 0 U 20
22 0 U 18
23 1 U 21
24 1 U 23
25 1 U -1
26 1 U 24
27 1 U 25
28 1 U 27
29 1 U 28
30 1 U 29
31 0 U 26
32 0 U 30
33 1 U 29
34 0 U 32
35 1 U 34
36 1 U 35
37 0 U 25
38 1 U 36
39 1 U 38
40 1 U 39
41 1 U -1
42 1 U 41
43 0 U 42
44 1 U 34
45 0 U 43
46 0 U 45
47 0 U 46
48 0 U 47
49 0 U 48
50 1 U 49
51 0 U 50
52 0 U 51
53 0 U 47
54 0 U -1
55 0 U 52
56 1 U 54
57 0 U 55
58 0 U 56
59 1 U 58
60 1 U 59
61 0 U 60
62 1 U 61
63 0 U 62
64 0 U 62
65 0 U 63
66 0 U 65
67
0 0 U -1
1 1 U 0
2 1 U 1
3 1 U 2
4 1 U 3
5 1 U 3
6 0 U 5
7 0 U 6
8 1 U 7
9 1 U 8
10 1 U 9
11 1 U 10
12 1 U 0
13 1 U 11
14 0 U -1
15 0 U 13
16 0 U 15
17 0 U 14
18 0 U 17
19 1 U 18
20 1 U 19
21 0 U 20
22 0 U 18
23 1 U 21
24 1 U 23
25 1 U -1
26 1 U 24
27 1 U 25
28 1 U 27
29 1 U 28
30 1 U 29
31 0 U 26
32 0 U 30
33 1 U 29
34 0 U 32
35 1 U 34
36 1 U 35
37 0 U 25
38 1 U 36
39 1 U 38
40 1 U 39
41 1 U -1
42 1 U 41
43 0 U 42
44 1 U 34
45 0 U 43
46 0 U 45
47 0 U 46
48 0 U 47
49 0 U 48
50 1 U 49
51 0 U 50
52 0 U 51
53 0 U 47
54 0 U -1
55 0 U 52
56 1 U 54
57 0 U 55
58 0 U 56
59 1 U 58
60 1 U 59
61 0 U 60
62 1 U 61
63 0 U 62
64 0 U 62
65 0 U 63
66 0 L 34
67
0 0 U -1
1 1 U 0
2 1 U 1
3 1 U 2
4 1 U 3
5 1 U 2
6 0 U 5
7 0 U 6
8 1 U 7
9 1 U 8
10 1 U 9
11 1 U 10
12 1 U 0
13 1 U 11
14 0 U -1
15 0 U 13
16 0 U 15
17 0 U 14
18 0 U 17
19 1 U 18
20 1 U 19
21 0 U 20
22 0 U 18
23 1 U 21
24 1 U 23
25 1 U -1
26 1 U 24
27 1 U 25
28 1 U 27
29 1 U 28
30 1 U 29
31 0 U 26
32 0 U 30
33 1 U 29
34 0 U 32
35 1 U 34
36 1 U 35
37 0 U 25
38 1 U 36
39 1 U 38
40 1 U 39
41 1 U -1
42 1 U 41
43 0 U 42
44 1 U 34
45 0 U 43
46 0 U 45
47 0 U 46
48 0 U 47
49 0 U 48
50 1 U 49
51 0 U 50
52 0 U 51
53 0 U 47
54 0 U -1
55 0 U 52
56 1 U 54
57 0 U 55
58 0 U 56
59 1 U 58
60 1 U 59
61 0 U 60
62 1 U 61
63 0 U 62
64 0 U 62
65 0 U 63
66 0 L 34
67
0 0 U -1
1 1 U 0
2 1 U 1
3 1 U 2
4 1 U 3
5 1 U 3
6 0 U 5
7 0 U 6
8 1 U 7
9 1 U 8
10 1 U 9
11 1 U 10
12 1 U 0
13 1 U 11
14 0 U -1
15 0 U 13
16 0 U 15
17 0 U 14
18 0 U 17
19 1 U 18
20 1 U 19
21 0 U 20
22 0 U 18
23 1 U 21
24 1 U 23
25 1 U -1
26 1 U 24
27 0 U 25
28 1 U 27
29 1 U 28
30 1 U 29
31 0 U 26
32 0 U 30
33 1 U 29
34 0 U 32
35 1 U 34
36 1 U 35
37 0 U 25
38 1 U 36
39 1 U 38
40 1 U 39
41 1 U -1
42 1 U 41
43 0 U 42
44 1 U 34
45 0 U 43
46 0 U 45
47 0 U 46
48 0 U 47
49 0 U 48
50 1 U 49
51 0 U 50
52 0 U 51
53 0 U 47
54 0 U -1
55 0 U 52
56 1 U 54
57 0 U 55
58 0 U 56
59 1 U 58
60 1 U 59
61 0 U 60
62 1 U 61
63 0 U 62
64 0 U 62
65 0 U 63
66 0 L 34
67
0 0 U -1
1 1 U 0
2 1 U 1
3 1 U 2
4 1 U 3
5 1 U 3
6 0 U 5
7 0 U 6
8 1 U 7
9 1 U 8
10 1 U 9
11 1 U 10
12 1 U 0
13 1 U 11
14 0 U -1
15 0 U 13
16 0 U 15
17 0 U 14
18 0 U 17
19 1 U 18
20 1 U 19
21 0 U 20
22 0 U 18
23 1 U 21
24 1 U 23
25 1 U -1
26 1 U 24
27 1 U 25
28 1 U 27
29 1 U 28
30 1 U 29
31 0 U 26
32 0 U 30
33 1 U 29
34 0 U 32
35 1 U 34
36 1 U 35
37 0 U 25
38 1 U 36
39 1 U 38
40 1 U 39
41 1 U -1
42 0 U 41
43 0 U 42
44 1 L 34
45 0 U 43
46 0 U 45
47 0 U 46
48 0 U 47
49 0 U 48
50 1 U 49
51 0 U 50
52 0 U 51
53 0 U 47
54 0 U -1
55 0 U 52
56 1 U 54
57 0 U 55
58 0 U 56
59 1 U 58
60 1 U 59
61 0 U 60
62 1 U 61
63 0 U 62
64 0 U 62
65 0 U 63
66 0 L 34
67
0 0 U -1
1 1 U 0
2 1 U 1
3 1 U 2
4 1 U 3
5 1 U 3
6 0 U 5
7 0 U 6
8 1 U 7
9 1 U 8
10 1 U 9
11 1 U 10
12 1 U 0
13 1 U 11
14 0 U -1
15 0 U 13
16 0 U 15
17 0 U 14
18 0 U 17
19 1 U 18
20 1 U 19
21 0 U 9
22 0 U 18
23 1 U 21
24 1 U 23
25 1 U -1
26 1 U 24
27 1 U 25
28 1 U 27
29 1 U 28
30 1 U 29
31 0 U 26
32 0 U 30
33 1 U 29
34 0 U 32
35 1 U 34
36 1 U 35
37 0 U 25
38 1 U 36
39 1 U 38
40 1 U 39
41 1 U -1
42 1 U 41
43 0 U 42
44 1 U 34
45 0 U 43
46 0 U 45
47 0 U 46
48 0 U 47
49 0 U 48
50 1 U 49
51 0 U 50
52 0 U 51
53 0 U 47
54 0 U -1
55 0 U 52
56 1 U 54
57 0 U 55
58 0 U 56
59 1 U 58
60 1 U 59
61 0 U 60
62 1 U 61
63 0 U 62
64 0 U 62
65 0 U 63
66 0 L 34
67
0 0 U -1
1 1 U 0
2 1 U 1
3 1 U 2
4 1 U 3
5 1 U 3
6 0 U 5
7 0 U 6
8 1 U 7
9 1 U 8
10 1 U 9
11 1 U 10
12 1 U 0
13 1 U 11
14 0 U -1
15 0 U 13
16 0 U 15
17 0 U 14
18 0 U 17
19 1 U 18
20 1 U 19
21 0 U 20
22 0 U 6
23 1 U 21
24 1 U 23
25 1 U -1
26 1 U 24
27 1 U 25
28 1 U 27
29 1 U 28
30 1 U 29
31 0 U 26
32 0 U 30
33 1 U 29
34 0 U 32
35 1 U 34
36 1 U 35
37 0 U 25
38 1 U 36
39 1 U 38
40 1 U 39
41 1 U -1
42 1 U 41
43 0 U 42
44 1 U 34
45 0 U 43
46 0 U 45
47 0 U 46
48 0 U 47
49 0 U 48
50 1 U 49
51 0 U 50
52 0 U 51
53 0 U 47
54 0 U -1
55 0 U 52
56 1 U 54
57 0 U 55
58 0 U 56
59 1 U 58
60 1 U 59
61 0 U 60
62 1 U 61
63 0 U 62
64 0 U 62
65 0 U 63
66 0 L 34
67
0 0 U -1
1 1 U 0
2 1 U 1
3 1 U 2
4 1 U 3
5 1 U 3
6 0 U 5
7 0 U 6
8 1 U 6
9 1 U 8
10 1 U 9
11 1 U 10
12 1 U 0
13 1 U 11
14 0 U -1
15 0 U 13
16 0 U 15
17 0 U 14
18 0 U 17
19 1 U 18
20 1 U 19
21 0 U 20
22 0 U 18
23 1 U 21
24 1 U 23
25 1 U -1
26 1 U 24
27 1 U 25
28 1 U 27
29 1 U 28
30 1 U 29
31 0 U 26
32 0 U 30
33 1 U 29
34 0 U 32
35 1 U 34
36 1 U 35
37 0 U 25
38 1 U 36
39 1 U 38
40 1 U 39
41 1 U -1
42 1 U 41
43 0 U 42
44 1 U 34
45 0 U 43
46 0 U 45
47 0 U 46
48 0 U 47
49 0 U 48
50 1 U 49
51 0 U 50
52 0 U 51
53 0 U 47
54 0 U -1
55 0 U 52
56 1 U 54
57 0 U 55
58 0 U 56
59 1 U 58
60 1 U 59
61 0 U 60
62 1 U 61
63 0 U 62
64 0 U 62
65 0 U 63
66 0 L 34
67
0 0 U -1
1 1 U 0
2 1 U 1
3 1 L -1
4 1 U 3
5 1 U 3
6 0 U 5
7 0 U 6
8 1 U 7
9 1 U 8
10 1 U 9
11 1 U 10
12 1 U 0
13 1 U 11
14 0 U -1
15 0 U 13
16 0 U 15
17 0 U 14
18 0 U 17
19 1 U 18
20 1 U 19
21 0 U 20
22 0 U 18
23 1 U 21
24 1 U 23
25 1 U -1
26 1 U 24
27 1 U 25
28 1 U 27
29 1 U 28
30 1 U 29
31 0 U 26
32 0 U 30
33 1 U 29
34 0 U 32
35 1 U 34
36 1 U 35
37 0 U 25
38 1 U 36
39 1 U 38
40 1 U 39
41 1 U -1
42 1 U 41
43 0 U 42
44 1 U 34
45 0 U 43
46 0 U 45
47 0 U 46
48 0 U 47
49 0 U 48
50 1 U 49
51 0 U 50
52 0 U 51
53 0 U 47
54 0 U -1
55 0 U 52
56 1 U 54
57 0 U 55
58 0 U 56
59 1 U 58
60 1 U 59
61 0 U 60
62 1 U 61
63 0 U 62
64 0 U 62
65 0 U 63
66 0 L 34
67
0 0 U -1
1 1 U 0
2 1 U 1
3 1 U 2
4 1 U 3
5 1 U 3
6 0 U 5
7 0 U 6
8 1 U 7
9 1 U 8
10 1 U 9
11 1 U 10
12 1 U 0
13 1 U 11
14 1 U -1
15 0 U 13
16 0 U 15
17 0 U 14
18 0 U 17
19 1 U 18
20 1 U 19
21 0 U 20
22 0 U 18
23 1 U 21
24 1 U 23
25 1 U -1
26 1 U 24
27 1 U 25
28 1 U 27
29 1 U 28
30 1 U 29
31 0 U 26
32 0 U 30
33 1 U 29
34 0 U 32
35 1 U 34
36 1 U 35
37 0 U 25
38 1 U 36
39 1 U 38
40 1 U 39
41 1 U -1
42 1 U 41
43 0 U 42
44 1 U 34
45 0 U 43
46 0 U 45
47 0 U 46
48 0 U 47
49 0 U 48
50 1 U 49
51 0 U 50
52 0 U 51
53 1 U 47
54 0 U -1
55 0 U 52
56 1 U 54
57 0 U 55
58 0 U 56
59 1 U 58
60 1 U 59
61 0 U 60
62 1 U 61
63 0 U 62
64 0 U 62
65 0 U 63
66 0 L 34
67
0 0 U -1
1 1 U 0
2 1 U 1
3 1 U 2
4 1 U 3
5 1 U 3
6 0 U 5
7 0 U 6
8 1 U 7
9 1 U 8
10 1 U 9
11 1 U 10
12 1 U 0
13 1 U 11
14 0 U -1
15 0 U 13
16 0 U 15
17 0 U 14
18 0 U 17
19 1 U 18
20 1 U 19
21 0 U 20
22 0 U 18
23 1 U 21
24 1 U 23
25 1 U -1
26 1 U 24
27 1 U 25
28 1 U 27
29 1 U 28
30 1 U 29
31 0 U 26
32 0 U 30
33 1 U 29
34 0 U 32
35 1 U 34
36 1 U 35
37 0 U 25
38 1 U 36
39 1 U 38
40 1 U 39
41 1 U -1
42 1 U 41
43 0 U 42
44 1 U 34
45 0 U 43
46 0 U 45
47 0 U 46
48 0 U 47
49 0 U 48
50 1 U 49
51 0 U 50
52 0 U 51
53 0 U 47
54 0 U -1
55 0 U 52
56 1 U 54
57 0 U 55
58 0 U 56
59 1 U 58
60 0 U 59
61 0 U 60
62 1 U 61
63 0 U 62
64 0 U 62
65 0 U 63
66 0 L 34
67
0 0 U -1
1 1 U 0
2 1 U 1
3 1 U 2
4 1 U 3
5 1 U 3
6 0 U 5
7 0 U 6
8 1 U 7
9 1 U 8
10 1 U 9
11 1 U 10
12 1 U 0
13 1 U 11
14 0 U -1
15 0 U 13
16 0 U 15
17 0 U 14
18 0 U 17
19 1 U 18
20 1 U 19
21 0 U 20
22 0 U 18
23 1 U 21
24 1 U 23
25 1 U -1
26 1 U 24
27 1 U 25
28 1 U 27
29 1 U 28
30 1 U 29
31 0 U 26
32 0 U 30
33 1 U 29
34 0 U 32
35 1 U 34
36 1 U 35
37 0 U 25
38 1 U 36
39 1 U 38
40 1 U 39
41 1 U -1
42 1 U 41
43 0 U 42
44 1 U 34
45 0 U 43
46 0 U 45
47 0 U 46
48 0 U 47
49 0 U 48
50 1 U 49
51 0 U 50
52 0 U 51
53 0 U 47
54 0 U -1
55 0 U 52
56 1 U 54
57 0 U 55
58 0 U 56
59 1 U 58
60 1 U 59
61 0 U 60
62 1 U 61
63 0 U 62
64 0 U 0
65 1 U 63
66 0 L 34
67
0 0 U -1
1 1 U 0
2 1 U 1
3 1 U 2
4 1 U 3
5 1 U 3
6 0 U 5
7 0 U 6
8 1 U 7
9 1 U 8
10 1 U 9
11 1 U 10
12 1 U 0
13 1 U 11
14 0 U -1
15 0 U 13
16 0 U 15
17 0 U 14
18 0 U 17
19 1 U 18
20 1 U 19
21 0 U 20
22 0 U 18
23 1 U 21
24 1 U 23
25 1 U -1
26 1 U 24
27 1 U 25
28 1 U 27
29 1 U 28
30 1 U 29
31 0 U 26
32 0 U 30
33 1 U 29
34 0 U 32
35 1 U 34
36 1 U 35
37 0 U 25
38 1 U 36
39 1 U 38
40 1 U 39
41 1 U -1
42 1 U 41
43 0 U 42
44 1 U 34
45 0 U 43
46 0 U 45
47 0 U 46
48 0 U 47
49 0 U 48
50 1 U 49
51 0 U 50
52 0 U 51
53 0 U 47
54 0 U -1
55 0 U 52
56 1 U 54
57 0 U 55
58 0 U 56
59 1 U 58
60 1 U 59
61 0 U 60
62 1 U 61
63 1 U 62
64 0 U 62
65 0 U 63
66 0 L 34
67
0 0 U -1
1 1 U 0
2 1 U 1
3 1 U 2
4 1 U 3
5 1 U 3
6 0 U 5
7 0 U 6
8 1 U 7
9 1 U 8
10 1 U 9
11 1 U 10
12 1 U 0
13 1 U 11
14 0 U -1
15 0 U 13
16 0 U 15
17 0 U 14
18 0 U 17
19 1 U 18
20 1 U 19
21 0 U 20
22 0 U 18
23 1 U 21
24 1 U 23
25 1 U -1
26 1 U 24
27 1 U 25
28 1 U 27
29 1 U 28
30 1 U 29
31 0 U 26
32 0 U 30
33 1 U 29
34 0 U 32
35 0 U 34
36 1 U 35
37 0 U 25
38 1 U 36
39 1 U 38
40 1 U 39
41 1 U -1
42 1 U 41
43 0 U 42
44 1 U 34
45 0 U 43
46 0 U 45
47 0 U 46
48 0 U 47
49 0 U 48
50 1 U 49
51 0 U 50
52 0 U 51
53 0 U 47
54 0 U -1
55 0 U 52
56 1 U 54
57 0 U 55
58 0 U 56
59 1 U 58
60 1 U 59
61 0 U 60
62 1 U 61
63 0 U 62
64 0 U 62
65 0 U 63
66 0 L 34
67
0 0 U -1
1 1 U 0
2 1 U 1
3 1 U 2
4 1 U 3
5 1 U 3
6 0 U 5
7 0 U 6
8 1 U 7
9 1 U 8
10 1 U 9
11 1 U 10
12 1 U 0
13 1 U 11
14 0 U -1
15 0 U 13
16 0 U 15
17 0 U 14
18 0 U 17
19 1 U 18
20 1 U 19
21 0 U 20
22 0 U 18
23 1 U 21
24 1 U 23
25 1 U -1
26 1 U 24
27 1 U 25
28 1 U 27
29 1 U 28
30 1 U 29
31 0 U 26
32 0 U 30
33 1 U 29
34 0 U 32
35 0 U 34
36 1 U 35
37 0 U 25
38 1 U 36
39 1 U 38
40 1 U 39
41 1 U -1
42 1 U 41
43 0 U 42
44 1 U 34
45 0 U 43
46 0 U 45
47 0 U 46
48 0 U 47
49 0 U 48
50 1 U 49
51 0 U 50
52 0 U 51
53 0 U 0
54 0 U -1
55 0 U 52
56 1 U 54
57 0 U 55
58 0 U 56
59 1 U 58
60 1 U 59
61 0 U 60
62 1 U 61
63 0 U 62
64 0 U 62
65 0 U 63
66 0 L 34
67
0 0 U -1
1 1 U 0
2 1 U 1
3 1 U 2
4 1 U 3
5 1 U 3
6 0 U 5
7 0 U 6
8 1 U 7
9 1 U 8
10 1 U 9
11 1 U 10
12 1 U 0
13 1 U 11
14 0 U -1
15 0 U 13
16 0 U 15
17 0 U 14
18 0 U 17
19 0 U 18
20 1 U 19
21 0 U 20
22 0 U 18
23 1 U 21
24 1 U 23
25 1 U -1
26 1 U 24
27 1 U 25
28 1 U 27
29 1 U 28
30 1 U 29
31 0 U 26
32 0 U 30
33 1 U 29
34 0 U 32
35 1 U 34
36 1 U 35
37 0 U 25
38 1 U 36
39 1 U 38
40 1 U 39
41 1 U -1
42 1 U 41
43 0 U 42
44 1 U 34
45 0 U 43
46 0 U 45
47 0 U 46
48 0 U 47
49 0 U 48
50 1 U 49
51 0 U 50
52 0 U 51
53 0 U 47
54 0 U -1
55 0 U 52
56 1 U 54
57 0 U 55
58 0 U 56
59 1 U 58
60 1 U 59
61 0 U 60
62 1 U 61
63 0 U 62
64 0 U 62
65 0 U 63
66 0 L 34
67
0 0 U -1
1 1 U 0
2 1 U 1
3 1 U 2
4 1 U 3
5 1 U 3
6 0 U 5
7 0 U 6
8 1 U 7
9 1 U 8
10 1 U 9
11 1 U 10
12 1 U 0
13 1 U 11
14 0 U -1
15 0 U 13
16 0 U 15
17 0 U 14
18 0 U 17
19 1 U 18
20 1 U 19
21 0 U 20
22 0 U 18
23 1 U 21
24 1 U 23
25 1 U -1
26 1 U 24
27 1 U 25
28 1 U 27
29 1 U 28
30 1 U 29
31 0 U 26
32 0 U 30
33 1 U 29
34 0 U 32
35 1 U 34
36 1 U 35
37 0 U 25
38 1 U 36
39 1 U 38
40 1 U 39
41 1 U -1
42 1 U 41
43 0 U 42
44 1 U 34
45 0 U 43
46 0 U 45
47 0 U 46
48 0 U 47
49 0 U 48
50 1 U 49
51 0 U 50
52 1 U 51
53 0 U 47
54 0 U -1
55 0 U 52
56 1 U 54
57 0 U 55
58 0 U 56
59 1 U 58
60 1 U 59
61 0 U 60
62 1 U 61
63 0 U 62
64 0 U 62
65 0 U 63
66 0 L 34
67
0 0 U -1
1 1 U 0
2 1 U 1
3 1 U 2
4 1 U 3
5 1 U 3
6 0 U 5
7 0 U 6
8 1 U 7
9 1 U 8
10 1 U 9
11 1 U 10
12 1 U 0
13 1 U 11
14 0 U -1
15 0 U 13
16 0 U 15
17 0 U 14
18 0 U 17
19 1 U 18
20 1 U 19
21 0 U 20
22 0 U 18
23 1 U 21
24 1 U 23
25 1 U -1
26 1 U 24
27 1 U 25
28 0 U 27
29 1 U 28
30 1 U 29
31 0 U 26
32 0 U 30
33 1 U 29
34 0 U 32
35 1 U 34
36 1 U 35
37 0 U 25
38 1 U 36
39 1 U 38
40 1 U 39
41 1 U -1
42 1 U 41
43 0 U 42
44 1 U 34
45 0 U 43
46 0 U 45
47 0 U 46
48 0 U 47
49 0 U 48
50 1 U 49
51 0 U 50
52 0 U 51
53 0 U 47
54 0 U -1
55 0 U 52
56 1 U 54
57 0 U 55
58 0 U 56
59 1 U 58
60 1 U 59
61 0 U 60
62 1 U 61
63 0 U 62
64 0 U 62
65 0 U 63
66 0 L 34
67
0 0 U -1
1 1 U 0
2 1 U 1
3 1 U 2
4 1 U 3
5 1 U 3
6 0 U 5
7 0 U 6
8 1 U 7
9 1 U 8
10 1 U 9
11 1 U 10
12 1 U 0
13 1 U 11
14 0 U -1
15 0 U 13
16 0 U 15
17 0 U 14
18 0 U 17
19 1 U 18
20 1 U 19
21 0 U 20
22 0 U 18
23 1 U 21
24 1 U 23
25 1 U -1
26 1 U 24
27 1 U 25
28 1 U 27
29 1 U 28
30 1 U 29
31 0 U 26
32 0 U 30
33 1 U 29
34 0 U 32
35 1 U 34
36 1 U 35
37 0 U 25
38 1 U 36
39 1 U 38
40 1 U 39
41 1 U -1
42 1 U 41
43 1 U 42
44 1 U 34
45 0 U 43
46 0 U 45
47 0 U 46
48 0 U 47
49 0 U 48
50 1 U 49
51 0 U 50
52 0 U 51
53 0 U 47
54 0 U -1
55 0 U 52
56 1 U 54
57 0 U 55
58 0 U 56
59 1 U 58
60 1 U 59
61 0 U 60
62 1 U 61
63 0 U 62
64 0 U 62
65 0 U 63
66 0 L 34
67
0 0 U -1
1 1 U 0
2 1 U 1
3 1 U 2
4 1 U 3
5 1 U 3
6 0 U 5
7 0 U 6
8 1 U 7
9 1 U 8
10 1 U 9
11 1 U 10
12 1 U 0
13 1 U 11
14 0 U -1
15 0 U 13
16 0 U 15
17 0 U 14
18 0 U 17
19 1 U 18
20 1 U 19
21 0 U 20
22 0 U 18
23 1 U 21
24 1 U 23
25 1 U -1
26 1 U 24
27 1 U 25
28 1 U 27
29 1 U 28
30 1 U 29
31 0 U 26
32 0 U 30
33 1 U 29
34 0 U 32
35 1 U 34
36 1 U 35
37 0 U 25
38 1 U 36
39 1 U 38
40 1 U 39
41 1 U -1
42 1 U 41
43 0 U 42
44 1 U 34
45 0 U 43
46 0 U 45
47 0 U 46
48 0 U 47
49 1 U 48
50 1 U 49
51 0 U 50
52 0 U 51
53 0 U 47
54 0 U -1
55 0 U 52
56 1 U 54
57 0 U 55
58 0 U 56
59 1 U 58
60 1 U 59
61 0 U 60
62 1 U 61
63 0 U 62
64 0 U 62
65 0 U 63
66 0 L 34
67
0 0 U -1
1 1 U 0
2 1 U 1
3 1 U 2
4 1 U 3
5 1 U 3
6 0 U 5
7 0 U 6
8 1 U 7
9 1 U 8
10 1 U 9
11 1 U 10
12 1 U 0
13 1 U 11
14 0 U -1
15 0 U 13
16 0 U 15
17 0 U 14
18 0 U 17
19 1 L 18
20 1 U 19
21 0 U 20
22 0 U 18
23 1 U 21
24 1 U 23
25 1 U -1
26 1 U 24
27 1 U 25
28 1 U 27
29 1 U 28
30 1 U 29
31 0 U 26
32 0 U 30
33 1 U 29
34 0 L 29
35 1 U 34
36 1 U 35
37 0 U 25
38 1 U 36
39 1 U 38
40 1 U 39
41 1 U -1
42 1 U 41
43 0 U 42
44 1 U 34
45 0 U 43
46 0 U 45
47 0 U 46
48 0 U 47
49 0 U 48
50 1 U 49
51 0 U 50
52 0 U 51
53 0 U 47
54 0 U -1
55 0 U 52
56 1 U 54
57 0 U 55
58 0 U 56
59 1 U 58
60 1 U 59
61 0 U 60
62 1 U 61
63 0 U 62
64 0 U 62
65 0 U 63
66 0 L 34
67
0 0 U -1
1 1 U 0
2 1 U 1
3 1 U 2
4 1 U 3
5 1 U 3
6 0 U 5
7 0 U 6
8 1 U 7
9 1 U 8
10 1 U 9
11 1 U 10
12 1 U 0
13 1 U 11
14 0 U -1
15 0 U 13
16 0 U 15
17 0 U 14
18 0 U 17
19 1 U 18
20 1 U 19
21 0 U 20
22 0 U 18
23 1 U 21
24 1 U 23
25 1 U -1
26 1 U 24
27 1 U 25
28 1 U 27
29 1 U 28
30 1 U 29
31 0 U 26
32 0 U 30
33 1 U 29
34 0 U 32
35 1 U 34
36 1 U 35
37 0 U 25
38 1 U 36
39 1 U 38
40 1 U 39
41 1 U -1
42 1 U 41
43 0 U 42
44 1 U 34
45 0 U 43
46 0 U 45
47 0 U 46
48 0 U 47
49 0 U 48
50 1 U 49
51 0 U 50
52 0 U 45
53 0 U 47
54 0 U -1
55 0 U 52
56 1 U 54
57 0 U 55
58 0 U 56
59 1 U 58
60 1 U 59
61 0 U 60
62 1 U 61
63 0 U 62
64 0 U 62
65 0 U 41
66 0 L 34
67
0 0 U -1
1 1 U 0
2 1 U 1
3 1 U 2
4 1 U 3
5 1 U 3
6 0 U 5
7 0 U 6
8 1 U 7
9 1 U 8
10 1 U 9
11 1 U 10
12 0 U 0
13 1 U 11
14 0 U -1
15 0 U 13
16 0 U 15
17 0 U 14
18 0 U 17
19 1 U 18
20 1 U 19
21 0 U 20
22 0 U 18
23 1 U 21
24 1 U 23
25 1 U -1
26 1 U 24
27 1 U 25
28 1 U 27
29 1 U 28
30 1 U 29
31 0 U 26
32 0 U 30
33 1 U 29
34 0 U 32
35 1 U 34
36 1 U 35
37 0 U 25
38 1 U 36
39 1 U 38
40 1 U 39
41 1 U -1
42 1 U 41
43 0 U 42
44 1 U 34
45 0 U 43
46 0 U 45
47 0 U 46
48 0 U 47
49 0 U 48
50 1 U 49
51 0 U 50
52 0 U 51
53 0 U 47
54 0 U -1
55 0 U 52
56 1 U 54
57 0 U 55
58 0 U 56
59 1 U 58
60 1 U 59
61 0 U 60
62 1 U 61
63 0 U 62
64 0 U 62
65 0 U 63
66 0 L 34
67
0 0 U -1
1 1 U 0
2 1 U 1
3 1 U 2
4 1 U 3
5 1 U 3
6 0 U 5
7 0 U 6
8 1 U 7
9 1 U 8
10 1 U 9
11 1 U 10
12 1 U 0
13 1 U 11
14 0 U -1
15 0 U 13
16 0 U 15
17 0 U 14
18 0 U 17
19 1 U 18
20 1 U 19
21 0 U 20
22 0 U 18
23 1 U 21
24 1 U 23
25 1 U -1
26 1 U 24
27 1 U 25
28 1 U 27
29 1 U 28
30 1 U 29
31 0 U 26
32 0 U 30
33 1 U 29
34 0 U 32
35 1 U 34
36 1 U 10
37 0 U 25
38 1 U 36
39 1 U 38
40 1 U 39
41 1 U -1
42 1 U 41
43 0 L 42
44 1 U 34
45 0 U 43
46 0 U 45
47 0 U 46
48 0 U 47
49 0 U 48
50 1 U 49
51 0 U 50
52 0 U 51
53 0 U 47
54 0 U -1
55 0 U 52
56 1 U 54
57 0 U 55
58 0 U 56
59 1 U 58
60 1 U 59
61 0 U 60
62 1 U 61
63 0 U 62
64 0 U 62
65 0 U 63
66 0 L 34
67
0 0 U -1
1 1 U 0
2 1 U 1
3 1 U 2
4 1 U 3
5 1 U 3
6 0 U 5
7 0 U 6
8 1 U 7
9 1 U 8
10 1 U 9
11 1 U 10
12 1 U 0
13 1 U 11
14 0 U -1
15 0 U 13
16 0 U 15
17 0 U 14
18 0 U 17
19 1 U 18
20 1 U 19
21 0 U 20
22 0 U 18
23 1 U 21
24 1 U 23
25 1 U -1
26 1 U 24
27 1 U 25
28 1 U 27
29 1 U 28
30 1 U 29
31 0 U 26
32 0 U 30
33 1 U 29
34 0 U 32
35 1 U 34
36 1 U 35
37 0 U 25
38 1 U 36
39 1 U 38
40 0 U 39
41 1 U -1
42 1 U 41
43 0 U 42
44 1 U 34
45 0 U 43
46 0 U 45
47 0 U 46
48 0 U 47
49 0 U 48
50 1 U 49
51 0 U 50
52 0 U 51
53 0 U 47
54 0 U -1
55 0 U 52
56 1 U 54
57 0 U 55
58 0 U 56
59 1 U 58
60 1 U 59
61 0 U 60
62 1 U 61
63 0 U 62
64 0 U 62
65 0 U 63
66 0 L 34
67
0 0 U -1
1 1 U 0
2 1 U 1
3 1 U 2
4 1 U 3
5 1 U 3
6 0 U 5
7 0 U 6
8 1 U 7
9 1 U 8
10 1 U 9
11 1 U 10
12 1 U 0
13 1 U 11
14 0 U -1
15 0 U 13
16 0 U 15
17 0 U 14
18 0 U 17
19 1 U 18
20 1 U 19
21 0 U 20
22 0 U 18
23 1 U 21
24 1 U 23
25 1 U -1
26 1 U 24
27 1 U 25
28 1 U 27
29 1 U 28
30 1 U 29
31 0 U 26
32 0 U 30
33 1 U 29
34 0 U 32
35 1 U 34
36 1 U 35
37 0 U 25
38 1 U 36
39 1 U 38
40 1 U 39
41 1 U -1
42 1 U 41
43 0 U 42
44 1 U 9
45 0 U 43
46 0 U 45
47 0 U 46
48 0 U 47
49 0 U 48
50 1 U 49
51 0 U 50
52 0 U 51
53 0 U 47
54 0 U -1
55 0 U 52
56 1 U 54
57 0 U 55
58 0 U 56
59 1 U 58
60 1 U 59
61 0 U 60
62 1 U 61
63 0 U 62
64 0 U 62
65 0 U 63
66 0 L 34
67
0 0 U -1
1 1 U 0
2 1 U 1
3 1 U 2
4 1 U 3
5 1 U 3
6 0 U 5
7 0 U 6
8 1 U 7
9 1 U 8
10 1 U 9
11 1 U 10
12 1 U 0
13 1 U 11
14 0 U -1
15 0 U 13
16 0 U 15
17 0 U 14
18 0 U 17
19 1 U 18
20 1 U 19
21 0 U 20
22 0 U 18
23 1 U 21
24 1 U 23
25 1 U -1
26 1 U 24
27 1 U 25
28 1 U 27
29 1 U 28
30 1 U 29
31 0 U 26
32 0 U 30
33 1 U 29
34 0 U 32
35 1 U 34
36 1 U 35
37 0 U 25
38 1 U 36
39 1 U 38
40 1 U 39
41 1 U -1
42 1 U 41
43 0 U 42
44 1 U 34
45 0 U 43
46 0 U 45
47 0 U 46
48 0 U 47
49 0 U 48
50 1 U 49
51 0 U 50
52 0 U 51
53 0 U 47
54 0 U -1
55 0 U 52
56 1 U 54
57 0 U 55
58 0 U 56
59 1 U 58
60 1 U 59
61 1 U 60
62 1 U 61
63 0 U 62
64 0 U 62
65 0 U 63
66 0 L 34
67
0 0 U -1
1 1 U 0
2 1 U 1
3 1 U 2
4 1 U 3
5 1 U 3
6 0 U 5
7 0 U 6
8 1 U 7
9 1 U 8
10 1 U 9
11 1 U 10
12 1 U 0
13 1 U 11
14 0 U -1
15 0 U 13
16 0 U 15
17 0 U 14
18 0 U 17
19 1 U 18
20 1 U 19
21 0 U 20
22 0 U 18
23 1 U 21
24 1 U 23
25 1 U -1
26 1 U 24
27 1 U 25
28 1 U 27
29 1 U 28
30 1 U 29
31 0 L 26
32 0 U 30
33 1 U 29
34 0 U 32
35 1 U 34
36 1 U 35
37 0 U 25
38 1 U 36
39 1 U 38
40 1 U 39
41 1 U -1
42 1 U 41
43 0 U 42
44 1 U 34
45 0 U 43
46 0 U 45
47 0 U 46
48 0 U 47
49 0 U 48
50 1 U 49
51 0 U 50
52 0 U 51
53 0 U 47
54 0 U -1
55 0 U 52
56 1 U 54
57 0 U 55
58 0 U 56
59 1 U 58
60 1 U 59
61 0 U 60
62 1 U 61
63 0 U 62
64 0 U 62
65 0 U 63
66 0 L 34
67
0 0 U -1
1 1 U 0
2 1 U 1
3 1 U 2
4 1 U 3
5 1 U 3
6 0 U 5
7 0 U 6
8 1 U 7
9 1 U 8
10 1 U 9
11 1 U 10
12 1 U 0
13 1 U 11
14 0 U -1
15 0 U 13
16 0 U 15
17 0 U 14
18 0 U 17
19 1 U 18
20 1 U 19
21 0 U 20
22 0 U 18
23 1 U 21
24 1 U 23
25 1 U -1
26 1 U 24
27 1 U 25
28 1 U 27
29 1 U 28
30 1 U 29
31 0 U 26
32 0 U 30
33 1 U 29
34 0 U 32
35 1 U 34
36 1 U 35
37 0 U 25
38 1 U 36
39 1 U 38
40 1 U 39
41 1 U -1
42 1 U 41
43 0 U 42
44 1 U 34
45 0 U 43
46 0 U 45
47 0 U 46
48 0 U 47
49 0 U 48
50 1 U 49
51 0 U 50
52 0 U 51
53 0 U 47
54 0 U -1
55 0 U 52
56 1 U 54
57 0 U 55
58 0 U 56
59 1 U 58
60 1 U 59
61 0 U 60
62 1 U 61
63 0 U 62
64 0 U 62
65 0 L 63
66 0 L 34
67
0 0 U -1
1 1 U 0
2 1 U 1
3 1 U 2
4 1 L -1
5 1 U 3
6 0 U 5
7 0 U 6
8 1 U 7
9 1 U 8
10 1 U 9
11 1 U 10
12 1 U 0
13 1 U 11
14 0 U -1
15 0 U 13
16 0 U 15
17 0 U 14
18 0 U 17
19 1 U 18
20 1 U 19
21 0 U 20
22 0 U 18
23 1 U 21
24 1 U 23
25 1 U -1
26 1 U 24
27 1 U 25
28 1 U 27
29 1 U 28
30 1 U 29
31 0 U 26
32 0 U 30
33 1 U 29
34 0 U 32
35 1 U 34
36 1 U 35
37 0 U 25
38 1 U 36
39 1 U 38
40 1 U 39
41 1 U -1
42 1 U 41
43 0 U 42
44 1 U 34
45 0 U 43
46 0 U 45
47 0 U 46
48 0 U 47
49 0 U 48
50 1 U 49
51 0 U 50
52 0 U 51
53 0 U 47
54 0 U -1
55 0 U 52
56 1 U 54
57 0 U 55
58 0 U 56
59 1 U 58
60 1 U 59
61 0 U 60
62 1 U 61
63 0 U 62
64 0 U 62
65 0 U 63
66 0 L 34
67
0 0 U -1
1 1 U 0
2 1 U 1
3 1 U 2
4 1 U 3
5 1 U 3
6 0 U 5
7 0 U 6
8 1 U 7
9 1 L 3
10 1 U 9
11 1 U 10
12 1 U 0
13 1 U 11
14 0 U -1
15 0 U 13
16 0 U 15
17 0 U 14
18 0 U 17
19 1 U 18
20 1 U 19
21 0 U 20
22 0 U 18
23 1 U 21
24 1 U 23
25 1 U -1
26 1 U 24
27 1 U 25
28 1 U 27
29 1 U 28
30 1 U 29
31 0 U 26
32 0 U 30
33 1 U 29
34 0 U 32
35 1 U 34
36 1 U 35
37 0 U 25
38 1 U 36
39 1 U 38
40 1 U 39
41 1 U -1
42 1 U 41
43 0 U 42
44 1 U 34
45 0 U 43
46 0 U 45
47 0 U 46
48 0 U 47
49 0 U 48
50 1 U 49
51 0 U 50
52 0 U 51
53 0 U 47
54 0 U -1
55 0 U 52
56 1 U 54
57 0 U 55
58 0 U 56
59 1 U 58
60 1 U 59
61 0 U 60
62 1 U 61
63 0 U 62
64 0 U 62
65 0 U 63
66 0 L 34
67
0 0 U -1
1 1 U 0
2 1 U 1
3 1 U 2
4 1 U 3
5 1 U 3
6 0 U 5
7 0 U 6
8 1 U 7
9 1 U 8
10 1 U 9
11 1 U 10
12 1 U 0
13 1 U 11
14 0 U -1
15 0 U 13
16 0 U 15
17 0 U 14
18 0 U 17
19 1 U 18
20 1 U 19
21 1 U 20
22 0 U 18
23 1 U 21
24 1 U 23
25 1 U -1
26 1 U 24
27 1 U 25
28 1 U 27
29 1 U 28
30 1 U 29
31 0 U 26
32 0 U 30
33 1 U 29
34 0 U 32
35 1 U 34
36 1 U 35
37 0 U 25
38 1 U 36
39 1 U 38
40 1 U 39
41 1 U -1
42 1 U 41
43 0 U 42
44 1 U 34
45 0 U 43
46 0 U 45
47 0 U 46
48 0 U 47
49 0 U 48
50 1 U 49
51 0 U 50
52 0 U 51
53 0 U 47
54 0 U -1
55 0 U 52
56 1 U 54
57 0 U 55
58 0 U 56
59 1 U 58
60 1 U 59
61 0 U 60
62 1 U 61
63 0 U 62
64 0 U 62
65 0 U 63
66 0 L 34
67
0 0 U -1
1 1 U 0
2 1 U 1
3 1 U 2
4 1 U 3
5 1 U 3
6 0 U 5
7 0 U 6
8 1 U 7
9 1 U 8
10 1 U 9
11 1 U 10
12 1 U 0
13 1 U 11
14 0 U -1
15 0 U 13
16 0 U 15
17 0 U 14
18 0 U 17
19 1 U 18
20 1 U 19
21 0 U 20
22 0 U 18
23 1 U 21
24 1 U 23
25 1 U -1
26 1 U 24
27 1 U 25
28 1 U 27
29 1 U 28
30 1 U 29
31 0 U 26
32 0 U 30
33 1 U 29
34 0 U 32
35 1 U 34
36 1 U 35
37 0 U 25
38 1 U 36
39 1 U 38
40 1 U 39
41 1 U -1
42 1 U 41
43 0 U 42
44 1 U 34
45 0 U 43
46 0 U 45
47 0 U 46
48 0 U 47
49 0 U 48
50 1 U 49
51 0 U 50
52 0 U 51
53 0 U 47
54 0 U -1
55 0 U 3
56 1 U 54
57 0 U 55
58 0 U 56
59 1 U 58
60 1 U 59
61 0 U 60
62 1 U 61
63 0 U 62
64 0 U 62
65 0 U 63
66 0 L 34
67
0 0 U -1
1 1 U 0
2 1 U 1
3 1 U 2
4 1 U 3
5 1 U 3
6 0 U 5
7 0 U 6
8 1 U 7
9 1 U 8
10 1 U 9
11 1 U 10
12 1 U 0
13 1 U 11
14 0 U -1
15 0 U 13
16 0 U 15
17 0 U 14
18 0 U 17
19 1 U 18
20 1 U 19
21 0 U 20
22 0 U 18
23 1 U 21
24 1 U 23
25 1 U -1
26 1 U 24
27 1 U 25
28 1 U 27
29 1 U 28
30 1 U 29
31 0 U 26
32 0 U 30
33 1 U 29
34 0 U 32
35 1 U 34
36 1 U 35
37 0 U 25
38 1 U 36
39 1 U 38
40 1 U 39
41 1 U -1
42 1 U 41
43 0 U 42
44 1 U 34
45 0 U 43
46 0 U 45
47 0 U 46
48 0 U 47
49 0 U 48
50 1 U 49
51 0 U 50
52 0 U 51
53 0 U 47
54 0 U -1
55 0 U 52
56 1 U 54
57 0 U 55
58 0 U 56
59 1 U 58
60 1 U 59
61 0 U 60
62 1 U 61
63 0 U 62
64 0 U 62
65 0 U 47
66 0 L 34
67
0 0 U -1
1 1 U 0
2 1 U 1
3 1 U 2
4 1 U 3
5 1 U 3
6 0 U 5
7 0 U 6
8 1 U 7
9 1 U 8
10 1 U 9
11 1 U 10
12 1 U 0
13 1 U 11
14 0 U -1
15 0 U 13
16 0 U 15
17 0 U 14
18 0 U 17
19 1 U 18
20 1 U 19
21 0 U 20
22 0 L 18
23 1 U 21
24 1 U 23
25 1 U -1
26 1 U 24
27 1 U 25
28 1 U 27
29 1 U 28
30 1 U 29
31 0 U 26
32 0 U 30
33 1 U 29
34 0 U 32
35 1 U 34
36 1 U 35
37 0 U 25
38 1 U 36
39 1 U 38
40 1 U 39
41 1 U -1
42 1 U 41
43 0 U 42
44 1 U 34
45 0 U 43
46 0 U 45
47 0 U 46
48 0 U 47
49 0 U 48
50 1 U 49
51 0 U 50
52 0 U 51
53 0 U 47
54 0 U -1
55 0 U 52
56 1 U 54
57 0 U 55
58 0 U 56
59 1 U 58
60 1 U 59
61 0 U 60
62 1 U 61
63 0 U 62
64 0 U 62
65 0 U 63
66 0 L 34
67
0 0 U -1
1 1 U 0
2 1 U 1
3 1 U 2
4 1 U 3
5 1 U 3
6 0 U 5
7 0 U 6
8 1 U 7
9 1 U 8
10 1 U 9
11 1 U 10
12 1 U 0
13 1 U 11
14 0 U -1
15 0 U 13
16 0 U 15
17 0 U 14
18 0 U 17
19 1 U 18
20 1 U 19
21 0 U 20
22 0 U 18
23 1 U 21
24 1 U 23
25 1 U -1
26 1 U 24
27 1 U 25
28 1 U 27
29 1 U 28
30 1 U 29
31 0 U 26
32 0 U 30
33 0 U 29
34 0 U 32
35 1 U 34
36 1 U 35
37 0 U 25
38 1 U 36
39 1 U 38
40 1 U 39
41 1 U -1
42 1 U 41
43 0 U 42
44 1 U 34
45 0 U 43
46 0 U 45
47 0 U 46
48 0 U 47
49 0 U 48
50 1 U 49
51 0 U 50
52 0 U 51
53 0 U 47
54 0 U -1
55 0 U 52
56 1 U 54
57 0 U 55
58 0 U 56
59 1 U 58
60 1 U 59
61 0 U 60
62 1 U 61
63 0 U 62
64 0 U 62
65 0 U 63
66 0 L 34
67
0 0 U -1
1 1 U 0
2 1 U 1
3 1 U 2
4 1 U 3
5 1 U 3
6 0 U 5
7 0 U 6
8 1 U 7
9 1 U 8
10 1 U 9
11 1 U 10
12 1 U 0
13 1 U 11
14 0 U -1
15 0 U 13
16 1 U 15
17 0 U 14
18 0 U 17
19 1 U 18
20 1 U 19
21 0 U 20
22 0 U 18
23 1 U 21
24 1 U 23
25 1 U -1
26 1 U 24
27 1 U 25
28 1 U 27
29 1 U 28
30 1 U 29
31 0 U 26
32 0 U 30
33 1 U 29
34 0 U 32
35 1 U 34
36 1 U 35
37 0 U 25
38 1 U 36
39 1 U 38
40 1 U 39
41 1 U -1
42 1 U 41
43 0 U 42
44 1 U 34
45 0 U 43
46 0 U 45
47 0 U 46
48 0 U 47
49 0 U 48
50 1 U 49
51 0 U 50
52 0 U 51
53 0 U 47
54 0 U -1
55 0 U 52
56 1 U 54
57 0 U 55
58 0 U 56
59 1 U 58
60 1 U 59
61 0 U 60
62 1 U 61
63 0 U 62
64 0 U 62
65 0 U 63
66 0 L 34
67
0 0 U -1
1 1 U 0
2 1 U 1
3 1 U 2
4 1 U 3
5 1 U 3
6 0 U 5
7 0 U 6
8 1 U 7
9 1 U 8
10 1 U 9
11 1 U 10
12 1 U 0
13 1 U 11
14 0 U -1
15 0 U 13
16 0 U 15
17 0 U 14
18 0 U 17
19 1 U 18
20 1 U 19
21 0 U 20
22 0 U 18
23 1 U 21
24 1 U 23
25 1 U -1
26 1 U 24
27 1 U 25
28 1 U 27
29 1 U 28
30 1 U 29
31 0 U 26
32 0 U 30
33 1 U 29
34 0 U 32
35 1 U 34
36 1 U 35
37 0 U 25
38 1 U 36
39 1 U 38
40 1 U 39
41 1 U -1
42 1 U 41
43 0 U 42
44 1 U 34
45 0 U 43
46 0 U 45
47 0 U 46
48 0 L 47
49 0 U 48
50 1 U 49
51 0 U 50
52 0 U 51
53 0 U 47
54 0 U -1
55 0 U 52
56 1 U 54
57 0 U 55
58 0 U 56
59 1 U 58
60 1 U 59
61 0 U 60
62 1 U 61
63 0 U 62
64 0 U 62
65 0 U 63
66 0 L 34
67
0 1 U -1
1 1 U 0
2 1 U 1
3 1 U 2
4 1 U 3
5 1 U 3
6 0 U 5
7 0 U 6
8 1 U 7
9 1 U 8
10 1 U 9
11 1 U 10
12 1 U 0
13 1 U 11
14 0 U -1
15 0 U 13
16 0 U 15
17 0 U 14
18 0 U 17
19 1 U 18
20 1 U 19
21 0 U 20
22 0 U 18
23 1 U 21
24 1 U 23
25 1 U -1
26 1 U 24
27 1 U 25
28 1 U 27
29 1 U 28
30 1 U 29
31 0 U 26
32 0 U 30
33 1 U 29
34 0 U 32
35 1 U 34
36 1 U 35
37 0 U 25
38 1 U 36
39 1 U 38
40 1 U 39
41 1 U -1
42 1 U 41
43 0 U 42
44 1 U 34
45 0 U 43
46 0 U 45
47 0 U 46
48 0 U 47
49 0 U 48
50 1 U 49
51 0 U 50
52 0 U 51
53 0 U 47
54 0 U -1
55 0 U 52
56 1 U 54
57 0 U 55
58 0 U 56
59 1 U 58
60 1 U 59
61 0 U 60
62 1 U 61
63 0 U 62
64 0 U 62
65 0 U 63
66 0 L 34
67
0 0 U -1
1 1 U 0
2 1 L 1
3 1 U 2
4 1 U 3
5 1 U 3
6 0 U 5
7 0 U 6
8 1 U 7
9 1 U 8
10 1 U 9
11 1 U 10
12 1 U 0
13 1 U 11
14 0 U -1
15 0 U 13
16 0 U 15
17 0 U 14
18 0 U 17
19 1 U 18
20 1 U 19
21 0 U 20
22 0 U 18
23 1 U 21
24 1 U 23
25 1 U -1
26 1 U 24
27 1 U 25
28 1 U 27
29 1 U 28
30 1 U 29
31 0 U 26
32 0 U 30
33 1 U 29
34 0 U 32
35 1 U 34
36 1 U 35
37 0 U 25
38 1 U 36
39 1 U 38
40 1 U 39
41 1 U -1
42 1 U 41
43 0 U 42
44 1 U 34
45 0 U 43
46 0 U 45
47 0 U 46
48 0 U 47
49 0 U 48
50 1 U 49
51 0 U 50
52 0 U 51
53 0 U 47
54 0 U -1
55 0 U 52
56 1 U 54
57 0 U 55
58 0 U 56
59 1 U 58
60 1 U 59
61 0 U 60
62 1 U 61
63 0 U 62
64 0 U 62
65 0 U 63
66 0 L 34
67
0 0 U -1
1 1 U 0
2 1 U 1
3 1 U 2
4 1 U 3
5 1 U 3
6 0 U 5
7 0 U 6
8 1 U 7
9 1 U 8
10 1 U 9
11 1 U 10
12 1 U 0
13 1 U 11
14 0 U -1
15 0 U 13
16 0 U 15
17 0 U 14
18 0 U 17
19 1 U 18
20 1 U 19
21 0 U 20
22 0 U 18
23 1 U 21
24 1 U 23
25 1 U -1
26 1 U 24
27 1 U 25
28 1 U 27
29 1 U 28
30 1 U 29
31 0 U 26
32 0 U 30
33 1 U 29
34 0 U 32
35 1 U 34
36 1 U 35
37 0 U 25
38 1 U 36
39 1 U 38
40 1 U 39
41 1 U -1
42 1 U 41
43 0 U 42
44 0 U 34
45 0 U 43
46 0 U 45
47 0 U 46
48 0 U 47
49 0 U 48
50 1 U 49
51 0 U 50
52 0 U 51
53 0 U 47
54 0 U -1
55 0 U 52
56 0 U 54
57 0 U 55
58 0 U 56
59 1 U 58
60 1 U 59
61 0 U 60
62 1 U 61
63 0 U 62
64 0 U 62
65 0 U 63
66 0 L 34
67
0 0 U -1
1 1 U 0
2 1 U 1
3 1 U 2
4 1 U 3
5 1 U 3
6 0 U 5
7 0 U 6
8 1 U 7
9 1 U 8
10 1 U 9
11 1 U 10
12 1 U 0
13 1 U 11
14 0 U -1
15 0 U 13
16 0 U 15
17 0 U 14
18 0 U 17
19 1 U 18
20 1 U 19
21 0 U 20
22 0 U 18
23 1 U 21
24 1 U 23
25 1 U -1
26 1 U 24
27 1 U 25
28 1 U 27
29 1 U 28
30 1 U 29
31 0 U 26
32 0 U 30
33 1 U 29
34 0 U 32
35 1 U 34
36 1 U 35
37 0 U 25
38 1 U 36
39 1 U 38
40 1 U 39
41 1 U -1
42 1 U 41
43 0 U 42
44 1 U 34
45 0 U 43
46 0 U 45
47 0 U 46
48 0 U 47
49 0 U 48
50 1 U 49
51 0 U 50
52 0 U 51
53 0 U 47
54 0 U -1
55 0 U 52
56 1 U 54
57 0 U 17
58 0 U 56
59 1 U 58
60 1 U 59
61 0 U 60
62 1 U 61
63 0 U 62
64 0 U 62
65 0 U 63
66 0 L 34
67
0 0 U -1
1 1 U 0
2 1 U 1
3 1 U 2
4 1 U 3
5 1 U 3
6 0 U 5
7 0 U 6
8 1 U 7
9 1 U 8
10 1 U 9
11 1 U 10
12 1 U 0
13 1 U 11
14 0 U -1
15 0 U 13
16 0 U 15
17 0 U 14
18 0 U 17
19 1 U 18
20 1 U 19
21 0 U 20
22 0 U 18
23 1 U 21
24 1 U 23
25 1 U -1
26 1 U 24
27 1 U 25
28 1 U 27
29 1 U 28
30 1 U 29
31 0 U 26
32 0 U 30
33 1 U 29
34 0 U 32
35 1 U 34
36 1 U 35
37 0 U 25
38 1 U 36
39 1 U 38
40 1 U 39
41 1 U -1
42 1 U 41
43 0 U 42
44 1 U 34
45 0 U 43
46 0 U 45
47 0 U 46
48 0 U 47
49 0 U 48
50 1 U 49
51 0 U 50
52 0 U 51
53 0 U 34
54 0 U -1
55 0 U 52
56 1 U 54
57 0 U 55
58 0 U 56
59 1 U 58
60 1 U 59
61 0 U 60
62 1 U 61
63 0 U 62
64 0 U 62
65 0 U 63
66 0 L 34
67
0 0 U -1
1 1 U 0
2 1 U 1
3 1 U 2
4 1 U 3
5 1 U 3
6 0 U 5
7 0 U 6
8 1 U 7
9 1 U 8
10 1 U 9
11 1 U 10
12 1 U 0
13 1 U 11
14 0 U -1
15 0 U 13
16 0 U 15
17 0 U 14
18 0 U 17
19 1 U 18
20 1 U 19
21 0 U 20
22 0 U 18
23 1 U 21
24 1 U 23
25 1 U -1
26 1 U 24
27 1 U 25
28 1 U 27
29 1 U 28
30 1 U 29
31 0 U 26
32 0 U 30
33 1 U 3
34 0 U 32
35 1 U 34
36 1 U 35
37 0 U 25
38 1 U 36
39 1 U 38
40 1 U 39
41 1 U -1
42 1 U 41
43 0 U 42
44 1 U 34
45 0 U 43
46 0 U 45
47 0 U 46
48 0 U 47
49 0 U 48
50 1 U 49
51 0 U 50
52 0 U 51
53 0 U 47
54 0 U -1
55 0 U 52
56 1 U 54
57 0 U 55
58 0 U 56
59 1 U 58
60 1 U 59
61 0 U 60
62 1 U 61
63 0 U 62
64 0 U 62
65 0 U 63
66 0 L 34
67
0 0 U -1
1 1 U 0
2 1 U 1
3 1 U 2
4 1 U 3
5 1 U 3
6 0 U 5
7 0 U 6
8 1 U 7
9 1 U 8
10 1 U 9
11 1 U 10
12 1 L -1
13 1 U 11
14 0 U -1
15 0 U 13
16 0 U 15
17 0 U 14
18 0 U 17
19 1 U 18
20 1 U 19
21 0 U 20
22 0 U 18
23 1 U 21
24 1 U 23
25 1 U -1
26 1 U 24
27 1 U 25
28 1 U 27
29 1 U 28
30 1 U 29
31 0 U 26
32 0 U 30
33 1 U 29
34 0 U 32
35 1 U 34
36 1 U 35
37 0 U 25
38 1 U 36
39 1 U 38
40 1 U 39
41 1 U -1
42 1 U 41
43 0 U 42
44 1 U 34
45 0 U 43
46 0 U 45
47 0 U 46
48 0 U 47
49 0 U 48
50 1 U 49
51 0 U 50
52 0 U 51
53 0 U 47
54 0 U -1
55 0 U 52
56 1 U 54
57 0 U 55
58 0 U 56
59 1 U 58
60 1 U 59
61 0 U 60
62 1 U 61
63 0 U 62
64 0 U 62
65 0 U 63
66 0 L 34
67
0 0 U -1
1 1 U 0
2 1 U 1
3 1 U 2
4 1 U 3
5 1 U 3
6 0 U 5
7 0 U 6
8 1 U 7
9 1 U 8
10 1 U 9
11 1 U 10
12 1 U 0
13 1 U 11
14 0 U -1
15 0 U 13
16 0 U 15
17 1 U 14
18 0 U 17
19 1 U 18
20 1 U 19
21 0 U 20
22 0 U 18
23 1 U 21
24 1 U 23
25 1 U -1
26 1 U 24
27 1 U 25
28 1 U 27
29 1 U 28
30 1 U 29
31 0 U 26
32 0 U 30
33 1 U 29
34 0 U 32
35 1 U 34
36 1 U 35
37 0 U 25
38 1 U 36
39 1 U 38
40 1 U 39
41 1 U -1
42 1 U 41
43 0 U 42
44 1 U 34
45 0 U 43
46 0 U 45
47 0 U 46
48 0 U 47
49 0 U 48
50 1 U 49
51 0 U 50
52 0 U 51
53 0 U 47
54 0 U -1
55 0 U 52
56 1 U 54
57 0 U 55
58 0 U 56
59 1 U 58
60 1 U 59
61 0 U 60
62 1 U 61
63 0 U 62
64 0 U 62
65 0 U 63
66 0 L 34
67
0 0 U -1
1 1 U 0
2 1 U 1
3 1 U 2
4 1 U 3
5 1 U 3
6 0 U 5
7 0 U 6
8 1 U 7
9 1 U 8
10 1 U 9
11 1 U 10
12 1 U 0
13 1 U 11
14 0 U -1
15 0 U 13
16 0 U 15
17 0 U 14
18 0 U 17
19 1 U 18
20 1 U 19
21 1 U 20
22 0 U 18
23 1 U 21
24 1 U 23
25 1 U -1
26 1 U 24
27 1 U 25
28 1 U 27
29 1 U 28
30 1 U 29
31 0 U 26
32 0 U 30
33 1 U 29
34 0 U 32
35 1 U 34
36 1 U 35
37 0 U 25
38 1 U 36
39 1 U 38
40 1 U 39
41 1 U -1
42 1 U 41
43 0 U 42
44 1 U 34
45 0 U 43
46 0 U 45
47 0 U 46
48 0 U 47
49 0 U 48
50 1 U 49
51 0 U 50
52 0 U 51
53 0 U 47
54 0 U -1
55 0 U 52
56 1 U 54
57 0 U 55
58 0 U 56
59 1 U 58
60 1 U 59
61 0 U 60
62 1 U 61
63 0 U 62
64 0 U 62
65 0 U 63
66 0 L 34
67
0 0 U -1
1 1 U 0
2 1 U 1
3 1 U 2
4 1 U 3
5 1 U 3
6 0 U 5
7 0 U 6
8 1 U 7
9 1 U 8
10 1 U 9
11 1 U 10
12 1 U 0
13 1 U 11
14 0 U -1
15 0 U 13
16 0 U 15
17 1 U 14
18 0 U 17
19 1 U 18
20 1 U 19
21 0 U 20
22 0 U 18
23 1 U 21
24 1 U 23
25 1 U -1
26 1 U 24
27 1 U 25
28 1 U 27
29 1 U 28
30 1 U 29
31 0 U 26
32 0 U 30
33 1 U 29
34 0 U 32
35 1 U 34
36 1 U 35
37 0 U 25
38 1 U 36
39 1 U 38
40 1 U 39
41 1 U -1
42 1 U 41
43 0 U 42
44 1 U 34
45 0 U 43
46 0 U 45
47 0 U 46
48 0 U 47
49 0 U 48
50 1 U 49
51 0 U 50
52 0 U 51
53 0 U 47
54 0 U -1
55 0 U 52
56 1 U 54
57 1 U 55
58 0 U 56
59 1 U 58
60 1 U 59
61 0 U 60
62 1 U 61
63 0 U 62
64 0 U 62
65 0 U 63
66 0 L 34
67
0 0 U -1
1 1 U 0
2 1 U 1
3 1 U 2
4 1 U 3
5 1 U 3
6 0 U 5
7 0 U 6
8 1 U 7
9 1 U 8
10 1 U 9
11 1 U 10
12 1 U 0
13 1 U 11
14 0 U -1
15 0 U 13
16 0 U 15
17 0 U 14
18 0 U 17
19 1 U 18
20 1 U 19
21 0 U 20
22 0 U 6
23 1 U 21
24 1 U 23
25 1 U -1
26 1 U 24
27 1 U 25
28 1 U 27
29 1 U 28
30 1 U 29
31 0 U 26
32 0 U 30
33 1 U 29
34 0 U 32
35 1 U 34
36 1 U 35
37 0 U 25
38 1 U 36
39 1 U 38
40 1 U 39
41 1 U -1
42 1 U 41
43 0 U 42
44 1 U 34
45 0 U 43
46 0 U 45
47 0 U 46
48 0 U 47
49 0 U 48
50 1 U 49
51 0 U 50
52 0 U 51
53 0 U 47
54 0 U -1
55 0 U 52
56 1 U 54
57 0 U 55
58 0 U 56
59 1 U 58
60 1 U 59
61 0 U 60
62 1 U 61
63 0 U 62
64 0 U 62
65 0 U 63
66 0 L 34
67
0 0 U -1
1 1 U 0
2 1 U 1
3 1 U 2
4 1 U 3
5 1 U 3
6 0 U 5
7 0 U 6
8 1 U 7
9 1 U 8
10 1 U 9
11 1 U 10
12 1 U 0
13 1 U 11
14 0 U -1
15 0 U 13
16 0 U 15
17 0 U 14
18 0 U 17
19 1 U 18
20 1 U 19
21 0 U 20
22 0 U 18
23 1 U 21
24 1 U 23
25 1 U -1
26 1 U 24
27 1 U 25
28 1 U 27
29 1 U 28
30 1 U 29
31 0 U 26
32 0 U 30
33 1 U 29
34 0 U 32
35 1 U 34
36 1 U 35
37 0 U 20
38 1 U 36
39 1 U 38
40 1 U 39
41 1 U -1
42 1 U 41
43 0 U 42
44 1 U 34
45 0 U 43
46 0 U 45
47 0 U 46
48 0 U 47
49 0 U 48
50 1 U 49
51 0 U 50
52 0 U 51
53 0 U 47
54 0 U -1
55 0 U 52
56 1 U 54
57 0 U 55
58 0 U 56
59 1 U 58
60 1 U 59
61 0 U 60
62 1 U 61
63 0 U 62
64 0 U 62
65 0 U 63
66 0 L 34
67
0 0 U -1
1 1 U 0
2 1 U 1
3 1 U 2
4 1 U 3
5 1 L 0
6 0 U 5
7 0 U 6
8 1 U 7
9 1 U 8
10 1 U 9
11 1 U 10
12 1 U 0
13 1 U 11
14 0 U -1
15 0 U 13
16 0 U 15
17 0 U 14
18 0 U 17
19 1 U 18
20 1 U 19
21 0 U 20
22 0 U 18
23 1 U 21
24 1 U 23
25 1 U -1
26 1 U 24
27 1 U 25
28 1 U 27
29 1 U 28
30 1 U 29
31 0 U 26
32 0 U 30
33 1 U 29
34 0 U 32
35 1 U 34
36 1 U 35
37 0 U 25
38 1 U 36
39 1 U 38
40 1 U 39
41 1 U -1
42 1 U 41
43 0 U 42
44 1 U 34
45 0 U 43
46 0 U 45
47 0 U 46
48 0 U 47
49 0 U 48
50 1 U 49
51 0 U 50
52 1 U 51
53 0 U 47
54 0 U -1
55 0 U 52
56 1 U 54
57 0 U 55
58 0 U 56
59 1 U 58
60 1 U 59
61 0 U 60
62 1 U 61
63 0 U 62
64 0 U 62
65 0 U 63
66 0 L 34
