82
0 1 U -1
1 1 U 0
2 0 U 1
3 0 U 2
4 0 U 3
5 1 U 4
6 1 U 5
7 1 U 6
8 0 U 7
9 1 U 8
10 1 U 9
11 0 U 10
12 0 U 11
13 0 U -1
14 0 U 13
15 0 U 14
16 1 U 15
17 1 U 16
18 1 U 17
19 0 U 18
20 1 U 19
21 0 U 20
22 1 U 21
23 0 U 22
24 0 U 23
25 1 U 24
26 1 U -1
27 0 U 25
28 0 U 26
29 1 U 22
30 0 U 28
31 1 U 30
32 1 U 31
33 1 U 32
34 0 U 33
35 1 U 34
36 1 U 35
37 1 U 36
38 0 U 36
39 1 U 37
40 0 U 39
41 0 U 40
42 0 U -1
43 1 U 31
44 1 U 42
45 0 U 44
46 1 U 45
47 1 U 46
48 1 U 47
49 1 U 48
50 0 U 49
51 1 U 50
52 1 U 51
53 0 U 52
54 0 U 50
55 1 U 53
56 0 U -1
57 0 U 56
58 1 U 57
59 1 U 55
60 0 U 58
61 0 U 60
62 0 U 61
63 1 U 62
64 1 U 63
65 1 U 64
66 1 U 65
67 0 U -1
68 1 U 67
69 0 U 68
70 1 U 68
71 1 U 69
72 0 U 71
73 0 U 72
74 1 U 73
75 0 U 74
76 0 U 75
77 0 U 76
78 0 U 77
79 0 U 69
80 1 U 78
81 0 U 80
82
0 1 U -1
1 1 U 0
2 0 U 1
3 0 U 2
4 0 U 3
5 1 U 4
6 1 U 5
7 1 U 6
8 0 U 7
9 1 U 8
10 1 U 9
11 0 U 10
12 0 U 11
13 0 U -1
14 0 U 13
15 0 U 14
16 1 U 15
17 1 U 16
18 1 U 17
19 0 U 18
20 1 U 19
21 0 U 20
22 1 U 21
23 0 U 22
24 0 U 23
25 1 U 24
26 1 U -1
27 0 U 25
28 0 U 26
29 1 U 15
30 0 U 28
31 1 U 30
32 1 U 31
33 1 U 32
34 0 U 33
35 0 U 34
36 1 U 35
37 0 U 36
38 0 U 34
39 1 U 37
40 0 U 39
41 0 U 40
42 0 U -1
43 1 U 31
44 1 U 42
45 0 U 44
46 1 U 45
47 1 U 46
48 1 U 47
49 1 U 48
50 0 U 49
51 1 U 50
52 1 U 51
53 0 U 52
54 1 U 53
55 1 U 54
56 0 U -1
57 0 U 56
58 1 U 57
59 1 U 53
60 0 U 58
61 0 U 60
62 0 U 61
63 1 U 62
64 1 U 63
65 1 U 64
66 0 U -1
67 0 U 66
68 1 U 67
69 0 U 68
70 1 U 68
71 1 U 65
72 0 U 69
73 0 U -1
74 1 U 72
75 0 U 74
76 0 U 75
77 0 U 76
78 0 U 77
79 0 U 72
80 1 U 78
81 0 U 80
82
0 1 U -1
1 1 U 0
2 0 U 1
3 0 U 2
4 1 U 3
5 1 U 4
6 1 U 5
7 1 U 6
8 0 U 7
9 1 U 8
10 1 U 9
11 0 U 10
12 0 U -1
13 0 U 11
14 0 U 12
15 0 U 14
16 1 U 3
17 1 U 15
18 1 U 17
19 0 U 18
20 1 U 19
21 0 U 20
22 1 U 21
23 0 U 22
24 0 U 23
25 1 U 24
26 1 U 25
27 0 U -1
28 0 U 27
29 1 U 15
30 0 U 28
31 1 U 30
32 1 U 31
33 1 U 32
34 0 U 33
35 1 U 34
36 1 U 35
37 0 U 36
38 0 U 37
39 1 U 38
40 0 U 39
41 0 U 40
42 0 U -1
43 1 U 37
44 1 U 42
45 0 U 44
46 1 U 45
47 1 U 46
48 1 U 47
49 1 U 48
50 0 U 49
51 1 U 50
52 1 U 51
53 0 U 52
54 1 U 53
55 1 U 54
56 0 U -1
57 0 U 56
58 1 U 57
59 1 U 53
60 0 U 58
61 0 U 60
62 0 U 61
63 1 U 62
64 1 U 63
65 1 U 64
66 1 U 65
67 0 U -1
68 1 U 67
69 0 U 68
70 1 U 62
71 1 U 69
72 0 U 71
73 0 U 72
74 1 U 73
75 0 U 74
76 0 U 75
77 0 U 76
78 0 U 77
79 0 U 72
80 1 U 78
81 0 U 80
82
0 1 U -1
1 1 U 0
2 0 U 1
3 0 U 2
4 0 U 3
5 1 U 4
6 1 U 5
7 1 U 6
8 0 U 7
9 1 U 8
10 1 U 9
11 0 U 10
12 0 U 11
13 0 U -1
14 0 U 13
15 0 U 14
16 1 U 15
17 1 U 16
18 1 U 17
19 0 U 18
20 1 U 19
21 0 U 20
22 1 U 21
23 0 U 22
24 0 U 23
25 1 U 24
26 1 U -1
27 0 U 25
28 0 U 26
29 1 U 22
30 0 U 28
31 1 U 30
32 1 U 31
33 1 U 32
34 0 U 33
35 1 U 34
36 1 U 35
37 0 U 36
38 0 U 37
39 1 U 38
40 0 U 39
41 0 U -1
42 0 U 41
43 1 U 31
44 1 U 42
45 0 U 44
46 1 U 45
47 1 U 46
48 1 U 47
49 1 U 48
50 0 U 49
51 1 U 50
52 1 U 51
53 0 U 52
54 1 U -1
55 1 U 53
56 0 U -1
57 0 U 56
58 1 U 57
59 0 U 56
60 0 U 58
61 0 U 60
62 0 U 61
63 1 U 62
64 1 U 63
65 1 U 64
66 1 U 65
67 0 U -1
68 1 U 67
69 1 U 68
70 1 U 68
71 1 U 69
72 0 U 71
73 0 U 72
74 1 U 73
75 0 U 74
76 0 U 75
77 0 U 76
78 0 U 77
79 0 U 72
80 1 U 78
81 0 U 80
82
0 1 U -1
1 1 U 0
2 0 U 1
3 0 U 2
4 0 U 3
5 1 U 4
6 1 U 5
7 1 U 6
8 0 U 7
9 1 U 8
10 1 U 9
11 0 U -1
12 0 U 11
13 0 U 12
14 0 U 13
15 0 U 14
16 1 U 15
17 1 U 16
18 1 U 17
19 0 U 18
20 1 U 19
21 0 U 20
22 1 U -1
23 0 U 21
24 0 U 22
25 1 U 24
26 1 U 25
27 0 U 26
28 0 U 27
29 1 U 26
30 0 U 28
31 1 U 30
32 1 U 31
33 1 U 32
34 0 U 33
35 1 U -1
36 1 U 35
37 0 U 36
38 0 U 37
39 1 U 38
40 0 U 39
41 0 U 34
42 0 U 40
43 1 U 31
44 1 U 42
45 0 U 44
46 1 U 45
47 1 U 46
48 1 U -1
49 1 U 48
50 0 U 49
51 1 U 50
52 1 U 51
53 0 U 52
54 1 U 53
55 1 U 54
56 0 U 55
57 0 U 56
58 1 U -1
59 1 U 53
60 0 U 58
61 0 U 60
62 0 U 61
63 1 U 62
64 1 U 63
65 1 U 64
66 1 U 57
67 0 U 65
68 1 U -1
69 0 U 68
70 1 U 68
71 1 U 67
72 0 U 69
73 0 U 72
74 1 U 73
75 0 U 74
76 0 U 75
77 0 U 76
78 0 U 77
79 0 U 72
80 1 U 78
81 0 U 80
82
0 1 U -1
1 1 U 0
2 0 U 1
3 0 U 2
4 0 U 3
5 1 U 4
6 1 U 5
7 1 U 6
8 0 U 7
9 1 U 8
10 1 U 9
11 0 U -1
12 0 U 11
13 0 U 12
14 0 U 13
15 0 U 14
16 1 U 15
17 1 U 16
18 1 U 17
19 0 U 18
20 1 U 19
21 0 U 20
22 1 U -1
23 0 U 21
24 0 U 22
25 1 U 24
26 1 U 25
27 0 U 26
28 0 U 27
29 1 U 26
30 0 U 28
31 1 U 30
32 1 U 31
33 1 U 32
34 0 U 33
35 1 U -1
36 1 U 35
37 0 U 36
38 0 U 37
39 1 U 38
40 0 U 39
41 0 U 34
42 0 U 40
43 1 U 31
44 1 U 42
45 0 U 44
46 1 U 45
47 1 U 46
48 1 U -1
49 1 U 48
50 0 U 49
51 1 U 50
52 1 U 51
53 0 U 52
54 1 U 53
55 1 U 54
56 0 U 55
57 0 U 56
58 1 U -1
59 1 U 53
60 0 U 58
61 0 U 60
62 0 U 61
63 1 U 62
64 1 U 63
65 1 U 64
66 1 U 57
67 0 U 65
68 1 U -1
69 0 U 68
70 1 U 68
71 1 U 67
72 0 U 69
73 0 U 72
74 1 U 73
75 0 U 74
76 0 U 75
77 0 U 76
78 0 U 77
79 0 U 72
80 1 U 78
81 0 U 80
82
0 1 U -1
1 1 U 0
2 0 U 1
3 1 U 2
4 0 U 3
5 1 U 4
6 1 U 5
7 1 U 6
8 0 U 7
9 1 U 8
10 1 U 9
11 0 U 10
12 0 U -1
13 0 U 11
14 0 U 12
15 0 U 14
16 1 U 15
17 1 U 16
18 1 U 17
19 0 U 18
20 1 U 19
21 0 U 20
22 1 U 21
23 0 U 22
24 1 U 23
25 1 U 24
26 1 U -1
27 0 U 26
28 0 U 27
29 1 U 16
30 0 U 28
31 1 U 30
32 1 U 31
33 1 U 32
34 0 U 33
35 1 U 34
36 1 U 35
37 0 U 36
38 0 U 23
39 1 U 37
40 0 U 39
41 0 U 40
42 0 U -1
43 1 U 31
44 1 U 42
45 0 U 44
46 1 U 45
47 1 U 46
48 1 U 47
49 1 U 48
50 0 U 49
51 1 U 50
52 1 U 51
53 0 U 52
54 1 U 53
55 1 U 54
56 0 U -1
57 0 U 56
58 1 U 57
59 1 U 53
60 0 U 58
61 0 U 60
62 0 U 61
63 1 U 62
64 1 U 63
65 1 U 64
66 1 U 65
67 0 U -1
68 1 U 67
69 0 U 68
70 1 U 62
71 1 U 69
72 0 U 71
73 1 U 72
74 1 U 73
75 0 U 74
76 0 U 75
77 0 U 76
78 0 U 77
79 0 U 73
80 1 U 78
81 0 U 80
82
0 1 U -1
1 1 U 0
2 0 U 1
3 0 U 2
4 0 U 3
5 1 U 4
6 1 U 5
7 1 U 6
8 0 U 7
9 1 U 8
10 1 U 9
11 0 U 10
12 0 U 11
13 0 U 12
14 0 U -1
15 0 U 14
16 1 U 15
17 1 U 16
18 1 U 17
19 0 U 18
20 1 U 19
21 0 U 20
22 1 U 21
23 0 U 22
24 0 U 23
25 1 U 24
26 1 U 25
27 0 U 26
28 0 U -1
29 0 U 16
30 0 U 28
31 1 U 30
32 1 U 31
33 1 U 32
34 0 U 33
35 1 U 34
36 1 U 35
37 0 U 36
38 0 U 37
39 1 U 38
40 1 U 39
41 0 U -1
42 0 U 40
43 1 U 37
44 1 U 41
45 0 U 44
46 1 U 45
47 1 U 46
48 1 U 47
49 1 U 48
50 0 U 49
51 1 U 50
52 1 U 51
53 0 U 52
54 1 U 53
55 1 U 54
56 0 U -1
57 0 U 56
58 1 U 57
59 1 U 53
60 0 U 58
61 0 U 60
62 0 U 61
63 1 U 62
64 1 U 63
65 1 U 64
66 1 U 65
67 0 U -1
68 1 U 67
69 0 U 68
70 1 U 62
71 1 U 69
72 0 U 71
73 0 U 72
74 1 U 73
75 0 U 74
76 0 U 75
77 0 U 76
78 0 U 77
79 0 U 69
80 1 U 78
81 0 U 80
82
0 1 U -1
1 1 U 0
2 0 U 1
3 0 U 2
4 0 U 3
5 1 U 4
6 1 U 5
7 1 U 6
8 0 U 7
9 1 U 8
10 1 U 9
11 0 U 10
12 0 U 11
13 0 U 12
14 0 U -1
15 0 U 14
16 1 U 15
17 1 U 16
18 1 U 17
19 0 U 18
20 1 U 19
21 0 U 20
22 1 U 21
23 0 U 22
24 0 U 23
25 1 U 24
26 1 U 25
27 0 U 26
28 0 U -1
29 1 U 25
30 0 U 28
31 1 U 30
32 1 U 31
33 1 U 32
34 0 U 33
35 1 U 34
36 1 U 35
37 0 U 36
38 0 U 37
39 1 U 38
40 1 U 39
41 0 U -1
42 0 U 40
43 1 U 31
44 1 U 41
45 0 U 44
46 1 U 45
47 1 U 46
48 1 U 47
49 1 U 48
50 0 U 49
51 1 U 50
52 1 U 51
53 0 U 52
54 1 U -1
55 1 U 53
56 0 U -1
57 1 U 56
58 1 U 57
59 1 U 56
60 0 U 58
61 0 U 60
62 0 U 61
63 1 U 62
64 1 U 63
65 1 U 64
66 1 U 65
67 0 U -1
68 0 U 67
69 0 U 68
70 0 U 67
71 1 U 69
72 0 U 71
73 0 U 72
74 1 U 73
75 0 U 74
76 0 U 75
77 0 U 76
78 0 U 77
79 1 U 69
80 1 U 78
81 0 U 80
82
0 1 U -1
1 1 U 0
2 0 U 1
3 0 U 2
4 0 U 3
5 1 U 4
6 1 U 5
7 1 U 6
8 0 U 7
9 1 U 8
10 1 U 9
11 0 U -1
12 0 U 11
13 0 U 12
14 0 U 13
15 0 U 14
16 1 U 15
17 1 U 16
18 1 U 17
19 0 U 18
20 1 U 19
21 0 U 20
22 1 U -1
23 0 U 21
24 0 U 22
25 1 U 24
26 1 U 25
27 0 U 26
28 0 U 27
29 1 U 26
30 0 U 28
31 1 U 30
32 1 U 31
33 1 U 32
34 0 U 33
35 1 U -1
36 1 U 35
37 0 U 36
38 0 U 37
39 1 U 38
40 0 U 39
41 0 U 40
42 0 U 34
43 1 U 31
44 1 U 41
45 0 U 44
46 1 U 45
47 1 U 46
48 1 U -1
49 1 U 48
50 0 U 49
51 1 U 50
52 1 U 51
53 0 U 52
54 1 U 53
55 1 U 54
56 0 U 55
57 0 U 56
58 1 U -1
59 1 U 53
60 0 U 58
61 0 U 60
62 0 U 61
63 1 U 62
64 1 U 63
65 1 U 64
66 1 U 57
67 0 U 65
68 1 U -1
69 0 U 68
70 1 U 68
71 1 U 69
72 0 U 71
73 0 U 72
74 1 U 73
75 0 U 74
76 0 U 75
77 0 U 67
78 0 U 76
79 0 U 69
80 1 U 78
81 0 U 80
82
0 1 U -1
1 1 U 0
2 0 U 1
3 1 U 2
4 0 U 3
5 1 U 4
6 1 U 5
7 1 U 6
8 1 U 7
9 1 U 8
10 1 U -1
11 0 U 9
12 1 U 10
13 1 U 12
14 0 U 13
15 0 U 14
16 1 U 10
17 1 U 15
18 1 U 17
19 0 U 18
20 1 U 19
21 1 U 20
22 1 U -1
23 0 U 22
24 0 U 23
25 1 U 24
26 1 U 25
27 0 U 26
28 0 U 27
29 1 U 28
30 0 U 29
31 1 U 30
32 1 U 31
33 0 U 32
34 0 U -1
35 1 U 33
36 1 U 34
37 1 U 36
38 0 U 36
39 1 U 37
40 0 U 39
41 0 U 40
42 0 U 35
43 1 U 41
44 1 U 43
45 0 U 44
46 1 U 45
47 1 U -1
48 1 U 47
49 1 U 48
50 0 U 49
51 1 U 50
52 1 U 51
53 0 U 52
54 1 U 46
55 1 U 53
56 0 U 55
57 0 U 56
58 1 U -1
59 0 U 57
60 0 U 58
61 0 U 60
62 0 U 61
63 1 U 62
64 1 U 63
65 1 U 64
66 1 U 65
67 0 U 66
68 1 U -1
69 1 U 68
70 1 U 68
71 0 U 69
72 0 U 71
73 0 U 69
74 1 U 72
75 1 U 74
76 0 U 75
77 0 U 76
78 0 U 77
79 0 U 67
80 1 U 78
81 0 U 80
82
0 1 U -1
1 1 U 0
2 0 U 1
3 0 U 2
4 0 U 3
5 1 U 4
6 1 U 5
7 1 U 6
8 0 U 7
9 1 U 8
10 1 U 9
11 0 U -1
12 0 U 11
13 0 U 12
14 0 U 13
15 0 U 14
16 1 U 15
17 1 U 16
18 1 U 17
19 0 U 18
20 1 U 19
21 0 U 20
22 1 U -1
23 0 U 21
24 0 U 22
25 1 U 24
26 1 U 25
27 0 U 26
28 0 U 27
29 1 U 26
30 0 U 28
31 1 U 30
32 1 U 31
33 1 U 32
34 0 U 33
35 1 U -1
36 1 U 34
37 0 U 35
38 0 U 37
39 1 U 38
40 0 U 39
41 0 U 40
42 0 U 41
43 1 U 31
44 1 U 42
45 0 U 44
46 1 U 45
47 1 U 46
48 1 U -1
49 1 U 48
50 0 U 49
51 1 U 50
52 1 U 51
53 0 U 52
54 1 U 53
55 1 U 54
56 0 U 55
57 0 U 56
58 1 U -1
59 1 U 53
60 0 U 58
61 0 U 60
62 0 U 61
63 1 U 62
64 1 U 63
65 1 U 64
66 1 U 57
67 0 U 65
68 1 U -1
69 0 U 68
70 1 U 62
71 1 U 67
72 0 U 69
73 0 U 72
74 1 U 73
75 0 U 74
76 0 U 75
77 0 U 76
78 0 U 77
79 0 U 72
80 1 U 78
81 0 U 80
82
0 1 U -1
1 1 U 0
2 0 U 1
3 0 U 2
4 0 U 3
5 1 U 4
6 1 U 5
7 1 U 6
8 0 U 7
9 1 U 8
10 1 U 9
11 0 U -1
12 0 U 11
13 0 U 12
14 0 U 13
15 0 U 14
16 1 U 15
17 1 U 16
18 1 U 17
19 0 U 18
20 1 U 19
21 0 U 20
22 1 U -1
23 0 U 21
24 0 U 22
25 1 U 24
26 1 U 25
27 0 U 26
28 0 U 27
29 1 U 26
30 0 U 28
31 1 U 30
32 1 U 31
33 1 U 32
34 0 U 33
35 1 U -1
36 1 U 34
37 0 U 35
38 0 U 37
39 1 U 38
40 0 U 39
41 0 U 40
42 0 U 41
43 1 U 37
44 1 U 42
45 0 U 44
46 1 U 45
47 1 U 46
48 1 U -1
49 1 U 48
50 0 U 49
51 1 U 50
52 1 U 51
53 0 U 52
54 1 U 53
55 1 U 54
56 0 U 55
57 0 U 56
58 1 U -1
59 1 U 53
60 0 U 58
61 0 U 60
62 0 U 61
63 1 U 62
64 1 U 63
65 1 U 64
66 1 U 57
67 0 U 65
68 1 U -1
69 0 U 68
70 1 U 62
71 1 U 67
72 0 U 69
73 0 U 72
74 1 U 73
75 0 U 74
76 0 U 75
77 0 U 76
78 0 U 77
79 0 U 72
80 1 U 78
81 0 U 80
82
0 1 U -1
1 1 U 0
2 0 U 1
3 0 U 2
4 0 U 3
5 1 U 4
6 1 U 5
7 1 U 6
8 0 U 7
9 1 U 8
10 1 U 9
11 0 U -1
12 0 U 11
13 0 U 12
14 0 U 13
15 0 U 14
16 1 U 15
17 1 U 16
18 1 U 17
19 0 U 18
20 1 U 19
21 0 U 20
22 1 U -1
23 0 U 21
24 0 U 22
25 1 U 24
26 1 U 25
27 0 U 26
28 0 U 27
29 1 U 26
30 0 U 28
31 1 U 30
32 1 U 31
33 1 U 32
34 0 U 33
35 1 U -1
36 1 U 34
37 0 U 35
38 0 U 37
39 1 U 38
40 0 U 39
41 0 U 40
42 0 U 41
43 1 U 31
44 1 U 42
45 0 U 44
46 1 U 45
47 1 U 46
48 1 U -1
49 1 U 48
50 0 U 49
51 1 U 50
52 1 U 51
53 0 U 52
54 1 U 53
55 1 U 54
56 0 U 55
57 0 U 56
58 1 U -1
59 1 U 53
60 0 U 58
61 0 U 60
62 0 U 61
63 1 U 62
64 1 U 63
65 1 U 64
66 1 U 57
67 0 U 65
68 1 U -1
69 0 U 68
70 1 U 68
71 1 U 67
72 0 U 69
73 0 U 72
74 1 U 73
75 0 U 74
76 0 U 75
77 0 U 76
78 0 U 77
79 0 U 72
80 1 U 78
81 0 U 80
82
0 1 U -1
1 1 U 0
2 0 U 1
3 0 U 2
4 0 U 3
5 1 U 4
6 1 U 5
7 1 U 6
8 0 U 7
9 1 U 8
10 1 U 9
11 0 U -1
12 0 U 11
13 0 U 12
14 0 U 13
15 0 U 14
16 1 U 15
17 1 U 16
18 1 U 17
19 0 U 18
20 1 U 19
21 0 U 20
22 1 U -1
23 0 U 21
24 0 U 22
25 1 U 24
26 1 U 25
27 0 U 26
28 0 U 27
29 0 U 18
30 0 U 28
31 1 U 30
32 1 U 31
33 1 U 32
34 0 U 33
35 1 U -1
36 1 U 34
37 0 U 35
38 0 U 37
39 1 U 38
40 0 U 39
41 0 U 40
42 0 U 41
43 1 U 31
44 1 U 42
45 0 U 44
46 1 U 45
47 1 U 46
48 1 U -1
49 1 U 48
50 0 U 49
51 1 U 50
52 1 U 51
53 0 U 52
54 1 U 53
55 1 U 54
56 0 U 55
57 0 U 56
58 1 U -1
59 1 U 53
60 0 U 58
61 0 U 60
62 0 U 61
63 1 U 62
64 1 U 63
65 1 U 64
66 1 U 57
67 0 U 65
68 1 U -1
69 0 U 68
70 1 U 68
71 1 U 67
72 0 U 69
73 0 U 72
74 1 U 73
75 0 U 74
76 0 U 75
77 0 U 76
78 0 U 77
79 0 U 72
80 1 U 78
81 0 U 80
82
0 1 U -1
1 1 U 0
2 0 U 1
3 0 U 2
4 0 U 3
5 1 U 4
6 1 U 5
7 1 U 6
8 0 U 7
9 1 U 8
10 1 U 9
11 0 U -1
12 0 U 11
13 0 U 12
14 0 U 13
15 0 U 14
16 1 U 15
17 1 U 16
18 1 U 17
19 0 U 18
20 1 U 19
21 0 U 20
22 1 U -1
23 0 U 21
24 0 U 22
25 1 U 24
26 1 U 25
27 0 U 26
28 0 U 27
29 1 U 26
30 0 U 28
31 1 U 30
32 1 U 31
33 1 U 32
34 0 U 33
35 1 U -1
36 1 U 34
37 0 U 35
38 0 U 37
39 1 U 38
40 0 U 39
41 0 U 40
42 0 U 41
43 1 U 31
44 1 U 42
45 0 U 44
46 1 U 45
47 1 U 46
48 1 U -1
49 1 U 48
50 0 U 49
51 1 U 50
52 1 U 51
53 0 U 52
54 1 U 53
55 1 U 54
56 0 U 55
57 0 U 56
58 1 U -1
59 1 U 53
60 0 U 58
61 0 U 60
62 0 U 61
63 1 U 62
64 1 U 63
65 1 U 64
66 1 U 57
67 0 U 65
68 1 U -1
69 0 U 68
70 1 U 68
71 1 U 67
72 0 U 69
73 0 U 72
74 1 U 73
75 0 U 74
76 0 U 75
77 0 U 76
78 0 U 77
79 0 U 72
80 1 U 78
81 0 U 80
82
0 1 U -1
1 1 U 0
2 0 U 1
3 0 U 2
4 0 U 3
5 1 U 4
6 1 U 5
7 1 U 6
8 0 U 7
9 1 U 8
10 1 U 9
11 0 U -1
12 0 U 11
13 0 U 12
14 0 U 13
15 0 U 14
16 1 U 15
17 1 U 16
18 1 U 17
19 0 U 18
20 1 U 19
21 0 U 20
22 1 U -1
23 0 U 21
24 0 U 22
25 1 U 24
26 1 U 25
27 0 U 26
28 0 U 27
29 1 U 26
30 0 U 28
31 1 U 30
32 1 U 31
33 1 U 32
34 0 U 33
35 1 U -1
36 1 U 34
37 0 U 35
38 0 U 37
39 1 U 38
40 0 U 39
41 0 U 40
42 0 U 41
43 1 U 31
44 1 U 42
45 0 U 44
46 0 U 45
47 1 U 46
48 1 U -1
49 1 U 48
50 0 U 49
51 1 U 50
52 1 U 51
53 0 U 52
54 1 U 53
55 1 U 54
56 0 U 55
57 0 U 56
58 1 U -1
59 1 U 53
60 0 U 58
61 0 U 60
62 0 U 61
63 1 U 62
64 1 U 63
65 1 U 64
66 1 U 57
67 0 U 65
68 1 U -1
69 0 U 68
70 1 U 68
71 1 U 67
72 0 U 69
73 0 U 72
74 1 U 73
75 0 U 74
76 0 U 75
77 0 U 76
78 0 U 77
79 0 U 72
80 1 U 78
81 0 U 80
82
0 1 U -1
1 1 U 0
2 0 U 1
3 0 U 2
4 0 U 3
5 1 U 4
6 1 U 5
7 1 U 6
8 0 U 7
9 1 U 8
10 1 U 9
11 0 U -1
12 0 U 11
13 0 U 12
14 0 U 13
15 0 U 14
16 1 U 15
17 1 U 16
18 1 U 17
19 0 U 18
20 1 U 19
21 0 U 20
22 1 U -1
23 0 U 21
24 0 U 22
25 1 U 24
26 1 U 25
27 0 U 26
28 0 U 27
29 1 U 26
30 0 U 28
31 1 U 30
32 1 U 31
33 1 U 32
34 0 U 33
35 1 U -1
36 1 U 34
37 0 U 35
38 0 U 37
39 1 U 38
40 0 U 39
41 0 U 40
42 0 U 41
43 1 U 31
44 1 U 42
45 0 U 44
46 1 U 45
47 1 U 46
48 1 U -1
49 1 U 48
50 0 U 49
51 1 U 50
52 1 U 51
53 0 U 52
54 1 U 53
55 1 U 54
56 0 U 55
57 0 U 56
58 1 U -1
59 1 U 53
60 0 U 58
61 0 U 60
62 0 U 61
63 1 U 62
64 1 U 63
65 1 U 64
66 1 U 57
67 0 U 65
68 1 U -1
69 0 U 68
70 1 U 68
71 1 U 67
72 0 U 69
73 0 U 72
74 1 U 73
75 0 U 74
76 0 U 75
77 0 U 76
78 0 U 77
79 0 U 72
80 1 U 78
81 0 U 80
82
0 1 U -1
1 1 U 0
2 0 U 1
3 0 U 2
4 0 U 3
5 1 U 4
6 1 U 5
7 1 U 6
8 0 U 7
9 1 U 8
10 1 U 9
11 0 U -1
12 0 U 11
13 0 U 12
14 0 U 13
15 0 U 14
16 1 U 15
17 1 U 16
18 1 U 17
19 0 U 18
20 1 U 19
21 0 U 20
22 1 U -1
23 0 U 21
24 0 U 22
25 1 U 24
26 1 U 25
27 0 U 26
28 0 U 27
29 1 U 26
30 0 U 28
31 1 U 30
32 1 U 31
33 1 U 32
34 0 U 33
35 1 U -1
36 1 U 34
37 0 U 35
38 0 U 37
39 1 U 38
40 0 U 39
41 0 U 40
42 0 U 41
43 1 U 31
44 1 U 42
45 0 U 44
46 1 U 45
47 1 U 46
48 1 U -1
49 1 U 48
50 0 U 49
51 1 U 50
52 1 U 51
53 0 U 52
54 1 U 53
55 1 U 54
56 0 U 55
57 0 U 56
58 1 U -1
59 1 U 53
60 0 U 58
61 0 U 60
62 0 U 61
63 1 U 62
64 1 U 63
65 1 U 64
66 1 U 57
67 0 U 65
68 1 U -1
69 0 U 68
70 1 U 68
71 1 U 67
72 0 U 69
73 0 U 72
74 1 U 73
75 0 U 74
76 0 U 75
77 0 U 76
78 0 U 77
79 0 U 72
80 1 U 78
81 0 U 80
82
0 1 U -1
1 1 U 0
2 0 U 1
3 0 U 2
4 0 U 3
5 1 U 4
6 1 U 5
7 1 U 6
8 0 U 7
9 1 U 8
10 1 U 9
11 0 U -1
12 0 U 11
13 0 U 12
14 0 U 13
15 0 U 14
16 1 U 15
17 1 U 16
18 1 U 17
19 0 U 18
20 1 U 19
21 0 U 20
22 1 U -1
23 0 U 21
24 0 U 22
25 1 U 24
26 1 U 25
27 0 U 26
28 0 U 27
29 1 U 26
30 0 U 28
31 1 U 30
32 1 U 31
33 1 U 32
34 0 U 33
35 1 U -1
36 1 U 34
37 0 U 35
38 0 U 37
39 1 U 38
40 0 U 39
41 0 U 40
42 0 U 41
43 1 U 37
44 1 U 42
45 0 U 44
46 1 U 45
47 1 U 46
48 1 U -1
49 1 U 48
50 0 U 49
51 1 U 50
52 1 U 51
53 0 U 52
54 1 U 53
55 1 U 54
56 0 U 55
57 0 U 56
58 1 U -1
59 1 U 53
60 0 U 58
61 0 U 60
62 0 U 61
63 1 U 62
64 1 U 63
65 1 U 64
66 1 U 57
67 0 U 65
68 1 U -1
69 0 U 68
70 1 U 68
71 1 U 67
72 0 U 69
73 0 U 72
74 1 U 73
75 0 U 74
76 0 U 75
77 0 U 76
78 0 U 77
79 0 U 72
80 1 U 78
81 0 U 80
82
0 1 U -1
1 1 U 0
2 0 U 1
3 0 U 2
4 0 U 3
5 1 U 4
6 1 U 5
7 1 U 6
8 0 U 7
9 1 U 8
10 1 U 9
11 0 U -1
12 0 U 11
13 0 U 12
14 0 U 13
15 0 U 14
16 1 U 15
17 1 U 16
18 1 U 17
19 0 U 18
20 1 U 19
21 0 U 20
22 1 U -1
23 0 U 21
24 0 U 22
25 1 U 24
26 1 U 25
27 0 U 26
28 0 U 27
29 1 U 26
30 0 U 28
31 1 U 30
32 1 U 31
33 1 U 32
34 0 U 33
35 1 U -1
36 1 U 35
37 0 U 36
38 0 U 37
39 1 U 38
40 0 U 39
41 0 U 34
42 0 U 40
43 1 U 31
44 1 U 42
45 0 U 44
46 1 U 45
47 1 U 46
48 1 U -1
49 1 U 48
50 0 U 49
51 1 U 50
52 1 U 51
53 0 U 52
54 1 U 53
55 1 U 54
56 0 U 55
57 0 U 56
58 1 U -1
59 1 U 53
60 0 U 58
61 0 U 60
62 0 U 61
63 1 U 62
64 1 U 63
65 1 U 64
66 1 U 57
67 0 U 65
68 1 U -1
69 0 U 68
70 1 U 68
71 1 U 69
72 0 U 71
73 0 U 72
74 1 U 73
75 0 U 74
76 0 U 75
77 0 U 67
78 0 U 76
79 0 U 69
80 1 U 78
81 0 U 80
82
0 1 U -1
1 1 U 0
2 0 U 1
3 0 U 2
4 0 U 3
5 1 U 4
6 1 U 5
7 1 U 6
8 0 U 7
9 1 U 8
10 1 U 9
11 0 U -1
12 0 U 11
13 0 U 12
14 0 U 13
15 0 U 14
16 1 U 15
17 1 U 16
18 1 U 17
19 0 U 18
20 1 U 19
21 0 U 20
22 1 U -1
23 0 U 21
24 0 U 22
25 1 U 24
26 1 U 25
27 0 U 26
28 0 U 27
29 1 U 26
30 0 U 28
31 1 U 30
32 1 U 31
33 1 U 32
34 0 U 33
35 1 U -1
36 1 U 35
37 0 U 36
38 0 U 37
39 1 U 38
40 0 U 39
41 0 U 34
42 0 U 40
43 1 U 31
44 1 U 42
45 0 U 44
46 1 U 45
47 1 U 46
48 1 U -1
49 1 U 48
50 0 U 49
51 1 U 50
52 1 U 51
53 0 U 52
54 1 U 53
55 1 U 54
56 0 U 55
57 0 U 56
58 1 U -1
59 1 U 53
60 0 U 58
61 0 U 60
62 0 U 61
63 1 U 62
64 1 U 63
65 1 U 64
66 1 U 57
67 0 U 65
68 1 U -1
69 0 U 68
70 1 U 68
71 1 U 69
72 0 U 71
73 0 U 72
74 1 U 73
75 0 U 74
76 0 U 75
77 0 U 67
78 0 U 76
79 0 U 69
80 1 U 78
81 0 U 80
82
0 1 U -1
1 1 U 0
2 0 U 1
3 0 U 2
4 0 U 3
5 1 U 4
6 1 U 5
7 1 U 6
8 0 U 7
9 1 U 8
10 1 U 9
11 0 U 10
12 0 U 11
13 0 U 12
14 0 U -1
15 0 U 14
16 1 U 15
17 1 U 16
18 1 U 17
19 0 U 18
20 1 U 19
21 0 U 20
22 1 U 21
23 0 U 22
24 0 U 23
25 1 U 24
26 1 U 25
27 0 U 26
28 1 U -1
29 1 U -1
30 0 U 28
31 1 U 30
32 1 U 31
33 1 U 32
34 0 U 33
35 1 U 34
36 1 U 35
37 0 U 36
38 0 U 37
39 1 U 38
40 0 U 39
41 0 U -1
42 0 U 40
43 1 U 37
44 1 U 41
45 0 U 44
46 0 U 45
47 1 U 46
48 1 U 47
49 1 U 48
50 1 U 49
51 1 U 50
52 1 U 51
53 0 U 52
54 1 U -1
55 1 U 53
56 0 U -1
57 0 U 56
58 1 U 57
59 1 U 55
60 0 U 58
61 0 U 60
62 0 U 61
63 1 U 62
64 1 U 63
65 1 U 64
66 1 U 65
67 0 U -1
68 0 U 67
69 0 U 68
70 1 U 68
71 1 U 69
72 0 U 71
73 0 U 72
74 1 U 73
75 0 U 74
76 0 U 75
77 0 U 76
78 0 U 77
79 0 U 69
80 1 U 78
81 0 U 80
82
0 1 U -1
1 1 U 0
2 0 U 1
3 0 U 2
4 0 U 3
5 1 U 4
6 1 U 5
7 1 U 6
8 0 U 7
9 1 U 8
10 1 U 9
11 0 U 10
12 0 U 11
13 0 U 12
14 0 U -1
15 0 U 14
16 1 U 15
17 1 U 16
18 1 U 17
19 0 U 18
20 1 U 19
21 0 U 20
22 1 U 21
23 0 U 22
24 0 U 23
25 1 U 24
26 1 U 25
27 0 U 26
28 0 U -1
29 1 U 16
30 0 U 28
31 1 U 30
32 0 U 31
33 1 U 32
34 0 U 33
35 1 U 34
36 1 U 35
37 0 U 36
38 0 U 37
39 1 U 38
40 0 U 39
41 0 U 40
42 0 U 41
43 1 U 37
44 1 U -1
45 0 U 44
46 1 U 45
47 1 U 46
48 1 U 47
49 1 U 48
50 1 U 49
51 1 U 50
52 1 U 51
53 0 U 52
54 1 U 40
55 1 U 53
56 0 U -1
57 0 U 55
58 1 U 56
59 1 U 58
60 0 U 59
61 0 U 60
62 0 U 61
63 1 U 62
64 1 U 63
65 1 U 64
66 1 U 65
67 0 U -1
68 1 U 67
69 0 U 68
70 1 U 62
71 1 U 66
72 0 U 69
73 0 U 72
74 1 U 73
75 0 U 74
76 0 U 75
77 0 U 76
78 1 U 77
79 0 U 68
80 1 U 78
81 0 U 80
82
0 1 U -1
1 1 U 0
2 0 U 1
3 0 U 2
4 0 U 3
5 1 U 4
6 1 U 5
7 1 U 6
8 0 U 7
9 1 U 8
10 1 U 9
11 0 U 10
12 0 U 11
13 0 U 12
14 0 U -1
15 0 U 14
16 1 U 15
17 1 U 16
18 1 U 17
19 0 U 18
20 1 U 19
21 0 U 20
22 1 U 21
23 0 U 22
24 0 U 23
25 1 U 24
26 1 U 25
27 0 U 26
28 0 U -1
29 1 U 15
30 0 U 28
31 1 U 30
32 1 U 31
33 1 U 32
34 0 U 33
35 1 U 34
36 1 U 35
37 0 U 36
38 0 U 37
39 1 U 38
40 0 U 39
41 0 U 40
42 0 U 41
43 1 U -1
44 1 U 43
45 0 U 44
46 1 U 45
47 1 U 46
48 1 U 47
49 1 U 48
50 1 U 49
51 1 U 50
52 1 U 51
53 0 U 52
54 1 U -1
55 1 U 53
56 0 U -1
57 0 U 56
58 1 U 57
59 1 U 55
60 0 U 58
61 0 U 60
62 0 U 61
63 1 U 62
64 1 U 63
65 1 U 64
66 1 U 65
67 0 U -1
68 1 U 67
69 0 U 68
70 1 U 68
71 1 U 69
72 0 U 71
73 0 U 72
74 1 U 73
75 0 U 74
76 0 U 75
77 0 U 76
78 0 U 77
79 0 U 69
80 1 U 78
81 0 U 80
82
0 1 U -1
1 1 U 0
2 0 U 1
3 0 U 2
4 0 U 3
5 0 U 4
6 1 U 5
7 1 U 6
8 1 U 7
9 0 U -1
10 1 U 8
11 0 U 9
12 0 U 11
13 0 U 10
14 0 U 12
15 0 U 14
16 1 U -1
17 1 U 15
18 1 U 17
19 0 U 18
20 1 U 19
21 0 U 20
22 1 U -1
23 0 U 22
24 0 U 23
25 1 U 24
26 0 U 25
27 1 U 26
28 0 U 27
29 1 U 25
30 0 U 28
31 1 U 30
32 0 U 31
33 1 U 32
34 0 U -1
35 1 U 33
36 1 U 34
37 0 U 36
38 0 U 26
39 1 U 37
40 0 U 39
41 0 U 40
42 0 U 41
43 1 U 31
44 1 U 42
45 0 U 44
46 1 U 45
47 1 U -1
48 1 U 46
49 1 U 47
50 0 U 49
51 1 U 50
52 1 U 51
53 0 U 52
54 1 U 53
55 1 U 54
56 0 U 55
57 0 U 56
58 1 U -1
59 1 U 53
60 0 U 58
61 0 U 60
62 0 U 61
63 1 U 62
64 1 U 63
65 1 U 64
66 1 U 57
67 0 U 65
68 1 U -1
69 0 U 68
70 1 U 68
71 1 U 67
72 0 U 69
73 0 U 72
74 0 U 73
75 0 U 74
76 0 U 75
77 0 U 76
78 0 U 77
79 0 U 73
80 1 U 78
81 0 U 80
82
0 1 U -1
1 1 U 0
2 0 U 1
3 0 U 2
4 0 U 3
5 1 U 4
6 1 U 5
7 1 U 6
8 0 U 7
9 1 U 8
10 1 U 9
11 0 U -1
12 0 U 11
13 0 U 12
14 0 U 13
15 0 U 14
16 1 U 15
17 1 U 16
18 1 U 17
19 0 U 18
20 1 U 19
21 0 U 20
22 1 U -1
23 0 U 21
24 0 U 22
25 1 U 24
26 1 U 25
27 0 U 26
28 0 U 27
29 0 U 17
30 0 U 28
31 1 U 30
32 1 U 31
33 1 U 32
34 1 U 33
35 1 U -1
36 1 U 34
37 0 U 35
38 0 U 37
39 1 U 38
40 0 U 39
41 0 U 40
42 0 U 41
43 1 U 31
44 1 U 42
45 0 U 44
46 1 U 45
47 1 U 46
48 1 U -1
49 1 U 48
50 0 U 49
51 1 U 50
52 1 U 51
53 0 U 52
54 1 U 53
55 1 U 54
56 0 U 55
57 0 U 56
58 1 U -1
59 1 U 53
60 0 U 58
61 0 U 60
62 0 U 61
63 1 U 62
64 1 U 63
65 1 U 64
66 1 U 57
67 0 U 65
68 1 U -1
69 0 U 68
70 0 U 62
71 1 U 67
72 0 U 69
73 0 U 72
74 1 U 73
75 0 U 74
76 0 U 75
77 0 U 76
78 0 U 77
79 0 U 72
80 1 U 78
81 0 U 80
82
0 1 U -1
1 1 U 0
2 0 U 1
3 0 U 2
4 0 U 3
5 1 U 4
6 1 U 5
7 1 U 6
8 0 U 7
9 1 U 8
10 1 U 9
11 0 U 10
12 0 U 11
13 0 U -1
14 0 U 13
15 0 U 14
16 1 U 15
17 1 U 16
18 1 U 17
19 0 U 18
20 1 U 19
21 0 U 20
22 1 U 21
23 0 U 22
24 0 U 23
25 1 U 24
26 1 U -1
27 0 U 25
28 0 U 26
29 1 U 16
30 0 U 28
31 1 U 30
32 1 U 31
33 1 U 32
34 0 U 33
35 1 U 34
36 1 U 35
37 0 U 36
38 0 U 37
39 1 U 38
40 0 U 39
41 0 U -1
42 0 U 41
43 0 U 31
44 1 U 42
45 0 U 44
46 1 U 45
47 1 U 46
48 1 U 47
49 1 U 48
50 1 U 49
51 1 U 50
52 1 U 51
53 0 U 52
54 1 U -1
55 1 U 53
56 0 U -1
57 0 U 56
58 1 U 57
59 1 U 58
60 0 U 59
61 0 U 60
62 0 U 61
63 0 U 62
64 1 U 63
65 1 U 64
66 1 U -1
67 0 U 66
68 1 U 67
69 0 U 68
70 1 U 58
71 1 U 69
72 0 U 71
73 0 U 62
74 1 U 72
75 0 U 74
76 0 U 75
77 0 U 76
78 0 U 77
79 0 U 69
80 1 U 78
81 0 U 80
82
0 1 U -1
1 1 U 0
2 0 U 1
3 0 U 2
4 0 U 3
5 1 U 4
6 1 U 5
7 1 U 6
8 0 U 7
9 1 U 8
10 1 U 9
11 0 U 10
12 0 U 11
13 0 U 12
14 0 U -1
15 0 U 14
16 1 U 15
17 1 U 16
18 1 U 17
19 0 U 18
20 1 U 19
21 0 U 20
22 1 U 21
23 0 U 22
24 0 U 23
25 1 U 24
26 1 U 25
27 0 U 26
28 0 U -1
29 1 U 16
30 0 U 28
31 1 U 30
32 1 U 31
33 1 U 32
34 0 U 33
35 1 U 34
36 1 U 35
37 0 U 36
38 0 U 37
39 1 U 38
40 0 U 39
41 0 U 40
42 0 U 41
43 1 U 37
44 1 U -1
45 0 U 44
46 1 U 45
47 1 U 46
48 1 U 47
49 1 U 48
50 0 U 49
51 1 U 50
52 1 U 51
53 0 U 52
54 1 U 40
55 1 U 53
56 0 U -1
57 0 U 55
58 1 U 56
59 1 U 57
60 0 U 58
61 1 U 60
62 0 U 61
63 1 U 62
64 1 U 63
65 1 U 64
66 1 U 65
67 0 U 66
68 1 U -1
69 0 U 68
70 1 U 62
71 1 U 69
72 0 U 71
73 0 U 72
74 1 U 73
75 0 U 74
76 0 U 75
77 0 U 76
78 0 U 77
79 1 U 65
80 1 U 78
81 0 U 80
82
0 1 U -1
1 1 U 0
2 0 U 1
3 0 U 2
4 0 U 3
5 1 U 4
6 1 U 5
7 1 U 6
8 0 U 7
9 1 U 8
10 1 U 9
11 0 U 10
12 0 U 11
13 0 U 12
14 0 U -1
15 0 U 14
16 1 U 15
17 1 U 16
18 1 U 17
19 0 U 18
20 1 U 19
21 0 U 20
22 1 U 21
23 0 U 22
24 0 U 23
25 1 U 24
26 1 U 25
27 0 U 26
28 0 U -1
29 1 U 16
30 0 U 28
31 1 U 30
32 1 U 31
33 1 U 32
34 0 U 33
35 1 U 34
36 1 U 35
37 0 U 36
38 0 U 37
39 1 U 38
40 0 U 39
41 0 U 40
42 0 U 41
43 1 U 37
44 1 U -1
45 0 U 44
46 1 U 45
47 1 U 46
48 1 U 47
49 1 U 48
50 0 U 49
51 1 U 50
52 1 U 51
53 0 U 52
54 1 U 53
55 1 U 54
56 0 U -1
57 0 U 55
58 1 U 56
59 1 U 53
60 0 U 58
61 0 U 60
62 0 U 61
63 1 U 62
64 1 U 63
65 1 U 64
66 1 U 65
67 0 U 66
68 1 U -1
69 0 U 68
70 1 U 62
71 1 U 69
72 0 U 71
73 0 U 72
74 0 U 73
75 0 U 74
76 0 U 75
77 0 U 76
78 0 U 77
79 0 U 72
80 1 U 78
81 1 U 80
82
0 1 U -1
1 1 U 0
2 0 U 1
3 0 U 2
4 0 U 3
5 1 U 4
6 1 U 5
7 1 U 6
8 0 U 7
9 1 U 8
10 1 U 9
11 0 U 10
12 0 U 11
13 0 U 12
14 0 U -1
15 0 U 14
16 1 U 15
17 1 U 16
18 1 U 17
19 0 U 18
20 1 U 19
21 0 U 20
22 1 U 21
23 0 U 22
24 0 U 23
25 1 U 24
26 1 U 25
27 0 U 26
28 0 U -1
29 1 U 16
30 0 U 28
31 1 U 30
32 1 U 31
33 1 U 32
34 0 U 33
35 1 U 34
36 1 U 35
37 0 U 36
38 0 U 37
39 1 U 38
40 0 U 39
41 0 U 40
42 0 U 41
43 1 U 37
44 1 U -1
45 0 U 44
46 1 U 45
47 1 U 46
48 1 U 47
49 1 U 48
50 0 U 49
51 1 U 50
52 1 U 51
53 0 U 52
54 1 U 40
55 1 U 53
56 0 U -1
57 0 U 55
58 1 U 56
59 1 U 57
60 0 U 58
61 0 U 60
62 0 U 61
63 1 U 62
64 1 U 63
65 1 U 64
66 1 U 65
67 0 U 66
68 1 U -1
69 0 U 68
70 1 U 62
71 1 U 69
72 0 U 71
73 0 U 72
74 1 U 73
75 0 U 74
76 0 U 75
77 0 U 76
78 0 U 77
79 0 U 72
80 1 U 78
81 0 U 80
82
0 1 U -1
1 1 U 0
2 0 U 1
3 0 U 2
4 0 U 3
5 1 U 4
6 1 U 5
7 1 U 6
8 0 U 7
9 1 U 8
10 1 U 9
11 0 U 10
12 0 U 11
13 0 U 12
14 0 U -1
15 0 U 14
16 1 U 15
17 1 U 16
18 1 U 17
19 0 U 18
20 1 U 19
21 0 U 20
22 1 U 21
23 0 U 22
24 0 U 23
25 1 U 24
26 1 U 25
27 0 U 26
28 0 U -1
29 1 U 16
30 0 U 28
31 1 U 30
32 1 U 31
33 1 U 32
34 0 U 33
35 1 U 34
36 1 U 35
37 0 U 36
38 0 U 37
39 1 U 38
40 0 U 39
41 0 U 40
42 0 U 41
43 1 U 37
44 1 U -1
45 0 U 44
46 1 U 45
47 1 U 46
48 1 U 47
49 1 U 48
50 0 U 49
51 1 U 50
52 1 U 51
53 0 U 52
54 1 U 40
55 1 U 53
56 0 U -1
57 0 U 55
58 1 U 56
59 1 U 57
60 0 U 58
61 0 U 60
62 0 U 61
63 1 U 62
64 1 U 63
65 1 U 64
66 1 U 65
67 0 U 66
68 1 U -1
69 1 U 68
70 0 U 62
71 1 U 69
72 1 U 71
73 0 U 72
74 1 U 73
75 0 U 74
76 0 U 75
77 0 U 76
78 0 U 77
79 0 U 72
80 1 U 78
81 0 U 80
82
0 1 U -1
1 1 U 0
2 0 U 1
3 0 U 2
4 0 U 3
5 1 U 4
6 1 U 5
7 1 U 6
8 0 U 7
9 1 U 8
10 1 U 9
11 0 U 10
12 0 U 11
13 0 U 12
14 0 U -1
15 0 U 14
16 1 U 15
17 1 U 16
18 1 U 17
19 0 U 18
20 1 U 19
21 0 U 20
22 1 U 21
23 0 U 22
24 0 U 23
25 1 U 24
26 1 U 25
27 0 U 26
28 0 U -1
29 1 U 16
30 0 U 28
31 1 U 30
32 1 U 31
33 1 U 32
34 0 U 33
35 1 U 34
36 1 U 35
37 0 U 36
38 0 U 37
39 1 U 38
40 0 U 39
41 0 U 40
42 0 U 41
43 1 U 37
44 1 U -1
45 0 U 44
46 1 U 45
47 1 U 46
48 1 U 47
49 1 U 48
50 0 U 49
51 1 U 50
52 1 U 51
53 0 U 52
54 1 U 40
55 1 U 53
56 0 U -1
57 0 U 55
58 1 U 56
59 1 U 57
60 0 U 58
61 0 U 60
62 0 U 61
63 1 U 62
64 1 U 63
65 1 U 64
66 1 U 65
67 0 U 66
68 1 U -1
69 0 U 68
70 1 U 69
71 1 U 70
72 0 U 71
73 0 U 72
74 1 U 73
75 0 U 74
76 0 U 75
77 0 U 76
78 0 U 77
79 0 U 69
80 1 U 78
81 0 U 80
82
0 1 U -1
1 1 U 0
2 0 U 1
3 0 U 2
4 0 U 3
5 1 U 4
6 1 U 5
7 1 U 6
8 0 U 7
9 1 U 8
10 1 U 9
11 0 U 10
12 0 U 11
13 0 U 12
14 0 U -1
15 0 U 14
16 1 U 15
17 1 U 16
18 1 U 17
19 0 U 18
20 1 U 19
21 0 U 20
22 1 U 21
23 0 U 22
24 0 U 23
25 1 U 24
26 1 U 25
27 0 U 26
28 0 U -1
29 1 U 15
30 0 U 28
31 1 U 30
32 1 U 31
33 1 U 32
34 0 U 33
35 1 U 34
36 1 U 35
37 0 U 36
38 0 U 37
39 1 U 38
40 0 U 39
41 0 U 40
42 0 U 41
43 1 U 37
44 1 U -1
45 0 U 44
46 1 U 45
47 1 U 46
48 1 U 47
49 1 U 48
50 0 U 49
51 1 U 50
52 1 U 51
53 0 U 52
54 1 U 53
55 1 U 54
56 0 U -1
57 0 U 55
58 1 U 56
59 1 U 53
60 0 U 58
61 1 U 60
62 0 U 61
63 1 U 62
64 1 U 63
65 1 U 64
66 1 U 65
67 0 U 66
68 1 U -1
69 0 U 68
70 1 U 62
71 1 U 69
72 0 U 71
73 0 U 72
74 1 U 73
75 0 U 74
76 0 U 75
77 0 U 76
78 0 U 77
79 0 U 72
80 1 U 78
81 0 U 80
82
0 1 U -1
1 1 U 0
2 0 U 1
3 0 U 2
4 0 U 3
5 1 U 4
6 1 U 5
7 1 U 6
8 0 U 7
9 1 U 8
10 1 U 9
11 0 U 10
12 0 U 11
13 0 U 12
14 0 U -1
15 0 U 14
16 1 U 15
17 1 U 16
18 1 U 17
19 0 U 18
20 1 U 19
21 1 U 20
22 1 U 21
23 0 U 22
24 0 U 23
25 1 U 24
26 1 U 25
27 0 U 26
28 0 U -1
29 1 U 25
30 0 U 28
31 1 U 30
32 1 U 31
33 1 U 32
34 0 U 33
35 1 U 34
36 1 U 35
37 0 U 36
38 0 U 37
39 1 U 38
40 0 U 39
41 0 U 40
42 0 U 41
43 1 U 37
44 1 U -1
45 0 U 44
46 1 U 45
47 1 U 46
48 1 U 47
49 1 U 48
50 0 U 49
51 1 U 50
52 1 U 51
53 0 U 52
54 1 U 40
55 1 U 53
56 0 U -1
57 0 U 55
58 1 U 56
59 1 U 57
60 0 U 58
61 0 U 60
62 0 U 61
63 1 U 62
64 1 U 63
65 1 U 64
66 1 U 65
67 0 U 66
68 1 U -1
69 0 U 68
70 1 U 65
71 1 U 69
72 0 U 71
73 0 U 72
74 1 U 73
75 0 U 74
76 0 U 75
77 0 U 76
78 0 U 77
79 0 U 72
80 1 U 78
81 0 U 80
82
0 1 U -1
1 1 U 0
2 0 U 1
3 0 U 2
4 0 U 3
5 1 U 4
6 1 U 5
7 1 U 6
8 0 U 7
9 1 U 8
10 1 U 9
11 0 U 10
12 0 U 11
13 0 U 12
14 0 U -1
15 0 U 14
16 1 U 15
17 1 U 16
18 1 U 17
19 0 U 18
20 1 U 19
21 0 U 20
22 1 U 21
23 0 U 22
24 0 U 23
25 1 U 24
26 1 U 25
27 0 U 26
28 0 U -1
29 1 U 15
30 0 U 28
31 1 U 30
32 0 U 31
33 1 U 32
34 0 U 33
35 1 U 34
36 1 U 35
37 0 U 36
38 0 U 37
39 1 U 38
40 0 U 39
41 0 U 40
42 0 U 41
43 1 U 37
44 1 U -1
45 0 U 44
46 1 U 45
47 1 U 46
48 1 U 47
49 1 U 48
50 0 U 49
51 1 U 50
52 1 U 51
53 0 U 52
54 1 U 53
55 1 U 54
56 0 U -1
57 0 U 55
58 1 U 56
59 1 U 53
60 0 U 58
61 0 U 60
62 0 U 61
63 1 U 62
64 1 U 63
65 1 U 64
66 1 U 65
67 1 U -1
68 1 U 66
69 0 U 67
70 1 U 62
71 1 U 69
72 0 U 71
73 0 U 72
74 1 U 73
75 0 U 74
76 0 U 75
77 0 U 76
78 0 U 77
79 0 U -1
80 1 U 78
81 0 U 80
82
0 1 U -1
1 1 U 0
2 0 U 1
3 0 U 2
4 0 U 3
5 1 U 4
6 1 U 5
7 1 U 6
8 0 U 7
9 1 U 8
10 1 U 9
11 0 U 10
12 0 U 11
13 0 U 12
14 0 U -1
15 0 U 14
16 1 U 15
17 1 U 16
18 1 U 17
19 0 U 18
20 1 U 19
21 0 U 20
22 1 U 21
23 0 U 22
24 0 U 23
25 1 U 24
26 1 U 25
27 0 U 26
28 0 U -1
29 1 U 22
30 0 U 28
31 1 U 30
32 1 U 31
33 1 U 32
34 0 U 33
35 1 U 34
36 1 U 35
37 0 U 36
38 0 U 37
39 1 U 38
40 0 U 39
41 0 U 40
42 0 U 41
43 1 U 37
44 1 U -1
45 0 U 44
46 1 U 45
47 1 U 46
48 1 U 47
49 1 U 48
50 0 U 49
51 1 U 50
52 1 U 51
53 0 U 52
54 1 U 40
55 1 U 53
56 0 U -1
57 0 U 55
58 1 U 56
59 1 U 57
60 0 U 58
61 0 U 60
62 0 U 61
63 1 U 62
64 1 U 63
65 1 U 64
66 1 U 65
67 0 U 66
68 1 U -1
69 0 U 68
70 1 U 62
71 1 U 69
72 0 U 71
73 0 U 72
74 1 U 73
75 0 U 74
76 0 U 75
77 0 U 76
78 0 U 77
79 0 U 72
80 1 U 78
81 0 U 80
82
0 1 U -1
1 1 U 0
2 0 U 1
3 0 U 2
4 0 U 3
5 1 U 4
6 1 U 5
7 1 U 6
8 0 U 7
9 1 U 8
10 1 U 9
11 0 U 10
12 0 U 11
13 0 U 12
14 0 U -1
15 0 U 14
16 1 U 15
17 1 U 16
18 1 U 17
19 0 U 18
20 1 U 19
21 0 U 20
22 1 U 21
23 0 U 22
24 0 U 23
25 1 U 24
26 1 U 25
27 0 U 26
28 0 U -1
29 1 U 16
30 0 U 28
31 1 U 30
32 0 U 31
33 1 U 32
34 0 U 33
35 1 U 34
36 1 U 35
37 0 U 36
38 0 U 31
39 1 U 37
40 0 U 39
41 0 U 40
42 0 U 41
43 1 U 42
44 1 U -1
45 0 U 44
46 1 U 45
47 1 U 46
48 1 U 47
49 1 U 48
50 0 U 49
51 1 U 50
52 1 U 51
53 0 U 52
54 1 U 40
55 1 U 53
56 0 U -1
57 0 U 55
58 1 U 56
59 1 U 57
60 0 U 58
61 0 U 60
62 0 U 61
63 1 U 62
64 1 U 63
65 1 U 64
66 1 U 65
67 1 U -1
68 1 U 66
69 0 U 67
70 1 U 69
71 1 U 70
72 0 U 71
73 0 U 72
74 1 U 73
75 0 U 74
76 0 U 75
77 0 U 76
78 0 U 77
79 0 U -1
80 1 U 78
81 0 U 80
82
0 1 U -1
1 1 U 0
2 0 U 1
3 0 U 2
4 0 U 3
5 1 U 4
6 1 U 5
7 1 U 6
8 0 U 7
9 1 U 8
10 1 U 9
11 0 U 10
12 0 U 11
13 0 U 12
14 0 U -1
15 0 U 14
16 1 U 15
17 1 U 16
18 1 U 17
19 0 U 18
20 1 U 19
21 0 U 20
22 1 U 21
23 0 U 22
24 0 U 23
25 1 U 24
26 1 U 25
27 0 U 26
28 0 U -1
29 1 U 15
30 0 U 28
31 1 U 30
32 1 U 31
33 1 U 32
34 0 U 33
35 1 U 34
36 1 U 35
37 0 U 36
38 0 U 37
39 1 U 38
40 0 U 39
41 0 U 40
42 0 U 41
43 1 U 37
44 1 U -1
45 0 U 44
46 1 U 45
47 1 U 46
48 1 U 47
49 1 U 48
50 0 U 49
51 1 U 50
52 1 U 51
53 0 U 52
54 1 U 53
55 1 U 54
56 0 U -1
57 0 U 55
58 1 U 56
59 1 U 53
60 0 U 58
61 0 U 60
62 0 U 61
63 1 U 62
64 1 U 63
65 1 U 64
66 1 U 65
67 0 U 66
68 1 U -1
69 0 U 68
70 1 U 65
71 0 U 69
72 0 U 71
73 0 U 69
74 1 U 72
75 0 U 74
76 0 U 75
77 0 U 76
78 0 U 77
79 0 U 78
80 1 U 79
81 0 U 80
82
0 1 U -1
1 1 U 0
2 0 U 1
3 0 U 2
4 0 U 3
5 1 U 4
6 1 U 5
7 1 U 6
8 0 U 7
9 1 U 8
10 1 U 9
11 0 U 10
12 0 U 11
13 0 U 12
14 0 U -1
15 0 U 14
16 1 U 15
17 1 U 16
18 1 U 17
19 0 U 18
20 1 U 19
21 0 U 20
22 1 U 21
23 0 U 22
24 0 U 23
25 1 U 24
26 1 U 25
27 0 U 26
28 0 U -1
29 1 U 15
30 0 U 28
31 1 U 30
32 1 U 31
33 1 U 32
34 0 U 33
35 1 U 34
36 1 U 35
37 0 U 36
38 0 U 37
39 1 U 38
40 0 U 39
41 0 U 40
42 0 U 41
43 1 U 37
44 1 U -1
45 0 U 44
46 1 U 45
47 1 U 46
48 1 U 47
49 1 U 48
50 0 U 49
51 1 U 50
52 1 U 51
53 0 U 52
54 1 U 40
55 1 U 53
56 0 U -1
57 0 U 55
58 1 U 56
59 1 U 57
60 0 U 58
61 0 U 60
62 0 U 61
63 1 U 62
64 1 U 63
65 1 U 64
66 1 U 65
67 0 U 66
68 1 U -1
69 0 U 68
70 1 U 62
71 1 U 69
72 0 U 71
73 0 U 72
74 1 U 73
75 0 U 74
76 0 U 75
77 0 U 76
78 0 U 77
79 0 U 72
80 1 U 78
81 0 U 80
82
0 1 U -1
1 1 U 0
2 0 U 1
3 0 U 2
4 0 U 3
5 1 U 4
6 1 U 5
7 1 U 6
8 0 U 7
9 1 U 8
10 1 U 9
11 0 U 10
12 0 U 11
13 0 U 12
14 0 U -1
15 0 U 14
16 1 U 15
17 1 U 16
18 1 U 17
19 0 U 18
20 1 U 19
21 0 U 20
22 1 U 21
23 0 U 22
24 0 U 23
25 1 U 24
26 1 U 25
27 0 U 26
28 0 U -1
29 1 U 22
30 0 U 28
31 1 U 30
32 1 U 31
33 1 U 32
34 0 U 33
35 1 U 34
36 1 U 35
37 0 U 36
38 0 U 37
39 1 U 38
40 0 U 39
41 0 U 40
42 0 U 41
43 1 U 37
44 1 U -1
45 0 U 44
46 1 U 45
47 1 U 46
48 1 U 47
49 1 U 48
50 0 U 49
51 1 U 50
52 1 U 51
53 0 U 52
54 1 U 53
55 1 U 54
56 0 U -1
57 0 U 55
58 1 U 56
59 1 U 53
60 0 U 58
61 0 U 60
62 0 U 61
63 1 U 62
64 1 U 63
65 1 U 64
66 1 U 65
67 0 U 66
68 1 U -1
69 0 U 68
70 1 U 69
71 1 U 70
72 0 U 71
73 0 U 72
74 1 U 73
75 0 U 74
76 0 U 75
77 0 U 76
78 0 U 77
79 0 U 69
80 1 U 78
81 0 U 80
82
0 1 U -1
1 1 U 0
2 0 U 1
3 0 U 2
4 0 U 3
5 1 U 4
6 1 U 5
7 1 U 6
8 0 U 7
9 1 U 8
10 1 U 9
11 0 U 10
12 0 U 11
13 0 U -1
14 0 U 13
15 0 U 14
16 1 U 15
17 1 U 16
18 1 U 17
19 0 U 18
20 1 U 19
21 1 U 20
22 1 U 21
23 0 U 22
24 0 U 23
25 1 U 24
26 1 U -1
27 0 U 25
28 0 U 26
29 1 U 22
30 0 U 28
31 1 U 30
32 1 U 31
33 1 U 32
34 0 U 33
35 1 U 34
36 1 U 35
37 0 U 36
38 1 U 37
39 1 U 38
40 0 U 39
41 0 U -1
42 0 U 41
43 1 U 31
44 1 U 42
45 0 U 44
46 1 U 45
47 1 U 46
48 1 U 47
49 1 U 48
50 0 U 49
51 1 U 50
52 1 U 51
53 0 U 52
54 1 U -1
55 1 U 53
56 0 U -1
57 0 U 56
58 1 U 57
59 0 U 56
60 0 U 58
61 0 U 60
62 0 U 61
63 1 U 62
64 1 U 63
65 1 U 64
66 1 U 65
67 0 U -1
68 1 U 67
69 1 U 68
70 1 U 68
71 1 U 69
72 0 U 71
73 0 U 72
74 1 U 73
75 0 U 74
76 0 U 75
77 0 U 76
78 0 U 77
79 0 U 72
80 1 U 78
81 0 U 80
82
0 1 U -1
1 1 U 0
2 0 U 1
3 0 U 2
4 0 U 3
5 1 U 4
6 1 U 5
7 1 U 6
8 0 U 7
9 1 U 8
10 1 U 9
11 0 U 10
12 0 U 11
13 0 U -1
14 0 U 13
15 0 U 14
16 1 U 15
17 1 U 16
18 1 U 17
19 0 U 18
20 1 U 19
21 1 U 20
22 1 U 21
23 0 U 22
24 0 U 23
25 1 U 24
26 1 U -1
27 0 U 25
28 0 U 26
29 1 U 22
30 0 U 28
31 1 U 30
32 1 U 31
33 1 U 32
34 0 U 33
35 1 U 34
36 1 U 35
37 0 U 36
38 1 U 37
39 1 U 38
40 0 U 39
41 0 U -1
42 0 U 41
43 1 U 31
44 1 U 42
45 0 U 44
46 1 U 45
47 1 U 46
48 1 U 47
49 1 U 48
50 0 U 49
51 1 U 50
52 1 U 51
53 0 U 52
54 1 U -1
55 1 U 53
56 0 U -1
57 0 U 56
58 0 U 57
59 0 U 56
60 0 U 58
61 0 U 60
62 0 U 61
63 1 U 62
64 1 U 63
65 1 U 64
66 1 U 65
67 0 U -1
68 1 U 67
69 1 U 68
70 1 U 68
71 1 U 69
72 0 U 71
73 0 U 72
74 1 U 73
75 0 U 74
76 0 U 75
77 0 U 76
78 0 U 77
79 0 U 72
80 1 U 78
81 0 U 80
82
0 1 U -1
1 1 U 0
2 0 U 1
3 0 U 2
4 0 U 3
5 1 U 4
6 1 U 5
7 1 U 6
8 0 U 7
9 1 U 8
10 1 U 9
11 0 U 10
12 0 U 11
13 0 U -1
14 0 U 13
15 0 U 14
16 1 U 15
17 1 U 16
18 1 U 17
19 0 U 18
20 1 U 19
21 1 U 20
22 1 U 21
23 0 U 22
24 0 U 23
25 1 U 24
26 1 U -1
27 0 U 25
28 0 U 26
29 1 U 22
30 0 U 28
31 1 U 30
32 1 U 31
33 1 U 32
34 0 U 33
35 1 U 34
36 1 U 35
37 0 U 36
38 1 U 37
39 1 U 38
40 0 U 39
41 0 U -1
42 0 U 41
43 1 U 31
44 1 U 42
45 0 U 44
46 1 U 45
47 1 U 46
48 1 U 47
49 1 U 48
50 0 U 49
51 1 U 50
52 1 U 51
53 0 U 52
54 1 U -1
55 1 U 53
56 0 U -1
57 0 U 56
58 1 U 57
59 0 U 56
60 0 U 58
61 0 U 60
62 0 U 61
63 1 U 62
64 1 U 63
65 1 U 64
66 1 U 65
67 0 U -1
68 1 U 67
69 1 U 68
70 1 U 68
71 1 U 31
72 0 U 71
73 0 U 72
74 1 U 73
75 0 U 74
76 0 U 75
77 0 U 76
78 0 U 77
79 0 U 72
80 1 U 78
81 0 U 80
82
0 1 U -1
1 1 U 0
2 0 U 1
3 0 U 2
4 0 U 3
5 1 U 4
6 1 U 5
7 1 U 6
8 0 U 7
9 1 U 8
10 1 U 9
11 0 U 10
12 0 U 11
13 0 U -1
14 0 U 13
15 0 U 14
16 1 U 15
17 1 U 16
18 1 U 17
19 0 U 18
20 1 U 19
21 1 U 20
22 1 U 21
23 0 U 22
24 0 U 23
25 1 U 24
26 1 U -1
27 0 U 25
28 0 U 26
29 1 U 22
30 0 U 28
31 1 U 30
32 1 U 31
33 0 U 32
34 0 U 33
35 1 U 34
36 1 U 35
37 0 U 36
38 1 U 37
39 1 U 38
40 0 U 39
41 0 U -1
42 0 U 41
43 1 U 31
44 1 U 42
45 0 U 44
46 1 U 45
47 1 U 46
48 1 U 47
49 1 U 48
50 0 U 49
51 1 U 50
52 1 U 51
53 0 U 52
54 1 U -1
55 1 U 53
56 0 U -1
57 0 U 56
58 1 U 57
59 0 U 56
60 0 U 58
61 0 U 60
62 0 U 61
63 1 U 62
64 1 U 63
65 1 U 64
66 1 U 65
67 0 U -1
68 1 U 67
69 1 U 68
70 1 U 68
71 1 U 69
72 0 U 71
73 0 U 72
74 1 U 73
75 0 U 74
76 0 U 75
77 0 U 76
78 0 U 77
79 0 U 72
80 1 U 78
81 0 U 80
82
0 1 U -1
1 1 U 0
2 0 U 1
3 0 U 2
4 0 U 3
5 1 U 4
6 1 U 5
7 1 U 6
8 0 U 7
9 1 U 8
10 1 U 9
11 0 U 10
12 0 U 11
13 0 U -1
14 0 U 13
15 0 U 14
16 1 U 15
17 1 U 16
18 1 U 17
19 0 U 18
20 1 U 19
21 1 U 20
22 1 U 21
23 0 U 22
24 0 U 23
25 1 U 24
26 1 U -1
27 0 U 25
28 0 U 26
29 1 U 22
30 0 U 28
31 1 U 30
32 1 U 31
33 1 U 32
34 0 U 33
35 1 U 34
36 1 U 35
37 0 U 36
38 1 U 37
39 1 U 38
40 0 U 39
41 0 U -1
42 0 U 41
43 1 U 31
44 1 U 42
45 0 U 44
46 1 U 45
47 1 U 46
48 1 U 47
49 1 U 48
50 0 U 49
51 1 U 50
52 1 U 51
53 0 U 52
54 1 U -1
55 1 U 53
56 0 U -1
57 0 U 56
58 1 U 57
59 0 U 56
60 0 U 58
61 0 U 47
62 0 U 61
63 1 U 62
64 1 U 63
65 1 U 64
66 1 U 65
67 0 U -1
68 1 U 67
69 1 U 68
70 1 U 68
71 1 U 69
72 0 U 71
73 0 U 72
74 1 U 73
75 0 U 74
76 0 U 75
77 0 U 76
78 0 U 77
79 0 U 72
80 1 U 78
81 0 U 80
82
0 1 U -1
1 0 U 0
2 0 U 1
3 0 U 2
4 0 U 3
5 1 U 4
6 1 U 5
7 1 U 6
8 0 U 7
9 1 U 8
10 1 U 9
11 0 U 10
12 0 U 11
13 0 U -1
14 0 U 13
15 0 U 14
16 1 U 15
17 1 U 16
18 1 U 17
19 0 U 18
20 1 U 19
21 1 U 20
22 1 U 21
23 0 U 22
24 0 U 23
25 1 U 24
26 1 U -1
27 0 U 25
28 0 U 26
29 1 U 22
30 0 U 28
31 1 U 30
32 1 U 31
33 1 U 32
34 0 U 33
35 1 U 34
36 1 U 35
37 0 U 36
38 1 U 37
39 1 U 38
40 0 U 39
41 0 U -1
42 0 U 41
43 1 U 31
44 1 U 42
45 0 U 44
46 1 U 45
47 1 U 46
48 0 U 47
49 1 U 48
50 0 U 49
51 1 U 50
52 1 U 51
53 0 U 52
54 1 U -1
55 1 U 53
56 0 U -1
57 0 U 56
58 1 U 57
59 0 U 56
60 0 U 58
61 0 U 60
62 0 U 61
63 1 U 62
64 1 U 63
65 1 U 64
66 1 U 65
67 0 U -1
68 1 U 67
69 1 U 68
70 1 U 68
71 1 U 69
72 0 U 71
73 0 U 72
74 1 U 73
75 0 U 74
76 0 U 75
77 0 U 76
78 0 U 77
79 0 U 72
80 1 U 78
81 0 U 80
82
0 1 U -1
1 1 U 0
2 0 U 1
3 0 U 2
4 0 U 3
5 1 U 4
6 1 U 5
7 1 U 6
8 0 U 7
9 1 U 8
10 1 U 9
11 0 U 10
12 0 U 11
13 0 U -1
14 0 U 13
15 0 U 14
16 1 U 15
17 1 U 16
18 1 U 17
19 0 U 18
20 1 U 19
21 1 U 20
22 1 U 21
23 0 U 22
24 0 U 23
25 1 U 24
26 1 U -1
27 0 U 25
28 0 U 26
29 1 U 22
30 0 U 28
31 1 U 30
32 1 U 31
33 1 U 32
34 0 U 33
35 1 U 34
36 1 U 35
37 0 U 36
38 1 U 37
39 1 U 38
40 0 U 39
41 0 U -1
42 0 U 41
43 1 U 31
44 1 U 42
45 0 U 44
46 1 U 45
47 1 U 46
48 1 U 47
49 1 U 48
50 0 U 49
51 1 U 50
52 1 U 51
53 0 U 52
54 1 U -1
55 1 U 53
56 0 U -1
57 0 U 56
58 1 U 57
59 0 U 56
60 0 U 58
61 0 U 60
62 0 U 61
63 1 U 62
64 1 U 63
65 1 L 64
66 1 U 65
67 0 U -1
68 1 U 67
69 1 U 68
70 1 U 68
71 1 U 69
72 0 U 71
73 0 U 72
74 1 U 73
75 0 U 74
76 0 U 75
77 0 U 76
78 0 U 77
79 0 U 72
80 1 U 78
81 0 U 80
82
0 1 U -1
1 1 U 0
2 0 U 1
3 0 U 2
4 0 U 3
5 1 U 4
6 1 U 5
7 1 U 6
8 0 U 7
9 1 U 8
10 1 U 9
11 0 U 10
12 0 U 11
13 0 U -1
14 0 U 13
15 0 U 14
16 1 U 15
17 1 U 16
18 1 U 17
19 0 U 18
20 1 U 19
21 1 U 20
22 1 U 21
23 0 U 22
24 0 U 23
25 1 U 24
26 1 U -1
27 0 U 25
28 0 U 26
29 1 U 22
30 0 U 28
31 1 U 30
32 1 U 31
33 1 U 32
34 0 U 33
35 1 U 34
36 1 U 35
37 0 U 36
38 1 U 37
39 1 U 38
40 0 U 39
41 0 U -1
42 0 U 41
43 1 L 3
44 1 U 42
45 0 U 44
46 1 U 45
47 1 U 46
48 1 U 47
49 1 U 48
50 0 U 49
51 1 U 50
52 1 U 51
53 0 U 52
54 1 U -1
55 1 U 53
56 0 U -1
57 0 U 56
58 1 U 57
59 0 U 56
60 0 U 58
61 0 U 60
62 0 U 61
63 1 U 62
64 1 U 63
65 1 U 64
66 1 U 65
67 0 U -1
68 1 U 67
69 1 U 68
70 1 U 68
71 1 U 69
72 0 U 71
73 0 U 72
74 1 U 73
75 0 U 74
76 0 U 75
77 0 U 76
78 0 U 77
79 0 U 72
80 1 U 78
81 0 U 80
82
0 1 L -1
1 1 U 0
2 0 U 1
3 0 U 2
4 0 U 3
5 1 U 4
6 1 U 5
7 1 U 6
8 0 U 7
9 1 U 8
10 1 U 9
11 0 U 10
12 0 U 11
13 0 U -1
14 0 U 13
15 0 U 14
16 1 U 15
17 1 U 16
18 1 U 17
19 0 U 18
20 1 U 19
21 1 U 20
22 1 U 21
23 0 U 22
24 0 U 23
25 1 U 24
26 1 U -1
27 0 U 25
28 0 U 26
29 1 U 22
30 0 U 28
31 1 U 30
32 1 U 31
33 1 U 32
34 0 U 33
35 1 U 34
36 1 U 35
37 0 U 36
38 1 U 37
39 1 U 38
40 0 U 39
41 0 U -1
42 0 U 41
43 1 U 31
44 1 U 42
45 0 U 44
46 1 U 45
47 1 U 46
48 1 U 47
49 1 U 48
50 0 U 49
51 1 U 50
52 1 U 51
53 0 U 52
54 1 U -1
55 1 U 53
56 0 U -1
57 0 U 56
58 1 U 57
59 0 U 56
60 0 U 58
61 0 U 60
62 0 U 61
63 1 U 62
64 1 U 63
65 1 U 64
66 1 U 65
67 0 U -1
68 1 U 67
69 1 U 68
70 1 U 68
71 1 U 69
72 0 U 71
73 0 U 72
74 1 U 73
75 0 U 74
76 0 U 75
77 0 U 76
78 0 U 77
79 0 U 72
80 1 U 78
81 0 U 80
82
0 1 U -1
1 1 U 0
2 0 U 1
3 0 U 2
4 0 U 3
5 1 U 4
6 1 U 5
7 1 U 6
8 0 U 7
9 1 U 8
10 1 U 9
11 0 U 10
12 0 U 11
13 0 U -1
14 0 U 13
15 0 U 14
16 1 U 15
17 1 U 16
18 1 U 17
19 0 U 18
20 1 U 19
21 1 U 20
22 1 U 21
23 0 U 22
24 0 U 23
25 1 U 24
26 1 U -1
27 0 U 25
28 0 U 26
29 1 U 22
30 0 U 28
31 1 U 30
32 1 U 31
33 1 U 32
34 0 U 33
35 1 U 34
36 1 U 35
37 0 U 36
38 1 U 37
39 1 U 38
40 0 U 39
41 0 U -1
42 0 U 41
43 1 U 31
44 1 U 42
45 1 U 44
46 1 U 45
47 1 U 46
48 1 U 47
49 1 U 48
50 0 U 49
51 1 U 50
52 1 U 51
53 0 U 52
54 1 U -1
55 1 U 53
56 0 U -1
57 0 U 56
58 1 U 57
59 0 U 56
60 0 U 58
61 0 U 60
62 0 U 61
63 1 U 62
64 1 U 63
65 1 U 64
66 1 U 65
67 0 U -1
68 1 U 67
69 1 U 68
70 1 U 68
71 1 U 69
72 0 U 71
73 0 U 72
74 1 U 73
75 0 U 74
76 0 U 75
77 0 U 76
78 0 U 77
79 0 U 72
80 1 U 78
81 0 U 80
82
0 1 L -1
1 1 U 0
2 0 U 1
3 0 U 2
4 0 U 3
5 1 U 4
6 1 U 5
7 1 U 6
8 0 U 7
9 1 U 8
10 1 U 9
11 0 U 10
12 0 U 11
13 0 U -1
14 0 U 13
15 0 U 14
16 1 U 15
17 1 U 16
18 1 U 17
19 0 U 18
20 1 U 19
21 1 U 20
22 1 U 21
23 0 U 22
24 0 U 23
25 1 U 24
26 1 U -1
27 0 U 25
28 0 U 26
29 1 U 22
30 0 U 28
31 1 U 30
32 1 U 31
33 1 U 32
34 0 U 33
35 1 U 34
36 1 U 35
37 0 U 36
38 1 U 37
39 1 U 38
40 0 U 39
41 0 U -1
42 0 U 41
43 1 U 31
44 1 U 42
45 0 U 44
46 1 U 45
47 1 U 46
48 1 U 47
49 1 U 48
50 0 U 49
51 1 U 50
52 1 U 51
53 0 U 52
54 1 U -1
55 1 U 53
56 0 U -1
57 0 U 56
58 1 U 57
59 0 U 56
60 0 U 58
61 0 U 60
62 0 U 61
63 1 U 62
64 1 U 63
65 1 U 64
66 1 U 65
67 0 U -1
68 1 U 67
69 1 U 68
70 1 U 68
71 1 U 69
72 0 U 71
73 0 U 72
74 1 U 73
75 0 U 74
76 0 U 75
77 0 U 76
78 0 U 77
79 0 U 72
80 1 U 78
81 0 U 80
82
0 1 U -1
1 1 U 0
2 0 U 1
3 0 U 2
4 0 U 3
5 1 U 4
6 1 U 5
7 1 U 6
8 0 U 7
9 1 U 8
10 1 U 9
11 0 U 10
12 0 U 11
13 0 U -1
14 0 U 13
15 0 U 14
16 1 U 15
17 1 U 16
18 1 U 17
19 0 U 18
20 1 U 19
21 1 U 20
22 1 U 21
23 0 U 22
24 0 U 23
25 1 U 24
26 1 U -1
27 0 U 25
28 0 U 26
29 1 U 22
30 0 U 28
31 1 U 30
32 1 U 31
33 1 U 32
34 0 U 33
35 1 U 34
36 1 U 35
37 0 U 36
38 1 U 37
39 1 U 38
40 0 U 39
41 0 U -1
42 0 U 41
43 1 U 31
44 1 U 42
45 0 U 44
46 1 U 45
47 1 U 46
48 1 U 47
49 1 U 48
50 0 U 49
51 1 U 50
52 1 U 51
53 0 U 52
54 1 U -1
55 1 U 53
56 0 U -1
57 0 U 56
58 1 U 57
59 1 U 56
60 0 U 58
61 0 U 60
62 0 U 61
63 1 U 62
64 1 U 63
65 1 U 64
66 1 U 65
67 0 U -1
68 1 U 67
69 1 U 68
70 1 U 68
71 1 U 69
72 0 U 71
73 0 U 72
74 1 U 73
75 0 U 74
76 0 U 75
77 0 U 76
78 0 U 77
79 0 U 72
80 1 U 78
81 0 U 80
82
0 1 U -1
1 1 U 0
2 0 U 1
3 0 U 2
4 0 U 3
5 1 U 4
6 1 U 5
7 1 U 6
8 0 U 7
9 1 U 8
10 1 U 9
11 0 U 10
12 0 U 11
13 0 U -1
14 0 U 13
15 0 U 14
16 1 U 15
17 1 U 16
18 1 U 17
19 0 U 18
20 1 U 19
21 1 U 20
22 1 U 21
23 0 U 22
24 0 U 23
25 1 U 24
26 1 U -1
27 0 L 10
28 0 U 26
29 1 U 22
30 0 U 28
31 1 U 30
32 1 U 31
33 1 U 32
34 0 U 33
35 1 U 34
36 1 U 35
37 0 U 36
38 1 U 37
39 1 U 38
40 0 U 39
41 0 U -1
42 0 U 41
43 1 U 31
44 1 U 42
45 0 U 44
46 1 U 45
47 1 U 46
48 1 U 47
49 1 U 48
50 0 U 49
51 1 U 50
52 1 U 51
53 0 U 52
54 1 U -1
55 1 U 53
56 0 U -1
57 0 U 56
58 1 U 57
59 0 U 56
60 0 U 58
61 0 U 60
62 0 U 61
63 1 U 62
64 1 U 63
65 1 U 64
66 1 U 65
67 0 U -1
68 1 U 67
69 1 U 68
70 1 U 68
71 1 U 69
72 0 U 71
73 0 U 72
74 1 U 73
75 0 U 74
76 0 U 75
77 0 U 76
78 0 U 77
79 0 U 72
80 1 U 78
81 0 U 80
82
0 1 U -1
1 1 U 0
2 0 U 1
3 0 U 2
4 0 U 3
5 0 U 4
6 1 U 5
7 1 U 6
8 0 U 7
9 1 U 8
10 1 U 9
11 0 U 10
12 0 U 11
13 0 U -1
14 0 U 13
15 0 U 14
16 1 U 15
17 1 U 16
18 1 U 17
19 0 U 18
20 1 U 19
21 1 U 20
22 1 U 21
23 0 U 22
24 0 U 23
25 1 U 24
26 1 U -1
27 0 U 25
28 0 U 26
29 1 U 22
30 0 U 28
31 1 U 30
32 1 U 31
33 1 U 32
34 0 U 33
35 1 U 34
36 1 U 35
37 0 U 36
38 1 U 37
39 1 U 38
40 0 U 39
41 0 U -1
42 0 U 41
43 1 U 31
44 1 U 42
45 0 U 44
46 1 U 45
47 1 U 46
48 1 U 47
49 1 U 48
50 0 U 49
51 1 U 50
52 1 U 51
53 0 U 52
54 1 U -1
55 1 U 53
56 0 U -1
57 0 U 56
58 1 U 57
59 0 U 56
60 0 U 58
61 0 U 60
62 0 U 61
63 1 U 62
64 1 U 63
65 1 U 64
66 1 U 65
67 0 U -1
68 1 U 67
69 1 U 68
70 1 U 68
71 1 U 69
72 0 U 71
73 0 U 72
74 1 U 73
75 0 U 74
76 0 U 75
77 0 U 76
78 0 U 77
79 0 U 72
80 1 U 78
81 0 U 80
82
0 1 U -1
1 1 U 0
2 0 U 1
3 0 U 2
4 0 U 3
5 1 U 4
6 1 U 5
7 1 U 6
8 0 U 7
9 1 U 8
10 1 U 9
11 0 U 10
12 0 U 11
13 0 U -1
14 0 U 13
15 0 U 14
16 1 U 15
17 1 L 11
18 1 U 17
19 0 U 18
20 1 U 19
21 1 U 20
22 1 U 21
23 0 U 22
24 0 U 23
25 1 U 24
26 1 U -1
27 0 U 25
28 0 U 26
29 1 U 22
30 0 U 28
31 1 U 30
32 1 U 31
33 1 U 32
34 0 U 33
35 1 U 34
36 1 U 35
37 0 U 36
38 1 U 37
39 1 U 38
40 0 U 39
41 0 U -1
42 0 U 41
43 1 U 31
44 1 U 42
45 0 U 44
46 1 U 45
47 1 U 46
48 1 U 47
49 1 U 48
50 0 U 49
51 1 U 50
52 1 U 51
53 0 U 52
54 1 U -1
55 1 U 53
56 0 U -1
57 0 U 56
58 1 U 57
59 0 U 56
60 0 U 58
61 0 U 60
62 0 U 61
63 1 U 62
64 1 U 63
65 1 U 64
66 1 U 65
67 0 U -1
68 1 U 67
69 1 U 68
70 1 U 68
71 1 U 69
72 0 U 71
73 0 U 72
74 1 U 73
75 0 U 74
76 0 U 75
77 0 U 76
78 0 U 77
79 0 U 72
80 1 U 78
81 0 U 80
82
0 1 U -1
1 1 U 0
2 0 U 1
3 0 U 2
4 0 U 3
5 1 U 4
6 1 U 5
7 1 U 6
8 0 U 7
9 1 U 8
10 1 U 9
11 0 U 10
12 0 U 11
13 0 U -1
14 0 U 13
15 0 U 14
16 1 U 15
17 1 U 16
18 1 U 17
19 0 U 18
20 1 U 19
21 1 U 20
22 1 U 21
23 0 U 22
24 0 U 23
25 1 U 24
26 1 U -1
27 0 U 25
28 0 U 26
29 0 U 22
30 0 U 28
31 1 U 30
32 1 U 31
33 1 U 32
34 0 U 33
35 1 U 34
36 1 U 35
37 0 U 36
38 1 U 37
39 1 U 38
40 0 U 39
41 0 U -1
42 0 U 41
43 1 U 31
44 1 U 42
45 0 U 44
46 1 U 45
47 1 U 46
48 1 U 47
49 1 U 48
50 0 U 49
51 1 U 50
52 1 U 51
53 0 U 52
54 1 U -1
55 1 U 53
56 0 U -1
57 0 U 56
58 1 U 57
59 0 U 56
60 0 U 58
61 0 U 60
62 0 U 61
63 1 U 62
64 1 U 63
65 1 U 64
66 1 U 65
67 0 U -1
68 1 U 67
69 1 U 68
70 1 U 68
71 1 U 69
72 0 U 71
73 0 U 72
74 1 U 73
75 0 U 74
76 0 U 75
77 0 U 76
78 0 U 77
79 0 U 72
80 1 U 78
81 0 U 80
82
0 1 U -1
1 1 U 0
2 0 U 1
3 0 U 2
4 0 U 3
5 1 U 4
6 1 U 5
7 1 U 6
8 0 U 7
9 1 U 8
10 1 U 9
11 0 U 10
12 0 U 11
13 0 U -1
14 0 U 13
15 0 U 14
16 1 U 15
17 1 L 16
18 1 U 17
19 0 U 18
20 1 U 19
21 1 U 20
22 1 U 21
23 0 U 22
24 0 U 23
25 1 U 24
26 1 U -1
27 0 U 25
28 0 U 26
29 1 U 22
30 0 U 28
31 1 U 30
32 1 U 31
33 1 U 32
34 0 U 33
35 1 U 34
36 1 U 35
37 0 U 36
38 1 U 37
39 1 U 38
40 0 U 39
41 0 U -1
42 0 U 41
43 1 U 31
44 1 U 42
45 0 U 44
46 1 U 45
47 1 U 46
48 1 U 47
49 1 U 48
50 0 U 49
51 1 U 50
52 1 U 51
53 0 U 52
54 1 U -1
55 1 U 53
56 0 U -1
57 0 U 56
58 1 U 57
59 0 U 56
60 0 U 58
61 0 U 60
62 0 U 61
63 1 U 62
64 1 U 63
65 1 U 64
66 1 U 65
67 0 U -1
68 1 U 67
69 1 U 68
70 1 U 68
71 1 U 69
72 0 U 71
73 0 U 72
74 1 U 73
75 0 U 74
76 0 U 75
77 0 U 76
78 0 U 77
79 0 U 72
80 1 U 78
81 0 U 80
82
0 1 U -1
1 1 U 0
2 0 U 1
3 0 U 2
4 0 U 3
5 1 U 4
6 1 U 5
7 1 U 6
8 0 U 7
9 1 U 8
10 1 U 9
11 0 U 10
12 0 U 11
13 0 U -1
14 0 U 13
15 0 U 14
16 1 U 15
17 1 U 16
18 1 U 17
19 0 U 18
20 1 U 19
21 1 U 20
22 1 U 21
23 0 U 22
24 0 U 23
25 1 U 24
26 1 U -1
27 0 U 25
28 0 U 26
29 1 U 22
30 0 U 28
31 1 U 30
32 1 U 31
33 1 U 32
34 0 U 33
35 1 U 34
36 1 U 35
37 0 U 36
38 1 U 37
39 1 U 38
40 0 U 39
41 0 U -1
42 0 U 41
43 1 U 31
44 1 U 42
45 0 U 44
46 1 U 45
47 1 U 46
48 1 U 47
49 1 U 48
50 0 U 49
51 1 U 50
52 1 U 51
53 0 U 52
54 1 U -1
55 1 U 53
56 0 U -1
57 0 U 56
58 1 U 57
59 0 U 56
60 0 U 58
61 0 U 60
62 0 U 61
63 1 U 62
64 1 U 63
65 1 U 64
66 0 U 65
67 0 U -1
68 1 U 67
69 1 U 68
70 1 U 68
71 1 U 69
72 0 U 71
73 0 U 72
74 1 U 73
75 0 U 74
76 0 U 75
77 0 U 76
78 0 U 77
79 0 U 72
80 1 U 78
81 0 U 80
82
0 1 U -1
1 1 U 0
2 0 U 1
3 0 U 2
4 0 U 3
5 1 U 4
6 1 U 5
7 1 U 6
8 0 U 7
9 1 U 8
10 1 U 9
11 0 U 10
12 0 U 11
13 0 U -1
14 0 U 13
15 0 U 14
16 1 U 15
17 1 U 16
18 1 U 17
19 0 U 18
20 1 U 19
21 1 U 20
22 1 U 21
23 0 U 22
24 0 U 23
25 1 U 24
26 1 U -1
27 0 U 25
28 0 U 26
29 1 U 22
30 0 U 28
31 1 U 30
32 1 U 31
33 1 U 32
34 0 U 33
35 1 U 34
36 1 U 35
37 0 U 36
38 1 U 37
39 0 U 38
40 0 U 39
41 0 U -1
42 0 U 41
43 1 U 31
44 1 U 42
45 0 U 44
46 1 U 45
47 1 U 46
48 1 U 47
49 1 U 48
50 0 U 49
51 1 U 50
52 1 U 51
53 0 U 52
54 1 U -1
55 1 U 53
56 0 U -1
57 0 U 56
58 1 U 57
59 0 U 56
60 0 U 58
61 0 U 60
62 0 U 61
63 1 U 62
64 1 U 63
65 1 U 64
66 1 U 65
67 0 U -1
68 1 U 67
69 1 U 68
70 1 U 68
71 1 U 69
72 0 U 71
73 0 U 72
74 1 U 73
75 0 U 74
76 0 U 75
77 0 U 76
78 0 U 77
79 0 U 72
80 1 U 78
81 0 U 80
82
0 1 U -1
1 1 U 0
2 0 U 1
3 0 U 2
4 0 U 3
5 1 U 4
6 1 U 5
7 1 U 6
8 0 U 7
9 1 U 8
10 1 U 9
11 0 U 10
12 0 U 11
13 0 U -1
14 0 U 13
15 0 U 14
16 1 U 15
17 1 U 16
18 1 U 17
19 0 U 18
20 1 U 19
21 1 U 20
22 0 U 21
23 0 U 22
24 0 U 23
25 1 U 24
26 1 U -1
27 0 U 25
28 0 U 26
29 1 U 22
30 0 U 28
31 1 U 30
32 1 U 31
33 1 U 32
34 0 U 33
35 1 U 34
36 1 U 35
37 0 U 36
38 1 U 37
39 1 U 38
40 0 U 39
41 0 U -1
42 0 U 41
43 1 U 31
44 1 U 42
45 0 U 44
46 1 U 45
47 1 U 46
48 1 U 47
49 1 U 48
50 0 U 49
51 1 U 50
52 1 U 51
53 0 U 52
54 1 U -1
55 1 U 53
56 0 U -1
57 0 U 56
58 1 U 57
59 0 U 56
60 0 U 58
61 0 U 60
62 0 U 61
63 1 U 62
64 1 U 63
65 1 U 64
66 1 U 65
67 0 U -1
68 1 U 67
69 1 U 68
70 1 U 68
71 1 U 69
72 0 U 71
73 0 U 72
74 1 U 73
75 0 U 74
76 0 U 75
77 0 U 76
78 0 U 77
79 0 U 72
80 1 U 78
81 0 U 80
82
0 1 U -1
1 1 U 0
2 0 U 1
3 0 U 2
4 0 U 3
5 1 U 4
6 0 U 5
7 1 U 6
8 0 U 7
9 1 U 8
10 1 U 9
11 0 U 10
12 0 U 11
13 0 U -1
14 0 U 13
15 0 U 14
16 1 U 15
17 1 U 16
18 1 U 17
19 0 U 18
20 1 U 19
21 1 U 20
22 1 U 21
23 0 U 22
24 0 U 23
25 1 U 24
26 1 U -1
27 0 U 25
28 0 U 26
29 1 U 22
30 0 U 28
31 1 U 30
32 1 U 31
33 1 U 32
34 0 U 33
35 1 U 34
36 1 U 35
37 0 U 36
38 1 U 37
39 1 U 38
40 0 U 39
41 0 U -1
42 0 U 41
43 1 U 31
44 1 U 42
45 0 U 44
46 1 U 45
47 1 U 46
48 1 U 47
49 1 U 48
50 0 U 49
51 1 U 50
52 1 U 51
53 0 U 52
54 1 U -1
55 1 U 53
56 0 U -1
57 0 U 56
58 1 U 57
59 0 U 56
60 0 U 58
61 0 U 60
62 0 U 61
63 1 U 62
64 1 U 63
65 1 U 64
66 1 U 65
67 0 U -1
68 1 U 67
69 1 U 68
70 1 U 68
71 1 U 69
72 0 U 71
73 0 U 72
74 1 U 73
75 0 U 74
76 0 U 75
77 0 U 76
78 0 U 77
79 0 U 72
80 1 U 78
81 0 U 80
82
0 1 U -1
1 1 U 0
2 0 U 1
3 0 U 2
4 0 U 3
5 1 U 4
6 1 U 5
7 1 U 6
8 0 U 7
9 1 U 8
10 1 U 9
11 0 U 10
12 0 U 11
13 0 U -1
14 0 U 13
15 0 U 14
16 1 U 15
17 1 U 16
18 1 U 17
19 0 U 18
20 1 U 19
21 1 U 20
22 1 U 21
23 0 U 22
24 0 U 23
25 1 U 24
26 1 U -1
27 0 U 25
28 0 U 26
29 1 U 22
30 0 U 28
31 1 U 30
32 1 U 31
33 1 U 32
34 0 U 33
35 1 U 34
36 1 U 35
37 0 U 36
38 1 U 37
39 1 U 38
40 0 U 39
41 0 U -1
42 0 U 41
43 1 U 31
44 1 U 42
45 0 U 44
46 1 U 45
47 1 U 46
48 1 U 47
49 1 U 48
50 0 U 49
51 1 U 50
52 1 U 51
53 0 U 52
54 1 U -1
55 1 U 53
56 0 U -1
57 0 U 56
58 1 U 57
59 0 U 56
60 1 U 58
61 0 U 60
62 0 U 61
63 1 U 62
64 1 U 63
65 1 U 64
66 1 U 65
67 0 U -1
68 1 U 67
69 1 U 68
70 1 U 68
71 1 U 69
72 0 U 71
73 0 U 72
74 1 U 73
75 0 U 74
76 0 U 75
77 0 U 76
78 0 U 77
79 0 U 72
80 1 U 78
81 0 U 80
82
0 1 U -1
1 1 U 0
2 0 U 1
3 0 U 2
4 0 U 3
5 1 U 4
6 1 U 5
7 1 U 6
8 0 U 7
9 1 U 8
10 1 U 9
11 0 U 10
12 0 U 11
13 0 U -1
14 0 U 13
15 0 U 14
16 1 U 15
17 1 U 16
18 1 U 17
19 0 U 18
20 1 U 19
21 1 U 20
22 1 U 21
23 0 U 22
24 0 U 23
25 1 U 24
26 1 U -1
27 0 U 25
28 0 U 26
29 1 U 22
30 0 U 28
31 1 U 30
32 1 U 31
33 1 U 32
34 0 U 33
35 1 U 34
36 1 U 35
37 0 U 36
38 1 U 37
39 1 U 38
40 0 U 39
41 0 U -1
42 0 U 41
43 1 U 31
44 1 U 42
45 0 U 44
46 1 U 45
47 1 U 46
48 1 U 47
49 1 U 48
50 0 U 49
51 1 U 50
52 1 U 51
53 1 U 52
54 1 U -1
55 1 U 53
56 0 U -1
57 0 U 56
58 1 U 57
59 0 U 56
60 0 U 58
61 0 U 60
62 0 U 61
63 1 U 62
64 1 U 63
65 1 U 64
66 1 U 65
67 0 U -1
68 1 U 67
69 1 U 68
70 1 U 68
71 1 U 69
72 0 U 71
73 0 U 72
74 1 U 73
75 0 U 74
76 0 U 75
77 0 U 76
78 0 U 77
79 0 U 72
80 1 U 78
81 0 U 80
82
0 1 U -1
1 1 U 0
2 0 U 1
3 0 U 2
4 0 U 3
5 1 U 4
6 1 U 5
7 1 U 6
8 0 U 7
9 1 U 8
10 1 U 9
11 0 U 10
12 0 U 11
13 0 U -1
14 0 U 13
15 0 U 14
16 1 U 15
17 1 U 16
18 1 U 17
19 0 U 18
20 1 U 19
21 1 U 20
22 1 U 21
23 0 U 22
24 0 U 23
25 1 U 24
26 1 U -1
27 0 U 25
28 0 U 26
29 1 U 22
30 0 U 28
31 1 U 30
32 1 U 31
33 1 U 32
34 0 U 33
35 1 U 34
36 1 U 35
37 1 U 36
38 1 U 37
39 1 U 38
40 0 U 39
41 0 U -1
42 0 U 41
43 1 U 31
44 1 U 42
45 0 U 44
46 1 U 45
47 1 U 46
48 1 U 47
49 1 U 48
50 0 U 49
51 1 U 50
52 1 U 51
53 0 U 52
54 1 U -1
55 1 U 53
56 0 U -1
57 0 U 56
58 1 U 57
59 0 U 56
60 0 U 58
61 0 U 60
62 0 U 61
63 1 U 62
64 1 U 63
65 1 U 64
66 1 U 65
67 0 U -1
68 1 U 67
69 1 U 68
70 1 U 68
71 1 U 69
72 0 U 71
73 0 U 72
74 1 U 73
75 0 U 74
76 0 U 75
77 0 U 76
78 0 U 77
79 0 U 72
80 1 U 78
81 0 U 80
82
0 1 U -1
1 1 U 0
2 0 U 1
3 0 U 2
4 0 U 3
5 1 U 4
6 1 U 5
7 1 U 6
8 0 U 7
9 1 U 8
10 1 U 9
11 0 U 10
12 0 U 11
13 0 U -1
14 0 U 13
15 0 U 14
16 1 U 15
17 1 U 16
18 1 U 17
19 0 U 18
20 1 U 19
21 1 U 20
22 1 U 21
23 0 U 22
24 0 U 23
25 1 U 24
26 1 U -1
27 0 U 25
28 0 U 26
29 1 U 22
30 0 U 28
31 1 U 30
32 1 U 31
33 1 U 32
34 0 U 33
35 1 U 34
36 1 U 35
37 0 U 36
38 1 U 37
39 1 U 38
40 0 U 39
41 0 U -1
42 0 U 41
43 1 U 31
44 1 U 42
45 0 U 44
46 1 U 45
47 1 U 46
48 1 U 47
49 1 L 40
50 0 U 49
51 1 U 50
52 1 U 51
53 0 U 52
54 1 U -1
55 1 U 53
56 0 U -1
57 0 U 56
58 1 U 57
59 0 U 56
60 0 U 58
61 0 U 60
62 0 U 61
63 1 U 62
64 1 U 63
65 1 U 64
66 1 U 65
67 0 U -1
68 1 U 67
69 1 U 68
70 1 U 68
71 1 U 69
72 0 U 71
73 0 U 72
74 1 U 73
75 0 U 74
76 0 U 75
77 0 U 76
78 0 U 77
79 0 U 72
80 1 U 78
81 0 U 80
82
0 1 U -1
1 1 U 0
2 0 U 1
3 0 U 2
4 0 U 3
5 1 U 4
6 1 U 5
7 1 U 6
8 0 U 7
9 1 U 8
10 1 U 9
11 0 U 10
12 0 U 11
13 0 U -1
14 0 U 13
15 0 U 14
16 1 U 15
17 1 U 16
18 1 U 17
19 0 U 18
20 1 U 19
21 1 U 20
22 1 U 21
23 0 U 22
24 0 U 23
25 1 U 24
26 1 U -1
27 0 U 25
28 0 U 26
29 1 U 22
30 0 U 28
31 1 U 30
32 1 U 31
33 1 U 32
34 0 U 33
35 1 U 34
36 1 U 35
37 0 U 36
38 1 U 37
39 1 U 38
40 0 U 39
41 0 U -1
42 0 U 41
43 1 U 31
44 1 U 42
45 0 U 44
46 1 U 45
47 1 U 46
48 1 U 47
49 1 U 48
50 0 U 49
51 1 U 50
52 1 U 51
53 0 U 52
54 0 U -1
55 1 U 53
56 0 U -1
57 0 U 56
58 1 U 57
59 0 U 56
60 0 U 58
61 0 U 60
62 0 U 61
63 1 U 62
64 1 U 63
65 1 U 64
66 1 U 65
67 0 U -1
68 1 U 67
69 1 U 68
70 1 U 68
71 1 U 69
72 0 U 71
73 0 U 72
74 1 U 73
75 0 U 74
76 0 U 75
77 0 U 76
78 0 U 77
79 0 U 72
80 1 U 78
81 0 U 80
82
0 1 U -1
1 1 U 0
2 0 U 1
3 0 U 2
4 0 U 3
5 1 U 4
6 1 U 5
7 1 U 6
8 0 U 7
9 1 U 8
10 1 U 9
11 0 U 10
12 0 U 11
13 0 U -1
14 0 U 13
15 0 U 14
16 1 U 15
17 1 U 16
18 1 U 17
19 0 U 18
20 1 U 19
21 1 U 20
22 1 U 1
23 0 U 22
24 0 U 23
25 1 U 24
26 1 U -1
27 0 U 25
28 0 U 26
29 1 U 22
30 0 U 28
31 1 U 30
32 1 U 31
33 1 U 32
34 0 U 33
35 1 U 34
36 1 U 35
37 0 U 36
38 1 U 37
39 1 U 38
40 0 U 39
41 0 U -1
42 0 U 41
43 1 U 31
44 1 U 42
45 0 U 44
46 1 U 45
47 1 U 46
48 1 U 47
49 1 U 48
50 0 U 49
51 1 U 50
52 1 U 51
53 0 U 52
54 1 U -1
55 1 U 53
56 0 U -1
57 0 U 56
58 1 U 57
59 0 U 56
60 0 U 58
61 0 U 60
62 0 U 61
63 1 U 62
64 1 U 63
65 1 U 64
66 1 U 65
67 0 U -1
68 1 U 67
69 1 U 68
70 1 U 68
71 1 U 69
72 0 U 71
73 0 U 72
74 1 U 73
75 0 U 74
76 0 U 75
77 0 U 76
78 0 U 77
79 0 U 72
80 1 U 78
81 0 U 80
82
0 1 U -1
1 1 U 0
2 0 U 1
3 0 U 2
4 0 U 3
5 1 U 4
6 1 U 5
7 1 U 6
8 0 U 7
9 1 U 8
10 1 U 9
11 0 U 10
12 0 U 11
13 0 U -1
14 0 U 13
15 0 U 14
16 1 U 15
17 1 U 16
18 0 U 17
19 0 U 18
20 1 U 19
21 1 U 20
22 1 U 21
23 0 U 22
24 0 U 23
25 1 U 24
26 1 U -1
27 0 U 25
28 0 U 26
29 1 U 22
30 0 U 28
31 1 U 30
32 1 U 31
33 1 U 32
34 0 U 33
35 1 U 34
36 1 U 35
37 0 U 36
38 1 U 37
39 1 U 38
40 0 U 39
41 0 U -1
42 0 U 41
43 1 U 31
44 1 U 42
45 0 U 44
46 1 U 45
47 1 U 46
48 1 U 47
49 1 U 48
50 0 U 49
51 1 U 50
52 1 U 51
53 0 U 52
54 1 U -1
55 1 U 53
56 0 U -1
57 0 U 56
58 1 U 57
59 0 U 56
60 0 U 58
61 0 U 60
62 0 U 61
63 1 U 62
64 1 U 63
65 1 U 64
66 1 U 65
67 0 U -1
68 1 U 67
69 1 U 68
70 1 U 68
71 1 U 69
72 0 U 71
73 0 U 72
74 1 U 73
75 0 U 74
76 0 U 75
77 0 U 76
78 0 U 77
79 0 U 72
80 1 U 78
81 0 U 80
82
0 1 U -1
1 1 U 0
2 0 U 1
3 0 U 2
4 0 U 3
5 1 U 4
6 1 U 5
7 1 U 6
8 0 U 7
9 1 U 8
10 1 U 9
11 0 U 10
12 0 U 11
13 0 U -1
14 0 U 13
15 0 U 14
16 1 U 15
17 1 U 16
18 1 U 17
19 0 U 18
20 1 U 19
21 1 U 20
22 1 U 21
23 0 U 22
24 0 U 23
25 1 U 24
26 1 U -1
27 0 U 25
28 0 U 26
29 1 U 22
30 0 U 28
31 1 U 30
32 1 U 31
33 1 U 32
34 0 U 33
35 1 U 34
36 1 U 35
37 0 U 36
38 1 U 37
39 1 U 38
40 0 U 39
41 0 U -1
42 0 U 41
43 1 U 31
44 1 U 42
45 0 U 44
46 1 U 45
47 1 U 46
48 1 U 47
49 1 U 48
50 0 U 49
51 1 U 50
52 1 U 51
53 0 U 52
54 1 U -1
55 1 U 53
56 0 U -1
57 0 U 56
58 1 U 57
59 0 U 56
60 0 U 58
61 1 U 60
62 0 U 61
63 1 U 62
64 1 U 63
65 1 U 64
66 1 U 65
67 0 U -1
68 1 U 67
69 1 U 68
70 1 U 68
71 1 U 69
72 0 U 71
73 0 U 72
74 1 U 73
75 0 U 74
76 0 U 75
77 0 U 76
78 0 U 77
79 0 U 72
80 1 U 78
81 0 U 80
82
0 1 U -1
1 1 U 0
2 0 U 1
3 0 U 2
4 0 U 3
5 1 U 4
6 1 U 5
7 1 U 6
8 0 U 7
9 1 U 8
10 1 U 9
11 0 U 10
12 0 U 11
13 0 U -1
14 0 U 13
15 0 U 14
16 1 U 15
17 1 U 16
18 1 U 17
19 0 U 18
20 1 U 19
21 1 U 20
22 1 U 21
23 0 U 22
24 0 U 23
25 1 U 24
26 1 U -1
27 0 U 25
28 0 U 26
29 1 U 22
30 0 U 28
31 1 U 30
32 1 U 31
33 1 U 32
34 0 U 33
35 1 U 34
36 1 U 35
37 0 U 36
38 1 U 37
39 1 U 38
40 0 U 39
41 1 U -1
42 0 U 41
43 1 U 31
44 1 U 42
45 0 U 44
46 1 U 45
47 1 U 46
48 1 U 47
49 1 U 48
50 0 U 49
51 1 U 50
52 1 U 51
53 0 U 52
54 1 U -1
55 1 U 53
56 0 U -1
57 0 U 56
58 1 U 57
59 0 U 56
60 0 U 58
61 0 U 60
62 0 U 61
63 1 U 62
64 1 U 63
65 1 U 64
66 1 U 65
67 0 U -1
68 1 U 67
69 1 U 68
70 1 U 68
71 1 U 69
72 0 U 71
73 0 U 72
74 1 U 73
75 0 U 74
76 0 U 75
77 0 U 76
78 0 U 77
79 0 U 72
80 1 U 78
81 0 U 80
82
0 1 U -1
1 1 U 0
2 0 L 1
3 0 U 2
4 0 U 3
5 1 U 4
6 1 U 5
7 1 U 6
8 0 U 7
9 1 U 8
10 1 U 9
11 0 U 10
12 0 U 11
13 0 U -1
14 0 U 13
15 0 U 14
16 1 U 15
17 1 U 16
18 1 U 17
19 0 U 18
20 1 U 19
21 1 U 20
22 1 U 21
23 0 U 22
24 0 U 23
25 1 U 24
26 1 U -1
27 0 U 25
28 0 U 26
29 1 U 22
30 0 U 28
31 1 U 30
32 1 U 31
33 1 U 32
34 0 U 33
35 1 U 34
36 1 U 35
37 0 U 36
38 1 U 37
39 1 U 38
40 0 U 39
41 0 U -1
42 0 U 41
43 1 U 31
44 1 U 42
45 0 U 44
46 1 U 45
47 1 U 46
48 1 U 47
49 1 U 48
50 0 U 49
51 1 U 50
52 1 U 51
53 0 U 52
54 1 U -1
55 1 U 53
56 0 U -1
57 0 U 56
58 1 U 57
59 0 U 56
60 0 U 58
61 0 U 60
62 0 U 61
63 1 U 62
64 1 U 63
65 1 U 64
66 1 U 65
67 0 U -1
68 1 U 67
69 1 U 68
70 1 U 68
71 1 U 69
72 0 U 71
73 0 U 72
74 1 U 73
75 0 U 74
76 0 U 75
77 0 U 76
78 0 U 77
79 0 U 72
80 1 U 78
81 0 U 80
82
0 1 U -1
1 1 U 0
2 0 U 1
3 0 U 2
4 0 U 3
5 1 U 4
6 1 U 5
7 1 U 6
8 0 U 7
9 1 U 8
10 1 U 9
11 0 U 10
12 0 U 11
13 0 U -1
14 0 U 13
15 0 U 14
16 1 U 15
17 1 U 16
18 1 U 17
19 0 U 18
20 1 U 19
21 1 U 20
22 1 U 21
23 0 U 22
24 0 U 23
25 1 U 24
26 1 U -1
27 0 U 25
28 0 U 26
29 1 L 16
30 0 U 28
31 1 U 30
32 1 U 31
33 1 U 32
34 0 U 33
35 1 U 34
36 1 U 35
37 0 U 36
38 1 U 37
39 1 U 38
40 0 U 39
41 0 U -1
42 0 U 41
43 1 U 31
44 1 U 42
45 0 U 44
46 1 U 45
47 1 U 46
48 1 U 47
49 1 U 48
50 0 U 49
51 1 U 50
52 1 U 51
53 0 U 52
54 1 U -1
55 1 U 53
56 0 U -1
57 0 U 56
58 1 U 57
59 0 U 56
60 0 U 58
61 0 U 60
62 0 U 61
63 1 U 62
64 1 U 63
65 1 U 64
66 1 U 65
67 0 U -1
68 1 U 67
69 1 U 68
70 1 U 68
71 1 U 69
72 0 U 71
73 0 U 72
74 1 U 73
75 0 U 74
76 0 U 75
77 0 U 76
78 0 U 77
79 0 U 72
80 1 U 78
81 0 U 80
82
0 1 U -1
1 1 U 0
2 0 U 1
3 0 U 2
4 0 U 3
5 1 U 4
6 1 U 5
7 1 U 6
8 0 U 7
9 1 U 8
10 1 U 9
11 0 U 10
12 0 U 11
13 0 U -1
14 0 U 13
15 0 U 14
16 1 U 15
17 1 U 16
18 1 U 17
19 0 U 18
20 1 U 19
21 1 U 20
22 1 U 21
23 0 U 22
24 0 U 23
25 1 U 24
26 1 U -1
27 0 U 25
28 0 U 26
29 1 U 22
30 0 U 28
31 1 U 30
32 1 U 31
33 1 U 32
34 0 U 33
35 1 U 34
36 1 L 35
37 0 U 36
38 1 U 37
39 1 U 38
40 0 U 39
41 0 U -1
42 0 U 41
43 1 U 31
44 1 U 42
45 0 U 44
46 1 U 45
47 1 U 46
48 1 U 47
49 1 U 48
50 0 U 49
51 1 U 50
52 1 U 51
53 0 U 52
54 1 U -1
55 1 U 53
56 0 U -1
57 0 U 56
58 1 U 57
59 0 U 56
60 0 U 58
61 0 U 60
62 0 U 61
63 1 U 62
64 1 U 63
65 1 U 64
66 1 U 65
67 0 U -1
68 1 U 67
69 1 U 68
70 1 U 68
71 1 U 69
72 0 U 71
73 0 U 72
74 1 U 73
75 0 U 74
76 0 U 75
77 0 U 76
78 0 U 77
79 0 U 72
80 1 U 78
81 0 U 80
82
0 1 U -1
1 1 U 0
2 0 U 1
3 0 U 2
4 0 U 3
5 1 U 4
6 1 U 5
7 1 U 6
8 0 U 7
9 1 U 8
10 1 U 9
11 0 U 10
12 0 U 11
13 0 U -1
14 0 U 13
15 0 U 14
16 1 U 15
17 1 U 16
18 1 U 17
19 0 U 18
20 1 U 19
21 1 U 20
22 1 U 21
23 0 U 22
24 0 U 23
25 1 U 24
26 1 U -1
27 0 U 25
28 0 U 26
29 1 U 22
30 0 U 28
31 1 U 30
32 1 U 31
33 1 U 32
34 0 U 33
35 1 U 34
36 1 U 35
37 0 U 36
38 0 U 37
39 1 U 38
40 0 U 39
41 0 U -1
42 0 U 41
43 1 U 31
44 1 U 42
45 0 U 44
46 1 U 45
47 1 U 46
48 1 U 47
49 1 U 48
50 0 U 49
51 1 U 50
52 1 U 51
53 0 U 52
54 1 U -1
55 1 U 53
56 0 U -1
57 0 U 56
58 1 U 57
59 0 U 56
60 0 U 58
61 0 U 60
62 0 U 61
63 1 U 62
64 1 U 63
65 1 U 64
66 1 U 65
67 0 U -1
68 1 U 67
69 1 U 68
70 1 U 68
71 1 U 69
72 0 U 71
73 0 U 72
74 1 U 73
75 0 U 74
76 0 U 75
77 0 U 76
78 0 U 77
79 0 U 72
80 1 U 78
81 0 U 80
82
0 1 U -1
1 1 U 0
2 0 U 1
3 0 U 2
4 0 U 3
5 1 U 4
6 1 U 5
7 0 U 6
8 0 U 7
9 1 U 8
10 1 U 9
11 0 U 10
12 0 U 11
13 0 U -1
14 0 U 13
15 0 U 14
16 1 U 15
17 1 U 16
18 1 U 17
19 0 U 18
20 1 U 19
21 1 U 20
22 1 U 21
23 0 U 22
24 0 U 23
25 1 U 24
26 1 U -1
27 0 U 25
28 0 U 26
29 1 U 22
30 0 U 28
31 1 U 30
32 1 U 31
33 1 U 32
34 0 U 33
35 1 U 34
36 1 U 35
37 0 U 36
38 1 U 37
39 1 U 38
40 0 U 39
41 0 U -1
42 0 U 41
43 1 U 31
44 1 U 42
45 0 U 44
46 1 U 45
47 1 U 46
48 1 U 47
49 1 U 48
50 0 U 49
51 1 U 50
52 1 U 51
53 0 U 52
54 1 U -1
55 1 U 53
56 0 U -1
57 0 U 56
58 1 U 57
59 0 U 56
60 0 U 58
61 0 U 60
62 0 U 61
63 1 U 62
64 1 U 63
65 1 U 64
66 1 U 65
67 0 U -1
68 1 U 67
69 1 U 68
70 1 U 68
71 1 U 69
72 0 U 71
73 0 U 72
74 1 U 73
75 0 U 74
76 0 U 75
77 0 U 76
78 0 U 77
79 0 U 72
80 1 U 78
81 0 U 80
82
0 1 U -1
1 1 U 0
2 0 U 1
3 0 U 2
4 0 U 3
5 1 U 4
6 1 U 5
7 1 U 6
8 1 U 7
9 1 U 8
10 1 U 9
11 0 U 10
12 0 U 11
13 0 U -1
14 0 U 13
15 0 U 14
16 1 U 15
17 1 U 16
18 1 U 17
19 0 U 18
20 1 U 19
21 1 U 20
22 0 U 21
23 0 U 22
24 0 U 23
25 1 U 24
26 1 U -1
27 0 U 25
28 0 U 26
29 1 U 22
30 0 U 28
31 1 U 30
32 1 U 31
33 1 U 32
34 0 U 33
35 1 U 34
36 1 U 35
37 0 U 36
38 1 U 37
39 1 U 38
40 0 U 39
41 0 U -1
42 0 U 41
43 1 U 31
44 1 U 42
45 0 U 44
46 1 U 45
47 1 U 46
48 1 U 47
49 1 U 48
50 0 U 49
51 1 U 50
52 1 U 51
53 0 U 52
54 1 U -1
55 1 U 53
56 0 U -1
57 0 U 56
58 1 U 57
59 0 U 56
60 0 U 58
61 0 U 60
62 0 U 61
63 1 U 62
64 1 U 63
65 1 U 64
66 1 U 65
67 0 U -1
68 1 U 67
69 1 U 68
70 1 U 68
71 1 U 69
72 0 U 71
73 0 U 72
74 1 U 73
75 0 U 74
76 0 U 75
77 0 U 76
78 0 U 77
79 0 U 72
80 1 U 78
81 0 U 80
82
0 1 U -1
1 1 U 0
2 0 U 1
3 0 U 2
4 0 U 3
5 1 U 4
6 1 U 5
7 1 U 6
8 0 U 7
9 1 U 8
10 1 U 9
11 0 U 10
12 0 U 11
13 0 U -1
14 0 U 13
15 0 U 14
16 1 U 15
17 1 U 16
18 1 U 17
19 0 U 18
20 1 U 19
21 1 U 20
22 1 U 21
23 0 U 22
24 0 U 23
25 1 U 24
26 1 U -1
27 0 U 25
28 0 U 26
29 1 U 22
30 0 U 28
31 1 U 30
32 1 U 31
33 1 U 32
34 0 U 33
35 1 U 34
36 1 U 35
37 0 U 36
38 1 U 37
39 1 U 38
40 0 U 39
41 0 U -1
42 0 U 41
43 1 U 31
44 1 U 42
45 0 U 44
46 1 U 45
47 1 U 46
48 1 U 47
49 1 U 48
50 0 U 49
51 1 U 50
52 1 U 51
53 0 U 52
54 1 U -1
55 1 U 53
56 0 U -1
57 0 U 56
58 1 U 57
59 1 U 56
60 0 U 58
61 0 U 60
62 0 U 61
63 1 U 62
64 1 U 63
65 1 U 64
66 1 U 65
67 0 U -1
68 1 U 67
69 1 U 68
70 1 U 68
71 1 U 69
72 0 U 71
73 0 U 72
74 1 U 73
75 0 U 74
76 0 U 75
77 0 U 76
78 0 U 77
79 0 U 72
80 1 U 78
81 0 U 80
82
0 1 U -1
1 1 U 0
2 0 U 1
3 0 U 2
4 0 U 3
5 1 U 4
6 1 U 5
7 1 U 6
8 0 U 7
9 1 U 8
10 1 U 9
11 0 U 10
12 0 U 11
13 0 U -1
14 0 U 13
15 0 U 14
16 1 U 15
17 1 U 16
18 1 U 17
19 0 U 18
20 1 U 19
21 1 U 20
22 1 U 21
23 0 U 22
24 0 U 23
25 1 U 24
26 1 U -1
27 0 U 25
28 0 U 26
29 1 U 16
30 0 U 28
31 1 U 30
32 1 U 31
33 1 U 32
34 0 U 33
35 1 U 34
36 1 U 35
37 0 U 36
38 1 U 37
39 1 U 38
40 0 U 39
41 0 U -1
42 0 U 41
43 1 U 31
44 1 U 42
45 0 U 44
46 1 U 45
47 1 U 46
48 1 U 47
49 1 U 48
50 0 U 49
51 1 U 50
52 1 U 51
53 0 U 52
54 1 U -1
55 1 U 53
56 0 U -1
57 0 U 56
58 1 U 57
59 0 U 56
60 0 U 58
61 0 U 60
62 0 U 61
63 1 U 62
64 1 U 63
65 1 U 64
66 1 U 65
67 0 U -1
68 1 U 67
69 1 U 68
70 1 U 68
71 1 U 69
72 0 U 71
73 0 U 72
74 1 U 73
75 0 U 74
76 0 U 75
77 0 U 76
78 0 U 77
79 0 U 72
80 1 U 78
81 0 U 80
82
0 1 U -1
1 1 U 0
2 0 U 1
3 0 U 2
4 0 U 3
5 1 L -1
6 1 U 5
7 1 U 6
8 0 U 7
9 1 U 8
10 1 U 9
11 0 U 10
12 0 U 11
13 0 U -1
14 0 U 13
15 0 U 14
16 1 U 15
17 1 U 16
18 1 U 17
19 0 U 18
20 1 U 19
21 1 U 20
22 1 U 21
23 0 U 22
24 0 U 23
25 1 U 24
26 1 U -1
27 0 U 25
28 0 U 26
29 1 U 22
30 0 U 28
31 1 U 30
32 1 U 31
33 1 U 32
34 0 U 33
35 1 U 34
36 1 U 35
37 0 U 36
38 1 U 37
39 1 U 38
40 0 U 39
41 0 U -1
42 0 U 41
43 1 U 31
44 1 U 42
45 0 U 44
46 1 U 45
47 1 U 46
48 1 U 47
49 1 U 48
50 0 U 49
51 1 U 50
52 1 U 51
53 0 U 52
54 1 U -1
55 1 U 53
56 0 U -1
57 0 U 56
58 1 U 57
59 0 U 56
60 0 U 58
61 0 U 60
62 0 U 61
63 1 U 62
64 1 U 63
65 1 U 64
66 1 U 65
67 0 U -1
68 1 U 67
69 1 U 68
70 1 U 68
71 1 U 69
72 0 U 71
73 0 U 72
74 1 U 73
75 0 U 74
76 0 U 75
77 0 U 76
78 0 U 77
79 0 U 72
80 1 U 78
81 0 U 80
82
0 1 U -1
1 1 U 0
2 0 U 1
3 0 U 2
4 0 U 3
5 1 U 4
6 1 U 5
7 1 U 6
8 0 U 7
9 1 U 8
10 1 U 9
11 0 U 10
12 0 U 11
13 0 U -1
14 0 U 13
15 0 U 0
16 1 U 15
17 1 U 16
18 1 U 17
19 0 U 18
20 1 U 19
21 1 U 20
22 1 U 21
23 0 U 22
24 0 U 23
25 1 U 24
26 1 U -1
27 0 U 25
28 0 U 26
29 1 U 22
30 0 U 28
31 1 U 30
32 1 U 31
33 1 U 2
34 0 U 33
35 1 U 34
36 1 U 35
37 0 U 36
38 1 U 37
39 1 U 38
40 0 U 39
41 0 U -1
42 0 U 41
43 1 U 31
44 1 U 42
45 0 U 44
46 1 U 45
47 1 U 46
48 1 U 47
49 1 U 48
50 0 U 49
51 1 U 50
52 1 U 51
53 0 U 52
54 1 U -1
55 1 U 53
56 0 U -1
57 0 U 56
58 1 U 57
59 0 U 56
60 0 U 58
61 0 U 60
62 0 U 61
63 1 U 62
64 1 U 63
65 1 U 64
66 1 U 65
67 0 U -1
68 1 U 67
69 1 U 68
70 1 U 68
71 1 U 69
72 0 U 71
73 0 U 72
74 1 U 73
75 0 U 74
76 0 U 75
77 0 U 76
78 0 U 77
79 0 U 72
80 1 U 78
81 0 U 80
82
0 1 U -1
1 1 U 0
2 0 U 1
3 0 U 2
4 0 U 3
5 1 U 4
6 1 U 5
7 1 U 6
8 0 U 7
9 1 U 8
10 1 U 9
11 0 U 10
12 0 U 11
13 0 U -1
14 0 U 13
15 0 U 14
16 1 U 15
17 1 U 16
18 1 U 17
19 0 U 18
20 1 U 19
21 1 U 20
22 1 U 21
23 0 U 22
24 0 U 23
25 1 U 24
26 1 U -1
27 0 U 25
28 0 U 26
29 1 U 22
30 0 U 28
31 1 U 30
32 1 U 31
33 1 U 32
34 1 U 33
35 1 U 34
36 1 U 35
37 0 U 36
38 1 U 37
39 1 U 38
40 0 U 39
41 0 U -1
42 0 U 41
43 1 U 31
44 1 U 42
45 0 U 44
46 1 U 45
47 1 U 46
48 1 U 47
49 1 U 48
50 0 U 49
51 1 U 50
52 1 U 51
53 0 U 52
54 1 U -1
55 1 U 53
56 0 U -1
57 0 U 56
58 1 U 57
59 0 U 56
60 0 U 58
61 0 U 60
62 0 U 61
63 1 U 62
64 1 U 63
65 1 U 64
66 1 U 65
67 0 U -1
68 1 U 67
69 1 U 68
70 1 U 68
71 1 U 69
72 0 U 71
73 0 U 72
74 1 U 73
75 0 U 74
76 0 U 75
77 0 U 76
78 0 U 77
79 0 U 72
80 1 U 78
81 0 U 80
