# 1079919
#c -1 -1 -1 -1 -1 -1 -1 -1 -1 -1 -1 -1 -1 -1 -1 -1 -1 -1 -1 -1 -1 -1 -1 -1 -1 -1 -1 -1 -1 -1 -1 -1 -1 -1 -1 -1 -1 -1 -1 -1 -1 -1 -1 
# 
1 1 0 1
#c -1 -1 -1 -1 -1 -1 -1 -1 -1 -1 -1 -1 -1 -1 -1 -1 -1 -1 -1 -1 -1 -1 -1 -1 -1 -1 -1 -1 -1 -1 -1 -1 -1 -1 -1 -1 -1 -1 -1 -1 -1 -1 -1 
# 
1 1 3 4
#c -1 -1 -1 -1 -1 -1 -1 -1 -1 -1 -1 -1 -1 -1 -1 -1 -1 -1 -1 -1 -1 -1 -1 -1 -1 -1 -1 -1 -1 -1 -1 -1 -1 -1 -1 -1 -1 -1 -1 -1 -1 -1 -1 
# 
1 1 2 3
#c -1 -1 -1 -1 -1 -1 -1 -1 -1 -1 -1 -1 -1 -1 -1 -1 -1 -1 -1 -1 -1 -1 -1 -1 -1 -1 -1 -1 -1 -1 -1 -1 -1 -1 -1 -1 -1 -1 -1 -1 -1 -1 -1 
# 
1 1 1 2
#c -1 -1 -1 -1 -1 -1 -1 -1 -1 -1 -1 -1 -1 -1 -1 -1 -1 -1 -1 -1 -1 -1 -1 -1 -1 -1 -1 -1 -1 -1 -1 -1 -1 -1 -1 -1 -1 -1 -1 -1 -1 -1 -1 
# 
1 1 0 2
#c -1 -1 -1 -1 -1 -1 -1 -1 -1 -1 -1 -1 -1 -1 -1 -1 -1 -1 -1 -1 -1 -1 -1 -1 -1 -1 -1 -1 -1 -1 -1 -1 -1 -1 -1 -1 -1 -1 -1 -1 -1 -1 -1 
# 
1 1 0 3
#c -1 -1 -1 -1 -1 -1 -1 -1 -1 -1 -1 -1 -1 -1 -1 -1 -1 -1 -1 -1 -1 -1 -1 -1 -1 -1 -1 -1 -1 -1 -1 -1 -1 -1 -1 -1 -1 -1 -1 -1 -1 -1 -1 
# 
1 1 0 4
#c -1 -1 -1 -1 -1 -1 -1 -1 -1 -1 -1 -1 -1 -1 -1 -1 -1 -1 -1 -1 -1 -1 -1 -1 -1 -1 -1 -1 -1 -1 -1 -1 -1 -1 -1 -1 -1 -1 -1 -1 -1 -1 -1 
# 
1 1 5 6
#c -1 -1 -1 -1 -1 -1 -1 -1 -1 -1 -1 -1 -1 -1 -1 -1 -1 -1 -1 -1 -1 -1 -1 -1 -1 -1 -1 -1 -1 -1 -1 -1 -1 -1 -1 -1 -1 -1 -1 -1 -1 -1 -1 
# 
1 1 8 9
#c -1 -1 -1 -1 -1 -1 -1 -1 -1 -1 -1 -1 -1 -1 -1 -1 -1 -1 -1 -1 -1 -1 -1 -1 -1 -1 -1 -1 -1 -1 -1 -1 -1 -1 -1 -1 -1 -1 -1 -1 -1 -1 -1 
# 
1 1 7 9
#c -1 -1 -1 -1 -1 -1 -1 -1 -1 -1 -1 -1 -1 -1 -1 -1 -1 -1 -1 -1 -1 -1 -1 -1 -1 -1 -1 -1 -1 -1 -1 -1 -1 -1 -1 -1 -1 -1 -1 -1 -1 -1 -1 
# 
1 1 7 8
#c -1 -1 -1 -1 -1 -1 -1 -1 -1 -1 -1 -1 -1 -1 -1 -1 -1 -1 -1 -1 -1 -1 -1 -1 -1 -1 -1 -1 -1 -1 -1 -1 -1 -1 -1 -1 -1 -1 -1 -1 -1 -1 -1 
# 
1 1 6 9
#c -1 -1 -1 -1 -1 -1 -1 -1 -1 -1 -1 -1 -1 -1 -1 -1 -1 -1 -1 -1 -1 -1 -1 -1 -1 -1 -1 -1 -1 -1 -1 -1 -1 -1 -1 -1 -1 -1 -1 -1 -1 -1 -1 
# 
1 1 5 9
#c -1 -1 -1 -1 -1 -1 -1 -1 -1 -1 -1 -1 -1 -1 -1 -1 -1 -1 -1 -1 -1 -1 -1 -1 -1 -1 -1 -1 -1 -1 -1 -1 -1 -1 -1 -1 -1 -1 -1 -1 -1 -1 -1 
# 
1 1 1 6
#c -1 -1 -1 -1 -1 -1 -1 -1 -1 -1 -1 -1 -1 -1 -1 -1 -1 -1 -1 -1 -1 -1 -1 -1 -1 -1 -1 -1 -1 -1 -1 -1 -1 -1 -1 -1 -1 -1 -1 -1 -1 -1 -1 
# 
1 1 2 6
#c -1 -1 -1 -1 -1 -1 -1 -1 -1 -1 -1 -1 -1 -1 -1 -1 -1 -1 -1 -1 -1 -1 -1 -1 -1 -1 -1 -1 -1 -1 -1 -1 -1 -1 -1 -1 -1 -1 -1 -1 -1 -1 -1 
# 
1 1 2 5
#c -1 -1 -1 -1 -1 -1 -1 -1 -1 -1 -1 -1 -1 -1 -1 -1 -1 -1 -1 -1 -1 -1 -1 -1 -1 -1 -1 -1 -1 -1 -1 -1 -1 -1 -1 -1 -1 -1 -1 -1 -1 -1 -1 
# 
1 1 2 9
#c -1 -1 -1 -1 -1 -1 -1 -1 -1 -1 -1 -1 -1 -1 -1 -1 -1 -1 -1 -1 -1 -1 -1 -1 -1 -1 -1 -1 -1 -1 -1 -1 -1 -1 -1 -1 -1 -1 -1 -1 -1 -1 -1 
# 
1 1 3 9
#c -1 -1 -1 -1 -1 -1 -1 -1 -1 -1 -1 -1 -1 -1 -1 -1 -1 -1 -1 -1 -1 -1 -1 -1 -1 -1 -1 -1 -1 -1 -1 -1 -1 -1 -1 -1 -1 -1 -1 -1 -1 -1 -1 
# 
1 1 0 9
#c -1 -1 -1 -1 -1 -1 -1 -1 -1 -1 -1 -1 -1 -1 -1 -1 -1 -1 -1 -1 -1 -1 -1 -1 -1 -1 -1 -1 -1 -1 -1 -1 -1 -1 -1 -1 -1 -1 -1 -1 -1 -1 -1 
# 
1 1 0 7
#c -1 -1 -1 -1 -1 -1 -1 -1 -1 -1 -1 -1 -1 -1 -1 -1 -1 -1 -1 -1 -1 -1 -1 -1 -1 -1 -1 -1 -1 -1 -1 -1 -1 -1 -1 -1 -1 -1 -1 -1 -1 -1 -1 
# 
1 1 4 7
#c -1 -1 -1 -1 -1 -1 -1 -1 -1 -1 -1 -1 -1 -1 -1 -1 -1 -1 -1 -1 -1 -1 -1 -1 -1 -1 -1 -1 -1 -1 -1 -1 -1 -1 -1 -1 -1 -1 -1 -1 -1 -1 -1 
# 
1 1 10 11
#c -1 -1 -1 -1 -1 -1 -1 -1 -1 -1 -1 -1 -1 -1 -1 -1 -1 -1 -1 -1 -1 -1 -1 -1 -1 -1 -1 -1 -1 -1 -1 -1 -1 -1 -1 -1 -1 -1 -1 -1 -1 -1 -1 
# 
1 1 13 14
#c -1 -1 -1 -1 -1 -1 -1 -1 -1 -1 -1 -1 -1 -1 -1 -1 -1 -1 -1 -1 -1 -1 -1 -1 -1 -1 -1 -1 -1 -1 -1 -1 -1 -1 -1 -1 -1 -1 -1 -1 -1 -1 -1 
# 
1 1 12 14
#c -1 -1 -1 -1 -1 -1 -1 -1 -1 -1 -1 -1 -1 -1 -1 -1 -1 -1 -1 -1 -1 -1 -1 -1 -1 -1 -1 -1 -1 -1 -1 -1 -1 -1 -1 -1 -1 -1 -1 -1 -1 -1 -1 
# 
1 1 12 13
#c -1 -1 -1 -1 -1 -1 -1 -1 -1 -1 -1 -1 -1 -1 -1 -1 -1 -1 -1 -1 -1 -1 -1 -1 -1 -1 -1 -1 -1 -1 -1 -1 -1 -1 -1 -1 -1 -1 -1 -1 -1 -1 -1 
# 
1 1 11 14
#c -1 -1 -1 -1 -1 -1 -1 -1 -1 -1 -1 -1 -1 -1 -1 -1 -1 -1 -1 -1 -1 -1 -1 -1 -1 -1 -1 -1 -1 -1 -1 -1 -1 -1 -1 -1 -1 -1 -1 -1 -1 -1 -1 
# 
1 1 10 14
#c -1 -1 -1 -1 -1 -1 -1 -1 -1 -1 -1 -1 -1 -1 -1 -1 -1 -1 -1 -1 -1 -1 -1 -1 -1 -1 -1 -1 -1 -1 -1 -1 -1 -1 -1 -1 -1 -1 -1 -1 -1 -1 -1 
# 
1 1 10 12
#c -1 -1 -1 -1 -1 -1 -1 -1 -1 -1 -1 -1 -1 -1 -1 -1 -1 -1 -1 -1 -1 -1 -1 -1 -1 -1 -1 -1 -1 -1 -1 -1 -1 -1 -1 -1 -1 -1 -1 -1 -1 -1 -1 
# 
1 1 10 13
#c -1 -1 -1 -1 -1 -1 -1 -1 -1 -1 -1 -1 -1 -1 -1 -1 -1 -1 -1 -1 -1 -1 -1 -1 -1 -1 -1 -1 -1 -1 -1 -1 -1 -1 -1 -1 -1 -1 -1 -1 -1 -1 -1 
# 
1 1 16 17
#c -1 -1 -1 -1 -1 -1 -1 -1 -1 -1 -1 -1 -1 -1 -1 -1 -1 -1 -1 -1 -1 -1 -1 -1 -1 -1 -1 -1 -1 -1 -1 -1 -1 -1 -1 -1 -1 -1 -1 -1 -1 -1 -1 
# 
1 1 15 16
#c -1 -1 -1 -1 -1 -1 -1 -1 -1 -1 -1 -1 -1 -1 -1 -1 -1 -1 -1 -1 -1 -1 -1 -1 -1 -1 -1 -1 -1 -1 -1 -1 -1 -1 -1 -1 -1 -1 -1 -1 -1 -1 -1 
# 
1 1 15 17
#c -1 -1 -1 -1 -1 -1 -1 -1 -1 -1 -1 -1 -1 -1 -1 -1 -1 -1 -1 -1 -1 -1 -1 -1 -1 -1 -1 -1 -1 -1 -1 -1 -1 -1 -1 -1 -1 -1 -1 -1 -1 -1 -1 
# 
1 1 19 20
#c -1 -1 -1 -1 -1 -1 -1 -1 -1 -1 -1 -1 -1 -1 -1 -1 -1 -1 -1 -1 -1 -1 -1 -1 -1 -1 -1 -1 -1 -1 -1 -1 -1 -1 -1 -1 -1 -1 -1 -1 -1 -1 -1 
# 
1 1 18 19
#c -1 -1 -1 -1 -1 -1 -1 -1 -1 -1 -1 -1 -1 -1 -1 -1 -1 -1 -1 -1 -1 -1 -1 -1 -1 -1 -1 -1 -1 -1 -1 -1 -1 -1 -1 -1 -1 -1 -1 -1 -1 -1 -1 
# 
1 1 16 18
#c -1 -1 -1 -1 -1 -1 -1 -1 -1 -1 -1 -1 -1 -1 -1 -1 -1 -1 -1 -1 -1 -1 -1 -1 -1 -1 -1 -1 -1 -1 -1 -1 -1 -1 -1 -1 -1 -1 -1 -1 -1 -1 -1 
# 
1 1 17 18
#c -1 -1 -1 -1 -1 -1 -1 -1 -1 -1 -1 -1 -1 -1 -1 -1 -1 -1 -1 -1 -1 -1 -1 -1 -1 -1 -1 -1 -1 -1 -1 -1 -1 -1 -1 -1 -1 -1 -1 -1 -1 -1 -1 
# 
1 1 15 18
#c -1 -1 -1 -1 -1 -1 -1 -1 -1 -1 -1 -1 -1 -1 -1 -1 -1 -1 -1 -1 -1 -1 -1 -1 -1 -1 -1 -1 -1 -1 -1 -1 -1 -1 -1 -1 -1 -1 -1 -1 -1 -1 -1 
# 
1 1 11 16
#c -1 -1 -1 -1 -1 -1 -1 -1 -1 -1 -1 -1 -1 -1 -1 -1 -1 -1 -1 -1 -1 -1 -1 -1 -1 -1 -1 -1 -1 -1 -1 -1 -1 -1 -1 -1 -1 -1 -1 -1 -1 -1 -1 
# 
1 1 14 16
#c -1 -1 -1 -1 -1 -1 -1 -1 -1 -1 -1 -1 -1 -1 -1 -1 -1 -1 -1 -1 -1 -1 -1 -1 -1 -1 -1 -1 -1 -1 -1 -1 -1 -1 -1 -1 -1 -1 -1 -1 -1 -1 -1 
# 
1 1 12 16
#c -1 -1 -1 -1 -1 -1 -1 -1 -1 -1 -1 -1 -1 -1 -1 -1 -1 -1 -1 -1 -1 -1 -1 -1 -1 -1 -1 -1 -1 -1 -1 -1 -1 -1 -1 -1 -1 -1 -1 -1 -1 -1 -1 
# 
1 1 13 16
#c -1 -1 -1 -1 -1 -1 -1 -1 -1 -1 -1 -1 -1 -1 -1 -1 -1 -1 -1 -1 -1 -1 -1 -1 -1 -1 -1 -1 -1 -1 -1 -1 -1 -1 -1 -1 -1 -1 -1 -1 -1 -1 -1 
# 
1 1 13 17
#c -1 -1 -1 -1 -1 -1 -1 -1 -1 -1 -1 -1 -1 -1 -1 -1 -1 -1 -1 -1 -1 -1 -1 -1 -1 -1 -1 -1 -1 -1 -1 -1 -1 -1 -1 -1 -1 -1 -1 -1 -1 -1 -1 
# 
1 1 13 15
#c -1 -1 -1 -1 -1 -1 -1 -1 -1 -1 -1 -1 -1 -1 -1 -1 -1 -1 -1 -1 -1 -1 -1 -1 -1 -1 -1 -1 -1 -1 -1 -1 -1 -1 -1 -1 -1 -1 -1 -1 -1 -1 -1 
# 
1 1 10 15
#c -1 -1 -1 -1 -1 -1 -1 -1 -1 -1 -1 -1 -1 -1 -1 -1 -1 -1 -1 -1 -1 -1 -1 -1 -1 -1 -1 -1 -1 -1 -1 -1 -1 -1 -1 -1 -1 -1 -1 -1 -1 -1 -1 
# 
1 1 1 11
#c -1 -1 -1 -1 -1 -1 -1 -1 -1 -1 -1 -1 -1 -1 -1 -1 -1 -1 -1 -1 -1 -1 -1 -1 -1 -1 -1 -1 -1 -1 -1 -1 -1 -1 -1 -1 -1 -1 -1 -1 -1 -1 -1 
# 
1 1 6 11
#c -1 -1 -1 -1 -1 -1 -1 -1 -1 -1 -1 -1 -1 -1 -1 -1 -1 -1 -1 -1 -1 -1 -1 -1 -1 -1 -1 -1 -1 -1 -1 -1 -1 -1 -1 -1 -1 -1 -1 -1 -1 -1 -1 
# 
1 1 6 14
#c -1 -1 -1 -1 -1 -1 -1 -1 -1 -1 -1 -1 -1 -1 -1 -1 -1 -1 -1 -1 -1 -1 -1 -1 -1 -1 -1 -1 -1 -1 -1 -1 -1 -1 -1 -1 -1 -1 -1 -1 -1 -1 -1 
# 
1 1 5 14
#c -1 -1 -1 -1 -1 -1 -1 -1 -1 -1 -1 -1 -1 -1 -1 -1 -1 -1 -1 -1 -1 -1 -1 -1 -1 -1 -1 -1 -1 -1 -1 -1 -1 -1 -1 -1 -1 -1 -1 -1 -1 -1 -1 
# 
1 1 2 14
#c -1 -1 -1 -1 -1 -1 -1 -1 -1 -1 -1 -1 -1 -1 -1 -1 -1 -1 -1 -1 -1 -1 -1 -1 -1 -1 -1 -1 -1 -1 -1 -1 -1 -1 -1 -1 -1 -1 -1 -1 -1 -1 -1 
# 
1 1 2 12
#c -1 -1 -1 -1 -1 -1 -1 -1 -1 -1 -1 -1 -1 -1 -1 -1 -1 -1 -1 -1 -1 -1 -1 -1 -1 -1 -1 -1 -1 -1 -1 -1 -1 -1 -1 -1 -1 -1 -1 -1 -1 -1 -1 
# 
1 1 3 12
#c -1 -1 -1 -1 -1 -1 -1 -1 -1 -1 -1 -1 -1 -1 -1 -1 -1 -1 -1 -1 -1 -1 -1 -1 -1 -1 -1 -1 -1 -1 -1 -1 -1 -1 -1 -1 -1 -1 -1 -1 -1 -1 -1 
# 
1 1 9 12
#c -1 -1 -1 -1 -1 -1 -1 -1 -1 -1 -1 -1 -1 -1 -1 -1 -1 -1 -1 -1 -1 -1 -1 -1 -1 -1 -1 -1 -1 -1 -1 -1 -1 -1 -1 -1 -1 -1 -1 -1 -1 -1 -1 
# 
1 1 9 16
#c -1 -1 -1 -1 -1 -1 -1 -1 -1 -1 -1 -1 -1 -1 -1 -1 -1 -1 -1 -1 -1 -1 -1 -1 -1 -1 -1 -1 -1 -1 -1 -1 -1 -1 -1 -1 -1 -1 -1 -1 -1 -1 -1 
# 
1 1 0 16
#c -1 -1 -1 -1 -1 -1 -1 -1 -1 -1 -1 -1 -1 -1 -1 -1 -1 -1 -1 -1 -1 -1 -1 -1 -1 -1 -1 -1 -1 -1 -1 -1 -1 -1 -1 -1 -1 -1 -1 -1 -1 -1 -1 
# 
1 1 4 16
#c -1 -1 -1 -1 -1 -1 -1 -1 -1 -1 -1 -1 -1 -1 -1 -1 -1 -1 -1 -1 -1 -1 -1 -1 -1 -1 -1 -1 -1 -1 -1 -1 -1 -1 -1 -1 -1 -1 -1 -1 -1 -1 -1 
# 
1 1 4 17
#c -1 -1 -1 -1 -1 -1 -1 -1 -1 -1 -1 -1 -1 -1 -1 -1 -1 -1 -1 -1 -1 -1 -1 -1 -1 -1 -1 -1 -1 -1 -1 -1 -1 -1 -1 -1 -1 -1 -1 -1 -1 -1 -1 
# 
1 1 4 13
#c -1 -1 -1 -1 -1 -1 -1 -1 -1 -1 -1 -1 -1 -1 -1 -1 -1 -1 -1 -1 -1 -1 -1 -1 -1 -1 -1 -1 -1 -1 -1 -1 -1 -1 -1 -1 -1 -1 -1 -1 -1 -1 -1 
# 
1 1 4 10
#c -1 -1 -1 -1 -1 -1 -1 -1 -1 -1 -1 -1 -1 -1 -1 -1 -1 -1 -1 -1 -1 -1 -1 -1 -1 -1 -1 -1 -1 -1 -1 -1 -1 -1 -1 -1 -1 -1 -1 -1 -1 -1 -1 
# 
1 1 7 10
#c -1 -1 -1 -1 -1 -1 -1 -1 -1 -1 -1 -1 -1 -1 -1 -1 -1 -1 -1 -1 -1 -1 -1 -1 -1 -1 -1 -1 -1 -1 -1 -1 -1 -1 -1 -1 -1 -1 -1 -1 -1 -1 -1 
# 
1 1 7 15
#c -1 -1 -1 -1 -1 -1 -1 -1 -1 -1 -1 -1 -1 -1 -1 -1 -1 -1 -1 -1 -1 -1 -1 -1 -1 -1 -1 -1 -1 -1 -1 -1 -1 -1 -1 -1 -1 -1 -1 -1 -1 -1 -1 
# 
1 1 7 18
#c -1 -1 -1 -1 -1 -1 -1 -1 -1 -1 -1 -1 -1 -1 -1 -1 -1 -1 -1 -1 -1 -1 -1 -1 -1 -1 -1 -1 -1 -1 -1 -1 -1 -1 -1 -1 -1 -1 -1 -1 -1 -1 -1 
# 
1 1 7 19
#c -1 -1 -1 -1 -1 -1 -1 -1 -1 -1 -1 -1 -1 -1 -1 -1 -1 -1 -1 -1 -1 -1 -1 -1 -1 -1 -1 -1 -1 -1 -1 -1 -1 -1 -1 -1 -1 -1 -1 -1 -1 -1 -1 
# 
1 1 7 20
#c -1 -1 -1 -1 -1 -1 -1 -1 -1 -1 -1 -1 -1 -1 -1 -1 -1 -1 -1 -1 -1 -1 -1 -1 -1 -1 -1 -1 -1 -1 -1 -1 -1 -1 -1 -1 -1 -1 -1 -1 -1 -1 -1 
# 
1 1 21 22
#c -1 -1 -1 -1 -1 -1 -1 -1 -1 -1 -1 -1 -1 -1 -1 -1 -1 -1 -1 -1 -1 -1 -1 -1 -1 -1 -1 -1 -1 -1 -1 -1 -1 -1 -1 -1 -1 -1 -1 -1 -1 -1 -1 
# 
1 1 24 25
#c -1 -1 -1 -1 -1 -1 -1 -1 -1 -1 -1 -1 -1 -1 -1 -1 -1 -1 -1 -1 -1 -1 -1 -1 -1 -1 -1 -1 -1 -1 -1 -1 -1 -1 -1 -1 -1 -1 -1 -1 -1 -1 -1 
# 
1 1 23 25
#c -1 -1 -1 -1 -1 -1 -1 -1 -1 -1 -1 -1 -1 -1 -1 -1 -1 -1 -1 -1 -1 -1 -1 -1 -1 -1 -1 -1 -1 -1 -1 -1 -1 -1 -1 -1 -1 -1 -1 -1 -1 -1 -1 
# 
1 1 23 24
#c -1 -1 -1 -1 -1 -1 -1 -1 -1 -1 -1 -1 -1 -1 -1 -1 -1 -1 -1 -1 -1 -1 -1 -1 -1 -1 -1 -1 -1 -1 -1 -1 -1 -1 -1 -1 -1 -1 -1 -1 -1 -1 -1 
# 
1 1 22 25
#c -1 -1 -1 -1 -1 -1 -1 -1 -1 -1 -1 -1 -1 -1 -1 -1 -1 -1 -1 -1 -1 -1 -1 -1 -1 -1 -1 -1 -1 -1 -1 -1 -1 -1 -1 -1 -1 -1 -1 -1 -1 -1 -1 
# 
1 1 22 23
#c -1 -1 -1 -1 -1 -1 -1 -1 -1 -1 -1 -1 -1 -1 -1 -1 -1 -1 -1 -1 -1 -1 -1 -1 -1 -1 -1 -1 -1 -1 -1 -1 -1 -1 -1 -1 -1 -1 -1 -1 -1 -1 -1 
# 
1 1 21 23
#c -1 -1 -1 -1 -1 -1 -1 -1 -1 -1 -1 -1 -1 -1 -1 -1 -1 -1 -1 -1 -1 -1 -1 -1 -1 -1 -1 -1 -1 -1 -1 -1 -1 -1 -1 -1 -1 -1 -1 -1 -1 -1 -1 
# 
1 1 21 24
#c -1 -1 -1 -1 -1 -1 -1 -1 -1 -1 -1 -1 -1 -1 -1 -1 -1 -1 -1 -1 -1 -1 -1 -1 -1 -1 -1 -1 -1 -1 -1 -1 -1 -1 -1 -1 -1 -1 -1 -1 -1 -1 -1 
# 
1 1 27 28
#c -1 -1 -1 -1 -1 -1 -1 -1 -1 -1 -1 -1 -1 -1 -1 -1 -1 -1 -1 -1 -1 -1 -1 -1 -1 -1 -1 -1 -1 -1 -1 -1 -1 -1 -1 -1 -1 -1 -1 -1 -1 -1 -1 
# 
1 1 26 27
#c -1 -1 -1 -1 -1 -1 -1 -1 -1 -1 -1 -1 -1 -1 -1 -1 -1 -1 -1 -1 -1 -1 -1 -1 -1 -1 -1 -1 -1 -1 -1 -1 -1 -1 -1 -1 -1 -1 -1 -1 -1 -1 -1 
# 
1 1 26 28
#c -1 -1 -1 -1 -1 -1 -1 -1 -1 -1 -1 -1 -1 -1 -1 -1 -1 -1 -1 -1 -1 -1 -1 -1 -1 -1 -1 -1 -1 -1 -1 -1 -1 -1 -1 -1 -1 -1 -1 -1 -1 -1 -1 
# 
1 1 30 31
#c -1 -1 -1 -1 -1 -1 -1 -1 -1 -1 -1 -1 -1 -1 -1 -1 -1 -1 -1 -1 -1 -1 -1 -1 -1 -1 -1 -1 -1 -1 -1 -1 -1 -1 -1 -1 -1 -1 -1 -1 -1 -1 -1 
# 
1 1 29 30
#c -1 -1 -1 -1 -1 -1 -1 -1 -1 -1 -1 -1 -1 -1 -1 -1 -1 -1 -1 -1 -1 -1 -1 -1 -1 -1 -1 -1 -1 -1 -1 -1 -1 -1 -1 -1 -1 -1 -1 -1 -1 -1 -1 
# 
1 1 29 31
#c -1 -1 -1 -1 -1 -1 -1 -1 -1 -1 -1 -1 -1 -1 -1 -1 -1 -1 -1 -1 -1 -1 -1 -1 -1 -1 -1 -1 -1 -1 -1 -1 -1 -1 -1 -1 -1 -1 -1 -1 -1 -1 -1 
# 
1 1 27 30
#c -1 -1 -1 -1 -1 -1 -1 -1 -1 -1 -1 -1 -1 -1 -1 -1 -1 -1 -1 -1 -1 -1 -1 -1 -1 -1 -1 -1 -1 -1 -1 -1 -1 -1 -1 -1 -1 -1 -1 -1 -1 -1 -1 
# 
1 1 27 29
#c -1 -1 -1 -1 -1 -1 -1 -1 -1 -1 -1 -1 -1 -1 -1 -1 -1 -1 -1 -1 -1 -1 -1 -1 -1 -1 -1 -1 -1 -1 -1 -1 -1 -1 -1 -1 -1 -1 -1 -1 -1 -1 -1 
# 
1 1 28 29
#c -1 -1 -1 -1 -1 -1 -1 -1 -1 -1 -1 -1 -1 -1 -1 -1 -1 -1 -1 -1 -1 -1 -1 -1 -1 -1 -1 -1 -1 -1 -1 -1 -1 -1 -1 -1 -1 -1 -1 -1 -1 -1 -1 
# 
1 1 26 29
#c -1 -1 -1 -1 -1 -1 -1 -1 -1 -1 -1 -1 -1 -1 -1 -1 -1 -1 -1 -1 -1 -1 -1 -1 -1 -1 -1 -1 -1 -1 -1 -1 -1 -1 -1 -1 -1 -1 -1 -1 -1 -1 -1 
# 
1 1 25 30
#c -1 -1 -1 -1 -1 -1 -1 -1 -1 -1 -1 -1 -1 -1 -1 -1 -1 -1 -1 -1 -1 -1 -1 -1 -1 -1 -1 -1 -1 -1 -1 -1 -1 -1 -1 -1 -1 -1 -1 -1 -1 -1 -1 
# 
1 1 22 30
#c -1 -1 -1 -1 -1 -1 -1 -1 -1 -1 -1 -1 -1 -1 -1 -1 -1 -1 -1 -1 -1 -1 -1 -1 -1 -1 -1 -1 -1 -1 -1 -1 -1 -1 -1 -1 -1 -1 -1 -1 -1 -1 -1 
# 
1 1 22 27
#c -1 -1 -1 -1 -1 -1 -1 -1 -1 -1 -1 -1 -1 -1 -1 -1 -1 -1 -1 -1 -1 -1 -1 -1 -1 -1 -1 -1 -1 -1 -1 -1 -1 -1 -1 -1 -1 -1 -1 -1 -1 -1 -1 
# 
1 1 23 27
#c -1 -1 -1 -1 -1 -1 -1 -1 -1 -1 -1 -1 -1 -1 -1 -1 -1 -1 -1 -1 -1 -1 -1 -1 -1 -1 -1 -1 -1 -1 -1 -1 -1 -1 -1 -1 -1 -1 -1 -1 -1 -1 -1 
# 
1 1 23 28
#c -1 -1 -1 -1 -1 -1 -1 -1 -1 -1 -1 -1 -1 -1 -1 -1 -1 -1 -1 -1 -1 -1 -1 -1 -1 -1 -1 -1 -1 -1 -1 -1 -1 -1 -1 -1 -1 -1 -1 -1 -1 -1 -1 
# 
1 1 24 28
#c -1 -1 -1 -1 -1 -1 -1 -1 -1 -1 -1 -1 -1 -1 -1 -1 -1 -1 -1 -1 -1 -1 -1 -1 -1 -1 -1 -1 -1 -1 -1 -1 -1 -1 -1 -1 -1 -1 -1 -1 -1 -1 -1 
# 
1 1 24 26
#c -1 -1 -1 -1 -1 -1 -1 -1 -1 -1 -1 -1 -1 -1 -1 -1 -1 -1 -1 -1 -1 -1 -1 -1 -1 -1 -1 -1 -1 -1 -1 -1 -1 -1 -1 -1 -1 -1 -1 -1 -1 -1 -1 
# 
1 1 21 26
#c -1 -1 -1 -1 -1 -1 -1 -1 -1 -1 -1 -1 -1 -1 -1 -1 -1 -1 -1 -1 -1 -1 -1 -1 -1 -1 -1 -1 -1 -1 -1 -1 -1 -1 -1 -1 -1 -1 -1 -1 -1 -1 -1 
# 
1 1 32 33
#c -1 -1 -1 -1 -1 -1 -1 -1 -1 -1 -1 -1 -1 -1 -1 -1 -1 -1 -1 -1 -1 -1 -1 -1 -1 -1 -1 -1 -1 -1 -1 -1 -1 -1 -1 -1 -1 -1 -1 -1 -1 -1 -1 
# 
1 1 35 36
#c -1 -1 -1 -1 -1 -1 -1 -1 -1 -1 -1 -1 -1 -1 -1 -1 -1 -1 -1 -1 -1 -1 -1 -1 -1 -1 -1 -1 -1 -1 -1 -1 -1 -1 -1 -1 -1 -1 -1 -1 -1 -1 -1 
# 
1 1 34 36
#c -1 -1 -1 -1 -1 -1 -1 -1 -1 -1 -1 -1 -1 -1 -1 -1 -1 -1 -1 -1 -1 -1 -1 -1 -1 -1 -1 -1 -1 -1 -1 -1 -1 -1 -1 -1 -1 -1 -1 -1 -1 -1 -1 
# 
1 1 34 35
#c -1 -1 -1 -1 -1 -1 -1 -1 -1 -1 -1 -1 -1 -1 -1 -1 -1 -1 -1 -1 -1 -1 -1 -1 -1 -1 -1 -1 -1 -1 -1 -1 -1 -1 -1 -1 -1 -1 -1 -1 -1 -1 -1 
# 
1 1 33 36
#c -1 -1 -1 -1 -1 -1 -1 -1 -1 -1 -1 -1 -1 -1 -1 -1 -1 -1 -1 -1 -1 -1 -1 -1 -1 -1 -1 -1 -1 -1 -1 -1 -1 -1 -1 -1 -1 -1 -1 -1 -1 -1 -1 
# 
1 1 33 35
#c -1 -1 -1 -1 -1 -1 -1 -1 -1 -1 -1 -1 -1 -1 -1 -1 -1 -1 -1 -1 -1 -1 -1 -1 -1 -1 -1 -1 -1 -1 -1 -1 -1 -1 -1 -1 -1 -1 -1 -1 -1 -1 -1 
# 
1 1 33 34
#c -1 -1 -1 -1 -1 -1 -1 -1 -1 -1 -1 -1 -1 -1 -1 -1 -1 -1 -1 -1 -1 -1 -1 -1 -1 -1 -1 -1 -1 -1 -1 -1 -1 -1 -1 -1 -1 -1 -1 -1 -1 -1 -1 
# 
1 1 32 34
#c -1 -1 -1 -1 -1 -1 -1 -1 -1 -1 -1 -1 -1 -1 -1 -1 -1 -1 -1 -1 -1 -1 -1 -1 -1 -1 -1 -1 -1 -1 -1 -1 -1 -1 -1 -1 -1 -1 -1 -1 -1 -1 -1 
# 
1 1 38 39
#c -1 -1 -1 -1 -1 -1 -1 -1 -1 -1 -1 -1 -1 -1 -1 -1 -1 -1 -1 -1 -1 -1 -1 -1 -1 -1 -1 -1 -1 -1 -1 -1 -1 -1 -1 -1 -1 -1 -1 -1 -1 -1 -1 
# 
1 1 37 39
#c -1 -1 -1 -1 -1 -1 -1 -1 -1 -1 -1 -1 -1 -1 -1 -1 -1 -1 -1 -1 -1 -1 -1 -1 -1 -1 -1 -1 -1 -1 -1 -1 -1 -1 -1 -1 -1 -1 -1 -1 -1 -1 -1 
# 
1 1 37 38
#c -1 -1 -1 -1 -1 -1 -1 -1 -1 -1 -1 -1 -1 -1 -1 -1 -1 -1 -1 -1 -1 -1 -1 -1 -1 -1 -1 -1 -1 -1 -1 -1 -1 -1 -1 -1 -1 -1 -1 -1 -1 -1 -1 
# 
1 1 41 42
#c -1 -1 -1 -1 -1 -1 -1 -1 -1 -1 -1 -1 -1 -1 -1 -1 -1 -1 -1 -1 -1 -1 -1 -1 -1 -1 -1 -1 -1 -1 -1 -1 -1 -1 -1 -1 -1 -1 -1 -1 -1 -1 -1 
# 
1 1 40 42
#c -1 -1 -1 -1 -1 -1 -1 -1 -1 -1 -1 -1 -1 -1 -1 -1 -1 -1 -1 -1 -1 -1 -1 -1 -1 -1 -1 -1 -1 -1 -1 -1 -1 -1 -1 -1 -1 -1 -1 -1 -1 -1 -1 
# 
1 1 40 41
#c -1 -1 -1 -1 -1 -1 -1 -1 -1 -1 -1 -1 -1 -1 -1 -1 -1 -1 -1 -1 -1 -1 -1 -1 -1 -1 -1 -1 -1 -1 -1 -1 -1 -1 -1 -1 -1 -1 -1 -1 -1 -1 -1 
# 
1 1 39 42
#c -1 -1 -1 -1 -1 -1 -1 -1 -1 -1 -1 -1 -1 -1 -1 -1 -1 -1 -1 -1 -1 -1 -1 -1 -1 -1 -1 -1 -1 -1 -1 -1 -1 -1 -1 -1 -1 -1 -1 -1 -1 -1 -1 
# 
1 1 39 40
#c -1 -1 -1 -1 -1 -1 -1 -1 -1 -1 -1 -1 -1 -1 -1 -1 -1 -1 -1 -1 -1 -1 -1 -1 -1 -1 -1 -1 -1 -1 -1 -1 -1 -1 -1 -1 -1 -1 -1 -1 -1 -1 -1 
# 
1 1 38 40
#c -1 -1 -1 -1 -1 -1 -1 -1 -1 -1 -1 -1 -1 -1 -1 -1 -1 -1 -1 -1 -1 -1 -1 -1 -1 -1 -1 -1 -1 -1 -1 -1 -1 -1 -1 -1 -1 -1 -1 -1 -1 -1 -1 
# 
1 1 37 40
#c -1 -1 -1 -1 -1 -1 -1 -1 -1 -1 -1 -1 -1 -1 -1 -1 -1 -1 -1 -1 -1 -1 -1 -1 -1 -1 -1 -1 -1 -1 -1 -1 -1 -1 -1 -1 -1 -1 -1 -1 -1 -1 -1 
# 
1 1 37 41
#c -1 -1 -1 -1 -1 -1 -1 -1 -1 -1 -1 -1 -1 -1 -1 -1 -1 -1 -1 -1 -1 -1 -1 -1 -1 -1 -1 -1 -1 -1 -1 -1 -1 -1 -1 -1 -1 -1 -1 -1 -1 -1 -1 
# 
1 1 36 42
#c -1 -1 -1 -1 -1 -1 -1 -1 -1 -1 -1 -1 -1 -1 -1 -1 -1 -1 -1 -1 -1 -1 -1 -1 -1 -1 -1 -1 -1 -1 -1 -1 -1 -1 -1 -1 -1 -1 -1 -1 -1 -1 -1 
# 
1 1 36 39
#c -1 -1 -1 -1 -1 -1 -1 -1 -1 -1 -1 -1 -1 -1 -1 -1 -1 -1 -1 -1 -1 -1 -1 -1 -1 -1 -1 -1 -1 -1 -1 -1 -1 -1 -1 -1 -1 -1 -1 -1 -1 -1 -1 
# 
1 1 36 38
#c -1 -1 -1 -1 -1 -1 -1 -1 -1 -1 -1 -1 -1 -1 -1 -1 -1 -1 -1 -1 -1 -1 -1 -1 -1 -1 -1 -1 -1 -1 -1 -1 -1 -1 -1 -1 -1 -1 -1 -1 -1 -1 -1 
# 
1 1 35 38
#c -1 -1 -1 -1 -1 -1 -1 -1 -1 -1 -1 -1 -1 -1 -1 -1 -1 -1 -1 -1 -1 -1 -1 -1 -1 -1 -1 -1 -1 -1 -1 -1 -1 -1 -1 -1 -1 -1 -1 -1 -1 -1 -1 
# 
1 1 33 38
#c -1 -1 -1 -1 -1 -1 -1 -1 -1 -1 -1 -1 -1 -1 -1 -1 -1 -1 -1 -1 -1 -1 -1 -1 -1 -1 -1 -1 -1 -1 -1 -1 -1 -1 -1 -1 -1 -1 -1 -1 -1 -1 -1 
# 
1 1 32 38
#c -1 -1 -1 -1 -1 -1 -1 -1 -1 -1 -1 -1 -1 -1 -1 -1 -1 -1 -1 -1 -1 -1 -1 -1 -1 -1 -1 -1 -1 -1 -1 -1 -1 -1 -1 -1 -1 -1 -1 -1 -1 -1 -1 
# 
1 1 34 38
#c -1 -1 -1 -1 -1 -1 -1 -1 -1 -1 -1 -1 -1 -1 -1 -1 -1 -1 -1 -1 -1 -1 -1 -1 -1 -1 -1 -1 -1 -1 -1 -1 -1 -1 -1 -1 -1 -1 -1 -1 -1 -1 -1 
# 
1 1 34 40
#c -1 -1 -1 -1 -1 -1 -1 -1 -1 -1 -1 -1 -1 -1 -1 -1 -1 -1 -1 -1 -1 -1 -1 -1 -1 -1 -1 -1 -1 -1 -1 -1 -1 -1 -1 -1 -1 -1 -1 -1 -1 -1 -1 
# 
1 1 34 37
#c -1 -1 -1 -1 -1 -1 -1 -1 -1 -1 -1 -1 -1 -1 -1 -1 -1 -1 -1 -1 -1 -1 -1 -1 -1 -1 -1 -1 -1 -1 -1 -1 -1 -1 -1 -1 -1 -1 -1 -1 -1 -1 -1 
# 
1 1 25 42
#c -1 -1 -1 -1 -1 -1 -1 -1 -1 -1 -1 -1 -1 -1 -1 -1 -1 -1 -1 -1 -1 -1 -1 -1 -1 -1 -1 -1 -1 -1 -1 -1 -1 -1 -1 -1 -1 -1 -1 -1 -1 -1 -1 
# 
1 1 30 42
#c -1 -1 -1 -1 -1 -1 -1 -1 -1 -1 -1 -1 -1 -1 -1 -1 -1 -1 -1 -1 -1 -1 -1 -1 -1 -1 -1 -1 -1 -1 -1 -1 -1 -1 -1 -1 -1 -1 -1 -1 -1 -1 -1 
# 
1 1 22 42
#c -1 -1 -1 -1 -1 -1 -1 -1 -1 -1 -1 -1 -1 -1 -1 -1 -1 -1 -1 -1 -1 -1 -1 -1 -1 -1 -1 -1 -1 -1 -1 -1 -1 -1 -1 -1 -1 -1 -1 -1 -1 -1 -1 
# 
1 1 22 39
#c -1 -1 -1 -1 -1 -1 -1 -1 -1 -1 -1 -1 -1 -1 -1 -1 -1 -1 -1 -1 -1 -1 -1 -1 -1 -1 -1 -1 -1 -1 -1 -1 -1 -1 -1 -1 -1 -1 -1 -1 -1 -1 -1 
# 
1 1 27 39
#c -1 -1 -1 -1 -1 -1 -1 -1 -1 -1 -1 -1 -1 -1 -1 -1 -1 -1 -1 -1 -1 -1 -1 -1 -1 -1 -1 -1 -1 -1 -1 -1 -1 -1 -1 -1 -1 -1 -1 -1 -1 -1 -1 
# 
1 1 23 39
#c -1 -1 -1 -1 -1 -1 -1 -1 -1 -1 -1 -1 -1 -1 -1 -1 -1 -1 -1 -1 -1 -1 -1 -1 -1 -1 -1 -1 -1 -1 -1 -1 -1 -1 -1 -1 -1 -1 -1 -1 -1 -1 -1 
# 
1 1 28 39
#c -1 -1 -1 -1 -1 -1 -1 -1 -1 -1 -1 -1 -1 -1 -1 -1 -1 -1 -1 -1 -1 -1 -1 -1 -1 -1 -1 -1 -1 -1 -1 -1 -1 -1 -1 -1 -1 -1 -1 -1 -1 -1 -1 
# 
1 1 28 36
#c -1 -1 -1 -1 -1 -1 -1 -1 -1 -1 -1 -1 -1 -1 -1 -1 -1 -1 -1 -1 -1 -1 -1 -1 -1 -1 -1 -1 -1 -1 -1 -1 -1 -1 -1 -1 -1 -1 -1 -1 -1 -1 -1 
# 
1 1 28 35
#c -1 -1 -1 -1 -1 -1 -1 -1 -1 -1 -1 -1 -1 -1 -1 -1 -1 -1 -1 -1 -1 -1 -1 -1 -1 -1 -1 -1 -1 -1 -1 -1 -1 -1 -1 -1 -1 -1 -1 -1 -1 -1 -1 
# 
1 1 28 33
#c -1 -1 -1 -1 -1 -1 -1 -1 -1 -1 -1 -1 -1 -1 -1 -1 -1 -1 -1 -1 -1 -1 -1 -1 -1 -1 -1 -1 -1 -1 -1 -1 -1 -1 -1 -1 -1 -1 -1 -1 -1 -1 -1 
# 
1 1 24 33
#c -1 -1 -1 -1 -1 -1 -1 -1 -1 -1 -1 -1 -1 -1 -1 -1 -1 -1 -1 -1 -1 -1 -1 -1 -1 -1 -1 -1 -1 -1 -1 -1 -1 -1 -1 -1 -1 -1 -1 -1 -1 -1 -1 
# 
1 1 21 33
#c -1 -1 -1 -1 -1 -1 -1 -1 -1 -1 -1 -1 -1 -1 -1 -1 -1 -1 -1 -1 -1 -1 -1 -1 -1 -1 -1 -1 -1 -1 -1 -1 -1 -1 -1 -1 -1 -1 -1 -1 -1 -1 -1 
# 
1 1 26 33
#c -1 -1 -1 -1 -1 -1 -1 -1 -1 -1 -1 -1 -1 -1 -1 -1 -1 -1 -1 -1 -1 -1 -1 -1 -1 -1 -1 -1 -1 -1 -1 -1 -1 -1 -1 -1 -1 -1 -1 -1 -1 -1 -1 
# 
1 1 26 32
#c -1 -1 -1 -1 -1 -1 -1 -1 -1 -1 -1 -1 -1 -1 -1 -1 -1 -1 -1 -1 -1 -1 -1 -1 -1 -1 -1 -1 -1 -1 -1 -1 -1 -1 -1 -1 -1 -1 -1 -1 -1 -1 -1 
# 
1 1 29 32
#c -1 -1 -1 -1 -1 -1 -1 -1 -1 -1 -1 -1 -1 -1 -1 -1 -1 -1 -1 -1 -1 -1 -1 -1 -1 -1 -1 -1 -1 -1 -1 -1 -1 -1 -1 -1 -1 -1 -1 -1 -1 -1 -1 
# 
1 1 29 38
#c -1 -1 -1 -1 -1 -1 -1 -1 -1 -1 -1 -1 -1 -1 -1 -1 -1 -1 -1 -1 -1 -1 -1 -1 -1 -1 -1 -1 -1 -1 -1 -1 -1 -1 -1 -1 -1 -1 -1 -1 -1 -1 -1 
# 
1 1 29 40
#c -1 -1 -1 -1 -1 -1 -1 -1 -1 -1 -1 -1 -1 -1 -1 -1 -1 -1 -1 -1 -1 -1 -1 -1 -1 -1 -1 -1 -1 -1 -1 -1 -1 -1 -1 -1 -1 -1 -1 -1 -1 -1 -1 
# 
1 1 29 34
#c -1 -1 -1 -1 -1 -1 -1 -1 -1 -1 -1 -1 -1 -1 -1 -1 -1 -1 -1 -1 -1 -1 -1 -1 -1 -1 -1 -1 -1 -1 -1 -1 -1 -1 -1 -1 -1 -1 -1 -1 -1 -1 -1 
# 
1 1 31 34
#c -1 -1 -1 -1 -1 -1 -1 -1 -1 -1 -1 -1 -1 -1 -1 -1 -1 -1 -1 -1 -1 -1 -1 -1 -1 -1 -1 -1 -1 -1 -1 -1 -1 -1 -1 -1 -1 -1 -1 -1 -1 -1 -1 
# 
1 1 31 37
#c -1 -1 -1 -1 -1 -1 -1 -1 -1 -1 -1 -1 -1 -1 -1 -1 -1 -1 -1 -1 -1 -1 -1 -1 -1 -1 -1 -1 -1 -1 -1 -1 -1 -1 -1 -1 -1 -1 -1 -1 -1 -1 -1 
# 
1 1 31 41
#c -1 -1 -1 -1 -1 -1 -1 -1 -1 -1 -1 -1 -1 -1 -1 -1 -1 -1 -1 -1 -1 -1 -1 -1 -1 -1 -1 -1 -1 -1 -1 -1 -1 -1 -1 -1 -1 -1 -1 -1 -1 -1 -1 
# 
1 1 1 25
#c -1 -1 -1 -1 -1 -1 -1 -1 -1 -1 -1 -1 -1 -1 -1 -1 -1 -1 -1 -1 -1 -1 -1 -1 -1 -1 -1 -1 -1 -1 -1 -1 -1 -1 -1 -1 -1 -1 -1 -1 -1 -1 -1 
# 
1 1 1 30
#c -1 -1 -1 -1 -1 -1 -1 -1 -1 -1 -1 -1 -1 -1 -1 -1 -1 -1 -1 -1 -1 -1 -1 -1 -1 -1 -1 -1 -1 -1 -1 -1 -1 -1 -1 -1 -1 -1 -1 -1 -1 -1 -1 
# 
1 1 11 30
#c -1 -1 -1 -1 -1 -1 -1 -1 -1 -1 -1 -1 -1 -1 -1 -1 -1 -1 -1 -1 -1 -1 -1 -1 -1 -1 -1 -1 -1 -1 -1 -1 -1 -1 -1 -1 -1 -1 -1 -1 -1 -1 -1 
# 
1 1 6 30
#c -1 -1 -1 -1 -1 -1 -1 -1 -1 -1 -1 -1 -1 -1 -1 -1 -1 -1 -1 -1 -1 -1 -1 -1 -1 -1 -1 -1 -1 -1 -1 -1 -1 -1 -1 -1 -1 -1 -1 -1 -1 -1 -1 
# 
1 1 6 42
#c -1 -1 -1 -1 -1 -1 -1 -1 -1 -1 -1 -1 -1 -1 -1 -1 -1 -1 -1 -1 -1 -1 -1 -1 -1 -1 -1 -1 -1 -1 -1 -1 -1 -1 -1 -1 -1 -1 -1 -1 -1 -1 -1 
# 
1 1 6 22
#c -1 -1 -1 -1 -1 -1 -1 -1 -1 -1 -1 -1 -1 -1 -1 -1 -1 -1 -1 -1 -1 -1 -1 -1 -1 -1 -1 -1 -1 -1 -1 -1 -1 -1 -1 -1 -1 -1 -1 -1 -1 -1 -1 
# 
1 1 6 27
#c -1 -1 -1 -1 -1 -1 -1 -1 -1 -1 -1 -1 -1 -1 -1 -1 -1 -1 -1 -1 -1 -1 -1 -1 -1 -1 -1 -1 -1 -1 -1 -1 -1 -1 -1 -1 -1 -1 -1 -1 -1 -1 -1 
# 
1 1 6 23
#c -1 -1 -1 -1 -1 -1 -1 -1 -1 -1 -1 -1 -1 -1 -1 -1 -1 -1 -1 -1 -1 -1 -1 -1 -1 -1 -1 -1 -1 -1 -1 -1 -1 -1 -1 -1 -1 -1 -1 -1 -1 -1 -1 
# 
1 1 5 23
#c -1 -1 -1 -1 -1 -1 -1 -1 -1 -1 -1 -1 -1 -1 -1 -1 -1 -1 -1 -1 -1 -1 -1 -1 -1 -1 -1 -1 -1 -1 -1 -1 -1 -1 -1 -1 -1 -1 -1 -1 -1 -1 -1 
# 
1 1 14 23
#c -1 -1 -1 -1 -1 -1 -1 -1 -1 -1 -1 -1 -1 -1 -1 -1 -1 -1 -1 -1 -1 -1 -1 -1 -1 -1 -1 -1 -1 -1 -1 -1 -1 -1 -1 -1 -1 -1 -1 -1 -1 -1 -1 
# 
1 1 14 39
#c -1 -1 -1 -1 -1 -1 -1 -1 -1 -1 -1 -1 -1 -1 -1 -1 -1 -1 -1 -1 -1 -1 -1 -1 -1 -1 -1 -1 -1 -1 -1 -1 -1 -1 -1 -1 -1 -1 -1 -1 -1 -1 -1 
# 
1 1 2 39
#c -1 -1 -1 -1 -1 -1 -1 -1 -1 -1 -1 -1 -1 -1 -1 -1 -1 -1 -1 -1 -1 -1 -1 -1 -1 -1 -1 -1 -1 -1 -1 -1 -1 -1 -1 -1 -1 -1 -1 -1 -1 -1 -1 
# 
1 1 2 36
#c -1 -1 -1 -1 -1 -1 -1 -1 -1 -1 -1 -1 -1 -1 -1 -1 -1 -1 -1 -1 -1 -1 -1 -1 -1 -1 -1 -1 -1 -1 -1 -1 -1 -1 -1 -1 -1 -1 -1 -1 -1 -1 -1 
# 
1 1 2 35
#c -1 -1 -1 -1 -1 -1 -1 -1 -1 -1 -1 -1 -1 -1 -1 -1 -1 -1 -1 -1 -1 -1 -1 -1 -1 -1 -1 -1 -1 -1 -1 -1 -1 -1 -1 -1 -1 -1 -1 -1 -1 -1 -1 
# 
1 1 3 35
#c -1 -1 -1 -1 -1 -1 -1 -1 -1 -1 -1 -1 -1 -1 -1 -1 -1 -1 -1 -1 -1 -1 -1 -1 -1 -1 -1 -1 -1 -1 -1 -1 -1 -1 -1 -1 -1 -1 -1 -1 -1 -1 -1 
# 
1 1 12 35
#c -1 -1 -1 -1 -1 -1 -1 -1 -1 -1 -1 -1 -1 -1 -1 -1 -1 -1 -1 -1 -1 -1 -1 -1 -1 -1 -1 -1 -1 -1 -1 -1 -1 -1 -1 -1 -1 -1 -1 -1 -1 -1 -1 
# 
1 1 9 35
#c -1 -1 -1 -1 -1 -1 -1 -1 -1 -1 -1 -1 -1 -1 -1 -1 -1 -1 -1 -1 -1 -1 -1 -1 -1 -1 -1 -1 -1 -1 -1 -1 -1 -1 -1 -1 -1 -1 -1 -1 -1 -1 -1 
# 
1 1 9 28
#c -1 -1 -1 -1 -1 -1 -1 -1 -1 -1 -1 -1 -1 -1 -1 -1 -1 -1 -1 -1 -1 -1 -1 -1 -1 -1 -1 -1 -1 -1 -1 -1 -1 -1 -1 -1 -1 -1 -1 -1 -1 -1 -1 
# 
1 1 0 28
#c -1 -1 -1 -1 -1 -1 -1 -1 -1 -1 -1 -1 -1 -1 -1 -1 -1 -1 -1 -1 -1 -1 -1 -1 -1 -1 -1 -1 -1 -1 -1 -1 -1 -1 -1 -1 -1 -1 -1 -1 -1 -1 -1 
# 
1 1 16 28
#c -1 -1 -1 -1 -1 -1 -1 -1 -1 -1 -1 -1 -1 -1 -1 -1 -1 -1 -1 -1 -1 -1 -1 -1 -1 -1 -1 -1 -1 -1 -1 -1 -1 -1 -1 -1 -1 -1 -1 -1 -1 -1 -1 
# 
1 1 16 24
#c -1 -1 -1 -1 -1 -1 -1 -1 -1 -1 -1 -1 -1 -1 -1 -1 -1 -1 -1 -1 -1 -1 -1 -1 -1 -1 -1 -1 -1 -1 -1 -1 -1 -1 -1 -1 -1 -1 -1 -1 -1 -1 -1 
# 
1 1 17 24
#c -1 -1 -1 -1 -1 -1 -1 -1 -1 -1 -1 -1 -1 -1 -1 -1 -1 -1 -1 -1 -1 -1 -1 -1 -1 -1 -1 -1 -1 -1 -1 -1 -1 -1 -1 -1 -1 -1 -1 -1 -1 -1 -1 
# 
1 1 17 21
#c -1 -1 -1 -1 -1 -1 -1 -1 -1 -1 -1 -1 -1 -1 -1 -1 -1 -1 -1 -1 -1 -1 -1 -1 -1 -1 -1 -1 -1 -1 -1 -1 -1 -1 -1 -1 -1 -1 -1 -1 -1 -1 -1 
# 
1 1 13 21
#c -1 -1 -1 -1 -1 -1 -1 -1 -1 -1 -1 -1 -1 -1 -1 -1 -1 -1 -1 -1 -1 -1 -1 -1 -1 -1 -1 -1 -1 -1 -1 -1 -1 -1 -1 -1 -1 -1 -1 -1 -1 -1 -1 
# 
1 1 13 33
#c -1 -1 -1 -1 -1 -1 -1 -1 -1 -1 -1 -1 -1 -1 -1 -1 -1 -1 -1 -1 -1 -1 -1 -1 -1 -1 -1 -1 -1 -1 -1 -1 -1 -1 -1 -1 -1 -1 -1 -1 -1 -1 -1 
# 
1 1 4 33
#c -1 -1 -1 -1 -1 -1 -1 -1 -1 -1 -1 -1 -1 -1 -1 -1 -1 -1 -1 -1 -1 -1 -1 -1 -1 -1 -1 -1 -1 -1 -1 -1 -1 -1 -1 -1 -1 -1 -1 -1 -1 -1 -1 
# 
1 1 10 33
#c -1 -1 -1 -1 -1 -1 -1 -1 -1 -1 -1 -1 -1 -1 -1 -1 -1 -1 -1 -1 -1 -1 -1 -1 -1 -1 -1 -1 -1 -1 -1 -1 -1 -1 -1 -1 -1 -1 -1 -1 -1 -1 -1 
# 
1 1 10 26
#c -1 -1 -1 -1 -1 -1 -1 -1 -1 -1 -1 -1 -1 -1 -1 -1 -1 -1 -1 -1 -1 -1 -1 -1 -1 -1 -1 -1 -1 -1 -1 -1 -1 -1 -1 -1 -1 -1 -1 -1 -1 -1 -1 
# 
1 1 10 32
#c -1 -1 -1 -1 -1 -1 -1 -1 -1 -1 -1 -1 -1 -1 -1 -1 -1 -1 -1 -1 -1 -1 -1 -1 -1 -1 -1 -1 -1 -1 -1 -1 -1 -1 -1 -1 -1 -1 -1 -1 -1 -1 -1 
# 
1 1 15 32
#c -1 -1 -1 -1 -1 -1 -1 -1 -1 -1 -1 -1 -1 -1 -1 -1 -1 -1 -1 -1 -1 -1 -1 -1 -1 -1 -1 -1 -1 -1 -1 -1 -1 -1 -1 -1 -1 -1 -1 -1 -1 -1 -1 
# 
1 1 15 38
#c -1 -1 -1 -1 -1 -1 -1 -1 -1 -1 -1 -1 -1 -1 -1 -1 -1 -1 -1 -1 -1 -1 -1 -1 -1 -1 -1 -1 -1 -1 -1 -1 -1 -1 -1 -1 -1 -1 -1 -1 -1 -1 -1 
# 
1 1 18 38
#c -1 -1 -1 -1 -1 -1 -1 -1 -1 -1 -1 -1 -1 -1 -1 -1 -1 -1 -1 -1 -1 -1 -1 -1 -1 -1 -1 -1 -1 -1 -1 -1 -1 -1 -1 -1 -1 -1 -1 -1 -1 -1 -1 
# 
1 1 18 40
#c -1 -1 -1 -1 -1 -1 -1 -1 -1 -1 -1 -1 -1 -1 -1 -1 -1 -1 -1 -1 -1 -1 -1 -1 -1 -1 -1 -1 -1 -1 -1 -1 -1 -1 -1 -1 -1 -1 -1 -1 -1 -1 -1 
# 
1 1 18 29
#c -1 -1 -1 -1 -1 -1 -1 -1 -1 -1 -1 -1 -1 -1 -1 -1 -1 -1 -1 -1 -1 -1 -1 -1 -1 -1 -1 -1 -1 -1 -1 -1 -1 -1 -1 -1 -1 -1 -1 -1 -1 -1 -1 
# 
1 1 18 34
#c -1 -1 -1 -1 -1 -1 -1 -1 -1 -1 -1 -1 -1 -1 -1 -1 -1 -1 -1 -1 -1 -1 -1 -1 -1 -1 -1 -1 -1 -1 -1 -1 -1 -1 -1 -1 -1 -1 -1 -1 -1 -1 -1 
# 
1 1 19 34
#c -1 -1 -1 -1 -1 -1 -1 -1 -1 -1 -1 -1 -1 -1 -1 -1 -1 -1 -1 -1 -1 -1 -1 -1 -1 -1 -1 -1 -1 -1 -1 -1 -1 -1 -1 -1 -1 -1 -1 -1 -1 -1 -1 
# 
1 1 20 34
#c -1 -1 -1 -1 -1 -1 -1 -1 -1 -1 -1 -1 -1 -1 -1 -1 -1 -1 -1 -1 -1 -1 -1 -1 -1 -1 -1 -1 -1 -1 -1 -1 -1 -1 -1 -1 -1 -1 -1 -1 -1 -1 -1 
# 
1 1 20 37
#c -1 -1 -1 -1 -1 -1 -1 -1 -1 -1 -1 -1 -1 -1 -1 -1 -1 -1 -1 -1 -1 -1 -1 -1 -1 -1 -1 -1 -1 -1 -1 -1 -1 -1 -1 -1 -1 -1 -1 -1 -1 -1 -1 
# 
1 1 7 37
#c -1 -1 -1 -1 -1 -1 -1 -1 -1 -1 -1 -1 -1 -1 -1 -1 -1 -1 -1 -1 -1 -1 -1 -1 -1 -1 -1 -1 -1 -1 -1 -1 -1 -1 -1 -1 -1 -1 -1 -1 -1 -1 -1 
# 
1 1 7 41
#c -1 -1 -1 -1 -1 -1 -1 -1 -1 -1 -1 -1 -1 -1 -1 -1 -1 -1 -1 -1 -1 -1 -1 -1 -1 -1 -1 -1 -1 -1 -1 -1 -1 -1 -1 -1 -1 -1 -1 -1 -1 -1 -1 
# 
1 1 7 31
#c -1 -1 -1 -1 -1 -1 -1 -1 -1 -1 -1 -1 -1 -1 -1 -1 -1 -1 -1 -1 -1 -1 -1 -1 -1 -1 -1 -1 -1 -1 -1 -1 -1 -1 -1 -1 -1 -1 -1 -1 -1 -1 -1 
# 
1 1 8 31
#c -1 -1 -1 -1 -1 -1 -1 2 1 -1 -1 -1 -1 -1 -1 -1 -1 -1 8 7 5 -1 -1 -1 -1 -1 -1 -1 -1 8 -1 0 -1 -1 6 -1 -1 4 -1 -1 -1 3 -1 
# 
2 1 18 29 37
#c -1 -1 -1 -1 -1 -1 -1 2 1 -1 -1 -1 -1 -1 -1 -1 -1 -1 8 7 5 -1 -1 -1 -1 -1 -1 -1 -1 8 -1 0 -1 -1 6 -1 -1 4 -1 -1 -1 3 -1 
# 
2 1 18 29 7
#c -1 -1 -1 -1 -1 -1 -1 2 1 -1 -1 -1 -1 -1 -1 -1 -1 -1 8 7 5 -1 -1 -1 -1 -1 -1 -1 -1 8 -1 0 -1 -1 6 -1 -1 4 -1 -1 -1 3 -1 
# 
2 1 18 29 8
#c -1 -1 -1 -1 -1 -1 -1 2 1 -1 -1 -1 -1 -1 -1 -1 -1 -1 8 7 5 -1 -1 -1 -1 -1 -1 -1 -1 8 -1 0 -1 -1 6 -1 -1 4 -1 -1 7 3 -1 
# 
2 1 19 40 41
#c -1 -1 -1 -1 -1 -1 -1 2 1 -1 -1 -1 -1 -1 -1 -1 -1 -1 8 7 5 -1 -1 -1 -1 -1 -1 -1 -1 8 -1 0 -1 -1 6 -1 -1 4 -1 -1 7 3 -1 
# 
2 2 19 40 18 29
#c -1 -1 -1 -1 -1 -1 -1 2 1 -1 -1 -1 -1 -1 -1 -1 -1 -1 8 7 5 -1 -1 -1 -1 -1 -1 -1 -1 8 -1 0 -1 -1 6 -1 -1 4 -1 -1 7 3 -1 
# 
2 1 19 40 8
#c -1 -1 -1 -1 -1 -1 -1 2 1 -1 -1 -1 -1 -1 -1 -1 -1 -1 8 7 5 -1 -1 -1 -1 -1 -1 -1 -1 8 -1 0 -1 -1 6 -1 -1 4 -1 -1 7 3 -1 
# 
2 1 19 40 31
#c -1 -1 -1 -1 -1 -1 -1 2 1 -1 -1 -1 -1 -1 -1 -1 -1 -1 8 7 5 -1 -1 -1 -1 -1 -1 -1 -1 8 -1 0 -1 -1 6 -1 -1 4 6 -1 7 3 -1 
# 
2 1 34 38 7
#c -1 -1 -1 -1 -1 -1 -1 2 1 -1 -1 -1 -1 -1 -1 -1 -1 -1 8 7 5 -1 -1 -1 -1 -1 -1 -1 -1 8 -1 0 -1 -1 6 -1 -1 4 6 -1 7 3 -1 
# 
2 1 34 38 8
#c -1 -1 -1 -1 -1 -1 -1 2 1 -1 -1 -1 -1 -1 -1 -1 -1 -1 8 7 5 -1 -1 -1 -1 -1 -1 -1 -1 8 -1 0 -1 -1 6 -1 -1 4 6 -1 7 3 -1 
# 
2 2 34 38 19 40
#c -1 -1 -1 -1 -1 -1 -1 2 1 -1 -1 -1 -1 -1 -1 -1 -1 -1 8 7 5 -1 -1 -1 -1 -1 -1 -1 -1 8 -1 0 -1 -1 6 -1 -1 4 6 -1 7 3 -1 
# 
2 1 34 38 31
#c -1 -1 -1 -1 -1 -1 -1 2 1 -1 -1 -1 -1 -1 -1 5 -1 -1 8 7 5 -1 -1 -1 -1 -1 -1 -1 -1 8 -1 0 -1 -1 6 -1 -1 4 6 -1 7 3 -1 
# 
2 2 15 20 18 29
#c -1 -1 -1 -1 -1 -1 -1 2 1 -1 -1 -1 -1 -1 -1 5 -1 -1 8 7 5 -1 -1 -1 -1 -1 -1 -1 -1 8 -1 0 -1 -1 6 -1 -1 4 6 -1 7 3 -1 
# 
2 2 15 20 19 40
#c -1 -1 -1 -1 -1 -1 -1 2 1 -1 -1 -1 -1 -1 -1 5 -1 -1 8 7 5 -1 -1 -1 -1 -1 -1 -1 -1 8 -1 0 -1 -1 6 -1 -1 4 6 -1 7 3 -1 
# 
2 1 15 20 31
#c -1 -1 -1 -1 -1 -1 -1 2 1 -1 -1 -1 -1 -1 -1 5 -1 -1 8 7 5 -1 -1 -1 -1 -1 -1 -1 -1 8 -1 0 4 -1 6 -1 -1 4 6 -1 7 3 -1 
# 
2 1 32 37 8
#c -1 -1 -1 -1 -1 -1 -1 2 1 -1 -1 -1 -1 -1 -1 5 -1 -1 8 7 5 -1 -1 -1 -1 -1 -1 -1 -1 8 -1 0 4 -1 6 -1 -1 4 6 -1 7 3 -1 
# 
2 2 32 37 15 20
#c -1 -1 -1 -1 -1 -1 -1 2 1 -1 -1 -1 -1 -1 -1 5 -1 -1 8 7 5 -1 -1 -1 -1 -1 -1 -1 -1 8 -1 0 4 -1 6 -1 -1 4 6 -1 7 3 -1 
# 
2 1 32 37 31
#c -1 -1 -1 -1 -1 -1 -1 2 1 -1 -1 -1 -1 -1 -1 5 -1 -1 8 7 5 -1 -1 -1 -1 -1 -1 -1 -1 8 -1 0 4 -1 6 -1 -1 4 6 -1 7 3 -1 
# 
2 2 32 37 34 38
#c -1 -1 -1 -1 -1 -1 -1 2 1 -1 3 -1 -1 -1 -1 5 -1 -1 8 7 5 -1 -1 -1 -1 -1 -1 -1 -1 8 -1 0 4 -1 6 -1 -1 4 6 -1 7 3 -1 
# 
2 2 10 41 19 40
#c -1 -1 -1 -1 -1 -1 -1 2 1 -1 3 -1 -1 -1 -1 5 -1 -1 8 7 5 -1 -1 -1 -1 -1 -1 -1 -1 8 -1 0 4 -1 6 -1 -1 4 6 -1 7 3 -1 
# 
2 2 10 41 18 29
#c -1 -1 -1 -1 -1 -1 -1 2 1 -1 3 -1 -1 -1 -1 5 -1 -1 8 7 5 -1 -1 -1 -1 -1 -1 -1 -1 8 -1 0 4 -1 6 -1 -1 4 6 -1 7 3 -1 
# 
2 1 10 41 8
#c -1 -1 -1 -1 -1 -1 -1 2 1 -1 3 -1 -1 -1 -1 5 -1 -1 8 7 5 -1 -1 -1 -1 -1 2 -1 -1 8 -1 0 4 -1 6 -1 -1 4 6 -1 7 3 -1 
# 
2 2 7 26 19 40
#c -1 -1 -1 -1 -1 -1 -1 2 1 -1 3 -1 -1 -1 -1 5 -1 -1 8 7 5 -1 -1 -1 -1 -1 2 -1 -1 8 -1 0 4 -1 6 -1 -1 4 6 -1 7 3 -1 
# 
2 1 7 26 31
#c -1 -1 -1 -1 -1 -1 -1 2 1 -1 3 -1 -1 -1 -1 5 -1 -1 8 7 5 -1 -1 -1 -1 -1 2 -1 -1 8 -1 0 4 -1 6 -1 -1 4 6 -1 7 3 -1 
# 
2 2 7 26 32 37
#c -1 -1 -1 -1 -1 -1 -1 2 1 -1 3 -1 -1 -1 -1 5 -1 -1 8 7 5 -1 -1 -1 -1 -1 2 -1 -1 8 -1 0 4 -1 6 -1 -1 4 6 -1 7 3 -1 
# 
2 2 7 26 34 38
#c -1 -1 -1 -1 -1 -1 -1 2 1 -1 3 -1 -1 -1 -1 5 -1 -1 8 7 5 -1 -1 -1 -1 -1 2 -1 -1 8 -1 0 4 8 6 -1 -1 4 6 -1 7 3 -1 
# 
3 2 18 29 33 15 20
#c -1 -1 -1 -1 -1 -1 -1 2 1 -1 3 -1 -1 -1 -1 5 -1 -1 8 7 5 -1 -1 -1 -1 -1 2 -1 -1 8 -1 0 4 8 6 -1 -1 4 6 -1 7 3 -1 
# 
3 2 18 29 33 32 37
#c -1 -1 -1 -1 -1 -1 -1 2 1 -1 3 -1 -1 -1 -1 5 -1 -1 8 7 5 -1 -1 -1 -1 -1 2 -1 -1 8 -1 0 4 8 6 -1 -1 4 6 -1 7 3 -1 
# 
3 2 18 29 33 34 38
#c -1 -1 -1 -1 -1 -1 -1 2 1 -1 3 -1 -1 -1 -1 5 -1 -1 8 7 5 -1 -1 -1 -1 -1 2 -1 -1 8 -1 0 4 8 6 -1 -1 4 6 -1 7 3 -1 
# 
3 2 18 29 33 7 26
#c -1 -1 -1 -1 1 -1 -1 2 1 -1 3 -1 -1 -1 -1 5 -1 -1 8 7 5 -1 -1 -1 -1 -1 2 -1 -1 8 -1 0 4 8 6 -1 -1 4 6 -1 7 3 -1 
# 
2 1 4 8 31
#c -1 -1 -1 -1 1 -1 -1 2 1 -1 3 -1 -1 -1 -1 5 -1 -1 8 7 5 -1 -1 -1 -1 -1 2 -1 -1 8 -1 0 4 8 6 -1 -1 4 6 -1 7 3 -1 
# 
2 2 4 8 34 38
#c -1 -1 -1 -1 1 -1 -1 2 1 -1 3 -1 -1 -1 -1 5 -1 -1 8 7 5 -1 -1 -1 -1 -1 2 -1 -1 8 -1 0 4 8 6 -1 -1 4 6 -1 7 3 -1 
# 
2 2 4 8 7 26
#c -1 -1 -1 -1 1 -1 -1 2 1 -1 3 -1 -1 -1 -1 5 -1 -1 8 7 5 -1 -1 -1 -1 -1 2 -1 -1 8 -1 0 4 8 6 -1 -1 4 6 -1 7 3 -1 
# 
2 3 4 8 18 29 33
#c -1 -1 -1 -1 1 -1 -1 2 1 -1 3 -1 -1 3 -1 5 -1 -1 8 7 5 -1 -1 -1 -1 -1 2 -1 -1 8 -1 0 4 8 6 -1 -1 4 6 -1 7 3 -1 
# 
3 2 10 13 41 32 37
#c -1 -1 -1 -1 1 -1 -1 2 1 -1 3 -1 -1 3 -1 5 -1 -1 8 7 5 -1 -1 -1 -1 -1 2 -1 -1 8 -1 0 4 8 6 -1 -1 4 6 -1 7 3 -1 
# 
3 2 10 13 41 7 26
#c -1 -1 -1 -1 1 -1 -1 2 1 -1 3 -1 -1 3 -1 5 -1 -1 8 7 5 -1 -1 -1 -1 -1 2 -1 -1 8 -1 0 4 8 6 -1 -1 4 6 -1 7 3 -1 
# 
3 2 10 13 41 4 8
#c -1 -1 -1 -1 1 -1 -1 2 1 -1 3 -1 -1 3 -1 5 -1 -1 8 7 5 7 -1 -1 -1 -1 2 -1 -1 8 -1 0 4 8 6 -1 -1 4 6 -1 7 3 -1 
# 
3 2 19 21 40 34 38
#c -1 -1 -1 -1 1 -1 -1 2 1 -1 3 -1 -1 3 -1 5 -1 -1 8 7 5 7 -1 -1 -1 -1 2 -1 -1 8 -1 0 4 8 6 -1 -1 4 6 -1 7 3 -1 
# 
3 3 19 21 40 10 13 41
#c -1 -1 -1 -1 1 -1 -1 2 1 -1 3 -1 -1 3 -1 5 -1 -1 8 7 5 7 -1 -1 -1 -1 2 -1 -1 8 -1 0 4 8 6 -1 -1 4 6 -1 7 3 -1 
# 
3 2 19 21 40 7 26
#c -1 -1 -1 -1 1 -1 -1 2 1 -1 3 -1 -1 3 -1 5 -1 5 8 7 5 7 -1 -1 -1 -1 2 -1 -1 8 -1 0 4 8 6 -1 -1 4 6 -1 7 3 -1 
# 
3 2 15 17 20 7 26
#c -1 -1 -1 -1 1 -1 -1 2 1 -1 3 -1 -1 3 -1 5 -1 5 8 7 5 7 -1 -1 -1 -1 2 -1 -1 8 -1 0 4 8 6 -1 -1 4 6 -1 7 3 -1 
# 
3 3 15 17 20 10 13 41
#c -1 -1 -1 -1 1 -1 -1 2 1 -1 3 -1 -1 3 -1 5 -1 5 8 7 5 7 -1 -1 -1 -1 2 -1 -1 8 -1 0 4 8 6 -1 -1 4 6 -1 7 3 -1 
# 
3 2 15 17 20 4 8
#c -1 -1 -1 -1 1 -1 -1 2 1 -1 3 -1 -1 3 -1 5 -1 5 8 7 5 7 -1 -1 0 -1 2 -1 -1 8 -1 0 4 8 6 -1 -1 4 6 -1 7 3 -1 
# 
2 3 24 31 19 21 40
#c -1 -1 -1 -1 1 -1 -1 2 1 -1 3 -1 -1 3 -1 5 -1 5 8 7 5 7 -1 -1 0 -1 2 -1 -1 8 -1 0 4 8 6 -1 -1 4 6 -1 7 3 -1 
# 
2 3 24 31 15 17 20
#c -1 -1 -1 -1 1 -1 -1 2 1 -1 3 -1 -1 3 -1 5 -1 5 8 7 5 7 -1 -1 0 -1 2 -1 -1 8 -1 0 4 8 6 -1 -1 4 6 -1 7 3 -1 
# 
2 2 24 31 4 8
#c -1 -1 -1 -1 1 -1 -1 2 1 -1 3 -1 -1 3 -1 5 4 5 8 7 5 7 -1 -1 0 -1 2 -1 -1 8 -1 0 4 8 6 -1 -1 4 6 -1 7 3 -1 
# 
3 3 16 32 37 10 13 41
#c -1 -1 -1 -1 1 -1 -1 2 1 -1 3 -1 -1 3 -1 5 4 5 8 7 5 7 -1 -1 0 -1 2 -1 -1 8 -1 0 4 8 6 -1 -1 4 6 -1 7 3 -1 
# 
3 2 16 32 37 7 26
#c -1 -1 -1 -1 1 -1 -1 2 1 -1 3 -1 -1 3 -1 5 4 5 8 7 5 7 -1 -1 0 -1 2 -1 -1 8 -1 0 4 8 6 -1 -1 4 6 -1 7 3 -1 
# 
3 3 16 32 37 19 21 40
#c -1 -1 -1 -1 1 -1 -1 2 1 -1 3 -1 -1 3 -1 5 4 5 8 7 5 7 -1 -1 0 -1 2 -1 6 8 -1 0 4 8 6 -1 -1 4 6 -1 7 3 -1 
# 
3 3 28 34 38 10 13 41
#c -1 -1 -1 -1 1 -1 -1 2 1 -1 3 -1 -1 3 -1 5 4 5 8 7 5 7 -1 -1 0 -1 2 -1 6 8 -1 0 4 8 6 -1 -1 4 6 -1 7 3 -1 
# 
3 2 28 34 38 24 31
#c -1 -1 -1 -1 1 -1 -1 2 1 -1 3 -1 -1 3 -1 5 4 5 8 7 5 7 -1 -1 0 -1 2 -1 6 8 -1 0 4 8 6 -1 -1 4 6 -1 7 3 -1 
# 
3 3 28 34 38 15 17 20
#c 2 -1 -1 -1 1 -1 -1 2 1 -1 3 -1 -1 3 -1 5 4 5 8 7 5 7 -1 -1 0 -1 2 -1 6 8 -1 0 4 8 6 -1 -1 4 6 -1 7 3 -1 
# 
3 3 0 7 26 28 34 38
#c 2 -1 -1 -1 1 -1 -1 2 1 -1 3 -1 -1 3 -1 5 4 5 8 7 5 7 -1 -1 0 -1 2 -1 6 8 -1 0 4 8 6 -1 -1 4 6 -1 7 3 -1 
# 
3 2 0 7 26 24 31
#c 2 -1 -1 -1 1 -1 -1 2 1 -1 3 -1 -1 3 -1 5 4 5 8 7 5 7 -1 -1 0 -1 2 -1 6 8 -1 0 4 8 6 -1 -1 4 6 -1 7 3 -1 
# 
3 2 0 7 26 4 8
#c 2 -1 -1 -1 1 -1 -1 2 1 4 3 -1 -1 3 -1 5 4 5 8 7 5 7 -1 -1 0 -1 2 -1 6 8 -1 0 4 8 6 -1 -1 4 6 -1 7 3 -1 
# 
4 3 9 16 32 37 15 17 20
#c 2 -1 -1 -1 1 -1 -1 2 1 4 3 -1 -1 3 -1 5 4 5 8 7 5 7 -1 -1 0 -1 2 -1 6 8 -1 0 4 8 6 -1 -1 4 6 -1 7 3 -1 
# 
4 3 9 16 32 37 0 7 26
#c 2 -1 -1 -1 1 -1 -1 2 1 4 3 -1 -1 3 -1 5 4 5 8 7 5 7 -1 -1 0 -1 2 -1 6 8 -1 0 4 8 6 -1 -1 4 6 -1 7 3 -1 
# 
4 2 9 16 32 37 4 8
#c 2 -1 -1 -1 1 -1 -1 2 1 4 3 -1 -1 3 -1 5 4 5 8 7 5 7 -1 -1 0 -1 2 -1 6 8 -1 0 4 8 6 -1 -1 4 6 -1 7 3 -1 
# 
4 3 9 16 32 37 18 29 33
#c 2 -1 -1 -1 1 -1 -1 2 1 4 3 -1 -1 3 -1 5 4 5 8 7 5 7 -1 -1 0 -1 2 -1 6 8 -1 0 4 8 6 7 -1 4 6 -1 7 3 -1 
# 
4 2 19 21 35 40 24 31
#c 2 -1 -1 -1 1 -1 -1 2 1 4 3 -1 -1 3 -1 5 4 5 8 7 5 7 -1 -1 0 -1 2 -1 6 8 -1 0 4 8 6 7 -1 4 6 -1 7 3 -1 
# 
4 2 19 21 35 40 4 8
#c 2 -1 -1 -1 1 -1 -1 2 1 4 3 -1 -1 3 -1 5 4 5 8 7 5 7 -1 -1 0 -1 2 -1 6 8 -1 0 4 8 6 7 -1 4 6 -1 7 3 -1 
# 
4 3 19 21 35 40 18 29 33
#c 2 -1 -1 -1 1 -1 -1 2 1 4 3 -1 -1 3 -1 5 4 5 8 7 5 7 -1 -1 0 -1 2 -1 6 8 -1 0 4 8 6 7 -1 4 6 -1 7 3 -1 
# 
4 4 19 21 35 40 9 16 32 37
#c 2 -1 -1 -1 1 -1 -1 2 1 4 3 -1 3 3 -1 5 4 5 8 7 5 7 -1 -1 0 -1 2 -1 6 8 -1 0 4 8 6 7 -1 4 6 -1 7 3 -1 
# 
4 3 10 12 13 41 0 7 26
#c 2 -1 -1 -1 1 -1 -1 2 1 4 3 -1 3 3 -1 5 4 5 8 7 5 7 -1 -1 0 -1 2 -1 6 8 -1 0 4 8 6 7 -1 4 6 -1 7 3 -1 
# 
4 3 10 12 13 41 18 29 33
#c 2 -1 -1 -1 1 -1 -1 2 1 4 3 -1 3 3 -1 5 4 5 8 7 5 7 -1 -1 0 -1 2 -1 6 8 -1 0 4 8 6 7 -1 4 6 -1 7 3 -1 
# 
4 4 10 12 13 41 19 21 35 40
#c 2 -1 -1 6 1 -1 -1 2 1 4 3 -1 3 3 -1 5 4 5 8 7 5 7 -1 -1 0 -1 2 -1 6 8 -1 0 4 8 6 7 -1 4 6 -1 7 3 -1 
# 
4 2 3 28 34 38 4 8
#c 2 -1 -1 6 1 -1 -1 2 1 4 3 -1 3 3 -1 5 4 5 8 7 5 7 -1 -1 0 -1 2 -1 6 8 -1 0 4 8 6 7 -1 4 6 -1 7 3 -1 
# 
4 4 3 28 34 38 10 12 13 41
#c 2 -1 -1 6 1 -1 -1 2 1 4 3 -1 3 3 -1 5 4 5 8 7 5 7 -1 -1 0 -1 2 -1 6 8 -1 0 4 8 6 7 -1 4 6 -1 7 3 -1 
# 
4 4 3 28 34 38 19 21 35 40
#c 2 -1 5 6 1 -1 -1 2 1 4 3 -1 3 3 -1 5 4 5 8 7 5 7 -1 -1 0 -1 2 -1 6 8 -1 0 4 8 6 7 -1 4 6 -1 7 3 -1 
# 
4 3 2 15 17 20 18 29 33
#c 2 -1 5 6 1 -1 -1 2 1 4 3 -1 3 3 -1 5 4 5 8 7 5 7 -1 -1 0 -1 2 -1 6 8 -1 0 4 8 6 7 -1 4 6 -1 7 3 -1 
# 
4 4 2 15 17 20 3 28 34 38
#c 2 -1 5 6 1 -1 -1 2 1 4 3 -1 3 3 -1 5 4 5 8 7 5 7 -1 -1 0 -1 2 -1 6 8 -1 0 4 8 6 7 -1 4 6 -1 7 3 -1 
# 
4 4 2 15 17 20 19 21 35 40
#c 2 -1 5 6 1 -1 -1 2 1 4 3 -1 3 3 -1 5 4 5 8 7 5 7 -1 -1 0 -1 2 -1 6 8 -1 0 4 8 6 7 -1 4 6 -1 7 3 -1 
# 
4 4 2 15 17 20 9 16 32 37
#c 2 -1 5 6 1 -1 -1 2 1 4 3 -1 3 3 -1 5 4 5 8 7 5 7 -1 -1 0 -1 2 -1 6 8 -1 0 4 8 6 7 0 4 6 -1 7 3 -1 
# 
3 4 24 31 36 10 12 13 41
#c 2 -1 5 6 1 -1 -1 2 1 4 3 -1 3 3 -1 5 4 5 8 7 5 7 -1 -1 0 -1 2 -1 6 8 -1 0 4 8 6 7 0 4 6 -1 7 3 -1 
# 
3 4 24 31 36 19 21 35 40
#c 2 -1 5 6 1 -1 -1 2 1 4 3 -1 3 3 -1 5 4 5 8 7 5 7 -1 -1 0 -1 2 -1 6 8 -1 0 4 8 6 7 0 4 6 -1 7 3 -1 
# 
3 4 24 31 36 9 16 32 37
#c 2 -1 5 6 1 -1 -1 2 1 4 3 -1 3 3 -1 5 4 5 8 7 5 7 -1 -1 0 -1 2 -1 6 8 -1 0 4 8 6 7 0 4 6 -1 7 3 -1 
# 
3 4 24 31 36 2 15 17 20
#c 2 -1 5 6 1 -1 -1 2 1 4 3 -1 3 3 -1 5 4 5 8 7 5 7 -1 -1 0 -1 2 -1 6 8 -1 0 4 8 6 7 0 4 6 2 7 3 -1 
# 
4 4 0 7 26 39 3 28 34 38
#c 2 -1 5 6 1 -1 -1 2 1 4 3 -1 3 3 -1 5 4 5 8 7 5 7 -1 -1 0 -1 2 -1 6 8 -1 0 4 8 6 7 0 4 6 2 7 3 -1 
# 
4 3 0 7 26 39 18 29 33
#c 2 -1 5 6 1 -1 -1 2 1 4 3 -1 3 3 -1 5 4 5 8 7 5 7 -1 -1 0 -1 2 -1 6 8 -1 0 4 8 6 7 0 4 6 2 7 3 -1 
# 
4 4 0 7 26 39 10 12 13 41
#c 2 -1 5 6 1 -1 -1 2 1 4 3 -1 3 3 1 5 4 5 8 7 5 7 -1 -1 0 -1 2 -1 6 8 -1 0 4 8 6 7 0 4 6 2 7 3 -1 
# 
3 4 4 8 14 3 28 34 38
#c 2 -1 5 6 1 -1 -1 2 1 4 3 -1 3 3 1 5 4 5 8 7 5 7 -1 -1 0 -1 2 -1 6 8 -1 0 4 8 6 7 0 4 6 2 7 3 -1 
# 
3 4 4 8 14 0 7 26 39
#c 2 -1 5 6 1 -1 -1 2 1 4 3 -1 3 3 1 5 4 5 8 7 5 7 -1 -1 0 -1 2 -1 6 8 -1 0 4 8 6 7 0 4 6 2 7 3 -1 
# 
3 4 4 8 14 10 12 13 41
#c 2 -1 5 6 1 -1 -1 2 1 4 3 -1 3 3 1 5 4 5 8 7 5 7 -1 8 0 -1 2 -1 6 8 -1 0 4 8 6 7 0 4 6 2 7 3 -1 
# 
4 4 18 23 29 33 3 28 34 38
#c 2 -1 5 6 1 -1 -1 2 1 4 3 -1 3 3 1 5 4 5 8 7 5 7 -1 8 0 -1 2 -1 6 8 -1 0 4 8 6 7 0 4 6 2 7 3 -1 
# 
4 4 18 23 29 33 9 16 32 37
#c 2 -1 5 6 1 -1 -1 2 1 4 3 -1 3 3 1 5 4 5 8 7 5 7 -1 8 0 -1 2 -1 6 8 -1 0 4 8 6 7 0 4 6 2 7 3 -1 
# 
4 4 18 23 29 33 2 15 17 20
#c 2 -1 5 6 1 -1 -1 2 1 4 3 -1 3 3 1 5 4 5 8 7 5 7 -1 8 0 -1 2 -1 6 8 -1 0 4 8 6 7 0 4 6 2 7 3 -1 
# 
4 3 18 23 29 33 24 31 36
#c 2 -1 5 6 1 2 -1 2 1 4 3 -1 3 3 1 5 4 5 8 7 5 7 -1 8 0 -1 2 -1 6 8 -1 0 4 8 6 7 0 4 6 2 7 3 -1 
# 
5 4 0 5 7 26 39 19 21 35 40
#c 2 -1 5 6 1 2 -1 2 1 4 3 -1 3 3 1 5 4 5 8 7 5 7 -1 8 0 -1 2 -1 6 8 -1 0 4 8 6 7 0 4 6 2 7 3 -1 
# 
5 4 0 5 7 26 39 2 15 17 20
#c 2 -1 5 6 1 2 -1 2 1 4 3 -1 3 3 1 5 4 5 8 7 5 7 -1 8 0 -1 2 -1 6 8 -1 0 4 8 6 7 0 4 6 2 7 3 -1 
# 
5 4 0 5 7 26 39 18 23 29 33
#c 2 -1 5 6 1 2 -1 2 1 4 3 -1 3 3 1 5 4 5 8 7 5 7 -1 8 0 -1 2 -1 6 8 -1 0 4 8 6 7 0 4 6 2 7 3 -1 
# 
5 3 0 5 7 26 39 24 31 36
#c 2 -1 5 6 1 2 1 2 1 4 3 -1 3 3 1 5 4 5 8 7 5 7 -1 8 0 -1 2 -1 6 8 -1 0 4 8 6 7 0 4 6 2 7 3 -1 
# 
4 4 4 6 8 14 9 16 32 37
#c 2 -1 5 6 1 2 1 2 1 4 3 -1 3 3 1 5 4 5 8 7 5 7 -1 8 0 -1 2 -1 6 8 -1 0 4 8 6 7 0 4 6 2 7 3 -1 
# 
4 4 4 6 8 14 18 23 29 33
#c 2 -1 5 6 1 2 1 2 1 4 3 -1 3 3 1 5 4 5 8 7 5 7 -1 8 0 -1 2 -1 6 8 -1 0 4 8 6 7 0 4 6 2 7 3 -1 
# 
4 3 4 6 8 14 24 31 36
#c 2 -1 5 6 1 2 1 2 1 4 3 -1 3 3 1 5 4 5 8 7 5 7 -1 8 0 -1 2 -1 6 8 -1 0 4 8 6 7 0 4 6 2 7 3 -1 
# 
4 5 4 6 8 14 0 5 7 26 39
#c 2 -1 5 6 1 2 1 2 1 4 3 -1 3 3 1 5 4 5 8 7 5 7 -1 8 0 -1 2 3 6 8 -1 0 4 8 6 7 0 4 6 2 7 3 -1 
# 
5 4 10 12 13 27 41 2 15 17 20
#c 2 -1 5 6 1 2 1 2 1 4 3 -1 3 3 1 5 4 5 8 7 5 7 -1 8 0 -1 2 3 6 8 -1 0 4 8 6 7 0 4 6 2 7 3 -1 
# 
5 3 10 12 13 27 41 24 31 36
#c 2 -1 5 6 1 2 1 2 1 4 3 -1 3 3 1 5 4 5 8 7 5 7 -1 8 0 -1 2 3 6 8 -1 0 4 8 6 7 0 4 6 2 7 3 -1 
# 
5 4 10 12 13 27 41 4 6 8 14
#c 2 -1 5 6 1 2 1 2 1 4 3 -1 3 3 1 5 4 5 8 7 5 7 6 8 0 -1 2 3 6 8 -1 0 4 8 6 7 0 4 6 2 7 3 -1 
# 
5 4 3 22 28 34 38 18 23 29 33
#c 2 -1 5 6 1 2 1 2 1 4 3 -1 3 3 1 5 4 5 8 7 5 7 6 8 0 -1 2 3 6 8 -1 0 4 8 6 7 0 4 6 2 7 3 -1 
# 
5 5 3 22 28 34 38 10 12 13 27 41
#c 2 -1 5 6 1 2 1 2 1 4 3 -1 3 3 1 5 4 5 8 7 5 7 6 8 0 -1 2 3 6 8 -1 0 4 8 6 7 0 4 6 2 7 3 -1 
# 
5 3 3 22 28 34 38 24 31 36
#c 2 -1 5 6 1 2 1 2 1 4 3 -1 3 3 1 5 4 5 8 7 5 7 6 8 0 -1 2 3 6 8 -1 0 4 8 6 7 0 4 6 2 7 3 7 
# 
5 3 19 21 35 40 42 24 31 36
#c 2 -1 5 6 1 2 1 2 1 4 3 -1 3 3 1 5 4 5 8 7 5 7 6 8 0 -1 2 3 6 8 -1 0 4 8 6 7 0 4 6 2 7 3 7 
# 
5 5 19 21 35 40 42 10 12 13 27 41
#c 2 -1 5 6 1 2 1 2 1 4 3 -1 3 3 1 5 4 5 8 7 5 7 6 8 0 -1 2 3 6 8 -1 0 4 8 6 7 0 4 6 2 7 3 7 
# 
5 5 19 21 35 40 42 3 22 28 34 38
#c 2 -1 5 6 1 2 1 2 1 4 3 -1 3 3 1 5 4 5 8 7 5 7 6 8 0 -1 2 3 6 8 4 0 4 8 6 7 0 4 6 2 7 3 7 
# 
5 5 9 16 30 32 37 19 21 35 40 42
#c 2 -1 5 6 1 2 1 2 1 4 3 -1 3 3 1 5 4 5 8 7 5 7 6 8 0 -1 2 3 6 8 4 0 4 8 6 7 0 4 6 2 7 3 7 
# 
5 5 9 16 30 32 37 10 12 13 27 41
#c 2 -1 5 6 1 2 1 2 1 4 3 -1 3 3 1 5 4 5 8 7 5 7 6 8 0 -1 2 3 6 8 4 0 4 8 6 7 0 4 6 2 7 3 7 
# 
5 5 9 16 30 32 37 3 22 28 34 38
#c 2 -1 5 6 1 2 1 2 1 4 3 5 3 3 1 5 4 5 8 7 5 7 6 8 0 -1 2 3 6 8 4 0 4 8 6 7 0 4 6 2 7 3 7 
# 
5 5 2 11 15 17 20 9 16 30 32 37
#c 2 -1 5 6 1 2 1 2 1 4 3 5 3 3 1 5 4 5 8 7 5 7 6 8 0 -1 2 3 6 8 4 0 4 8 6 7 0 4 6 2 7 3 7 
# 
5 3 2 11 15 17 20 24 31 36
#c 2 -1 5 6 1 2 1 2 1 4 3 5 3 3 1 5 4 5 8 7 5 7 6 8 0 -1 2 3 6 8 4 0 4 8 6 7 0 4 6 2 7 3 7 
# 
5 5 2 11 15 17 20 19 21 35 40 42
#c 2 8 5 6 1 2 1 2 1 4 3 5 3 3 1 5 4 5 8 7 5 7 6 8 0 -1 2 3 6 8 4 0 4 8 6 7 0 4 6 2 7 3 7 
# 
5 5 1 18 23 29 33 9 16 30 32 37
#c 2 8 5 6 1 2 1 2 1 4 3 5 3 3 1 5 4 5 8 7 5 7 6 8 0 -1 2 3 6 8 4 0 4 8 6 7 0 4 6 2 7 3 7 
# 
5 5 1 18 23 29 33 2 11 15 17 20
#c 2 8 5 6 1 2 1 2 1 4 3 5 3 3 1 5 4 5 8 7 5 7 6 8 0 -1 2 3 6 8 4 0 4 8 6 7 0 4 6 2 7 3 7 
# 
5 3 1 18 23 29 33 24 31 36
#c 2 8 5 6 1 2 1 2 1 4 3 5 3 3 1 5 4 5 8 7 5 7 6 8 0 0 2 3 6 8 4 0 4 8 6 7 0 4 6 2 7 3 7 
# 
4 5 24 25 31 36 9 16 30 32 37
#c 2 8 5 6 1 2 1 2 1 4 3 5 3 3 1 5 4 5 8 7 5 7 6 8 0 0 2 3 6 8 4 0 4 8 6 7 0 4 6 2 7 3 7 
# 
4 5 24 25 31 36 2 11 15 17 20
#c 2 8 5 6 1 2 1 2 1 4 3 5 3 3 1 5 4 5 8 7 5 7 6 8 0 0 2 3 6 8 4 0 4 8 6 7 0 4 6 2 7 3 7 
# 
4 5 24 25 31 36 1 18 23 29 33
#c 2 8 5 6 1 2 1 2 1 4 3 5 3 3 1 5 4 5 8 7 5 7 6 8 0 0 2 3 6 8 4 0 4 8 6 7 0 4 6 2 7 3 7 
# 
4 4 3 22 34 38 9 30 32 37
#c 2 8 5 6 1 2 1 2 1 4 3 5 3 3 1 5 4 5 8 7 5 7 6 8 0 0 2 3 6 8 4 0 4 8 6 7 0 4 6 2 7 3 7 
# 
4 4 19 35 40 42 10 12 27 41
#c 2 8 5 6 1 2 1 2 1 4 3 5 3 7 1 5 4 5 8 7 5 3 6 8 0 0 2 3 6 8 4 0 4 8 6 7 0 4 6 2 7 3 7 
# SwapNeighbor1 
4 4 16 30 32 37 5 7 26 39
#c 4 8 5 6 1 2 1 2 1 2 3 5 3 7 1 5 4 5 8 7 5 3 6 8 0 0 2 3 6 8 4 0 4 8 6 7 0 4 6 2 7 3 7 
# SwapNeighbor1 SwapNeighbor1 
4 4 0 16 32 37 13 19 35 40
#c 4 8 5 6 1 2 1 2 1 2 3 5 3 7 1 5 4 5 8 7 5 3 6 8 0 0 2 3 6 8 4 0 4 8 6 7 0 4 6 2 7 3 7 
# SwapNeighbor1 SwapNeighbor1 
3 4 24 25 31 11 15 17 20
#c 4 8 0 6 1 2 1 2 1 2 3 5 3 7 1 5 4 5 8 7 5 3 6 8 0 0 2 3 6 8 4 0 4 8 6 7 5 4 6 2 7 3 7 
# SwapNeighbor1 SwapNeighbor1 SwapNeighbor1 
4 3 10 12 21 41 4 8 14
#c 4 8 0 6 1 2 3 2 1 2 3 5 3 7 1 5 4 5 8 7 5 3 6 8 0 0 2 1 6 8 4 0 4 8 6 7 5 4 6 2 7 3 7 
# SwapNeighbor1 SwapNeighbor1 SwapNeighbor1 SwapNeighbor1 
4 4 13 19 35 42 1 18 23 33
#c 4 8 0 6 1 2 3 2 1 2 3 5 3 7 1 5 4 5 8 7 5 3 6 8 0 0 2 1 6 8 4 0 4 8 6 7 5 4 6 2 7 3 7 
# SwapNeighbor1 SwapNeighbor1 SwapNeighbor1 SwapNeighbor1 
4 4 16 30 32 37 3 22 34 38
#c 6 8 0 6 1 2 3 2 1 2 3 5 3 7 1 5 4 5 8 7 5 3 6 8 0 0 2 1 4 8 4 0 4 8 6 7 5 4 6 2 7 3 7 
# SwapNeighbor1 SwapNeighbor1 SwapNeighbor1 SwapNeighbor1 SwapNeighbor1 
4 4 15 17 20 36 16 28 32 37
#c 6 8 0 6 1 2 3 2 1 2 3 4 3 7 1 5 4 5 8 7 5 3 6 8 0 0 2 1 4 8 5 0 4 8 6 7 5 4 6 2 7 3 7 
# SwapNeighbor1 SwapNeighbor1 SwapNeighbor1 SwapNeighbor1 SwapNeighbor1 SwapNeighbor1 
3 3 4 14 27 2 24 25
#c 6 8 0 6 1 2 3 2 1 2 3 4 3 7 1 5 4 5 8 7 5 3 6 8 0 0 2 1 4 8 5 0 4 8 6 7 5 4 6 2 7 3 7 
# SwapNeighbor1 SwapNeighbor1 SwapNeighbor1 SwapNeighbor1 SwapNeighbor1 SwapNeighbor1 
3 4 8 14 27 1 18 23 29
#c 6 8 0 6 1 2 3 2 1 2 3 4 3 7 1 5 4 5 8 7 5 3 6 8 0 0 2 1 4 8 5 0 4 8 6 7 5 4 6 2 7 3 7 
# SwapNeighbor1 SwapNeighbor1 SwapNeighbor1 SwapNeighbor1 SwapNeighbor1 SwapNeighbor1 
4 4 5 7 26 39 3 22 34 38
#c 6 8 0 6 1 2 3 2 1 2 3 4 3 7 1 5 4 5 8 7 5 3 6 8 0 0 2 1 4 8 5 0 4 8 6 7 5 4 6 2 7 3 7 
# SwapNeighbor1 SwapNeighbor1 SwapNeighbor1 SwapNeighbor1 SwapNeighbor1 SwapNeighbor1 
3 4 24 25 31 0 22 34 38
#c 6 8 6 0 1 2 3 2 1 2 3 4 3 7 1 5 4 5 8 7 5 3 6 8 0 0 2 1 4 8 5 0 4 8 6 7 5 4 6 2 7 3 7 
# SwapNeighbor1 SwapNeighbor1 SwapNeighbor1 SwapNeighbor1 SwapNeighbor1 SwapNeighbor1 SwapNeighbor1 
4 4 7 9 26 39 1 18 29 33
#c 6 8 6 0 1 2 3 2 1 2 3 4 3 7 1 5 4 5 8 7 5 3 6 8 0 0 2 1 4 8 5 0 4 8 6 7 5 4 6 2 7 3 7 
# SwapNeighbor1 SwapNeighbor1 SwapNeighbor1 SwapNeighbor1 SwapNeighbor1 SwapNeighbor1 SwapNeighbor1 
4 4 0 2 22 38 15 17 30 36
#c 6 8 6 0 1 2 3 2 1 2 3 4 3 7 1 5 4 5 8 7 5 3 6 8 0 0 2 1 4 8 5 0 4 8 6 7 5 4 6 2 7 3 7 
# SwapNeighbor1 SwapNeighbor1 SwapNeighbor1 SwapNeighbor1 SwapNeighbor1 SwapNeighbor1 SwapNeighbor1 
4 4 10 12 21 41 7 9 26 39
#c 6 8 6 0 1 2 3 2 1 2 3 4 3 7 1 5 4 5 8 7 5 3 6 8 0 0 2 1 4 8 5 0 4 8 6 7 5 4 6 2 7 3 7 
# SwapNeighbor1 SwapNeighbor1 SwapNeighbor1 SwapNeighbor1 SwapNeighbor1 SwapNeighbor1 SwapNeighbor1 
4 4 6 10 12 41 19 35 40 42
#c 6 8 6 0 1 2 3 2 1 2 3 4 3 7 1 5 4 5 8 7 5 3 6 8 0 0 2 1 4 8 5 0 4 8 6 7 5 4 6 2 7 3 7 
# SwapNeighbor1 SwapNeighbor1 SwapNeighbor1 SwapNeighbor1 SwapNeighbor1 SwapNeighbor1 SwapNeighbor1 
4 4 17 20 30 36 0 2 22 34
#c 6 8 6 0 1 2 3 2 1 2 3 4 3 7 1 5 4 5 8 7 5 3 6 8 0 0 2 1 4 8 5 0 4 8 6 7 5 4 6 2 7 3 7 
# SwapNeighbor1 SwapNeighbor1 SwapNeighbor1 SwapNeighbor1 SwapNeighbor1 SwapNeighbor1 SwapNeighbor1 
4 4 11 16 28 32 6 10 12 21
#c 6 8 6 0 1 2 3 2 1 2 3 4 3 7 1 5 4 5 8 7 5 3 6 8 0 0 2 1 4 8 5 0 4 8 6 7 5 3 6 2 7 4 7 
# SwapNeighbor1 SwapNeighbor1 SwapNeighbor1 SwapNeighbor1 SwapNeighbor1 SwapNeighbor1 SwapNeighbor1 SwapNeighbor1 
4 4 11 16 28 32 5 9 26 39
#c 6 8 6 0 1 2 3 2 1 2 3 4 3 7 1 5 4 5 8 7 5 3 6 8 0 0 2 1 4 8 5 0 4 8 6 7 5 3 6 2 7 4 7 
# SwapNeighbor1 SwapNeighbor1 SwapNeighbor1 SwapNeighbor1 SwapNeighbor1 SwapNeighbor1 SwapNeighbor1 SwapNeighbor1 
4 4 18 23 29 33 16 28 32 41
#c 6 4 6 0 1 2 3 2 1 2 3 8 3 7 1 5 4 5 8 7 5 3 6 8 0 0 2 1 4 8 5 0 4 8 6 7 5 3 6 2 7 4 7 
# SwapNeighbor1 SwapNeighbor1 SwapNeighbor1 SwapNeighbor1 SwapNeighbor1 SwapNeighbor1 SwapNeighbor1 SwapNeighbor1 SwapNeighbor1 
4 4 15 17 20 30 0 22 34 38
#c 6 4 5 0 1 2 3 2 1 2 3 8 3 7 1 5 4 5 8 7 5 3 6 8 0 0 2 1 4 8 5 0 4 8 6 7 6 3 6 2 7 4 7 
# SwapNeighbor1 SwapNeighbor1 SwapNeighbor1 SwapNeighbor1 SwapNeighbor1 SwapNeighbor1 SwapNeighbor1 SwapNeighbor1 SwapNeighbor1 SwapNeighbor1 
4 3 19 35 40 42 8 14 27
#c 6 4 5 0 1 2 3 2 1 2 3 8 3 7 1 5 4 5 8 7 5 3 6 8 0 0 2 1 4 8 5 0 4 8 6 7 6 3 6 2 7 4 7 
# SwapNeighbor1 SwapNeighbor1 SwapNeighbor1 SwapNeighbor1 SwapNeighbor1 SwapNeighbor1 SwapNeighbor1 SwapNeighbor1 SwapNeighbor1 SwapNeighbor1 
4 4 0 22 34 36 13 19 35 42
#c 6 4 5 0 1 2 3 2 1 2 3 8 3 7 1 5 4 5 8 7 5 3 6 8 0 0 2 1 4 8 5 0 4 8 6 7 6 3 6 2 7 4 7 
# SwapNeighbor1 SwapNeighbor1 SwapNeighbor1 SwapNeighbor1 SwapNeighbor1 SwapNeighbor1 SwapNeighbor1 SwapNeighbor1 SwapNeighbor1 SwapNeighbor1 
4 4 2 17 20 30 0 22 34 36
#c 6 4 5 0 1 2 3 2 1 2 3 8 3 7 1 5 4 5 8 7 5 3 6 8 0 0 2 1 4 8 5 0 4 8 6 7 6 3 6 2 7 4 7 
# SwapNeighbor1 SwapNeighbor1 SwapNeighbor1 SwapNeighbor1 SwapNeighbor1 SwapNeighbor1 SwapNeighbor1 SwapNeighbor1 SwapNeighbor1 SwapNeighbor1 
4 3 1 28 32 41 3 25 31
#c 6 4 5 0 1 2 3 2 1 2 3 8 3 7 1 5 4 5 8 7 5 3 6 8 0 0 2 1 4 8 5 0 4 8 6 7 6 3 6 2 7 4 7 
# SwapNeighbor1 SwapNeighbor1 SwapNeighbor1 SwapNeighbor1 SwapNeighbor1 SwapNeighbor1 SwapNeighbor1 SwapNeighbor1 SwapNeighbor1 SwapNeighbor1 
3 4 3 25 31 2 15 20 30
#c 6 4 5 0 1 2 3 2 1 2 3 8 3 7 1 5 4 0 8 7 5 3 6 8 5 0 2 1 4 8 5 0 4 8 6 7 6 3 6 2 7 4 7 
# SwapNeighbor1 SwapNeighbor1 SwapNeighbor1 SwapNeighbor1 SwapNeighbor1 SwapNeighbor1 SwapNeighbor1 SwapNeighbor1 SwapNeighbor1 SwapNeighbor1 SwapNeighbor1 
4 4 18 23 29 33 2 15 20 24
#c 6 4 5 0 1 2 3 2 1 2 3 8 3 7 1 5 4 0 8 7 5 3 6 8 5 0 2 1 4 8 5 0 4 8 6 7 6 3 6 2 7 4 7 
# SwapNeighbor1 SwapNeighbor1 SwapNeighbor1 SwapNeighbor1 SwapNeighbor1 SwapNeighbor1 SwapNeighbor1 SwapNeighbor1 SwapNeighbor1 SwapNeighbor1 SwapNeighbor1 
4 4 5 7 9 26 0 22 34 38
#c 6 4 5 0 1 2 3 2 1 2 3 8 3 7 1 5 4 0 8 7 5 3 6 8 5 0 2 1 4 8 5 0 4 8 6 7 6 3 6 2 7 4 7 
# SwapNeighbor1 SwapNeighbor1 SwapNeighbor1 SwapNeighbor1 SwapNeighbor1 SwapNeighbor1 SwapNeighbor1 SwapNeighbor1 SwapNeighbor1 SwapNeighbor1 SwapNeighbor1 
4 4 1 28 32 41 2 15 20 30
#c 6 4 5 0 1 2 3 2 1 2 3 8 3 7 1 5 4 0 8 7 5 3 6 8 5 0 2 1 4 8 5 0 4 8 6 7 6 3 6 2 7 4 7 
# SwapNeighbor1 SwapNeighbor1 SwapNeighbor1 SwapNeighbor1 SwapNeighbor1 SwapNeighbor1 SwapNeighbor1 SwapNeighbor1 SwapNeighbor1 SwapNeighbor1 SwapNeighbor1 
4 4 13 19 40 42 5 7 26 39
#c 6 4 5 0 1 2 3 2 1 7 3 8 3 7 1 5 4 0 8 7 5 3 6 8 5 0 2 1 4 8 5 0 4 8 6 2 6 3 6 2 7 4 7 
# SwapNeighbor1 SwapNeighbor1 SwapNeighbor1 SwapNeighbor1 SwapNeighbor1 SwapNeighbor1 SwapNeighbor1 SwapNeighbor1 SwapNeighbor1 SwapNeighbor1 SwapNeighbor1 SwapNeighbor1 
3 3 4 14 27 3 17 25
#c 6 4 5 0 1 2 3 2 1 7 3 8 3 7 1 5 4 0 8 7 5 3 6 8 5 0 2 1 4 8 5 0 4 8 6 2 6 3 6 2 7 4 7 
# SwapNeighbor1 SwapNeighbor1 SwapNeighbor1 SwapNeighbor1 SwapNeighbor1 SwapNeighbor1 SwapNeighbor1 SwapNeighbor1 SwapNeighbor1 SwapNeighbor1 SwapNeighbor1 SwapNeighbor1 
4 4 1 16 28 41 2 20 24 30
#c 6 4 5 0 1 2 3 2 1 7 3 8 3 7 1 5 4 0 8 7 5 3 6 8 5 0 2 1 4 8 5 0 4 8 6 2 6 3 6 2 7 4 7 
# SwapNeighbor1 SwapNeighbor1 SwapNeighbor1 SwapNeighbor1 SwapNeighbor1 SwapNeighbor1 SwapNeighbor1 SwapNeighbor1 SwapNeighbor1 SwapNeighbor1 SwapNeighbor1 SwapNeighbor1 
4 4 0 22 36 38 2 15 24 30
#c 6 4 5 0 1 2 3 2 1 7 3 8 3 7 1 5 4 0 8 7 5 3 6 8 5 0 2 1 4 8 5 0 4 8 6 2 6 3 6 2 7 4 7 
# SwapNeighbor1 SwapNeighbor1 SwapNeighbor1 SwapNeighbor1 SwapNeighbor1 SwapNeighbor1 SwapNeighbor1 SwapNeighbor1 SwapNeighbor1 SwapNeighbor1 SwapNeighbor1 SwapNeighbor1 
4 4 9 13 40 42 0 22 36 38
#c 6 4 5 0 1 2 3 2 1 7 3 8 3 7 1 5 4 0 8 7 5 3 6 8 5 0 2 1 4 8 5 0 4 8 6 2 6 3 6 2 7 4 7 
# SwapNeighbor1 SwapNeighbor1 SwapNeighbor1 SwapNeighbor1 SwapNeighbor1 SwapNeighbor1 SwapNeighbor1 SwapNeighbor1 SwapNeighbor1 SwapNeighbor1 SwapNeighbor1 SwapNeighbor1 
4 4 11 23 29 33 9 13 40 42
#c 6 4 5 0 1 2 3 2 1 7 3 8 3 7 1 5 4 0 8 7 5 3 6 8 5 0 2 1 4 8 5 0 4 8 6 2 6 3 6 2 7 4 7 
# SwapNeighbor1 SwapNeighbor1 SwapNeighbor1 SwapNeighbor1 SwapNeighbor1 SwapNeighbor1 SwapNeighbor1 SwapNeighbor1 SwapNeighbor1 SwapNeighbor1 SwapNeighbor1 SwapNeighbor1 
4 4 0 22 34 36 9 13 19 42
#c 6 4 5 0 1 2 3 2 1 7 3 8 3 7 1 5 4 0 8 7 5 3 6 8 5 0 2 1 4 8 5 0 4 8 6 2 6 3 6 2 7 4 7 
# SwapNeighbor1 SwapNeighbor1 SwapNeighbor1 SwapNeighbor1 SwapNeighbor1 SwapNeighbor1 SwapNeighbor1 SwapNeighbor1 SwapNeighbor1 SwapNeighbor1 SwapNeighbor1 SwapNeighbor1 
4 4 5 7 26 35 0 22 34 38
#c 6 4 5 0 1 2 3 2 1 7 3 8 3 7 1 5 4 0 8 7 5 3 6 8 5 0 2 1 4 8 5 0 4 8 6 2 6 3 6 2 7 4 7 
# SwapNeighbor1 SwapNeighbor1 SwapNeighbor1 SwapNeighbor1 SwapNeighbor1 SwapNeighbor1 SwapNeighbor1 SwapNeighbor1 SwapNeighbor1 SwapNeighbor1 SwapNeighbor1 SwapNeighbor1 
4 4 22 34 36 38 1 16 32 41
#c 6 4 5 0 1 2 3 2 1 7 3 8 3 7 1 5 4 0 8 7 5 3 6 8 5 0 2 1 4 8 5 0 4 8 6 2 6 3 6 2 7 4 7 
# SwapNeighbor1 SwapNeighbor1 SwapNeighbor1 SwapNeighbor1 SwapNeighbor1 SwapNeighbor1 SwapNeighbor1 SwapNeighbor1 SwapNeighbor1 SwapNeighbor1 SwapNeighbor1 SwapNeighbor1 
4 4 2 20 24 30 0 22 34 36
#c 6 4 5 0 1 2 3 2 1 7 3 8 3 7 1 5 4 0 8 7 5 3 6 8 5 0 2 1 4 8 5 0 4 8 6 2 6 3 6 2 7 4 7 
# SwapNeighbor1 SwapNeighbor1 SwapNeighbor1 SwapNeighbor1 SwapNeighbor1 SwapNeighbor1 SwapNeighbor1 SwapNeighbor1 SwapNeighbor1 SwapNeighbor1 SwapNeighbor1 SwapNeighbor1 
3 4 4 8 27 5 7 26 35
#c 6 4 5 0 1 2 3 2 1 7 3 8 3 7 1 5 4 0 8 7 5 3 6 8 5 0 2 1 4 8 5 0 4 8 6 2 6 3 6 2 7 4 7 
# SwapNeighbor1 SwapNeighbor1 SwapNeighbor1 SwapNeighbor1 SwapNeighbor1 SwapNeighbor1 SwapNeighbor1 SwapNeighbor1 SwapNeighbor1 SwapNeighbor1 SwapNeighbor1 SwapNeighbor1 
4 3 0 34 36 38 4 8 14
#c 6 4 5 0 1 2 3 2 1 7 3 8 3 7 1 5 4 0 8 7 5 3 1 8 5 0 2 6 4 8 5 0 4 8 6 2 6 3 6 2 7 4 7 
# SwapNeighbor1 SwapNeighbor1 SwapNeighbor1 SwapNeighbor1 SwapNeighbor1 SwapNeighbor1 SwapNeighbor1 SwapNeighbor1 SwapNeighbor1 SwapNeighbor1 SwapNeighbor1 SwapNeighbor1 SwapNeighbor1 
4 4 27 34 36 38 1 16 32 41
#c 6 4 5 0 1 2 3 2 1 7 3 8 3 7 1 5 4 0 8 7 5 3 1 8 5 0 2 6 4 8 5 0 4 8 6 2 6 3 6 2 7 4 7 
# SwapNeighbor1 SwapNeighbor1 SwapNeighbor1 SwapNeighbor1 SwapNeighbor1 SwapNeighbor1 SwapNeighbor1 SwapNeighbor1 SwapNeighbor1 SwapNeighbor1 SwapNeighbor1 SwapNeighbor1 SwapNeighbor1 
4 4 13 19 40 42 27 34 36 38
#c 7 4 5 0 1 2 3 2 1 6 3 8 3 7 1 5 4 0 8 7 5 3 1 8 5 0 2 6 4 8 5 0 4 8 6 2 6 3 6 2 7 4 7 
# SwapNeighbor1 SwapNeighbor1 SwapNeighbor1 SwapNeighbor1 SwapNeighbor1 SwapNeighbor1 SwapNeighbor1 SwapNeighbor1 SwapNeighbor1 SwapNeighbor1 SwapNeighbor1 SwapNeighbor1 SwapNeighbor1 SwapNeighbor1 
4 4 9 27 34 38 15 20 24 30
#c 7 4 5 0 1 2 3 2 1 6 3 8 3 7 1 5 4 0 8 7 5 3 1 8 5 0 2 6 4 8 5 0 4 8 6 2 6 3 6 2 7 4 7 
# SwapNeighbor1 SwapNeighbor1 SwapNeighbor1 SwapNeighbor1 SwapNeighbor1 SwapNeighbor1 SwapNeighbor1 SwapNeighbor1 SwapNeighbor1 SwapNeighbor1 SwapNeighbor1 SwapNeighbor1 SwapNeighbor1 SwapNeighbor1 
3 4 8 14 22 11 18 23 29
#c 7 4 5 0 1 2 3 2 1 6 3 8 3 7 1 5 4 0 8 7 5 3 1 8 5 0 2 6 4 8 5 0 4 8 6 2 6 3 6 2 7 4 7 
# SwapNeighbor1 SwapNeighbor1 SwapNeighbor1 SwapNeighbor1 SwapNeighbor1 SwapNeighbor1 SwapNeighbor1 SwapNeighbor1 SwapNeighbor1 SwapNeighbor1 SwapNeighbor1 SwapNeighbor1 SwapNeighbor1 SwapNeighbor1 
4 3 0 13 19 40 4 8 14
#c 7 4 5 0 1 2 3 2 1 6 3 8 3 7 1 5 4 0 8 7 5 3 1 8 5 0 2 6 4 8 5 0 4 8 6 2 6 3 6 2 7 4 7 
# SwapNeighbor1 SwapNeighbor1 SwapNeighbor1 SwapNeighbor1 SwapNeighbor1 SwapNeighbor1 SwapNeighbor1 SwapNeighbor1 SwapNeighbor1 SwapNeighbor1 SwapNeighbor1 SwapNeighbor1 SwapNeighbor1 SwapNeighbor1 
4 4 6 10 21 37 5 7 26 39
#c 7 4 5 0 1 2 3 2 1 6 3 8 2 7 1 5 4 0 8 7 5 3 1 8 5 0 2 6 4 8 5 0 4 8 6 3 6 3 6 2 7 4 7 
# SwapNeighbor1 SwapNeighbor1 SwapNeighbor1 SwapNeighbor1 SwapNeighbor1 SwapNeighbor1 SwapNeighbor1 SwapNeighbor1 SwapNeighbor1 SwapNeighbor1 SwapNeighbor1 SwapNeighbor1 SwapNeighbor1 SwapNeighbor1 SwapNeighbor1 
4 4 6 10 35 37 0 19 40 42
#c 7 4 5 0 1 2 3 2 1 6 3 8 2 7 1 5 4 0 8 7 5 3 1 8 5 0 2 6 4 8 5 0 4 8 6 3 6 3 6 2 7 4 7 
# SwapNeighbor1 SwapNeighbor1 SwapNeighbor1 SwapNeighbor1 SwapNeighbor1 SwapNeighbor1 SwapNeighbor1 SwapNeighbor1 SwapNeighbor1 SwapNeighbor1 SwapNeighbor1 SwapNeighbor1 SwapNeighbor1 SwapNeighbor1 SwapNeighbor1 
4 4 9 27 36 38 2 15 24 30
#c 7 4 5 0 1 2 3 2 1 6 3 8 2 7 1 5 4 0 8 7 5 3 1 8 5 0 2 6 4 8 5 0 4 8 6 3 6 3 6 2 7 4 7 
# SwapNeighbor1 SwapNeighbor1 SwapNeighbor1 SwapNeighbor1 SwapNeighbor1 SwapNeighbor1 SwapNeighbor1 SwapNeighbor1 SwapNeighbor1 SwapNeighbor1 SwapNeighbor1 SwapNeighbor1 SwapNeighbor1 SwapNeighbor1 SwapNeighbor1 
3 4 4 8 22 5 7 12 26
#c 7 4 5 0 1 2 3 2 1 6 3 8 2 7 1 5 4 0 8 7 5 3 1 8 5 0 2 6 4 8 5 0 4 8 6 3 6 3 6 2 7 4 7 
# SwapNeighbor1 SwapNeighbor1 SwapNeighbor1 SwapNeighbor1 SwapNeighbor1 SwapNeighbor1 SwapNeighbor1 SwapNeighbor1 SwapNeighbor1 SwapNeighbor1 SwapNeighbor1 SwapNeighbor1 SwapNeighbor1 SwapNeighbor1 SwapNeighbor1 
4 4 0 13 19 42 11 18 23 33
#c 7 4 5 0 1 2 3 2 1 6 3 8 2 7 1 5 4 0 8 7 5 3 1 8 5 0 2 6 4 8 5 0 4 8 6 3 6 3 6 2 7 4 7 
# SwapNeighbor1 SwapNeighbor1 SwapNeighbor1 SwapNeighbor1 SwapNeighbor1 SwapNeighbor1 SwapNeighbor1 SwapNeighbor1 SwapNeighbor1 SwapNeighbor1 SwapNeighbor1 SwapNeighbor1 SwapNeighbor1 SwapNeighbor1 SwapNeighbor1 
3 4 4 8 14 9 34 36 38
#c 7 4 5 0 1 2 3 2 1 6 3 8 2 7 1 5 4 0 8 7 5 3 1 8 5 0 2 6 4 8 5 0 4 8 6 3 6 3 6 2 7 4 7 
# SwapNeighbor1 SwapNeighbor1 SwapNeighbor1 SwapNeighbor1 SwapNeighbor1 SwapNeighbor1 SwapNeighbor1 SwapNeighbor1 SwapNeighbor1 SwapNeighbor1 SwapNeighbor1 SwapNeighbor1 SwapNeighbor1 SwapNeighbor1 SwapNeighbor1 
4 4 9 34 36 38 10 21 35 37
#c 7 4 5 0 1 2 3 2 1 6 3 8 2 7 1 5 4 0 8 7 5 3 1 8 5 0 2 6 4 8 5 0 4 8 6 3 6 3 6 2 7 4 7 
# SwapNeighbor1 SwapNeighbor1 SwapNeighbor1 SwapNeighbor1 SwapNeighbor1 SwapNeighbor1 SwapNeighbor1 SwapNeighbor1 SwapNeighbor1 SwapNeighbor1 SwapNeighbor1 SwapNeighbor1 SwapNeighbor1 SwapNeighbor1 SwapNeighbor1 
4 3 5 12 26 39 4 14 22
#c 7 4 5 0 1 2 3 2 1 6 3 8 2 7 1 5 4 0 8 7 5 3 1 8 5 0 2 6 4 8 5 0 4 8 6 3 6 3 6 2 7 4 7 
# SwapNeighbor1 SwapNeighbor1 SwapNeighbor1 SwapNeighbor1 SwapNeighbor1 SwapNeighbor1 SwapNeighbor1 SwapNeighbor1 SwapNeighbor1 SwapNeighbor1 SwapNeighbor1 SwapNeighbor1 SwapNeighbor1 SwapNeighbor1 SwapNeighbor1 
4 4 2 15 20 24 0 13 19 40
#c 7 4 5 0 1 2 3 2 1 6 3 8 2 7 1 5 4 0 8 7 5 3 1 8 5 0 2 6 4 8 7 0 4 8 6 3 6 3 6 2 7 4 5 
# SwapNeighbor1 SwapNeighbor1 SwapNeighbor1 SwapNeighbor1 SwapNeighbor1 SwapNeighbor1 SwapNeighbor1 SwapNeighbor1 SwapNeighbor1 SwapNeighbor1 SwapNeighbor1 SwapNeighbor1 SwapNeighbor1 SwapNeighbor1 SwapNeighbor1 SwapNeighbor1 
4 4 0 13 19 30 11 18 23 33
#c 7 4 5 0 1 2 3 2 1 6 3 8 2 7 1 5 4 0 8 7 5 3 1 8 5 0 2 6 4 8 7 0 4 8 6 3 6 3 6 2 7 4 5 
# SwapNeighbor1 SwapNeighbor1 SwapNeighbor1 SwapNeighbor1 SwapNeighbor1 SwapNeighbor1 SwapNeighbor1 SwapNeighbor1 SwapNeighbor1 SwapNeighbor1 SwapNeighbor1 SwapNeighbor1 SwapNeighbor1 SwapNeighbor1 SwapNeighbor1 SwapNeighbor1 
3 3 4 14 22 3 17 25
#c 7 4 5 0 1 2 3 2 1 6 3 8 2 7 1 5 4 0 8 7 5 3 1 8 5 0 2 6 4 8 7 0 4 8 6 3 6 3 6 2 7 4 5 
# SwapNeighbor1 SwapNeighbor1 SwapNeighbor1 SwapNeighbor1 SwapNeighbor1 SwapNeighbor1 SwapNeighbor1 SwapNeighbor1 SwapNeighbor1 SwapNeighbor1 SwapNeighbor1 SwapNeighbor1 SwapNeighbor1 SwapNeighbor1 SwapNeighbor1 SwapNeighbor1 
4 4 11 23 29 33 0 13 30 40
#c 7 4 5 0 1 2 3 2 1 6 3 8 2 7 1 5 4 0 8 7 5 3 1 8 5 0 2 6 4 8 7 0 4 8 6 3 6 3 6 2 7 4 5 
# SwapNeighbor1 SwapNeighbor1 SwapNeighbor1 SwapNeighbor1 SwapNeighbor1 SwapNeighbor1 SwapNeighbor1 SwapNeighbor1 SwapNeighbor1 SwapNeighbor1 SwapNeighbor1 SwapNeighbor1 SwapNeighbor1 SwapNeighbor1 SwapNeighbor1 SwapNeighbor1 
4 4 5 7 12 26 9 27 34 38
#c 7 4 5 0 1 2 3 2 1 6 3 8 2 7 1 5 4 0 8 7 5 3 1 8 5 0 2 6 4 8 7 0 4 8 6 3 6 3 6 2 7 4 5 
# SwapNeighbor1 SwapNeighbor1 SwapNeighbor1 SwapNeighbor1 SwapNeighbor1 SwapNeighbor1 SwapNeighbor1 SwapNeighbor1 SwapNeighbor1 SwapNeighbor1 SwapNeighbor1 SwapNeighbor1 SwapNeighbor1 SwapNeighbor1 SwapNeighbor1 SwapNeighbor1 
4 3 2 15 20 42 3 25 31
#c 7 4 5 0 1 2 3 2 1 6 3 8 2 7 1 5 4 0 8 7 5 3 1 8 5 0 2 6 4 8 7 0 4 8 6 3 6 3 6 2 7 4 5 
# SwapNeighbor1 SwapNeighbor1 SwapNeighbor1 SwapNeighbor1 SwapNeighbor1 SwapNeighbor1 SwapNeighbor1 SwapNeighbor1 SwapNeighbor1 SwapNeighbor1 SwapNeighbor1 SwapNeighbor1 SwapNeighbor1 SwapNeighbor1 SwapNeighbor1 SwapNeighbor1 
4 4 9 27 36 38 2 15 24 42
#c 7 4 5 0 1 2 3 2 1 6 3 8 2 7 1 5 4 0 8 7 5 3 1 8 5 0 2 6 4 8 7 0 4 8 6 3 6 3 6 2 7 4 5 
# SwapNeighbor1 SwapNeighbor1 SwapNeighbor1 SwapNeighbor1 SwapNeighbor1 SwapNeighbor1 SwapNeighbor1 SwapNeighbor1 SwapNeighbor1 SwapNeighbor1 SwapNeighbor1 SwapNeighbor1 SwapNeighbor1 SwapNeighbor1 SwapNeighbor1 SwapNeighbor1 
4 4 5 7 12 39 6 21 35 37
#c 7 4 5 0 1 2 3 2 1 6 3 8 2 7 1 5 4 0 8 7 5 3 1 8 5 0 2 6 4 8 7 0 4 8 6 3 6 3 6 2 7 4 5 
# SwapNeighbor1 SwapNeighbor1 SwapNeighbor1 SwapNeighbor1 SwapNeighbor1 SwapNeighbor1 SwapNeighbor1 SwapNeighbor1 SwapNeighbor1 SwapNeighbor1 SwapNeighbor1 SwapNeighbor1 SwapNeighbor1 SwapNeighbor1 SwapNeighbor1 SwapNeighbor1 
4 4 7 12 26 39 11 18 29 33
#c 7 4 5 0 1 2 3 2 1 6 3 8 2 7 1 5 4 0 8 7 5 3 1 8 5 0 2 6 4 8 7 0 4 8 6 3 6 3 6 2 7 4 5 
# SwapNeighbor1 SwapNeighbor1 SwapNeighbor1 SwapNeighbor1 SwapNeighbor1 SwapNeighbor1 SwapNeighbor1 SwapNeighbor1 SwapNeighbor1 SwapNeighbor1 SwapNeighbor1 SwapNeighbor1 SwapNeighbor1 SwapNeighbor1 SwapNeighbor1 SwapNeighbor1 
4 4 6 10 35 37 0 19 30 40
#c 7 4 5 0 1 2 3 2 1 6 3 8 2 7 1 5 4 0 8 7 5 3 1 8 5 0 2 6 4 8 7 0 4 8 6 3 6 3 6 2 7 4 5 
# SwapNeighbor1 SwapNeighbor1 SwapNeighbor1 SwapNeighbor1 SwapNeighbor1 SwapNeighbor1 SwapNeighbor1 SwapNeighbor1 SwapNeighbor1 SwapNeighbor1 SwapNeighbor1 SwapNeighbor1 SwapNeighbor1 SwapNeighbor1 SwapNeighbor1 SwapNeighbor1 
4 4 18 23 29 33 0 13 19 40
#c 7 4 5 0 1 2 3 2 1 6 3 7 2 7 1 5 4 0 8 7 5 3 1 8 5 0 2 6 4 8 8 0 4 8 6 3 6 3 6 2 7 4 5 
# SwapNeighbor1 SwapNeighbor1 SwapNeighbor1 SwapNeighbor1 SwapNeighbor1 SwapNeighbor1 SwapNeighbor1 SwapNeighbor1 SwapNeighbor1 SwapNeighbor1 SwapNeighbor1 SwapNeighbor1 SwapNeighbor1 SwapNeighbor1 SwapNeighbor1 SwapNeighbor1 SwapNeighbor1 
4 4 23 29 30 33 0 11 13 40
#c 7 4 5 0 1 2 3 2 1 6 3 7 2 7 1 5 4 0 8 7 5 3 1 8 5 0 2 6 4 8 8 0 4 8 6 3 6 3 6 2 7 4 5 
# SwapNeighbor1 SwapNeighbor1 SwapNeighbor1 SwapNeighbor1 SwapNeighbor1 SwapNeighbor1 SwapNeighbor1 SwapNeighbor1 SwapNeighbor1 SwapNeighbor1 SwapNeighbor1 SwapNeighbor1 SwapNeighbor1 SwapNeighbor1 SwapNeighbor1 SwapNeighbor1 SwapNeighbor1 
4 4 7 12 26 39 18 29 30 33
#c 7 4 5 0 1 2 3 2 1 6 3 7 2 7 1 5 4 0 8 7 5 3 1 8 5 0 2 6 4 8 8 0 4 8 6 3 6 3 6 2 7 4 5 
# SwapNeighbor1 SwapNeighbor1 SwapNeighbor1 SwapNeighbor1 SwapNeighbor1 SwapNeighbor1 SwapNeighbor1 SwapNeighbor1 SwapNeighbor1 SwapNeighbor1 SwapNeighbor1 SwapNeighbor1 SwapNeighbor1 SwapNeighbor1 SwapNeighbor1 SwapNeighbor1 SwapNeighbor1 
4 4 6 21 35 37 1 16 28 41
#c 7 4 5 0 1 2 3 2 1 6 3 7 2 7 1 5 4 0 8 7 5 3 1 8 5 0 2 6 4 8 8 0 4 8 6 3 6 3 6 2 7 4 5 
# SwapNeighbor1 SwapNeighbor1 SwapNeighbor1 SwapNeighbor1 SwapNeighbor1 SwapNeighbor1 SwapNeighbor1 SwapNeighbor1 SwapNeighbor1 SwapNeighbor1 SwapNeighbor1 SwapNeighbor1 SwapNeighbor1 SwapNeighbor1 SwapNeighbor1 SwapNeighbor1 SwapNeighbor1 
4 3 2 15 20 24 4 8 14
#c 7 4 5 0 1 2 3 2 1 6 3 7 2 7 1 5 4 0 8 7 5 3 1 8 5 0 2 6 4 8 8 0 4 8 6 3 6 3 6 2 7 4 5 
# SwapNeighbor1 SwapNeighbor1 SwapNeighbor1 SwapNeighbor1 SwapNeighbor1 SwapNeighbor1 SwapNeighbor1 SwapNeighbor1 SwapNeighbor1 SwapNeighbor1 SwapNeighbor1 SwapNeighbor1 SwapNeighbor1 SwapNeighbor1 SwapNeighbor1 SwapNeighbor1 SwapNeighbor1 
3 4 3 25 31 6 10 35 37
#c 7 4 5 0 1 2 3 2 1 6 3 7 2 7 1 5 4 3 8 7 5 0 1 8 5 0 2 6 4 8 8 0 4 8 6 3 6 3 6 2 7 4 5 
# SwapNeighbor1 SwapNeighbor1 SwapNeighbor1 SwapNeighbor1 SwapNeighbor1 SwapNeighbor1 SwapNeighbor1 SwapNeighbor1 SwapNeighbor1 SwapNeighbor1 SwapNeighbor1 SwapNeighbor1 SwapNeighbor1 SwapNeighbor1 SwapNeighbor1 SwapNeighbor1 SwapNeighbor1 SwapNeighbor1 
3 4 3 21 31 16 28 32 41
#c 7 0 5 0 1 2 3 2 1 6 3 7 2 7 1 5 4 3 8 7 5 0 1 8 5 4 2 6 4 8 8 0 4 8 6 3 6 3 6 2 7 4 5 
# SwapNeighbor1 SwapNeighbor1 SwapNeighbor1 SwapNeighbor1 SwapNeighbor1 SwapNeighbor1 SwapNeighbor1 SwapNeighbor1 SwapNeighbor1 SwapNeighbor1 SwapNeighbor1 SwapNeighbor1 SwapNeighbor1 SwapNeighbor1 SwapNeighbor1 SwapNeighbor1 SwapNeighbor1 SwapNeighbor1 SwapNeighbor1 
4 4 16 25 28 41 2 20 24 42
#c 7 0 5 0 1 2 3 2 1 6 3 7 2 7 1 5 4 3 8 7 5 0 1 8 5 4 2 6 4 8 8 0 4 8 6 3 6 3 6 2 7 4 5 
# SwapNeighbor1 SwapNeighbor1 SwapNeighbor1 SwapNeighbor1 SwapNeighbor1 SwapNeighbor1 SwapNeighbor1 SwapNeighbor1 SwapNeighbor1 SwapNeighbor1 SwapNeighbor1 SwapNeighbor1 SwapNeighbor1 SwapNeighbor1 SwapNeighbor1 SwapNeighbor1 SwapNeighbor1 SwapNeighbor1 SwapNeighbor1 
4 3 18 29 30 33 4 8 22
#c 7 0 5 0 1 2 3 2 1 6 3 7 2 7 8 5 4 3 8 7 5 0 1 1 5 4 2 6 4 8 8 0 4 8 6 3 6 3 6 2 7 4 5 
# SwapNeighbor1 SwapNeighbor1 SwapNeighbor1 SwapNeighbor1 SwapNeighbor1 SwapNeighbor1 SwapNeighbor1 SwapNeighbor1 SwapNeighbor1 SwapNeighbor1 SwapNeighbor1 SwapNeighbor1 SwapNeighbor1 SwapNeighbor1 SwapNeighbor1 SwapNeighbor1 SwapNeighbor1 SwapNeighbor1 SwapNeighbor1 SwapNeighbor1 
4 4 5 7 26 39 6 10 17 37
#c 7 0 5 0 1 2 3 2 1 6 3 7 2 7 8 5 4 3 8 7 5 0 1 1 5 4 2 6 4 8 8 0 4 8 6 3 6 3 6 2 7 4 5 
# SwapNeighbor1 SwapNeighbor1 SwapNeighbor1 SwapNeighbor1 SwapNeighbor1 SwapNeighbor1 SwapNeighbor1 SwapNeighbor1 SwapNeighbor1 SwapNeighbor1 SwapNeighbor1 SwapNeighbor1 SwapNeighbor1 SwapNeighbor1 SwapNeighbor1 SwapNeighbor1 SwapNeighbor1 SwapNeighbor1 SwapNeighbor1 SwapNeighbor1 
4 3 6 10 35 37 1 3 31
#c 7 0 5 0 1 2 3 2 1 6 3 7 2 7 8 5 4 3 8 7 5 0 1 1 5 4 2 6 4 8 8 0 4 8 6 3 6 3 6 2 7 4 5 
# SwapNeighbor1 SwapNeighbor1 SwapNeighbor1 SwapNeighbor1 SwapNeighbor1 SwapNeighbor1 SwapNeighbor1 SwapNeighbor1 SwapNeighbor1 SwapNeighbor1 SwapNeighbor1 SwapNeighbor1 SwapNeighbor1 SwapNeighbor1 SwapNeighbor1 SwapNeighbor1 SwapNeighbor1 SwapNeighbor1 SwapNeighbor1 SwapNeighbor1 
4 4 9 34 36 38 10 17 35 37
#c 7 0 5 0 1 2 3 2 1 6 3 7 2 7 8 5 4 3 8 7 5 0 1 1 5 4 2 6 4 8 8 0 4 8 6 3 6 3 6 2 7 4 5 
# SwapNeighbor1 SwapNeighbor1 SwapNeighbor1 SwapNeighbor1 SwapNeighbor1 SwapNeighbor1 SwapNeighbor1 SwapNeighbor1 SwapNeighbor1 SwapNeighbor1 SwapNeighbor1 SwapNeighbor1 SwapNeighbor1 SwapNeighbor1 SwapNeighbor1 SwapNeighbor1 SwapNeighbor1 SwapNeighbor1 SwapNeighbor1 SwapNeighbor1 
4 4 2 20 24 42 9 27 34 36
#c 7 0 5 0 1 2 3 2 1 6 3 7 2 7 8 5 4 3 8 7 5 0 1 1 5 4 2 6 4 8 8 0 4 8 6 3 6 3 6 2 7 4 5 
# SwapNeighbor1 SwapNeighbor1 SwapNeighbor1 SwapNeighbor1 SwapNeighbor1 SwapNeighbor1 SwapNeighbor1 SwapNeighbor1 SwapNeighbor1 SwapNeighbor1 SwapNeighbor1 SwapNeighbor1 SwapNeighbor1 SwapNeighbor1 SwapNeighbor1 SwapNeighbor1 SwapNeighbor1 SwapNeighbor1 SwapNeighbor1 SwapNeighbor1 
4 4 14 18 29 33 2 15 20 24
#c 7 0 5 0 1 2 3 2 1 6 3 7 2 7 8 5 4 3 8 7 5 0 1 1 5 4 2 6 4 8 8 0 4 8 6 3 6 3 6 2 7 4 5 
# SwapNeighbor1 SwapNeighbor1 SwapNeighbor1 SwapNeighbor1 SwapNeighbor1 SwapNeighbor1 SwapNeighbor1 SwapNeighbor1 SwapNeighbor1 SwapNeighbor1 SwapNeighbor1 SwapNeighbor1 SwapNeighbor1 SwapNeighbor1 SwapNeighbor1 SwapNeighbor1 SwapNeighbor1 SwapNeighbor1 SwapNeighbor1 SwapNeighbor1 
3 4 1 21 31 5 7 26 39
#c 7 0 5 2 1 2 3 2 1 6 3 7 0 7 8 5 4 3 8 7 5 0 1 1 5 4 2 6 4 8 8 0 4 8 6 3 6 3 6 2 7 4 5 
# SwapNeighbor1 SwapNeighbor1 SwapNeighbor1 SwapNeighbor1 SwapNeighbor1 SwapNeighbor1 SwapNeighbor1 SwapNeighbor1 SwapNeighbor1 SwapNeighbor1 SwapNeighbor1 SwapNeighbor1 SwapNeighbor1 SwapNeighbor1 SwapNeighbor1 SwapNeighbor1 SwapNeighbor1 SwapNeighbor1 SwapNeighbor1 SwapNeighbor1 SwapNeighbor1 
4 3 16 28 32 41 12 21 31
#c 7 0 5 2 1 2 3 2 1 6 3 7 0 7 8 5 4 3 8 7 5 0 1 1 5 4 2 6 4 8 8 0 4 8 6 3 6 3 6 2 7 4 5 
# SwapNeighbor1 SwapNeighbor1 SwapNeighbor1 SwapNeighbor1 SwapNeighbor1 SwapNeighbor1 SwapNeighbor1 SwapNeighbor1 SwapNeighbor1 SwapNeighbor1 SwapNeighbor1 SwapNeighbor1 SwapNeighbor1 SwapNeighbor1 SwapNeighbor1 SwapNeighbor1 SwapNeighbor1 SwapNeighbor1 SwapNeighbor1 SwapNeighbor1 SwapNeighbor1 
3 4 1 12 31 0 11 19 40
#c 7 0 5 2 1 2 3 2 1 6 3 7 0 7 8 5 4 3 8 7 5 0 1 1 5 4 2 6 4 8 8 0 4 8 6 3 6 3 6 2 7 4 5 
# SwapNeighbor1 SwapNeighbor1 SwapNeighbor1 SwapNeighbor1 SwapNeighbor1 SwapNeighbor1 SwapNeighbor1 SwapNeighbor1 SwapNeighbor1 SwapNeighbor1 SwapNeighbor1 SwapNeighbor1 SwapNeighbor1 SwapNeighbor1 SwapNeighbor1 SwapNeighbor1 SwapNeighbor1 SwapNeighbor1 SwapNeighbor1 SwapNeighbor1 SwapNeighbor1 
3 3 4 22 23 1 12 21
#c 7 0 5 2 1 2 3 2 1 6 3 7 0 7 8 5 4 3 8 7 5 0 1 1 5 4 2 6 4 8 8 0 4 8 6 3 6 3 6 2 7 4 5 
# SwapNeighbor1 SwapNeighbor1 SwapNeighbor1 SwapNeighbor1 SwapNeighbor1 SwapNeighbor1 SwapNeighbor1 SwapNeighbor1 SwapNeighbor1 SwapNeighbor1 SwapNeighbor1 SwapNeighbor1 SwapNeighbor1 SwapNeighbor1 SwapNeighbor1 SwapNeighbor1 SwapNeighbor1 SwapNeighbor1 SwapNeighbor1 SwapNeighbor1 SwapNeighbor1 
4 4 15 20 24 42 5 7 26 39
#c 7 0 2 5 1 2 3 2 1 6 3 7 0 7 8 5 4 3 8 7 5 0 1 1 5 4 2 6 4 8 8 0 4 8 6 3 6 3 6 2 7 4 5 
# SwapNeighbor1 SwapNeighbor1 SwapNeighbor1 SwapNeighbor1 SwapNeighbor1 SwapNeighbor1 SwapNeighbor1 SwapNeighbor1 SwapNeighbor1 SwapNeighbor1 SwapNeighbor1 SwapNeighbor1 SwapNeighbor1 SwapNeighbor1 SwapNeighbor1 SwapNeighbor1 SwapNeighbor1 SwapNeighbor1 SwapNeighbor1 SwapNeighbor1 SwapNeighbor1 SwapNeighbor1 
4 3 3 15 20 24 4 8 23
#c 7 0 2 5 1 2 3 2 1 6 3 7 0 7 8 5 4 3 8 7 5 0 1 1 5 4 2 6 4 8 8 0 4 8 6 3 6 3 6 2 7 4 5 
# SwapNeighbor1 SwapNeighbor1 SwapNeighbor1 SwapNeighbor1 SwapNeighbor1 SwapNeighbor1 SwapNeighbor1 SwapNeighbor1 SwapNeighbor1 SwapNeighbor1 SwapNeighbor1 SwapNeighbor1 SwapNeighbor1 SwapNeighbor1 SwapNeighbor1 SwapNeighbor1 SwapNeighbor1 SwapNeighbor1 SwapNeighbor1 SwapNeighbor1 SwapNeighbor1 SwapNeighbor1 
4 4 3 15 24 42 6 10 17 35
#c 7 0 2 5 1 2 3 2 1 6 3 7 0 7 8 5 4 3 8 7 5 0 1 1 5 4 2 6 4 8 8 0 4 8 6 3 6 3 6 2 7 4 5 
# SwapNeighbor1 SwapNeighbor1 SwapNeighbor1 SwapNeighbor1 SwapNeighbor1 SwapNeighbor1 SwapNeighbor1 SwapNeighbor1 SwapNeighbor1 SwapNeighbor1 SwapNeighbor1 SwapNeighbor1 SwapNeighbor1 SwapNeighbor1 SwapNeighbor1 SwapNeighbor1 SwapNeighbor1 SwapNeighbor1 SwapNeighbor1 SwapNeighbor1 SwapNeighbor1 SwapNeighbor1 
4 4 9 27 34 36 0 11 13 19
#c 7 0 2 5 1 2 3 2 1 6 3 7 0 7 8 5 4 3 8 7 5 0 1 1 5 4 2 6 4 8 8 0 4 8 6 3 6 3 6 2 7 4 5 
# SwapNeighbor1 SwapNeighbor1 SwapNeighbor1 SwapNeighbor1 SwapNeighbor1 SwapNeighbor1 SwapNeighbor1 SwapNeighbor1 SwapNeighbor1 SwapNeighbor1 SwapNeighbor1 SwapNeighbor1 SwapNeighbor1 SwapNeighbor1 SwapNeighbor1 SwapNeighbor1 SwapNeighbor1 SwapNeighbor1 SwapNeighbor1 SwapNeighbor1 SwapNeighbor1 SwapNeighbor1 
4 4 2 5 7 26 9 27 34 38
#c 7 0 2 5 1 2 3 2 1 6 3 7 0 7 8 5 4 3 8 7 5 0 1 1 5 4 2 6 4 8 8 0 4 8 6 3 6 3 6 2 7 4 5 
# SwapNeighbor1 SwapNeighbor1 SwapNeighbor1 SwapNeighbor1 SwapNeighbor1 SwapNeighbor1 SwapNeighbor1 SwapNeighbor1 SwapNeighbor1 SwapNeighbor1 SwapNeighbor1 SwapNeighbor1 SwapNeighbor1 SwapNeighbor1 SwapNeighbor1 SwapNeighbor1 SwapNeighbor1 SwapNeighbor1 SwapNeighbor1 SwapNeighbor1 SwapNeighbor1 SwapNeighbor1 
4 4 9 27 34 38 5 7 26 39
#c 7 0 2 5 1 2 3 2 1 6 3 7 0 7 8 5 4 3 8 7 5 0 1 1 5 4 2 6 4 8 8 0 4 8 6 3 6 3 6 2 7 4 5 
# SwapNeighbor1 SwapNeighbor1 SwapNeighbor1 SwapNeighbor1 SwapNeighbor1 SwapNeighbor1 SwapNeighbor1 SwapNeighbor1 SwapNeighbor1 SwapNeighbor1 SwapNeighbor1 SwapNeighbor1 SwapNeighbor1 SwapNeighbor1 SwapNeighbor1 SwapNeighbor1 SwapNeighbor1 SwapNeighbor1 SwapNeighbor1 SwapNeighbor1 SwapNeighbor1 SwapNeighbor1 
4 4 2 5 7 39 6 17 35 37
#c 7 0 2 5 1 2 3 2 1 6 3 7 0 7 8 5 4 3 8 7 5 0 1 1 5 4 2 6 4 8 8 0 4 8 6 3 6 3 6 2 7 4 5 
# SwapNeighbor1 SwapNeighbor1 SwapNeighbor1 SwapNeighbor1 SwapNeighbor1 SwapNeighbor1 SwapNeighbor1 SwapNeighbor1 SwapNeighbor1 SwapNeighbor1 SwapNeighbor1 SwapNeighbor1 SwapNeighbor1 SwapNeighbor1 SwapNeighbor1 SwapNeighbor1 SwapNeighbor1 SwapNeighbor1 SwapNeighbor1 SwapNeighbor1 SwapNeighbor1 SwapNeighbor1 
4 4 14 29 30 33 0 11 13 40
#c 7 0 2 5 1 2 3 2 1 6 3 7 0 7 8 5 4 3 8 7 5 0 1 1 5 4 2 6 4 8 8 0 4 8 6 3 6 3 6 2 7 4 5 
# SwapNeighbor1 SwapNeighbor1 SwapNeighbor1 SwapNeighbor1 SwapNeighbor1 SwapNeighbor1 SwapNeighbor1 SwapNeighbor1 SwapNeighbor1 SwapNeighbor1 SwapNeighbor1 SwapNeighbor1 SwapNeighbor1 SwapNeighbor1 SwapNeighbor1 SwapNeighbor1 SwapNeighbor1 SwapNeighbor1 SwapNeighbor1 SwapNeighbor1 SwapNeighbor1 SwapNeighbor1 
4 4 18 29 30 33 2 5 7 26
#c 7 0 2 5 1 2 3 2 1 6 3 7 0 7 2 5 4 3 8 7 5 0 1 1 5 4 2 6 4 8 8 0 4 8 6 3 6 3 6 8 7 4 5 
# SwapNeighbor1 SwapNeighbor1 SwapNeighbor1 SwapNeighbor1 SwapNeighbor1 SwapNeighbor1 SwapNeighbor1 SwapNeighbor1 SwapNeighbor1 SwapNeighbor1 SwapNeighbor1 SwapNeighbor1 SwapNeighbor1 SwapNeighbor1 SwapNeighbor1 SwapNeighbor1 SwapNeighbor1 SwapNeighbor1 SwapNeighbor1 SwapNeighbor1 SwapNeighbor1 SwapNeighbor1 SwapNeighbor1 
4 3 2 7 14 26 4 8 22
#c 7 0 2 5 1 2 3 2 1 6 3 7 0 7 2 5 4 3 8 7 5 0 1 1 5 4 2 6 4 8 8 0 4 8 6 3 6 3 6 8 7 4 5 
# SwapNeighbor1 SwapNeighbor1 SwapNeighbor1 SwapNeighbor1 SwapNeighbor1 SwapNeighbor1 SwapNeighbor1 SwapNeighbor1 SwapNeighbor1 SwapNeighbor1 SwapNeighbor1 SwapNeighbor1 SwapNeighbor1 SwapNeighbor1 SwapNeighbor1 SwapNeighbor1 SwapNeighbor1 SwapNeighbor1 SwapNeighbor1 SwapNeighbor1 SwapNeighbor1 SwapNeighbor1 SwapNeighbor1 
4 4 0 11 13 40 9 27 36 38
#c 7 0 2 5 1 2 3 2 1 6 3 7 0 7 2 5 4 3 8 7 5 0 1 1 5 4 2 6 4 8 8 0 4 8 6 3 6 3 6 8 7 4 5 
# SwapNeighbor1 SwapNeighbor1 SwapNeighbor1 SwapNeighbor1 SwapNeighbor1 SwapNeighbor1 SwapNeighbor1 SwapNeighbor1 SwapNeighbor1 SwapNeighbor1 SwapNeighbor1 SwapNeighbor1 SwapNeighbor1 SwapNeighbor1 SwapNeighbor1 SwapNeighbor1 SwapNeighbor1 SwapNeighbor1 SwapNeighbor1 SwapNeighbor1 SwapNeighbor1 SwapNeighbor1 SwapNeighbor1 
4 4 16 25 28 32 2 5 14 26
#c 7 0 2 5 1 2 3 2 1 6 3 7 0 7 2 5 4 3 8 7 5 0 1 1 5 4 2 6 4 8 8 0 4 8 6 3 6 3 6 8 7 4 5 
# SwapNeighbor1 SwapNeighbor1 SwapNeighbor1 SwapNeighbor1 SwapNeighbor1 SwapNeighbor1 SwapNeighbor1 SwapNeighbor1 SwapNeighbor1 SwapNeighbor1 SwapNeighbor1 SwapNeighbor1 SwapNeighbor1 SwapNeighbor1 SwapNeighbor1 SwapNeighbor1 SwapNeighbor1 SwapNeighbor1 SwapNeighbor1 SwapNeighbor1 SwapNeighbor1 SwapNeighbor1 SwapNeighbor1 
4 4 10 17 35 37 2 7 14 26
#c 7 0 2 5 1 3 2 2 1 6 3 7 0 7 2 5 4 3 8 7 5 0 1 1 5 4 2 6 4 8 8 0 4 8 6 3 6 3 6 8 7 4 5 
# SwapNeighbor1 SwapNeighbor1 SwapNeighbor1 SwapNeighbor1 SwapNeighbor1 SwapNeighbor1 SwapNeighbor1 SwapNeighbor1 SwapNeighbor1 SwapNeighbor1 SwapNeighbor1 SwapNeighbor1 SwapNeighbor1 SwapNeighbor1 SwapNeighbor1 SwapNeighbor1 SwapNeighbor1 SwapNeighbor1 SwapNeighbor1 SwapNeighbor1 SwapNeighbor1 SwapNeighbor1 SwapNeighbor1 SwapNeighbor1 
4 3 0 11 19 40 8 22 23
#c 7 0 2 5 1 3 2 2 1 6 3 7 0 7 2 5 4 3 8 7 5 0 1 1 5 4 2 6 4 8 8 0 4 8 6 3 6 3 6 8 7 4 5 
# SwapNeighbor1 SwapNeighbor1 SwapNeighbor1 SwapNeighbor1 SwapNeighbor1 SwapNeighbor1 SwapNeighbor1 SwapNeighbor1 SwapNeighbor1 SwapNeighbor1 SwapNeighbor1 SwapNeighbor1 SwapNeighbor1 SwapNeighbor1 SwapNeighbor1 SwapNeighbor1 SwapNeighbor1 SwapNeighbor1 SwapNeighbor1 SwapNeighbor1 SwapNeighbor1 SwapNeighbor1 SwapNeighbor1 SwapNeighbor1 
4 4 18 29 30 33 9 27 34 38
#c 7 0 2 5 1 3 2 2 1 6 3 7 0 7 2 5 4 3 8 7 5 0 1 1 5 4 2 6 4 8 8 0 4 8 6 3 6 3 6 8 7 4 5 
# SwapNeighbor1 SwapNeighbor1 SwapNeighbor1 SwapNeighbor1 SwapNeighbor1 SwapNeighbor1 SwapNeighbor1 SwapNeighbor1 SwapNeighbor1 SwapNeighbor1 SwapNeighbor1 SwapNeighbor1 SwapNeighbor1 SwapNeighbor1 SwapNeighbor1 SwapNeighbor1 SwapNeighbor1 SwapNeighbor1 SwapNeighbor1 SwapNeighbor1 SwapNeighbor1 SwapNeighbor1 SwapNeighbor1 SwapNeighbor1 
4 4 18 29 33 39 3 15 20 24
#c 7 0 2 5 1 3 2 2 1 6 3 7 0 7 2 5 4 3 8 7 5 0 1 1 5 4 2 6 4 8 8 0 4 8 6 3 6 3 6 8 7 4 5 
# SwapNeighbor1 SwapNeighbor1 SwapNeighbor1 SwapNeighbor1 SwapNeighbor1 SwapNeighbor1 SwapNeighbor1 SwapNeighbor1 SwapNeighbor1 SwapNeighbor1 SwapNeighbor1 SwapNeighbor1 SwapNeighbor1 SwapNeighbor1 SwapNeighbor1 SwapNeighbor1 SwapNeighbor1 SwapNeighbor1 SwapNeighbor1 SwapNeighbor1 SwapNeighbor1 SwapNeighbor1 SwapNeighbor1 SwapNeighbor1 
4 4 25 28 32 41 3 15 20 42
#c 7 0 2 5 1 3 2 2 1 6 3 7 0 7 2 5 4 3 8 7 5 0 1 1 5 4 2 6 4 8 8 0 4 8 6 3 6 3 6 8 7 4 5 
# SwapNeighbor1 SwapNeighbor1 SwapNeighbor1 SwapNeighbor1 SwapNeighbor1 SwapNeighbor1 SwapNeighbor1 SwapNeighbor1 SwapNeighbor1 SwapNeighbor1 SwapNeighbor1 SwapNeighbor1 SwapNeighbor1 SwapNeighbor1 SwapNeighbor1 SwapNeighbor1 SwapNeighbor1 SwapNeighbor1 SwapNeighbor1 SwapNeighbor1 SwapNeighbor1 SwapNeighbor1 SwapNeighbor1 SwapNeighbor1 
4 4 18 29 30 39 2 6 7 14
#c 7 0 2 5 1 3 2 2 1 6 3 7 0 7 2 5 4 3 8 7 5 0 1 1 5 4 8 6 4 8 8 0 4 2 6 3 6 3 6 8 7 4 5 
# SwapNeighbor1 SwapNeighbor1 SwapNeighbor1 SwapNeighbor1 SwapNeighbor1 SwapNeighbor1 SwapNeighbor1 SwapNeighbor1 SwapNeighbor1 SwapNeighbor1 SwapNeighbor1 SwapNeighbor1 SwapNeighbor1 SwapNeighbor1 SwapNeighbor1 SwapNeighbor1 SwapNeighbor1 SwapNeighbor1 SwapNeighbor1 SwapNeighbor1 SwapNeighbor1 SwapNeighbor1 SwapNeighbor1 SwapNeighbor1 SwapNeighbor1 
4 4 5 10 17 37 27 34 36 38
#c 7 0 2 5 1 3 2 2 1 6 3 7 0 7 2 5 4 3 8 7 5 0 1 1 5 4 8 6 4 8 8 0 4 2 6 3 6 3 6 8 7 4 5 
# SwapNeighbor1 SwapNeighbor1 SwapNeighbor1 SwapNeighbor1 SwapNeighbor1 SwapNeighbor1 SwapNeighbor1 SwapNeighbor1 SwapNeighbor1 SwapNeighbor1 SwapNeighbor1 SwapNeighbor1 SwapNeighbor1 SwapNeighbor1 SwapNeighbor1 SwapNeighbor1 SwapNeighbor1 SwapNeighbor1 SwapNeighbor1 SwapNeighbor1 SwapNeighbor1 SwapNeighbor1 SwapNeighbor1 SwapNeighbor1 SwapNeighbor1 
3 4 1 21 31 5 10 17 37
#c 7 0 2 5 1 3 2 2 1 6 3 7 3 7 2 5 4 3 8 7 5 0 1 1 5 4 8 6 4 8 8 0 4 2 6 0 6 3 6 8 7 4 5 
# SwapNeighbor1 SwapNeighbor1 SwapNeighbor1 SwapNeighbor1 SwapNeighbor1 SwapNeighbor1 SwapNeighbor1 SwapNeighbor1 SwapNeighbor1 SwapNeighbor1 SwapNeighbor1 SwapNeighbor1 SwapNeighbor1 SwapNeighbor1 SwapNeighbor1 SwapNeighbor1 SwapNeighbor1 SwapNeighbor1 SwapNeighbor1 SwapNeighbor1 SwapNeighbor1 SwapNeighbor1 SwapNeighbor1 SwapNeighbor1 SwapNeighbor1 SwapNeighbor1 
4 3 16 28 32 41 21 31 35
#c 7 4 2 5 1 3 2 2 1 6 3 7 3 7 2 5 4 3 8 7 5 0 1 1 5 0 8 6 4 8 8 0 4 2 6 0 6 3 6 8 7 4 5 
# SwapNeighbor1 SwapNeighbor1 SwapNeighbor1 SwapNeighbor1 SwapNeighbor1 SwapNeighbor1 SwapNeighbor1 SwapNeighbor1 SwapNeighbor1 SwapNeighbor1 SwapNeighbor1 SwapNeighbor1 SwapNeighbor1 SwapNeighbor1 SwapNeighbor1 SwapNeighbor1 SwapNeighbor1 SwapNeighbor1 SwapNeighbor1 SwapNeighbor1 SwapNeighbor1 SwapNeighbor1 SwapNeighbor1 SwapNeighbor1 SwapNeighbor1 SwapNeighbor1 SwapNeighbor1 
4 4 5 12 17 37 1 16 28 41
#c 7 4 2 5 1 3 2 2 1 6 3 7 3 7 2 5 4 3 8 7 5 0 1 1 5 0 8 6 4 8 8 0 4 2 6 0 6 3 6 8 7 4 5 
# SwapNeighbor1 SwapNeighbor1 SwapNeighbor1 SwapNeighbor1 SwapNeighbor1 SwapNeighbor1 SwapNeighbor1 SwapNeighbor1 SwapNeighbor1 SwapNeighbor1 SwapNeighbor1 SwapNeighbor1 SwapNeighbor1 SwapNeighbor1 SwapNeighbor1 SwapNeighbor1 SwapNeighbor1 SwapNeighbor1 SwapNeighbor1 SwapNeighbor1 SwapNeighbor1 SwapNeighbor1 SwapNeighbor1 SwapNeighbor1 SwapNeighbor1 SwapNeighbor1 SwapNeighbor1 
3 4 4 8 22 2 6 7 33
#c 7 4 2 5 1 3 2 2 1 6 3 7 3 7 2 5 4 3 8 7 5 0 1 1 5 0 8 6 4 8 8 0 4 2 6 0 6 3 6 8 7 4 5 
# SwapNeighbor1 SwapNeighbor1 SwapNeighbor1 SwapNeighbor1 SwapNeighbor1 SwapNeighbor1 SwapNeighbor1 SwapNeighbor1 SwapNeighbor1 SwapNeighbor1 SwapNeighbor1 SwapNeighbor1 SwapNeighbor1 SwapNeighbor1 SwapNeighbor1 SwapNeighbor1 SwapNeighbor1 SwapNeighbor1 SwapNeighbor1 SwapNeighbor1 SwapNeighbor1 SwapNeighbor1 SwapNeighbor1 SwapNeighbor1 SwapNeighbor1 SwapNeighbor1 SwapNeighbor1 
4 4 18 29 30 39 5 12 17 37
#c 7 4 2 5 1 3 2 2 1 6 3 7 3 7 2 5 4 3 8 7 5 0 1 1 5 0 8 6 4 8 8 0 4 2 6 0 6 3 6 8 7 4 5 
# SwapNeighbor1 SwapNeighbor1 SwapNeighbor1 SwapNeighbor1 SwapNeighbor1 SwapNeighbor1 SwapNeighbor1 SwapNeighbor1 SwapNeighbor1 SwapNeighbor1 SwapNeighbor1 SwapNeighbor1 SwapNeighbor1 SwapNeighbor1 SwapNeighbor1 SwapNeighbor1 SwapNeighbor1 SwapNeighbor1 SwapNeighbor1 SwapNeighbor1 SwapNeighbor1 SwapNeighbor1 SwapNeighbor1 SwapNeighbor1 SwapNeighbor1 SwapNeighbor1 SwapNeighbor1 
4 4 9 27 36 38 3 15 24 42
#c 7 4 2 5 1 3 2 2 1 6 3 7 3 7 2 5 4 3 8 7 5 0 1 1 5 0 8 6 4 8 8 0 4 2 6 0 6 3 6 8 7 4 5 
# SwapNeighbor1 SwapNeighbor1 SwapNeighbor1 SwapNeighbor1 SwapNeighbor1 SwapNeighbor1 SwapNeighbor1 SwapNeighbor1 SwapNeighbor1 SwapNeighbor1 SwapNeighbor1 SwapNeighbor1 SwapNeighbor1 SwapNeighbor1 SwapNeighbor1 SwapNeighbor1 SwapNeighbor1 SwapNeighbor1 SwapNeighbor1 SwapNeighbor1 SwapNeighbor1 SwapNeighbor1 SwapNeighbor1 SwapNeighbor1 SwapNeighbor1 SwapNeighbor1 SwapNeighbor1 
4 4 9 34 36 38 2 7 14 33
#c 7 4 2 5 1 3 2 2 1 6 3 7 3 7 2 5 4 3 8 7 5 0 1 1 5 0 8 6 4 8 8 0 4 2 6 0 6 3 6 8 7 4 5 
# SwapNeighbor1 SwapNeighbor1 SwapNeighbor1 SwapNeighbor1 SwapNeighbor1 SwapNeighbor1 SwapNeighbor1 SwapNeighbor1 SwapNeighbor1 SwapNeighbor1 SwapNeighbor1 SwapNeighbor1 SwapNeighbor1 SwapNeighbor1 SwapNeighbor1 SwapNeighbor1 SwapNeighbor1 SwapNeighbor1 SwapNeighbor1 SwapNeighbor1 SwapNeighbor1 SwapNeighbor1 SwapNeighbor1 SwapNeighbor1 SwapNeighbor1 SwapNeighbor1 SwapNeighbor1 
4 4 1 16 28 32 2 6 14 33
#c 7 4 2 5 1 3 2 2 1 6 3 7 3 7 2 5 4 3 8 7 5 0 1 1 5 0 8 6 4 8 8 0 4 2 6 0 6 3 6 8 7 4 5 
# SwapNeighbor1 SwapNeighbor1 SwapNeighbor1 SwapNeighbor1 SwapNeighbor1 SwapNeighbor1 SwapNeighbor1 SwapNeighbor1 SwapNeighbor1 SwapNeighbor1 SwapNeighbor1 SwapNeighbor1 SwapNeighbor1 SwapNeighbor1 SwapNeighbor1 SwapNeighbor1 SwapNeighbor1 SwapNeighbor1 SwapNeighbor1 SwapNeighbor1 SwapNeighbor1 SwapNeighbor1 SwapNeighbor1 SwapNeighbor1 SwapNeighbor1 SwapNeighbor1 SwapNeighbor1 
4 4 18 26 29 39 3 15 20 24
#c 7 4 2 5 1 3 2 2 1 6 3 7 3 7 2 5 4 3 8 7 5 0 1 1 5 0 8 6 4 8 8 0 4 2 6 0 6 3 6 8 7 4 5 
# SwapNeighbor1 SwapNeighbor1 SwapNeighbor1 SwapNeighbor1 SwapNeighbor1 SwapNeighbor1 SwapNeighbor1 SwapNeighbor1 SwapNeighbor1 SwapNeighbor1 SwapNeighbor1 SwapNeighbor1 SwapNeighbor1 SwapNeighbor1 SwapNeighbor1 SwapNeighbor1 SwapNeighbor1 SwapNeighbor1 SwapNeighbor1 SwapNeighbor1 SwapNeighbor1 SwapNeighbor1 SwapNeighbor1 SwapNeighbor1 SwapNeighbor1 SwapNeighbor1 SwapNeighbor1 
4 4 27 34 36 38 11 13 19 40
#c 7 4 2 5 1 3 2 2 1 6 3 7 3 7 2 5 4 3 8 7 5 0 1 1 5 0 8 6 4 8 8 0 4 2 6 0 6 3 6 8 7 4 5 
# SwapNeighbor1 SwapNeighbor1 SwapNeighbor1 SwapNeighbor1 SwapNeighbor1 SwapNeighbor1 SwapNeighbor1 SwapNeighbor1 SwapNeighbor1 SwapNeighbor1 SwapNeighbor1 SwapNeighbor1 SwapNeighbor1 SwapNeighbor1 SwapNeighbor1 SwapNeighbor1 SwapNeighbor1 SwapNeighbor1 SwapNeighbor1 SwapNeighbor1 SwapNeighbor1 SwapNeighbor1 SwapNeighbor1 SwapNeighbor1 SwapNeighbor1 SwapNeighbor1 SwapNeighbor1 
4 4 5 10 12 17 1 16 28 32
#c 7 4 2 5 1 3 2 2 1 6 3 7 3 7 2 5 4 3 8 7 5 0 1 1 5 0 8 6 4 8 8 0 4 2 6 0 6 3 6 8 7 4 5 
# SwapNeighbor1 SwapNeighbor1 SwapNeighbor1 SwapNeighbor1 SwapNeighbor1 SwapNeighbor1 SwapNeighbor1 SwapNeighbor1 SwapNeighbor1 SwapNeighbor1 SwapNeighbor1 SwapNeighbor1 SwapNeighbor1 SwapNeighbor1 SwapNeighbor1 SwapNeighbor1 SwapNeighbor1 SwapNeighbor1 SwapNeighbor1 SwapNeighbor1 SwapNeighbor1 SwapNeighbor1 SwapNeighbor1 SwapNeighbor1 SwapNeighbor1 SwapNeighbor1 SwapNeighbor1 
3 3 4 22 23 21 25 35
#c 7 4 2 5 1 3 2 2 1 6 3 7 3 7 2 5 4 3 8 7 5 0 1 1 5 0 8 6 4 8 8 0 4 2 6 0 6 3 6 8 7 4 5 
# SwapNeighbor1 SwapNeighbor1 SwapNeighbor1 SwapNeighbor1 SwapNeighbor1 SwapNeighbor1 SwapNeighbor1 SwapNeighbor1 SwapNeighbor1 SwapNeighbor1 SwapNeighbor1 SwapNeighbor1 SwapNeighbor1 SwapNeighbor1 SwapNeighbor1 SwapNeighbor1 SwapNeighbor1 SwapNeighbor1 SwapNeighbor1 SwapNeighbor1 SwapNeighbor1 SwapNeighbor1 SwapNeighbor1 SwapNeighbor1 SwapNeighbor1 SwapNeighbor1 SwapNeighbor1 
4 4 0 11 13 19 18 26 30 39
#c 7 4 2 5 1 3 2 2 1 6 3 7 3 7 2 5 4 3 8 7 5 0 1 1 5 0 8 6 4 8 8 0 4 2 6 0 6 3 6 8 7 4 5 
# SwapNeighbor1 SwapNeighbor1 SwapNeighbor1 SwapNeighbor1 SwapNeighbor1 SwapNeighbor1 SwapNeighbor1 SwapNeighbor1 SwapNeighbor1 SwapNeighbor1 SwapNeighbor1 SwapNeighbor1 SwapNeighbor1 SwapNeighbor1 SwapNeighbor1 SwapNeighbor1 SwapNeighbor1 SwapNeighbor1 SwapNeighbor1 SwapNeighbor1 SwapNeighbor1 SwapNeighbor1 SwapNeighbor1 SwapNeighbor1 SwapNeighbor1 SwapNeighbor1 SwapNeighbor1 
4 4 18 26 29 30 9 27 34 38
#c 7 4 2 5 1 3 2 2 1 6 3 7 3 7 2 5 4 3 8 7 5 0 1 1 5 0 8 6 4 8 8 0 4 2 6 0 6 3 6 8 7 4 5 
# SwapNeighbor1 SwapNeighbor1 SwapNeighbor1 SwapNeighbor1 SwapNeighbor1 SwapNeighbor1 SwapNeighbor1 SwapNeighbor1 SwapNeighbor1 SwapNeighbor1 SwapNeighbor1 SwapNeighbor1 SwapNeighbor1 SwapNeighbor1 SwapNeighbor1 SwapNeighbor1 SwapNeighbor1 SwapNeighbor1 SwapNeighbor1 SwapNeighbor1 SwapNeighbor1 SwapNeighbor1 SwapNeighbor1 SwapNeighbor1 SwapNeighbor1 SwapNeighbor1 SwapNeighbor1 
4 4 9 27 34 38 6 7 14 33
#c 7 4 2 5 1 3 2 2 1 6 3 7 3 7 2 5 4 3 8 7 5 0 1 1 5 0 8 6 4 8 8 0 4 2 6 0 6 3 6 8 7 4 5 
# SwapNeighbor1 SwapNeighbor1 SwapNeighbor1 SwapNeighbor1 SwapNeighbor1 SwapNeighbor1 SwapNeighbor1 SwapNeighbor1 SwapNeighbor1 SwapNeighbor1 SwapNeighbor1 SwapNeighbor1 SwapNeighbor1 SwapNeighbor1 SwapNeighbor1 SwapNeighbor1 SwapNeighbor1 SwapNeighbor1 SwapNeighbor1 SwapNeighbor1 SwapNeighbor1 SwapNeighbor1 SwapNeighbor1 SwapNeighbor1 SwapNeighbor1 SwapNeighbor1 SwapNeighbor1 
4 4 3 20 24 42 9 27 34 36
#c 7 4 2 5 1 3 2 2 1 6 3 7 3 7 2 5 4 3 8 7 5 0 1 1 5 0 8 6 4 8 8 0 4 2 6 0 6 3 6 8 7 4 5 
# SwapNeighbor1 SwapNeighbor1 SwapNeighbor1 SwapNeighbor1 SwapNeighbor1 SwapNeighbor1 SwapNeighbor1 SwapNeighbor1 SwapNeighbor1 SwapNeighbor1 SwapNeighbor1 SwapNeighbor1 SwapNeighbor1 SwapNeighbor1 SwapNeighbor1 SwapNeighbor1 SwapNeighbor1 SwapNeighbor1 SwapNeighbor1 SwapNeighbor1 SwapNeighbor1 SwapNeighbor1 SwapNeighbor1 SwapNeighbor1 SwapNeighbor1 SwapNeighbor1 SwapNeighbor1 
4 4 16 28 32 41 0 13 19 40
#c 7 4 2 5 1 3 2 2 1 6 3 7 3 7 2 5 4 3 8 7 5 0 1 1 5 0 8 6 4 8 8 0 4 2 6 0 6 3 6 8 7 4 5 
# SwapNeighbor1 SwapNeighbor1 SwapNeighbor1 SwapNeighbor1 SwapNeighbor1 SwapNeighbor1 SwapNeighbor1 SwapNeighbor1 SwapNeighbor1 SwapNeighbor1 SwapNeighbor1 SwapNeighbor1 SwapNeighbor1 SwapNeighbor1 SwapNeighbor1 SwapNeighbor1 SwapNeighbor1 SwapNeighbor1 SwapNeighbor1 SwapNeighbor1 SwapNeighbor1 SwapNeighbor1 SwapNeighbor1 SwapNeighbor1 SwapNeighbor1 SwapNeighbor1 SwapNeighbor1 
4 4 2 7 14 33 10 12 17 37
#c 7 4 2 5 1 3 2 2 1 6 3 7 3 7 2 5 4 3 8 7 5 0 1 1 5 0 8 6 4 8 8 0 4 2 6 0 6 3 6 8 7 4 5 
# SwapNeighbor1 SwapNeighbor1 SwapNeighbor1 SwapNeighbor1 SwapNeighbor1 SwapNeighbor1 SwapNeighbor1 SwapNeighbor1 SwapNeighbor1 SwapNeighbor1 SwapNeighbor1 SwapNeighbor1 SwapNeighbor1 SwapNeighbor1 SwapNeighbor1 SwapNeighbor1 SwapNeighbor1 SwapNeighbor1 SwapNeighbor1 SwapNeighbor1 SwapNeighbor1 SwapNeighbor1 SwapNeighbor1 SwapNeighbor1 SwapNeighbor1 SwapNeighbor1 SwapNeighbor1 
4 4 11 13 19 40 1 16 32 41
#c 7 4 2 5 1 3 2 2 1 6 3 7 3 7 2 5 4 3 8 7 5 0 1 1 5 0 8 6 4 8 8 0 4 2 6 0 6 3 6 8 7 4 5 
# SwapNeighbor1 SwapNeighbor1 SwapNeighbor1 SwapNeighbor1 SwapNeighbor1 SwapNeighbor1 SwapNeighbor1 SwapNeighbor1 SwapNeighbor1 SwapNeighbor1 SwapNeighbor1 SwapNeighbor1 SwapNeighbor1 SwapNeighbor1 SwapNeighbor1 SwapNeighbor1 SwapNeighbor1 SwapNeighbor1 SwapNeighbor1 SwapNeighbor1 SwapNeighbor1 SwapNeighbor1 SwapNeighbor1 SwapNeighbor1 SwapNeighbor1 SwapNeighbor1 SwapNeighbor1 
4 3 5 10 12 37 25 31 35
#c 7 4 2 5 1 3 2 2 1 6 3 7 3 7 2 5 4 3 8 7 5 0 1 1 5 0 8 6 4 8 8 0 4 2 6 0 6 3 6 8 7 4 5 
# SwapNeighbor1 SwapNeighbor1 SwapNeighbor1 SwapNeighbor1 SwapNeighbor1 SwapNeighbor1 SwapNeighbor1 SwapNeighbor1 SwapNeighbor1 SwapNeighbor1 SwapNeighbor1 SwapNeighbor1 SwapNeighbor1 SwapNeighbor1 SwapNeighbor1 SwapNeighbor1 SwapNeighbor1 SwapNeighbor1 SwapNeighbor1 SwapNeighbor1 SwapNeighbor1 SwapNeighbor1 SwapNeighbor1 SwapNeighbor1 SwapNeighbor1 SwapNeighbor1 SwapNeighbor1 
3 4 25 31 35 0 11 19 40
#c 7 4 2 5 1 3 2 2 1 6 3 7 3 0 2 5 4 3 8 7 5 7 1 1 5 0 8 6 4 8 8 0 4 2 6 0 6 3 6 8 7 4 5 
# SwapNeighbor1 SwapNeighbor1 SwapNeighbor1 SwapNeighbor1 SwapNeighbor1 SwapNeighbor1 SwapNeighbor1 SwapNeighbor1 SwapNeighbor1 SwapNeighbor1 SwapNeighbor1 SwapNeighbor1 SwapNeighbor1 SwapNeighbor1 SwapNeighbor1 SwapNeighbor1 SwapNeighbor1 SwapNeighbor1 SwapNeighbor1 SwapNeighbor1 SwapNeighbor1 SwapNeighbor1 SwapNeighbor1 SwapNeighbor1 SwapNeighbor1 SwapNeighbor1 SwapNeighbor1 SwapNeighbor1 
3 4 4 8 23 9 34 36 38
#c 7 4 2 5 1 3 2 2 1 6 3 7 3 0 2 5 4 3 8 7 5 7 1 1 5 0 8 6 4 8 8 0 4 2 6 0 6 3 6 8 7 4 5 
# SwapNeighbor1 SwapNeighbor1 SwapNeighbor1 SwapNeighbor1 SwapNeighbor1 SwapNeighbor1 SwapNeighbor1 SwapNeighbor1 SwapNeighbor1 SwapNeighbor1 SwapNeighbor1 SwapNeighbor1 SwapNeighbor1 SwapNeighbor1 SwapNeighbor1 SwapNeighbor1 SwapNeighbor1 SwapNeighbor1 SwapNeighbor1 SwapNeighbor1 SwapNeighbor1 SwapNeighbor1 SwapNeighbor1 SwapNeighbor1 SwapNeighbor1 SwapNeighbor1 SwapNeighbor1 SwapNeighbor1 
4 4 0 11 21 40 9 27 36 38
#c 7 4 2 5 1 3 2 2 1 6 3 7 3 0 2 5 4 3 8 7 5 7 1 1 5 0 8 6 4 8 8 0 4 2 6 0 6 3 6 8 7 4 5 
# SwapNeighbor1 SwapNeighbor1 SwapNeighbor1 SwapNeighbor1 SwapNeighbor1 SwapNeighbor1 SwapNeighbor1 SwapNeighbor1 SwapNeighbor1 SwapNeighbor1 SwapNeighbor1 SwapNeighbor1 SwapNeighbor1 SwapNeighbor1 SwapNeighbor1 SwapNeighbor1 SwapNeighbor1 SwapNeighbor1 SwapNeighbor1 SwapNeighbor1 SwapNeighbor1 SwapNeighbor1 SwapNeighbor1 SwapNeighbor1 SwapNeighbor1 SwapNeighbor1 SwapNeighbor1 SwapNeighbor1 
4 3 10 12 17 37 4 8 22
#c 7 4 2 5 1 1 2 2 1 6 3 7 3 0 2 5 4 3 8 7 5 7 1 3 5 0 8 6 4 8 8 0 4 2 6 0 6 3 6 8 7 4 5 
# SwapNeighbor1 SwapNeighbor1 SwapNeighbor1 SwapNeighbor1 SwapNeighbor1 SwapNeighbor1 SwapNeighbor1 SwapNeighbor1 SwapNeighbor1 SwapNeighbor1 SwapNeighbor1 SwapNeighbor1 SwapNeighbor1 SwapNeighbor1 SwapNeighbor1 SwapNeighbor1 SwapNeighbor1 SwapNeighbor1 SwapNeighbor1 SwapNeighbor1 SwapNeighbor1 SwapNeighbor1 SwapNeighbor1 SwapNeighbor1 SwapNeighbor1 SwapNeighbor1 SwapNeighbor1 SwapNeighbor1 SwapNeighbor1 
4 4 16 28 32 41 0 19 21 40
#c 7 4 2 5 1 1 2 2 1 6 3 7 3 0 2 5 4 3 8 7 5 7 1 3 5 0 8 6 4 8 8 0 4 2 6 0 6 3 6 8 7 4 5 
# SwapNeighbor1 SwapNeighbor1 SwapNeighbor1 SwapNeighbor1 SwapNeighbor1 SwapNeighbor1 SwapNeighbor1 SwapNeighbor1 SwapNeighbor1 SwapNeighbor1 SwapNeighbor1 SwapNeighbor1 SwapNeighbor1 SwapNeighbor1 SwapNeighbor1 SwapNeighbor1 SwapNeighbor1 SwapNeighbor1 SwapNeighbor1 SwapNeighbor1 SwapNeighbor1 SwapNeighbor1 SwapNeighbor1 SwapNeighbor1 SwapNeighbor1 SwapNeighbor1 SwapNeighbor1 SwapNeighbor1 SwapNeighbor1 
4 3 3 15 20 24 4 5 8
#c 7 4 2 5 1 1 2 2 1 6 3 7 3 0 2 5 4 3 8 7 5 7 1 3 5 0 8 6 4 8 8 0 4 2 6 0 6 3 6 8 7 4 5 
# SwapNeighbor1 SwapNeighbor1 SwapNeighbor1 SwapNeighbor1 SwapNeighbor1 SwapNeighbor1 SwapNeighbor1 SwapNeighbor1 SwapNeighbor1 SwapNeighbor1 SwapNeighbor1 SwapNeighbor1 SwapNeighbor1 SwapNeighbor1 SwapNeighbor1 SwapNeighbor1 SwapNeighbor1 SwapNeighbor1 SwapNeighbor1 SwapNeighbor1 SwapNeighbor1 SwapNeighbor1 SwapNeighbor1 SwapNeighbor1 SwapNeighbor1 SwapNeighbor1 SwapNeighbor1 SwapNeighbor1 SwapNeighbor1 
4 4 15 20 24 42 10 17 23 37
#c 7 4 2 3 1 1 2 2 1 6 3 7 5 0 2 5 4 3 8 7 5 7 1 3 5 0 8 6 4 8 8 0 4 2 6 0 6 3 6 8 7 4 5 
# SwapNeighbor1 SwapNeighbor1 SwapNeighbor1 SwapNeighbor1 SwapNeighbor1 SwapNeighbor1 SwapNeighbor1 SwapNeighbor1 SwapNeighbor1 SwapNeighbor1 SwapNeighbor1 SwapNeighbor1 SwapNeighbor1 SwapNeighbor1 SwapNeighbor1 SwapNeighbor1 SwapNeighbor1 SwapNeighbor1 SwapNeighbor1 SwapNeighbor1 SwapNeighbor1 SwapNeighbor1 SwapNeighbor1 SwapNeighbor1 SwapNeighbor1 SwapNeighbor1 SwapNeighbor1 SwapNeighbor1 SwapNeighbor1 SwapNeighbor1 
4 4 6 7 14 33 10 17 23 37
#c 7 4 3 2 1 1 2 2 1 6 3 7 5 0 2 5 4 3 8 7 5 7 1 3 5 0 8 6 4 8 8 0 4 2 6 0 6 3 6 8 7 4 5 
# SwapNeighbor1 SwapNeighbor1 SwapNeighbor1 SwapNeighbor1 SwapNeighbor1 SwapNeighbor1 SwapNeighbor1 SwapNeighbor1 SwapNeighbor1 SwapNeighbor1 SwapNeighbor1 SwapNeighbor1 SwapNeighbor1 SwapNeighbor1 SwapNeighbor1 SwapNeighbor1 SwapNeighbor1 SwapNeighbor1 SwapNeighbor1 SwapNeighbor1 SwapNeighbor1 SwapNeighbor1 SwapNeighbor1 SwapNeighbor1 SwapNeighbor1 SwapNeighbor1 SwapNeighbor1 SwapNeighbor1 SwapNeighbor1 SwapNeighbor1 SwapNeighbor1 
3 4 13 31 35 16 28 32 41
#c 7 4 3 2 1 1 2 2 1 6 3 7 5 0 2 5 4 3 8 7 5 7 1 3 5 0 8 6 4 8 8 0 4 2 6 0 6 3 6 8 7 4 5 
# SwapNeighbor1 SwapNeighbor1 SwapNeighbor1 SwapNeighbor1 SwapNeighbor1 SwapNeighbor1 SwapNeighbor1 SwapNeighbor1 SwapNeighbor1 SwapNeighbor1 SwapNeighbor1 SwapNeighbor1 SwapNeighbor1 SwapNeighbor1 SwapNeighbor1 SwapNeighbor1 SwapNeighbor1 SwapNeighbor1 SwapNeighbor1 SwapNeighbor1 SwapNeighbor1 SwapNeighbor1 SwapNeighbor1 SwapNeighbor1 SwapNeighbor1 SwapNeighbor1 SwapNeighbor1 SwapNeighbor1 SwapNeighbor1 SwapNeighbor1 SwapNeighbor1 
4 4 2 10 23 37 0 11 19 40
#c 7 4 3 2 1 1 2 2 1 6 3 7 5 0 2 5 4 3 8 7 5 7 1 3 5 0 8 6 4 8 8 0 4 2 6 0 6 3 6 8 7 4 5 
# SwapNeighbor1 SwapNeighbor1 SwapNeighbor1 SwapNeighbor1 SwapNeighbor1 SwapNeighbor1 SwapNeighbor1 SwapNeighbor1 SwapNeighbor1 SwapNeighbor1 SwapNeighbor1 SwapNeighbor1 SwapNeighbor1 SwapNeighbor1 SwapNeighbor1 SwapNeighbor1 SwapNeighbor1 SwapNeighbor1 SwapNeighbor1 SwapNeighbor1 SwapNeighbor1 SwapNeighbor1 SwapNeighbor1 SwapNeighbor1 SwapNeighbor1 SwapNeighbor1 SwapNeighbor1 SwapNeighbor1 SwapNeighbor1 SwapNeighbor1 SwapNeighbor1 
3 3 4 5 22 13 25 35
#c 7 4 3 2 1 1 2 2 1 6 3 7 5 0 2 5 4 3 8 7 5 7 1 3 5 0 8 6 4 8 8 0 4 2 6 0 6 3 6 8 7 4 5 
# SwapNeighbor1 SwapNeighbor1 SwapNeighbor1 SwapNeighbor1 SwapNeighbor1 SwapNeighbor1 SwapNeighbor1 SwapNeighbor1 SwapNeighbor1 SwapNeighbor1 SwapNeighbor1 SwapNeighbor1 SwapNeighbor1 SwapNeighbor1 SwapNeighbor1 SwapNeighbor1 SwapNeighbor1 SwapNeighbor1 SwapNeighbor1 SwapNeighbor1 SwapNeighbor1 SwapNeighbor1 SwapNeighbor1 SwapNeighbor1 SwapNeighbor1 SwapNeighbor1 SwapNeighbor1 SwapNeighbor1 SwapNeighbor1 SwapNeighbor1 SwapNeighbor1 
4 4 9 27 36 38 12 15 24 42
#c 7 4 3 2 1 1 2 2 1 6 3 7 5 0 2 5 4 3 8 7 5 7 1 3 5 0 8 6 4 8 8 0 4 2 6 0 6 3 6 8 7 4 5 
# SwapNeighbor1 SwapNeighbor1 SwapNeighbor1 SwapNeighbor1 SwapNeighbor1 SwapNeighbor1 SwapNeighbor1 SwapNeighbor1 SwapNeighbor1 SwapNeighbor1 SwapNeighbor1 SwapNeighbor1 SwapNeighbor1 SwapNeighbor1 SwapNeighbor1 SwapNeighbor1 SwapNeighbor1 SwapNeighbor1 SwapNeighbor1 SwapNeighbor1 SwapNeighbor1 SwapNeighbor1 SwapNeighbor1 SwapNeighbor1 SwapNeighbor1 SwapNeighbor1 SwapNeighbor1 SwapNeighbor1 SwapNeighbor1 SwapNeighbor1 SwapNeighbor1 
4 3 15 20 24 42 13 25 31
#c 7 4 3 2 1 1 2 2 1 6 3 7 0 0 2 5 4 3 8 7 5 7 1 3 5 0 8 6 4 8 8 0 4 2 6 5 6 3 6 8 7 4 5 
# SwapNeighbor1 SwapNeighbor1 SwapNeighbor1 SwapNeighbor1 SwapNeighbor1 SwapNeighbor1 SwapNeighbor1 SwapNeighbor1 SwapNeighbor1 SwapNeighbor1 SwapNeighbor1 SwapNeighbor1 SwapNeighbor1 SwapNeighbor1 SwapNeighbor1 SwapNeighbor1 SwapNeighbor1 SwapNeighbor1 SwapNeighbor1 SwapNeighbor1 SwapNeighbor1 SwapNeighbor1 SwapNeighbor1 SwapNeighbor1 SwapNeighbor1 SwapNeighbor1 SwapNeighbor1 SwapNeighbor1 SwapNeighbor1 SwapNeighbor1 SwapNeighbor1 SwapNeighbor1 
4 4 20 24 35 42 9 27 34 36
#c 7 4 3 2 1 1 2 2 1 6 3 7 0 0 2 5 4 3 8 7 5 7 1 3 5 0 8 6 4 8 8 0 4 2 6 5 6 3 6 8 7 4 5 
# SwapNeighbor1 SwapNeighbor1 SwapNeighbor1 SwapNeighbor1 SwapNeighbor1 SwapNeighbor1 SwapNeighbor1 SwapNeighbor1 SwapNeighbor1 SwapNeighbor1 SwapNeighbor1 SwapNeighbor1 SwapNeighbor1 SwapNeighbor1 SwapNeighbor1 SwapNeighbor1 SwapNeighbor1 SwapNeighbor1 SwapNeighbor1 SwapNeighbor1 SwapNeighbor1 SwapNeighbor1 SwapNeighbor1 SwapNeighbor1 SwapNeighbor1 SwapNeighbor1 SwapNeighbor1 SwapNeighbor1 SwapNeighbor1 SwapNeighbor1 SwapNeighbor1 SwapNeighbor1 
4 4 26 29 30 39 0 11 21 40
#c 7 4 3 2 1 1 2 2 1 6 3 7 0 0 2 5 4 3 8 7 5 7 1 3 5 0 8 6 4 8 8 0 4 2 6 5 6 3 6 8 7 4 5 
# SwapNeighbor1 SwapNeighbor1 SwapNeighbor1 SwapNeighbor1 SwapNeighbor1 SwapNeighbor1 SwapNeighbor1 SwapNeighbor1 SwapNeighbor1 SwapNeighbor1 SwapNeighbor1 SwapNeighbor1 SwapNeighbor1 SwapNeighbor1 SwapNeighbor1 SwapNeighbor1 SwapNeighbor1 SwapNeighbor1 SwapNeighbor1 SwapNeighbor1 SwapNeighbor1 SwapNeighbor1 SwapNeighbor1 SwapNeighbor1 SwapNeighbor1 SwapNeighbor1 SwapNeighbor1 SwapNeighbor1 SwapNeighbor1 SwapNeighbor1 SwapNeighbor1 SwapNeighbor1 
4 4 27 34 36 38 11 19 21 40
#c 7 4 3 2 1 1 2 2 1 6 3 7 0 0 2 5 4 3 8 7 5 7 1 3 5 0 8 6 4 8 8 0 4 2 6 5 6 3 6 8 7 4 5 
# SwapNeighbor1 SwapNeighbor1 SwapNeighbor1 SwapNeighbor1 SwapNeighbor1 SwapNeighbor1 SwapNeighbor1 SwapNeighbor1 SwapNeighbor1 SwapNeighbor1 SwapNeighbor1 SwapNeighbor1 SwapNeighbor1 SwapNeighbor1 SwapNeighbor1 SwapNeighbor1 SwapNeighbor1 SwapNeighbor1 SwapNeighbor1 SwapNeighbor1 SwapNeighbor1 SwapNeighbor1 SwapNeighbor1 SwapNeighbor1 SwapNeighbor1 SwapNeighbor1 SwapNeighbor1 SwapNeighbor1 SwapNeighbor1 SwapNeighbor1 SwapNeighbor1 SwapNeighbor1 
4 3 0 11 19 40 12 25 31
#c 7 4 3 2 1 1 2 2 1 6 3 7 0 0 2 5 4 3 8 7 5 7 1 3 5 0 8 6 4 8 8 0 4 2 6 5 6 3 6 8 7 4 5 
# SwapNeighbor1 SwapNeighbor1 SwapNeighbor1 SwapNeighbor1 SwapNeighbor1 SwapNeighbor1 SwapNeighbor1 SwapNeighbor1 SwapNeighbor1 SwapNeighbor1 SwapNeighbor1 SwapNeighbor1 SwapNeighbor1 SwapNeighbor1 SwapNeighbor1 SwapNeighbor1 SwapNeighbor1 SwapNeighbor1 SwapNeighbor1 SwapNeighbor1 SwapNeighbor1 SwapNeighbor1 SwapNeighbor1 SwapNeighbor1 SwapNeighbor1 SwapNeighbor1 SwapNeighbor1 SwapNeighbor1 SwapNeighbor1 SwapNeighbor1 SwapNeighbor1 SwapNeighbor1 
4 4 9 27 34 36 0 11 19 21
7 4 3 2 1 1 2 2 1 6 3 7 0 0 2 5 4 3 8 7 5 7 1 3 5 0 8 6 4 8 8 0 4 2 6 5 6 3 6 8 7 4 5 
# = > > > < > > < < > < > > < > < < < < < < < > > < > < > < < > < < < < > > < < > < < > 
# < = < < < < < < < < < < < < < < < < < < < < < < < > < < < < < < < < < < < < < < < < < 
# < > = < < > > < < < < > < < > < < < < < < < > > < > < > < < > < < < < < > < < > < < > 
# < > > = < > > < < < < > < < > < < < < < < < > > < > < > < < > < < < < < > < < > < < > 
# > > > > = > > < < > < > > > > < > > < < < > > > > > < > > < > < < < < > > < < > < < > 
# < > < < < = > < < < < > < < < < < < < < < < > < < > < > < < > < < < < < < < < < < < > 
# < > < < < < = < < < < > < < < < < < < < < < > < < > < > < < > < < < < < < < < < < < > 
# > > > > > > > = < > > > > > > > > > > > > > > > > > > > > > > < > > > > > > > > > > > 
# > > > > > > > > = > > > > > > > > > > > > > > > > > > > > > > < > > > > > > > > > > > 
# < > > > < > > < < = < > > < > < < < < < < < > > < > < > < < > < < < < > > < < > < < > 
# > > > > > > > < < > = > > > > < > > < < < > > > > > > > > < > < < > < > > < < > < < > 
# < > < < < < < < < < < = < < < < < < < < < < < < < > < < < < < < < < < < < < < < < < < 
# < > > > < > > < < < < > = < > < < < < < < < > > < > < > < < > < < < < < > < < > < < > 
# > > > > < > > < < > < > > = > < > > < < < > > > > > < > > < > < < < < > > < < > < < > 
# < > < < < > > < < < < > < < = < < < < < < < > > < > < > < < > < < < < < < < < < < < > 
# > > > > > > > < < > > > > > > = > > < < < > > > > > > > > < > < > > < > > < < > < < > 
# > > > > < > > < < > < > > < > < = < < < < < > > < > < > > < > < < < < > > < < > < < > 
# > > > > < > > < < > < > > < > < > = < < < < > > > > < > > < > < < < < > > < < > < < > 
# > > > > > > > < < > > > > > > > > > = < < > > > > > > > > > > < > > < > > < > > > < > 
# > > > > > > > < < > > > > > > > > > > = < > > > > > > > > > > < > > < > > < > > > < > 
# > > > > > > > < < > > > > > > > > > > > = > > > > > > > > > > < > > > > > < > > > < > 
# > > > > < > > < < > < > > < > < > > < < < = > > > > < > > < > < < < < > > < < > < < > 
# < > < < < < < < < < < > < < < < < < < < < < = < < > < < < < > < < < < < < < < < < < > 
# < > < < < > > < < < < > < < < < < < < < < < > = < > < > < < > < < < < < < < < < < < > 
# > > > > < > > < < > < > > < > < > < < < < < > > = > < > > < > < < < < > > < < > < < > 
# < < < < < < < < < < < < < < < < < < < < < < < < < = < < < < < < < < < < < < < < < < < 
# > > > > > > > < < > < > > > > < > > < < < > > > > > = > > < > < < > < > > < < > < < > 
# < > < < < < < < < < < > < < < < < < < < < < > < < > < = < < > < < < < < < < < < < < > 
# > > > > < > > < < > < > > < > < < < < < < < > > < > < > = < > < < < < > > < < > < < > 
# > > > > > > > < < > > > > > > > > > < < < > > > > > > > > = > < > > < > > < > > > < > 
# < > < < < < < < < < < > < < < < < < < < < < < < < > < < < < = < < < < < < < < < < < < 
# > > > > > > > > > > > > > > > > > > > > > > > > > > > > > > > = > > > > > > > > > > > 
# > > > > > > > < < > > > > > > < > > < < < > > > > > > > > < > < = > < > > < < > < < > 
# > > > > > > > < < > < > > > > < > > < < < > > > > > < > > < > < < = < > > < < > < < > 
# > > > > > > > < < > > > > > > > > > > > < > > > > > > > > > > < > > = > > < > > > < > 
# < > > > < > > < < < < > > < > < < < < < < < > > < > < > < < > < < < < = > < < > < < > 
# < > < < < > > < < < < > < < > < < < < < < < > > < > < > < < > < < < < < = < < > < < > 
# > > > > > > > < < > > > > > > > > > > > > > > > > > > > > > > < > > > > > = > > > < > 
# > > > > > > > < < > > > > > > > > > < < < > > > > > > > > < > < > > < > > < = > < < > 
# < > < < < > > < < < < > < < > < < < < < < < > > < > < > < < > < < < < < < < < = < < > 
# > > > > > > > < < > > > > > > > > > < < < > > > > > > > > < > < > > < > > < > > = < > 
# > > > > > > > < < > > > > > > > > > > > > > > > > > > > > > > < > > > > > > > > > = > 
# < > < < < < < < < < < > < < < < < < < < < < < < < > < < < < > < < < < < < < < < < < = 
