# 200306
#c -1 -1 -1 -1 -1 -1 -1 -1 -1 -1 -1 -1 -1 -1 -1 -1 -1 -1 -1 -1 -1 -1 -1 -1 -1 -1 -1 -1 -1 -1 -1 -1 -1 -1 -1 -1 -1 -1 -1 -1 -1 -1 -1 -1 -1 -1 -1 
# 
1 1 1 2
#c -1 -1 -1 -1 -1 -1 -1 -1 -1 -1 -1 -1 -1 -1 -1 -1 -1 -1 -1 -1 -1 -1 -1 -1 -1 -1 -1 -1 -1 -1 -1 -1 -1 -1 -1 -1 -1 -1 -1 -1 -1 -1 -1 -1 -1 -1 -1 
# 
1 1 0 1
#c -1 -1 -1 -1 -1 -1 -1 -1 -1 -1 -1 -1 -1 -1 -1 -1 -1 -1 -1 -1 -1 -1 -1 -1 -1 -1 -1 -1 -1 -1 -1 -1 -1 -1 -1 -1 -1 -1 -1 -1 -1 -1 -1 -1 -1 -1 -1 
# 
1 1 0 2
#c -1 -1 -1 -1 -1 -1 -1 -1 -1 -1 -1 -1 -1 -1 -1 -1 -1 -1 -1 -1 -1 -1 -1 -1 -1 -1 -1 -1 -1 -1 -1 -1 -1 -1 -1 -1 -1 -1 -1 -1 -1 -1 -1 -1 -1 -1 -1 
# 
1 1 3 4
#c -1 -1 -1 -1 -1 -1 -1 -1 -1 -1 -1 -1 -1 -1 -1 -1 -1 -1 -1 -1 -1 -1 -1 -1 -1 -1 -1 -1 -1 -1 -1 -1 -1 -1 -1 -1 -1 -1 -1 -1 -1 -1 -1 -1 -1 -1 -1 
# 
1 1 5 6
#c -1 -1 -1 -1 -1 -1 -1 -1 -1 -1 -1 -1 -1 -1 -1 -1 -1 -1 -1 -1 -1 -1 -1 -1 -1 -1 -1 -1 -1 -1 -1 -1 -1 -1 -1 -1 -1 -1 -1 -1 -1 -1 -1 -1 -1 -1 -1 
# 
1 1 4 6
#c -1 -1 -1 -1 -1 -1 -1 -1 -1 -1 -1 -1 -1 -1 -1 -1 -1 -1 -1 -1 -1 -1 -1 -1 -1 -1 -1 -1 -1 -1 -1 -1 -1 -1 -1 -1 -1 -1 -1 -1 -1 -1 -1 -1 -1 -1 -1 
# 
1 1 4 5
#c -1 -1 -1 -1 -1 -1 -1 -1 -1 -1 -1 -1 -1 -1 -1 -1 -1 -1 -1 -1 -1 -1 -1 -1 -1 -1 -1 -1 -1 -1 -1 -1 -1 -1 -1 -1 -1 -1 -1 -1 -1 -1 -1 -1 -1 -1 -1 
# 
1 1 3 5
#c -1 -1 -1 -1 -1 -1 -1 -1 -1 -1 -1 -1 -1 -1 -1 -1 -1 -1 -1 -1 -1 -1 -1 -1 -1 -1 -1 -1 -1 -1 -1 -1 -1 -1 -1 -1 -1 -1 -1 -1 -1 -1 -1 -1 -1 -1 -1 
# 
1 1 1 6
#c -1 -1 -1 -1 -1 -1 -1 -1 -1 -1 -1 -1 -1 -1 -1 -1 -1 -1 -1 -1 -1 -1 -1 -1 -1 -1 -1 -1 -1 -1 -1 -1 -1 -1 -1 -1 -1 -1 -1 -1 -1 -1 -1 -1 -1 -1 -1 
# 
1 1 1 4
#c -1 -1 -1 -1 -1 -1 -1 -1 -1 -1 -1 -1 -1 -1 -1 -1 -1 -1 -1 -1 -1 -1 -1 -1 -1 -1 -1 -1 -1 -1 -1 -1 -1 -1 -1 -1 -1 -1 -1 -1 -1 -1 -1 -1 -1 -1 -1 
# 
1 1 0 4
#c -1 -1 -1 -1 -1 -1 -1 -1 -1 -1 -1 -1 -1 -1 -1 -1 -1 -1 -1 -1 -1 -1 -1 -1 -1 -1 -1 -1 -1 -1 -1 -1 -1 -1 -1 -1 -1 -1 -1 -1 -1 -1 -1 -1 -1 -1 -1 
# 
1 1 0 5
#c -1 -1 -1 -1 -1 -1 -1 -1 -1 -1 -1 -1 -1 -1 -1 -1 -1 -1 -1 -1 -1 -1 -1 -1 -1 -1 -1 -1 -1 -1 -1 -1 -1 -1 -1 -1 -1 -1 -1 -1 -1 -1 -1 -1 -1 -1 -1 
# 
1 1 0 3
#c -1 -1 -1 -1 -1 -1 -1 -1 -1 -1 -1 -1 -1 -1 -1 -1 -1 -1 -1 -1 -1 -1 -1 -1 -1 -1 -1 -1 -1 -1 -1 -1 -1 -1 -1 -1 -1 -1 -1 -1 -1 -1 -1 -1 -1 -1 -1 
# 
1 1 8 9
#c -1 -1 -1 -1 -1 -1 -1 -1 -1 -1 -1 -1 -1 -1 -1 -1 -1 -1 -1 -1 -1 -1 -1 -1 -1 -1 -1 -1 -1 -1 -1 -1 -1 -1 -1 -1 -1 -1 -1 -1 -1 -1 -1 -1 -1 -1 -1 
# 
1 1 7 8
#c -1 -1 -1 -1 -1 -1 -1 -1 -1 -1 -1 -1 -1 -1 -1 -1 -1 -1 -1 -1 -1 -1 -1 -1 -1 -1 -1 -1 -1 -1 -1 -1 -1 -1 -1 -1 -1 -1 -1 -1 -1 -1 -1 -1 -1 -1 -1 
# 
1 1 7 9
#c -1 -1 -1 -1 -1 -1 -1 -1 -1 -1 -1 -1 -1 -1 -1 -1 -1 -1 -1 -1 -1 -1 -1 -1 -1 -1 -1 -1 -1 -1 -1 -1 -1 -1 -1 -1 -1 -1 -1 -1 -1 -1 -1 -1 -1 -1 -1 
# 
1 1 10 11
#c -1 -1 -1 -1 -1 -1 -1 -1 -1 -1 -1 -1 -1 -1 -1 -1 -1 -1 -1 -1 -1 -1 -1 -1 -1 -1 -1 -1 -1 -1 -1 -1 -1 -1 -1 -1 -1 -1 -1 -1 -1 -1 -1 -1 -1 -1 -1 
# 
1 1 12 13
#c -1 -1 -1 -1 -1 -1 -1 -1 -1 -1 -1 -1 -1 -1 -1 -1 -1 -1 -1 -1 -1 -1 -1 -1 -1 -1 -1 -1 -1 -1 -1 -1 -1 -1 -1 -1 -1 -1 -1 -1 -1 -1 -1 -1 -1 -1 -1 
# 
1 1 10 13
#c -1 -1 -1 -1 -1 -1 -1 -1 -1 -1 -1 -1 -1 -1 -1 -1 -1 -1 -1 -1 -1 -1 -1 -1 -1 -1 -1 -1 -1 -1 -1 -1 -1 -1 -1 -1 -1 -1 -1 -1 -1 -1 -1 -1 -1 -1 -1 
# 
1 1 11 13
#c -1 -1 -1 -1 -1 -1 -1 -1 -1 -1 -1 -1 -1 -1 -1 -1 -1 -1 -1 -1 -1 -1 -1 -1 -1 -1 -1 -1 -1 -1 -1 -1 -1 -1 -1 -1 -1 -1 -1 -1 -1 -1 -1 -1 -1 -1 -1 
# 
1 1 8 10
#c -1 -1 -1 -1 -1 -1 -1 -1 -1 -1 -1 -1 -1 -1 -1 -1 -1 -1 -1 -1 -1 -1 -1 -1 -1 -1 -1 -1 -1 -1 -1 -1 -1 -1 -1 -1 -1 -1 -1 -1 -1 -1 -1 -1 -1 -1 -1 
# 
1 1 8 11
#c -1 -1 -1 -1 -1 -1 -1 -1 -1 -1 -1 -1 -1 -1 -1 -1 -1 -1 -1 -1 -1 -1 -1 -1 -1 -1 -1 -1 -1 -1 -1 -1 -1 -1 -1 -1 -1 -1 -1 -1 -1 -1 -1 -1 -1 -1 -1 
# 
1 1 8 13
#c -1 -1 -1 -1 -1 -1 -1 -1 -1 -1 -1 -1 -1 -1 -1 -1 -1 -1 -1 -1 -1 -1 -1 -1 -1 -1 -1 -1 -1 -1 -1 -1 -1 -1 -1 -1 -1 -1 -1 -1 -1 -1 -1 -1 -1 -1 -1 
# 
1 1 9 13
#c -1 -1 -1 -1 -1 -1 -1 -1 -1 -1 -1 -1 -1 -1 -1 -1 -1 -1 -1 -1 -1 -1 -1 -1 -1 -1 -1 -1 -1 -1 -1 -1 -1 -1 -1 -1 -1 -1 -1 -1 -1 -1 -1 -1 -1 -1 -1 
# 
1 1 9 12
#c -1 -1 -1 -1 -1 -1 -1 -1 -1 -1 -1 -1 -1 -1 -1 -1 -1 -1 -1 -1 -1 -1 -1 -1 -1 -1 -1 -1 -1 -1 -1 -1 -1 -1 -1 -1 -1 -1 -1 -1 -1 -1 -1 -1 -1 -1 -1 
# 
1 1 7 12
#c -1 -1 -1 -1 -1 -1 -1 -1 -1 -1 -1 -1 -1 -1 -1 -1 -1 -1 -1 -1 -1 -1 -1 -1 -1 -1 -1 -1 -1 -1 -1 -1 -1 -1 -1 -1 -1 -1 -1 -1 -1 -1 -1 -1 -1 -1 -1 
# 
1 1 6 10
#c -1 -1 -1 -1 -1 -1 -1 -1 -1 -1 -1 -1 -1 -1 -1 -1 -1 -1 -1 -1 -1 -1 -1 -1 -1 -1 -1 -1 -1 -1 -1 -1 -1 -1 -1 -1 -1 -1 -1 -1 -1 -1 -1 -1 -1 -1 -1 
# 
1 1 6 11
#c -1 -1 -1 -1 -1 -1 -1 -1 -1 -1 -1 -1 -1 -1 -1 -1 -1 -1 -1 -1 -1 -1 -1 -1 -1 -1 -1 -1 -1 -1 -1 -1 -1 -1 -1 -1 -1 -1 -1 -1 -1 -1 -1 -1 -1 -1 -1 
# 
1 1 1 11
#c -1 -1 -1 -1 -1 -1 -1 -1 -1 -1 -1 -1 -1 -1 -1 -1 -1 -1 -1 -1 -1 -1 -1 -1 -1 -1 -1 -1 -1 -1 -1 -1 -1 -1 -1 -1 -1 -1 -1 -1 -1 -1 -1 -1 -1 -1 -1 
# 
1 1 4 11
#c -1 -1 -1 -1 -1 -1 -1 -1 -1 -1 -1 -1 -1 -1 -1 -1 -1 -1 -1 -1 -1 -1 -1 -1 -1 -1 -1 -1 -1 -1 -1 -1 -1 -1 -1 -1 -1 -1 -1 -1 -1 -1 -1 -1 -1 -1 -1 
# 
1 1 4 8
#c -1 -1 -1 -1 -1 -1 -1 -1 -1 -1 -1 -1 -1 -1 -1 -1 -1 -1 -1 -1 -1 -1 -1 -1 -1 -1 -1 -1 -1 -1 -1 -1 -1 -1 -1 -1 -1 -1 -1 -1 -1 -1 -1 -1 -1 -1 -1 
# 
1 1 5 8
#c -1 -1 -1 -1 -1 -1 -1 -1 -1 -1 -1 -1 -1 -1 -1 -1 -1 -1 -1 -1 -1 -1 -1 -1 -1 -1 -1 -1 -1 -1 -1 -1 -1 -1 -1 -1 -1 -1 -1 -1 -1 -1 -1 -1 -1 -1 -1 
# 
1 1 5 13
#c -1 -1 -1 -1 -1 -1 -1 -1 -1 -1 -1 -1 -1 -1 -1 -1 -1 -1 -1 -1 -1 -1 -1 -1 -1 -1 -1 -1 -1 -1 -1 -1 -1 -1 -1 -1 -1 -1 -1 -1 -1 -1 -1 -1 -1 -1 -1 
# 
1 1 5 9
#c -1 -1 -1 -1 -1 -1 -1 -1 -1 -1 -1 -1 -1 -1 -1 -1 -1 -1 -1 -1 -1 -1 -1 -1 -1 -1 -1 -1 -1 -1 -1 -1 -1 -1 -1 -1 -1 -1 -1 -1 -1 -1 -1 -1 -1 -1 -1 
# 
1 1 3 9
#c -1 -1 -1 -1 -1 -1 -1 -1 -1 -1 -1 -1 -1 -1 -1 -1 -1 -1 -1 -1 -1 -1 -1 -1 -1 -1 -1 -1 -1 -1 -1 -1 -1 -1 -1 -1 -1 -1 -1 -1 -1 -1 -1 -1 -1 -1 -1 
# 
1 1 0 9
#c -1 -1 -1 -1 -1 -1 -1 -1 -1 -1 -1 -1 -1 -1 -1 -1 -1 -1 -1 -1 -1 -1 -1 -1 -1 -1 -1 -1 -1 -1 -1 -1 -1 -1 -1 -1 -1 -1 -1 -1 -1 -1 -1 -1 -1 -1 -1 
# 
1 1 2 9
#c -1 -1 -1 -1 -1 -1 -1 -1 -1 -1 -1 -1 -1 -1 -1 -1 -1 -1 -1 -1 -1 -1 -1 -1 -1 -1 -1 -1 -1 -1 -1 -1 -1 -1 -1 -1 -1 -1 -1 -1 -1 -1 -1 -1 -1 -1 -1 
# 
1 1 2 12
#c -1 -1 -1 -1 -1 -1 -1 -1 -1 -1 -1 -1 -1 -1 -1 -1 -1 -1 -1 -1 -1 -1 -1 -1 -1 -1 -1 -1 -1 -1 -1 -1 -1 -1 -1 -1 -1 -1 -1 -1 -1 -1 -1 -1 -1 -1 -1 
# 
1 1 15 16
#c -1 -1 -1 -1 -1 -1 -1 -1 -1 -1 -1 -1 -1 -1 -1 -1 -1 -1 -1 -1 -1 -1 -1 -1 -1 -1 -1 -1 -1 -1 -1 -1 -1 -1 -1 -1 -1 -1 -1 -1 -1 -1 -1 -1 -1 -1 -1 
# 
1 1 14 16
#c -1 -1 -1 -1 -1 -1 -1 -1 -1 -1 -1 -1 -1 -1 -1 -1 -1 -1 -1 -1 -1 -1 -1 -1 -1 -1 -1 -1 -1 -1 -1 -1 -1 -1 -1 -1 -1 -1 -1 -1 -1 -1 -1 -1 -1 -1 -1 
# 
1 1 17 18
#c -1 -1 -1 -1 -1 -1 -1 -1 -1 -1 -1 -1 -1 -1 -1 -1 -1 -1 -1 -1 -1 -1 -1 -1 -1 -1 -1 -1 -1 -1 -1 -1 -1 -1 -1 -1 -1 -1 -1 -1 -1 -1 -1 -1 -1 -1 -1 
# 
1 1 19 20
#c -1 -1 -1 -1 -1 -1 -1 -1 -1 -1 -1 -1 -1 -1 -1 -1 -1 -1 -1 -1 -1 -1 -1 -1 -1 -1 -1 -1 -1 -1 -1 -1 -1 -1 -1 -1 -1 -1 -1 -1 -1 -1 -1 -1 -1 -1 -1 
# 
1 1 17 19
#c -1 -1 -1 -1 -1 -1 -1 -1 -1 -1 -1 -1 -1 -1 -1 -1 -1 -1 -1 -1 -1 -1 -1 -1 -1 -1 -1 -1 -1 -1 -1 -1 -1 -1 -1 -1 -1 -1 -1 -1 -1 -1 -1 -1 -1 -1 -1 
# 
1 1 17 20
#c -1 -1 -1 -1 -1 -1 -1 -1 -1 -1 -1 -1 -1 -1 -1 -1 -1 -1 -1 -1 -1 -1 -1 -1 -1 -1 -1 -1 -1 -1 -1 -1 -1 -1 -1 -1 -1 -1 -1 -1 -1 -1 -1 -1 -1 -1 -1 
# 
1 1 18 20
#c -1 -1 -1 -1 -1 -1 -1 -1 -1 -1 -1 -1 -1 -1 -1 -1 -1 -1 -1 -1 -1 -1 -1 -1 -1 -1 -1 -1 -1 -1 -1 -1 -1 -1 -1 -1 -1 -1 -1 -1 -1 -1 -1 -1 -1 -1 -1 
# 
1 1 14 19
#c -1 -1 -1 -1 -1 -1 -1 -1 -1 -1 -1 -1 -1 -1 -1 -1 -1 -1 -1 -1 -1 -1 -1 -1 -1 -1 -1 -1 -1 -1 -1 -1 -1 -1 -1 -1 -1 -1 -1 -1 -1 -1 -1 -1 -1 -1 -1 
# 
1 1 16 19
#c -1 -1 -1 -1 -1 -1 -1 -1 -1 -1 -1 -1 -1 -1 -1 -1 -1 -1 -1 -1 -1 -1 -1 -1 -1 -1 -1 -1 -1 -1 -1 -1 -1 -1 -1 -1 -1 -1 -1 -1 -1 -1 -1 -1 -1 -1 -1 
# 
1 1 16 17
#c -1 -1 -1 -1 -1 -1 -1 -1 -1 -1 -1 -1 -1 -1 -1 -1 -1 -1 -1 -1 -1 -1 -1 -1 -1 -1 -1 -1 -1 -1 -1 -1 -1 -1 -1 -1 -1 -1 -1 -1 -1 -1 -1 -1 -1 -1 -1 
# 
1 1 16 20
#c -1 -1 -1 -1 -1 -1 -1 -1 -1 -1 -1 -1 -1 -1 -1 -1 -1 -1 -1 -1 -1 -1 -1 -1 -1 -1 -1 -1 -1 -1 -1 -1 -1 -1 -1 -1 -1 -1 -1 -1 -1 -1 -1 -1 -1 -1 -1 
# 
1 1 15 20
#c -1 -1 -1 -1 -1 -1 -1 -1 -1 -1 -1 -1 -1 -1 -1 -1 -1 -1 -1 -1 -1 -1 -1 -1 -1 -1 -1 -1 -1 -1 -1 -1 -1 -1 -1 -1 -1 -1 -1 -1 -1 -1 -1 -1 -1 -1 -1 
# 
1 1 21 22
#c -1 -1 -1 -1 -1 -1 -1 -1 -1 -1 -1 -1 -1 -1 -1 -1 -1 -1 -1 -1 -1 -1 -1 -1 -1 -1 -1 -1 -1 -1 -1 -1 -1 -1 -1 -1 -1 -1 -1 -1 -1 -1 -1 -1 -1 -1 -1 
# 
1 1 23 24
#c -1 -1 -1 -1 -1 -1 -1 -1 -1 -1 -1 -1 -1 -1 -1 -1 -1 -1 -1 -1 -1 -1 -1 -1 -1 -1 -1 -1 -1 -1 -1 -1 -1 -1 -1 -1 -1 -1 -1 -1 -1 -1 -1 -1 -1 -1 -1 
# 
1 1 21 23
#c -1 -1 -1 -1 -1 -1 -1 -1 -1 -1 -1 -1 -1 -1 -1 -1 -1 -1 -1 -1 -1 -1 -1 -1 -1 -1 -1 -1 -1 -1 -1 -1 -1 -1 -1 -1 -1 -1 -1 -1 -1 -1 -1 -1 -1 -1 -1 
# 
1 1 21 24
#c -1 -1 -1 -1 -1 -1 -1 -1 -1 -1 -1 -1 -1 -1 -1 -1 -1 -1 -1 -1 -1 -1 -1 -1 -1 -1 -1 -1 -1 -1 -1 -1 -1 -1 -1 -1 -1 -1 -1 -1 -1 -1 -1 -1 -1 -1 -1 
# 
1 1 25 26
#c -1 -1 -1 -1 -1 -1 -1 -1 -1 -1 -1 -1 -1 -1 -1 -1 -1 -1 -1 -1 -1 -1 -1 -1 -1 -1 -1 -1 -1 -1 -1 -1 -1 -1 -1 -1 -1 -1 -1 -1 -1 -1 -1 -1 -1 -1 -1 
# 
1 1 27 28
#c -1 -1 -1 -1 -1 -1 -1 -1 -1 -1 -1 -1 -1 -1 -1 -1 -1 -1 -1 -1 -1 -1 -1 -1 -1 -1 -1 -1 -1 -1 -1 -1 -1 -1 -1 -1 -1 -1 -1 -1 -1 -1 -1 -1 -1 -1 -1 
# 
1 1 26 28
#c -1 -1 -1 -1 -1 -1 -1 -1 -1 -1 -1 -1 -1 -1 -1 -1 -1 -1 -1 -1 -1 -1 -1 -1 -1 -1 -1 -1 -1 -1 -1 -1 -1 -1 -1 -1 -1 -1 -1 -1 -1 -1 -1 -1 -1 -1 -1 
# 
1 1 26 27
#c -1 -1 -1 -1 -1 -1 -1 -1 -1 -1 -1 -1 -1 -1 -1 -1 -1 -1 -1 -1 -1 -1 -1 -1 -1 -1 -1 -1 -1 -1 -1 -1 -1 -1 -1 -1 -1 -1 -1 -1 -1 -1 -1 -1 -1 -1 -1 
# 
1 1 25 27
#c -1 -1 -1 -1 -1 -1 -1 -1 -1 -1 -1 -1 -1 -1 -1 -1 -1 -1 -1 -1 -1 -1 -1 -1 -1 -1 -1 -1 -1 -1 -1 -1 -1 -1 -1 -1 -1 -1 -1 -1 -1 -1 -1 -1 -1 -1 -1 
# 
1 1 23 28
#c -1 -1 -1 -1 -1 -1 -1 -1 -1 -1 -1 -1 -1 -1 -1 -1 -1 -1 -1 -1 -1 -1 -1 -1 -1 -1 -1 -1 -1 -1 -1 -1 -1 -1 -1 -1 -1 -1 -1 -1 -1 -1 -1 -1 -1 -1 -1 
# 
1 1 23 26
#c -1 -1 -1 -1 -1 -1 -1 -1 -1 -1 -1 -1 -1 -1 -1 -1 -1 -1 -1 -1 -1 -1 -1 -1 -1 -1 -1 -1 -1 -1 -1 -1 -1 -1 -1 -1 -1 -1 -1 -1 -1 -1 -1 -1 -1 -1 -1 
# 
1 1 23 27
#c -1 -1 -1 -1 -1 -1 -1 -1 -1 -1 -1 -1 -1 -1 -1 -1 -1 -1 -1 -1 -1 -1 -1 -1 -1 -1 -1 -1 -1 -1 -1 -1 -1 -1 -1 -1 -1 -1 -1 -1 -1 -1 -1 -1 -1 -1 -1 
# 
1 1 24 27
#c -1 -1 -1 -1 -1 -1 -1 -1 -1 -1 -1 -1 -1 -1 -1 -1 -1 -1 -1 -1 -1 -1 -1 -1 -1 -1 -1 -1 -1 -1 -1 -1 -1 -1 -1 -1 -1 -1 -1 -1 -1 -1 -1 -1 -1 -1 -1 
# 
1 1 24 25
#c -1 -1 -1 -1 -1 -1 -1 -1 -1 -1 -1 -1 -1 -1 -1 -1 -1 -1 -1 -1 -1 -1 -1 -1 -1 -1 -1 -1 -1 -1 -1 -1 -1 -1 -1 -1 -1 -1 -1 -1 -1 -1 -1 -1 -1 -1 -1 
# 
1 1 21 25
#c -1 -1 -1 -1 -1 -1 -1 -1 -1 -1 -1 -1 -1 -1 -1 -1 -1 -1 -1 -1 -1 -1 -1 -1 -1 -1 -1 -1 -1 -1 -1 -1 -1 -1 -1 -1 -1 -1 -1 -1 -1 -1 -1 -1 -1 -1 -1 
# 
1 1 14 28
#c -1 -1 -1 -1 -1 -1 -1 -1 -1 -1 -1 -1 -1 -1 -1 -1 -1 -1 -1 -1 -1 -1 -1 -1 -1 -1 -1 -1 -1 -1 -1 -1 -1 -1 -1 -1 -1 -1 -1 -1 -1 -1 -1 -1 -1 -1 -1 
# 
1 1 14 26
#c -1 -1 -1 -1 -1 -1 -1 -1 -1 -1 -1 -1 -1 -1 -1 -1 -1 -1 -1 -1 -1 -1 -1 -1 -1 -1 -1 -1 -1 -1 -1 -1 -1 -1 -1 -1 -1 -1 -1 -1 -1 -1 -1 -1 -1 -1 -1 
# 
1 1 19 26
#c -1 -1 -1 -1 -1 -1 -1 -1 -1 -1 -1 -1 -1 -1 -1 -1 -1 -1 -1 -1 -1 -1 -1 -1 -1 -1 -1 -1 -1 -1 -1 -1 -1 -1 -1 -1 -1 -1 -1 -1 -1 -1 -1 -1 -1 -1 -1 
# 
1 1 17 26
#c -1 -1 -1 -1 -1 -1 -1 -1 -1 -1 -1 -1 -1 -1 -1 -1 -1 -1 -1 -1 -1 -1 -1 -1 -1 -1 -1 -1 -1 -1 -1 -1 -1 -1 -1 -1 -1 -1 -1 -1 -1 -1 -1 -1 -1 -1 -1 
# 
1 1 16 26
#c -1 -1 -1 -1 -1 -1 -1 -1 -1 -1 -1 -1 -1 -1 -1 -1 -1 -1 -1 -1 -1 -1 -1 -1 -1 -1 -1 -1 -1 -1 -1 -1 -1 -1 -1 -1 -1 -1 -1 -1 -1 -1 -1 -1 -1 -1 -1 
# 
1 1 16 23
#c -1 -1 -1 -1 -1 -1 -1 -1 -1 -1 -1 -1 -1 -1 -1 -1 -1 -1 -1 -1 -1 -1 -1 -1 -1 -1 -1 -1 -1 -1 -1 -1 -1 -1 -1 -1 -1 -1 -1 -1 -1 -1 -1 -1 -1 -1 -1 
# 
1 1 15 23
#c -1 -1 -1 -1 -1 -1 -1 -1 -1 -1 -1 -1 -1 -1 -1 -1 -1 -1 -1 -1 -1 -1 -1 -1 -1 -1 -1 -1 -1 -1 -1 -1 -1 -1 -1 -1 -1 -1 -1 -1 -1 -1 -1 -1 -1 -1 -1 
# 
1 1 15 27
#c -1 -1 -1 -1 -1 -1 -1 -1 -1 -1 -1 -1 -1 -1 -1 -1 -1 -1 -1 -1 -1 -1 -1 -1 -1 -1 -1 -1 -1 -1 -1 -1 -1 -1 -1 -1 -1 -1 -1 -1 -1 -1 -1 -1 -1 -1 -1 
# 
1 1 20 27
#c -1 -1 -1 -1 -1 -1 -1 -1 -1 -1 -1 -1 -1 -1 -1 -1 -1 -1 -1 -1 -1 -1 -1 -1 -1 -1 -1 -1 -1 -1 -1 -1 -1 -1 -1 -1 -1 -1 -1 -1 -1 -1 -1 -1 -1 -1 -1 
# 
1 1 20 24
#c -1 -1 -1 -1 -1 -1 -1 -1 -1 -1 -1 -1 -1 -1 -1 -1 -1 -1 -1 -1 -1 -1 -1 -1 -1 -1 -1 -1 -1 -1 -1 -1 -1 -1 -1 -1 -1 -1 -1 -1 -1 -1 -1 -1 -1 -1 -1 
# 
1 1 20 25
#c -1 -1 -1 -1 -1 -1 -1 -1 -1 -1 -1 -1 -1 -1 -1 -1 -1 -1 -1 -1 -1 -1 -1 -1 -1 -1 -1 -1 -1 -1 -1 -1 -1 -1 -1 -1 -1 -1 -1 -1 -1 -1 -1 -1 -1 -1 -1 
# 
1 1 18 25
#c -1 -1 -1 -1 -1 -1 -1 -1 -1 -1 -1 -1 -1 -1 -1 -1 -1 -1 -1 -1 -1 -1 -1 -1 -1 -1 -1 -1 -1 -1 -1 -1 -1 -1 -1 -1 -1 -1 -1 -1 -1 -1 -1 -1 -1 -1 -1 
# 
1 1 18 21
#c -1 -1 -1 -1 -1 -1 -1 -1 -1 -1 -1 -1 -1 -1 -1 -1 -1 -1 -1 -1 -1 -1 -1 -1 -1 -1 -1 -1 -1 -1 -1 -1 -1 -1 -1 -1 -1 -1 -1 -1 -1 -1 -1 -1 -1 -1 -1 
# 
1 1 10 28
#c -1 -1 -1 -1 -1 -1 -1 -1 -1 -1 -1 -1 -1 -1 -1 -1 -1 -1 -1 -1 -1 -1 -1 -1 -1 -1 -1 -1 -1 -1 -1 -1 -1 -1 -1 -1 -1 -1 -1 -1 -1 -1 -1 -1 -1 -1 -1 
# 
1 1 10 14
#c -1 -1 -1 -1 -1 -1 -1 -1 -1 -1 -1 -1 -1 -1 -1 -1 -1 -1 -1 -1 -1 -1 -1 -1 -1 -1 -1 -1 -1 -1 -1 -1 -1 -1 -1 -1 -1 -1 -1 -1 -1 -1 -1 -1 -1 -1 -1 
# 
1 1 10 19
#c -1 -1 -1 -1 -1 -1 -1 -1 -1 -1 -1 -1 -1 -1 -1 -1 -1 -1 -1 -1 -1 -1 -1 -1 -1 -1 -1 -1 -1 -1 -1 -1 -1 -1 -1 -1 -1 -1 -1 -1 -1 -1 -1 -1 -1 -1 -1 
# 
1 1 6 19
#c -1 -1 -1 -1 -1 -1 -1 -1 -1 -1 -1 -1 -1 -1 -1 -1 -1 -1 -1 -1 -1 -1 -1 -1 -1 -1 -1 -1 -1 -1 -1 -1 -1 -1 -1 -1 -1 -1 -1 -1 -1 -1 -1 -1 -1 -1 -1 
# 
1 1 1 19
#c -1 -1 -1 -1 -1 -1 -1 -1 -1 -1 -1 -1 -1 -1 -1 -1 -1 -1 -1 -1 -1 -1 -1 -1 -1 -1 -1 -1 -1 -1 -1 -1 -1 -1 -1 -1 -1 -1 -1 -1 -1 -1 -1 -1 -1 -1 -1 
# 
1 1 11 19
#c -1 -1 -1 -1 -1 -1 -1 -1 -1 -1 -1 -1 -1 -1 -1 -1 -1 -1 -1 -1 -1 -1 -1 -1 -1 -1 -1 -1 -1 -1 -1 -1 -1 -1 -1 -1 -1 -1 -1 -1 -1 -1 -1 -1 -1 -1 -1 
# 
1 1 11 17
#c -1 -1 -1 -1 -1 -1 -1 -1 -1 -1 -1 -1 -1 -1 -1 -1 -1 -1 -1 -1 -1 -1 -1 -1 -1 -1 -1 -1 -1 -1 -1 -1 -1 -1 -1 -1 -1 -1 -1 -1 -1 -1 -1 -1 -1 -1 -1 
# 
1 1 11 26
#c -1 -1 -1 -1 -1 -1 -1 -1 -1 -1 -1 -1 -1 -1 -1 -1 -1 -1 -1 -1 -1 -1 -1 -1 -1 -1 -1 -1 -1 -1 -1 -1 -1 -1 -1 -1 -1 -1 -1 -1 -1 -1 -1 -1 -1 -1 -1 
# 
1 1 11 16
#c -1 -1 -1 -1 -1 -1 -1 -1 -1 -1 -1 -1 -1 -1 -1 -1 -1 -1 -1 -1 -1 -1 -1 -1 -1 -1 -1 -1 -1 -1 -1 -1 -1 -1 -1 -1 -1 -1 -1 -1 -1 -1 -1 -1 -1 -1 -1 
# 
1 1 4 16
#c -1 -1 -1 -1 -1 -1 -1 -1 -1 -1 -1 -1 -1 -1 -1 -1 -1 -1 -1 -1 -1 -1 -1 -1 -1 -1 -1 -1 -1 -1 -1 -1 -1 -1 -1 -1 -1 -1 -1 -1 -1 -1 -1 -1 -1 -1 -1 
# 
1 1 4 23
#c -1 -1 -1 -1 -1 -1 -1 -1 -1 -1 -1 -1 -1 -1 -1 -1 -1 -1 -1 -1 -1 -1 -1 -1 -1 -1 -1 -1 -1 -1 -1 -1 -1 -1 -1 -1 -1 -1 -1 -1 -1 -1 -1 -1 -1 -1 -1 
# 
1 1 8 23
#c -1 -1 -1 -1 -1 -1 -1 -1 -1 -1 -1 -1 -1 -1 -1 -1 -1 -1 -1 -1 -1 -1 -1 -1 -1 -1 -1 -1 -1 -1 -1 -1 -1 -1 -1 -1 -1 -1 -1 -1 -1 -1 -1 -1 -1 -1 -1 
# 
1 1 13 23
#c -1 -1 -1 -1 -1 -1 -1 -1 -1 -1 -1 -1 -1 -1 -1 -1 -1 -1 -1 -1 -1 -1 -1 -1 -1 -1 -1 -1 -1 -1 -1 -1 -1 -1 -1 -1 -1 -1 -1 -1 -1 -1 -1 -1 -1 -1 -1 
# 
1 1 5 23
#c -1 -1 -1 -1 -1 -1 -1 -1 -1 -1 -1 -1 -1 -1 -1 -1 -1 -1 -1 -1 -1 -1 -1 -1 -1 -1 -1 -1 -1 -1 -1 -1 -1 -1 -1 -1 -1 -1 -1 -1 -1 -1 -1 -1 -1 -1 -1 
# 
1 1 3 23
#c -1 -1 -1 -1 -1 -1 -1 -1 -1 -1 -1 -1 -1 -1 -1 -1 -1 -1 -1 -1 -1 -1 -1 -1 -1 -1 -1 -1 -1 -1 -1 -1 -1 -1 -1 -1 -1 -1 -1 -1 -1 -1 -1 -1 -1 -1 -1 
# 
1 1 0 23
#c -1 -1 -1 -1 -1 -1 -1 -1 -1 -1 -1 -1 -1 -1 -1 -1 -1 -1 -1 -1 -1 -1 -1 -1 -1 -1 -1 -1 -1 -1 -1 -1 -1 -1 -1 -1 -1 -1 -1 -1 -1 -1 -1 -1 -1 -1 -1 
# 
1 1 0 15
#c -1 -1 -1 -1 -1 -1 -1 -1 -1 -1 -1 -1 -1 -1 -1 -1 -1 -1 -1 -1 -1 -1 -1 -1 -1 -1 -1 -1 -1 -1 -1 -1 -1 -1 -1 -1 -1 -1 -1 -1 -1 -1 -1 -1 -1 -1 -1 
# 
1 1 9 15
#c -1 -1 -1 -1 -1 -1 -1 -1 -1 -1 -1 -1 -1 -1 -1 -1 -1 -1 -1 -1 -1 -1 -1 -1 -1 -1 -1 -1 -1 -1 -1 -1 -1 -1 -1 -1 -1 -1 -1 -1 -1 -1 -1 -1 -1 -1 -1 
# 
1 1 2 15
#c -1 -1 -1 -1 -1 -1 -1 -1 -1 -1 -1 -1 -1 -1 -1 -1 -1 -1 -1 -1 -1 -1 -1 -1 -1 -1 -1 -1 -1 -1 -1 -1 -1 -1 -1 -1 -1 -1 -1 -1 -1 -1 -1 -1 -1 -1 -1 
# 
1 1 2 27
#c -1 -1 -1 -1 -1 -1 -1 -1 -1 -1 -1 -1 -1 -1 -1 -1 -1 -1 -1 -1 -1 -1 -1 -1 -1 -1 -1 -1 -1 -1 -1 -1 -1 -1 -1 -1 -1 -1 -1 -1 -1 -1 -1 -1 -1 -1 -1 
# 
1 1 2 24
#c -1 -1 -1 -1 -1 -1 -1 -1 -1 -1 -1 -1 -1 -1 -1 -1 -1 -1 -1 -1 -1 -1 -1 -1 -1 -1 -1 -1 -1 -1 -1 -1 -1 -1 -1 -1 -1 -1 -1 -1 -1 -1 -1 -1 -1 -1 -1 
# 
1 1 2 20
#c -1 -1 -1 -1 -1 -1 -1 -1 -1 -1 -1 -1 -1 -1 -1 -1 -1 -1 -1 -1 -1 -1 -1 -1 -1 -1 -1 -1 -1 -1 -1 -1 -1 -1 -1 -1 -1 -1 -1 -1 -1 -1 -1 -1 -1 -1 -1 
# 
1 1 2 25
#c -1 -1 -1 -1 -1 -1 -1 -1 -1 -1 -1 -1 -1 -1 -1 -1 -1 -1 -1 -1 -1 -1 -1 -1 -1 -1 -1 -1 -1 -1 -1 -1 -1 -1 -1 -1 -1 -1 -1 -1 -1 -1 -1 -1 -1 -1 -1 
# 
1 1 12 25
#c -1 -1 -1 -1 -1 -1 -1 -1 -1 -1 -1 -1 -1 -1 -1 -1 -1 -1 -1 -1 -1 -1 -1 -1 -1 -1 -1 -1 -1 -1 -1 -1 -1 -1 -1 -1 -1 -1 -1 -1 -1 -1 -1 -1 -1 -1 -1 
# 
1 1 7 25
#c -1 -1 -1 -1 -1 -1 -1 -1 -1 -1 -1 -1 -1 -1 -1 -1 -1 -1 -1 -1 -1 -1 -1 -1 -1 -1 -1 -1 -1 -1 -1 -1 -1 -1 -1 -1 -1 -1 -1 -1 -1 -1 -1 -1 -1 -1 -1 
# 
1 1 7 18
#c -1 -1 -1 -1 -1 -1 -1 -1 -1 -1 -1 -1 -1 -1 -1 -1 -1 -1 -1 -1 -1 -1 -1 -1 -1 -1 -1 -1 -1 -1 -1 -1 -1 -1 -1 -1 -1 -1 -1 -1 -1 -1 -1 -1 -1 -1 -1 
# 
1 1 7 21
#c -1 -1 -1 -1 -1 -1 -1 -1 -1 -1 -1 -1 -1 -1 -1 -1 -1 -1 -1 -1 -1 -1 -1 -1 -1 -1 -1 -1 -1 -1 -1 -1 -1 -1 -1 -1 -1 -1 -1 -1 -1 -1 -1 -1 -1 -1 -1 
# 
1 1 7 22
#c -1 -1 -1 -1 -1 -1 -1 -1 -1 -1 -1 -1 -1 -1 -1 -1 -1 -1 -1 -1 -1 -1 -1 -1 -1 -1 -1 -1 -1 0 1 2 3 4 5 6 0 1 2 3 4 5 6 0 1 2 3 
# 
3 3 30 37 44 31 38 45
#c -1 -1 -1 -1 -1 -1 -1 -1 -1 -1 -1 -1 -1 -1 -1 -1 -1 -1 -1 -1 -1 -1 -1 -1 -1 -1 -1 -1 -1 0 1 2 3 4 5 6 0 1 2 3 4 5 6 0 1 2 3 
# 
3 3 29 36 43 30 37 44
#c -1 -1 -1 -1 -1 -1 -1 -1 -1 -1 -1 -1 -1 -1 -1 -1 -1 -1 -1 -1 -1 -1 -1 -1 -1 -1 -1 -1 -1 0 1 2 3 4 5 6 0 1 2 3 4 5 6 0 1 2 3 
# 
3 3 29 36 43 31 38 45
#c -1 -1 -1 -1 -1 -1 -1 -1 -1 -1 -1 -1 -1 -1 -1 -1 -1 -1 -1 -1 -1 -1 -1 -1 -1 -1 -1 -1 -1 0 1 2 3 4 5 6 0 1 2 3 4 5 6 0 1 2 3 
# 
3 2 32 39 46 33 40
#c -1 -1 -1 -1 -1 -1 -1 -1 -1 -1 -1 -1 -1 -1 -1 -1 -1 -1 -1 -1 -1 -1 -1 -1 -1 -1 -1 -1 -1 0 1 2 3 4 5 6 0 1 2 3 4 5 6 0 1 2 3 
# 
2 2 34 41 35 42
#c -1 -1 -1 -1 -1 -1 -1 -1 -1 -1 -1 -1 -1 -1 -1 -1 -1 -1 -1 -1 -1 -1 -1 -1 -1 -1 -1 -1 -1 0 1 2 3 4 5 6 0 1 2 3 4 5 6 0 1 2 3 
# 
2 2 33 40 35 42
#c -1 -1 -1 -1 -1 -1 -1 -1 -1 -1 -1 -1 -1 -1 -1 -1 -1 -1 -1 -1 -1 -1 -1 -1 -1 -1 -1 -1 -1 0 1 2 3 4 5 6 0 1 2 3 4 5 6 0 1 2 3 
# 
3 2 32 39 46 35 42
#c -1 -1 -1 -1 -1 -1 -1 -1 -1 -1 -1 -1 -1 -1 -1 -1 -1 -1 -1 -1 -1 -1 -1 -1 -1 -1 -1 -1 -1 0 1 2 3 4 5 6 0 1 2 3 4 5 6 0 1 2 3 
# 
3 2 32 39 46 34 41
#c -1 -1 -1 -1 -1 -1 -1 -1 -1 -1 -1 -1 -1 -1 -1 -1 -1 -1 -1 -1 -1 -1 -1 -1 -1 -1 -1 -1 -1 0 1 2 3 4 5 6 0 1 2 3 4 5 6 0 1 2 3 
# 
3 2 30 37 44 33 40
#c -1 -1 -1 -1 -1 -1 -1 -1 -1 -1 -1 -1 -1 -1 -1 -1 -1 -1 -1 -1 -1 -1 -1 -1 -1 -1 -1 -1 -1 0 1 2 3 4 5 6 0 1 2 3 4 5 6 0 1 2 3 
# 
3 2 30 37 44 35 42
#c -1 -1 -1 -1 -1 -1 -1 -1 -1 -1 -1 -1 -1 -1 -1 -1 -1 -1 -1 -1 -1 -1 -1 -1 -1 -1 -1 -1 -1 0 1 2 3 4 5 6 0 1 2 3 4 5 6 0 1 2 3 
# 
3 2 31 38 45 35 42
#c -1 -1 -1 -1 -1 -1 -1 -1 -1 -1 -1 -1 -1 -1 -1 -1 -1 -1 -1 -1 -1 -1 -1 -1 -1 -1 -1 -1 -1 0 1 2 3 4 5 6 0 1 2 3 4 5 6 0 1 2 3 
# 
3 2 29 36 43 35 42
#c -1 -1 -1 -1 -1 -1 -1 -1 -1 -1 -1 -1 -1 -1 -1 -1 -1 -1 -1 -1 -1 -1 4 -1 -1 -1 -1 -1 -1 0 1 2 3 4 5 6 0 1 2 3 4 5 6 0 1 2 3 
# 
3 3 22 33 40 29 36 43
#c -1 -1 -1 -1 -1 -1 -1 -1 -1 -1 -1 -1 -1 -1 -1 -1 -1 -1 -1 -1 -1 -1 4 -1 -1 -1 -1 -1 -1 0 1 2 3 4 5 6 0 1 2 3 4 5 6 0 1 2 3 
# 
3 2 22 33 40 34 41
#c -1 -1 -1 -1 -1 -1 -1 -1 -1 -1 -1 -1 -1 -1 -1 -1 -1 -1 -1 -1 -1 -1 4 -1 -1 -1 -1 -1 -1 0 1 2 3 4 5 6 0 1 2 3 4 5 6 0 1 2 3 
# 
3 3 22 33 40 32 39 46
#c -1 -1 -1 -1 -1 -1 -1 1 -1 -1 -1 -1 -1 -1 -1 -1 -1 -1 -1 -1 -1 -1 4 -1 -1 -1 -1 -1 -1 0 1 2 3 4 5 6 0 1 2 3 4 5 6 0 1 2 3 
# 
4 2 7 30 37 44 35 42
#c -1 -1 -1 -1 -1 -1 -1 1 -1 -1 -1 -1 -1 -1 -1 -1 -1 -1 -1 -1 -1 -1 4 -1 -1 -1 -1 -1 -1 0 1 2 3 4 5 6 0 1 2 3 4 5 6 0 1 2 3 
# 
4 3 7 30 37 44 22 33 40
#c -1 -1 -1 -1 -1 -1 -1 1 -1 -1 -1 -1 -1 -1 -1 -1 -1 -1 -1 -1 -1 -1 4 -1 -1 -1 -1 -1 -1 0 1 2 3 4 5 6 0 1 2 3 4 5 6 0 1 2 3 
# 
4 3 7 30 37 44 32 39 46
#c -1 -1 -1 -1 -1 -1 -1 1 -1 -1 -1 -1 -1 -1 -1 -1 -1 -1 -1 -1 -1 2 4 -1 -1 -1 -1 -1 -1 0 1 2 3 4 5 6 0 1 2 3 4 5 6 0 1 2 3 
# 
4 2 21 31 38 45 34 41
#c -1 -1 -1 -1 -1 -1 -1 1 -1 -1 -1 -1 -1 -1 -1 -1 -1 -1 -1 -1 -1 2 4 -1 -1 -1 -1 -1 -1 0 1 2 3 4 5 6 0 1 2 3 4 5 6 0 1 2 3 
# 
4 4 21 31 38 45 7 30 37 44
#c -1 -1 -1 -1 -1 -1 -1 1 -1 -1 -1 -1 -1 -1 -1 -1 -1 -1 -1 -1 -1 2 4 -1 -1 -1 -1 -1 -1 0 1 2 3 4 5 6 0 1 2 3 4 5 6 0 1 2 3 
# 
4 3 21 31 38 45 32 39 46
#c -1 -1 -1 -1 -1 -1 -1 1 -1 -1 -1 -1 -1 -1 -1 -1 -1 -1 0 -1 -1 2 4 -1 -1 -1 -1 -1 -1 0 1 2 3 4 5 6 0 1 2 3 4 5 6 0 1 2 3 
# 
4 3 18 29 36 43 22 33 40
#c -1 -1 -1 -1 -1 -1 -1 1 -1 -1 -1 -1 -1 -1 -1 -1 -1 -1 0 -1 -1 2 4 -1 -1 -1 -1 -1 -1 0 1 2 3 4 5 6 0 1 2 3 4 5 6 0 1 2 3 
# 
4 4 18 29 36 43 21 31 38 45
#c -1 -1 -1 -1 -1 -1 -1 1 -1 -1 -1 -1 -1 -1 -1 -1 -1 -1 0 -1 -1 2 4 -1 -1 -1 -1 -1 -1 0 1 2 3 4 5 6 0 1 2 3 4 5 6 0 1 2 3 
# 
4 4 18 29 36 43 7 30 37 44
#c -1 -1 -1 -1 -1 -1 -1 1 -1 -1 -1 -1 -1 -1 -1 -1 -1 -1 0 -1 -1 2 4 -1 -1 6 -1 -1 -1 0 1 2 3 4 5 6 0 1 2 3 4 5 6 0 1 2 3 
# 
3 4 25 35 42 7 30 37 44
#c -1 -1 -1 -1 -1 -1 -1 1 -1 -1 -1 -1 -1 -1 -1 -1 -1 -1 0 -1 -1 2 4 -1 -1 6 -1 -1 -1 0 1 2 3 4 5 6 0 1 2 3 4 5 6 0 1 2 3 
# 
3 2 25 35 42 34 41
#c -1 -1 -1 -1 -1 -1 -1 1 -1 -1 -1 -1 -1 -1 -1 -1 -1 -1 0 -1 -1 2 4 -1 -1 6 -1 -1 -1 0 1 2 3 4 5 6 0 1 2 3 4 5 6 0 1 2 3 
# 
3 3 25 35 42 22 33 40
#c -1 -1 -1 -1 -1 -1 -1 1 -1 -1 -1 -1 5 -1 -1 -1 -1 -1 0 -1 -1 2 4 -1 -1 6 -1 -1 -1 0 1 2 3 4 5 6 0 1 2 3 4 5 6 0 1 2 3 
# 
3 4 12 34 41 7 30 37 44
#c -1 -1 -1 -1 -1 -1 -1 1 -1 -1 -1 -1 5 -1 -1 -1 -1 -1 0 -1 -1 2 4 -1 -1 6 -1 -1 -1 0 1 2 3 4 5 6 0 1 2 3 4 5 6 0 1 2 3 
# 
3 4 12 34 41 21 31 38 45
#c -1 -1 -1 -1 -1 -1 -1 1 -1 -1 -1 -1 5 -1 -1 -1 -1 -1 0 -1 -1 2 4 -1 -1 6 -1 -1 -1 0 1 2 3 4 5 6 0 1 2 3 4 5 6 0 1 2 3 
# 
3 3 12 34 41 32 39 46
#c -1 -1 6 -1 -1 -1 -1 1 -1 -1 -1 -1 5 -1 -1 -1 -1 -1 0 -1 -1 2 4 -1 -1 6 -1 -1 -1 0 1 2 3 4 5 6 0 1 2 3 4 5 6 0 1 2 3 
# 
4 4 2 25 35 42 18 29 36 43
#c -1 -1 6 -1 -1 -1 -1 1 -1 -1 -1 -1 5 -1 -1 -1 -1 -1 0 -1 -1 2 4 -1 -1 6 -1 -1 -1 0 1 2 3 4 5 6 0 1 2 3 4 5 6 0 1 2 3 
# 
4 3 2 25 35 42 12 34 41
#c -1 -1 6 -1 -1 -1 -1 1 -1 -1 -1 -1 5 -1 -1 -1 -1 -1 0 -1 -1 2 4 -1 -1 6 -1 -1 -1 0 1 2 3 4 5 6 0 1 2 3 4 5 6 0 1 2 3 
# 
4 3 2 25 35 42 32 39 46
#c -1 -1 6 -1 -1 -1 -1 1 -1 -1 -1 -1 5 -1 -1 -1 -1 -1 0 -1 4 2 4 -1 -1 6 -1 -1 -1 0 1 2 3 4 5 6 0 1 2 3 4 5 6 0 1 2 3 
# 
4 4 20 22 33 40 21 31 38 45
#c -1 -1 6 -1 -1 -1 -1 1 -1 -1 -1 -1 5 -1 -1 -1 -1 -1 0 -1 4 2 4 -1 -1 6 -1 -1 -1 0 1 2 3 4 5 6 0 1 2 3 4 5 6 0 1 2 3 
# 
4 4 20 22 33 40 2 25 35 42
#c -1 -1 6 -1 -1 -1 -1 1 -1 -1 -1 -1 5 -1 -1 -1 -1 -1 0 -1 4 2 4 -1 -1 6 -1 -1 -1 0 1 2 3 4 5 6 0 1 2 3 4 5 6 0 1 2 3 
# 
4 3 20 22 33 40 32 39 46
#c -1 -1 6 -1 -1 -1 -1 1 -1 -1 -1 -1 5 -1 -1 -1 -1 -1 0 -1 4 2 4 -1 1 6 -1 -1 -1 0 1 2 3 4 5 6 0 1 2 3 4 5 6 0 1 2 3 
# 
5 3 7 24 30 37 44 12 34 41
#c -1 -1 6 -1 -1 -1 -1 1 -1 -1 -1 -1 5 -1 -1 -1 -1 -1 0 -1 4 2 4 -1 1 6 -1 -1 -1 0 1 2 3 4 5 6 0 1 2 3 4 5 6 0 1 2 3 
# 
5 4 7 24 30 37 44 20 22 33 40
#c -1 -1 6 -1 -1 -1 -1 1 -1 -1 -1 -1 5 -1 -1 -1 -1 -1 0 -1 4 2 4 -1 1 6 -1 -1 -1 0 1 2 3 4 5 6 0 1 2 3 4 5 6 0 1 2 3 
# 
5 3 7 24 30 37 44 32 39 46
#c -1 -1 6 -1 -1 -1 -1 1 -1 -1 -1 -1 5 -1 -1 -1 -1 -1 0 -1 4 2 4 -1 1 6 -1 0 -1 0 1 2 3 4 5 6 0 1 2 3 4 5 6 0 1 2 3 
# 
5 4 18 27 29 36 43 2 25 35 42
#c -1 -1 6 -1 -1 -1 -1 1 -1 -1 -1 -1 5 -1 -1 -1 -1 -1 0 -1 4 2 4 -1 1 6 -1 0 -1 0 1 2 3 4 5 6 0 1 2 3 4 5 6 0 1 2 3 
# 
5 5 18 27 29 36 43 7 24 30 37 44
#c -1 -1 6 -1 -1 -1 -1 1 -1 -1 -1 -1 5 -1 -1 -1 -1 -1 0 -1 4 2 4 -1 1 6 -1 0 -1 0 1 2 3 4 5 6 0 1 2 3 4 5 6 0 1 2 3 
# 
5 3 18 27 29 36 43 32 39 46
#c -1 -1 6 -1 -1 -1 -1 1 -1 -1 -1 -1 5 -1 -1 2 -1 -1 0 -1 4 2 4 -1 1 6 -1 0 -1 0 1 2 3 4 5 6 0 1 2 3 4 5 6 0 1 2 3 
# 
5 4 15 21 31 38 45 20 22 33 40
#c -1 -1 6 -1 -1 -1 -1 1 -1 -1 -1 -1 5 -1 -1 2 -1 -1 0 -1 4 2 4 -1 1 6 -1 0 -1 0 1 2 3 4 5 6 0 1 2 3 4 5 6 0 1 2 3 
# 
5 5 15 21 31 38 45 18 27 29 36 43
#c -1 -1 6 -1 -1 -1 -1 1 -1 -1 -1 -1 5 -1 -1 2 -1 -1 0 -1 4 2 4 -1 1 6 -1 0 -1 0 1 2 3 4 5 6 0 1 2 3 4 5 6 0 1 2 3 
# 
5 5 15 21 31 38 45 7 24 30 37 44
#c -1 -1 6 -1 -1 -1 -1 1 -1 5 -1 -1 5 -1 -1 2 -1 -1 0 -1 4 2 4 -1 1 6 -1 0 -1 0 1 2 3 4 5 6 0 1 2 3 4 5 6 0 1 2 3 
# 
4 5 9 12 34 41 7 24 30 37 44
#c -1 -1 6 -1 -1 -1 -1 1 -1 5 -1 -1 5 -1 -1 2 -1 -1 0 -1 4 2 4 -1 1 6 -1 0 -1 0 1 2 3 4 5 6 0 1 2 3 4 5 6 0 1 2 3 
# 
4 5 9 12 34 41 18 27 29 36 43
#c -1 -1 6 -1 -1 -1 -1 1 -1 5 -1 -1 5 -1 -1 2 -1 -1 0 -1 4 2 4 -1 1 6 -1 0 -1 0 1 2 3 4 5 6 0 1 2 3 4 5 6 0 1 2 3 
# 
4 3 9 12 34 41 32 39 46
#c 6 -1 6 -1 -1 -1 -1 1 -1 5 -1 -1 5 -1 -1 2 -1 -1 0 -1 4 2 4 -1 1 6 -1 0 -1 0 1 2 3 4 5 6 0 1 2 3 4 5 6 0 1 2 3 
# 
5 5 0 2 25 35 42 15 21 31 38 45
#c 6 -1 6 -1 -1 -1 -1 1 -1 5 -1 -1 5 -1 -1 2 -1 -1 0 -1 4 2 4 -1 1 6 -1 0 -1 0 1 2 3 4 5 6 0 1 2 3 4 5 6 0 1 2 3 
# 
5 4 0 2 25 35 42 9 12 34 41
#c 6 -1 6 -1 -1 -1 -1 1 -1 5 -1 -1 5 -1 -1 2 -1 -1 0 -1 4 2 4 -1 1 6 -1 0 -1 0 1 2 3 4 5 6 0 1 2 3 4 5 6 0 1 2 3 
# 
5 3 0 2 25 35 42 32 39 46
#c 6 -1 6 -1 -1 -1 -1 1 -1 5 -1 -1 5 -1 -1 2 -1 -1 0 -1 4 2 4 4 1 6 -1 0 -1 0 1 2 3 4 5 6 0 1 2 3 4 5 6 0 1 2 3 
# 
5 5 20 22 23 33 40 18 27 29 36 43
#c 6 -1 6 -1 -1 -1 -1 1 -1 5 -1 -1 5 -1 -1 2 -1 -1 0 -1 4 2 4 4 1 6 -1 0 -1 0 1 2 3 4 5 6 0 1 2 3 4 5 6 0 1 2 3 
# 
5 3 20 22 23 33 40 32 39 46
#c 6 -1 6 -1 -1 -1 -1 1 -1 5 -1 -1 5 -1 -1 2 -1 -1 0 -1 4 2 4 4 1 6 -1 0 -1 0 1 2 3 4 5 6 0 1 2 3 4 5 6 0 1 2 3 
# 
5 5 20 22 23 33 40 0 2 25 35 42
#c 6 -1 6 1 -1 -1 -1 1 -1 5 -1 -1 5 -1 -1 2 -1 -1 0 -1 4 2 4 4 1 6 -1 0 -1 0 1 2 3 4 5 6 0 1 2 3 4 5 6 0 1 2 3 
# 
6 4 3 7 24 30 37 44 9 12 34 41
#c 6 -1 6 1 -1 -1 -1 1 -1 5 -1 -1 5 -1 -1 2 -1 -1 0 -1 4 2 4 4 1 6 -1 0 -1 0 1 2 3 4 5 6 0 1 2 3 4 5 6 0 1 2 3 
# 
6 5 3 7 24 30 37 44 20 22 23 33 40
#c 6 -1 6 1 -1 -1 -1 1 -1 5 -1 -1 5 -1 -1 2 -1 -1 0 -1 4 2 4 4 1 6 -1 0 -1 0 1 2 3 4 5 6 0 1 2 3 4 5 6 0 1 2 3 
# 
6 3 3 7 24 30 37 44 32 39 46
#c 6 -1 6 1 -1 2 -1 1 -1 5 -1 -1 5 -1 -1 2 -1 -1 0 -1 4 2 4 4 1 6 -1 0 -1 0 1 2 3 4 5 6 0 1 2 3 4 5 6 0 1 2 3 
# 
6 3 5 15 21 31 38 45 32 39 46
#c 6 -1 6 1 -1 2 -1 1 -1 5 -1 -1 5 -1 -1 2 -1 -1 0 -1 4 2 4 4 1 6 -1 0 -1 0 1 2 3 4 5 6 0 1 2 3 4 5 6 0 1 2 3 
# 
6 5 5 15 21 31 38 45 18 27 29 36 43
#c 6 -1 6 1 -1 2 -1 1 -1 5 -1 -1 5 -1 -1 2 -1 -1 0 -1 4 2 4 4 1 6 -1 0 -1 0 1 2 3 4 5 6 0 1 2 3 4 5 6 0 1 2 3 
# 
6 4 5 15 21 31 38 45 9 12 34 41
#c 6 -1 6 1 -1 2 -1 1 -1 5 -1 -1 5 0 -1 2 -1 -1 0 -1 4 2 4 4 1 6 -1 0 -1 0 1 2 3 4 5 6 0 1 2 3 4 5 6 0 1 2 3 
# 
6 3 13 18 27 29 36 43 32 39 46
#c 6 -1 6 1 -1 2 -1 1 -1 5 -1 -1 5 0 -1 2 -1 -1 0 -1 4 2 4 4 1 6 -1 0 -1 0 1 2 3 4 5 6 0 1 2 3 4 5 6 0 1 2 3 
# 
6 4 13 18 27 29 36 43 9 12 34 41
#c 6 -1 6 1 -1 2 -1 1 -1 5 -1 -1 5 0 -1 2 -1 -1 0 -1 4 2 4 4 1 6 -1 0 -1 0 1 2 3 4 5 6 0 1 2 3 4 5 6 0 1 2 3 
# 
6 6 13 18 27 29 36 43 5 15 21 31 38 45
#c 6 -1 6 1 -1 2 -1 1 5 5 -1 -1 5 0 -1 2 -1 -1 0 -1 4 2 4 4 1 6 -1 0 -1 0 1 2 3 4 5 6 0 1 2 3 4 5 6 0 1 2 3 
# 
5 3 8 9 12 34 41 32 39 46
#c 6 -1 6 1 -1 2 -1 1 5 5 -1 -1 5 0 -1 2 -1 -1 0 -1 4 2 4 4 1 6 -1 0 -1 0 1 2 3 4 5 6 0 1 2 3 4 5 6 0 1 2 3 
# 
5 6 8 9 12 34 41 5 15 21 31 38 45
#c 6 -1 6 1 5 2 -1 1 5 5 -1 -1 5 0 -1 2 -1 -1 0 -1 4 2 4 4 1 6 -1 0 -1 0 1 2 3 4 5 6 0 1 2 3 4 5 6 0 1 2 3 
# 
6 3 4 8 9 12 34 41 32 39 46
#c 6 -1 6 1 5 2 -1 1 5 5 -1 -1 5 0 -1 2 -1 -1 0 -1 4 2 4 4 1 6 -1 0 -1 0 1 2 3 4 5 6 0 1 2 3 4 5 6 0 1 2 3 
# 
6 5 4 8 9 12 34 41 20 22 23 33 40
#c 6 -1 6 1 5 2 -1 1 5 5 -1 -1 5 0 -1 2 -1 -1 0 -1 4 2 4 4 1 6 -1 0 -1 0 1 2 3 4 5 6 0 1 2 3 4 5 6 0 1 2 3 
# 
6 5 4 8 9 12 34 41 0 2 25 35 42
#c 6 -1 6 1 5 2 -1 1 5 5 -1 -1 5 0 -1 2 2 -1 0 -1 4 2 4 4 1 6 -1 0 -1 0 1 2 3 4 5 6 0 1 2 3 4 5 6 0 1 2 3 
# 
7 6 5 15 16 21 31 38 45 3 7 24 30 37 44
#c 6 -1 6 1 5 2 -1 1 5 5 -1 -1 5 0 -1 2 2 -1 0 -1 4 2 4 4 1 6 -1 0 -1 0 1 2 3 4 5 6 0 1 2 3 4 5 6 0 1 2 3 
# 
7 6 5 15 16 21 31 38 45 4 8 9 12 34 41
#c 6 -1 6 1 5 2 -1 1 5 5 -1 -1 5 0 -1 2 2 -1 0 -1 4 2 4 4 1 6 -1 0 -1 0 1 2 3 4 5 6 0 1 2 3 4 5 6 0 1 2 3 
# 
7 5 5 15 16 21 31 38 45 0 2 25 35 42
#c 6 -1 6 1 5 2 -1 1 5 5 -1 0 5 0 -1 2 2 -1 0 -1 4 2 4 4 1 6 -1 0 -1 0 1 2 3 4 5 6 0 1 2 3 4 5 6 0 1 2 3 
# 
7 5 11 13 18 27 29 36 43 20 22 23 33 40
#c 6 -1 6 1 5 2 -1 1 5 5 -1 0 5 0 -1 2 2 -1 0 -1 4 2 4 4 1 6 -1 0 -1 0 1 2 3 4 5 6 0 1 2 3 4 5 6 0 1 2 3 
# 
7 7 11 13 18 27 29 36 43 5 15 16 21 31 38 45
#c 6 -1 6 1 5 2 -1 1 5 5 -1 0 5 0 -1 2 2 -1 0 -1 4 2 4 4 1 6 -1 0 -1 0 1 2 3 4 5 6 0 1 2 3 4 5 6 0 1 2 3 
# 
7 5 11 13 18 27 29 36 43 0 2 25 35 42
#c 6 -1 6 1 5 2 -1 1 5 5 -1 0 5 0 -1 2 2 -1 0 -1 4 2 4 4 1 6 3 0 -1 0 1 2 3 4 5 6 0 1 2 3 4 5 6 0 1 2 3 
# 
4 6 26 32 39 46 4 8 9 12 34 41
#c 6 -1 6 1 5 2 -1 1 5 5 -1 0 5 0 -1 2 2 -1 0 -1 4 2 4 4 1 6 3 0 -1 0 1 2 3 4 5 6 0 1 2 3 4 5 6 0 1 2 3 
# 
4 7 26 32 39 46 11 13 18 27 29 36 43
#c 6 -1 6 1 5 2 -1 1 5 5 -1 0 5 0 -1 2 2 -1 0 -1 4 2 4 4 1 6 3 0 -1 0 1 2 3 4 5 6 0 1 2 3 4 5 6 0 1 2 3 
# 
4 7 26 32 39 46 5 15 16 21 31 38 45
#c 6 -1 6 1 5 2 -1 1 5 5 -1 0 5 0 -1 2 2 1 0 -1 4 2 4 4 1 6 3 0 -1 0 1 2 3 4 5 6 0 1 2 3 4 5 6 0 1 2 3 
# 
7 7 3 7 17 24 30 37 44 5 15 16 21 31 38 45
#c 6 -1 6 1 5 2 -1 1 5 5 -1 0 5 0 -1 2 2 1 0 -1 4 2 4 4 1 6 3 0 -1 0 1 2 3 4 5 6 0 1 2 3 4 5 6 0 1 2 3 
# 
7 7 3 7 17 24 30 37 44 11 13 18 27 29 36 43
#c 6 -1 6 1 5 2 -1 1 5 5 -1 0 5 0 -1 2 2 1 0 -1 4 2 4 4 1 6 3 0 -1 0 1 2 3 4 5 6 0 1 2 3 4 5 6 0 1 2 3 
# 
7 5 3 7 17 24 30 37 44 0 2 25 35 42
#c 6 -1 6 1 5 2 -1 1 5 5 -1 0 5 0 -1 2 2 1 0 4 4 2 4 4 1 6 3 0 -1 0 1 2 3 4 5 6 0 1 2 3 4 5 6 0 1 2 3 
# 
6 4 19 20 22 23 33 40 26 32 39 46
#c 6 -1 6 1 5 2 -1 1 5 5 -1 0 5 0 -1 2 2 1 0 4 4 2 4 4 1 6 3 0 -1 0 1 2 3 4 5 6 0 1 2 3 4 5 6 0 1 2 3 
# 
6 5 19 20 22 23 33 40 0 2 25 35 42
#c 6 -1 6 1 5 2 -1 1 5 5 -1 0 5 0 -1 2 2 1 0 4 4 2 4 4 1 6 3 0 -1 0 1 2 3 4 5 6 0 1 2 3 4 5 6 0 1 2 3 
# 
6 7 19 20 22 23 33 40 3 7 17 24 30 37 44
#c 6 5 6 1 5 2 -1 1 5 5 -1 0 5 0 -1 2 2 1 0 4 4 2 4 4 1 6 3 0 -1 0 1 2 3 4 5 6 0 1 2 3 4 5 6 0 1 2 3 
# 
7 7 1 4 8 9 12 34 41 11 13 18 27 29 36 43
#c 6 5 6 1 5 2 -1 1 5 5 -1 0 5 0 -1 2 2 1 0 4 4 2 4 4 1 6 3 0 -1 0 1 2 3 4 5 6 0 1 2 3 4 5 6 0 1 2 3 
# 
7 7 1 4 8 9 12 34 41 3 7 17 24 30 37 44
#c 6 5 6 1 5 2 -1 1 5 5 -1 0 5 0 -1 2 2 1 0 4 4 2 4 4 1 6 3 0 -1 0 1 2 3 4 5 6 0 1 2 3 4 5 6 0 1 2 3 
# 
7 6 1 4 8 9 12 34 41 19 20 22 23 33 40
#c 6 5 6 1 5 2 2 1 5 5 -1 0 5 0 -1 2 2 1 0 4 4 2 4 4 1 6 3 0 -1 0 1 2 3 4 5 6 0 1 2 3 4 5 6 0 1 2 3 
# 
8 5 5 6 15 16 21 31 38 45 0 2 25 35 42
#c 6 5 6 1 5 2 2 1 5 5 -1 0 5 0 -1 2 2 1 0 4 4 2 4 4 1 6 3 0 -1 0 1 2 3 4 5 6 0 1 2 3 4 5 6 0 1 2 3 
# 
8 7 5 6 15 16 21 31 38 45 1 4 8 9 12 34 41
#c 6 5 6 1 5 2 2 1 5 5 -1 0 5 0 -1 2 2 1 0 4 4 2 4 4 1 6 3 0 -1 0 1 2 3 4 5 6 0 1 2 3 4 5 6 0 1 2 3 
# 
8 6 5 6 15 16 21 31 38 45 19 20 22 23 33 40
#c 6 5 6 1 5 2 2 1 5 5 3 0 5 0 -1 2 2 1 0 4 4 2 4 4 1 6 3 0 -1 0 1 2 3 4 5 6 0 1 2 3 4 5 6 0 1 2 3 
# 
5 7 10 26 32 39 46 3 7 17 24 30 37 44
#c 6 5 6 1 5 2 2 1 5 5 3 0 5 0 -1 2 2 1 0 4 4 2 4 4 1 6 3 0 -1 0 1 2 3 4 5 6 0 1 2 3 4 5 6 0 1 2 3 
# 
5 7 10 26 32 39 46 11 13 18 27 29 36 43
#c 6 5 6 1 5 2 2 1 5 5 3 0 5 0 -1 2 2 1 0 4 4 2 4 4 1 6 3 0 -1 0 1 2 3 4 5 6 0 1 2 3 4 5 6 0 1 2 3 
# 
5 5 10 26 32 39 46 0 2 25 35 42
#c 6 5 6 1 5 2 2 1 5 5 3 0 5 0 0 2 2 1 0 4 4 2 4 4 1 6 3 0 -1 0 1 2 3 4 5 6 0 1 2 3 4 5 6 0 1 2 3 
# 
8 7 11 13 14 18 27 29 36 43 3 7 17 24 30 37 44
#c 6 5 6 1 5 2 2 1 5 5 3 0 5 0 0 2 2 1 0 4 4 2 4 4 1 6 3 0 -1 0 1 2 3 4 5 6 0 1 2 3 4 5 6 0 1 2 3 
# 
8 5 11 13 14 18 27 29 36 43 0 2 25 35 42
#c 6 5 6 1 5 2 2 1 5 5 3 0 5 0 0 2 2 1 0 4 4 2 4 4 1 6 3 0 -1 0 1 2 3 4 5 6 0 1 2 3 4 5 6 0 1 2 3 
# 
8 5 11 13 14 18 27 29 36 43 10 26 32 39 46
#c 6 5 6 1 5 2 2 1 5 5 3 0 5 0 0 2 2 1 0 4 4 2 4 4 1 6 3 0 6 0 1 2 3 4 5 6 0 1 2 3 4 5 6 0 1 2 3 
# 
6 7 0 2 25 28 35 42 3 7 17 24 30 37 44
#c 6 5 6 1 5 2 2 1 5 5 3 0 5 0 0 2 2 1 0 4 4 2 4 4 1 6 3 0 6 0 1 2 3 4 5 6 0 1 2 3 4 5 6 0 1 2 3 
# 
6 8 0 2 25 28 35 42 11 13 14 18 27 29 36 43
#c 6 5 6 1 5 2 2 1 5 5 3 0 5 0 0 2 2 1 0 4 4 2 4 4 1 6 3 0 6 0 1 2 3 4 5 6 0 1 2 3 4 5 6 0 1 2 3 
# 
6 5 3 7 17 30 37 44 19 22 23 33 40
#c 6 5 6 1 5 2 2 1 5 5 3 0 5 0 0 2 2 1 0 4 4 2 4 4 1 6 3 0 6 0 1 2 3 4 5 6 0 1 2 3 4 5 6 0 1 2 3 
# 
6 5 3 17 24 30 37 44 19 20 23 33 40
#c 6 5 6 1 5 2 2 1 5 5 3 0 5 0 0 2 2 1 0 4 4 2 4 4 1 6 3 0 6 0 1 2 3 4 5 6 0 1 2 3 4 5 6 0 1 2 3 
# 
5 5 19 20 22 33 40 2 25 28 35 42
#c 6 5 6 1 5 2 2 1 5 5 3 0 5 0 0 2 2 1 0 4 4 2 4 4 1 6 3 0 6 0 1 2 3 4 5 6 0 1 2 3 4 5 6 0 1 2 3 
# 
6 5 1 4 8 9 34 41 0 2 28 35 42
#c 6 5 6 1 5 2 2 1 5 5 3 0 5 0 0 2 2 1 0 4 4 2 4 4 1 6 3 0 6 0 1 2 3 4 5 6 0 1 2 3 4 5 6 0 1 2 3 
# 
6 4 3 7 24 30 37 44 10 32 39 46
#c 6 5 6 1 5 2 2 1 5 5 3 0 5 0 0 2 2 1 0 4 4 2 4 4 1 6 3 0 6 0 1 2 3 4 5 6 0 1 2 3 4 5 6 0 1 2 3 
# 
6 5 6 15 16 21 31 38 7 17 24 30 37
#c 6 5 6 1 5 2 2 1 5 5 3 0 5 0 0 2 2 1 0 4 4 2 4 4 1 6 3 0 6 0 1 2 3 4 5 6 0 1 2 3 4 5 6 0 1 2 3 
# 
2 2 5 45 3 44
#c 6 5 6 1 5 2 2 1 5 5 3 0 5 0 0 2 2 1 0 4 4 2 4 4 1 6 3 0 6 0 1 2 3 4 5 6 0 1 2 3 4 5 6 0 1 2 3 
# 
7 7 5 6 16 21 31 38 45 11 13 14 18 29 36 43
#c 6 5 6 1 5 2 2 1 5 5 3 0 5 0 0 2 2 1 0 4 4 2 4 4 1 6 3 0 6 0 1 2 3 4 5 6 0 1 2 3 4 5 6 0 1 2 3 
# 
7 7 13 14 18 27 29 36 43 5 6 15 21 31 38 45
#c 6 5 6 1 5 2 2 1 5 5 3 2 5 0 0 2 0 1 0 4 4 2 4 4 1 6 3 0 6 0 1 2 3 4 5 6 0 1 2 3 4 5 6 0 1 2 3 
# SwapNeighbor1 
6 7 1 4 9 12 34 41 14 16 18 27 29 36 43
#c 6 5 6 1 5 2 2 1 5 5 3 2 5 0 0 2 0 1 0 4 4 2 4 4 1 6 3 0 6 0 1 2 3 4 5 6 0 1 2 3 4 5 6 0 1 2 3 
# SwapNeighbor1 
6 7 1 4 8 12 34 41 5 6 11 21 31 38 45
#c 6 5 6 1 5 2 2 1 5 5 3 2 5 0 0 2 0 1 0 4 4 2 4 4 1 6 3 0 6 0 1 2 3 4 5 6 0 1 2 3 4 5 6 0 1 2 3 
# SwapNeighbor1 
7 6 5 11 15 21 31 38 45 4 8 9 12 34 41
#c 6 5 6 1 5 2 2 1 5 5 3 2 5 0 0 2 0 1 0 4 4 2 4 4 1 6 3 0 6 0 1 2 3 4 5 6 0 1 2 3 4 5 6 0 1 2 3 
# SwapNeighbor1 
7 7 13 14 16 27 29 36 43 5 6 11 15 31 38 45
#c 6 5 6 1 5 2 2 1 5 5 3 2 5 0 0 2 0 1 0 4 4 2 4 4 1 6 3 0 6 0 1 2 3 4 5 6 0 1 2 3 4 5 6 0 1 2 3 
# SwapNeighbor1 
7 6 6 11 15 21 31 38 45 7 17 24 30 37 44
#c 6 5 6 1 5 2 2 1 5 5 3 2 5 0 0 2 0 1 0 4 4 2 4 4 1 6 3 0 6 0 1 2 3 4 5 6 0 1 2 3 4 5 6 0 1 2 3 
# SwapNeighbor1 
7 4 13 16 18 27 29 36 43 26 32 39 46
#c 6 5 6 1 5 2 2 1 5 5 3 2 5 0 0 2 0 1 0 4 4 2 4 4 1 6 3 0 6 0 1 2 3 4 5 6 0 1 2 3 4 5 6 0 1 2 3 
# SwapNeighbor1 
5 5 19 22 23 33 40 0 25 28 35 42
#c 6 5 6 1 5 2 2 1 5 5 3 2 5 0 0 2 0 1 0 4 4 2 4 4 1 6 3 0 6 0 1 2 3 4 5 6 0 1 2 3 4 5 6 0 1 2 3 
# SwapNeighbor1 
5 6 0 25 28 35 42 1 4 8 9 34 41
#c 6 5 6 1 5 2 2 1 5 5 3 2 5 0 0 2 0 1 0 4 4 2 4 4 1 6 3 0 6 0 1 2 3 4 5 6 0 1 2 3 4 5 6 0 1 2 3 
# SwapNeighbor1 
5 6 2 25 28 35 42 1 4 8 12 34 41
#c 6 5 6 1 5 2 2 1 5 5 3 2 5 0 0 2 0 1 0 4 4 2 4 4 1 6 3 0 6 0 1 2 3 4 5 6 0 1 2 3 4 5 6 0 1 2 3 
# SwapNeighbor1 
7 7 5 6 11 21 31 38 45 13 14 16 18 29 36 43
#c 6 5 6 1 5 2 2 1 5 5 3 2 5 0 0 2 0 1 0 4 4 2 4 4 1 6 3 0 6 0 1 2 3 4 5 6 0 1 2 3 4 5 6 0 1 2 3 
# SwapNeighbor1 
4 7 26 32 39 46 5 11 15 21 31 38 45
#c 6 5 6 1 5 2 2 1 5 5 3 2 5 0 0 2 0 1 0 4 4 2 4 4 1 6 3 0 6 0 1 2 3 4 5 6 0 1 2 3 4 5 6 0 1 2 3 
# SwapNeighbor1 
5 7 0 2 25 35 42 13 16 18 27 29 36 43
#c 6 5 6 1 5 2 2 1 5 5 3 2 5 0 6 2 0 1 0 4 4 2 4 4 1 6 3 0 0 0 1 2 3 4 5 6 0 1 2 3 4 5 6 0 1 2 3 
# SwapNeighbor1 SwapNeighbor1 
7 7 13 16 27 28 29 36 43 5 6 11 15 31 38 45
#c 6 5 6 1 5 2 2 1 5 5 3 2 5 0 6 2 0 1 0 4 4 2 4 4 1 6 3 0 0 0 1 2 3 4 5 6 0 1 2 3 4 5 6 0 1 2 3 
# SwapNeighbor1 SwapNeighbor1 
5 5 19 22 23 33 40 0 14 25 35 42
#c 6 5 6 1 5 2 2 1 5 5 3 2 5 0 6 2 0 1 0 4 4 2 4 4 1 6 3 0 0 0 1 2 3 4 5 6 0 1 2 3 4 5 6 0 1 2 3 
# SwapNeighbor1 SwapNeighbor1 
5 4 0 2 25 35 42 26 32 39 46
#c 6 5 6 1 5 2 2 1 5 5 3 2 5 0 6 2 0 1 0 4 4 2 4 4 1 6 3 0 0 0 1 2 3 4 5 6 0 1 2 3 4 5 6 0 1 2 3 
# SwapNeighbor1 SwapNeighbor1 
7 7 5 6 15 21 31 38 45 13 18 27 28 29 36 43
#c 6 5 6 1 5 2 2 1 5 5 3 2 5 0 6 2 0 1 0 4 4 2 4 4 1 6 3 0 0 0 1 2 3 4 5 6 0 1 2 3 4 5 6 0 1 2 3 
# SwapNeighbor1 SwapNeighbor1 
6 5 1 4 8 9 34 41 0 2 14 35 42
#c 6 5 6 1 5 2 2 1 5 5 3 2 5 0 6 2 0 1 0 4 4 2 4 4 1 6 3 0 0 0 1 2 3 4 5 6 0 1 2 3 4 5 6 0 1 2 3 
# SwapNeighbor1 SwapNeighbor1 
6 7 1 4 9 12 34 41 16 18 27 28 29 36 43
#c 6 5 6 1 5 2 2 1 5 5 3 2 5 0 6 2 0 1 0 4 4 2 4 4 1 6 3 0 0 0 1 2 3 4 5 6 0 1 2 3 4 5 6 0 1 2 3 
# SwapNeighbor1 SwapNeighbor1 
7 6 5 6 11 15 31 38 45 3 17 24 30 37 44
#c 6 5 6 1 5 2 2 1 5 5 3 2 5 0 6 2 0 1 0 4 4 2 4 4 1 6 3 0 0 0 1 2 3 4 5 6 0 1 2 3 4 5 6 0 1 2 3 
# SwapNeighbor1 SwapNeighbor1 
4 7 10 32 39 46 5 6 15 21 31 38 45
#c 6 5 6 1 5 2 2 1 5 5 3 2 5 0 6 2 0 1 0 4 4 2 4 4 1 6 3 0 0 0 1 2 3 4 5 6 0 1 2 3 4 5 6 0 1 2 3 
# SwapNeighbor1 SwapNeighbor1 
7 7 5 6 11 21 31 38 45 13 16 18 28 29 36 43
#c 6 5 6 1 5 2 2 1 5 5 3 2 5 0 6 2 0 1 0 4 4 2 4 4 1 6 3 0 0 0 1 2 3 4 5 6 0 1 2 3 4 5 6 0 1 2 3 
# SwapNeighbor1 SwapNeighbor1 
7 7 16 18 27 28 29 36 43 6 11 15 21 31 38 45
#c 6 5 6 1 5 2 2 1 5 5 3 2 5 0 6 2 0 1 0 4 4 2 4 4 1 6 3 0 0 0 1 2 3 4 5 6 0 1 2 3 4 5 6 0 1 2 3 
# SwapNeighbor1 SwapNeighbor1 
5 5 19 20 22 33 40 2 14 25 35 42
#c 6 5 6 1 5 2 2 1 5 5 3 2 5 0 6 2 0 1 0 4 4 2 4 4 1 6 3 0 0 0 1 2 3 4 5 6 0 1 2 3 4 5 6 0 1 2 3 
# SwapNeighbor1 SwapNeighbor1 
5 6 2 14 25 35 42 1 4 8 12 34 41
#c 6 5 6 1 5 2 2 1 5 5 3 2 5 0 6 2 0 1 0 4 4 2 4 4 1 6 3 0 0 0 1 2 3 4 5 6 0 1 2 3 4 5 6 0 1 2 3 
# SwapNeighbor1 SwapNeighbor1 
5 7 0 2 14 35 42 13 16 27 28 29 36 43
#c 6 5 6 1 5 2 2 1 5 5 3 2 5 0 6 2 0 1 0 4 4 2 4 4 1 6 3 0 0 0 1 2 3 4 5 6 0 1 2 3 4 5 6 0 1 2 3 
# SwapNeighbor1 SwapNeighbor1 
5 6 0 14 25 35 42 1 4 8 9 34 41
#c 6 5 6 1 5 2 2 1 5 5 3 2 5 0 6 2 0 1 0 4 4 2 4 4 1 6 3 0 0 0 1 2 3 4 5 6 0 1 2 3 4 5 6 0 1 2 3 
# SwapNeighbor1 SwapNeighbor1 
7 6 13 18 27 28 29 36 43 1 8 9 12 34 41
#c 6 5 6 1 0 2 2 1 5 5 3 2 5 0 6 2 5 1 0 4 4 2 4 4 1 6 3 0 0 0 1 2 3 4 5 6 0 1 2 3 4 5 6 0 1 2 3 
# SwapNeighbor1 SwapNeighbor1 SwapNeighbor1 
5 6 0 14 25 35 42 1 8 9 16 34 41
#c 6 5 6 1 0 2 2 1 5 5 3 2 5 0 6 2 5 1 0 4 4 2 4 4 1 6 3 0 0 0 1 2 3 4 5 6 0 1 2 3 4 5 6 0 1 2 3 
# SwapNeighbor1 SwapNeighbor1 SwapNeighbor1 
6 5 7 17 24 30 37 44 19 20 22 33 40
#c 6 5 6 1 0 2 2 1 5 5 3 2 5 0 6 2 5 1 0 4 4 2 4 4 1 6 3 0 0 0 1 2 3 4 5 6 0 1 2 3 4 5 6 0 1 2 3 
# SwapNeighbor1 SwapNeighbor1 SwapNeighbor1 
5 7 0 2 14 35 42 4 13 27 28 29 36 43
#c 6 5 6 1 0 2 2 1 5 5 3 2 5 0 6 2 5 1 0 4 4 2 4 4 1 6 3 0 0 0 1 2 3 4 5 6 0 1 2 3 4 5 6 0 1 2 3 
# SwapNeighbor1 SwapNeighbor1 SwapNeighbor1 
5 6 2 14 25 35 42 1 8 12 16 34 41
#c 6 5 6 1 0 2 2 1 5 5 3 2 5 0 6 2 5 1 0 4 4 2 4 4 1 6 3 0 0 0 1 2 3 4 5 6 0 1 2 3 4 5 6 0 1 2 3 
# SwapNeighbor1 SwapNeighbor1 SwapNeighbor1 
6 5 1 8 9 16 34 41 0 2 14 35 42
#c 6 5 6 1 0 2 2 1 5 5 3 2 5 0 6 2 5 1 0 4 4 2 4 4 1 6 3 0 0 0 1 2 3 4 5 6 0 1 2 3 4 5 6 0 1 2 3 
# SwapNeighbor1 SwapNeighbor1 SwapNeighbor1 
7 7 4 18 27 28 29 36 43 6 11 15 21 31 38 45
#c 6 5 6 1 0 2 2 1 5 5 3 2 5 0 6 2 5 1 0 4 4 2 4 4 1 6 3 0 0 0 1 2 3 4 5 6 0 1 2 3 4 5 6 0 1 2 3 
# SwapNeighbor1 SwapNeighbor1 SwapNeighbor1 
6 5 8 9 12 16 34 41 20 22 23 33 40
#c 6 4 6 1 0 2 2 1 5 5 3 2 5 0 6 2 5 1 0 5 4 2 4 4 1 6 3 0 0 0 1 2 3 4 5 6 0 1 2 3 4 5 6 0 1 2 3 
# SwapNeighbor1 SwapNeighbor1 SwapNeighbor1 SwapNeighbor1 
5 6 0 14 25 35 42 8 9 16 19 34 41
#c 6 4 6 1 0 2 2 1 5 5 3 2 5 0 6 2 5 1 0 5 4 2 4 4 1 6 3 0 0 0 1 2 3 4 5 6 0 1 2 3 4 5 6 0 1 2 3 
# SwapNeighbor1 SwapNeighbor1 SwapNeighbor1 SwapNeighbor1 
6 5 7 17 24 30 37 44 1 20 22 33 40
#c 6 4 6 1 0 2 2 1 5 5 3 2 5 0 6 2 5 1 0 5 4 2 4 4 1 6 3 0 0 0 1 2 3 4 5 6 0 1 2 3 4 5 6 0 1 2 3 
# SwapNeighbor1 SwapNeighbor1 SwapNeighbor1 SwapNeighbor1 
7 6 5 6 15 21 31 38 45 8 9 12 19 34 41
#c 6 4 6 1 0 2 2 1 5 5 3 5 5 0 6 2 2 1 0 5 4 2 4 4 1 6 3 0 0 0 1 2 3 4 5 6 0 1 2 3 4 5 6 0 1 2 3 
# SwapNeighbor1 SwapNeighbor1 SwapNeighbor1 SwapNeighbor1 SwapNeighbor1 
6 7 9 11 12 19 34 41 4 18 27 28 29 36 43
#c 6 4 6 1 0 2 2 1 5 5 3 5 5 0 6 2 2 1 0 5 4 2 4 4 1 6 3 0 0 0 1 2 3 4 5 6 0 1 2 3 4 5 6 0 1 2 3 
# SwapNeighbor1 SwapNeighbor1 SwapNeighbor1 SwapNeighbor1 SwapNeighbor1 
7 7 4 13 27 28 29 36 43 5 6 15 16 31 38 45
#c 6 4 6 1 0 2 2 1 5 5 3 5 5 0 6 2 2 1 0 5 4 2 4 4 1 6 3 0 0 0 1 2 3 4 5 6 0 1 2 3 4 5 6 0 1 2 3 
# SwapNeighbor1 SwapNeighbor1 SwapNeighbor1 SwapNeighbor1 SwapNeighbor1 
5 5 1 20 22 33 40 2 14 25 35 42
#c 6 4 6 1 0 2 2 1 5 5 3 5 5 0 6 2 2 1 0 5 4 2 4 4 1 6 3 0 0 0 1 2 3 4 5 6 0 1 2 3 4 5 6 0 1 2 3 
# SwapNeighbor1 SwapNeighbor1 SwapNeighbor1 SwapNeighbor1 SwapNeighbor1 
7 6 5 6 15 16 31 38 45 3 17 24 30 37 44
6 4 6 1 0 2 2 1 5 5 3 5 5 0 6 2 2 1 0 5 4 2 4 4 1 6 3 0 0 0 1 2 3 4 5 6 0 1 2 3 4 5 6 0 1 2 3 
# = > < > > > > < > < > > < > > < > > < > < < < > < < > < > ? ? ? ? ? ? ? ? ? ? ? ? ? ? ? ? ? ? 
# < = < < < < > < < < > < < < > < < < < < < < < < < < < < > ? ? ? ? ? ? ? ? ? ? ? ? ? ? ? ? ? ? 
# > > = > > > > < > > > > < > > > > > < > > < < > > < > > > ? ? ? ? ? ? ? ? ? ? ? ? ? ? ? ? ? ? 
# < > < = > > > < > < > > < > > < > > < > < < < < < < > < > ? ? ? ? ? ? ? ? ? ? ? ? ? ? ? ? ? ? 
# < > < < = < > < < < > > < < > < > > < > < < < < < < > < > ? ? ? ? ? ? ? ? ? ? ? ? ? ? ? ? ? ? 
# < > < < > = > < > < > > < > > < > > < > < < < < < < > < > ? ? ? ? ? ? ? ? ? ? ? ? ? ? ? ? ? ? 
# < < < < < < = < < < > < < < > < < < < < < < < < < < < < > ? ? ? ? ? ? ? ? ? ? ? ? ? ? ? ? ? ? 
# > > > > > > > = > > > > > > > > > > > > > > < > > > > > > ? ? ? ? ? ? ? ? ? ? ? ? ? ? ? ? ? ? 
# < > < < > < > < = < > > < < > < > > < > < < < < < < > < > ? ? ? ? ? ? ? ? ? ? ? ? ? ? ? ? ? ? 
# > > < > > > > < > = > > < > > < > > < > < < < > < < > < > ? ? ? ? ? ? ? ? ? ? ? ? ? ? ? ? ? ? 
# < < < < < < < < < < = < < < > < < < < < < < < < < < < < > ? ? ? ? ? ? ? ? ? ? ? ? ? ? ? ? ? ? 
# < > < < < < > < < < > = < < > < < > < > < < < < < < > < > ? ? ? ? ? ? ? ? ? ? ? ? ? ? ? ? ? ? 
# > > > > > > > < > > > > = > > > > > < > > < < > > < > > > ? ? ? ? ? ? ? ? ? ? ? ? ? ? ? ? ? ? 
# < > < < > < > < > < > > < = > < > > < > < < < < < < > < > ? ? ? ? ? ? ? ? ? ? ? ? ? ? ? ? ? ? 
# < < < < < < < < < < < < < < = < < < < < < < < < < < < < > ? ? ? ? ? ? ? ? ? ? ? ? ? ? ? ? ? ? 
# > > < > > > > < > > > > < > > = > > < > < < < > < < > < > ? ? ? ? ? ? ? ? ? ? ? ? ? ? ? ? ? ? 
# < > < < < < > < < < > > < < > < = > < > < < < < < < > < > ? ? ? ? ? ? ? ? ? ? ? ? ? ? ? ? ? ? 
# < > < < < < > < < < > < < < > < < = < > < < < < < < < < > ? ? ? ? ? ? ? ? ? ? ? ? ? ? ? ? ? ? 
# > > > > > > > < > > > > > > > > > > = > > < < > > > > > > ? ? ? ? ? ? ? ? ? ? ? ? ? ? ? ? ? ? 
# < > < < < < > < < < > < < < > < < < < = < < < < < < < < > ? ? ? ? ? ? ? ? ? ? ? ? ? ? ? ? ? ? 
# > > < > > > > < > > > > < > > > > > < > = < < > > < > > > ? ? ? ? ? ? ? ? ? ? ? ? ? ? ? ? ? ? 
# > > > > > > > < > > > > > > > > > > > > > = < > > > > > > ? ? ? ? ? ? ? ? ? ? ? ? ? ? ? ? ? ? 
# > > > > > > > > > > > > > > > > > > > > > > = > > > > > > ? ? ? ? ? ? ? ? ? ? ? ? ? ? ? ? ? ? 
# < > < > > > > < > < > > < > > < > > < > < < < = < < > < > ? ? ? ? ? ? ? ? ? ? ? ? ? ? ? ? ? ? 
# > > < > > > > < > > > > < > > > > > < > < < < > = < > > > ? ? ? ? ? ? ? ? ? ? ? ? ? ? ? ? ? ? 
# > > > > > > > < > > > > > > > > > > < > > < < > > = > > > ? ? ? ? ? ? ? ? ? ? ? ? ? ? ? ? ? ? 
# < > < < < < > < < < > < < < > < < > < > < < < < < < = < > ? ? ? ? ? ? ? ? ? ? ? ? ? ? ? ? ? ? 
# > > < > > > > < > > > > < > > > > > < > < < < > < < > = > ? ? ? ? ? ? ? ? ? ? ? ? ? ? ? ? ? ? 
# < < < < < < < < < < < < < < < < < < < < < < < < < < < < = ? ? ? ? ? ? ? ? ? ? ? ? ? ? ? ? ? ? 
# ? ? ? ? ? ? ? ? ? ? ? ? ? ? ? ? ? ? ? ? ? ? ? ? ? ? ? ? ? = ? ? ? ? ? ? ? ? ? ? ? ? ? ? ? ? ? 
# ? ? ? ? ? ? ? ? ? ? ? ? ? ? ? ? ? ? ? ? ? ? ? ? ? ? ? ? ? ? = ? ? ? ? ? ? ? ? ? ? ? ? ? ? ? ? 
# ? ? ? ? ? ? ? ? ? ? ? ? ? ? ? ? ? ? ? ? ? ? ? ? ? ? ? ? ? ? ? = ? ? ? ? ? ? ? ? ? ? ? ? ? ? ? 
# ? ? ? ? ? ? ? ? ? ? ? ? ? ? ? ? ? ? ? ? ? ? ? ? ? ? ? ? ? ? ? ? = ? ? ? ? ? ? ? ? ? ? ? ? ? ? 
# ? ? ? ? ? ? ? ? ? ? ? ? ? ? ? ? ? ? ? ? ? ? ? ? ? ? ? ? ? ? ? ? ? = ? ? ? ? ? ? ? ? ? ? ? ? ? 
# ? ? ? ? ? ? ? ? ? ? ? ? ? ? ? ? ? ? ? ? ? ? ? ? ? ? ? ? ? ? ? ? ? ? = ? ? ? ? ? ? ? ? ? ? ? ? 
# ? ? ? ? ? ? ? ? ? ? ? ? ? ? ? ? ? ? ? ? ? ? ? ? ? ? ? ? ? ? ? ? ? ? ? = ? ? ? ? ? ? ? ? ? ? ? 
# ? ? ? ? ? ? ? ? ? ? ? ? ? ? ? ? ? ? ? ? ? ? ? ? ? ? ? ? ? ? ? ? ? ? ? ? = ? ? ? ? ? ? ? ? ? ? 
# ? ? ? ? ? ? ? ? ? ? ? ? ? ? ? ? ? ? ? ? ? ? ? ? ? ? ? ? ? ? ? ? ? ? ? ? ? = ? ? ? ? ? ? ? ? ? 
# ? ? ? ? ? ? ? ? ? ? ? ? ? ? ? ? ? ? ? ? ? ? ? ? ? ? ? ? ? ? ? ? ? ? ? ? ? ? = ? ? ? ? ? ? ? ? 
# ? ? ? ? ? ? ? ? ? ? ? ? ? ? ? ? ? ? ? ? ? ? ? ? ? ? ? ? ? ? ? ? ? ? ? ? ? ? ? = ? ? ? ? ? ? ? 
# ? ? ? ? ? ? ? ? ? ? ? ? ? ? ? ? ? ? ? ? ? ? ? ? ? ? ? ? ? ? ? ? ? ? ? ? ? ? ? ? = ? ? ? ? ? ? 
# ? ? ? ? ? ? ? ? ? ? ? ? ? ? ? ? ? ? ? ? ? ? ? ? ? ? ? ? ? ? ? ? ? ? ? ? ? ? ? ? ? = ? ? ? ? ? 
# ? ? ? ? ? ? ? ? ? ? ? ? ? ? ? ? ? ? ? ? ? ? ? ? ? ? ? ? ? ? ? ? ? ? ? ? ? ? ? ? ? ? = ? ? ? ? 
# ? ? ? ? ? ? ? ? ? ? ? ? ? ? ? ? ? ? ? ? ? ? ? ? ? ? ? ? ? ? ? ? ? ? ? ? ? ? ? ? ? ? ? = ? ? ? 
# ? ? ? ? ? ? ? ? ? ? ? ? ? ? ? ? ? ? ? ? ? ? ? ? ? ? ? ? ? ? ? ? ? ? ? ? ? ? ? ? ? ? ? ? = ? ? 
# ? ? ? ? ? ? ? ? ? ? ? ? ? ? ? ? ? ? ? ? ? ? ? ? ? ? ? ? ? ? ? ? ? ? ? ? ? ? ? ? ? ? ? ? ? = ? 
# ? ? ? ? ? ? ? ? ? ? ? ? ? ? ? ? ? ? ? ? ? ? ? ? ? ? ? ? ? ? ? ? ? ? ? ? ? ? ? ? ? ? ? ? ? ? = 
